SEB_model/sample_data_files/historical_long/hillshade_historical_long/aprilnoon.txt
ncols         768
nrows         486
xllcorner     388353.95236715
yllcorner     7583725.4876181
cellsize      5
NODATA_value  -9999
[rows 378 to 419 of 486, columns 470 to 563 of 768]
0 0 0 0 0 0 0 0 0 0 0 0 0 0 0 80 80 80 82 82 84 84 84 85 85 86 86 86 86 86 86 87 87 87 87 87 87 87 87 87 87 87 87 87 89 89 89 89 89 89 89 89 89 89 89 89 89 90 90 92 92 92 92 92 92 93 93 93 93 93 92 92 92 92 92 91 91 91 92 92 93 93 93 93 93 93 91 91 90 90 90 91 91 91
0 0 0 0 0 0 0 0 0 0 0 0 0 0 0 80 80 80 82 82 84 84 84 85 85 86 86 86 86 86 86 87 87 87 87 87 87 87 87 87 87 87 87 87 89 89 89 89 89 89 89 89 89 89 89 89 89 90 90 92 92 92 92 92 92 93 93 93 93 93 92 92 92 92 92 91 91 91 92 92 93 93 93 93 93 93 91 91 90 90 90 91 91 91
0 0 0 0 0 0 0 0 0 0 0 0 0 0 0 80 80 80 82 82 84 84 84 85 85 86 86 86 86 86 86 87 87 87 87 87 87 87 87 87 87 87 87 87 89 89 89 89 89 89 89 89 89 89 89 89 89 90 90 92 92 92 92 92 92 93 93 93 93 93 92 92 92 92 92 91 91 91 92 92 93 93 93 93 93 93 91 91 90 90 90 91 91 91
0 0 0 0 0 0 0 0 0 0 0 0 0 0 0 0 0 0 83 83 84 84 84 84 84 85 85 85 86 86 86 88 88 89 89 89 89 89 89 89 89 89 89 89 89 89 89 89 89 89 89 89 90 90 90 90 90 90 90 90 90 90 91 91 91 92 92 93 93 93 94 94 95 95 95 95 95 95 97 97 97 97 97 95 95 95 94 94 94 94 94 95 95 94
0 0 0 0 0 0 0 0 0 0 0 0 0 0 0 0 0 0 83 83 84 84 84 84 84 85 85 85 86 86 86 88 88 89 89 89 89 89 89 89 89 89 89 89 89 89 89 89 89 89 89 89 90 90 90 90 90 90 90 90 90 90 91 91 91 92 92 93 93 93 94 94 95 95 95 95 95 95 97 97 97 97 97 95 95 95 94 94 94 94 94 95 95 94
0 0 0 0 0 0 0 0 0 0 0 0 0 0 0 0 0 0 83 83 84 84 84 84 84 85 85 85 86 86 86 88 88 89 89 89 89 89 89 89 89 89 89 89 89 89 89 89 89 89 89 89 90 90 90 90 90 90 90 90 90 90 91 91 91 92 92 93 93 93 94 94 95 95 95 95 95 95 97 97 97 97 97 95 95 95 94 94 94 94 94 95 95 94
0 0 0 0 0 0 0 0 0 0 0 0 0 0 0 0 0 0 0 0 80 80 80 82 82 84 84 84 85 85 85 87 87 88 88 88 88 88 88 88 88 87 87 87 87 87 87 87 87 87 87 87 88 88 88 88 88 88 88 88 88 88 89 89 89 91 91 92 92 92 93 93 94 94 94 94 94 94 94 94 93 93 93 93 93 93 94 94 95 95 95 95 95 94
0 0 0 0 0 0 0 0 0 0 0 0 0 0 0 0 0 0 0 0 80 80 80 82 82 84 84 84 85 85 85 87 87 88 88 88 88 88 88 88 88 87 87 87 87 87 87 87 87 87 87 87 88 88 88 88 88 88 88 88 88 88 89 89 89 91 91 92 92 92 93 93 94 94 94 94 94 94 94 94 93 93 93 93 93 93 94 94 95 95 95 95 95 94
0 0 0 0 0 0 0 0 0 0 0 0 0 0 0 0 0 0 0 0 0 0 0 0 0 83 83 83 84 84 84 86 86 87 87 87 88 88 88 88 88 87 87 87 87 87 87 87 87 88 88 88 89 89 88 88 88 88 88 89 89 89 89 89 89 91 91 92 92 92 93 93 93 93 93 93 93 93 92 92 91 91 91 93 93 93 95 95 95 95 95 95 95 95
0 0 0 0 0 0 0 0 0 0 0 0 0 0 0 0 0 0 0 0 0 0 0 0 0 83 83 83 84 84 84 86 86 87 87 87 88 88 88 88 88 87 87 87 87 87 87 87 87 88 88 88 89 89 88 88 88 88 88 89 89 89 89 89 89 91 91 92 92 92 93 93 93 93 93 93 93 93 92 92 91 91 91 93 93 93 95 95 95 95 95 95 95 95
0 0 0 0 0 0 0 0 0 0 0 0 0 0 0 0 0 0 0 0 0 0 0 0 0 83 83 83 84 84 84 86 86 87 87 87 88 88 88 88 88 87 87 87 87 87 87 87 87 88 88 88 89 89 88 88 88 88 88 89 89 89 89 89 89 91 91 92 92 92 93 93 93 93 93 93 93 93 92 92 91 91 91 93 93 93 95 95 95 95 95 95 95 95
0 0 0 0 0 0 0 0 0 0 0 0 0 0 0 0 0 0 0 0 0 0 0 0 0 0 0 0 80 80 80 83 83 85 85 85 86 86 87 87 87 87 87 87 88 88 88 88 88 87 87 87 88 88 89 89 89 89 89 90 90 90 90 90 90 91 91 92 92 92 93 93 93 93 93 93 93 93 94 94 95 95 95 95 95 95 95 95 94 94 94 94 94 95
0 0 0 0 0 0 0 0 0 0 0 0 0 0 0 0 0 0 0 0 0 0 0 0 0 0 0 0 80 80 80 83 83 85 85 85 86 86 87 87 87 87 87 87 88 88 88 88 88 87 87 87 88 88 89 89 89 89 89 90 90 90 90 90 90 91 91 92 92 92 93 93 93 93 93 93 93 93 94 94 95 95 95 95 95 95 95 95 94 94 94 94 94 95
0 0 0 0 0 0 0 0 0 0 0 0 0 0 0 0 0 0 0 0 0 0 0 0 0 0 0 0 0 0 0 77 77 79 79 79 81 81 82 82 82 82 82 82 82 82 81 81 81 81 81 81 84 84 86 86 86 87 87 87 87 87 87 87 87 88 88 90 90 90 91 91 91 91 91 92 92 92 93 93 93 93 93 92 92 92 91 91 91 91 91 91 91 92
0 0 0 0 0 0 0 0 0 0 0 0 0 0 0 0 0 0 0 0 0 0 0 0 0 0 0 0 0 0 0 77 77 79 79 79 81 81 82 82 82 82 82 82 82 82 81 81 81 81 81 81 84 84 86 86 86 87 87 87 87 87 87 87 87 88 88 90 90 90 91 91 91 91 91 92 92 92 93 93 93 93 93 92 92 92 91 91 91 91 91 91 91 92
0 0 0 0 0 0 0 0 0 0 0 0 0 0 0 0 0 0 0 0 0 0 0 0 0 0 0 0 0 0 0 77 77 79 79 79 81 81 82 82 82 82 82 82 82 82 81 81 81 81 81 81 84 84 86 86 86 87 87 87 87 87 87 87 87 88 88 90 90 90 91 91 91 91 91 92 92 92 93 93 93 93 93 92 92 92 91 91 91 91 91 91 91 92
0 0 0 0 0 0 0 0 0 0 0 0 0 0 0 0 0 0 0 0 0 0 0 0 0 0 0 0 0 0 0 77 77 79 79 79 80 80 83 83 83 83 83 83 82 82 81 81 81 82 82 82 85 85 87 87 87 88 88 88 88 88 89 89 89 90 90 91 91 91 92 92 93 93 93 94 94 94 94 94 94 94 94 93 93 93 93 93 94 94 94 93 93 93
0 0 0 0 0 0 0 0 0 0 0 0 0 0 0 0 0 0 0 0 0 0 0 0 0 0 0 0 0 0 0 77 77 79 79 79 80 80 83 83 83 83 83 83 82 82 81 81 81 82 82 82 85 85 87 87 87 88 88 88 88 88 89 89 89 90 90 91 91 91 92 92 93 93 93 94 94 94 94 94 94 94 94 93 93 93 93 93 94 94 94 93 93 93
0 0 0 0 0 0 0 0 0 0 0 0 0 0 0 0 0 0 0 0 0 0 0 0 0 0 0 0 0 0 0 77 77 79 79 79 80 80 83 83 83 83 83 83 82 82 81 81 81 82 82 82 85 85 87 87 87 88 88 88 88 88 89 89 89 90 90 91 91 91 92 92 93 93 93 94 94 94 94 94 94 94 94 93 93 93 93 93 94 94 94 93 93 93
0 0 0 0 0 0 0 0 0 0 0 0 0 0 0 0 0 0 0 0 0 0 0 0 0 0 0 0 0 0 0 0 0 72 72 72 74 74 75 75 75 77 77 77 80 80 81 81 81 81 81 81 82 82 82 82 82 85 85 87 87 87 88 88 88 89 89 90 90 90 91 91 92 92 92 92 92 92 93 93 93 93 93 93 93 93 93 93 93 93 93 92 92 91
0 0 0 0 0 0 0 0 0 0 0 0 0 0 0 0 0 0 0 0 0 0 0 0 0 0 0 0 0 0 0 0 0 72 72 72 74 74 75 75 75 77 77 77 80 80 81 81 81 81 81 81 82 82 82 82 82 85 85 87 87 87 88 88 88 89 89 90 90 90 91 91 92 92 92 92 92 92 93 93 93 93 93 93 93 93 93 93 93 93 93 92 92 91
0 0 0 0 0 0 0 0 0 0 0 0 0 0 0 0 0 0 0 0 0 0 0 0 0 0 0 0 0 0 0 0 0 0 0 0 0 0 0 0 0 73 73 73 77 77 80 80 80 79 79 79 79 79 79 79 79 81 81 84 84 84 86 86 86 87 87 88 88 88 89 89 90 90 90 90 90 90 91 91 92 92 92 91 91 91 91 91 91 91 91 91 91 92
0 0 0 0 0 0 0 0 0 0 0 0 0 0 0 0 0 0 0 0 0 0 0 0 0 0 0 0 0 0 0 0 0 0 0 0 0 0 0 0 0 73 73 73 77 77 80 80 80 79 79 79 79 79 79 79 79 81 81 84 84 84 86 86 86 87 87 88 88 88 89 89 90 90 90 90 90 90 91 91 92 92 92 91 91 91 91 91 91 91 91 91 91 92
0 0 0 0 0 0 0 0 0 0 0 0 0 0 0 0 0 0 0 0 0 0 0 0 0 0 0 0 0 0 0 0 0 0 0 0 0 0 0 0 0 73 73 73 77 77 80 80 80 79 79 79 79 79 79 79 79 81 81 84 84 84 86 86 86 87 87 88 88 88 89 89 90 90 90 90 90 90 91 91 92 92 92 91 91 91 91 91 91 91 91 91 91 92
0 0 0 0 0 0 0 0 0 0 0 0 0 0 0 0 0 0 0 0 0 0 0 0 0 0 0 0 0 0 0 0 0 0 0 0 0 0 0 0 0 0 0 0 72 72 74 74 74 75 75 75 77 77 78 78 78 79 79 81 81 81 83 83 83 85 85 87 87 87 88 88 88 88 88 89 89 89 89 89 90 90 90 90 90 90 90 90 91 91 91 92 92 92
0 0 0 0 0 0 0 0 0 0 0 0 0 0 0 0 0 0 0 0 0 0 0 0 0 0 0 0 0 0 0 0 0 0 0 0 0 0 0 0 0 0 0 0 72 72 74 74 74 75 75 75 77 77 78 78 78 79 79 81 81 81 83 83 83 85 85 87 87 87 88 88 88 88 88 89 89 89 89 89 90 90 90 90 90 90 90 90 91 91 91 92 92 92
0 0 0 0 0 0 0 0 0 0 0 0 0 0 0 0 0 0 0 0 0 0 0 0 0 0 0 0 0 0 0 0 0 0 0 0 0 0 0 0 0 0 0 0 72 72 74 74 74 75 75 75 77 77 78 78 78 79 79 81 81 81 83 83 83 85 85 87 87 87 88 88 88 88 88 89 89 89 89 89 90 90 90 90 90 90 90 90 91 91 91 92 92 92
0 0 0 0 0 0 0 0 0 0 0 0 0 0 0 0 0 0 0 0 0 0 0 0 0 0 0 0 0 0 0 0 0 0 0 0 0 0 0 0 0 0 0 0 0 0 63 63 63 66 66 66 70 70 72 72 72 73 73 74 74 74 76 76 76 80 80 82 82 82 83 83 83 83 83 84 84 84 86 86 87 87 87 87 87 87 88 88 88 88 88 87 87 86
0 0 0 0 0 0 0 0 0 0 0 0 0 0 0 0 0 0 0 0 0 0 0 0 0 0 0 0 0 0 0 0 0 0 0 0 0 0 0 0 0 0 0 0 0 0 63 63 63 66 66 66 70 70 72 72 72 73 73 74 74 74 76 76 76 80 80 82 82 82 83 83 83 83 83 84 84 84 86 86 87 87 87 87 87 87 88 88 88 88 88 87 87 86
0 0 0 0 0 0 0 0 0 0 0 0 0 0 0 0 0 0 0 0 0 0 0 0 0 0 0 0 0 0 0 0 0 0 0 0 0 0 0 0 0 0 0 0 0 0 0 0 0 66 66 66 70 70 72 72 72 74 74 76 76 76 77 77 77 80 80 82 82 82 84 84 85 85 85 86 86 86 88 88 89 89 89 89 89 89 90 90 90 90 90 90 90 89
0 0 0 0 0 0 0 0 0 0 0 0 0 0 0 0 0 0 0 0 0 0 0 0 0 0 0 0 0 0 0 0 0 0 0 0 0 0 0 0 0 0 0 0 0 0 0 0 0 66 66 66 70 70 72 72 72 74 74 76 76 76 77 77 77 80 80 82 82 82 84 84 85 85 85 86 86 86 88 88 89 89 89 89 89 89 90 90 90 90 90 90 90 89
0 0 0 0 0 0 0 0 0 0 0 0 0 0 0 0 0 0 0 0 0 0 0 0 0 0 0 0 0 0 0 0 0 0 0 0 0 0 0 0 0 0 0 0 0 0 0 0 0 66 66 66 70 70 72 72 72 74 74 76 76 76 77 77 77 80 80 82 82 82 84 84 85 85 85 86 86 86 88 88 89 89 89 89 89 89 90 90 90 90 90 90 90 89
0 0 0 0 0 0 0 0 0 0 0 0 0 0 0 0 0 0 0 0 0 0 0 0 0 0 0 0 0 0 0 0 0 0 0 0 0 0 0 0 0 0 0 0 0 0 0 0 0 0 0 0 60 60 63 63 63 68 68 71 71 71 73 73 73 76 76 79 79 79 81 81 83 83 83 84 84 84 86 86 87 87 87 87 87 87 88 88 89 89 89 89 89 89
0 0 0 0 0 0 0 0 0 0 0 0 0 0 0 0 0 0 0 0 0 0 0 0 0 0 0 0 0 0 0 0 0 0 0 0 0 0 0 0 0 0 0 0 0 0 0 0 0 0 0 0 60 60 63 63 63 68 68 71 71 71 73 73 73 76 76 79 79 79 81 81 83 83 83 84 84 84 86 86 87 87 87 87 87 87 88 88 89 89 89 89 89 89
0 0 0 0 0 0 0 0 0 0 0 0 0 0 0 0 0 0 0 0 0 0 0 0 0 0 0 0 0 0 0 0 0 0 0 0 0 0 0 0 0 0 0 0 0 0 0 0 0 0 0 0 43 43 48 48 48 54 54 59 59 59 63 63 63 66 66 70 70 70 74 74 77 77 77 78 78 78 80 80 80 80 80 81 81 81 82 82 83 83 83 84 84 85
0 0 0 0 0 0 0 0 0 0 0 0 0 0 0 0 0 0 0 0 0 0 0 0 0 0 0 0 0 0 0 0 0 0 0 0 0 0 0 0 0 0 0 0 0 0 0 0 0 0 0 0 43 43 48 48 48 54 54 59 59 59 63 63 63 66 66 70 70 70 74 74 77 77 77 78 78 78 80 80 80 80 80 81 81 81 82 82 83 83 83 84 84 85
0 0 0 0 0 0 0 0 0 0 0 0 0 0 0 0 0 0 0 0 0 0 0 0 0 0 0 0 0 0 0 0 0 0 0 0 0 0 0 0 0 0 0 0 0 0 0 0 0 0 0 0 43 43 48 48 48 54 54 59 59 59 63 63 63 66 66 70 70 70 74 74 77 77 77 78 78 78 80 80 80 80 80 81 81 81 82 82 83 83 83 84 84 85
14 14 0 0 0 0 0 0 0 0 0 0 0 0 0 0 0 0 0 0 0 0 0 0 0 0 0 0 0 0 0 0 0 0 0 0 0 0 0 0 0 0 0 0 0 0 0 0 0 0 0 0 44 44 50 50 50 55 55 60 60 60 63 63 63 67 67 71 71 71 76 76 79 79 79 81 81 81 82 82 83 83 83 84 84 84 85 85 85 85 85 86 86 87
14 14 0 0 0 0 0 0 0 0 0 0 0 0 0 0 0 0 0 0 0 0 0 0 0 0 0 0 0 0 0 0 0 0 0 0 0 0 0 0 0 0 0 0 0 0 0 0 0 0 0 0 44 44 50 50 50 55 55 60 60 60 63 63 63 67 67 71 71 71 76 76 79 79 79 81 81 81 82 82 83 83 83 84 84 84 85 85 85 85 85 86 86 87
14 14 0 0 0 0 0 0 0 0 0 0 0 0 0 0 0 0 0 0 0 0 0 0 0 0 0 0 0 0 0 0 0 0 0 0 0 0 0 0 0 0 0 0 0 0 0 0 0 0 0 0 44 44 50 50 50 55 55 60 60 60 63 63 63 67 67 71 71 71 76 76 79 79 79 81 81 81 82 82 83 83 83 84 84 84 85 85 85 85 85 86 86 87
249 249 253 253 196 196 196 53 53 53 52 52 32 32 32 0 0 0 0 0 0 0 0 0 0 0 0 0 0 0 0 0 0 0 0 0 0 0 0 0 0 0 0 0 0 0 0 0 0 0 0 0 0 0 45 45 45 52 52 57 57 57 59 59 59 62 62 65 65 65 69 69 72 72 72 74 74 74 77 77 79 79 79 80 80 80 82 82 83 83 83 84 84 84
-9999 -9999 -9999 253 196 196 196 53 53 53 52 52 32 32 32 0 0 0 0 0 0 0 0 0 0 0 0 0 0 0 0 0 0 0 0 0 0 0 0 0 0 0 0 0 0 0 0 0 0 0 0 0 0 0 45 45 45 52 52 57 57 57 59 59 59 62 62 65 65 65 69 69 72 72 72 74 74 74 77 77 79 79 79 80 80 80 82 82 83 83 83 84 84 84
