SEB_model/sample_data_files/historical_long/hillshade_historical_long/april6am.txt
ncols         768
nrows         486
xllcorner     388353.95236715
yllcorner     7583725.4876181
cellsize      5
NODATA_value  -9999
[rows 320 to 359 of 486, columns 540 to 629 of 768]
70 70 73 73 73 90 90 90 88 88 88 88 88 98 98 98 92 92 95 95 95 97 97 99 99 99 109 109 109 101 101 105 105 105 107 107 108 108 108 120 120 120 113 113 124 124 124 137 137 137 116 116 99 99 99 83 83 61 61 61 52 52 52 43 43 40 40 40 41 41 41 43 43 42 42 42 41 41 43 43 43 46 46 46 49 49 56 56 56 60
68 68 72 72 72 88 88 88 87 87 88 88 88 99 99 99 93 93 94 94 94 95 95 95 95 95 106 106 106 99 99 103 103 103 105 105 106 106 106 119 119 119 115 115 126 126 126 139 139 139 118 118 100 100 100 85 85 66 66 66 59 59 59 49 49 44 44 44 43 43 43 44 44 44 44 44 44 44 45 45 45 48 48 48 50 50 58 58 58 62
68 68 72 72 72 88 88 88 87 87 88 88 88 99 99 99 93 93 94 94 94 95 95 95 95 95 106 106 106 99 99 103 103 103 105 105 106 106 106 119 119 119 115 115 126 126 126 139 139 139 118 118 100 100 100 85 85 66 66 66 59 59 59 49 49 44 44 44 43 43 43 44 44 44 44 44 44 44 45 45 45 48 48 48 50 50 58 58 58 62
69 69 72 72 72 83 83 83 82 82 86 86 86 98 98 98 93 93 93 93 93 93 93 92 92 92 101 101 101 93 93 96 96 96 98 98 100 100 100 115 115 115 113 113 124 124 124 137 137 137 116 116 97 97 97 84 84 69 69 69 64 64 64 53 53 46 46 46 44 44 44 44 44 46 46 46 46 46 48 48 48 51 51 51 53 53 58 58 58 61
69 69 72 72 72 83 83 83 82 82 86 86 86 98 98 98 93 93 93 93 93 93 93 92 92 92 101 101 101 93 93 96 96 96 98 98 100 100 100 115 115 115 113 113 124 124 124 137 137 137 116 116 97 97 97 84 84 69 69 69 64 64 64 53 53 46 46 46 44 44 44 44 44 46 46 46 46 46 48 48 48 51 51 51 53 53 58 58 58 61
69 69 72 72 72 83 83 83 82 82 86 86 86 98 98 98 93 93 93 93 93 93 93 92 92 92 101 101 101 93 93 96 96 96 98 98 100 100 100 115 115 115 113 113 124 124 124 137 137 137 116 116 97 97 97 84 84 69 69 69 64 64 64 53 53 46 46 46 44 44 44 44 44 46 46 46 46 46 48 48 48 51 51 51 53 53 58 58 58 61
72 72 72 72 72 79 79 79 76 76 82 82 82 97 97 97 93 93 93 93 93 91 91 90 90 90 98 98 98 89 89 90 90 90 91 91 93 93 93 113 113 113 116 116 127 127 127 142 142 142 119 119 97 97 97 85 85 74 74 74 69 69 69 56 56 49 49 49 48 48 48 48 48 50 50 50 50 50 51 51 51 56 56 56 56 56 59 59 59 61
72 72 72 72 72 79 79 79 76 76 82 82 82 97 97 97 93 93 93 93 93 91 91 90 90 90 98 98 98 89 89 90 90 90 91 91 93 93 93 113 113 113 116 116 127 127 127 142 142 142 119 119 97 97 97 85 85 74 74 74 69 69 69 56 56 49 49 49 48 48 48 48 48 50 50 50 50 50 51 51 51 56 56 56 56 56 59 59 59 61
72 72 72 72 72 79 79 79 76 76 82 82 82 97 97 97 93 93 93 93 93 91 91 90 90 90 98 98 98 89 89 90 90 90 91 91 93 93 93 113 113 113 116 116 127 127 127 142 142 142 119 119 97 97 97 85 85 74 74 74 69 69 69 56 56 49 49 49 48 48 48 48 48 50 50 50 50 50 51 51 51 56 56 56 56 56 59 59 59 61
74 74 72 72 72 77 77 77 74 74 79 79 79 95 95 95 91 91 90 90 90 88 88 88 88 88 94 94 94 84 84 84 84 84 84 84 84 84 84 107 107 107 116 116 127 127 127 140 140 140 117 117 96 96 96 86 86 77 77 77 74 74 74 59 59 51 51 51 51 51 51 51 51 53 53 53 51 51 53 53 53 59 59 59 58 58 60 60 60 62
74 74 72 72 72 77 77 77 74 74 79 79 79 95 95 95 91 91 90 90 90 88 88 88 88 88 94 94 94 84 84 84 84 84 84 84 84 84 84 107 107 107 116 116 127 127 127 140 140 140 117 117 96 96 96 86 86 77 77 77 74 74 74 59 59 51 51 51 51 51 51 51 51 53 53 53 51 51 53 53 53 59 59 59 58 58 60 60 60 62
77 77 72 72 72 77 77 77 75 75 78 78 78 92 92 92 87 87 84 84 84 84 84 86 86 86 90 90 90 78 78 79 79 79 79 79 79 79 79 101 101 101 109 109 120 120 120 133 133 133 114 114 99 99 99 91 91 83 83 83 80 80 80 63 63 55 55 55 53 53 53 51 51 52 52 52 51 51 55 55 55 63 63 63 62 62 63 63 63 65
77 77 72 72 72 77 77 77 75 75 78 78 78 92 92 92 87 87 84 84 84 84 84 86 86 86 90 90 90 78 78 79 79 79 79 79 79 79 79 101 101 101 109 109 120 120 120 133 133 133 114 114 99 99 99 91 91 83 83 83 80 80 80 63 63 55 55 55 53 53 53 51 51 52 52 52 51 51 55 55 55 63 63 63 62 62 63 63 63 65
77 77 72 72 72 77 77 77 75 75 78 78 78 92 92 92 87 87 84 84 84 84 84 86 86 86 90 90 90 78 78 79 79 79 79 79 79 79 79 101 101 101 109 109 120 120 120 133 133 133 114 114 99 99 99 91 91 83 83 83 80 80 80 63 63 55 55 55 53 53 53 51 51 52 52 52 51 51 55 55 55 63 63 63 62 62 63 63 63 65
78 78 74 74 74 80 80 80 77 77 78 78 78 88 88 88 83 83 80 80 80 80 80 80 80 80 85 85 85 76 76 76 76 76 77 77 78 78 78 94 94 94 98 98 109 109 109 124 124 124 111 111 105 105 105 99 99 90 90 90 86 86 86 67 67 58 58 58 55 55 55 52 52 52 52 52 50 50 56 56 56 67 67 67 67 67 68 68 68 69
78 78 74 74 74 80 80 80 77 77 78 78 78 88 88 88 83 83 80 80 80 80 80 80 80 80 85 85 85 76 76 76 76 76 77 77 78 78 78 94 94 94 98 98 109 109 109 124 124 124 111 111 105 105 105 99 99 90 90 90 86 86 86 67 67 58 58 58 55 55 55 52 52 52 52 52 50 50 56 56 56 67 67 67 67 67 68 68 68 69
79 79 78 78 78 84 84 84 78 78 76 76 76 82 82 82 79 79 81 81 81 76 76 69 69 69 80 80 80 78 78 75 75 75 75 75 76 76 76 87 87 87 87 87 93 93 93 109 109 109 106 106 108 108 108 104 104 95 95 95 91 91 91 71 71 61 61 61 58 58 58 54 54 53 53 53 49 49 57 57 57 71 71 71 71 71 71 71 71 71
79 79 78 78 78 84 84 84 78 78 76 76 76 82 82 82 79 79 81 81 81 76 76 69 69 69 80 80 80 78 78 75 75 75 75 75 76 76 76 87 87 87 87 87 93 93 93 109 109 109 106 106 108 108 108 104 104 95 95 95 91 91 91 71 71 61 61 61 58 58 58 54 54 53 53 53 49 49 57 57 57 71 71 71 71 71 71 71 71 71
79 79 78 78 78 84 84 84 78 78 76 76 76 82 82 82 79 79 81 81 81 76 76 69 69 69 80 80 80 78 78 75 75 75 75 75 76 76 76 87 87 87 87 87 93 93 93 109 109 109 106 106 108 108 108 104 104 95 95 95 91 91 91 71 71 61 61 61 58 58 58 54 54 53 53 53 49 49 57 57 57 71 71 71 71 71 71 71 71 71
81 81 81 81 81 86 86 86 78 78 75 75 75 78 78 78 76 76 80 80 80 73 73 64 64 64 79 79 79 78 78 73 73 73 73 73 74 74 74 84 84 84 79 79 79 79 79 96 96 96 103 103 114 114 114 111 111 100 100 100 97 97 97 76 76 65 65 65 61 61 61 56 56 56 56 56 52 52 59 59 59 73 73 73 73 73 73 73 73 72
81 81 81 81 81 86 86 86 78 78 75 75 75 78 78 78 76 76 80 80 80 73 73 64 64 64 79 79 79 78 78 73 73 73 73 73 74 74 74 84 84 84 79 79 79 79 79 96 96 96 103 103 114 114 114 111 111 100 100 100 97 97 97 76 76 65 65 65 61 61 61 56 56 56 56 56 52 52 59 59 59 73 73 73 73 73 73 73 73 72
81 81 81 81 81 86 86 86 78 78 75 75 75 78 78 78 76 76 80 80 80 73 73 64 64 64 79 79 79 78 78 73 73 73 73 73 74 74 74 84 84 84 79 79 79 79 79 96 96 96 103 103 114 114 114 111 111 100 100 100 97 97 97 76 76 65 65 65 61 61 61 56 56 56 56 56 52 52 59 59 59 73 73 73 73 73 73 73 73 72
84 84 81 81 81 87 87 87 78 78 74 74 74 77 77 77 73 73 75 75 75 71 71 70 70 70 82 82 82 74 74 68 68 68 70 70 76 76 76 84 84 84 76 76 74 74 74 88 88 88 97 97 113 113 113 112 112 100 100 100 98 98 98 79 79 68 68 68 64 64 64 59 59 59 59 59 57 57 61 61 61 72 72 72 71 71 72 72 72 71
84 84 81 81 81 87 87 87 78 78 74 74 74 77 77 77 73 73 75 75 75 71 71 70 70 70 82 82 82 74 74 68 68 68 70 70 76 76 76 84 84 84 76 76 74 74 74 88 88 88 97 97 113 113 113 112 112 100 100 100 98 98 98 79 79 68 68 68 64 64 64 59 59 59 59 59 57 57 61 61 61 72 72 72 71 71 72 72 72 71
88 88 80 80 80 85 85 85 78 78 75 75 75 77 77 77 70 70 69 69 69 69 69 76 76 76 85 85 85 69 69 62 62 62 71 71 80 80 80 88 88 88 78 78 75 75 75 86 86 86 90 90 105 105 105 106 106 98 98 98 96 96 96 79 79 70 70 70 66 66 66 61 61 63 63 63 60 60 62 62 62 70 70 70 68 68 69 69 69 68
88 88 80 80 80 85 85 85 78 78 75 75 75 77 77 77 70 70 69 69 69 69 69 76 76 76 85 85 85 69 69 62 62 62 71 71 80 80 80 88 88 88 78 78 75 75 75 86 86 86 90 90 105 105 105 106 106 98 98 98 96 96 96 79 79 70 70 70 66 66 66 61 61 63 63 63 60 60 62 62 62 70 70 70 68 68 69 69 69 68
88 88 80 80 80 85 85 85 78 78 75 75 75 77 77 77 70 70 69 69 69 69 69 76 76 76 85 85 85 69 69 62 62 62 71 71 80 80 80 88 88 88 78 78 75 75 75 86 86 86 90 90 105 105 105 106 106 98 98 98 96 96 96 79 79 70 70 70 66 66 66 61 61 63 63 63 60 60 62 62 62 70 70 70 68 68 69 69 69 68
94 94 80 80 80 84 84 84 77 77 75 75 75 77 77 77 69 69 67 67 67 68 68 73 73 73 82 82 82 68 68 68 68 68 75 75 79 79 79 90 90 90 83 83 80 80 80 87 87 87 83 83 91 91 91 96 96 96 96 96 92 92 92 73 73 74 74 74 72 72 72 64 64 65 65 65 61 61 63 63 63 70 70 70 67 67 67 67 67 66
94 94 80 80 80 84 84 84 77 77 75 75 75 77 77 77 69 69 67 67 67 68 68 73 73 73 82 82 82 68 68 68 68 68 75 75 79 79 79 90 90 90 83 83 80 80 80 87 87 87 83 83 91 91 91 96 96 96 96 96 92 92 92 73 73 74 74 74 72 72 72 64 64 65 65 65 61 61 63 63 63 70 70 70 67 67 67 67 67 66
94 94 80 80 80 84 84 84 77 77 75 75 75 77 77 77 69 69 67 67 67 68 68 73 73 73 82 82 82 68 68 68 68 68 75 75 79 79 79 90 90 90 83 83 80 80 80 87 87 87 83 83 91 91 91 96 96 96 96 96 92 92 92 73 73 74 74 74 72 72 72 64 64 65 65 65 61 61 63 63 63 70 70 70 67 67 67 67 67 66
96 96 85 85 85 85 85 85 76 76 74 74 74 77 77 77 69 69 68 68 68 67 67 68 68 68 75 75 75 70 70 76 76 76 80 80 79 79 79 91 91 91 87 87 85 85 85 88 88 88 79 79 81 81 81 83 83 90 90 90 85 85 85 66 66 82 82 82 82 82 82 66 66 66 66 66 61 61 63 63 63 69 69 69 66 66 66 66 66 64
96 96 85 85 85 85 85 85 76 76 74 74 74 77 77 77 69 69 68 68 68 67 67 68 68 68 75 75 75 70 70 76 76 76 80 80 79 79 79 91 91 91 87 87 85 85 85 88 88 88 79 79 81 81 81 83 83 90 90 90 85 85 85 66 66 82 82 82 82 82 82 66 66 66 66 66 61 61 63 63 63 69 69 69 66 66 66 66 66 64
92 92 89 89 89 89 89 89 76 76 73 73 73 77 77 77 69 69 68 68 68 66 66 65 65 65 72 72 72 69 69 77 77 77 82 82 84 84 84 94 94 94 86 86 87 87 87 89 89 89 75 75 73 73 73 75 75 80 80 80 79 79 79 71 71 88 88 88 87 87 87 68 68 66 66 66 61 61 63 63 63 69 69 69 65 65 63 63 63 62
92 92 89 89 89 89 89 89 76 76 73 73 73 77 77 77 69 69 68 68 68 66 66 65 65 65 72 72 72 69 69 77 77 77 82 82 84 84 84 94 94 94 86 86 87 87 87 89 89 89 75 75 73 73 73 75 75 80 80 80 79 79 79 71 71 88 88 88 87 87 87 68 68 66 66 66 61 61 63 63 63 69 69 69 65 65 63 63 63 62
92 92 89 89 89 89 89 89 76 76 73 73 73 77 77 77 69 69 68 68 68 66 66 65 65 65 72 72 72 69 69 77 77 77 82 82 84 84 84 94 94 94 86 86 87 87 87 89 89 89 75 75 73 73 73 75 75 80 80 80 79 79 79 71 71 88 88 88 87 87 87 68 68 66 66 66 61 61 63 63 63 69 69 69 65 65 63 63 63 62
86 86 90 90 90 94 94 94 78 78 73 73 73 76 76 76 69 69 67 67 67 66 66 66 66 66 73 73 73 69 69 75 75 75 80 80 91 91 91 98 98 98 84 84 85 85 85 88 88 88 72 72 67 67 67 70 70 73 73 73 78 78 78 77 77 87 87 87 83 83 83 70 70 70 70 70 63 63 62 62 62 67 67 67 63 63 61 61 61 60
86 86 90 90 90 94 94 94 78 78 73 73 73 76 76 76 69 69 67 67 67 66 66 66 66 66 73 73 73 69 69 75 75 75 80 80 91 91 91 98 98 98 84 84 85 85 85 88 88 88 72 72 67 67 67 70 70 73 73 73 78 78 78 77 77 87 87 87 83 83 83 70 70 70 70 70 63 63 62 62 62 67 67 67 63 63 61 61 61 60
83 83 88 88 88 94 94 94 80 80 75 75 75 77 77 77 69 69 66 66 66 66 66 67 67 67 74 74 74 72 72 73 73 73 81 81 93 93 93 96 96 96 80 80 81 81 81 85 85 85 72 72 65 65 65 66 66 68 68 68 76 76 76 75 75 81 81 81 80 80 80 73 73 74 74 74 67 67 63 63 63 64 64 64 59 59 58 58 58 58
83 83 88 88 88 94 94 94 80 80 75 75 75 77 77 77 69 69 66 66 66 66 66 67 67 67 74 74 74 72 72 73 73 73 81 81 93 93 93 96 96 96 80 80 81 81 81 85 85 85 72 72 65 65 65 66 66 68 68 68 76 76 76 75 75 81 81 81 80 80 80 73 73 74 74 74 67 67 63 63 63 64 64 64 59 59 58 58 58 58
83 83 88 88 88 94 94 94 80 80 75 75 75 77 77 77 69 69 66 66 66 66 66 67 67 67 74 74 74 72 72 73 73 73 81 81 93 93 93 96 96 96 80 80 81 81 81 85 85 85 72 72 65 65 65 66 66 68 68 68 76 76 76 75 75 81 81 81 80 80 80 73 73 74 74 74 67 67 63 63 63 64 64 64 59 59 58 58 58 58
