SEB_model/sample_data_files/historical_long/hillshade_historical_long/april6pm.txt
ncols         768
nrows         486
xllcorner     388353.95236715
yllcorner     7583725.4876181
cellsize      5
NODATA_value  -9999
[rows 270 to 314 of 486, columns 192 to 287 of 768]
0 0 0 0 0 0 0 0 0 0 0 0 0 0 0 0 0 0 0 0 0 0 0 0 0 0 0 0 0 0 0 0 0 0 0 0 0 0 0 0 0 0 0 0 0 0 0 0 0 0 0 0 0 0 0 0 0 0 0 0 0 0 0 0 0 0 0 0 0 0 0 0 0 0 0 0 0 0 0 0 0 0 0 0 0 0 0 0 0 0 0 0 0 0 0 0
0 0 0 0 0 0 0 0 0 0 0 0 0 0 0 0 0 0 0 0 0 0 0 0 0 0 0 0 0 0 0 0 0 0 0 0 0 0 0 0 0 0 0 0 0 0 0 0 0 0 0 0 0 0 0 0 0 0 0 0 0 0 0 0 0 0 0 0 0 0 0 0 0 0 0 0 0 0 0 0 0 0 0 0 0 0 0 0 0 0 0 0 0 0 0 0
0 0 0 0 0 0 0 0 0 0 0 0 0 0 0 0 0 0 0 0 0 0 0 0 0 0 0 0 0 0 0 0 0 0 0 0 0 0 0 0 0 0 0 0 0 0 0 0 0 0 0 0 0 0 0 0 0 0 0 0 0 0 0 0 0 0 0 0 0 0 0 0 0 0 0 0 0 0 0 0 0 0 0 0 0 0 0 0 0 0 0 0 0 0 0 0
0 0 0 0 0 0 0 0 0 0 0 0 0 0 0 0 0 0 0 0 0 0 0 0 0 0 0 0 0 0 0 0 0 0 0 0 0 0 0 0 0 0 0 0 0 0 0 0 0 0 0 0 0 0 0 0 0 0 0 0 0 0 0 0 0 0 0 0 0 0 0 0 0 0 0 0 0 0 0 0 0 0 0 0 0 0 0 0 0 0 0 0 0 0 0 0
0 0 0 0 0 0 0 0 0 0 0 0 0 0 0 0 0 0 0 0 0 0 0 0 0 0 0 0 0 0 0 0 0 0 0 0 0 0 0 0 0 0 0 0 0 0 0 0 0 0 0 0 0 0 0 0 0 0 0 0 0 0 0 0 0 0 0 0 0 0 0 0 0 0 0 0 0 0 0 0 0 43 43 43 38 38 34 34 34 31 31 30 30 30 30 30
0 0 0 0 0 0 0 0 0 0 0 0 0 0 0 0 0 0 0 0 0 0 0 0 0 0 0 0 0 0 0 0 0 0 0 0 0 0 0 0 0 0 0 0 0 0 0 0 0 0 0 0 0 0 0 0 0 0 0 0 0 0 0 0 0 0 0 0 0 0 0 0 0 0 0 0 0 0 0 0 0 43 43 43 38 38 34 34 34 31 31 30 30 30 30 30
0 0 0 0 0 0 0 0 0 0 0 0 0 0 0 0 0 0 0 0 0 0 0 0 0 0 0 0 0 0 0 0 0 0 0 0 0 0 0 0 0 0 0 0 0 0 0 0 0 0 0 0 0 0 0 0 0 0 0 0 0 0 0 0 0 0 0 0 0 0 0 0 0 57 57 57 57 57 54 54 54 49 49 49 44 44 38 38 38 34 34 31 31 31 31 31
0 0 0 0 0 0 0 0 0 0 0 0 0 0 0 0 0 0 0 0 0 0 0 0 0 0 0 0 0 0 0 0 0 0 0 0 0 0 0 0 0 0 0 0 0 0 0 0 0 0 0 0 0 0 0 0 0 0 0 0 0 0 0 0 0 0 0 0 0 0 0 0 0 57 57 57 57 57 54 54 54 49 49 49 44 44 38 38 38 34 34 31 31 31 31 31
0 0 0 0 0 0 0 0 0 0 0 0 0 0 0 0 0 0 0 0 0 0 0 0 0 0 0 0 0 0 0 0 0 0 0 0 0 0 0 0 0 0 0 0 0 0 0 0 0 0 0 0 0 0 0 0 0 0 0 0 0 0 0 0 0 0 0 0 0 0 0 0 0 57 57 57 57 57 54 54 54 49 49 49 44 44 38 38 38 34 34 31 31 31 31 31
0 0 0 0 0 0 0 0 0 0 0 0 0 0 0 0 0 0 0 0 0 0 0 0 0 0 0 0 0 0 0 0 0 0 0 0 0 0 0 0 0 0 0 0 0 0 0 0 0 0 0 0 0 0 0 0 0 0 0 0 0 0 0 0 0 0 0 0 68 68 60 60 60 62 62 62 65 65 61 61 61 55 55 55 49 49 42 42 42 36 36 33 33 33 31 31
0 0 0 0 0 0 0 0 0 0 0 0 0 0 0 0 0 0 0 0 0 0 0 0 0 0 0 0 0 0 0 0 0 0 0 0 0 0 0 0 0 0 0 0 0 0 0 0 0 0 0 0 0 0 0 0 0 0 0 0 0 0 0 0 0 0 0 0 68 68 60 60 60 62 62 62 65 65 61 61 61 55 55 55 49 49 42 42 42 36 36 33 33 33 31 31
0 0 0 0 0 0 0 0 0 0 0 0 0 0 0 0 0 0 0 0 0 0 0 0 0 0 0 0 0 0 0 0 0 0 0 0 0 0 0 0 0 0 0 0 0 0 0 0 0 0 0 0 0 0 0 0 0 0 0 0 0 0 0 0 0 0 0 0 68 68 60 60 60 62 62 62 65 65 61 61 61 55 55 55 49 49 42 42 42 36 36 33 33 33 31 31
0 0 0 0 0 0 0 0 0 0 0 0 0 0 0 0 0 0 0 0 0 0 0 0 0 0 0 0 0 0 0 0 0 0 0 0 0 0 0 0 0 0 0 0 0 0 0 0 0 0 0 0 0 0 0 0 0 0 0 0 0 0 0 78 78 81 81 81 66 66 62 62 62 68 68 68 73 73 68 68 68 60 60 60 53 53 44 44 44 38 38 34 34 34 33 33
0 0 0 0 0 0 0 0 0 0 0 0 0 0 0 0 0 0 0 0 0 0 0 0 0 0 0 0 0 0 0 0 0 0 0 0 0 0 0 0 0 0 0 0 0 0 0 0 0 0 0 0 0 0 0 0 0 0 0 0 0 0 0 78 78 81 81 81 66 66 62 62 62 68 68 68 73 73 68 68 68 60 60 60 53 53 44 44 44 38 38 34 34 34 33 33
0 0 0 0 0 0 0 0 0 0 0 0 0 0 0 0 0 0 0 0 0 0 0 0 0 0 0 0 0 0 0 0 0 0 0 0 0 0 0 0 0 0 0 0 0 0 0 0 0 0 0 0 0 0 0 0 0 59 59 59 70 70 70 84 84 78 78 78 66 66 67 67 67 76 76 76 80 80 74 74 74 65 65 65 57 57 47 47 47 39 39 34 34 34 33 33
0 0 0 0 0 0 0 0 0 0 0 0 0 0 0 0 0 0 0 0 0 0 0 0 0 0 0 0 0 0 0 0 0 0 0 0 0 0 0 0 0 0 0 0 0 0 0 0 0 0 0 0 0 0 0 0 0 59 59 59 70 70 70 84 84 78 78 78 66 66 67 67 67 76 76 76 80 80 74 74 74 65 65 65 57 57 47 47 47 39 39 34 34 34 33 33
0 0 0 0 0 0 0 0 0 0 0 0 0 0 0 0 0 0 0 0 0 0 0 0 0 0 0 0 0 0 0 0 0 0 0 0 0 0 0 0 0 0 0 0 0 0 0 0 0 0 0 0 0 0 0 0 0 59 59 59 70 70 70 84 84 78 78 78 66 66 67 67 67 76 76 76 80 80 74 74 74 65 65 65 57 57 47 47 47 39 39 34 34 34 33 33
0 0 0 0 0 0 0 0 0 0 0 0 0 0 0 0 0 0 0 0 0 0 0 0 0 0 0 0 0 0 0 0 0 0 0 0 0 0 0 0 0 0 0 0 0 0 0 0 0 0 0 0 59 59 59 59 59 68 68 68 82 82 82 87 87 77 77 77 69 69 73 73 73 82 82 82 86 86 81 81 81 71 71 71 61 61 48 48 48 38 38 33 33 33 33 33
0 0 0 0 0 0 0 0 0 0 0 0 0 0 0 0 0 0 0 0 0 0 0 0 0 0 0 0 0 0 0 0 0 0 0 0 0 0 0 0 0 0 0 0 0 0 0 0 0 0 0 0 59 59 59 59 59 68 68 68 82 82 82 87 87 77 77 77 69 69 73 73 73 82 82 82 86 86 81 81 81 71 71 71 61 61 48 48 48 38 38 33 33 33 33 33
0 0 0 0 0 0 0 0 0 0 0 0 0 0 0 0 0 0 0 0 0 0 0 0 0 0 0 0 0 0 0 0 0 0 0 0 0 0 0 0 0 0 0 0 0 0 0 0 0 0 64 64 64 64 64 62 62 76 76 76 88 88 88 86 86 78 78 78 74 74 78 78 78 86 86 86 89 89 86 86 86 77 77 77 65 65 50 50 50 38 38 32 32 32 32 32
0 0 0 0 0 0 0 0 0 0 0 0 0 0 0 0 0 0 0 0 0 0 0 0 0 0 0 0 0 0 0 0 0 0 0 0 0 0 0 0 0 0 0 0 0 0 0 0 0 0 64 64 64 64 64 62 62 76 76 76 88 88 88 86 86 78 78 78 74 74 78 78 78 86 86 86 89 89 86 86 86 77 77 77 65 65 50 50 50 38 38 32 32 32 32 32
0 0 0 0 0 0 0 0 0 0 0 0 0 0 0 0 0 0 0 0 0 0 0 0 0 0 0 0 0 0 0 0 0 0 0 0 0 0 0 0 0 0 0 0 0 0 0 0 0 0 64 64 64 64 64 62 62 76 76 76 88 88 88 86 86 78 78 78 74 74 78 78 78 86 86 86 89 89 86 86 86 77 77 77 65 65 50 50 50 38 38 32 32 32 32 32
0 0 0 0 0 0 0 0 0 0 0 0 0 0 0 0 0 0 0 0 0 0 0 0 0 0 0 0 0 0 0 0 0 0 0 0 0 0 0 0 0 0 0 0 62 62 62 67 67 67 71 71 70 70 70 71 71 81 81 81 86 86 86 84 84 81 81 81 79 79 82 82 82 88 88 88 91 91 88 88 88 80 80 80 67 67 52 52 52 38 38 32 32 32 31 31
0 0 0 0 0 0 0 0 0 0 0 0 0 0 0 0 0 0 0 0 0 0 0 0 0 0 0 0 0 0 0 0 0 0 0 0 0 0 0 0 0 0 0 0 62 62 62 67 67 67 71 71 70 70 70 71 71 81 81 81 86 86 86 84 84 81 81 81 79 79 82 82 82 88 88 88 91 91 88 88 88 80 80 80 67 67 52 52 52 38 38 32 32 32 31 31
0 0 0 0 0 0 0 0 0 0 0 0 0 0 0 0 0 0 0 0 0 0 0 0 0 0 0 0 0 0 0 0 0 0 0 0 0 0 0 0 0 0 0 0 62 62 62 67 67 67 71 71 70 70 70 71 71 81 81 81 86 86 86 84 84 81 81 81 79 79 82 82 82 88 88 88 91 91 88 88 88 80 80 80 67 67 52 52 52 38 38 32 32 32 31 31
0 0 0 0 0 0 0 0 0 0 0 0 0 0 0 0 0 0 0 0 0 0 0 0 0 0 0 0 0 0 0 0 0 0 27 27 25 25 25 27 27 27 48 48 63 63 63 68 68 68 73 73 79 79 79 86 86 88 88 88 85 85 85 84 84 84 84 84 82 82 84 84 84 88 88 88 90 90 88 88 88 80 80 80 68 68 54 54 54 41 41 34 34 34 32 32
0 0 0 0 0 0 0 0 0 0 0 0 0 0 0 0 0 0 0 0 0 0 0 0 0 0 0 0 0 0 0 0 0 0 27 27 25 25 25 27 27 27 48 48 63 63 63 68 68 68 73 73 79 79 79 86 86 88 88 88 85 85 85 84 84 84 84 84 82 82 84 84 84 88 88 88 90 90 88 88 88 80 80 80 68 68 54 54 54 41 41 34 34 34 32 32
0 0 0 0 0 0 0 0 0 0 0 0 0 0 0 0 0 0 0 0 0 0 0 15 15 15 15 15 15 28 28 33 33 33 34 34 36 36 36 40 40 40 54 54 62 62 62 66 66 66 74 74 90 90 90 100 100 94 94 94 88 88 88 86 86 86 86 86 85 85 85 85 85 87 87 87 88 88 86 86 86 78 78 78 68 68 56 56 56 44 44 37 37 37 35 35
0 0 0 0 0 0 0 0 0 0 0 0 0 0 0 0 0 0 0 0 0 0 0 15 15 15 15 15 15 28 28 33 33 33 34 34 36 36 36 40 40 40 54 54 62 62 62 66 66 66 74 74 90 90 90 100 100 94 94 94 88 88 88 86 86 86 86 86 85 85 85 85 85 87 87 87 88 88 86 86 86 78 78 78 68 68 56 56 56 44 44 37 37 37 35 35
0 0 0 0 0 0 0 0 0 0 0 0 0 0 0 0 0 0 0 0 0 0 0 15 15 15 15 15 15 28 28 33 33 33 34 34 36 36 36 40 40 40 54 54 62 62 62 66 66 66 74 74 90 90 90 100 100 94 94 94 88 88 88 86 86 86 86 86 85 85 85 85 85 87 87 87 88 88 86 86 86 78 78 78 68 68 56 56 56 44 44 37 37 37 35 -9999
0 0 0 0 0 0 0 0 0 0 0 0 0 0 0 0 0 0 23 23 23 21 21 19 19 19 21 21 21 32 32 37 37 37 42 42 46 46 46 48 48 48 56 56 61 61 61 64 64 64 76 76 98 98 98 109 109 102 102 102 95 95 95 90 90 87 87 87 86 86 86 86 86 87 87 87 86 86 83 83 83 76 76 76 68 68 58 58 58 50 50 42 42 -9999 -9999 -9999
0 0 0 0 0 0 0 0 0 0 0 0 0 0 0 0 0 0 23 23 23 21 21 19 19 19 21 21 21 32 32 37 37 37 42 42 46 46 46 48 48 48 56 56 61 61 61 64 64 64 76 76 98 98 98 109 109 102 102 102 95 95 95 90 90 87 87 87 86 86 86 86 86 87 87 87 86 86 83 83 83 76 76 76 68 68 58 58 58 50 50 42 -9999 -9999 -9999 -9999
0 0 7 7 7 0 0 0 15 15 18 18 18 13 13 13 21 21 24 24 24 24 24 23 23 23 24 24 24 36 36 44 44 44 49 49 53 53 53 55 55 55 59 59 62 62 62 65 65 65 79 79 99 99 99 112 112 110 110 110 102 102 102 94 94 89 89 89 88 88 88 88 88 88 88 88 86 86 82 82 82 75 75 75 69 69 59 59 59 53 53 -9999 -9999 -9999 -9999 -9999
0 0 7 7 7 0 0 0 15 15 18 18 18 13 13 13 21 21 24 24 24 24 24 23 23 23 24 24 24 36 36 44 44 44 49 49 53 53 53 55 55 55 59 59 62 62 62 65 65 65 79 79 99 99 99 112 112 110 110 110 102 102 102 94 94 89 89 89 88 88 88 88 88 88 88 88 86 86 82 82 82 75 75 75 69 69 59 59 59 53 -9999 -9999 -9999 -9999 -9999 -9999
0 0 7 7 7 0 0 0 15 15 18 18 18 13 13 13 21 21 24 24 24 24 24 23 23 23 24 24 24 36 36 44 44 44 49 49 53 53 53 55 55 55 59 59 62 62 62 65 65 65 79 79 99 99 99 112 112 110 110 110 102 102 102 94 94 89 89 89 88 88 88 88 88 88 88 88 86 86 82 82 82 75 75 75 69 69 59 59 59 -9999 -9999 -9999 -9999 -9999 -9999 -9999
7 7 8 8 8 6 6 6 15 15 15 15 15 10 10 10 21 21 25 25 25 25 25 22 22 22 21 21 21 36 36 49 49 49 56 56 60 60 60 61 61 61 63 63 64 64 64 67 67 67 81 81 99 99 99 112 112 112 112 112 106 106 106 98 98 94 94 94 94 94 93 93 93 90 90 90 86 86 81 81 81 77 77 77 71 71 56 56 -9999 -9999 -9999 -9999 -9999 -9999 -9999 -9999
7 7 8 8 8 6 6 6 15 15 15 15 15 10 10 10 21 21 25 25 25 25 25 22 22 22 21 21 21 36 36 49 49 49 56 56 60 60 60 61 61 61 63 63 64 64 64 67 67 67 81 81 99 99 99 112 112 112 112 112 106 106 106 98 98 94 94 94 94 94 93 93 93 90 90 90 86 86 81 81 81 77 77 77 71 71 -9999 -9999 -9999 -9999 -9999 -9999 -9999 -9999 -9999 -9999
7 7 8 8 8 6 6 6 15 15 15 15 15 10 10 10 21 21 25 25 25 25 25 22 22 22 21 21 21 36 36 49 49 49 56 56 60 60 60 61 61 61 63 63 64 64 64 67 67 67 81 81 99 99 99 112 112 112 112 112 106 106 106 98 98 94 94 94 94 94 93 93 93 90 90 90 86 86 81 81 81 -9999 -9999 -9999 -9999 -9999 -9999 -9999 -9999 -9999 -9999 -9999 -9999 -9999 -9999 -9999
9 9 10 10 10 5 5 5 0 0 13 13 13 11 11 11 23 23 28 28 28 28 28 24 24 24 20 20 20 32 32 50 50 50 64 64 70 70 70 71 71 71 68 68 66 66 66 70 70 70 83 83 100 100 100 110 110 110 110 110 105 105 105 101 101 101 101 101 103 103 99 99 99 92 92 92 86 86 80 -9999 -9999 -9999 -9999 -9999 -9999 -9999 -9999 -9999 -9999 -9999 -9999 -9999 -9999 -9999 -9999 -9999
9 9 10 10 10 5 5 5 0 0 13 13 13 11 11 11 23 23 28 28 28 28 28 24 24 24 20 20 20 32 32 50 50 50 64 64 70 70 70 71 71 71 68 68 66 66 66 70 70 70 83 83 100 100 100 110 110 110 110 110 105 105 105 101 101 101 101 101 103 103 99 99 99 92 92 92 86 86 80 -9999 -9999 -9999 -9999 -9999 -9999 -9999 -9999 -9999 -9999 -9999 -9999 -9999 -9999 -9999 -9999 -9999
13 13 10 10 10 1 1 1 0 0 12 12 12 13 13 13 25 25 31 31 31 32 32 29 29 29 23 23 23 30 30 47 47 47 66 66 77 77 77 80 80 80 76 76 71 71 71 74 74 74 83 83 99 99 99 110 110 108 108 108 104 104 104 104 104 107 107 107 110 110 104 104 104 93 93 93 85 85 80 -9999 -9999 -9999 -9999 -9999 -9999 -9999 -9999 -9999 -9999 -9999 -9999 -9999 -9999 -9999 -9999 -9999
13 13 10 10 10 1 1 1 0 0 12 12 12 13 13 13 25 25 31 31 31 32 32 29 29 29 23 23 23 30 30 47 47 47 66 66 77 77 77 80 80 80 76 76 71 71 71 74 74 74 83 83 99 99 99 110 110 108 108 108 104 104 104 104 104 107 107 107 110 110 104 104 104 93 93 93 85 85 80 80 -9999 -9999 -9999 -9999 -9999 -9999 -9999 -9999 -9999 -9999 -9999 -9999 -9999 -9999 -9999 -9999
13 13 10 10 10 1 1 1 0 0 12 12 12 13 13 13 25 25 31 31 31 32 32 29 29 29 23 23 23 30 30 47 47 47 66 66 77 77 77 80 80 80 76 76 71 71 71 74 74 74 83 83 99 99 99 110 110 108 108 108 104 104 104 104 104 107 107 107 110 110 104 104 104 93 93 93 85 85 80 80 -9999 -9999 -9999 -9999 -9999 -9999 -9999 -9999 -9999 -9999 -9999 -9999 -9999 -9999 -9999 -9999
15 15 9 9 9 0 0 0 0 0 12 12 12 13 13 13 25 25 33 33 33 35 35 36 36 36 37 37 37 40 40 46 46 46 59 59 76 76 76 86 86 86 85 85 78 78 78 78 78 78 83 83 97 97 97 110 110 112 112 112 108 108 108 106 106 109 109 109 110 110 104 104 104 94 94 94 86 86 81 81 -9999 -9999 -9999 -9999 -9999 -9999 -9999 -9999 -9999 -9999 -9999 -9999 -9999 -9999 -9999 -9999
15 15 9 9 9 0 0 0 0 0 12 12 12 13 13 13 25 25 33 33 33 35 35 36 36 36 37 37 37 40 40 46 46 46 59 59 76 76 76 86 86 86 85 85 78 78 78 78 78 78 83 83 97 97 97 110 110 112 112 112 108 108 108 106 106 109 109 109 110 110 104 104 104 94 94 94 86 86 81 81 -9999 -9999 -9999 -9999 -9999 -9999 -9999 -9999 -9999 -9999 -9999 -9999 -9999 -9999 -9999 -9999
