SEB_model/sample_data_files/historical_long/hillshade_historical_long/april6am.txt
ncols         768
nrows         486
xllcorner     388353.95236715
yllcorner     7583725.4876181
cellsize      5
NODATA_value  -9999
[rows 280 to 319 of 486, columns 630 to 719 of 768]
55 58 58 58 65 65 65 221 221 246 246 -9999 -9999 -9999 -9999 -9999 -9999 -9999 -9999 -9999 -9999 -9999 -9999 -9999 -9999 -9999 -9999 -9999 -9999 -9999 -9999 -9999 -9999 -9999 -9999 -9999 -9999 -9999 -9999 -9999 -9999 -9999 -9999 -9999 -9999 -9999 -9999 -9999 -9999 -9999 -9999 -9999 -9999 -9999 -9999 -9999 -9999 -9999 -9999 -9999 -9999 -9999 -9999 -9999 -9999 -9999 -9999 -9999 -9999 -9999 -9999 -9999 -9999 -9999 -9999 -9999 -9999 -9999 -9999 -9999 -9999 -9999 -9999 -9999 -9999 -9999 -9999 -9999 -9999 -9999
55 58 58 58 65 65 65 221 221 246 246 246 -9999 -9999 -9999 -9999 -9999 -9999 -9999 -9999 -9999 -9999 -9999 -9999 -9999 -9999 -9999 -9999 -9999 -9999 -9999 -9999 -9999 -9999 -9999 -9999 -9999 -9999 -9999 -9999 -9999 -9999 -9999 -9999 -9999 -9999 -9999 -9999 -9999 -9999 -9999 -9999 -9999 -9999 -9999 -9999 -9999 -9999 -9999 -9999 -9999 -9999 -9999 -9999 -9999 -9999 -9999 -9999 -9999 -9999 -9999 -9999 -9999 -9999 -9999 -9999 -9999 -9999 -9999 -9999 -9999 -9999 -9999 -9999 -9999 -9999 -9999 -9999 -9999 -9999
50 49 49 49 52 52 52 133 133 167 167 167 167 167 -9999 49 49 49 49 49 -9999 -9999 -9999 -9999 -9999 0 0 0 40 40 123 -9999 -9999 -9999 -9999 -9999 -9999 -9999 -9999 -9999 -9999 -9999 -9999 -9999 -9999 -9999 -9999 -9999 -9999 -9999 -9999 -9999 -9999 -9999 -9999 -9999 -9999 -9999 -9999 -9999 -9999 -9999 -9999 -9999 -9999 -9999 -9999 -9999 -9999 -9999 -9999 -9999 -9999 -9999 -9999 -9999 -9999 -9999 -9999 -9999 -9999 -9999 -9999 -9999 -9999 -9999 -9999 -9999 -9999 -9999
50 49 49 49 52 52 52 133 133 167 167 167 167 167 167 49 49 49 49 49 135 135 70 70 70 0 0 0 40 40 123 123 123 -9999 -9999 -9999 -9999 -9999 -9999 -9999 -9999 -9999 -9999 -9999 -9999 -9999 -9999 -9999 -9999 -9999 -9999 -9999 -9999 -9999 -9999 -9999 -9999 -9999 -9999 -9999 -9999 -9999 -9999 -9999 -9999 -9999 -9999 -9999 -9999 -9999 -9999 -9999 -9999 -9999 -9999 -9999 -9999 -9999 -9999 -9999 -9999 -9999 -9999 -9999 -9999 -9999 -9999 -9999 -9999 -9999
47 46 46 46 49 49 49 54 54 148 148 148 175 175 175 0 0 35 35 35 0 0 0 0 0 0 0 0 32 32 116 116 116 83 -9999 -9999 -9999 -9999 -9999 -9999 -9999 -9999 -9999 -9999 -9999 -9999 -9999 -9999 -9999 -9999 -9999 -9999 -9999 -9999 -9999 -9999 -9999 -9999 -9999 -9999 -9999 -9999 -9999 -9999 -9999 -9999 -9999 -9999 -9999 -9999 -9999 -9999 -9999 -9999 -9999 -9999 -9999 -9999 -9999 -9999 -9999 -9999 -9999 -9999 -9999 -9999 -9999 -9999 -9999 -9999
47 46 46 46 49 49 49 54 54 148 148 148 175 175 175 0 0 35 35 35 0 0 0 0 0 0 0 0 32 32 116 116 116 83 -9999 -9999 -9999 -9999 -9999 -9999 -9999 -9999 -9999 -9999 -9999 -9999 -9999 -9999 -9999 -9999 -9999 -9999 -9999 -9999 -9999 -9999 -9999 -9999 -9999 -9999 -9999 -9999 -9999 -9999 -9999 -9999 -9999 -9999 -9999 -9999 -9999 -9999 -9999 -9999 -9999 -9999 -9999 -9999 -9999 -9999 -9999 -9999 -9999 -9999 -9999 -9999 -9999 -9999 -9999 -9999
47 46 46 46 49 49 49 54 54 148 148 148 175 175 175 0 0 35 35 35 0 0 0 0 0 0 0 0 32 32 116 116 116 83 83 114 114 -9999 -9999 -9999 -9999 -9999 -9999 -9999 -9999 -9999 -9999 -9999 -9999 -9999 -9999 -9999 -9999 -9999 -9999 -9999 -9999 -9999 -9999 -9999 -9999 -9999 -9999 -9999 -9999 -9999 -9999 -9999 -9999 -9999 -9999 -9999 -9999 -9999 -9999 -9999 -9999 -9999 -9999 -9999 -9999 -9999 -9999 -9999 -9999 -9999 -9999 -9999 -9999 -9999
44 43 43 43 50 50 50 58 58 72 72 72 156 156 156 54 54 58 58 58 103 103 38 38 38 0 0 0 55 55 95 95 95 108 108 104 104 104 26 26 26 74 74 -9999 -9999 -9999 -9999 -9999 -9999 -9999 -9999 -9999 -9999 -9999 -9999 -9999 -9999 -9999 -9999 -9999 -9999 -9999 -9999 -9999 -9999 -9999 -9999 -9999 -9999 -9999 -9999 -9999 -9999 -9999 -9999 -9999 -9999 -9999 -9999 -9999 -9999 -9999 -9999 7 7 85 85 -9999 -9999 -9999
44 43 43 43 50 50 50 58 58 72 72 72 156 156 156 54 54 58 58 58 103 103 38 38 38 0 0 0 55 55 95 95 95 108 108 104 104 104 26 26 26 74 74 105 105 -9999 -9999 -9999 -9999 -9999 -9999 -9999 -9999 -9999 -9999 -9999 -9999 -9999 -9999 -9999 -9999 -9999 -9999 -9999 -9999 -9999 -9999 -9999 -9999 -9999 -9999 -9999 -9999 -9999 -9999 -9999 -9999 -9999 -9999 -9999 -9999 4 4 7 7 85 85 -9999 -9999 -9999
43 43 43 43 53 53 53 60 60 69 69 69 83 83 83 86 86 91 91 91 89 89 92 92 92 98 98 98 83 83 76 76 76 121 121 79 79 79 26 26 26 99 99 96 96 96 78 -9999 -9999 -9999 -9999 -9999 -9999 -9999 -9999 -9999 -9999 -9999 -9999 -9999 -9999 -9999 -9999 -9999 -9999 -9999 -9999 -9999 -9999 -9999 -9999 -9999 -9999 -9999 -9999 -9999 -9999 -9999 -9999 0 0 0 0 9 9 174 -9999 -9999 -9999 -9999
43 43 43 43 53 53 53 60 60 69 69 69 83 83 83 86 86 91 91 91 89 89 92 92 92 98 98 98 83 83 76 76 76 121 121 79 79 79 26 26 26 99 99 96 96 96 78 78 78 -9999 -9999 -9999 -9999 89 95 95 92 92 -9999 -9999 -9999 -9999 -9999 -9999 -9999 -9999 -9999 -9999 -9999 -9999 -9999 -9999 -9999 -9999 -9999 -9999 -9999 -9999 -9999 0 0 0 0 9 9 174 -9999 -9999 -9999 -9999
43 43 43 43 53 53 53 60 60 69 69 69 83 83 83 86 86 91 91 91 89 89 92 92 92 98 98 98 83 83 76 76 76 121 121 79 79 79 26 26 26 99 99 96 96 96 78 78 78 127 127 89 89 89 95 95 92 92 92 87 87 87 0 0 -9999 -9999 -9999 -9999 -9999 -9999 -9999 -9999 -9999 -9999 -9999 -9999 -9999 -9999 -9999 0 0 0 0 9 -9999 -9999 -9999 -9999 -9999 -9999
48 49 49 49 58 58 58 62 62 67 67 67 78 78 78 78 78 80 80 80 81 81 85 85 85 92 92 92 80 80 75 75 75 69 69 60 60 60 56 56 56 110 110 71 71 71 106 106 106 110 110 36 36 36 40 40 41 41 41 0 0 0 0 0 0 0 0 0 0 0 -9999 -9999 -9999 -9999 -9999 -9999 -9999 -9999 -9999 0 0 0 -9999 -9999 -9999 -9999 -9999 -9999 -9999 -9999
48 49 49 49 58 58 58 62 62 67 67 67 78 78 78 78 78 80 80 80 81 81 85 85 85 92 92 92 80 80 75 75 75 69 69 60 60 60 56 56 56 110 110 71 71 71 106 106 106 110 110 36 36 36 40 40 41 41 41 0 0 0 0 0 0 0 0 0 0 0 0 0 0 -9999 -9999 -9999 -9999 0 0 0 0 0 -9999 -9999 -9999 -9999 -9999 -9999 -9999 -9999
48 49 49 49 58 58 58 62 62 67 67 67 78 78 78 78 78 80 80 80 81 81 85 85 85 92 92 92 80 80 75 75 75 69 69 60 60 60 56 56 56 110 110 71 71 71 106 106 106 110 110 36 36 36 40 40 41 41 41 0 0 0 0 0 0 0 0 0 0 0 0 0 0 0 0 0 0 0 0 0 0 0 -9999 -9999 -9999 -9999 -9999 -9999 -9999 -9999
50 53 53 53 60 60 60 61 61 64 64 64 71 71 71 67 67 68 68 68 74 74 83 83 83 91 91 91 80 80 75 75 75 68 68 58 58 58 55 55 55 47 47 40 40 40 114 114 114 79 79 31 31 31 37 37 41 41 41 43 43 43 38 38 35 35 35 33 33 107 107 107 0 0 0 0 0 0 0 0 6 6 6 222 222 179 179 179 25 25
50 53 53 53 60 60 60 61 61 64 64 64 71 71 71 67 67 68 68 68 74 74 83 83 83 91 91 91 80 80 75 75 75 68 68 58 58 58 55 55 55 47 47 40 40 40 114 114 114 79 79 31 31 31 37 37 41 41 41 43 43 43 38 38 35 35 35 33 33 107 107 107 0 0 0 0 0 0 0 0 6 6 6 222 222 179 179 179 25 25
50 54 54 54 61 61 61 60 60 63 63 63 68 68 68 62 62 64 64 64 71 71 82 82 82 90 90 90 79 79 73 73 73 67 67 57 57 57 55 55 55 49 49 46 46 46 46 46 46 50 50 69 69 69 82 82 92 92 92 100 100 100 87 87 80 80 80 74 74 124 124 124 89 89 89 38 38 16 16 16 81 81 81 166 166 0 0 0 0 0
50 54 54 54 61 61 61 60 60 63 63 63 68 68 68 62 62 64 64 64 71 71 82 82 82 90 90 90 79 79 73 73 73 67 67 57 57 57 55 55 55 49 49 46 46 46 46 46 46 50 50 69 69 69 82 82 92 92 92 100 100 100 87 87 80 80 80 74 74 124 124 124 89 89 89 38 38 16 16 16 81 81 81 166 166 0 0 0 0 0
50 54 54 54 61 61 61 60 60 63 63 63 68 68 68 62 62 64 64 64 71 71 82 82 82 90 90 90 79 79 73 73 73 67 67 57 57 57 55 55 55 49 49 46 46 46 46 46 46 50 50 69 69 69 82 82 92 92 92 100 100 100 87 87 80 80 80 74 74 124 124 124 89 89 89 38 38 16 16 16 81 81 81 166 166 0 0 0 0 0
50 54 54 54 61 61 61 62 62 63 63 63 68 68 68 64 64 66 66 66 72 72 80 80 80 87 87 87 77 77 72 72 72 67 67 56 56 56 55 55 55 53 53 51 51 51 53 53 53 56 56 69 69 69 77 77 84 84 84 92 92 92 81 81 77 77 77 71 71 65 65 65 75 75 75 90 90 117 117 117 133 133 133 147 147 108 108 108 24 24
50 54 54 54 61 61 61 62 62 63 63 63 68 68 68 64 64 66 66 66 72 72 80 80 80 87 87 87 77 77 72 72 72 67 67 56 56 56 55 55 55 53 53 51 51 51 53 53 53 56 56 69 69 69 77 77 84 84 84 92 92 92 81 81 77 77 77 71 71 65 65 65 75 75 75 90 90 117 117 117 133 133 133 147 147 108 108 108 24 24
48 52 52 52 62 62 62 63 63 64 64 64 69 69 69 65 65 68 68 68 71 71 75 75 75 82 82 82 74 74 71 71 71 68 68 56 56 56 53 53 53 52 52 53 53 53 58 58 58 59 59 67 67 67 72 72 76 76 76 83 83 83 73 73 70 70 70 67 67 64 64 64 75 75 75 88 88 112 112 112 127 127 127 112 112 105 105 105 98 98
48 52 52 52 62 62 62 63 63 64 64 64 69 69 69 65 65 68 68 68 71 71 75 75 75 82 82 82 74 74 71 71 71 68 68 56 56 56 53 53 53 52 52 53 53 53 58 58 58 59 59 67 67 67 72 72 76 76 76 83 83 83 73 73 70 70 70 67 67 64 64 64 75 75 75 88 88 112 112 112 127 127 127 112 112 105 105 105 98 98
48 52 52 52 62 62 62 63 63 64 64 64 69 69 69 65 65 68 68 68 71 71 75 75 75 82 82 82 74 74 71 71 71 68 68 56 56 56 53 53 53 52 52 53 53 53 58 58 58 59 59 67 67 67 72 72 76 76 76 83 83 83 73 73 70 70 70 67 67 64 64 64 75 75 75 88 88 112 112 112 127 127 127 112 112 105 105 105 98 98
50 54 54 54 64 64 64 66 66 67 67 67 73 73 73 69 69 70 70 70 72 72 74 74 74 82 82 82 76 76 73 73 73 71 71 64 64 64 57 57 57 50 50 54 54 54 62 62 62 63 63 67 67 67 70 70 74 74 74 79 79 79 70 70 68 68 68 67 67 69 69 69 83 83 83 91 91 109 109 109 124 124 124 113 113 109 109 109 100 100
50 54 54 54 64 64 64 66 66 67 67 67 73 73 73 69 69 70 70 70 72 72 74 74 74 82 82 82 76 76 73 73 73 71 71 64 64 64 57 57 57 50 50 54 54 54 62 62 62 63 63 67 67 67 70 70 74 74 74 79 79 79 70 70 68 68 68 67 67 69 69 69 83 83 83 91 91 109 109 109 124 124 124 113 113 109 109 109 100 100
50 54 54 54 64 64 64 66 66 67 67 67 73 73 73 69 69 70 70 70 72 72 74 74 74 82 82 82 76 76 73 73 73 71 71 64 64 64 57 57 57 50 50 54 54 54 62 62 62 63 63 67 67 67 70 70 74 74 74 79 79 79 70 70 68 68 68 67 67 69 69 69 83 83 83 91 91 109 109 109 124 124 124 113 113 109 109 109 100 100
52 56 56 56 65 65 65 66 66 67 67 67 74 74 74 70 70 70 70 70 71 71 73 73 73 81 81 81 75 75 73 73 73 73 73 70 70 70 65 65 65 50 50 49 49 49 61 61 61 63 63 66 66 66 68 68 72 72 72 76 76 76 67 67 66 66 66 67 67 72 72 72 86 86 86 89 89 100 100 100 116 116 116 108 108 105 105 105 97 97
52 56 56 56 65 65 65 66 66 67 67 67 74 74 74 70 70 70 70 70 71 71 73 73 73 81 81 81 75 75 73 73 73 73 73 70 70 70 65 65 65 50 50 49 49 49 61 61 61 63 63 66 66 66 68 68 72 72 72 76 76 76 67 67 66 66 66 67 67 72 72 72 86 86 86 89 89 100 100 100 116 116 116 108 108 105 105 105 97 97
54 59 59 59 67 67 67 65 65 67 67 67 74 74 74 70 70 71 71 71 71 71 72 72 72 79 79 79 74 74 74 74 74 74 74 72 72 72 73 73 73 58 58 45 45 45 55 55 55 63 63 66 66 66 68 68 70 70 70 73 73 73 65 65 65 65 65 68 68 73 73 73 84 84 84 84 84 92 92 92 108 108 108 102 102 101 101 101 94 94
54 59 59 59 67 67 67 65 65 67 67 67 74 74 74 70 70 71 71 71 71 71 72 72 72 79 79 79 74 74 74 74 74 74 74 72 72 72 73 73 73 58 58 45 45 45 55 55 55 63 63 66 66 66 68 68 70 70 70 73 73 73 65 65 65 65 65 68 68 73 73 73 84 84 84 84 84 92 92 92 108 108 108 102 102 101 101 101 94 94
54 59 59 59 67 67 67 65 65 67 67 67 74 74 74 70 70 71 71 71 71 71 72 72 72 79 79 79 74 74 74 74 74 74 74 72 72 72 73 73 73 58 58 45 45 45 55 55 55 63 63 66 66 66 68 68 70 70 70 73 73 73 65 65 65 65 65 68 68 73 73 73 84 84 84 84 84 92 92 92 108 108 108 102 102 101 101 101 94 94
55 60 60 60 68 68 68 66 66 67 67 67 73 73 73 70 70 71 71 71 72 72 72 72 72 78 78 78 73 73 74 74 74 74 74 72 72 72 76 76 76 65 65 47 47 47 51 51 51 62 62 66 66 66 68 68 68 68 68 71 71 71 65 65 66 66 66 68 68 72 72 72 81 81 81 79 79 85 85 85 102 102 102 98 98 98 98 98 94 94
55 60 60 60 68 68 68 66 66 67 67 67 73 73 73 70 70 71 71 71 72 72 72 72 72 78 78 78 73 73 74 74 74 74 74 72 72 72 76 76 76 65 65 47 47 47 51 51 51 62 62 66 66 66 68 68 68 68 68 71 71 71 65 65 66 66 66 68 68 72 72 72 81 81 81 79 79 85 85 85 102 102 102 98 98 98 98 98 94 94
55 60 60 60 68 68 68 66 66 67 67 67 73 73 73 70 70 71 71 71 72 72 72 72 72 78 78 78 73 73 74 74 74 74 74 72 72 72 76 76 76 65 65 47 47 47 51 51 51 62 62 66 66 66 68 68 68 68 68 71 71 71 65 65 66 66 66 68 68 72 72 72 81 81 81 79 79 85 85 85 102 102 102 98 98 98 98 98 94 94
56 61 61 61 67 67 67 64 64 66 66 66 72 72 72 68 68 70 70 70 71 71 72 72 72 79 79 79 73 73 73 73 73 72 72 71 71 71 75 75 75 66 66 54 54 54 54 54 54 61 61 65 65 65 65 65 66 66 66 70 70 70 65 65 65 65 65 67 67 69 69 69 76 76 76 73 73 77 77 77 94 94 94 93 93 94 94 94 91 91
56 61 61 61 67 67 67 64 64 66 66 66 72 72 72 68 68 70 70 70 71 71 72 72 72 79 79 79 73 73 73 73 73 72 72 71 71 71 75 75 75 66 66 54 54 54 54 54 54 61 61 65 65 65 65 65 66 66 66 70 70 70 65 65 65 65 65 67 67 69 69 69 76 76 76 73 73 77 77 77 94 94 94 93 93 94 94 94 91 91
60 62 62 62 67 67 67 65 65 67 67 67 73 73 73 69 69 70 70 70 72 72 74 74 74 81 81 81 74 74 73 73 73 73 73 72 72 72 76 76 76 67 67 62 62 62 62 62 62 62 62 64 64 64 62 62 66 66 66 69 69 69 64 64 66 66 66 67 67 69 69 69 76 76 76 72 72 75 75 75 91 91 91 91 91 93 93 93 91 91
60 62 62 62 67 67 67 65 65 67 67 67 73 73 73 69 69 70 70 70 72 72 74 74 74 81 81 81 74 74 73 73 73 73 73 72 72 72 76 76 76 67 67 62 62 62 62 62 62 62 62 64 64 64 62 62 66 66 66 69 69 69 64 64 66 66 66 67 67 69 69 69 76 76 76 72 72 75 75 75 91 91 91 91 91 93 93 93 91 91
