SEB_model/sample_data_files/historical_long/hillshade_historical_long/april6am.txt
ncols         768
nrows         486
xllcorner     388353.95236715
yllcorner     7583725.4876181
cellsize      5
NODATA_value  -9999
[rows 200 to 239 of 486, columns 540 to 629 of 768]
91 91 89 89 89 99 99 99 91 91 88 88 88 98 98 98 95 95 101 101 101 104 104 109 109 109 121 121 121 112 112 117 117 117 120 120 123 123 123 137 137 137 126 126 126 126 126 136 136 136 121 121 113 113 113 106 106 101 101 101 110 110 110 100 100 100 100 100 98 98 98 101 101 116 116 116 110 110 117 117 117 133 133 133 125 125 117 117 117 105
91 91 89 89 89 99 99 99 91 91 88 88 88 98 98 98 95 95 101 101 101 104 104 109 109 109 121 121 121 112 112 117 117 117 120 120 123 123 123 137 137 137 126 126 126 126 126 136 136 136 121 121 113 113 113 106 106 101 101 101 110 110 110 100 100 100 100 100 98 98 98 101 101 116 116 116 110 110 117 117 117 133 133 133 125 125 117 117 117 105
91 91 89 89 89 99 99 99 91 91 88 88 88 98 98 98 95 95 101 101 101 104 104 109 109 109 121 121 121 112 112 117 117 117 120 120 123 123 123 137 137 137 126 126 126 126 126 136 136 136 121 121 113 113 113 106 106 101 101 101 110 110 110 100 100 100 100 100 98 98 98 101 101 116 116 116 110 110 117 117 117 133 133 133 125 125 117 117 117 105
91 91 88 88 88 99 99 99 92 92 89 89 89 96 96 96 92 92 98 98 98 101 101 108 108 108 121 121 121 114 114 117 117 117 119 119 121 121 121 132 132 132 125 125 125 125 125 133 133 133 124 124 122 122 122 118 118 112 112 112 115 115 115 101 101 98 98 98 96 96 96 101 101 117 117 117 108 108 112 112 112 129 129 129 121 121 115 115 115 108
91 91 88 88 88 99 99 99 92 92 89 89 89 96 96 96 92 92 98 98 98 101 101 108 108 108 121 121 121 114 114 117 117 117 119 119 121 121 121 132 132 132 125 125 125 125 125 133 133 133 124 124 122 122 122 118 118 112 112 112 115 115 115 101 101 98 98 98 96 96 96 101 101 117 117 117 108 108 112 112 112 129 129 129 121 121 115 115 115 108
91 91 88 88 88 99 99 99 92 92 89 89 89 96 96 96 92 92 98 98 98 101 101 108 108 108 121 121 121 114 114 117 117 117 119 119 121 121 121 132 132 132 125 125 125 125 125 133 133 133 124 124 122 122 122 118 118 112 112 112 115 115 115 101 101 98 98 98 96 96 96 101 101 117 117 117 108 108 112 112 112 129 129 129 121 121 115 115 115 108
89 89 87 87 87 94 94 94 89 89 88 88 88 93 93 93 90 90 95 95 95 99 99 106 106 106 117 117 117 112 112 114 114 114 115 115 116 116 116 128 128 128 125 125 126 126 126 133 133 133 127 127 126 126 126 125 125 122 122 122 124 124 124 107 107 100 100 100 98 98 98 103 103 118 118 118 109 109 110 110 110 123 123 123 114 114 110 110 110 107
89 89 87 87 87 94 94 94 89 89 88 88 88 93 93 93 90 90 95 95 95 99 99 106 106 106 117 117 117 112 112 114 114 114 115 115 116 116 116 128 128 128 125 125 126 126 126 133 133 133 127 127 126 126 126 125 125 122 122 122 124 124 124 107 107 100 100 100 98 98 98 103 103 118 118 118 109 109 110 110 110 123 123 123 114 114 110 110 110 107
87 87 86 86 86 91 91 91 86 86 86 86 86 91 91 91 89 89 92 92 92 97 97 104 104 104 115 115 115 112 112 114 114 114 113 113 115 115 115 128 128 128 126 126 128 128 128 134 134 134 128 128 127 127 127 126 126 125 125 125 127 127 127 113 113 105 105 105 103 103 103 107 107 118 118 118 112 112 110 110 110 119 119 119 110 110 106 106 106 105
87 87 86 86 86 91 91 91 86 86 86 86 86 91 91 91 89 89 92 92 92 97 97 104 104 104 115 115 115 112 112 114 114 114 113 113 115 115 115 128 128 128 126 126 128 128 128 134 134 134 128 128 127 127 127 126 126 125 125 125 127 127 127 113 113 105 105 105 103 103 103 107 107 118 118 118 112 112 110 110 110 119 119 119 110 110 106 106 106 105
87 87 86 86 86 91 91 91 86 86 86 86 86 91 91 91 89 89 92 92 92 97 97 104 104 104 115 115 115 112 112 114 114 114 113 113 115 115 115 128 128 128 126 126 128 128 128 134 134 134 128 128 127 127 127 126 126 125 125 125 127 127 127 113 113 105 105 105 103 103 103 107 107 118 118 118 112 112 110 110 110 119 119 119 110 110 106 106 106 105
86 86 87 87 87 92 92 92 85 85 83 83 83 89 89 89 88 88 92 92 92 97 97 105 105 105 118 118 118 118 118 117 117 117 113 113 116 116 116 129 129 129 127 127 128 128 128 134 134 134 127 127 126 126 126 125 125 123 123 123 125 125 125 113 113 108 108 108 105 105 105 108 108 117 117 117 111 111 109 109 109 115 115 115 107 107 103 103 103 103
86 86 87 87 87 92 92 92 85 85 83 83 83 89 89 89 88 88 92 92 92 97 97 105 105 105 118 118 118 118 -9999 -9999 -9999 -9999 -9999 113 116 116 116 129 129 129 127 127 128 128 128 134 134 134 127 127 126 126 126 125 125 123 123 123 125 125 125 113 113 108 108 108 105 105 105 108 108 117 117 117 111 111 109 109 109 115 115 115 107 107 103 103 103 103
82 82 86 86 86 92 92 92 84 84 79 79 79 86 86 86 88 88 93 93 93 96 96 104 104 104 115 -9999 -9999 -9999 -9999 -9999 -9999 -9999 -9999 -9999 -9999 -9999 114 124 124 124 123 123 124 124 124 129 129 129 123 123 122 122 122 122 122 122 122 122 122 122 122 111 111 109 109 109 107 107 107 110 110 118 118 118 110 110 110 110 110 115 115 115 106 106 103 103 103 105
82 82 86 86 86 92 92 92 84 84 79 79 79 86 86 86 88 88 93 -9999 -9999 -9999 -9999 -9999 -9999 -9999 -9999 -9999 -9999 -9999 -9999 -9999 -9999 -9999 -9999 -9999 -9999 -9999 114 124 124 124 123 123 124 124 124 129 129 129 123 123 122 122 122 122 122 122 122 122 122 122 122 111 111 109 109 109 107 107 107 110 110 118 118 118 110 110 110 110 110 115 115 115 106 106 103 103 103 105
82 82 86 86 86 92 92 92 84 84 79 79 79 86 86 86 88 -9999 -9999 -9999 -9999 -9999 -9999 -9999 -9999 -9999 -9999 -9999 -9999 -9999 -9999 -9999 -9999 -9999 -9999 110 114 114 114 124 124 124 123 123 124 124 124 129 129 129 123 123 122 122 122 122 122 122 122 122 122 122 122 111 111 109 109 109 107 107 107 110 110 118 118 118 110 110 110 110 110 115 115 115 106 106 103 103 103 105
71 71 92 92 92 94 94 94 77 77 78 78 78 85 85 -9999 -9999 -9999 -9999 -9999 -9999 -9999 -9999 -9999 -9999 -9999 -9999 -9999 -9999 -9999 -9999 -9999 -9999 -9999 108 108 112 112 112 116 116 116 117 117 119 119 119 120 120 120 117 117 117 117 117 118 118 119 119 119 117 117 117 110 110 110 110 110 110 110 110 113 113 116 116 116 109 109 108 108 108 112 112 112 106 106 105 105 105 107
71 71 92 92 -9999 -9999 94 94 77 77 78 78 78 85 85 85 88 88 90 90 90 -9999 -9999 -9999 -9999 -9999 -9999 -9999 -9999 -9999 -9999 -9999 109 109 108 108 112 112 112 116 116 116 117 117 119 119 119 120 120 120 117 117 117 117 117 118 118 119 119 119 117 117 117 110 110 110 110 110 110 110 110 113 113 116 116 116 109 109 108 108 108 112 112 112 106 106 105 105 105 107
71 71 92 -9999 -9999 -9999 94 94 77 77 78 78 78 85 85 85 88 88 90 90 90 -9999 -9999 -9999 -9999 -9999 -9999 -9999 105 108 108 109 109 109 108 108 112 112 112 116 116 116 117 117 119 119 119 120 120 120 117 117 117 117 117 118 118 119 119 119 117 117 117 110 110 110 110 110 110 110 110 113 113 116 116 116 109 109 108 108 108 112 112 112 106 106 105 105 105 -9999
-9999 -9999 -9999 -9999 -9999 84 84 84 68 68 75 75 75 84 84 84 82 82 84 84 -9999 -9999 -9999 -9999 -9999 -9999 -9999 -9999 100 105 105 108 108 108 111 111 113 113 113 114 114 114 116 116 117 117 117 116 116 116 114 114 112 112 112 112 112 113 113 113 112 112 112 110 110 112 112 112 112 112 112 111 111 110 110 110 106 106 105 105 105 106 106 106 106 106 107 107 -9999 -9999
-9999 -9999 -9999 -9999 -9999 84 84 84 -9999 68 75 75 75 -9999 -9999 -9999 82 82 -9999 -9999 -9999 -9999 -9999 -9999 -9999 -9999 -9999 -9999 -9999 105 105 108 108 108 111 111 113 113 113 114 114 114 116 116 117 117 117 116 116 116 114 114 112 112 112 112 112 113 113 113 112 112 112 110 110 112 112 112 112 112 112 111 111 110 110 110 106 106 105 105 105 106 106 106 106 106 107 -9999 -9999 -9999
-9999 -9999 -9999 -9999 -9999 69 69 69 68 -9999 69 -9999 -9999 -9999 -9999 -9999 -9999 -9999 -9999 -9999 -9999 -9999 -9999 -9999 -9999 -9999 -9999 -9999 -9999 -9999 -9999 -9999 109 109 112 112 113 113 113 114 114 114 114 114 114 114 114 113 113 113 111 111 109 109 109 109 109 -9999 -9999 -9999 -9999 -9999 -9999 113 113 114 114 114 113 113 113 111 111 108 108 108 105 105 104 104 104 105 105 105 108 108 109 -9999 -9999 -9999
-9999 -9999 -9999 -9999 -9999 -9999 69 69 -9999 -9999 -9999 -9999 -9999 -9999 -9999 -9999 -9999 -9999 -9999 -9999 -9999 -9999 -9999 -9999 -9999 -9999 -9999 -9999 -9999 -9999 -9999 -9999 -9999 -9999 112 112 113 113 113 114 114 114 114 114 114 114 114 113 113 113 111 111 109 109 109 -9999 -9999 -9999 -9999 -9999 -9999 -9999 -9999 -9999 -9999 -9999 -9999 -9999 113 113 113 111 111 108 108 108 105 105 104 104 104 105 105 105 108 108 -9999 -9999 -9999 -9999
-9999 -9999 -9999 -9999 -9999 -9999 -9999 -9999 -9999 -9999 -9999 -9999 -9999 -9999 -9999 -9999 -9999 -9999 -9999 -9999 -9999 -9999 -9999 -9999 -9999 -9999 -9999 -9999 -9999 -9999 -9999 -9999 -9999 -9999 -9999 -9999 113 113 113 114 114 114 114 114 114 114 114 113 113 113 111 111 109 109 -9999 -9999 -9999 -9999 -9999 -9999 -9999 -9999 -9999 -9999 -9999 -9999 -9999 -9999 -9999 -9999 -9999 111 111 108 108 108 105 105 104 104 104 105 105 105 108 -9999 -9999 -9999 -9999 -9999
-9999 -9999 -9999 -9999 -9999 -9999 -9999 -9999 -9999 -9999 -9999 -9999 -9999 -9999 -9999 -9999 -9999 -9999 -9999 -9999 -9999 -9999 -9999 -9999 -9999 -9999 -9999 -9999 -9999 -9999 -9999 -9999 -9999 -9999 -9999 -9999 -9999 -9999 114 114 114 114 113 113 112 112 112 110 110 110 108 108 108 -9999 -9999 -9999 -9999 -9999 -9999 -9999 -9999 -9999 -9999 -9999 -9999 -9999 -9999 -9999 -9999 -9999 -9999 -9999 115 111 111 111 108 -9999 -9999 -9999 -9999 -9999 -9999 108 -9999 -9999 -9999 -9999 -9999 -9999
-9999 -9999 -9999 -9999 -9999 -9999 -9999 -9999 -9999 -9999 -9999 -9999 -9999 -9999 -9999 -9999 -9999 -9999 -9999 -9999 -9999 -9999 -9999 -9999 -9999 -9999 -9999 -9999 -9999 -9999 -9999 -9999 -9999 -9999 -9999 -9999 -9999 -9999 -9999 114 114 114 113 113 112 112 112 110 110 110 108 108 -9999 -9999 -9999 -9999 -9999 -9999 -9999 -9999 -9999 -9999 -9999 -9999 -9999 -9999 -9999 -9999 -9999 -9999 -9999 -9999 -9999 111 111 111 -9999 -9999 -9999 -9999 -9999 -9999 -9999 -9999 -9999 -9999 -9999 -9999 -9999 -9999
-9999 -9999 -9999 -9999 -9999 -9999 -9999 -9999 -9999 -9999 -9999 -9999 -9999 -9999 -9999 -9999 -9999 -9999 -9999 -9999 -9999 -9999 -9999 -9999 -9999 -9999 -9999 -9999 -9999 -9999 -9999 -9999 -9999 -9999 -9999 -9999 -9999 -9999 -9999 -9999 -9999 -9999 113 113 112 112 112 110 110 110 -9999 -9999 -9999 -9999 -9999 -9999 -9999 -9999 -9999 -9999 -9999 -9999 -9999 -9999 -9999 -9999 -9999 -9999 -9999 -9999 -9999 -9999 115 111 111 111 -9999 -9999 -9999 -9999 -9999 -9999 -9999 -9999 -9999 -9999 -9999 -9999 -9999 -9999
-9999 -9999 -9999 -9999 -9999 -9999 -9999 -9999 -9999 -9999 -9999 -9999 -9999 -9999 -9999 -9999 -9999 -9999 -9999 -9999 -9999 -9999 -9999 -9999 -9999 -9999 -9999 -9999 -9999 -9999 -9999 -9999 -9999 -9999 -9999 -9999 -9999 -9999 -9999 -9999 -9999 -9999 -9999 -9999 -9999 -9999 -9999 -9999 -9999 -9999 -9999 -9999 -9999 -9999 -9999 -9999 -9999 -9999 -9999 -9999 -9999 -9999 -9999 -9999 -9999 -9999 -9999 -9999 -9999 -9999 120 117 117 113 113 -9999 -9999 -9999 -9999 -9999 -9999 -9999 -9999 -9999 -9999 -9999 -9999 -9999 -9999 -9999
-9999 -9999 -9999 -9999 -9999 -9999 -9999 -9999 -9999 -9999 -9999 -9999 -9999 -9999 -9999 -9999 -9999 -9999 -9999 -9999 -9999 -9999 -9999 -9999 -9999 -9999 -9999 -9999 -9999 -9999 -9999 -9999 -9999 -9999 -9999 -9999 -9999 -9999 -9999 -9999 -9999 -9999 -9999 -9999 -9999 -9999 -9999 -9999 -9999 -9999 -9999 -9999 -9999 -9999 -9999 -9999 -9999 -9999 -9999 -9999 -9999 -9999 -9999 -9999 -9999 -9999 -9999 -9999 -9999 -9999 -9999 -9999 -9999 -9999 -9999 -9999 -9999 -9999 -9999 -9999 -9999 -9999 -9999 -9999 -9999 -9999 -9999 -9999 -9999 -9999
-9999 -9999 -9999 -9999 -9999 -9999 -9999 -9999 -9999 -9999 -9999 -9999 -9999 -9999 -9999 -9999 -9999 -9999 -9999 -9999 -9999 -9999 -9999 -9999 -9999 -9999 -9999 -9999 -9999 -9999 -9999 -9999 -9999 -9999 -9999 -9999 -9999 -9999 -9999 -9999 -9999 -9999 -9999 -9999 -9999 -9999 -9999 -9999 -9999 -9999 -9999 -9999 -9999 -9999 -9999 -9999 -9999 -9999 -9999 -9999 -9999 -9999 -9999 -9999 -9999 -9999 -9999 -9999 -9999 -9999 -9999 -9999 -9999 -9999 -9999 -9999 -9999 -9999 -9999 -9999 -9999 -9999 -9999 -9999 -9999 -9999 -9999 -9999 -9999 -9999
-9999 -9999 -9999 -9999 -9999 -9999 -9999 -9999 -9999 -9999 -9999 -9999 -9999 -9999 -9999 -9999 -9999 -9999 -9999 -9999 -9999 -9999 -9999 -9999 -9999 -9999 -9999 -9999 -9999 -9999 -9999 -9999 -9999 -9999 -9999 -9999 -9999 -9999 -9999 -9999 -9999 -9999 -9999 -9999 -9999 -9999 -9999 -9999 -9999 -9999 -9999 -9999 -9999 -9999 -9999 -9999 -9999 -9999 -9999 -9999 -9999 -9999 -9999 -9999 -9999 -9999 -9999 -9999 -9999 -9999 -9999 -9999 -9999 -9999 -9999 -9999 -9999 -9999 -9999 -9999 -9999 -9999 -9999 -9999 -9999 -9999 -9999 -9999 -9999 -9999
-9999 -9999 -9999 -9999 -9999 -9999 -9999 -9999 -9999 -9999 -9999 -9999 -9999 -9999 -9999 -9999 -9999 -9999 -9999 -9999 -9999 -9999 -9999 -9999 -9999 -9999 -9999 -9999 -9999 -9999 -9999 -9999 -9999 -9999 -9999 -9999 -9999 -9999 -9999 -9999 -9999 -9999 -9999 -9999 -9999 -9999 -9999 -9999 -9999 -9999 -9999 -9999 -9999 -9999 -9999 -9999 -9999 -9999 -9999 -9999 -9999 -9999 -9999 -9999 -9999 -9999 -9999 -9999 -9999 -9999 -9999 -9999 -9999 -9999 -9999 -9999 -9999 -9999 -9999 -9999 -9999 -9999 -9999 -9999 -9999 -9999 -9999 -9999 -9999 -9999
-9999 -9999 -9999 -9999 -9999 -9999 -9999 -9999 -9999 -9999 -9999 -9999 -9999 -9999 -9999 -9999 -9999 -9999 -9999 -9999 -9999 -9999 -9999 -9999 -9999 -9999 -9999 -9999 -9999 -9999 -9999 -9999 -9999 -9999 -9999 -9999 -9999 -9999 -9999 -9999 -9999 -9999 -9999 -9999 -9999 -9999 -9999 -9999 -9999 -9999 -9999 -9999 -9999 -9999 -9999 -9999 -9999 -9999 -9999 -9999 -9999 -9999 -9999 -9999 -9999 -9999 -9999 -9999 -9999 -9999 -9999 -9999 -9999 -9999 -9999 -9999 -9999 -9999 -9999 -9999 -9999 -9999 -9999 -9999 -9999 -9999 -9999 -9999 -9999 -9999
-9999 -9999 -9999 -9999 -9999 -9999 -9999 -9999 -9999 -9999 -9999 -9999 -9999 -9999 -9999 -9999 -9999 -9999 -9999 -9999 -9999 -9999 -9999 -9999 -9999 -9999 -9999 -9999 -9999 -9999 -9999 -9999 -9999 -9999 -9999 -9999 -9999 -9999 -9999 -9999 -9999 -9999 -9999 -9999 -9999 -9999 -9999 -9999 -9999 -9999 -9999 -9999 -9999 -9999 -9999 -9999 -9999 -9999 -9999 -9999 -9999 -9999 -9999 -9999 -9999 -9999 -9999 -9999 -9999 -9999 -9999 -9999 -9999 -9999 -9999 -9999 -9999 -9999 -9999 -9999 -9999 -9999 -9999 -9999 -9999 -9999 -9999 -9999 -9999 -9999
-9999 -9999 -9999 -9999 -9999 -9999 -9999 -9999 -9999 -9999 -9999 -9999 -9999 -9999 -9999 -9999 -9999 -9999 -9999 -9999 -9999 -9999 -9999 -9999 -9999 -9999 -9999 -9999 -9999 -9999 -9999 -9999 -9999 -9999 -9999 -9999 -9999 -9999 -9999 -9999 -9999 -9999 -9999 -9999 -9999 -9999 -9999 -9999 -9999 -9999 -9999 -9999 -9999 -9999 -9999 -9999 -9999 -9999 -9999 -9999 -9999 -9999 -9999 -9999 -9999 -9999 -9999 -9999 -9999 -9999 -9999 -9999 -9999 -9999 -9999 -9999 -9999 -9999 -9999 -9999 -9999 -9999 -9999 -9999 -9999 -9999 -9999 -9999 -9999 -9999
-9999 -9999 -9999 -9999 -9999 -9999 -9999 -9999 -9999 -9999 -9999 -9999 -9999 -9999 -9999 -9999 -9999 -9999 -9999 -9999 -9999 -9999 -9999 -9999 -9999 -9999 -9999 -9999 -9999 -9999 -9999 -9999 -9999 -9999 -9999 -9999 -9999 -9999 -9999 -9999 -9999 -9999 -9999 -9999 -9999 -9999 -9999 -9999 -9999 -9999 -9999 -9999 -9999 -9999 -9999 -9999 -9999 -9999 -9999 -9999 -9999 -9999 -9999 -9999 -9999 -9999 -9999 -9999 -9999 -9999 -9999 -9999 -9999 -9999 -9999 -9999 -9999 -9999 -9999 -9999 -9999 -9999 -9999 -9999 -9999 -9999 -9999 -9999 -9999 -9999
-9999 -9999 -9999 -9999 -9999 -9999 -9999 -9999 -9999 -9999 -9999 -9999 -9999 -9999 -9999 -9999 -9999 -9999 -9999 -9999 -9999 -9999 -9999 -9999 -9999 -9999 -9999 -9999 -9999 -9999 -9999 -9999 -9999 -9999 -9999 -9999 -9999 -9999 -9999 -9999 -9999 -9999 -9999 -9999 -9999 -9999 -9999 -9999 -9999 -9999 -9999 -9999 -9999 -9999 -9999 -9999 -9999 -9999 -9999 -9999 -9999 -9999 -9999 -9999 -9999 -9999 -9999 -9999 -9999 -9999 -9999 -9999 -9999 -9999 -9999 -9999 -9999 -9999 -9999 -9999 -9999 -9999 -9999 -9999 -9999 -9999 -9999 -9999 -9999 -9999
-9999 -9999 -9999 -9999 -9999 -9999 -9999 -9999 -9999 -9999 -9999 -9999 -9999 -9999 -9999 -9999 72 72 -9999 -9999 -9999 -9999 -9999 -9999 -9999 -9999 -9999 -9999 -9999 -9999 -9999 -9999 -9999 -9999 -9999 -9999 -9999 -9999 -9999 -9999 -9999 -9999 -9999 -9999 -9999 -9999 -9999 -9999 -9999 -9999 -9999 -9999 -9999 -9999 -9999 -9999 -9999 -9999 -9999 -9999 -9999 -9999 -9999 -9999 -9999 -9999 -9999 -9999 -9999 -9999 -9999 -9999 -9999 -9999 -9999 -9999 -9999 -9999 -9999 -9999 -9999 -9999 -9999 -9999 -9999 -9999 -9999 -9999 -9999 -9999
-9999 -9999 -9999 -9999 -9999 -9999 -9999 -9999 -9999 -9999 -9999 -9999 -9999 -9999 -9999 -9999 72 72 -9999 -9999 -9999 -9999 -9999 -9999 -9999 -9999 -9999 -9999 -9999 -9999 -9999 -9999 -9999 -9999 -9999 -9999 -9999 -9999 -9999 -9999 -9999 -9999 -9999 -9999 -9999 -9999 -9999 -9999 -9999 -9999 -9999 -9999 -9999 -9999 -9999 -9999 -9999 -9999 -9999 -9999 -9999 -9999 -9999 -9999 -9999 -9999 -9999 -9999 -9999 -9999 -9999 -9999 -9999 -9999 -9999 -9999 -9999 -9999 -9999 -9999 -9999 -9999 -9999 -9999 -9999 -9999 -9999 -9999 -9999 -9999
-9999 -9999 -9999 -9999 -9999 -9999 -9999 -9999 -9999 -9999 -9999 -9999 -9999 -9999 -9999 58 72 72 -9999 -9999 -9999 -9999 -9999 -9999 -9999 -9999 -9999 -9999 -9999 -9999 -9999 -9999 -9999 -9999 -9999 -9999 -9999 -9999 -9999 -9999 -9999 -9999 -9999 -9999 -9999 -9999 -9999 -9999 -9999 -9999 -9999 -9999 -9999 -9999 -9999 -9999 -9999 -9999 -9999 -9999 -9999 -9999 -9999 -9999 -9999 -9999 -9999 -9999 -9999 -9999 -9999 -9999 -9999 -9999 -9999 -9999 -9999 -9999 -9999 -9999 -9999 -9999 -9999 -9999 -9999 -9999 -9999 -9999 -9999 -9999
