SEB_model/sample_data_files/historical_long/hillshade_historical_long/april6pm.txt
ncols         768
nrows         486
xllcorner     388353.95236715
yllcorner     7583725.4876181
cellsize      5
NODATA_value  -9999
[rows 135 to 179 of 486, columns 0 to 95 of 768]
-9999 -9999 -9999 -9999 -9999 -9999 -9999 -9999 -9999 -9999 -9999 -9999 -9999 -9999 -9999 -9999 -9999 -9999 -9999 -9999 -9999 -9999 -9999 -9999 -9999 -9999 -9999 -9999 -9999 -9999 -9999 -9999 -9999 -9999 -9999 -9999 -9999 -9999 -9999 -9999 -9999 -9999 -9999 -9999 -9999 -9999 -9999 -9999 -9999 -9999 -9999 -9999 -9999 -9999 -9999 -9999 -9999 -9999 -9999 -9999 -9999 -9999 -9999 -9999 -9999 -9999 -9999 39 39 55 55 47 47 47 36 36 36 33 33 17 17 17 15 15 15 12 12 0 -9999 -9999 -9999 -9999 -9999 -9999 -9999 -9999
-9999 -9999 -9999 -9999 -9999 -9999 -9999 -9999 -9999 -9999 -9999 -9999 -9999 -9999 -9999 -9999 -9999 -9999 -9999 -9999 -9999 -9999 -9999 -9999 -9999 -9999 -9999 -9999 -9999 -9999 -9999 -9999 -9999 -9999 -9999 -9999 -9999 -9999 -9999 -9999 -9999 -9999 -9999 -9999 -9999 -9999 -9999 -9999 -9999 -9999 -9999 -9999 -9999 -9999 -9999 -9999 -9999 -9999 -9999 -9999 -9999 -9999 -9999 -9999 -9999 -9999 -9999 39 39 55 55 47 47 47 36 36 36 33 33 17 17 17 15 15 15 12 12 0 0 -9999 -9999 -9999 -9999 -9999 -9999 -9999
-9999 -9999 -9999 -9999 -9999 -9999 -9999 -9999 -9999 -9999 -9999 -9999 -9999 -9999 -9999 -9999 -9999 -9999 -9999 -9999 -9999 -9999 -9999 -9999 -9999 -9999 -9999 -9999 -9999 -9999 -9999 -9999 -9999 -9999 -9999 -9999 -9999 -9999 -9999 -9999 -9999 -9999 -9999 -9999 -9999 -9999 -9999 -9999 -9999 -9999 -9999 -9999 -9999 -9999 -9999 -9999 -9999 -9999 -9999 -9999 -9999 -9999 -9999 -9999 -9999 -9999 39 39 39 55 55 47 47 47 36 36 36 33 33 17 17 17 15 15 15 12 12 0 0 0 14 14 23 -9999 -9999 20
-9999 -9999 -9999 -9999 -9999 -9999 -9999 -9999 -9999 -9999 -9999 -9999 -9999 -9999 -9999 -9999 -9999 -9999 -9999 -9999 -9999 -9999 -9999 -9999 -9999 -9999 -9999 -9999 -9999 -9999 -9999 -9999 -9999 -9999 -9999 -9999 -9999 -9999 -9999 -9999 -9999 -9999 -9999 -9999 -9999 -9999 -9999 -9999 -9999 -9999 -9999 -9999 -9999 -9999 -9999 -9999 -9999 -9999 -9999 -9999 -9999 -9999 -9999 -9999 -9999 -9999 41 41 41 47 47 36 36 36 22 22 22 24 24 25 25 25 22 22 22 19 19 21 21 21 24 24 23 23 23 21
-9999 -9999 -9999 -9999 -9999 -9999 -9999 -9999 -9999 -9999 -9999 -9999 -9999 -9999 -9999 -9999 -9999 -9999 -9999 -9999 -9999 -9999 -9999 -9999 -9999 -9999 -9999 -9999 -9999 -9999 -9999 -9999 -9999 -9999 -9999 -9999 -9999 -9999 -9999 -9999 -9999 -9999 -9999 -9999 -9999 -9999 -9999 -9999 -9999 -9999 -9999 -9999 -9999 -9999 -9999 -9999 -9999 -9999 -9999 -9999 -9999 -9999 -9999 -9999 41 41 41 41 41 47 47 36 36 36 22 22 22 24 24 25 25 25 22 22 22 19 19 21 21 21 24 24 23 23 23 21
-9999 -9999 -9999 -9999 -9999 -9999 -9999 -9999 -9999 -9999 -9999 -9999 -9999 -9999 -9999 -9999 -9999 -9999 -9999 -9999 -9999 -9999 -9999 -9999 -9999 -9999 -9999 -9999 -9999 -9999 -9999 -9999 -9999 -9999 -9999 -9999 -9999 -9999 -9999 -9999 -9999 -9999 -9999 -9999 -9999 -9999 -9999 -9999 -9999 -9999 -9999 -9999 -9999 -9999 -9999 -9999 -9999 -9999 -9999 -9999 -9999 -9999 48 48 43 43 38 38 38 34 34 32 32 32 33 33 33 32 32 28 28 28 23 23 23 21 21 22 22 22 24 24 24 24 24 22
-9999 -9999 -9999 -9999 -9999 -9999 -9999 -9999 -9999 -9999 -9999 -9999 -9999 -9999 -9999 -9999 -9999 -9999 -9999 -9999 -9999 -9999 -9999 -9999 -9999 -9999 -9999 -9999 -9999 -9999 -9999 -9999 -9999 -9999 -9999 -9999 -9999 -9999 -9999 -9999 -9999 -9999 -9999 -9999 -9999 -9999 -9999 -9999 -9999 -9999 -9999 -9999 -9999 -9999 -9999 -9999 -9999 -9999 -9999 -9999 -9999 -9999 48 48 43 43 38 38 38 34 34 32 32 32 33 33 33 32 32 28 28 28 23 23 23 21 21 22 22 22 24 24 24 24 24 22
-9999 -9999 -9999 -9999 -9999 -9999 -9999 -9999 -9999 -9999 -9999 -9999 -9999 -9999 -9999 -9999 -9999 -9999 -9999 -9999 -9999 -9999 -9999 -9999 -9999 -9999 -9999 -9999 -9999 -9999 -9999 -9999 -9999 -9999 -9999 -9999 -9999 -9999 -9999 -9999 -9999 -9999 -9999 -9999 -9999 -9999 -9999 -9999 -9999 -9999 -9999 -9999 -9999 -9999 -9999 -9999 -9999 -9999 -9999 -9999 -9999 48 48 48 43 43 38 38 38 34 34 32 32 32 33 33 33 32 32 28 28 28 23 23 23 21 21 22 22 22 24 24 24 24 24 22
-9999 -9999 -9999 -9999 -9999 -9999 -9999 -9999 -9999 -9999 -9999 -9999 -9999 -9999 -9999 -9999 -9999 -9999 -9999 -9999 -9999 -9999 -9999 -9999 -9999 -9999 -9999 -9999 -9999 -9999 -9999 -9999 -9999 -9999 -9999 -9999 -9999 -9999 -9999 -9999 -9999 -9999 -9999 -9999 59 56 56 56 55 -9999 -9999 -9999 -9999 -9999 -9999 -9999 -9999 -9999 -9999 54 54 51 51 51 43 43 35 35 35 33 33 36 36 36 37 37 37 33 33 25 25 25 19 19 19 19 19 22 22 22 25 25 24 24 24 23
-9999 -9999 -9999 -9999 -9999 -9999 -9999 -9999 -9999 -9999 -9999 -9999 -9999 -9999 -9999 -9999 -9999 -9999 -9999 -9999 -9999 -9999 -9999 -9999 -9999 -9999 -9999 -9999 -9999 -9999 -9999 -9999 -9999 -9999 -9999 -9999 -9999 -9999 -9999 -9999 -9999 -9999 -9999 59 59 56 56 56 55 55 -9999 -9999 -9999 54 54 54 55 55 54 54 54 51 51 51 43 43 35 35 35 33 33 36 36 36 37 37 37 33 33 25 25 25 19 19 19 19 19 22 22 22 25 25 24 24 24 23
-9999 -9999 -9999 -9999 -9999 -9999 -9999 -9999 -9999 -9999 -9999 -9999 -9999 -9999 -9999 -9999 -9999 -9999 -9999 -9999 -9999 -9999 -9999 -9999 -9999 -9999 -9999 -9999 -9999 -9999 -9999 -9999 -9999 -9999 -9999 -9999 -9999 -9999 -9999 -9999 -9999 -9999 -9999 60 60 57 57 57 56 56 56 56 56 57 57 57 58 58 56 56 56 50 50 50 41 41 35 35 35 35 35 38 38 38 37 37 37 31 31 21 21 21 17 17 17 18 18 23 23 23 26 26 25 25 25 25
-9999 -9999 -9999 -9999 -9999 -9999 -9999 -9999 -9999 -9999 -9999 -9999 -9999 -9999 -9999 -9999 -9999 -9999 -9999 -9999 -9999 -9999 -9999 -9999 -9999 -9999 -9999 -9999 -9999 -9999 -9999 -9999 -9999 -9999 -9999 -9999 -9999 -9999 -9999 -9999 -9999 64 64 60 60 57 57 57 56 56 56 56 56 57 57 57 58 58 56 56 56 50 50 50 41 41 35 35 35 35 35 38 38 38 37 37 37 31 31 21 21 21 17 17 17 18 18 23 23 23 26 26 25 25 25 25
-9999 -9999 -9999 -9999 -9999 -9999 -9999 -9999 -9999 -9999 -9999 -9999 -9999 -9999 -9999 -9999 -9999 -9999 -9999 -9999 -9999 -9999 91 91 91 91 91 89 89 89 85 85 80 80 80 74 74 69 69 69 64 64 64 60 60 57 57 57 56 56 56 56 56 57 57 57 58 58 56 56 56 50 50 50 41 41 35 35 35 35 35 38 38 38 37 37 37 31 31 21 21 21 17 17 17 18 18 23 23 23 26 26 25 25 25 25
-9999 -9999 -9999 -9999 -9999 -9999 -9999 -9999 -9999 -9999 -9999 -9999 -9999 -9999 -9999 -9999 -9999 -9999 -9999 101 101 101 82 82 85 85 85 82 82 82 80 80 79 79 79 74 74 68 68 68 64 64 64 60 60 58 58 58 58 58 58 58 58 59 59 59 59 59 56 56 56 49 49 49 40 40 36 36 36 38 38 41 41 41 36 36 36 26 26 18 18 18 16 16 16 18 18 23 23 23 27 27 28 28 28 28
-9999 -9999 -9999 -9999 -9999 -9999 -9999 -9999 -9999 -9999 -9999 -9999 -9999 -9999 -9999 -9999 -9999 108 108 101 101 101 82 82 85 85 85 82 82 82 80 80 79 79 79 74 74 68 68 68 64 64 64 60 60 58 58 58 58 58 58 58 58 59 59 59 59 59 56 56 56 49 49 49 40 40 36 36 36 38 38 41 41 41 36 36 36 26 26 18 18 18 16 16 16 18 18 23 23 23 27 27 28 28 28 28
-9999 -9999 -9999 -9999 -9999 -9999 -9999 -9999 -9999 -9999 -9999 102 102 102 96 96 96 108 108 101 101 101 82 82 85 85 85 82 82 82 80 80 79 79 79 74 74 68 68 68 64 64 64 60 60 58 58 58 58 58 58 58 58 59 59 59 59 59 56 56 56 49 49 49 40 40 36 36 36 38 38 41 41 41 36 36 36 26 26 18 18 18 16 16 16 18 18 23 23 23 27 27 28 28 28 28
-9999 -9999 -9999 -9999 -9999 -9999 -9999 -9999 -9999 127 127 112 112 112 82 82 82 109 109 102 102 102 65 65 69 69 69 68 68 68 72 72 77 77 77 73 73 67 67 67 63 63 63 60 60 59 59 59 61 61 61 61 61 60 60 60 58 58 56 56 56 49 49 49 41 41 38 38 38 41 41 42 42 42 35 35 35 23 23 16 16 16 15 15 15 18 18 24 24 24 29 29 32 32 32 33
-9999 -9999 -9999 -9999 -9999 -9999 -9999 -9999 118 127 127 112 112 112 82 82 82 109 109 102 102 102 65 65 69 69 69 68 68 68 72 72 77 77 77 73 73 67 67 67 63 63 63 60 60 59 59 59 61 61 61 61 61 60 60 60 58 58 56 56 56 49 49 49 41 41 38 38 38 41 41 42 42 42 35 35 35 23 23 16 16 16 15 15 15 18 18 24 24 24 29 29 32 32 32 33
-9999 -9999 -9999 -9999 -9999 -9999 -9999 128 128 127 127 117 117 117 65 65 65 80 80 75 75 75 53 53 60 60 60 67 67 67 75 75 76 76 76 71 71 66 66 66 62 62 62 59 59 60 60 60 62 62 62 63 63 61 61 61 58 58 56 56 56 51 51 51 44 44 40 40 40 41 41 43 43 43 35 35 35 23 23 15 15 15 12 12 12 16 16 24 24 24 33 33 38 38 38 38
-9999 -9999 -9999 -9999 -9999 -9999 128 128 128 127 127 117 117 117 65 65 65 80 80 75 75 75 53 53 60 60 60 67 67 67 75 75 76 76 76 71 71 66 66 66 62 62 62 59 59 60 60 60 62 62 62 63 63 61 61 61 58 58 56 56 56 51 51 51 44 44 40 40 40 41 41 43 43 43 35 35 35 23 23 15 15 15 12 12 12 16 16 24 24 24 33 33 38 38 38 38
-9999 -9999 -9999 -9999 -9999 148 128 128 128 127 127 117 117 117 65 65 65 80 80 75 75 75 53 53 60 60 60 67 67 67 75 75 76 76 76 71 71 66 66 66 62 62 62 59 59 60 60 60 62 62 62 63 63 61 61 61 58 58 56 56 56 51 51 51 44 44 40 40 40 41 41 43 43 43 35 35 35 23 23 15 15 15 12 12 12 16 16 24 24 24 33 33 38 38 38 38
-9999 -9999 -9999 -9999 170 170 133 133 133 99 99 91 91 91 54 54 54 52 52 55 55 55 60 60 69 69 69 78 78 78 79 79 75 75 75 70 70 65 65 65 60 60 60 58 58 60 60 60 63 63 63 65 65 63 63 63 59 59 57 57 57 54 54 54 47 47 42 42 42 41 41 41 41 41 36 36 36 25 25 15 15 15 11 11 11 15 15 26 26 26 37 37 43 43 43 41
-9999 -9999 -9999 170 170 170 133 133 133 99 99 91 91 91 54 54 54 52 52 55 55 55 60 60 69 69 69 78 78 78 79 79 75 75 75 70 70 65 65 65 60 60 60 58 58 60 60 60 63 63 63 65 65 63 63 63 59 59 57 57 57 54 54 54 47 47 42 42 42 41 41 41 41 41 36 36 36 25 25 15 15 15 11 11 11 15 15 26 26 26 37 37 43 43 43 41
-9999 -9999 159 170 170 170 133 133 133 99 99 91 91 91 54 54 54 52 52 55 55 55 60 60 69 69 69 78 78 78 79 79 75 75 75 70 70 65 65 65 60 60 60 58 58 60 60 60 63 63 63 65 65 63 63 63 59 59 57 57 57 54 54 54 47 47 42 42 42 41 41 41 41 41 36 36 36 25 25 15 15 15 11 11 11 15 15 26 26 26 37 37 43 43 43 41
-9999 -9999 189 184 184 184 107 107 107 69 69 61 61 61 56 56 56 59 59 64 64 64 71 71 76 76 76 78 78 78 75 75 72 72 72 68 68 64 64 64 60 60 60 58 58 60 60 60 64 64 64 66 66 64 64 64 61 61 58 58 58 55 55 55 50 50 44 44 44 41 41 40 40 40 35 35 35 27 27 18 18 18 14 14 14 18 18 28 28 28 39 39 44 44 44 43
-9999 189 189 184 184 184 107 107 107 69 69 61 61 61 56 56 56 59 59 64 64 64 71 71 76 76 76 78 78 78 75 75 72 72 72 68 68 64 64 64 60 60 60 58 58 60 60 60 64 64 64 66 66 64 64 64 61 61 58 58 58 55 55 55 50 50 44 44 44 41 41 40 40 40 35 35 35 27 27 18 18 18 14 14 14 18 18 28 28 28 39 39 44 44 44 43
-9999 193 193 166 166 166 77 77 77 71 71 67 67 67 67 67 67 70 70 74 74 74 76 76 76 76 76 74 74 74 72 72 69 69 69 66 66 64 64 64 61 61 61 59 59 60 60 60 64 64 64 66 66 64 64 64 61 61 58 58 58 55 55 55 51 51 47 47 47 43 43 39 39 39 35 35 35 30 30 24 24 24 21 21 21 23 23 30 30 30 38 38 42 42 42 41
-9999 193 193 166 166 166 77 77 77 71 71 67 67 67 67 67 67 70 70 74 74 74 76 76 76 76 76 74 74 74 72 72 69 69 69 66 66 64 64 64 61 61 61 59 59 60 60 60 64 64 64 66 66 64 64 64 61 61 58 58 58 55 55 55 51 51 47 47 47 43 43 39 39 39 35 35 35 30 30 24 24 24 21 21 21 23 23 30 30 30 38 38 42 42 42 41
-9999 193 193 166 166 166 77 77 77 71 71 67 67 67 67 67 67 70 70 74 74 74 76 76 76 76 76 74 74 74 72 72 69 69 69 66 66 64 64 64 61 61 61 59 59 60 60 60 64 64 64 66 66 64 64 64 61 61 58 58 58 55 55 55 51 51 47 47 47 43 43 39 39 39 35 35 35 30 30 24 24 24 21 21 21 23 23 30 30 30 38 38 42 42 42 41
-9999 187 187 122 122 122 84 84 84 80 80 79 79 79 78 78 78 76 76 74 74 74 74 74 73 73 73 72 72 72 69 69 67 67 67 65 65 63 63 63 62 62 62 61 61 62 62 62 64 64 64 64 64 63 63 63 61 61 57 57 57 54 54 54 52 52 48 48 48 44 44 40 40 40 38 38 38 35 35 32 32 32 28 28 28 28 28 31 31 31 35 35 37 37 37 37
188 187 187 122 122 122 84 84 84 80 80 79 79 79 78 78 78 76 76 74 74 74 74 74 73 73 73 72 72 72 69 69 67 67 67 65 65 63 63 63 62 62 62 61 61 62 62 62 64 64 64 64 64 63 63 63 61 61 57 57 57 54 54 54 52 52 48 48 48 44 44 40 40 40 38 38 38 35 35 32 32 32 28 28 28 28 28 31 31 31 35 35 37 37 37 37
196 187 187 105 105 105 100 100 100 95 95 87 87 87 80 80 80 74 74 71 71 71 70 70 70 70 70 69 69 69 67 67 65 65 65 64 64 63 63 63 63 63 63 63 63 63 63 63 63 63 63 63 63 62 62 62 60 60 56 56 56 54 54 54 52 52 48 48 48 44 44 42 42 42 43 43 43 43 43 39 39 39 35 35 35 33 33 33 33 33 33 33 33 33 33 32
196 187 187 105 105 105 100 100 100 95 95 87 87 87 80 80 80 74 74 71 71 71 70 70 70 70 70 69 69 69 67 67 65 65 65 64 64 63 63 63 63 63 63 63 63 63 63 63 63 63 63 63 63 62 62 62 60 60 56 56 56 54 54 54 52 52 48 48 48 44 44 42 42 42 43 43 43 43 43 39 39 39 35 35 35 33 33 33 33 33 33 33 33 33 33 32
196 187 187 105 105 105 100 100 100 95 95 87 87 87 80 80 80 74 74 71 71 71 70 70 70 70 70 69 69 69 67 67 65 65 65 64 64 63 63 63 63 63 63 63 63 63 63 63 63 63 63 63 63 62 62 62 60 60 56 56 56 54 54 54 52 52 48 48 48 44 44 42 42 42 43 43 43 43 43 39 39 39 35 35 35 33 33 33 33 33 33 33 33 33 33 32
187 179 179 120 120 120 122 122 122 105 105 88 88 88 78 78 78 72 72 68 68 68 67 67 67 67 67 66 66 66 65 65 64 64 64 63 63 63 63 63 63 63 63 64 64 64 64 64 64 64 64 63 63 61 61 61 59 59 57 57 57 55 55 55 52 52 48 48 48 46 46 46 46 46 48 48 48 48 48 44 44 44 39 39 39 36 36 34 34 34 32 32 30 30 30 28
187 179 179 120 120 120 122 122 122 105 105 88 88 88 78 78 78 72 72 68 68 68 67 67 67 67 67 66 66 66 65 65 64 64 64 63 63 63 63 63 63 63 63 64 64 64 64 64 64 64 64 63 63 61 61 61 59 59 57 57 57 55 55 55 52 52 48 48 48 46 46 46 46 46 48 48 48 48 48 44 44 44 39 39 39 36 36 34 34 34 32 32 30 30 30 28
187 179 179 120 120 120 122 122 122 105 105 88 88 88 78 78 78 72 72 68 68 68 67 67 67 67 67 66 66 66 65 65 64 64 64 63 63 63 63 63 63 63 63 64 64 64 64 64 64 64 64 63 63 61 61 61 59 59 57 57 57 55 55 55 52 52 48 48 48 46 46 46 46 46 48 48 48 48 48 44 44 44 39 39 39 36 36 34 34 34 32 32 30 30 30 28
174 168 168 133 133 133 135 135 135 109 109 88 88 88 77 77 77 71 71 68 68 68 65 65 64 64 64 63 63 63 63 63 63 63 63 64 64 64 64 64 64 64 64 64 64 65 65 65 64 64 64 63 63 62 62 62 60 60 58 58 58 56 56 56 52 52 49 49 49 49 49 50 50 50 51 51 51 50 50 47 47 47 43 43 43 39 39 36 36 36 32 32 29 29 29 26
-9999 168 168 133 133 133 135 135 135 109 109 88 88 88 77 77 77 71 71 68 68 68 65 65 64 64 64 63 63 63 63 63 63 63 63 64 64 64 64 64 64 64 64 64 64 65 65 65 64 64 64 63 63 62 62 62 60 60 58 58 58 56 56 56 52 52 49 49 49 49 49 50 50 50 51 51 51 50 50 47 47 47 43 43 43 39 39 36 36 36 32 32 29 29 29 26
-9999 157 157 139 139 139 134 134 134 109 109 89 89 89 78 78 78 72 72 68 68 68 65 65 62 62 62 60 60 60 61 61 62 62 62 63 63 64 64 64 64 64 64 64 64 65 65 65 65 65 65 64 64 63 63 63 62 62 61 61 61 57 57 57 53 53 51 51 51 51 51 53 53 53 53 53 53 52 52 49 49 49 45 45 45 41 41 37 37 37 32 32 29 29 29 26
-9999 157 157 139 139 139 134 134 134 109 109 89 89 89 78 78 78 72 72 68 68 68 65 65 62 62 62 60 60 60 61 61 62 62 62 63 63 64 64 64 64 64 64 64 64 65 65 65 65 65 65 64 64 63 63 63 62 62 61 61 61 57 57 57 53 53 51 51 51 51 51 53 53 53 53 53 53 52 52 49 49 49 45 45 45 41 41 37 37 37 32 32 29 29 29 26
-9999 -9999 157 139 139 139 134 134 134 109 109 89 89 89 78 78 78 72 72 68 68 68 65 65 62 62 62 60 60 60 61 61 62 62 62 63 63 64 64 64 64 64 64 64 64 65 65 65 65 65 65 64 64 63 63 63 62 62 61 61 61 57 57 57 53 53 51 51 51 51 51 53 53 53 53 53 53 52 52 49 49 49 45 45 45 41 41 37 37 37 32 32 29 29 29 26
-9999 -9999 -9999 140 140 140 127 127 127 106 106 90 90 90 79 79 79 73 73 69 69 69 65 65 61 61 61 59 59 59 59 59 61 61 61 63 63 63 63 63 63 63 63 64 64 66 66 66 67 67 67 66 66 65 65 65 64 64 62 62 62 59 59 59 56 56 54 54 54 54 54 54 54 54 54 54 54 53 53 50 50 50 47 47 47 43 43 38 38 38 33 33 30 30 30 27
-9999 -9999 -9999 140 140 140 127 127 127 106 106 90 90 90 79 79 79 73 73 69 69 69 65 65 61 61 61 59 59 59 59 59 61 61 61 63 63 63 63 63 63 63 63 64 64 66 66 66 67 67 67 66 66 65 65 65 64 64 62 62 62 59 59 59 56 56 54 54 54 54 54 54 54 54 54 54 54 53 53 50 50 50 47 47 47 43 43 38 38 38 33 33 30 30 30 27
-9999 -9999 -9999 -9999 -9999 135 120 120 120 102 102 89 89 89 80 80 80 74 74 70 70 70 65 65 61 -9999 -9999 -9999 -9999 -9999 59 59 61 61 61 62 62 63 63 63 63 63 63 64 64 66 66 66 68 68 68 68 68 67 67 67 65 65 63 63 63 62 62 62 59 59 57 57 57 56 56 56 56 56 55 55 55 54 54 52 52 52 49 49 49 44 44 39 39 39 35 35 31 31 31 29
