SEB_model/sample_data_files/historical_long/hillshade_historical_long/aprilnoon.txt
ncols         768
nrows         486
xllcorner     388353.95236715
yllcorner     7583725.4876181
cellsize      5
NODATA_value  -9999
[rows 294 to 335 of 486, columns 470 to 563 of 768]
0 0 0 0 0 0 0 0 0 0 0 0 0 0 0 0 0 0 0 0 0 0 0 0 0 0 0 0 0 0 0 0 0 0 0 0 0 0 0 0 0 0 0 0 0 0 0 0 0 0 0 0 0 0 0 0 0 0 0 0 0 0 0 0 0 0 0 0 0 0 0 0 0 0 0 0 0 0 0 0 0 0 0 0 0 0 0 0 0 0 0 0 0 0
0 0 0 0 0 0 0 0 0 0 0 0 0 0 0 0 0 0 0 0 0 0 0 0 0 0 0 0 0 0 0 0 0 0 0 0 0 0 0 0 0 0 0 0 0 0 0 0 0 0 0 0 0 0 0 0 0 0 0 0 0 0 0 0 0 0 0 0 0 0 0 0 0 0 0 0 0 0 0 0 0 0 0 0 0 0 0 0 0 0 0 0 0 0
0 0 0 0 0 0 0 0 0 0 0 0 0 0 0 0 0 0 0 0 0 0 0 0 0 0 0 0 0 0 0 0 0 0 0 0 0 0 0 0 0 0 0 0 0 0 0 0 0 0 0 0 0 0 0 0 0 0 0 0 0 0 0 0 0 0 0 0 0 0 0 0 0 0 0 0 0 0 0 0 0 0 0 0 0 0 0 0 0 0 0 0 0 0
17 17 12 12 5 5 5 0 0 0 0 0 0 0 0 0 0 0 0 0 0 0 0 0 0 0 0 0 0 0 0 0 0 2 2 2 13 13 12 12 12 0 0 0 0 0 0 0 0 0 0 0 0 0 0 0 0 0 0 0 0 0 0 0 0 0 0 0 0 0 0 0 0 0 0 0 0 0 0 0 0 0 0 0 0 0 0 0 0 0 0 0 0 0
17 17 12 12 5 5 5 0 0 0 0 0 0 0 0 0 0 0 0 0 0 0 0 0 0 0 0 0 0 0 0 0 0 2 2 2 13 13 12 12 12 0 0 0 0 0 0 0 0 0 0 0 0 0 0 0 0 0 0 0 0 0 0 0 0 0 0 0 0 0 0 0 0 0 0 0 0 0 0 0 0 0 0 0 0 0 0 0 0 0 0 0 0 0
17 17 12 12 5 5 5 0 0 0 0 0 0 0 0 0 0 0 0 0 0 0 0 0 0 0 0 0 0 0 0 0 0 2 2 2 13 13 12 12 12 0 0 0 0 0 0 0 0 0 0 0 0 0 0 0 0 0 0 0 0 0 0 0 0 0 0 0 0 0 0 0 0 0 0 0 0 0 0 0 0 0 0 0 0 0 0 0 0 0 0 0 0 0
29 29 25 25 21 21 21 17 17 17 15 15 13 13 13 12 12 12 11 11 8 8 8 0 0 0 0 0 7 7 7 0 0 15 15 15 20 20 20 20 20 13 13 13 0 0 0 0 0 0 0 0 0 0 0 0 0 0 0 0 0 0 0 0 0 0 0 0 0 0 0 0 0 0 0 0 0 0 0 0 0 0 0 0 0 0 0 0 0 0 0 0 0 0
29 29 25 25 21 21 21 17 17 17 15 15 13 13 13 12 12 12 11 11 8 8 8 0 0 0 0 0 7 7 7 0 0 15 15 15 20 20 20 20 20 13 13 13 0 0 0 0 0 0 0 0 0 0 0 0 0 0 0 0 0 0 0 0 0 0 0 0 0 0 0 0 0 0 0 0 0 0 0 0 0 0 0 0 0 0 0 0 0 0 0 0 0 0
17 17 16 16 14 14 14 11 11 11 9 9 8 8 8 9 9 9 12 12 11 11 11 8 8 8 8 8 11 11 11 11 11 11 11 11 11 11 11 11 11 6 6 6 0 0 0 0 0 0 0 0 0 0 0 0 0 0 0 0 0 0 0 0 0 0 0 0 0 0 0 0 0 0 0 0 0 0 0 0 0 0 0 0 0 0 0 0 0 0 0 0 0 0
17 17 16 16 14 14 14 11 11 11 9 9 8 8 8 9 9 9 12 12 11 11 11 8 8 8 8 8 11 11 11 11 11 11 11 11 11 11 11 11 11 6 6 6 0 0 0 0 0 0 0 0 0 0 0 0 0 0 0 0 0 0 0 0 0 0 0 0 0 0 0 0 0 0 0 0 0 0 0 0 0 0 0 0 0 0 0 0 0 0 0 0 0 0
17 17 16 16 14 14 14 11 11 11 9 9 8 8 8 9 9 9 12 12 11 11 11 8 8 8 8 8 11 11 11 11 11 11 11 11 11 11 11 11 11 6 6 6 0 0 0 0 0 0 0 0 0 0 0 0 0 0 0 0 0 0 0 0 0 0 0 0 0 0 0 0 0 0 0 0 0 0 0 0 0 0 0 0 0 0 0 0 0 0 0 0 0 0
39 39 40 40 40 40 40 38 38 38 38 38 38 38 38 39 39 39 42 42 44 44 44 44 44 45 45 45 47 47 47 48 48 46 46 46 43 43 41 41 41 36 36 36 33 33 29 29 29 24 24 24 21 21 19 19 19 20 20 22 22 22 24 24 24 25 25 22 22 22 17 17 7 7 7 0 0 0 0 0 0 0 0 0 0 0 0 0 0 0 0 0 0 0
39 39 40 40 40 40 40 38 38 38 38 38 38 38 38 39 39 39 42 42 44 44 44 44 44 45 45 45 47 47 47 48 48 46 46 46 43 43 41 41 41 36 36 36 33 33 29 29 29 24 24 24 21 21 19 19 19 20 20 22 22 22 24 24 24 25 25 22 22 22 17 17 7 7 7 0 0 0 0 0 0 0 0 0 0 0 0 0 0 0 0 0 0 0
39 39 40 40 40 40 40 38 38 38 38 38 38 38 38 39 39 39 42 42 44 44 44 44 44 45 45 45 47 47 47 48 48 46 46 46 43 43 41 41 41 36 36 36 33 33 29 29 29 24 24 24 21 21 19 19 19 20 20 22 22 22 24 24 24 25 25 22 22 22 17 17 7 7 7 0 0 0 0 0 0 0 0 0 0 0 0 0 0 0 0 0 0 0
49 49 49 49 49 49 49 50 50 50 52 52 53 53 53 54 54 54 56 56 58 58 58 59 59 60 60 60 60 60 60 61 61 61 61 61 59 59 56 56 56 52 52 52 50 50 48 48 48 44 44 44 41 41 39 39 39 39 39 39 39 39 38 38 38 38 38 38 38 38 36 36 32 32 32 25 25 25 17 17 0 0 0 0 0 0 0 0 0 0 0 0 0 0
49 49 49 49 49 49 49 50 50 50 52 52 53 53 53 54 54 54 56 56 58 58 58 59 59 60 60 60 60 60 60 61 61 61 61 61 59 59 56 56 56 52 52 52 50 50 48 48 48 44 44 44 41 41 39 39 39 39 39 39 39 39 38 38 38 38 38 38 38 38 36 36 32 32 32 25 25 25 17 17 0 0 0 0 0 0 0 0 0 0 0 0 0 0
58 58 56 56 56 56 56 58 58 58 61 61 64 64 64 66 66 66 67 67 67 67 67 68 68 68 68 68 66 66 66 65 65 65 65 65 65 65 63 63 63 60 60 60 59 59 58 58 58 56 56 56 55 55 53 53 53 51 51 49 49 49 48 48 48 47 47 46 46 46 45 45 45 45 45 41 41 41 36 36 29 29 29 22 22 22 18 18 16 16 16 14 14 11
58 58 56 56 56 56 56 58 58 58 61 61 64 64 64 66 66 66 67 67 67 67 67 68 68 68 68 68 66 66 66 65 65 65 65 65 65 65 63 63 63 60 60 60 59 59 58 58 58 56 56 56 55 55 53 53 53 51 51 49 49 49 48 48 48 47 47 46 46 46 45 45 45 45 45 41 41 41 36 36 29 29 29 22 22 22 18 18 16 16 16 14 14 11
58 58 56 56 56 56 56 58 58 58 61 61 64 64 64 66 66 66 67 67 67 67 67 68 68 68 68 68 66 66 66 65 65 65 65 65 65 65 63 63 63 60 60 60 59 59 58 58 58 56 56 56 55 55 53 53 53 51 51 49 49 49 48 48 48 47 47 46 46 46 45 45 45 45 45 41 41 41 36 36 29 29 29 22 22 22 18 18 16 16 16 14 14 11
67 67 67 67 68 68 68 70 70 70 74 74 77 77 77 78 78 78 79 79 78 78 78 77 77 77 77 77 75 75 75 73 73 71 71 71 70 70 68 68 68 67 67 67 67 67 69 69 69 70 70 70 71 71 71 71 71 68 68 66 66 66 63 63 63 61 61 59 59 59 57 57 56 56 56 54 54 54 52 52 49 49 49 44 44 44 40 40 34 34 34 29 29 27
67 67 67 67 68 68 68 70 70 70 74 74 77 77 77 78 78 78 79 79 78 78 78 77 77 77 77 77 75 75 75 73 73 71 71 71 70 70 68 68 68 67 67 67 67 67 69 69 69 70 70 70 71 71 71 71 71 68 68 66 66 66 63 63 63 61 61 59 59 59 57 57 56 56 56 54 54 54 52 52 49 49 49 44 44 44 40 40 34 34 34 29 29 27
67 67 67 67 68 68 68 70 70 70 74 74 77 77 77 78 78 78 79 79 78 78 78 77 77 77 77 77 75 75 75 73 73 71 71 71 70 70 68 68 68 67 67 67 67 67 69 69 69 70 70 70 71 71 71 71 71 68 68 66 66 66 63 63 63 61 61 59 59 59 57 57 56 56 56 54 54 54 52 52 49 49 49 44 44 44 40 40 34 34 34 29 29 27
62 62 63 63 64 64 64 65 65 65 70 70 74 74 74 75 75 75 76 76 75 75 75 74 74 74 74 74 73 73 73 71 71 67 67 67 63 63 60 60 60 60 60 60 62 62 65 65 65 68 68 68 71 71 72 72 72 71 71 69 69 69 65 65 65 63 63 59 59 59 54 54 50 50 50 46 46 46 46 46 46 46 46 43 43 43 40 40 35 35 35 30 30 26
62 62 63 63 64 64 64 65 65 65 70 70 74 74 74 75 75 75 76 76 75 75 75 74 74 74 74 74 73 73 73 71 71 67 67 67 63 63 60 60 60 60 60 60 62 62 65 65 65 68 68 68 71 71 72 72 72 71 71 69 69 69 65 65 65 63 63 59 59 59 54 54 50 50 50 46 46 46 46 46 46 46 46 43 43 43 40 40 35 35 35 30 30 26
81 81 81 81 81 81 81 82 82 82 86 86 89 89 89 90 90 90 92 92 93 93 93 92 92 90 90 90 89 89 89 89 89 89 89 89 87 87 84 84 84 81 81 81 82 82 83 83 83 85 85 85 88 88 90 90 90 90 90 90 90 90 88 88 88 86 86 83 83 83 78 78 74 74 74 69 69 69 69 69 69 69 69 67 67 67 67 67 65 65 65 62 62 57
81 81 81 81 81 81 81 82 82 82 86 86 89 89 89 90 90 90 92 92 93 93 93 92 92 90 90 90 89 89 89 89 89 89 89 89 87 87 84 84 84 81 81 81 82 82 83 83 83 85 85 85 88 88 90 90 90 90 90 90 90 90 88 88 88 86 86 83 83 83 78 78 74 74 74 69 69 69 69 69 69 69 69 67 67 67 67 67 65 65 65 62 62 57
81 81 81 81 81 81 81 82 82 82 86 86 89 89 89 90 90 90 92 92 93 93 93 92 92 90 90 90 89 89 89 89 89 89 89 89 87 87 84 84 84 81 81 81 82 82 83 83 83 85 85 85 88 88 90 90 90 90 90 90 90 90 88 88 88 86 86 83 83 83 78 78 74 74 74 69 69 69 69 69 69 69 69 67 67 67 67 67 65 65 65 62 62 57
92 92 94 94 94 94 94 94 94 94 96 96 97 97 97 97 97 97 99 99 100 100 100 99 99 98 98 98 97 97 97 100 100 102 102 102 105 105 105 105 105 101 101 101 97 97 95 95 95 95 95 95 97 97 98 98 98 98 98 98 98 98 96 96 96 97 97 96 96 96 96 96 95 95 95 90 90 90 85 85 82 82 82 80 80 80 81 81 80 80 80 77 77 74
92 92 94 94 94 94 94 94 94 94 96 96 97 97 97 97 97 97 99 99 100 100 100 99 99 98 98 98 97 97 97 100 100 102 102 102 105 105 105 105 105 101 101 101 97 97 95 95 95 95 95 95 97 97 98 98 98 98 98 98 98 98 96 96 96 97 97 96 96 96 96 96 95 95 95 90 90 90 85 85 82 82 82 80 80 80 81 81 80 80 80 77 77 74
97 97 100 100 102 102 102 100 100 100 100 100 99 99 99 98 98 98 98 98 97 97 97 96 96 97 97 97 100 100 100 103 103 107 107 107 112 112 114 114 114 113 113 113 111 111 107 107 107 103 103 103 102 102 100 100 100 98 98 98 98 98 98 98 98 100 100 101 101 101 103 103 104 104 104 100 100 100 94 94 88 88 88 83 83 83 83 83 82 82 82 80 80 77
97 97 100 100 102 102 102 100 100 100 100 100 99 99 99 98 98 98 98 98 97 97 97 96 96 97 97 97 100 100 100 103 103 107 107 107 112 112 114 114 114 113 113 113 111 111 107 107 107 103 103 103 102 102 100 100 100 98 98 98 98 98 98 98 98 100 100 101 101 101 103 103 104 104 104 100 100 100 94 94 88 88 88 83 83 83 83 83 82 82 82 80 80 77
97 97 100 100 102 102 102 100 100 100 100 100 99 99 99 98 98 98 98 98 97 97 97 96 96 97 97 97 100 100 100 103 103 107 107 107 112 112 114 114 114 113 113 113 111 111 107 107 107 103 103 103 102 102 100 100 100 98 98 98 98 98 98 98 98 100 100 101 101 101 103 103 104 104 104 100 100 100 94 94 88 88 88 83 83 83 83 83 82 82 82 80 80 77
110 110 112 112 114 114 114 112 112 112 112 112 111 111 111 109 109 109 107 107 105 105 105 104 104 107 107 107 110 110 110 114 114 117 117 117 120 120 123 123 123 126 126 126 127 127 124 124 124 117 117 117 112 112 110 110 110 110 110 111 111 111 111 111 111 112 112 113 113 113 116 116 117 117 117 114 114 114 111 111 106 106 106 101 101 101 100 100 99 99 99 97 97 95
110 110 112 112 114 114 114 112 112 112 112 112 111 111 111 109 109 109 107 107 105 105 105 104 104 107 107 107 110 110 110 114 114 117 117 117 120 120 123 123 123 126 126 126 127 127 124 124 124 117 117 117 112 112 110 110 110 110 110 111 111 111 111 111 111 112 112 113 113 113 116 116 117 117 117 114 114 114 111 111 106 106 106 101 101 101 100 100 99 99 99 97 97 95
110 110 112 112 114 114 114 112 112 112 112 112 111 111 111 109 109 109 107 107 105 105 105 104 104 107 107 107 110 110 110 114 114 117 117 117 120 120 123 123 123 126 126 126 127 127 124 124 124 117 117 117 112 112 110 110 110 110 110 111 111 111 111 111 111 112 112 113 113 113 116 116 117 117 117 114 114 114 111 111 106 106 106 101 101 101 100 100 99 99 99 97 97 95
112 112 114 114 116 116 116 116 116 116 117 117 116 116 116 114 114 114 112 112 110 110 110 110 110 111 111 111 113 113 113 119 119 121 121 121 122 122 126 126 126 129 129 129 131 131 129 129 129 125 125 125 120 120 119 119 119 120 120 120 120 120 117 117 117 118 118 120 120 120 122 122 123 123 123 122 122 122 121 121 119 119 119 115 115 115 113 113 109 109 109 105 105 103
112 112 114 114 116 116 116 116 116 116 117 117 116 116 116 114 114 114 112 112 110 110 110 110 110 111 111 111 113 113 113 119 119 121 121 121 122 122 126 126 126 129 129 129 131 131 129 129 129 125 125 125 120 120 119 119 119 120 120 120 120 120 117 117 117 118 118 120 120 120 122 122 123 123 123 122 122 122 121 121 119 119 119 115 115 115 113 113 109 109 109 105 105 103
108 108 111 111 115 115 115 116 116 116 118 118 118 118 118 116 116 116 115 115 113 113 113 114 114 115 115 115 116 116 116 119 119 122 122 122 124 124 127 127 127 128 128 128 130 130 130 130 130 127 127 127 126 126 124 124 124 123 123 120 120 120 117 117 117 118 118 121 121 121 123 123 125 125 125 125 125 125 127 127 128 128 128 124 124 124 121 121 116 116 116 111 111 107
108 108 111 111 115 115 115 116 116 116 118 118 118 118 118 116 116 116 115 115 113 113 113 114 114 115 115 115 116 116 116 119 119 122 122 122 124 124 127 127 127 128 128 128 130 130 130 130 130 127 127 127 126 126 124 124 124 123 123 120 120 120 117 117 117 118 118 121 121 121 123 123 125 125 125 125 125 125 127 127 128 128 128 124 124 124 121 121 116 116 116 111 111 107
108 108 111 111 115 115 115 116 116 116 118 118 118 118 118 116 116 116 115 115 113 113 113 114 114 115 115 115 116 116 116 119 119 122 122 122 124 124 127 127 127 128 128 128 130 130 130 130 130 127 127 127 126 126 124 124 124 123 123 120 120 120 117 117 117 118 118 121 121 121 123 123 125 125 125 125 125 125 127 127 128 128 128 124 124 124 121 121 116 116 116 111 111 107
110 110 112 112 114 114 114 116 116 116 119 119 119 119 119 117 117 117 117 117 118 118 118 117 117 117 117 117 116 116 116 118 118 121 121 121 125 125 128 128 128 129 129 129 130 130 130 130 130 128 128 128 127 127 124 124 124 118 118 117 117 117 119 119 119 122 122 123 123 123 124 124 126 126 126 129 129 129 133 133 133 133 133 129 129 129 125 125 123 123 123 120 120 114
110 110 112 112 114 114 114 116 116 116 119 119 119 119 119 117 117 117 117 117 118 118 118 117 117 117 117 117 116 116 116 118 118 121 121 121 125 125 128 128 128 129 129 129 130 130 130 130 130 128 128 128 127 127 124 124 124 118 118 117 117 117 119 119 119 122 122 123 123 123 124 124 126 126 126 129 129 129 133 133 133 133 133 129 129 129 125 125 123 123 123 120 120 114
