SEB_model/sample_data_files/historical_long/hillshade_historical_long/aprilnoon.txt
ncols         768
nrows         486
xllcorner     388353.95236715
yllcorner     7583725.4876181
cellsize      5
NODATA_value  -9999
[rows 294 to 335 of 486, columns 188 to 281 of 768]
98 98 98 98 99 99 98 98 98 97 97 97 97 97 97 97 97 95 95 95 93 93 89 89 89 87 87 89 89 89 91 91 91 91 91 87 87 87 81 81 74 74 74 66 66 66 58 58 52 52 52 49 49 49 44 44 38 38 38 28 28 19 19 19 17 17 17 19 19 18 18 18 15 15 11 11 11 10 10 10 9 9 9 9 9 7 7 7 5 5 3 3 3 0
95 96 96 96 95 95 94 94 94 89 89 89 86 86 85 85 85 87 87 87 88 88 89 89 89 89 89 89 89 89 88 88 88 86 86 82 82 82 77 77 70 70 70 59 59 59 49 49 46 46 46 48 48 48 49 49 44 44 44 32 32 21 21 21 18 18 18 17 17 15 15 15 13 13 11 11 11 10 10 10 12 12 13 13 13 15 15 15 15 15 13 13 13 10
95 96 96 96 95 95 94 94 94 89 89 89 86 86 85 85 85 87 87 87 88 88 89 89 89 89 89 89 89 89 88 88 88 86 86 82 82 82 77 77 70 70 70 59 59 59 49 49 46 46 46 48 48 48 49 49 44 44 44 32 32 21 21 21 18 18 18 17 17 15 15 15 13 13 11 11 11 10 10 10 12 12 13 13 13 15 15 15 15 15 13 13 13 10
95 95 95 95 94 94 91 91 91 88 88 88 85 85 84 84 84 85 85 85 88 88 91 91 91 93 93 91 91 91 87 87 87 84 84 80 80 80 75 75 65 65 65 54 54 54 49 49 49 49 49 51 51 51 52 52 46 46 46 36 36 26 26 26 20 20 20 16 16 14 14 14 13 13 12 12 12 12 12 12 14 14 17 17 17 19 19 19 20 20 18 18 18 15
95 95 95 95 94 94 91 91 91 88 88 88 85 85 84 84 84 85 85 85 88 88 91 91 91 93 93 91 91 91 87 87 87 84 84 80 80 80 75 75 65 65 65 54 54 54 49 49 49 49 49 51 51 51 52 52 46 46 46 36 36 26 26 26 20 20 20 16 16 14 14 14 13 13 12 12 12 12 12 12 14 14 17 17 17 19 19 19 20 20 18 18 18 15
95 95 95 95 94 94 91 91 91 88 88 88 85 85 84 84 84 85 85 85 88 88 91 91 91 93 93 91 91 91 87 87 87 84 84 80 80 80 75 75 65 65 65 54 54 54 49 49 49 49 49 51 51 51 52 52 46 46 46 36 36 26 26 26 20 20 20 16 16 14 14 14 13 13 12 12 12 12 12 12 14 14 17 17 17 19 19 19 20 20 18 18 18 15
92 91 91 91 89 89 87 87 87 85 85 85 84 84 83 83 83 84 84 84 88 88 91 91 91 91 91 88 88 88 84 84 84 81 81 78 78 78 72 72 64 64 64 57 57 57 54 54 53 53 53 53 53 53 52 52 48 48 48 43 43 35 35 35 26 26 26 20 20 17 17 17 16 16 16 16 16 16 16 16 17 17 18 18 18 20 20 20 21 21 20 20 20 15
92 91 91 91 89 89 87 87 87 85 85 85 84 84 83 83 83 84 84 84 88 88 91 91 91 91 91 88 88 88 84 84 84 81 81 78 78 78 72 72 64 64 64 57 57 57 54 54 53 53 53 53 53 53 52 52 48 48 48 43 43 35 35 35 26 26 26 20 20 17 17 17 16 16 16 16 16 16 16 16 17 17 18 18 18 20 20 20 21 21 20 20 20 15
79 77 77 77 76 76 75 75 75 73 73 73 72 72 72 72 72 74 74 74 78 78 78 78 78 77 77 76 76 76 76 76 76 75 75 70 70 70 64 64 60 60 60 55 55 55 50 50 47 47 47 45 45 45 44 44 45 45 45 46 46 43 43 43 37 37 37 32 32 29 29 29 26 26 23 23 23 20 20 20 19 19 19 19 19 20 20 20 19 19 16 16 16 16
79 77 77 77 76 76 75 75 75 73 73 73 72 72 72 72 72 74 74 74 78 78 78 78 78 77 77 76 76 76 76 76 76 75 75 70 70 70 64 64 60 60 60 55 55 55 50 50 47 47 47 45 45 45 44 44 45 45 45 46 46 43 43 43 37 37 37 32 32 29 29 29 26 26 23 23 23 20 20 20 19 19 19 19 19 20 20 20 19 19 16 16 16 16
79 77 77 77 76 76 75 75 75 73 73 73 72 72 72 72 72 74 74 74 78 78 78 78 78 77 77 76 76 76 76 76 76 75 75 70 70 70 64 64 60 60 60 55 55 55 50 50 47 47 47 45 45 45 44 44 45 45 45 46 46 43 43 43 37 37 37 32 32 29 29 29 26 26 23 23 23 20 20 20 19 19 19 19 19 20 20 20 19 19 16 16 16 -9999
84 82 82 82 81 81 80 80 80 79 79 79 80 80 82 82 82 83 83 83 83 83 81 81 81 79 79 79 79 79 82 82 82 86 86 85 85 85 78 78 69 69 69 60 60 60 55 55 53 53 53 52 52 52 49 49 47 47 47 47 47 48 48 48 49 49 49 47 47 42 42 42 35 35 27 27 27 22 22 22 21 21 21 21 21 18 18 18 0 0 17 17 -9999 -9999
84 82 82 82 81 81 80 80 80 79 79 79 80 80 82 82 82 83 83 83 83 83 81 81 81 79 79 79 79 79 82 82 82 86 86 85 85 85 78 78 69 69 69 60 60 60 55 55 53 53 53 52 52 52 49 49 47 47 47 47 47 48 48 48 49 49 49 47 47 42 42 42 35 35 27 27 27 22 22 22 21 21 21 21 21 18 18 18 0 0 -9999 -9999 -9999 -9999
84 82 82 82 81 81 80 80 80 79 79 79 80 80 82 82 82 83 83 83 83 83 81 81 81 79 79 79 79 79 82 82 82 86 86 85 85 85 78 78 69 69 69 60 60 60 55 55 53 53 53 52 52 52 49 49 47 47 47 47 47 48 48 48 49 49 49 47 47 42 42 42 35 35 27 27 27 22 22 22 21 21 21 21 21 -9999 -9999 -9999 -9999 -9999 -9999 -9999 -9999 -9999
86 83 83 83 80 80 77 77 77 78 78 78 82 82 85 85 85 84 84 84 82 82 80 80 80 76 76 72 72 72 70 70 70 75 75 82 82 82 81 81 73 73 73 63 63 63 54 54 49 49 49 46 46 46 44 44 44 44 44 46 46 48 48 48 52 52 52 51 51 46 46 46 36 36 27 27 27 23 23 23 22 22 23 -9999 -9999 -9999 -9999 -9999 -9999 -9999 -9999 -9999 -9999 -9999
86 83 83 83 80 80 77 77 77 78 78 78 82 82 85 85 85 84 84 84 82 82 80 80 80 76 76 72 72 72 70 70 70 75 75 82 82 82 81 81 73 73 73 63 63 63 54 54 49 49 49 46 46 46 44 44 44 44 44 46 46 48 48 48 52 52 52 51 51 46 46 46 36 36 27 27 27 23 23 23 22 22 23 -9999 -9999 -9999 -9999 -9999 -9999 -9999 -9999 -9999 -9999 -9999
87 84 84 84 80 80 78 78 78 79 79 79 83 83 85 85 85 84 84 84 84 84 82 82 82 79 79 74 74 74 67 67 67 64 64 66 66 66 71 71 70 70 70 64 64 64 55 55 47 47 47 42 42 42 42 42 44 44 44 44 44 42 42 42 40 40 40 38 38 33 33 33 29 29 25 25 25 24 24 24 24 24 23 -9999 -9999 -9999 -9999 -9999 -9999 -9999 -9999 -9999 -9999 -9999
87 84 84 84 80 80 78 78 78 79 79 79 83 83 85 85 85 84 84 84 84 84 82 82 82 79 79 74 74 74 67 67 67 64 64 66 66 66 71 71 70 70 70 64 64 64 55 55 47 47 47 42 42 42 42 42 44 44 44 44 44 42 42 42 40 40 40 38 38 33 33 33 29 29 25 25 25 24 24 24 24 24 23 23 -9999 -9999 -9999 -9999 -9999 -9999 -9999 -9999 -9999 -9999
87 84 84 84 80 80 78 78 78 79 79 79 83 83 85 85 85 84 84 84 84 84 82 82 82 79 79 74 74 74 67 67 67 64 64 66 66 66 71 71 70 70 70 64 64 64 55 55 47 47 47 42 42 42 42 42 44 44 44 44 44 42 42 42 40 40 40 38 38 33 33 33 29 29 25 25 25 24 24 24 24 24 23 23 -9999 -9999 -9999 -9999 -9999 -9999 -9999 -9999 -9999 -9999
80 81 81 81 81 81 81 81 81 80 80 80 80 80 81 81 81 82 82 82 84 84 85 85 85 84 84 78 78 78 65 65 65 48 48 41 41 41 48 48 57 57 57 59 59 59 54 54 47 47 47 41 41 41 37 37 37 37 37 38 38 35 35 35 29 29 29 24 24 23 23 23 25 25 27 27 27 27 27 27 25 25 23 23 -9999 -9999 -9999 -9999 -9999 -9999 -9999 -9999 -9999 -9999
80 81 81 81 81 81 81 81 81 80 80 80 80 80 81 81 81 82 82 82 84 84 85 85 85 84 84 78 78 78 65 65 65 48 48 41 41 41 48 48 57 57 57 59 59 59 54 54 47 47 47 41 41 41 37 37 37 37 37 38 38 35 35 35 29 29 29 24 24 23 23 23 25 25 27 27 27 27 27 27 25 25 23 23 -9999 -9999 -9999 -9999 -9999 -9999 -9999 -9999 -9999 -9999
80 81 81 81 81 81 81 81 81 80 80 80 80 80 81 81 81 82 82 82 84 84 85 85 85 84 84 78 78 78 65 65 65 48 48 41 41 41 48 48 57 57 57 59 59 59 54 54 47 47 47 41 41 41 37 37 37 37 37 38 38 35 35 35 29 29 29 24 24 23 23 23 25 25 27 27 27 27 27 27 25 25 23 23 -9999 -9999 -9999 -9999 -9999 -9999 -9999 -9999 -9999 -9999
64 68 68 68 73 73 75 75 75 71 71 71 65 65 62 62 62 63 63 63 68 68 70 70 70 65 65 55 55 55 42 42 42 31 31 24 24 24 26 26 35 35 35 40 40 40 41 41 38 38 38 32 32 32 28 28 28 28 28 33 33 33 33 33 29 29 29 26 26 27 27 27 31 31 34 34 34 32 32 32 28 28 25 25 -9999 -9999 -9999 -9999 -9999 -9999 -9999 -9999 -9999 -9999
64 68 68 68 73 73 75 75 75 71 71 71 65 65 62 62 62 63 63 63 68 68 70 70 70 65 65 55 55 55 42 42 42 31 31 24 24 24 26 26 35 35 35 40 40 40 41 41 38 38 38 32 32 32 28 28 28 28 28 33 33 33 33 33 29 29 29 26 26 27 27 27 31 31 34 34 34 32 32 32 28 28 25 25 -9999 -9999 -9999 -9999 -9999 -9999 -9999 -9999 -9999 -9999
73 77 77 77 82 82 84 84 84 81 81 81 77 77 72 72 72 68 68 68 67 67 66 66 66 61 61 52 52 52 46 46 46 47 47 48 48 48 45 45 40 40 40 39 39 39 40 40 42 42 42 42 42 42 41 41 40 40 40 38 38 37 37 37 37 37 37 37 37 38 38 38 41 41 41 41 41 38 38 38 33 33 31 31 -9999 -9999 -9999 -9999 -9999 -9999 -9999 -9999 -9999 -9999
73 77 77 77 82 82 84 84 84 81 81 81 77 77 72 72 72 68 68 68 67 67 66 66 66 61 61 52 52 52 46 46 46 47 47 48 48 48 45 45 40 40 40 39 39 39 40 40 42 42 42 42 42 42 41 41 40 40 40 38 38 37 37 37 37 37 37 37 37 38 38 38 41 41 41 41 41 38 38 38 33 33 31 31 -9999 -9999 -9999 -9999 -9999 -9999 -9999 -9999 -9999 -9999
73 77 77 77 82 82 84 84 84 81 81 81 77 77 72 72 72 68 68 68 67 67 66 66 66 61 61 52 52 52 46 46 46 47 47 48 48 48 45 45 40 40 40 39 39 39 40 40 42 42 42 42 42 42 41 41 40 40 40 38 38 37 37 37 37 37 37 37 37 38 38 38 41 41 41 41 41 38 38 38 33 33 31 -9999 -9999 -9999 -9999 -9999 -9999 -9999 -9999 -9999 -9999 -9999
75 74 74 74 74 74 78 78 78 81 81 81 79 79 70 70 70 59 59 59 52 52 48 48 48 44 44 41 41 41 43 43 43 47 47 50 50 50 47 47 41 41 41 37 37 37 37 37 40 40 40 44 44 44 48 48 48 48 48 44 44 42 42 42 43 43 43 45 45 46 46 46 46 46 45 45 45 44 44 44 43 43 42 -9999 -9999 -9999 -9999 -9999 -9999 -9999 -9999 -9999 -9999 -9999
75 74 74 74 74 74 78 78 78 81 81 81 79 79 70 70 70 59 59 59 52 52 48 48 48 44 44 41 41 41 43 43 43 47 47 50 50 50 47 47 41 41 41 37 37 37 37 37 40 40 40 44 44 44 48 48 48 48 48 44 44 42 42 42 43 43 43 45 45 46 46 46 46 46 45 45 45 44 44 44 43 43 42 -9999 -9999 -9999 -9999 -9999 -9999 -9999 -9999 -9999 -9999 -9999
64 59 59 59 55 55 55 55 55 57 57 57 57 57 52 52 52 43 43 43 33 33 26 26 26 25 25 28 28 28 32 32 32 32 32 29 29 29 29 29 31 31 31 31 31 31 31 31 34 34 34 39 39 39 41 41 41 41 41 41 41 42 42 42 44 44 44 46 46 47 47 47 48 48 51 51 51 54 54 54 56 56 57 -9999 -9999 -9999 -9999 -9999 -9999 -9999 -9999 -9999 -9999 -9999
64 59 59 59 55 55 55 55 55 57 57 57 57 57 52 52 52 43 43 43 33 33 26 26 26 25 25 28 28 28 32 32 32 32 32 29 29 29 29 29 31 31 31 31 31 31 31 31 34 34 34 39 39 39 41 41 41 41 41 41 41 42 42 42 44 44 44 46 46 47 47 47 48 48 51 51 51 54 54 54 56 56 57 -9999 -9999 -9999 -9999 -9999 -9999 -9999 -9999 -9999 -9999 -9999
64 59 59 59 55 55 55 55 55 57 57 57 57 57 52 52 52 43 43 43 33 33 26 26 26 25 25 28 28 28 32 32 32 32 32 29 29 29 29 29 31 31 31 31 31 31 31 31 34 34 34 39 39 39 41 41 41 41 41 41 41 42 42 42 44 44 44 46 46 47 47 47 48 48 51 51 51 54 54 54 56 56 57 -9999 -9999 -9999 -9999 -9999 -9999 -9999 -9999 -9999 -9999 -9999
77 72 72 72 64 64 55 55 55 50 50 50 51 51 58 58 58 60 60 60 53 53 46 46 46 46 46 50 50 50 50 50 50 45 45 41 41 41 42 42 42 42 42 41 41 41 42 42 44 44 44 45 45 45 44 44 42 42 42 42 42 42 42 42 43 43 43 45 45 50 50 50 56 56 63 63 63 68 68 68 72 72 75 -9999 -9999 -9999 -9999 -9999 -9999 -9999 -9999 -9999 -9999 -9999
77 72 72 72 64 64 55 55 55 50 50 50 51 51 58 58 58 60 60 60 53 53 46 46 46 46 46 50 50 50 50 50 50 45 45 41 41 41 42 42 42 42 42 41 41 41 42 42 44 44 44 45 45 45 44 44 42 42 42 42 42 42 42 42 43 43 43 45 45 50 50 50 56 56 63 63 63 68 68 68 72 72 75 75 -9999 -9999 -9999 -9999 -9999 -9999 -9999 -9999 -9999 -9999
77 72 72 72 64 64 55 55 55 50 50 50 51 51 58 58 58 60 60 60 53 53 46 46 46 46 46 50 50 50 50 50 50 45 45 41 41 41 42 42 42 42 42 41 41 41 42 42 44 44 44 45 45 45 44 44 42 42 42 42 42 42 42 42 43 43 43 45 45 50 50 50 56 56 63 63 63 68 68 68 72 72 75 75 -9999 -9999 -9999 -9999 -9999 -9999 -9999 -9999 -9999 -9999
71 68 68 68 60 60 46 46 46 35 35 35 36 36 44 44 44 51 51 51 54 54 53 53 53 53 53 52 52 52 49 49 49 46 46 45 45 45 46 46 45 45 45 44 44 44 43 43 41 41 41 40 40 40 40 40 42 42 42 43 43 42 42 42 41 41 41 45 45 54 54 54 66 66 76 76 76 83 83 83 88 88 91 91 -9999 -9999 -9999 -9999 -9999 -9999 -9999 -9999 -9999 -9999
71 68 68 68 60 60 46 46 46 35 35 35 36 36 44 44 44 51 51 51 54 54 53 53 53 53 53 52 52 52 49 49 49 46 46 45 45 45 46 46 45 45 45 44 44 44 43 43 41 41 41 40 40 40 40 40 42 42 42 43 43 42 42 42 41 41 41 45 45 54 54 54 66 66 76 76 76 83 83 83 88 88 91 91 -9999 -9999 -9999 -9999 -9999 -9999 -9999 -9999 -9999 -9999
63 58 58 58 53 53 45 45 45 39 39 39 37 37 36 36 36 37 37 37 45 45 55 55 55 60 60 57 57 57 54 54 54 53 53 54 54 54 53 53 51 51 51 47 47 47 43 43 38 38 38 37 37 37 40 40 45 45 45 46 46 44 44 44 43 43 43 48 48 59 59 59 72 72 84 84 84 92 92 92 99 99 105 105 -9999 -9999 -9999 -9999 -9999 -9999 -9999 -9999 -9999 -9999
63 58 58 58 53 53 45 45 45 39 39 39 37 37 36 36 36 37 37 37 45 45 55 55 55 60 60 57 57 57 54 54 54 53 53 54 54 54 53 53 51 51 51 47 47 47 43 43 38 38 38 37 37 37 40 40 45 45 45 46 46 44 44 44 43 43 43 48 48 59 59 59 72 72 84 84 84 92 92 92 99 99 105 -9999 -9999 -9999 -9999 -9999 -9999 -9999 -9999 -9999 -9999 -9999
63 58 58 58 53 53 45 45 45 39 39 39 37 37 36 36 36 37 37 37 45 45 55 55 55 60 60 57 57 57 54 54 54 53 53 54 54 54 53 53 51 51 51 47 47 47 43 43 38 38 38 37 37 37 40 40 45 45 45 46 46 44 44 44 43 43 43 48 48 59 59 59 72 72 84 84 84 92 92 92 99 99 105 -9999 -9999 -9999 -9999 -9999 -9999 -9999 -9999 -9999 -9999 -9999
62 52 52 52 49 49 52 52 52 54 54 54 46 46 33 33 33 27 27 27 33 33 44 44 44 53 53 59 59 59 63 63 63 64 64 64 64 64 62 62 58 58 58 50 50 50 41 41 37 37 37 40 40 40 45 45 51 51 51 56 56 61 61 61 64 64 64 69 69 76 76 76 83 83 91 91 91 100 100 100 110 110 118 -9999 -9999 -9999 -9999 -9999 -9999 -9999 -9999 -9999 -9999 -9999
62 52 52 52 49 49 52 52 52 54 54 54 46 46 33 33 33 27 27 27 33 33 44 44 44 53 53 59 59 59 63 63 63 64 64 64 64 64 62 62 58 58 58 50 50 50 41 41 37 37 37 40 40 40 45 45 51 51 51 56 56 61 61 61 64 64 64 69 69 76 76 76 83 83 91 91 91 100 100 100 110 110 -9999 -9999 -9999 -9999 -9999 -9999 -9999 -9999 -9999 -9999 -9999 -9999
