SEB_model/sample_data_files/historical_long/hillshade_historical_long/april6am.txt
ncols         768
nrows         486
xllcorner     388353.95236715
yllcorner     7583725.4876181
cellsize      5
NODATA_value  -9999
[rows 240 to 279 of 486, columns 270 to 359 of 768]
107 107 107 113 113 113 91 91 90 90 90 105 105 125 125 125 135 135 135 116 116 115 115 115 117 117 117 112 112 107 107 107 81 81 70 70 70 66 66 66 53 53 53 53 53 59 59 59 59 59 50 50 50 37 37 36 36 36 46 46 46 53 53 55 55 55 57 57 55 55 55 50 50 50 47 47 50 50 50 56 56 62 62 62 65 65 65 69 69 73
107 107 107 113 113 113 91 91 90 90 90 105 105 125 125 125 135 135 135 116 116 115 115 115 117 117 117 112 112 107 107 107 81 81 70 70 70 66 66 66 53 53 53 53 53 59 59 59 59 59 50 50 50 37 37 36 36 36 46 46 46 53 53 55 55 55 57 57 55 55 55 50 50 50 47 47 50 50 50 56 56 62 62 62 65 65 65 69 69 73
116 116 116 129 129 129 111 111 103 103 103 105 105 115 115 115 124 124 124 105 105 105 105 105 101 101 101 87 87 87 87 87 75 75 70 70 70 66 66 66 54 54 52 52 52 53 53 44 44 44 34 34 34 33 33 43 43 43 54 54 54 57 57 56 56 56 58 58 56 56 56 51 51 51 48 48 50 50 50 57 57 62 62 62 65 65 65 68 68 73
116 116 116 129 129 129 111 111 103 103 103 105 105 115 115 115 124 124 124 105 105 105 105 105 101 101 101 87 87 87 87 87 75 75 70 70 70 66 66 66 54 54 52 52 52 53 53 44 44 44 34 34 34 33 33 43 43 43 54 54 54 57 57 56 56 56 58 58 56 56 56 51 51 51 48 48 50 50 50 57 57 62 62 62 65 65 65 68 68 73
116 116 116 129 129 129 111 111 103 103 103 105 105 115 115 115 124 124 124 105 105 105 105 105 101 101 101 87 87 87 87 87 75 75 70 70 70 66 66 66 54 54 52 52 52 53 53 44 44 44 34 34 34 33 33 43 43 43 54 54 54 57 57 56 56 56 58 58 56 56 56 51 51 51 48 48 50 50 50 57 57 62 62 62 65 65 65 68 68 73
122 122 122 138 138 138 125 125 117 117 117 105 105 98 98 98 101 101 101 85 85 87 87 87 85 85 85 75 75 77 77 77 71 71 68 68 68 61 61 61 50 50 48 48 48 44 44 33 33 33 27 27 27 37 37 53 53 53 61 61 61 60 60 58 58 58 59 59 58 58 58 54 54 54 51 51 53 53 53 57 57 60 60 60 64 64 64 67 67 72
122 122 122 138 138 138 125 125 117 117 117 105 105 98 98 98 101 101 101 85 85 87 87 87 85 85 85 75 75 77 77 77 71 71 68 68 68 61 61 61 50 50 48 48 48 44 44 33 33 33 27 27 27 37 37 53 53 53 61 61 61 60 60 58 58 58 59 59 58 58 58 54 54 54 51 51 53 53 53 57 57 60 60 60 64 64 64 67 67 72
122 122 122 138 138 138 125 125 117 117 117 105 105 98 98 98 101 101 101 85 85 87 87 87 85 85 85 75 75 77 77 77 71 71 68 68 68 61 61 61 50 50 48 48 48 44 44 33 33 33 27 27 27 37 37 53 53 53 61 61 61 60 60 58 58 58 59 59 58 58 58 54 54 54 51 51 53 53 53 57 57 60 60 60 64 64 64 67 67 72
119 119 119 134 134 134 124 124 116 116 116 95 95 73 73 73 76 76 76 70 70 73 73 73 76 76 76 73 73 72 72 72 65 65 59 59 59 52 52 52 46 46 45 45 45 40 40 32 32 32 31 31 31 43 43 57 57 57 63 63 63 62 62 61 61 61 61 61 60 60 60 57 57 57 55 55 55 55 55 56 56 59 59 59 62 62 62 67 67 72
119 119 119 134 134 134 124 124 116 116 116 95 95 73 73 73 76 76 76 70 70 73 73 73 76 76 76 73 73 72 72 72 65 65 59 59 59 52 52 52 46 46 45 45 45 40 40 32 32 32 31 31 31 43 43 57 57 57 63 63 63 62 62 61 61 61 61 61 60 60 60 57 57 57 55 55 55 55 55 56 56 59 59 59 62 62 62 67 67 72
107 107 107 115 115 115 104 104 95 95 95 79 79 65 65 65 69 69 69 67 67 68 68 68 71 71 71 71 71 68 68 68 57 57 49 49 49 47 47 47 46 46 46 46 46 42 42 37 37 37 38 38 38 47 47 58 58 58 63 63 63 65 65 64 64 64 64 64 62 62 62 59 59 59 57 57 56 56 56 56 56 58 58 58 61 61 61 66 66 72
107 107 107 115 115 115 104 104 95 95 95 79 79 65 65 65 69 69 69 67 67 68 68 68 71 71 71 71 71 68 68 68 57 57 49 49 49 47 47 47 46 46 46 46 46 42 42 37 37 37 38 38 38 47 47 58 58 58 63 63 63 65 65 64 64 64 64 64 62 62 62 59 59 59 57 57 56 56 56 56 56 58 58 58 61 61 61 66 66 72
107 107 107 115 115 115 104 104 95 95 95 79 79 65 65 65 69 69 69 67 67 68 68 68 71 71 71 71 71 68 68 68 57 57 49 49 49 47 47 47 46 46 46 46 46 42 42 37 37 37 38 38 38 47 47 58 58 58 63 63 63 65 65 64 64 64 64 64 62 62 62 59 59 59 57 57 56 56 56 56 56 58 58 58 61 61 61 66 66 72
84 84 84 87 87 87 80 80 77 77 77 74 74 69 69 69 73 73 73 68 68 64 64 64 65 65 65 65 65 60 60 60 50 50 45 45 45 44 44 44 45 45 46 46 46 46 46 45 45 45 46 46 46 51 51 57 57 57 63 63 63 65 65 66 66 66 66 66 63 63 63 60 60 60 57 57 56 56 56 56 56 57 57 57 61 61 61 66 66 72
84 84 84 87 87 87 80 80 77 77 77 74 74 69 69 69 73 73 73 68 68 64 64 64 65 65 65 65 65 60 60 60 50 50 45 45 45 44 44 44 45 45 46 46 46 46 46 45 45 45 46 46 46 51 51 57 57 57 63 63 63 65 65 66 66 66 66 66 63 63 63 60 60 60 57 57 56 56 56 56 56 57 57 57 61 61 61 66 66 72
63 63 63 69 69 69 69 69 73 73 73 74 74 74 74 74 76 76 76 67 67 59 59 59 58 58 58 58 58 52 52 52 46 46 43 43 43 42 42 42 44 44 48 48 48 52 52 53 53 53 52 52 52 53 53 56 56 56 61 61 61 65 65 67 67 67 67 67 64 64 64 60 -9999 -9999 -9999 -9999 -9999 -9999 55 56 56 -9999 -9999 58 61 61 61 66 66 72
63 63 63 69 69 69 69 69 73 73 73 74 74 74 74 74 76 76 76 67 67 59 59 59 58 58 58 58 58 52 52 52 46 46 43 43 43 42 42 42 44 44 48 48 48 52 52 53 53 53 52 52 52 53 53 56 56 56 61 61 61 65 65 67 67 67 67 67 64 -9999 -9999 -9999 -9999 -9999 -9999 -9999 -9999 -9999 -9999 -9999 -9999 -9999 -9999 -9999 -9999 -9999 -9999 -9999 66 72
63 63 63 69 69 69 69 69 73 73 73 74 74 74 74 74 76 76 76 67 67 59 59 59 58 58 58 58 58 52 52 52 46 46 43 43 43 42 42 42 44 44 48 48 48 52 52 53 53 53 52 52 52 53 53 56 56 56 61 61 61 65 65 67 67 67 67 67 -9999 -9999 -9999 -9999 -9999 -9999 -9999 -9999 -9999 -9999 -9999 -9999 -9999 -9999 -9999 -9999 -9999 -9999 -9999 -9999 -9999 -9999
59 59 59 68 68 68 70 70 74 74 74 76 76 74 74 74 71 71 71 60 60 54 54 54 54 54 54 54 54 49 49 49 43 43 40 40 40 41 41 41 44 44 49 49 49 55 55 57 57 57 55 55 55 53 53 55 55 55 60 60 60 65 65 68 68 -9999 -9999 -9999 -9999 -9999 -9999 -9999 -9999 -9999 -9999 -9999 -9999 -9999 -9999 -9999 -9999 -9999 -9999 -9999 -9999 -9999 62 67 -9999 -9999
59 59 59 68 68 68 70 70 74 74 74 76 76 74 74 74 71 71 71 60 60 54 54 54 54 54 54 54 54 49 49 49 43 43 40 40 40 41 41 41 44 44 49 49 49 55 55 57 57 57 55 55 55 53 53 55 55 55 60 60 -9999 -9999 -9999 -9999 -9999 -9999 -9999 -9999 -9999 -9999 -9999 -9999 -9999 -9999 -9999 -9999 -9999 -9999 -9999 -9999 -9999 -9999 -9999 -9999 62 62 62 67 67 -9999
59 59 59 68 68 68 70 70 74 74 74 76 76 74 74 74 71 71 71 60 60 54 54 54 54 54 54 54 54 49 49 49 43 43 40 40 40 41 41 41 44 44 49 49 49 55 55 57 57 57 55 55 55 53 53 55 -9999 -9999 -9999 -9999 -9999 -9999 -9999 -9999 -9999 -9999 -9999 -9999 -9999 -9999 -9999 -9999 -9999 -9999 -9999 -9999 -9999 -9999 -9999 -9999 -9999 -9999 -9999 -9999 62 62 62 67 67 73
61 61 61 69 69 69 69 69 72 72 72 72 72 67 67 67 62 62 62 55 55 52 52 52 53 53 53 52 52 47 47 47 41 41 40 40 40 42 42 42 45 45 48 48 48 53 53 56 56 56 56 56 56 55 55 57 -9999 -9999 -9999 -9999 -9999 -9999 -9999 -9999 -9999 -9999 -9999 -9999 -9999 -9999 -9999 -9999 -9999 -9999 -9999 -9999 -9999 -9999 -9999 -9999 -9999 -9999 -9999 59 63 63 63 68 68 74
61 61 61 69 69 69 69 69 72 72 72 72 72 67 67 67 62 62 62 55 55 52 52 52 53 53 53 52 52 47 47 47 41 41 40 40 40 42 42 42 45 45 48 48 48 53 53 56 56 56 56 56 56 55 55 57 -9999 -9999 -9999 -9999 -9999 -9999 -9999 -9999 -9999 -9999 -9999 -9999 -9999 -9999 -9999 -9999 -9999 -9999 -9999 -9999 -9999 -9999 -9999 -9999 -9999 -9999 -9999 59 63 63 63 68 68 74
59 59 59 64 64 64 64 64 64 64 64 65 65 62 62 62 57 57 57 52 52 51 51 51 52 52 52 51 51 46 46 46 41 41 40 40 40 42 42 42 44 44 46 46 46 49 49 53 53 53 56 56 56 59 59 60 -9999 -9999 -9999 -9999 -9999 -9999 -9999 -9999 -9999 -9999 -9999 -9999 -9999 -9999 -9999 -9999 -9999 -9999 -9999 -9999 -9999 -9999 -9999 -9999 -9999 -9999 -9999 61 65 65 65 70 70 76
59 59 59 64 64 64 64 64 64 64 64 65 65 62 62 62 57 57 57 52 52 51 51 51 52 52 52 51 51 46 46 46 41 41 40 40 40 42 42 42 44 44 46 46 46 49 49 53 53 53 56 56 56 59 59 -9999 -9999 -9999 -9999 -9999 -9999 -9999 -9999 -9999 -9999 -9999 -9999 -9999 -9999 -9999 -9999 -9999 -9999 -9999 -9999 -9999 -9999 -9999 -9999 -9999 -9999 -9999 -9999 -9999 -9999 65 65 70 70 76
59 59 59 64 64 64 64 64 64 64 64 65 65 62 62 62 57 57 57 52 52 51 51 51 52 52 52 51 51 46 46 46 41 41 40 40 40 42 42 42 44 44 46 46 46 49 49 53 53 53 56 56 56 -9999 -9999 -9999 -9999 -9999 -9999 -9999 -9999 -9999 -9999 -9999 -9999 -9999 -9999 -9999 -9999 -9999 -9999 -9999 -9999 -9999 -9999 -9999 -9999 -9999 -9999 -9999 -9999 -9999 -9999 -9999 65 65 65 70 70 76
51 51 51 57 57 57 59 59 60 60 60 61 61 59 59 59 54 54 54 50 50 51 51 51 53 53 53 51 51 46 46 46 41 41 40 40 40 42 42 42 43 43 44 44 44 46 46 -9999 -9999 -9999 -9999 -9999 -9999 -9999 -9999 -9999 -9999 -9999 -9999 -9999 -9999 -9999 -9999 -9999 -9999 -9999 -9999 -9999 -9999 -9999 -9999 -9999 -9999 -9999 -9999 -9999 -9999 -9999 -9999 -9999 -9999 -9999 -9999 63 66 66 66 70 70 75
51 51 51 57 57 57 59 59 60 60 60 61 61 59 59 59 54 54 54 50 50 51 51 51 53 53 53 51 51 46 46 46 41 41 40 40 40 42 42 42 43 43 44 44 -9999 -9999 -9999 -9999 -9999 -9999 -9999 -9999 -9999 -9999 -9999 -9999 -9999 -9999 -9999 -9999 -9999 -9999 -9999 -9999 -9999 -9999 -9999 -9999 -9999 -9999 -9999 -9999 -9999 -9999 -9999 -9999 -9999 -9999 -9999 -9999 -9999 -9999 63 63 66 66 66 70 70 75
46 46 46 52 52 52 56 56 58 58 58 58 58 55 55 55 52 52 52 50 50 52 52 52 54 54 54 52 52 46 46 46 41 41 40 40 40 42 42 42 44 44 44 44 -9999 -9999 -9999 -9999 -9999 -9999 -9999 -9999 -9999 -9999 -9999 -9999 -9999 -9999 -9999 -9999 -9999 -9999 -9999 -9999 -9999 -9999 -9999 -9999 -9999 -9999 -9999 -9999 -9999 -9999 -9999 -9999 -9999 -9999 -9999 -9999 -9999 61 61 61 63 63 63 64 64 71
46 46 46 52 52 52 56 56 58 58 58 58 58 55 55 55 52 52 52 50 50 52 52 52 54 54 54 52 52 46 46 46 41 41 40 40 40 42 42 42 44 44 44 44 -9999 -9999 -9999 -9999 -9999 -9999 -9999 -9999 -9999 -9999 -9999 -9999 -9999 -9999 -9999 -9999 -9999 -9999 -9999 -9999 -9999 -9999 -9999 -9999 -9999 -9999 -9999 -9999 -9999 -9999 -9999 -9999 -9999 -9999 -9999 -9999 61 61 61 61 63 63 63 64 64 71
46 46 46 52 52 52 56 56 58 58 58 58 58 55 55 55 52 52 52 50 50 52 52 52 54 54 54 52 52 46 46 46 41 41 40 40 40 42 42 42 44 44 44 44 44 -9999 -9999 -9999 -9999 -9999 -9999 -9999 -9999 -9999 -9999 -9999 -9999 -9999 -9999 -9999 -9999 -9999 -9999 -9999 -9999 -9999 -9999 -9999 -9999 -9999 -9999 -9999 -9999 -9999 -9999 -9999 -9999 -9999 -9999 61 61 61 61 61 63 63 63 64 64 71
43 43 43 47 47 47 51 51 53 53 53 54 54 53 53 53 52 52 52 52 52 53 53 53 54 54 54 52 52 46 46 46 40 40 39 39 39 41 41 41 45 45 46 46 46 49 -9999 -9999 -9999 -9999 -9999 -9999 -9999 -9999 -9999 -9999 -9999 -9999 -9999 -9999 -9999 -9999 -9999 -9999 -9999 -9999 -9999 -9999 -9999 -9999 -9999 -9999 -9999 -9999 -9999 -9999 -9999 -9999 -9999 58 58 55 55 55 60 60 60 62 62 70
43 43 43 47 47 47 51 51 53 53 53 54 54 53 53 53 52 52 52 52 52 53 53 53 54 54 54 52 52 46 46 46 40 40 39 39 39 41 41 41 45 45 46 46 46 49 -9999 -9999 -9999 -9999 -9999 -9999 -9999 -9999 -9999 -9999 -9999 -9999 -9999 -9999 -9999 -9999 -9999 -9999 -9999 -9999 -9999 -9999 -9999 -9999 -9999 -9999 -9999 -9999 -9999 -9999 -9999 -9999 -9999 -9999 -9999 55 55 55 60 60 60 62 62 70
43 43 43 47 47 47 51 51 53 53 53 54 54 53 53 53 52 52 52 52 52 53 53 53 54 54 54 52 52 46 46 46 40 40 39 39 39 41 41 41 45 45 46 46 46 -9999 -9999 -9999 -9999 -9999 -9999 -9999 -9999 -9999 -9999 -9999 -9999 -9999 -9999 -9999 -9999 -9999 -9999 -9999 -9999 -9999 -9999 -9999 -9999 -9999 -9999 -9999 -9999 -9999 -9999 -9999 -9999 -9999 -9999 -9999 -9999 -9999 55 55 60 60 60 62 62 70
37 37 37 41 41 41 44 44 48 48 48 51 51 52 52 52 52 52 52 52 52 53 53 53 53 53 53 51 51 46 46 46 40 40 38 38 38 42 42 42 46 46 49 49 -9999 -9999 -9999 -9999 -9999 -9999 -9999 -9999 -9999 -9999 -9999 -9999 -9999 -9999 -9999 -9999 -9999 -9999 -9999 -9999 -9999 -9999 -9999 -9999 -9999 -9999 -9999 -9999 -9999 -9999 -9999 -9999 -9999 -9999 -9999 -9999 -9999 -9999 49 49 53 53 53 63 63 69
37 37 37 41 41 41 44 44 48 48 48 51 51 52 52 52 52 52 52 52 52 53 53 53 53 53 53 51 51 46 46 46 40 40 38 38 38 42 42 42 46 46 49 -9999 -9999 -9999 -9999 -9999 -9999 -9999 -9999 -9999 -9999 -9999 -9999 -9999 -9999 -9999 -9999 -9999 -9999 -9999 -9999 -9999 -9999 -9999 -9999 -9999 -9999 -9999 -9999 -9999 -9999 -9999 -9999 -9999 -9999 -9999 -9999 -9999 -9999 49 49 49 53 53 53 63 63 69
30 30 30 34 34 34 39 39 44 44 44 49 49 51 51 51 52 52 52 52 52 52 52 52 52 52 52 50 50 44 44 44 39 39 39 39 39 42 42 42 47 47 -9999 -9999 -9999 -9999 -9999 -9999 -9999 -9999 -9999 -9999 -9999 -9999 -9999 -9999 -9999 -9999 -9999 -9999 -9999 -9999 -9999 -9999 -9999 -9999 -9999 -9999 -9999 -9999 -9999 -9999 -9999 -9999 -9999 -9999 -9999 -9999 -9999 -9999 -9999 0 0 0 47 47 47 64 64 68
30 30 30 34 34 34 39 39 44 44 44 49 49 51 51 51 52 52 52 52 52 52 52 52 52 52 52 50 50 44 44 44 39 39 39 39 39 42 42 42 47 -9999 -9999 -9999 -9999 -9999 -9999 -9999 -9999 -9999 -9999 -9999 -9999 -9999 -9999 -9999 -9999 -9999 -9999 -9999 -9999 -9999 -9999 -9999 -9999 -9999 -9999 -9999 -9999 -9999 -9999 -9999 -9999 -9999 -9999 -9999 -9999 -9999 -9999 -9999 -9999 0 0 -9999 47 47 47 64 64 68
30 30 30 34 34 34 39 39 44 44 44 49 49 51 51 51 52 52 52 52 52 52 52 52 52 52 52 50 50 44 44 44 39 39 39 39 39 42 42 42 -9999 -9999 -9999 -9999 -9999 -9999 -9999 -9999 -9999 -9999 -9999 -9999 -9999 -9999 -9999 -9999 -9999 -9999 -9999 -9999 -9999 -9999 -9999 -9999 -9999 -9999 -9999 -9999 -9999 -9999 -9999 -9999 -9999 -9999 -9999 -9999 -9999 -9999 -9999 -9999 -9999 -9999 -9999 -9999 47 47 47 64 64 68
23 23 23 28 28 28 34 34 41 41 41 46 46 49 49 49 51 51 51 51 51 52 52 52 51 51 51 49 49 44 44 44 39 39 39 39 39 42 42 -9999 -9999 -9999 -9999 -9999 -9999 -9999 -9999 -9999 -9999 -9999 -9999 -9999 -9999 -9999 -9999 -9999 -9999 -9999 -9999 -9999 -9999 -9999 -9999 -9999 -9999 -9999 -9999 -9999 -9999 -9999 -9999 -9999 -9999 -9999 -9999 -9999 -9999 -9999 -9999 -9999 -9999 -9999 -9999 -9999 43 43 43 65 65 67
