SEB_model/sample_data_files/historical_long/hillshade_historical_long/aprilnoon.txt
ncols         768
nrows         486
xllcorner     388353.95236715
yllcorner     7583725.4876181
cellsize      5
NODATA_value  -9999
[rows 336 to 377 of 486, columns 376 to 469 of 768]
58 58 59 59 60 60 60 60 60 61 61 61 62 62 62 65 65 67 67 67 69 69 69 71 71 72 72 72 73 73 75 75 75 77 77 77 81 81 83 83 83 85 85 89 89 89 94 94 94 102 102 105 105 105 107 107 107 111 111 113 113 113 114 114 113 113 113 112 112 112 113 113 112 112 112 111 111 111 110 110 108 108 108 109 109 108 108 108 105 105 105 108 108 110
58 58 59 59 60 60 60 60 60 61 61 61 62 62 62 65 65 67 67 67 69 69 69 71 71 72 72 72 73 73 75 75 75 77 77 77 81 81 83 83 83 85 85 89 89 89 94 94 94 102 102 105 105 105 107 107 107 111 111 113 113 113 114 114 113 113 113 112 112 112 113 113 112 112 112 111 111 111 110 110 108 108 108 109 109 108 108 108 105 105 105 108 108 110
58 58 59 59 60 60 60 60 60 61 61 61 62 62 62 65 65 67 67 67 69 69 69 71 71 72 72 72 73 73 75 75 75 77 77 77 81 81 83 83 83 85 85 89 89 89 94 94 94 102 102 105 105 105 107 107 107 111 111 113 113 113 114 114 113 113 113 112 112 112 113 113 112 112 112 111 111 111 110 110 108 108 108 109 109 108 108 108 105 105 105 108 108 110
64 64 66 66 67 67 67 67 67 67 67 67 67 67 67 70 70 72 72 72 74 74 74 76 76 77 77 77 78 78 80 80 80 82 82 82 84 84 86 86 86 87 87 89 89 89 90 90 90 97 97 105 105 105 110 110 110 114 114 114 114 114 114 114 114 114 114 114 114 114 115 115 115 115 115 115 115 115 114 114 113 113 113 113 113 113 113 113 110 110 110 110 110 111
64 64 66 66 67 67 67 67 67 67 67 67 67 67 67 70 70 72 72 72 74 74 74 76 76 77 77 77 78 78 80 80 80 82 82 82 84 84 86 86 86 87 87 89 89 89 90 90 90 97 97 105 105 105 110 110 110 114 114 114 114 114 114 114 114 114 114 114 114 114 115 115 115 115 115 115 115 115 114 114 113 113 113 113 113 113 113 113 110 110 110 110 110 111
64 64 66 66 67 67 67 67 67 67 67 67 67 67 67 70 70 72 72 72 74 74 74 76 76 77 77 77 78 78 80 80 80 82 82 82 84 84 86 86 86 87 87 89 89 89 90 90 90 97 97 105 105 105 110 110 110 114 114 114 114 114 114 114 114 114 114 114 114 114 115 115 115 115 115 115 115 115 114 114 113 113 113 113 113 113 113 113 110 110 110 110 110 111
65 65 67 67 68 68 68 69 69 69 69 69 70 70 70 72 72 74 74 74 75 75 75 77 77 78 78 78 80 80 81 81 81 82 82 82 85 85 86 86 86 87 87 88 88 88 88 88 88 91 91 97 97 97 103 103 103 108 108 109 109 109 111 111 114 114 114 115 115 115 116 116 115 115 115 114 114 114 114 114 112 112 112 113 113 113 113 113 111 111 111 110 110 109
65 65 67 67 68 68 68 69 69 69 69 69 70 70 70 72 72 74 74 74 75 75 75 77 77 78 78 78 80 80 81 81 81 82 82 82 85 85 86 86 86 87 87 88 88 88 88 88 88 91 91 97 97 97 103 103 103 108 108 109 109 109 111 111 114 114 114 115 115 115 116 116 115 115 115 114 114 114 114 114 112 112 112 113 113 113 113 113 111 111 111 110 110 109
60 60 63 63 65 65 65 67 67 68 68 68 68 68 68 70 70 71 71 71 73 73 73 76 76 77 77 77 78 78 79 79 79 80 80 80 82 82 82 82 82 83 83 84 84 84 85 85 85 87 87 88 88 88 91 91 91 98 98 105 105 105 109 109 112 112 112 112 112 112 114 114 113 113 113 112 112 112 111 111 108 108 108 109 109 108 108 108 106 106 106 106 106 105
60 60 63 63 65 65 65 67 67 68 68 68 68 68 68 70 70 71 71 71 73 73 73 76 76 77 77 77 78 78 79 79 79 80 80 80 82 82 82 82 82 83 83 84 84 84 85 85 85 87 87 88 88 88 91 91 91 98 98 105 105 105 109 109 112 112 112 112 112 112 114 114 113 113 113 112 112 112 111 111 108 108 108 109 109 108 108 108 106 106 106 106 106 105
60 60 63 63 65 65 65 67 67 68 68 68 68 68 68 70 70 71 71 71 73 73 73 76 76 77 77 77 78 78 79 79 79 80 80 80 82 82 82 82 82 83 83 84 84 84 85 85 85 87 87 88 88 88 91 91 91 98 98 105 105 105 109 109 112 112 112 112 112 112 114 114 113 113 113 112 112 112 111 111 108 108 108 109 109 108 108 108 106 106 106 106 106 105
69 69 71 71 73 73 73 75 75 76 76 76 76 76 76 77 77 78 78 78 79 79 79 82 82 83 83 83 84 84 84 84 84 84 84 84 84 84 84 84 84 85 85 85 85 85 85 85 85 87 87 88 88 88 89 89 89 93 93 100 100 100 107 107 112 112 112 114 114 114 116 116 116 116 116 115 115 115 113 113 111 111 111 110 110 109 109 109 108 108 108 109 109 108
69 69 71 71 73 73 73 75 75 76 76 76 76 76 76 77 77 78 78 78 79 79 79 82 82 83 83 83 84 84 84 84 84 84 84 84 84 84 84 84 84 85 85 85 85 85 85 85 85 87 87 88 88 88 89 89 89 93 93 100 100 100 107 107 112 112 112 114 114 114 116 116 116 116 116 115 115 115 113 113 111 111 111 110 110 109 109 109 108 108 108 109 109 108
69 69 71 71 73 73 73 75 75 76 76 76 76 76 76 77 77 78 78 78 79 79 79 82 82 83 83 83 84 84 84 84 84 84 84 84 84 84 84 84 84 85 85 85 85 85 85 85 85 87 87 88 88 88 89 89 89 93 93 100 100 100 107 107 112 112 112 114 114 114 116 116 116 116 116 115 115 115 113 113 111 111 111 110 110 109 109 109 108 108 108 109 109 108
71 71 74 74 76 76 76 77 77 78 78 78 78 78 78 79 79 80 80 80 80 80 80 83 83 84 84 84 85 85 85 85 85 84 84 84 85 85 85 85 85 84 84 85 85 85 85 85 85 86 86 87 87 87 88 88 88 89 89 91 91 91 96 96 102 102 102 107 107 107 112 112 114 114 114 115 115 115 114 114 111 111 111 111 111 109 109 109 107 107 107 109 109 108
71 71 74 74 76 76 76 77 77 78 78 78 78 78 78 79 79 80 80 80 80 80 80 83 83 84 84 84 85 85 85 85 85 84 84 84 85 85 85 85 85 84 84 85 85 85 85 85 85 86 86 87 87 87 88 88 88 89 89 91 91 91 96 96 102 102 102 107 107 107 112 112 114 114 114 115 115 115 114 114 111 111 111 111 111 109 109 109 107 107 107 109 109 108
74 74 77 77 78 78 78 79 79 80 80 80 80 80 80 81 81 82 82 82 82 82 82 83 83 84 84 84 85 85 85 85 85 85 85 85 86 86 85 85 85 85 85 85 85 85 85 85 85 86 86 87 87 87 88 88 88 89 89 89 89 89 90 90 91 91 91 94 94 94 99 99 105 105 105 110 110 110 112 112 111 111 111 110 110 109 109 109 107 107 107 108 108 108
74 74 77 77 78 78 78 79 79 80 80 80 80 80 80 81 81 82 82 82 82 82 82 83 83 84 84 84 85 85 85 85 85 85 85 85 86 86 85 85 85 85 85 85 85 85 85 85 85 86 86 87 87 87 88 88 88 89 89 89 89 89 90 90 91 91 91 94 94 94 99 99 105 105 105 110 110 110 112 112 111 111 111 110 110 109 109 109 107 107 107 108 108 108
74 74 77 77 78 78 78 79 79 80 80 80 80 80 80 81 81 82 82 82 82 82 82 83 83 84 84 84 85 85 85 85 85 85 85 85 86 86 85 85 85 85 85 85 85 85 85 85 85 86 86 87 87 87 88 88 88 89 89 89 89 89 90 90 91 91 91 94 94 94 99 99 105 105 105 110 110 110 112 112 111 111 111 110 110 109 109 109 107 107 107 108 108 108
78 78 80 80 80 80 80 81 81 81 81 81 81 81 81 0 0 0 0 0 0 0 0 0 0 0 0 0 0 0 0 0 0 84 84 84 85 85 85 85 85 85 85 85 85 85 84 84 84 85 85 87 87 87 87 87 87 88 88 89 89 89 89 89 89 89 89 90 90 90 92 92 95 95 95 100 100 100 103 103 104 104 104 106 106 107 107 107 106 106 106 108 108 107
78 78 80 80 80 80 80 81 81 81 81 81 81 81 81 0 0 0 0 0 0 0 0 0 0 0 0 0 0 0 0 0 0 84 84 84 85 85 85 85 85 85 85 85 85 85 84 84 84 85 85 87 87 87 87 87 87 88 88 89 89 89 89 89 89 89 89 90 90 90 92 92 95 95 95 100 100 100 103 103 104 104 104 106 106 107 107 107 106 106 106 108 108 107
75 75 76 76 77 77 77 77 77 78 78 78 0 0 0 0 0 0 0 0 0 0 0 0 0 0 0 0 0 0 0 0 0 0 0 0 0 0 0 0 0 83 83 83 83 83 0 0 0 0 0 0 0 0 0 0 0 0 0 86 86 86 87 87 87 87 87 87 87 87 88 88 89 89 89 90 90 90 91 91 92 92 92 94 94 96 96 96 96 96 96 97 97 97
75 75 76 76 77 77 77 77 77 78 78 78 0 0 0 0 0 0 0 0 0 0 0 0 0 0 0 0 0 0 0 0 0 0 0 0 0 0 0 0 0 83 83 83 83 83 0 0 0 0 0 0 0 0 0 0 0 0 0 86 86 86 87 87 87 87 87 87 87 87 88 88 89 89 89 90 90 90 91 91 92 92 92 94 94 96 96 96 96 96 96 97 97 97
75 75 76 76 77 77 77 77 77 78 78 78 0 0 0 0 0 0 0 0 0 0 0 0 0 0 0 0 0 0 0 0 0 0 0 0 0 0 0 0 0 83 83 83 83 83 0 0 0 0 0 0 0 0 0 0 0 0 0 86 86 86 87 87 87 87 87 87 87 87 88 88 89 89 89 90 90 90 91 91 92 92 92 94 94 96 96 96 96 96 96 97 97 97
77 77 79 79 80 80 80 0 0 0 0 0 0 0 0 0 0 0 0 0 0 0 0 0 0 0 0 0 0 0 0 0 0 0 0 0 0 0 0 0 0 0 0 0 0 0 0 0 0 0 0 0 0 0 0 0 0 0 0 0 0 0 88 88 88 88 88 87 87 87 87 87 88 88 88 89 89 89 90 90 91 91 91 91 91 92 92 92 90 90 90 90 90 91
77 77 79 79 80 80 80 0 0 0 0 0 0 0 0 0 0 0 0 0 0 0 0 0 0 0 0 0 0 0 0 0 0 0 0 0 0 0 0 0 0 0 0 0 0 0 0 0 0 0 0 0 0 0 0 0 0 0 0 0 0 0 88 88 88 88 88 87 87 87 87 87 88 88 88 89 89 89 90 90 91 91 91 91 91 92 92 92 90 90 90 90 90 91
77 77 79 79 80 80 80 0 0 0 0 0 0 0 0 0 0 0 0 0 0 0 0 0 0 0 0 0 0 0 0 0 0 0 0 0 0 0 0 0 0 0 0 0 0 0 0 0 0 0 0 0 0 0 0 0 0 0 0 0 0 0 88 88 88 88 88 87 87 87 87 87 88 88 88 89 89 89 90 90 91 91 91 91 91 92 92 92 90 90 90 90 90 91
74 74 76 76 0 0 0 0 0 0 0 0 0 0 0 0 0 0 0 0 0 0 0 0 0 0 0 0 0 0 0 0 0 0 0 0 0 0 0 0 0 0 0 0 0 0 0 0 0 0 0 0 0 0 0 0 0 0 0 0 0 0 0 0 0 0 0 0 0 0 0 0 87 87 87 88 88 88 89 89 89 89 89 90 90 91 91 91 89 89 89 89 89 88
74 74 76 76 0 0 0 0 0 0 0 0 0 0 0 0 0 0 0 0 0 0 0 0 0 0 0 0 0 0 0 0 0 0 0 0 0 0 0 0 0 0 0 0 0 0 0 0 0 0 0 0 0 0 0 0 0 0 0 0 0 0 0 0 0 0 0 0 0 0 0 0 87 87 87 88 88 88 89 89 89 89 89 90 90 91 91 91 89 89 89 89 89 88
71 71 0 0 0 0 0 0 0 0 0 0 0 0 0 0 0 0 0 0 0 0 0 0 0 0 0 0 0 0 0 0 0 0 0 0 0 0 0 0 0 0 0 0 0 0 0 0 0 0 0 0 0 0 0 0 0 0 0 0 0 0 0 0 0 0 0 0 0 0 0 0 0 0 0 0 0 0 0 0 0 0 0 89 89 89 89 89 88 88 88 88 88 88
71 71 0 0 0 0 0 0 0 0 0 0 0 0 0 0 0 0 0 0 0 0 0 0 0 0 0 0 0 0 0 0 0 0 0 0 0 0 0 0 0 0 0 0 0 0 0 0 0 0 0 0 0 0 0 0 0 0 0 0 0 0 0 0 0 0 0 0 0 0 0 0 0 0 0 0 0 0 0 0 0 0 0 89 89 89 89 89 88 88 88 88 88 88
71 71 0 0 0 0 0 0 0 0 0 0 0 0 0 0 0 0 0 0 0 0 0 0 0 0 0 0 0 0 0 0 0 0 0 0 0 0 0 0 0 0 0 0 0 0 0 0 0 0 0 0 0 0 0 0 0 0 0 0 0 0 0 0 0 0 0 0 0 0 0 0 0 0 0 0 0 0 0 0 0 0 0 89 89 89 89 89 88 88 88 88 88 88
0 0 0 0 0 0 0 0 0 0 0 0 0 0 0 0 0 0 0 0 0 0 0 0 0 0 0 0 0 0 0 0 0 0 0 0 0 0 0 0 0 0 0 0 0 0 0 0 0 0 0 0 0 0 0 0 0 0 0 0 0 0 0 0 0 0 0 0 0 0 0 0 0 0 0 0 0 0 0 0 0 0 0 87 87 87 87 87 87 87 87 87 87 87
0 0 0 0 0 0 0 0 0 0 0 0 0 0 0 0 0 0 0 0 0 0 0 0 0 0 0 0 0 0 0 0 0 0 0 0 0 0 0 0 0 0 0 0 0 0 0 0 0 0 0 0 0 0 0 0 0 0 0 0 0 0 0 0 0 0 0 0 0 0 0 0 0 0 0 0 0 0 0 0 0 0 0 87 87 87 87 87 87 87 87 87 87 87
0 0 0 0 0 0 0 0 0 0 0 0 0 0 0 0 0 0 0 0 0 0 0 0 0 0 0 0 0 0 0 0 0 0 0 0 0 0 0 0 0 0 0 0 0 0 0 0 0 0 0 0 0 0 0 0 0 0 0 0 0 0 0 0 0 0 0 0 0 0 0 0 0 0 0 0 0 0 0 0 0 0 0 0 0 83 83 83 83 83 83 0 0 83
0 0 0 0 0 0 0 0 0 0 0 0 0 0 0 0 0 0 0 0 0 0 0 0 0 0 0 0 0 0 0 0 0 0 0 0 0 0 0 0 0 0 0 0 0 0 0 0 0 0 0 0 0 0 0 0 0 0 0 0 0 0 0 0 0 0 0 0 0 0 0 0 0 0 0 0 0 0 0 0 0 0 0 0 0 83 83 83 83 83 83 0 0 83
0 0 0 0 0 0 0 0 0 0 0 0 0 0 0 0 0 0 0 0 0 0 0 0 0 0 0 0 0 0 0 0 0 0 0 0 0 0 0 0 0 0 0 0 0 0 0 0 0 0 0 0 0 0 0 0 0 0 0 0 0 0 0 0 0 0 0 0 0 0 0 0 0 0 0 0 0 0 0 0 0 0 0 0 0 83 83 83 83 83 83 0 0 83
0 0 0 0 0 0 0 0 0 0 0 0 0 0 0 0 0 0 0 0 0 0 0 0 0 0 0 0 0 0 0 0 0 0 0 0 0 0 0 0 0 0 0 0 0 0 0 0 0 0 0 0 0 0 0 0 0 0 0 0 0 0 0 0 0 0 0 0 0 0 0 0 0 0 0 0 0 0 0 0 0 0 0 0 0 0 0 0 0 0 0 0 0 0
0 0 0 0 0 0 0 0 0 0 0 0 0 0 0 0 0 0 0 0 0 0 0 0 0 0 0 0 0 0 0 0 0 0 0 0 0 0 0 0 0 0 0 0 0 0 0 0 0 0 0 0 0 0 0 0 0 0 0 0 0 0 0 0 0 0 0 0 0 0 0 0 0 0 0 0 0 0 0 0 0 0 0 0 0 0 0 0 0 0 0 0 0 0
0 0 0 0 0 0 0 0 0 0 0 0 0 0 0 0 0 0 0 0 0 0 0 0 0 0 0 0 0 0 0 0 0 0 0 0 0 0 0 0 0 0 0 0 0 0 0 0 0 0 0 0 0 0 0 0 0 0 0 0 0 0 0 0 0 0 0 0 0 0 0 0 0 0 0 0 0 0 0 0 0 0 0 0 0 0 0 0 0 0 0 0 0 0
0 0 0 0 0 0 0 0 0 0 0 0 0 0 0 0 0 0 0 0 0 0 0 0 0 0 0 0 0 0 0 0 0 0 0 0 0 0 0 0 0 0 0 0 0 0 0 0 0 0 0 0 0 0 0 0 0 0 0 0 0 0 0 0 0 0 0 0 0 0 0 0 0 0 0 0 0 0 0 0 0 0 0 0 0 0 0 0 0 0 0 0 0 0
0 0 0 0 0 0 0 0 0 0 0 0 0 0 0 0 0 0 0 0 0 0 0 0 0 0 0 0 0 0 0 0 0 0 0 0 0 0 0 0 0 0 0 0 0 0 0 0 0 0 0 0 0 0 0 0 0 0 0 0 0 0 0 0 0 0 0 0 0 0 0 0 0 0 0 0 0 0 0 0 0 0 0 0 0 0 0 0 0 0 0 0 0 0
