SEB_model/sample_data_files/historical_long/hillshade_historical_long/aug6am.txt
ncols         768
nrows         486
xllcorner     388353.95236715
yllcorner     7583725.4876181
cellsize      5
NODATA_value  -9999
[rows 273 to 311 of 486, columns 534 to 622 of 768]
82 80 80 79 79 79 79 79 79 79 79 80 80 80 82 82 85 -9999 -9999 -9999 -9999 88 91 91 96 96 96 100 100 93 93 93 77 77 77 74 74 72 72 72 71 71 66 66 66 42 42 42 30 30 28 28 28 27 27 27 40 40 54 54 54 63 63 74 74 74 89 89 89 95 95 102 102 102 97 97 97 73 73 60 60 60 139 139 177 177 177 0 0
84 82 82 81 81 81 80 80 79 79 79 81 81 81 83 83 85 85 -9999 -9999 -9999 88 91 91 96 96 96 100 100 97 97 97 83 83 83 75 75 73 73 73 71 71 69 69 69 56 56 56 40 40 28 28 28 23 23 23 35 35 53 53 53 63 63 72 72 72 84 84 84 87 87 89 89 89 87 87 87 74 74 64 64 64 58 58 145 145 145 97 97
84 82 82 81 81 81 80 80 79 79 79 81 81 81 83 83 85 85 -9999 -9999 -9999 -9999 91 91 96 96 96 100 100 97 97 97 83 83 83 75 75 73 73 73 71 71 69 69 69 56 56 56 40 40 28 28 28 23 23 23 35 35 53 53 53 63 63 72 72 72 84 84 84 87 87 89 89 89 87 87 87 74 74 64 64 64 58 58 145 145 145 97 97
86 83 83 82 82 82 80 80 79 79 79 81 81 81 85 85 86 86 86 -9999 -9999 -9999 91 91 96 96 96 100 100 101 101 101 88 88 88 76 76 73 73 73 72 72 70 70 70 64 64 64 53 53 33 33 33 25 25 25 36 36 51 51 51 62 62 70 70 70 77 77 77 77 77 79 79 79 81 81 81 74 74 68 68 68 60 60 54 54 54 60 60
86 83 83 82 82 82 80 80 79 79 79 81 81 81 85 85 86 86 86 -9999 -9999 -9999 91 91 96 96 96 100 100 101 101 101 88 88 88 76 76 73 73 73 72 72 70 70 70 64 64 64 53 53 33 33 33 25 25 25 36 36 51 51 51 62 62 70 70 70 77 77 77 77 77 79 79 79 81 81 81 74 74 68 68 68 60 60 54 54 54 60 60
86 83 83 82 82 82 80 80 79 79 79 81 81 81 85 85 86 86 86 88 -9999 -9999 91 91 96 96 96 100 100 101 101 101 88 88 88 76 76 73 73 73 72 72 70 70 70 64 64 64 53 53 33 33 33 25 25 25 36 36 51 51 51 62 62 70 70 70 77 77 77 77 77 79 79 79 81 81 81 74 74 68 68 68 60 60 54 54 54 60 60
86 81 81 80 80 80 79 79 79 79 79 83 83 83 88 88 90 90 90 91 -9999 -9999 -9999 92 96 96 96 100 100 102 102 102 91 91 91 78 78 74 74 74 73 73 71 71 71 67 67 67 63 63 47 47 47 32 32 32 37 37 48 48 48 59 59 66 66 66 69 69 69 70 70 72 72 72 77 77 77 75 75 70 70 70 61 61 56 56 56 61 61
86 81 81 80 80 80 79 79 79 79 79 83 83 83 88 88 90 90 90 91 -9999 -9999 -9999 92 96 96 96 100 100 102 102 102 91 91 91 78 78 74 74 74 73 73 71 71 71 67 67 67 63 63 47 47 47 32 32 32 37 37 48 48 48 59 59 66 66 66 69 69 69 70 70 72 72 72 77 77 77 75 75 70 70 70 61 61 56 56 56 61 61
86 81 81 80 80 80 79 79 79 79 79 83 83 83 88 88 90 90 90 -9999 -9999 -9999 -9999 92 96 96 96 100 100 102 102 102 91 91 91 78 78 74 74 74 73 73 71 71 71 67 67 67 63 63 47 47 47 32 32 32 37 37 48 48 48 59 59 66 66 66 69 69 69 70 70 72 72 72 77 77 77 75 75 70 70 70 61 61 56 56 56 61 61
83 79 79 80 80 80 80 80 81 81 81 88 88 88 92 92 95 95 95 -9999 -9999 -9999 -9999 97 95 95 95 101 101 101 101 101 90 90 90 78 78 76 76 76 75 75 73 73 73 69 69 69 69 69 61 61 61 43 43 43 39 39 45 45 45 52 52 58 58 58 61 61 61 64 64 68 68 68 72 72 72 74 74 70 70 70 63 63 62 62 62 62 62
83 79 79 80 80 80 80 80 81 81 81 88 88 88 92 92 95 95 95 101 -9999 -9999 -9999 97 95 95 95 101 101 101 101 101 90 90 90 78 78 76 76 76 75 75 73 73 73 69 69 69 69 69 61 61 61 43 43 43 39 39 45 45 45 52 52 58 58 58 61 61 61 64 64 68 68 68 72 72 72 74 74 70 70 70 63 63 62 62 62 62 62
95 91 91 89 89 89 89 89 90 90 90 97 97 97 98 98 99 99 99 112 112 112 -9999 102 96 96 96 103 103 96 96 96 87 87 87 81 81 81 81 81 81 81 78 78 78 74 74 74 73 73 69 69 69 54 54 54 44 44 42 42 42 46 46 50 50 50 55 55 55 63 63 67 67 67 70 70 70 71 71 71 71 71 69 69 67 67 67 63 63
95 91 91 89 89 89 89 89 90 90 90 97 97 97 98 98 99 99 99 112 112 112 102 102 96 96 96 103 103 96 96 96 87 87 87 81 81 81 81 81 81 81 78 78 78 74 74 74 73 73 69 69 69 54 54 54 44 44 42 42 42 46 46 50 50 50 55 55 55 63 63 67 67 67 70 70 70 71 71 71 71 71 69 69 67 67 67 63 63
95 91 91 89 89 89 89 89 90 90 90 97 97 97 98 98 99 99 99 112 112 112 102 102 96 96 96 103 103 96 96 96 87 87 87 81 81 81 81 81 81 81 78 78 78 74 74 74 73 73 69 69 69 54 54 54 44 44 42 42 42 46 46 50 50 50 55 55 55 63 63 67 67 67 70 70 70 71 71 71 71 71 69 69 67 67 67 63 63
109 102 102 97 97 97 97 97 97 97 97 103 103 103 99 99 101 101 101 113 113 113 104 104 100 100 100 101 101 93 93 93 89 89 89 86 86 87 87 87 88 88 85 85 85 80 80 80 76 76 72 72 72 64 64 64 53 53 42 42 42 42 42 43 43 43 51 51 51 63 63 67 67 67 67 67 67 68 68 71 71 71 70 70 67 67 67 64 64
109 102 102 97 97 97 97 97 97 97 97 103 103 103 99 99 101 101 101 113 113 113 104 104 100 100 100 101 101 93 93 93 89 89 89 86 86 87 87 87 88 88 85 85 85 80 80 80 76 76 72 72 72 64 64 64 53 53 42 42 42 42 42 43 43 43 51 51 51 63 63 67 67 67 67 67 67 68 68 71 71 71 70 70 67 67 67 64 64
112 104 104 101 101 101 99 99 96 96 96 103 103 103 99 99 104 104 104 112 112 112 104 104 100 100 100 97 97 92 92 92 94 94 94 92 92 94 94 94 95 95 93 93 93 87 87 87 79 79 73 73 73 68 68 68 60 60 45 45 45 40 40 39 39 39 46 46 46 60 60 63 63 63 64 64 64 67 67 70 70 70 68 68 67 67 67 65 65
112 104 104 101 101 101 99 99 96 96 96 103 103 103 99 99 104 104 104 112 112 112 104 104 100 100 100 97 97 92 92 92 94 94 94 92 92 94 94 94 95 95 93 93 93 87 87 87 79 79 73 73 73 68 68 68 60 60 45 45 45 40 40 39 39 39 46 46 46 60 60 63 63 63 64 64 64 67 67 70 70 70 68 68 67 67 67 65 65
112 104 104 101 101 101 99 99 96 96 96 103 103 103 99 99 104 104 104 112 112 112 104 104 100 100 100 97 97 92 92 92 94 94 94 92 92 94 94 94 95 95 93 93 93 87 87 87 79 79 73 73 73 68 68 68 60 60 45 45 45 40 40 39 39 39 46 46 46 60 60 63 63 63 64 64 64 67 67 70 70 70 68 68 67 67 67 65 65
117 112 112 111 111 111 106 106 103 103 103 115 115 115 110 110 114 114 114 121 121 121 109 109 100 100 100 98 98 97 97 97 103 103 103 102 102 104 104 104 105 105 103 103 103 96 96 96 82 82 75 75 75 71 71 71 67 67 50 50 50 40 40 39 39 39 42 42 42 54 54 59 59 59 62 62 62 65 65 68 68 68 67 67 68 68 68 67 67
117 112 112 111 111 111 106 106 103 103 103 115 115 115 110 110 114 114 114 121 121 121 109 109 100 100 100 98 98 97 97 97 103 103 103 102 102 104 104 104 105 105 103 103 103 96 96 96 82 82 75 75 75 71 71 71 67 67 50 50 50 40 40 39 39 39 42 42 42 54 54 59 59 59 62 62 62 65 65 68 68 68 67 67 68 68 68 67 67
117 112 112 111 111 111 106 106 103 103 103 115 115 115 110 110 114 114 114 121 121 121 109 109 100 100 100 98 98 97 97 97 103 103 103 102 102 104 104 104 105 105 103 103 103 96 96 96 82 82 75 75 75 71 71 71 67 67 50 50 50 40 40 39 39 39 42 42 42 54 54 59 59 59 62 62 62 65 65 68 68 68 67 67 68 68 68 67 67
107 103 103 104 104 104 105 105 108 108 108 121 121 121 112 112 112 112 112 120 120 120 105 105 95 95 95 93 93 99 99 99 112 112 112 111 111 112 112 112 111 111 108 108 108 103 103 103 88 88 80 80 80 77 77 77 74 74 56 56 56 43 43 41 41 41 40 40 40 48 48 54 54 54 56 56 56 61 61 65 65 65 66 66 67 67 67 69 69
107 103 103 104 104 104 105 105 108 108 108 121 121 121 112 112 112 112 112 120 120 120 105 105 95 95 95 93 93 99 99 99 112 112 112 111 111 112 112 112 111 111 108 108 108 103 103 103 88 88 80 80 80 77 77 77 74 74 56 56 56 43 43 41 41 41 40 40 40 48 48 54 54 54 56 56 56 61 61 65 65 65 66 66 67 67 67 69 69
100 95 95 99 99 99 106 106 116 116 116 126 126 126 114 114 112 112 112 119 119 119 105 105 95 95 95 95 95 106 106 106 125 125 125 122 122 120 120 120 118 118 112 112 112 110 110 110 96 96 88 88 88 84 84 84 79 79 61 61 61 48 48 43 43 43 38 38 38 44 44 49 49 49 51 51 51 56 56 61 61 61 65 65 67 67 67 70 70
100 95 95 99 99 99 106 106 116 116 116 126 126 126 114 114 112 112 112 119 119 119 105 105 95 95 95 95 95 106 106 106 125 125 125 122 122 120 120 120 118 118 112 112 112 110 110 110 96 96 88 88 88 84 84 84 79 79 61 61 61 48 48 43 43 43 38 38 38 44 44 49 49 49 51 51 51 56 56 61 61 61 65 65 67 67 67 70 70
100 95 95 99 99 99 106 106 116 116 116 126 126 126 114 114 112 112 112 119 119 119 105 105 95 95 95 95 95 106 106 106 125 125 125 122 122 120 120 120 118 118 112 112 112 110 110 110 96 96 88 88 88 84 84 84 79 79 61 61 61 48 48 43 43 43 38 38 38 44 44 49 49 49 51 51 51 56 56 61 61 61 65 65 67 67 67 70 70
98 96 96 101 101 101 110 110 119 119 119 129 129 129 115 115 112 112 112 119 119 119 106 106 101 101 101 103 103 115 115 115 132 132 132 122 122 120 120 120 119 119 116 116 116 122 122 122 110 110 97 97 97 91 91 91 83 83 67 67 67 53 53 44 44 44 36 36 36 42 42 45 45 45 47 47 47 51 51 57 57 57 64 64 68 68 68 71 71
98 96 96 101 101 101 110 110 119 119 119 129 129 129 115 115 112 112 112 119 119 119 106 106 101 101 101 103 103 115 115 115 132 132 132 122 122 120 120 120 119 119 116 116 116 122 122 122 110 110 97 97 97 91 91 91 83 83 67 67 67 53 53 44 44 44 36 36 36 42 42 45 45 45 47 47 47 51 51 57 57 57 64 64 68 68 68 71 71
97 95 95 99 99 99 102 102 106 106 106 119 119 119 110 110 106 106 106 113 113 113 103 103 102 102 102 105 105 113 113 113 125 125 125 113 113 111 111 111 115 115 122 122 122 136 136 136 123 123 105 105 105 98 98 98 86 86 71 71 71 57 57 44 44 44 37 37 37 42 42 43 43 43 45 45 45 48 48 54 54 54 63 63 68 68 68 70 70
97 95 95 99 99 99 102 102 106 106 106 119 119 119 110 110 106 106 106 113 113 113 103 103 102 102 102 105 105 113 113 113 125 125 125 113 113 111 111 111 115 115 122 122 122 136 136 136 123 123 105 105 105 98 98 98 86 86 71 71 71 57 57 44 44 44 37 37 37 42 42 43 43 43 45 45 45 48 48 54 54 54 63 63 68 68 68 70 70
97 95 95 99 99 99 102 102 106 106 106 119 119 119 110 110 106 106 106 113 113 113 103 103 102 102 102 105 105 113 113 113 125 125 125 113 113 111 111 111 115 115 122 122 122 136 136 136 123 123 105 105 105 98 98 98 86 86 71 71 71 57 57 44 44 44 37 37 37 42 42 43 43 43 45 45 45 48 48 54 54 54 63 63 68 68 68 70 70
105 100 100 101 101 101 101 101 103 103 103 119 119 119 116 116 113 113 113 121 121 121 112 112 115 115 115 117 117 120 120 120 130 130 130 117 117 118 118 118 127 127 141 141 141 154 154 154 136 136 117 117 117 110 110 110 95 95 81 81 81 63 63 45 45 45 39 39 39 43 43 43 43 43 45 45 45 48 48 53 53 53 63 63 67 67 67 69 69
105 100 100 101 101 101 101 101 103 103 103 119 119 119 116 116 113 113 113 121 121 121 112 112 115 115 115 117 117 120 120 120 130 130 130 117 117 118 118 118 127 127 141 141 141 154 154 154 136 136 117 117 117 110 110 110 95 95 81 81 81 63 63 45 45 45 39 39 39 43 43 43 43 43 45 45 45 48 48 53 53 53 63 63 67 67 67 69 69
105 100 100 101 101 101 101 101 103 103 103 119 119 119 116 116 113 113 113 121 121 121 112 112 115 115 115 117 117 120 120 120 130 130 130 117 117 118 118 118 127 127 141 141 141 154 154 154 136 136 117 117 117 110 110 110 95 95 81 81 81 63 63 45 45 45 39 39 39 43 43 43 43 43 45 45 45 48 48 53 53 53 63 63 67 67 67 69 69
107 102 102 101 101 101 98 98 98 98 98 116 116 116 116 116 114 114 114 123 123 123 116 116 119 119 119 120 120 121 121 121 131 131 131 118 118 122 122 122 131 131 143 143 143 155 155 155 136 136 122 122 122 121 121 121 106 106 91 91 91 71 71 50 50 50 44 44 44 45 45 46 46 46 46 46 46 50 50 55 55 55 62 62 65 65 65 67 67
107 102 102 101 101 101 98 98 98 98 98 116 116 116 116 116 114 114 114 123 123 123 116 116 119 119 119 120 120 121 121 121 131 131 131 118 118 122 122 122 131 131 143 143 143 155 155 155 136 136 122 122 122 121 121 121 106 106 91 91 91 71 71 50 50 50 44 44 44 45 45 46 46 46 46 46 46 50 50 55 55 55 62 62 65 65 65 67 67
107 102 102 100 100 100 97 97 97 97 97 112 112 112 111 111 111 111 111 121 121 121 117 117 120 120 120 120 120 121 121 121 130 130 130 119 119 123 123 123 131 131 140 140 140 152 152 152 134 134 126 126 126 132 132 132 116 116 99 99 99 82 82 60 60 60 51 51 51 50 50 49 49 49 49 49 49 53 53 56 56 56 61 61 64 64 64 66 66
107 102 102 100 100 100 97 97 97 97 97 112 112 112 111 111 111 111 111 121 121 121 117 117 120 120 120 120 120 121 121 121 130 130 130 119 119 123 123 123 131 131 140 140 140 152 152 152 134 134 126 126 126 132 132 132 116 116 99 99 99 82 82 60 60 60 51 51 51 50 50 49 49 49 49 49 49 53 53 56 56 56 61 61 64 64 64 66 66
