SEB_model/sample_data_files/historical_long/hillshade_historical_long/aug6pm.txt
ncols         768
nrows         486
xllcorner     388353.95236715
yllcorner     7583725.4876181
cellsize      5
NODATA_value  -9999
[rows 129 to 171 of 486, columns 480 to 575 of 768]
0 0 12 12 12 8 8 8 18 18 14 14 14 8 8 5 5 5 0 0 0 0 0 8 8 8 0 0 10 10 10 0 0 0 8 8 8 8 8 0 0 0 0 0 8 8 8 0 0 8 8 8 0 0 0 0 0 5 5 5 0 0 1 1 1 0 0 0 0 0 0 0 0 0 0 0 0 0 0 0 0 0 0 0 0 0 0 0 0 0 0 0 0 0 0 0
0 0 14 14 14 9 9 9 16 16 13 13 13 9 9 7 7 7 0 0 0 0 0 8 8 8 0 0 10 10 10 1 1 1 9 9 10 10 10 2 2 2 11 11 10 10 10 0 0 10 10 10 0 0 0 6 6 4 4 4 0 0 2 2 2 0 0 0 0 0 7 7 7 0 0 0 0 0 10 10 10 10 10 1 1 1 0 0 0 0 0 0 0 0 0 0
0 0 14 14 14 9 9 9 16 16 13 13 13 9 9 7 7 7 0 0 0 0 0 8 8 8 0 0 10 10 10 1 1 1 9 9 10 10 10 2 2 2 11 11 10 10 10 0 0 10 10 10 0 0 0 6 6 4 4 4 0 0 2 2 2 0 0 0 0 0 7 7 7 0 0 0 0 0 10 10 10 10 10 1 1 1 0 0 0 0 0 0 0 0 0 0
14 14 15 15 15 6 6 6 12 12 11 11 11 10 10 9 9 9 0 0 0 9 9 9 9 9 10 10 10 10 10 0 0 0 11 11 13 13 13 5 5 5 12 12 11 11 11 0 0 9 9 9 0 0 0 0 0 5 5 5 0 0 5 5 5 0 0 0 0 0 10 10 10 0 0 0 8 8 11 11 11 11 11 1 1 1 0 0 0 0 0 0 0 0 0 0
14 14 15 15 15 6 6 6 12 12 11 11 11 10 10 9 9 9 0 0 0 9 9 9 9 9 10 10 10 10 10 0 0 0 11 11 13 13 13 5 5 5 12 12 11 11 11 0 0 9 9 9 0 0 0 0 0 5 5 5 0 0 5 5 5 0 0 0 0 0 10 10 10 0 0 0 8 8 11 11 11 11 11 1 1 1 0 0 0 0 0 0 0 0 0 0
14 14 15 15 15 6 6 6 12 12 11 11 11 10 10 9 9 9 0 0 0 9 9 9 9 9 10 10 10 10 10 0 0 0 11 11 13 13 13 5 5 5 12 12 11 11 11 0 0 9 9 9 0 0 0 0 0 5 5 5 0 0 5 5 5 0 0 0 0 0 10 10 10 0 0 0 8 8 11 11 11 11 11 1 1 1 0 0 0 0 0 0 0 0 0 0
15 15 16 16 16 5 5 5 11 11 10 10 10 10 10 9 9 9 0 0 0 10 10 11 11 11 10 10 11 11 11 6 6 6 16 16 16 16 16 5 5 5 11 11 9 9 9 0 0 8 8 8 0 0 0 0 0 6 6 6 0 0 8 8 8 0 0 0 0 0 9 9 9 0 0 0 8 8 9 9 9 8 8 0 0 0 0 0 0 0 0 0 0 0 0 0
15 15 16 16 16 5 5 5 11 11 10 10 10 10 10 9 9 9 0 0 0 10 10 11 11 11 10 10 11 11 11 6 6 6 16 16 16 16 16 5 5 5 11 11 9 9 9 0 0 8 8 8 0 0 0 0 0 6 6 6 0 0 8 8 8 0 0 0 0 0 9 9 9 0 0 0 8 8 9 9 9 8 8 0 0 0 0 0 0 0 0 0 0 0 0 0
15 15 16 16 16 5 5 5 11 11 10 10 10 10 10 9 9 9 0 0 0 10 10 11 11 11 10 10 11 11 11 6 6 6 16 16 16 16 16 5 5 5 11 11 9 9 9 0 0 8 8 8 0 0 0 0 0 6 6 6 0 0 8 8 8 0 0 0 0 0 9 9 9 0 0 0 8 8 9 9 9 8 8 0 0 0 0 0 0 0 0 0 0 0 0 0
18 18 18 18 18 9 9 9 14 14 11 11 11 9 9 8 8 8 0 0 0 10 10 11 11 11 12 12 15 15 15 12 12 12 23 23 20 20 20 4 4 4 0 0 6 6 6 0 0 6 6 6 0 0 0 0 0 8 8 8 10 10 11 11 11 0 0 0 0 0 7 7 7 0 0 0 0 0 7 7 7 4 4 0 0 0 0 0 0 0 0 0 0 0 0 0
18 18 18 18 18 9 9 9 14 14 11 11 11 9 9 8 8 8 0 0 0 10 10 11 11 11 12 12 15 15 15 12 12 12 23 23 20 20 20 4 4 4 0 0 6 6 6 0 0 6 6 6 0 0 0 0 0 8 8 8 10 10 11 11 11 0 0 0 0 0 7 7 7 0 0 0 0 0 7 7 7 4 4 0 0 0 0 0 0 0 0 0 0 0 0 0
20 20 20 20 20 11 11 11 15 15 10 10 10 0 0 9 9 9 0 0 0 0 0 12 12 12 15 15 19 19 19 17 17 17 30 30 22 22 22 2 2 2 0 0 5 5 5 0 0 6 6 6 0 0 0 0 0 11 11 11 12 12 12 12 12 0 0 0 0 0 5 5 5 0 0 0 0 0 4 4 4 0 0 0 0 0 0 0 0 0 0 0 0 0 0 0
20 20 20 20 20 11 11 11 15 15 10 10 10 0 0 9 9 9 0 0 0 0 0 12 12 12 15 15 19 19 19 17 17 17 30 30 22 22 22 2 2 2 0 0 5 5 5 0 0 6 6 6 0 0 0 0 0 11 11 11 12 12 12 12 12 0 0 0 0 0 5 5 5 0 0 0 0 0 4 4 4 0 0 0 0 0 0 0 0 0 0 0 0 0 0 0
20 20 20 20 20 11 11 11 15 15 10 10 10 0 0 9 9 9 0 0 0 0 0 12 12 12 15 15 19 19 19 17 17 17 30 30 22 22 22 2 2 2 0 0 5 5 5 0 0 6 6 6 0 0 0 0 0 11 11 11 12 12 12 12 12 0 0 0 0 0 5 5 5 0 0 0 0 0 4 4 4 0 0 0 0 0 0 0 0 0 0 0 0 0 0 0
19 19 18 18 18 9 9 9 14 14 11 11 11 11 11 11 11 11 2 2 2 0 0 15 15 15 18 18 20 20 20 16 16 16 30 30 23 23 23 2 2 2 0 0 4 4 4 0 0 5 5 5 0 0 0 0 0 11 11 11 13 13 12 12 12 0 0 0 0 0 5 5 5 0 0 0 0 0 3 3 3 0 0 0 0 0 0 0 0 0 0 0 0 0 0 0
19 19 18 18 18 9 9 9 14 14 11 11 11 11 11 11 11 11 2 2 2 0 0 15 15 15 18 18 20 20 20 16 16 16 30 30 23 23 23 2 2 2 0 0 4 4 4 0 0 5 5 5 0 0 0 0 0 11 11 11 13 13 12 12 12 0 0 0 0 0 5 5 5 0 0 0 0 0 3 3 3 0 0 0 0 0 0 0 0 0 0 0 0 0 0 0
16 16 16 16 16 8 8 8 15 15 14 14 14 15 15 15 15 15 6 6 6 16 16 17 17 17 17 17 17 17 17 12 12 12 26 26 24 24 24 5 5 5 7 7 5 5 5 0 0 5 5 5 0 0 0 0 0 9 9 9 12 12 11 11 11 0 0 0 0 0 6 6 6 0 0 0 0 0 3 3 3 0 0 1 1 1 0 0 0 0 0 0 0 0 0 0
16 16 16 16 16 8 8 8 15 15 14 14 14 15 15 15 15 15 6 6 6 16 16 17 17 17 17 17 17 17 17 12 12 12 26 26 24 24 24 5 5 5 7 7 5 5 5 0 0 5 5 5 0 0 0 0 0 9 9 9 12 12 11 11 11 0 0 0 0 0 6 6 6 0 0 0 0 0 3 3 3 0 0 1 1 1 0 0 0 0 0 0 0 0 0 0
16 16 16 16 16 8 8 8 15 15 14 14 14 15 15 15 15 15 6 6 6 16 16 17 17 17 17 17 17 17 17 12 12 12 26 26 24 24 24 5 5 5 7 7 5 5 5 0 0 5 5 5 0 0 0 0 0 9 9 9 12 12 11 11 11 0 0 0 0 0 6 6 6 0 0 0 0 0 3 3 3 0 0 1 1 1 0 0 0 0 0 0 0 0 0 0
15 15 17 17 17 10 10 10 18 18 17 17 17 17 17 17 17 17 9 9 9 18 18 18 18 18 16 16 15 15 15 12 12 12 25 25 23 23 23 8 8 8 10 10 7 7 7 0 0 6 6 6 0 0 0 0 0 8 8 8 9 9 11 11 11 1 1 1 0 0 6 6 6 0 0 0 0 0 3 3 3 0 0 0 0 0 0 0 0 0 0 0 0 0 0 0
15 15 17 17 17 10 10 10 18 18 17 17 17 17 17 17 17 17 9 9 9 18 18 18 18 18 16 16 15 15 15 12 12 12 25 25 23 23 23 8 8 8 10 10 7 7 7 0 0 6 6 6 0 0 0 0 0 8 8 8 9 9 11 11 11 1 1 1 0 0 6 6 6 0 0 0 0 0 3 3 3 0 0 0 0 0 0 0 0 0 0 0 0 0 0 0
15 15 17 17 17 10 10 10 18 18 17 17 17 17 17 17 17 17 9 9 9 18 18 18 18 18 16 16 15 15 15 12 12 12 25 25 23 23 23 8 8 8 10 10 7 7 7 0 0 6 6 6 0 0 0 0 0 8 8 8 9 9 11 11 11 1 1 1 0 0 6 6 6 0 0 0 0 0 3 3 3 0 0 0 0 0 0 0 0 0 0 0 0 0 0 0
14 14 18 18 18 12 12 12 19 19 18 18 18 18 18 18 18 18 10 10 10 18 18 17 17 17 17 17 18 18 18 17 17 17 26 26 21 21 21 6 6 6 10 10 8 8 8 0 0 7 7 7 0 0 0 0 0 8 8 8 9 9 12 12 12 2 2 2 0 0 4 4 4 0 0 0 0 0 0 0 0 0 0 0 0 0 0 0 0 0 0 0 0 0 0 0
14 14 18 18 18 12 12 12 19 19 18 18 18 18 18 18 18 18 10 10 10 18 18 17 17 17 17 17 18 18 18 17 17 17 26 26 21 21 21 6 6 6 10 10 8 8 8 0 0 7 7 7 0 0 0 0 0 8 8 8 9 9 12 12 12 2 2 2 0 0 4 4 4 0 0 0 0 0 0 0 0 0 0 0 0 0 0 0 0 0 0 0 0 0 0 0
0 0 16 16 16 9 9 9 17 17 18 18 18 19 19 19 19 19 11 11 11 18 18 17 17 17 19 19 24 24 24 22 22 22 28 28 18 18 18 2 2 2 0 0 8 8 8 0 0 8 8 8 0 0 0 8 8 8 8 8 10 10 14 14 14 2 2 2 0 0 2 2 2 0 0 0 0 0 3 3 3 0 0 0 0 0 0 0 0 0 0 0 0 0 0 0
0 0 16 16 16 9 9 9 17 17 18 18 18 19 19 19 19 19 11 11 11 18 18 17 17 17 19 19 24 24 24 22 22 22 28 28 18 18 18 2 2 2 0 0 8 8 8 0 0 8 8 8 0 0 0 8 8 8 8 8 10 10 14 14 14 2 2 2 0 0 2 2 2 0 0 0 0 0 3 3 3 0 0 0 0 0 0 0 0 0 0 0 0 0 0 0
0 0 16 16 16 9 9 9 17 17 18 18 18 19 19 19 19 19 11 11 11 18 18 17 17 17 19 19 24 24 24 22 22 22 28 28 18 18 18 2 2 2 0 0 8 8 8 0 0 8 8 8 0 0 0 8 8 8 8 8 10 10 14 14 14 2 2 2 0 0 2 2 2 0 0 0 0 0 3 3 3 0 0 0 0 0 0 0 0 0 0 0 0 0 0 0
0 0 0 0 0 0 0 0 0 0 19 19 19 22 22 21 21 21 13 13 13 19 19 19 19 19 23 23 27 27 27 23 23 23 27 27 16 16 16 0 0 0 0 0 8 8 8 9 9 8 8 8 0 0 0 0 0 8 8 8 11 11 13 13 13 2 2 2 0 0 4 4 4 0 0 0 0 0 0 0 0 0 0 0 0 0 0 0 0 0 0 0 0 0 0 0
0 0 0 0 0 0 0 0 0 0 19 19 19 22 22 21 21 21 13 13 13 19 19 19 19 19 23 23 27 27 27 23 23 23 27 27 16 16 16 0 0 0 0 0 8 8 8 9 9 8 8 8 0 0 0 0 0 8 8 8 11 11 13 13 13 2 2 2 0 0 4 4 4 0 0 0 0 0 0 0 0 0 0 0 0 0 0 0 0 0 0 0 0 0 0 0
0 0 0 0 0 0 0 0 0 0 19 19 19 22 22 21 21 21 13 13 13 19 19 19 19 19 23 23 27 27 27 23 23 23 27 27 16 16 16 0 0 0 0 0 8 8 8 9 9 8 8 8 0 0 0 0 0 8 8 8 11 11 13 13 13 2 2 2 0 0 4 4 4 0 0 0 0 0 0 0 0 0 0 0 0 0 0 0 0 0 0 0 0 0 0 0
0 0 0 0 0 0 0 0 0 0 0 0 0 23 23 23 23 23 14 14 14 21 21 23 23 23 25 25 27 27 27 18 18 18 22 22 16 16 16 3 3 3 8 8 8 8 8 0 0 8 8 8 0 0 0 0 0 9 9 9 10 10 10 10 10 1 1 1 8 8 8 8 8 0 0 0 5 5 0 0 0 0 0 0 0 0 0 0 0 0 0 0 0 0 0 0
0 0 0 0 0 0 0 0 0 0 0 0 0 23 23 23 23 23 14 14 14 21 21 23 23 23 25 25 27 27 27 18 18 18 22 22 16 16 16 3 3 3 8 8 8 8 8 0 0 8 8 8 0 0 0 0 0 9 9 9 10 10 10 10 10 1 1 1 8 8 8 8 8 0 0 0 5 5 0 0 0 0 0 0 0 0 0 0 0 0 0 0 0 0 0 0
0 0 0 0 0 0 0 0 0 0 0 0 0 21 21 23 23 23 16 16 16 23 23 24 24 24 25 25 23 23 23 13 13 13 17 17 15 15 15 6 6 6 11 11 9 9 9 0 0 8 8 8 1 1 1 10 10 10 10 10 9 9 9 9 9 1 1 1 11 11 12 12 12 1 1 1 0 0 0 0 0 0 0 0 0 0 0 0 0 0 0 0 0 0 0 0
0 0 0 0 0 0 0 0 0 0 0 0 0 21 21 23 23 23 16 16 16 23 23 24 24 24 25 25 23 23 23 13 13 13 17 17 15 15 15 6 6 6 11 11 9 9 9 0 0 8 8 8 1 1 1 10 10 10 10 10 9 9 9 9 9 1 1 1 11 11 12 12 12 1 1 1 0 0 0 0 0 0 0 0 0 0 0 0 0 0 0 0 0 0 0 0
0 0 0 0 0 0 0 0 0 0 0 0 0 21 21 23 23 23 16 16 16 23 23 24 24 24 25 25 23 23 23 13 13 13 17 17 15 15 15 6 6 6 11 11 9 9 9 0 0 8 8 8 1 1 1 10 10 10 10 10 9 9 9 9 9 1 1 1 11 11 12 12 12 1 1 1 0 0 0 0 0 0 0 0 0 0 0 0 0 0 0 0 0 0 0 0
0 0 0 0 0 0 0 0 0 0 17 17 17 19 19 22 22 22 15 15 15 23 23 23 23 23 21 21 18 18 18 9 9 9 14 14 13 13 13 6 6 6 13 13 10 10 10 8 8 9 9 9 3 3 3 11 11 11 11 11 0 0 10 10 10 0 0 0 12 12 11 11 11 0 0 0 0 0 0 0 0 0 0 0 0 0 0 0 0 0 0 0 0 0 0 0
0 0 0 0 0 0 0 0 0 0 17 17 17 19 19 22 22 22 15 15 15 23 23 23 23 23 21 21 18 18 18 9 9 9 14 14 13 13 13 6 6 6 13 13 10 10 10 8 8 9 9 9 3 3 3 11 11 11 11 11 0 0 10 10 10 0 0 0 12 12 11 11 11 0 0 0 0 0 0 0 0 0 0 0 0 0 0 0 0 0 0 0 0 0 0 0
0 0 0 0 0 0 0 0 0 0 15 15 15 17 17 18 18 18 12 12 12 20 20 18 18 18 15 15 13 13 13 5 5 5 12 12 12 12 12 5 5 5 13 13 12 12 12 10 10 10 10 10 3 3 3 11 11 13 13 13 15 15 13 13 13 1 1 1 9 9 6 6 6 0 0 0 0 0 0 0 0 0 0 0 0 0 0 0 0 0 0 0 0 0 0 0
0 0 0 0 0 0 0 0 0 0 15 15 15 17 17 18 18 18 12 12 12 20 20 18 18 18 15 15 13 13 13 5 5 5 12 12 12 12 12 5 5 5 13 13 12 12 12 10 10 10 10 10 3 3 3 11 11 13 13 13 15 15 13 13 13 1 1 1 9 9 6 6 6 0 0 0 0 0 0 0 0 0 0 0 0 0 0 0 0 0 0 0 0 0 0 0
0 0 0 0 0 0 0 0 0 0 15 15 15 17 17 18 18 18 12 12 12 20 20 18 18 18 15 15 13 13 13 5 5 5 12 12 12 12 12 5 5 5 13 13 12 12 12 10 10 10 10 10 3 3 3 11 11 13 13 13 15 15 13 13 13 1 1 1 9 9 6 6 6 0 0 0 0 0 0 0 0 0 0 0 0 0 0 0 0 0 0 0 0 0 0 0
0 0 0 0 0 0 0 0 0 0 13 13 13 14 14 16 16 16 10 10 10 15 15 14 14 14 13 13 13 13 13 5 5 5 13 13 14 14 14 5 5 5 13 13 12 12 12 12 12 11 11 11 3 3 3 13 13 18 18 18 20 20 14 14 14 0 0 0 0 0 1 1 1 0 0 0 0 0 6 6 6 0 0 2 2 2 0 0 0 0 0 0 0 0 0 0
0 0 0 0 0 0 0 0 0 0 13 13 13 14 14 16 16 16 10 10 10 15 15 14 14 14 13 13 13 13 13 5 5 5 13 13 14 14 14 5 5 5 13 13 12 12 12 12 12 11 11 11 3 3 3 13 13 18 18 18 20 20 14 14 14 0 0 0 0 0 1 1 1 0 0 0 0 0 6 6 6 0 0 2 2 2 0 0 0 0 0 0 0 0 0 0
0 0 0 0 0 0 0 0 0 0 13 13 13 14 14 16 16 16 10 10 10 15 15 14 14 14 13 13 13 13 13 5 5 5 13 13 14 14 14 5 5 5 13 13 12 12 12 12 12 11 11 11 3 3 3 13 13 18 18 18 20 20 14 14 14 0 0 0 0 0 1 1 1 0 0 0 0 0 6 6 6 0 0 2 2 2 0 0 0 0 0 0 0 0 0 0
