SEB_model/sample_data_files/historical_long/hillshade_historical_long/aug6pm.txt
ncols         768
nrows         486
xllcorner     388353.95236715
yllcorner     7583725.4876181
cellsize      5
NODATA_value  -9999
[rows 172 to 214 of 486, columns 384 to 479 of 768]
59 35 35 35 0 0 0 0 0 0 0 0 0 0 0 0 0 0 0 0 0 0 0 0 0 0 0 0 0 0 0 0 0 0 0 0 0 0 0 0 0 0 0 0 0 0 0 0 0 0 0 0 0 0 0 0 0 0 0 0 0 0 0 0 0 0 0 0 0 0 0 0 21 21 21 23 23 17 17 17 5 5 5 11 11 7 7 7 0 0 2 2 2 0 0 0
59 35 35 35 0 0 0 0 0 0 0 0 0 0 0 0 0 0 0 0 0 0 0 0 0 0 0 0 0 0 0 0 0 0 0 0 0 0 0 0 0 0 0 0 0 0 0 0 0 0 0 0 0 0 0 0 0 0 0 0 0 0 0 0 0 0 0 0 0 0 0 0 21 21 21 23 23 17 17 17 5 5 5 11 11 7 7 7 0 0 2 2 2 0 0 0
30 11 11 11 0 0 0 0 0 0 0 0 0 0 0 0 0 0 0 0 0 0 0 0 0 0 0 0 0 0 0 0 0 0 0 0 0 0 0 0 0 0 0 0 0 0 0 0 0 0 0 0 0 0 0 0 0 0 0 0 0 0 0 0 0 0 0 0 0 0 0 0 25 25 25 26 26 19 19 19 3 3 3 8 8 3 3 3 0 0 0 0 0 0 0 0
30 11 11 11 0 0 0 0 0 0 0 0 0 0 0 0 0 0 0 0 0 0 0 0 0 0 0 0 0 0 0 0 0 0 0 0 0 0 0 0 0 0 0 0 0 0 0 0 0 0 0 0 0 0 0 0 0 0 0 0 0 0 0 0 0 0 0 0 0 0 0 0 25 25 25 26 26 19 19 19 3 3 3 8 8 3 3 3 0 0 0 0 0 0 0 0
30 11 11 11 0 0 0 0 0 0 0 0 0 0 0 0 0 0 0 0 0 0 0 0 0 0 0 0 0 0 0 0 0 0 0 0 0 0 0 0 0 0 0 0 0 0 0 0 0 0 0 0 0 0 0 0 0 0 0 0 0 0 0 0 0 0 0 0 0 0 0 0 25 25 25 26 26 19 19 19 3 3 3 8 8 3 3 3 0 0 0 0 0 0 0 0
20 12 12 12 0 0 0 0 0 0 0 0 0 0 0 0 0 20 20 20 0 0 9 9 9 0 0 0 0 0 0 0 0 0 0 0 0 0 0 0 0 0 0 0 0 0 0 0 0 0 0 0 0 0 0 0 0 0 0 0 0 0 0 0 0 0 0 0 0 0 0 0 22 22 22 24 24 17 17 17 0 0 0 0 0 1 1 1 0 0 0 0 0 0 0 0
20 12 12 12 0 0 0 0 0 0 0 0 0 0 0 0 0 20 20 20 0 0 9 9 9 0 0 0 0 0 0 0 0 0 0 0 0 0 0 0 0 0 0 0 0 0 0 0 0 0 0 0 0 0 0 0 0 0 0 0 0 0 0 0 0 0 0 0 0 0 0 0 22 22 22 24 24 17 17 17 0 0 0 0 0 1 1 1 0 0 0 0 0 0 0 0
25 24 24 24 16 16 16 23 23 23 23 23 17 17 17 23 23 21 21 21 17 17 12 12 12 0 0 0 0 0 8 8 8 0 0 2 2 2 0 0 0 0 0 0 0 0 0 0 0 0 0 34 34 34 27 27 17 17 17 3 3 3 0 0 9 9 9 0 0 0 22 22 15 15 15 20 20 13 13 13 0 0 0 0 0 0 0 0 0 0 0 0 0 0 0 0
25 24 24 24 16 16 16 23 23 23 23 23 17 17 17 23 23 21 21 21 17 17 12 12 12 0 0 0 0 0 8 8 8 0 0 2 2 2 0 0 0 0 0 0 0 0 0 0 0 0 0 34 34 34 27 27 17 17 17 3 3 3 0 0 9 9 9 0 0 0 22 22 15 15 15 20 20 13 13 13 0 0 0 0 0 0 0 0 0 0 0 0 0 0 0 0
25 24 24 24 16 16 16 23 23 23 23 23 17 17 17 23 23 21 21 21 17 17 12 12 12 0 0 0 0 0 8 8 8 0 0 2 2 2 0 0 0 0 0 0 0 0 0 0 0 0 0 34 34 34 27 27 17 17 17 3 3 3 0 0 9 9 9 0 0 0 22 22 15 15 15 20 20 13 13 13 0 0 0 0 0 0 0 0 0 0 0 0 0 0 0 0
28 27 27 27 20 20 20 25 25 23 23 23 15 15 15 21 21 19 19 19 17 17 14 14 14 0 0 0 12 12 11 11 11 10 10 6 6 6 0 0 0 0 0 0 0 0 0 0 0 44 44 37 37 37 27 27 14 14 14 0 0 0 0 0 7 7 7 0 0 0 16 16 8 8 8 15 15 8 8 8 0 0 0 0 0 0 0 0 0 0 0 0 0 0 0 0
28 27 27 27 20 20 20 25 25 23 23 23 15 15 15 21 21 19 19 19 17 17 14 14 14 0 0 0 12 12 11 11 11 10 10 6 6 6 0 0 0 0 0 0 0 0 0 0 0 44 44 37 37 37 27 27 14 14 14 0 0 0 0 0 7 7 7 0 0 0 16 16 8 8 8 15 15 8 8 8 0 0 0 0 0 0 0 0 0 0 0 0 0 0 0 0
28 27 27 27 20 20 20 25 25 23 23 23 15 15 15 21 21 19 19 19 17 17 14 14 14 0 0 0 12 12 11 11 11 10 10 6 6 6 0 0 0 0 0 0 0 0 0 0 0 44 44 37 37 37 27 27 14 14 14 0 0 0 0 0 7 7 7 0 0 0 16 16 8 8 8 15 15 8 8 8 0 0 0 0 0 0 0 0 0 0 0 0 0 0 0 0
29 26 26 26 18 18 18 25 25 24 24 24 15 15 15 20 20 18 18 18 18 18 17 17 17 9 9 9 17 17 17 17 17 16 16 13 13 13 0 0 0 0 0 0 0 0 0 0 0 40 40 35 35 35 25 25 11 11 11 0 0 0 0 0 6 6 6 0 0 0 12 12 0 0 0 13 13 6 6 6 0 0 0 0 0 0 0 0 0 0 0 0 0 0 0 0
29 26 26 26 18 18 18 25 25 24 24 24 15 15 15 20 20 18 18 18 18 18 17 17 17 9 9 9 17 17 17 17 17 16 16 13 13 13 0 0 0 0 0 0 0 0 0 0 0 40 40 35 35 35 25 25 11 11 11 0 0 0 0 0 6 6 6 0 0 0 12 12 0 0 0 13 13 6 6 6 0 0 0 0 0 0 0 0 0 0 0 0 0 0 0 0
31 27 27 27 18 18 18 25 25 25 25 25 15 15 15 21 21 19 19 19 19 19 21 21 21 15 15 15 24 24 25 25 25 25 25 24 24 24 10 10 10 0 0 5 5 5 0 0 0 28 28 28 28 28 21 21 11 11 11 0 0 0 0 0 4 4 4 0 0 0 7 7 0 0 0 9 9 3 3 3 0 0 0 0 0 0 0 0 0 0 0 0 0 0 0 0
31 27 27 27 18 18 18 25 25 25 25 25 15 15 15 21 21 19 19 19 19 19 21 21 21 15 15 15 24 24 25 25 25 25 25 24 24 24 10 10 10 0 0 5 5 5 0 0 0 28 28 28 28 28 21 21 11 11 11 0 0 0 0 0 4 4 4 0 0 0 7 7 0 0 0 9 9 3 3 3 0 0 0 0 0 0 0 0 0 0 0 0 0 0 0 0
31 27 27 27 18 18 18 25 25 25 25 25 15 15 15 21 21 19 19 19 19 19 21 21 21 15 15 15 24 24 25 25 25 25 25 24 24 24 10 10 10 0 0 5 5 5 0 0 0 28 28 28 28 28 21 21 11 11 11 0 0 0 0 0 4 4 4 0 0 0 7 7 0 0 0 9 9 3 3 3 0 0 0 0 0 0 0 0 0 0 0 0 0 0 0 0
29 26 26 26 17 17 17 24 24 23 23 23 14 14 14 19 19 19 19 19 20 20 22 22 22 18 18 18 27 27 30 30 30 31 31 31 31 31 17 17 17 9 9 1 1 1 0 0 0 17 17 18 18 18 14 14 7 7 7 0 0 0 0 0 0 0 0 0 0 0 1 1 0 0 0 0 0 0 0 0 0 0 0 0 0 0 0 0 0 0 0 0 0 0 0 0
29 26 26 26 17 17 17 24 24 23 23 23 14 14 14 19 19 19 19 19 20 20 22 22 22 18 18 18 27 27 30 30 30 31 31 31 31 31 17 17 17 9 9 1 1 1 0 0 0 17 17 18 18 18 14 14 7 7 7 0 0 0 0 0 0 0 0 0 0 0 1 1 0 0 0 0 0 0 0 0 0 0 0 0 0 0 0 0 0 0 0 0 0 0 0 0
29 26 26 26 17 17 17 24 24 23 23 23 14 14 14 19 19 19 19 19 20 20 22 22 22 18 18 18 27 27 30 30 30 31 31 31 31 31 17 17 17 9 9 1 1 1 0 0 0 17 17 18 18 18 14 14 7 7 7 0 0 0 0 0 0 0 0 0 0 0 1 1 0 0 0 0 0 0 0 0 0 0 0 0 0 0 0 0 0 0 0 0 0 0 0 0
27 25 25 25 18 18 18 25 25 24 24 24 12 12 12 18 18 19 19 19 21 21 24 24 24 19 19 19 29 29 33 33 33 34 34 33 33 33 18 18 18 11 11 4 4 4 0 0 0 0 0 14 14 14 10 10 2 2 2 0 0 0 0 0 0 0 0 0 0 0 0 0 0 0 0 0 0 0 0 0 0 0 0 0 0 0 0 0 0 0 0 0 0 0 0 0
27 25 25 25 18 18 18 25 25 24 24 24 12 12 12 18 18 19 19 19 21 21 24 24 24 19 19 19 29 29 33 33 33 34 34 33 33 33 18 18 18 11 11 4 4 4 0 0 0 0 0 14 14 14 10 10 2 2 2 0 0 0 0 0 0 0 0 0 0 0 0 0 0 0 0 0 0 0 0 0 0 0 0 0 0 0 0 0 0 0 0 0 0 0 0 0
26 25 25 25 18 18 18 25 25 23 23 23 9 9 9 0 0 20 20 20 23 23 26 26 26 21 21 21 30 30 32 32 32 33 33 31 31 31 19 19 19 17 17 13 13 13 0 0 0 17 17 13 13 13 6 6 0 0 0 0 0 0 0 0 0 0 0 0 0 0 0 0 0 0 0 0 0 0 0 0 0 0 0 0 0 0 0 0 0 0 0 0 0 0 0 0
26 25 25 25 18 18 18 25 25 23 23 23 9 9 9 0 0 20 20 20 23 23 26 26 26 21 21 21 30 30 32 32 32 33 33 31 31 31 19 19 19 17 17 13 13 13 0 0 0 17 17 13 13 13 6 6 0 0 0 0 0 0 0 0 0 0 0 0 0 0 0 0 0 0 0 0 0 0 0 0 0 0 0 0 0 0 0 0 0 0 0 0 0 0 0 0
26 25 25 25 18 18 18 25 25 23 23 23 9 9 9 0 0 20 20 20 23 23 26 26 26 21 21 21 30 30 32 32 32 33 33 31 31 31 19 19 19 17 17 13 13 13 0 0 0 17 17 13 13 13 6 6 0 0 0 0 0 0 0 0 0 0 0 0 0 0 0 0 0 0 0 0 0 0 0 0 0 0 0 0 0 0 0 0 0 0 0 0 0 0 0 0
26 25 25 25 17 17 17 23 23 19 19 19 5 5 5 0 0 21 21 21 25 25 28 28 28 24 24 24 31 31 31 31 31 31 31 30 30 30 21 21 21 24 24 20 20 20 12 12 12 20 20 14 14 14 5 5 0 0 0 0 0 0 0 0 0 0 0 0 0 0 0 0 0 0 0 0 0 0 0 0 0 0 0 0 0 0 0 0 0 0 0 0 0 0 0 0
26 25 25 25 17 17 17 23 23 19 19 19 5 5 5 0 0 21 21 21 25 25 28 28 28 24 24 24 31 31 31 31 31 31 31 30 30 30 21 21 21 24 24 20 20 20 12 12 12 20 20 14 14 14 5 5 0 0 0 0 0 0 0 0 0 0 0 0 0 0 0 0 0 0 0 0 0 0 0 0 0 0 0 0 0 0 0 0 0 0 0 0 0 0 0 0
28 26 26 26 16 16 16 20 20 15 15 15 2 2 2 0 0 24 24 24 30 30 32 32 32 28 28 28 32 32 32 32 32 31 31 31 31 31 25 25 25 29 29 25 25 25 17 17 17 23 23 17 17 17 5 5 0 0 0 0 0 0 0 0 0 0 0 0 0 0 0 0 0 0 0 0 0 0 0 0 0 0 0 0 0 0 0 0 0 0 0 0 0 0 0 0
28 26 26 26 16 16 16 20 20 15 15 15 2 2 2 0 0 24 24 24 30 30 32 32 32 28 28 28 32 32 32 32 32 31 31 31 31 31 25 25 25 29 29 25 25 25 17 17 17 23 23 17 17 17 5 5 0 0 0 0 0 0 0 0 0 0 0 0 0 0 0 0 0 0 0 0 0 0 0 0 0 0 0 0 0 0 0 0 0 0 0 0 0 0 0 0
28 26 26 26 16 16 16 20 20 15 15 15 2 2 2 0 0 24 24 24 30 30 32 32 32 28 28 28 32 32 32 32 32 31 31 31 31 31 25 25 25 29 29 25 25 25 17 17 17 23 23 17 17 17 5 5 0 0 0 0 0 0 0 0 0 0 0 0 0 0 0 0 0 0 0 0 0 0 0 0 0 0 0 0 0 0 0 0 0 0 0 0 0 0 0 0
28 26 26 26 15 15 15 18 18 12 12 12 0 0 0 0 0 27 27 27 33 33 34 34 34 28 28 28 32 32 31 31 31 30 30 32 32 32 27 27 27 30 30 27 27 27 17 17 17 22 22 14 14 14 1 1 0 0 0 0 0 0 0 0 0 0 0 0 0 0 0 0 0 0 0 0 0 0 0 0 0 0 0 0 0 0 0 0 0 0 0 0 0 0 0 0
28 26 26 26 15 15 15 18 18 12 12 12 0 0 0 0 0 27 27 27 33 33 34 34 34 28 28 28 32 32 31 31 31 30 30 32 32 32 27 27 27 30 30 27 27 27 17 17 17 22 22 14 14 14 1 1 0 0 0 0 0 0 0 0 0 0 0 0 0 0 0 0 0 0 0 0 0 0 0 0 0 0 0 0 0 0 0 0 0 0 0 0 0 0 0 0
28 26 26 26 15 15 15 18 18 12 12 12 0 0 0 0 0 27 27 27 33 33 34 34 34 28 28 28 32 32 31 31 31 30 30 32 32 32 27 27 27 30 30 27 27 27 17 17 17 22 22 14 14 14 1 1 0 0 0 0 0 0 0 0 0 0 0 0 0 0 0 0 0 0 0 0 0 0 0 0 0 0 0 0 0 0 0 0 0 0 0 0 0 0 0 0
29 27 27 27 16 16 16 19 19 13 13 13 1 1 1 0 0 28 28 28 33 33 33 33 33 27 27 27 31 31 30 30 30 30 30 33 33 33 28 28 28 30 30 26 26 26 17 17 17 20 20 9 9 9 0 0 0 0 0 0 0 0 0 0 0 0 0 0 0 0 0 0 0 0 0 0 0 0 0 0 0 0 0 0 0 0 0 0 0 0 0 0 0 0 0 0
29 27 27 27 16 16 16 19 19 13 13 13 1 1 1 0 0 28 28 28 33 33 33 33 33 27 27 27 31 31 30 30 30 30 30 33 33 33 28 28 28 30 30 26 26 26 17 17 17 20 20 9 9 9 0 0 0 0 0 0 0 0 0 0 0 0 0 0 0 0 0 0 0 0 0 0 0 0 0 0 0 0 0 0 0 0 0 0 0 0 0 0 0 0 0 0
30 29 29 29 20 20 20 22 22 16 16 16 4 4 4 0 0 24 24 24 29 29 32 32 32 25 25 25 29 29 29 29 29 30 30 32 32 32 27 27 27 31 31 26 26 26 16 16 16 19 19 6 6 6 0 0 0 0 0 0 0 0 0 0 0 0 0 0 0 0 0 0 0 0 0 0 0 0 0 0 0 0 0 0 0 0 0 0 0 0 0 0 0 0 0 0
30 29 29 29 20 20 20 22 22 16 16 16 4 4 4 0 0 24 24 24 29 29 32 32 32 25 25 25 29 29 29 29 29 30 30 32 32 32 27 27 27 31 31 26 26 26 16 16 16 19 19 6 6 6 0 0 0 0 0 0 0 0 0 0 0 0 0 0 0 0 0 0 0 0 0 0 0 0 0 0 0 0 0 0 0 0 0 0 0 0 0 0 0 0 0 0
30 29 29 29 20 20 20 22 22 16 16 16 4 4 4 0 0 24 24 24 29 29 32 32 32 25 25 25 29 29 29 29 29 30 30 32 32 32 27 27 27 31 31 26 26 26 16 16 16 19 19 6 6 6 0 0 0 0 0 0 0 0 0 0 0 0 0 0 0 0 0 0 0 0 0 0 0 0 0 0 0 0 0 0 0 0 0 0 0 0 0 0 0 0 0 0
31 31 31 31 25 25 25 26 26 19 19 19 6 6 6 0 0 21 21 21 25 25 31 31 31 26 26 26 30 30 28 28 28 27 27 29 29 29 27 27 27 34 34 30 30 30 18 18 18 18 18 5 5 5 0 0 0 0 0 0 0 0 0 0 0 0 0 0 0 0 0 0 0 0 0 0 0 0 0 0 0 0 0 0 0 0 0 0 0 0 0 0 0 0 0 0
31 31 31 31 25 25 25 26 26 19 19 19 6 6 6 0 0 21 21 21 25 25 31 31 31 26 26 26 30 30 28 28 28 27 27 29 29 29 27 27 27 34 34 30 30 30 18 18 18 18 18 5 5 5 0 0 0 0 0 0 0 0 0 0 0 0 0 0 0 0 0 0 0 0 0 0 0 0 0 0 0 0 0 0 0 0 0 0 0 0 0 0 0 0 0 0
32 33 33 33 30 30 30 31 31 21 21 21 7 7 7 0 0 20 20 20 25 25 32 32 32 29 29 29 34 34 29 29 29 25 25 28 28 28 30 30 30 39 39 34 34 34 21 21 21 19 19 7 7 7 0 0 0 0 0 0 0 0 0 0 0 0 0 0 0 0 0 0 0 0 0 0 0 0 0 0 0 0 0 0 0 0 0 0 0 0 0 0 0 0 0 0
32 33 33 33 30 30 30 31 31 21 21 21 7 7 7 0 0 20 20 20 25 25 32 32 32 29 29 29 34 34 29 29 29 25 25 28 28 28 30 30 30 39 39 34 34 34 21 21 21 19 19 7 7 7 0 0 0 0 0 0 0 0 0 0 0 0 0 0 0 0 0 0 0 0 0 0 0 0 0 0 0 0 0 0 0 0 0 0 0 0 0 0 0 0 0 0
