SEB_model/sample_data_files/historical_long/hillshade_historical_long/aug6pm.txt
ncols         768
nrows         486
xllcorner     388353.95236715
yllcorner     7583725.4876181
cellsize      5
NODATA_value  -9999
[rows 301 to 343 of 486, columns 576 to 671 of 768]
0 0 0 0 0 0 0 0 0 0 0 33 33 33 42 42 58 58 58 72 72 81 81 81 87 87 87 82 82 79 79 79 77 77 77 73 73 68 68 68 61 61 57 57 57 54 54 54 56 56 56 56 56 54 54 50 50 50 43 43 43 43 43 41 41 41 36 36 36 40 40 38 38 38 32 32 24 24 24 16 16 16 27 27 32 32 32 37 37 48 48 48 49 49 49 51
0 0 0 0 0 0 0 0 0 0 0 0 0 0 0 0 53 53 53 68 68 81 81 81 87 87 87 83 83 81 81 81 79 79 79 77 77 71 71 71 62 62 57 57 57 55 55 55 57 57 56 56 56 56 56 52 52 52 42 42 42 41 41 40 40 40 34 34 34 39 39 36 36 36 33 33 29 29 29 21 21 21 29 29 33 33 33 36 36 48 48 48 51 51 51 52
0 0 0 0 0 0 0 0 0 0 0 0 0 0 0 0 53 53 53 68 68 81 81 81 87 87 87 83 83 81 81 81 79 79 79 77 77 71 71 71 62 62 57 57 57 55 55 55 57 57 56 56 56 56 56 52 52 52 42 42 42 41 41 40 40 40 34 34 34 39 39 36 36 36 33 33 29 29 29 21 21 21 29 29 33 33 33 36 36 48 48 48 51 51 51 52
0 0 0 0 0 0 0 0 0 0 0 0 0 0 0 0 53 53 53 68 68 81 81 81 87 87 87 83 83 81 81 81 79 79 79 77 77 71 71 71 62 62 57 57 57 55 55 55 57 57 56 56 56 56 56 52 52 52 42 42 42 41 41 40 40 40 34 34 34 39 39 36 36 36 33 33 29 29 29 21 21 21 29 29 33 33 33 36 36 48 48 48 51 51 51 52
0 0 0 0 0 0 0 0 0 0 0 0 0 0 0 0 0 0 0 62 62 80 80 80 85 85 85 82 82 81 81 81 79 79 79 77 77 71 71 71 62 62 58 58 58 56 56 56 55 55 54 54 54 54 54 50 50 50 40 40 40 38 38 37 37 37 31 31 31 35 35 34 34 34 32 32 30 30 30 22 22 22 28 28 31 31 31 32 32 40 40 40 47 47 47 54
0 0 0 0 0 0 0 0 0 0 0 0 0 0 0 0 0 0 0 62 62 80 80 80 85 85 85 82 82 81 81 81 79 79 79 77 77 71 71 71 62 62 58 58 58 56 56 56 55 55 54 54 54 54 54 50 50 50 40 40 40 38 38 37 37 37 31 31 31 35 35 34 34 34 32 32 30 30 30 22 22 22 28 28 31 31 31 32 32 40 40 40 47 47 47 54
0 0 0 0 0 0 0 0 0 0 0 0 0 0 0 0 0 0 0 62 62 80 80 80 85 85 85 82 82 81 81 81 79 79 79 77 77 71 71 71 62 62 58 58 58 56 56 56 55 55 54 54 54 54 54 50 50 50 40 40 40 38 38 37 37 37 31 31 31 35 35 34 34 34 32 32 30 30 30 22 22 22 28 28 31 31 31 32 32 40 40 40 47 47 47 54
0 0 0 0 0 0 0 0 0 0 0 0 0 0 0 0 0 0 0 0 0 75 75 75 81 81 81 79 79 79 79 79 78 78 78 75 75 70 70 70 63 63 60 60 60 57 57 57 56 56 53 53 53 52 52 48 48 48 39 39 39 38 38 37 37 37 30 30 30 34 34 34 34 34 33 33 31 31 31 23 23 23 29 29 30 30 30 31 31 34 34 34 39 39 39 53
0 0 0 0 0 0 0 0 0 0 0 0 0 0 0 0 0 0 0 0 0 75 75 75 81 81 81 79 79 79 79 79 78 78 78 75 75 70 70 70 63 63 60 60 60 57 57 57 56 56 53 53 53 52 52 48 48 48 39 39 39 38 38 37 37 37 30 30 30 34 34 34 34 34 33 33 31 31 31 23 23 23 29 29 30 30 30 31 31 34 34 34 39 39 39 53
0 0 0 0 0 0 0 0 0 0 0 0 0 0 0 0 0 0 0 0 0 0 0 0 74 74 74 75 75 76 76 76 75 75 75 72 72 69 69 69 64 64 60 60 60 59 59 59 57 57 53 53 53 50 50 46 46 46 37 37 37 39 39 37 37 37 30 30 30 34 34 33 33 33 33 33 32 32 32 25 25 25 30 30 30 30 30 30 30 32 32 32 31 31 31 46
0 0 0 0 0 0 0 0 0 0 0 0 0 0 0 0 0 0 0 0 0 0 0 0 74 74 74 75 75 76 76 76 75 75 75 72 72 69 69 69 64 64 60 60 60 59 59 59 57 57 53 53 53 50 50 46 46 46 37 37 37 39 39 37 37 37 30 30 30 34 34 33 33 33 33 33 32 32 32 25 25 25 30 30 30 30 30 30 30 32 32 32 31 31 31 46
0 0 0 0 0 0 0 0 0 0 0 0 0 0 0 0 0 0 0 0 0 0 0 0 74 74 74 75 75 76 76 76 75 75 75 72 72 69 69 69 64 64 60 60 60 59 59 59 57 57 53 53 53 50 50 46 46 46 37 37 37 39 39 37 37 37 30 30 30 34 34 33 33 33 33 33 32 32 32 25 25 25 30 30 30 30 30 30 30 32 32 32 31 31 31 46
0 0 0 0 0 0 0 0 0 0 0 0 0 0 0 0 0 0 0 0 0 0 0 0 0 0 0 70 70 72 72 72 71 71 71 68 68 67 67 67 65 65 61 61 61 58 58 58 57 57 53 53 53 49 49 44 44 44 36 36 36 38 38 37 37 37 31 31 31 34 34 33 33 33 32 32 31 31 31 25 25 25 31 31 29 29 29 29 29 32 32 32 28 28 28 39
0 0 0 0 0 0 0 0 0 0 0 0 0 0 0 0 0 0 0 0 0 0 0 0 0 0 0 70 70 72 72 72 71 71 71 68 68 67 67 67 65 65 61 61 61 58 58 58 57 57 53 53 53 49 49 44 44 44 36 36 36 38 38 37 37 37 31 31 31 34 34 33 33 33 32 32 31 31 31 25 25 25 31 31 29 29 29 29 29 32 32 32 28 28 28 39
0 0 0 0 0 0 0 0 0 0 0 0 0 0 0 0 0 0 0 0 0 0 0 0 0 0 0 70 70 72 72 72 71 71 71 68 68 67 67 67 65 65 61 61 61 58 58 58 57 57 53 53 53 49 49 44 44 44 36 36 36 38 38 37 37 37 31 31 31 34 34 33 33 33 32 32 31 31 31 25 25 25 31 31 29 29 29 29 29 32 32 32 28 28 28 39
0 0 0 0 0 0 0 0 0 0 0 0 0 0 0 0 0 0 0 0 0 0 0 0 0 0 0 66 66 68 68 68 67 67 67 65 65 66 66 66 65 65 62 62 62 59 59 59 57 57 52 52 52 48 48 44 44 44 37 37 37 40 40 38 38 38 32 32 32 36 36 34 34 34 33 33 32 32 32 25 25 25 31 31 31 31 31 32 32 33 33 33 29 29 29 38
0 0 0 0 0 0 0 0 0 0 0 0 0 0 0 0 0 0 0 0 0 0 0 0 0 0 0 66 66 68 68 68 67 67 67 65 65 66 66 66 65 65 62 62 62 59 59 59 57 57 52 52 52 48 48 44 44 44 37 37 37 40 40 38 38 38 32 32 32 36 36 34 34 34 33 33 32 32 32 25 25 25 31 31 31 31 31 32 32 33 33 33 29 29 29 38
0 0 0 0 0 0 0 0 0 0 0 0 0 0 0 0 0 0 0 0 0 0 0 0 0 0 0 61 61 64 64 64 63 63 63 61 61 62 62 62 63 63 61 61 61 58 58 58 55 55 48 48 48 44 44 42 42 42 37 37 37 39 39 37 37 37 31 31 31 35 35 33 33 33 32 32 29 29 29 22 22 22 30 30 31 31 31 31 31 31 31 31 27 27 27 37
0 0 0 0 0 0 0 0 0 0 0 0 0 0 0 0 0 0 0 0 0 0 0 0 0 0 0 61 61 64 64 64 63 63 63 61 61 62 62 62 63 63 61 61 61 58 58 58 55 55 48 48 48 44 44 42 42 42 37 37 37 39 39 37 37 37 31 31 31 35 35 33 33 33 32 32 29 29 29 22 22 22 30 30 31 31 31 31 31 31 31 31 27 27 27 37
0 0 0 0 0 0 0 0 0 0 0 0 0 0 0 0 0 0 0 0 0 0 0 0 0 0 0 61 61 64 64 64 63 63 63 61 61 62 62 62 63 63 61 61 61 58 58 58 55 55 48 48 48 44 44 42 42 42 37 37 37 39 39 37 37 37 31 31 31 35 35 33 33 33 32 32 29 29 29 22 22 22 30 30 31 31 31 31 31 31 31 31 27 27 27 37
0 0 0 0 0 0 0 0 0 0 0 0 0 0 0 0 0 0 0 0 0 0 0 0 0 0 0 0 0 60 60 60 61 61 61 60 60 60 60 60 60 60 59 59 59 56 56 56 53 53 46 46 46 42 42 41 41 41 37 37 37 40 40 38 38 38 31 31 31 35 35 34 34 34 32 32 29 29 29 22 22 22 30 30 31 31 31 31 31 31 31 31 27 27 27 37
0 0 0 0 0 0 0 0 0 0 0 0 0 0 0 0 0 0 0 0 0 0 0 0 0 0 0 0 0 60 60 60 61 61 61 60 60 60 60 60 60 60 59 59 59 56 56 56 53 53 46 46 46 42 42 41 41 41 37 37 37 40 40 38 38 38 31 31 31 35 35 34 34 34 32 32 29 29 29 22 22 22 30 30 31 31 31 31 31 31 31 31 27 27 27 37
2 2 2 0 0 0 0 0 0 0 0 0 0 0 0 0 0 0 0 0 0 0 0 0 0 0 0 0 0 58 58 58 60 60 60 60 60 58 58 58 58 58 57 57 57 53 53 53 51 51 46 46 46 43 43 42 42 42 38 38 38 40 40 39 39 39 33 33 33 38 38 37 37 37 34 34 29 29 29 23 23 23 31 31 32 32 32 32 32 33 33 33 29 29 29 36
2 2 2 0 0 0 0 0 0 0 0 0 0 0 0 0 0 0 0 0 0 0 0 0 0 0 0 0 0 58 58 58 60 60 60 60 60 58 58 58 58 58 57 57 57 53 53 53 51 51 46 46 46 43 43 42 42 42 38 38 38 40 40 39 39 39 33 33 33 38 38 37 37 37 34 34 29 29 29 23 23 23 31 31 32 32 32 32 32 33 33 33 29 29 29 36
2 2 2 0 0 0 0 0 0 0 0 0 0 0 0 0 0 0 0 0 0 0 0 0 0 0 0 0 0 58 58 58 60 60 60 60 60 58 58 58 58 58 57 57 57 53 53 53 51 51 46 46 46 43 43 42 42 42 38 38 38 40 40 39 39 39 33 33 33 38 38 37 37 37 34 34 29 29 29 23 23 23 31 31 32 32 32 32 32 33 33 33 29 29 29 36
10 10 10 0 0 0 0 0 0 0 0 0 0 0 0 0 0 0 0 0 0 0 0 0 0 0 0 0 0 55 55 55 57 57 57 56 56 54 54 54 54 54 53 53 53 48 48 48 48 48 45 45 45 42 42 40 40 40 34 34 34 38 38 39 39 39 34 34 34 38 38 37 37 37 32 32 27 27 27 21 21 21 29 29 31 31 31 31 31 34 34 34 30 30 30 35
10 10 10 0 0 0 0 0 0 0 0 0 0 0 0 0 0 0 0 0 0 0 0 0 0 0 0 0 0 55 55 55 57 57 57 56 56 54 54 54 54 54 53 53 53 48 48 48 48 48 45 45 45 42 42 40 40 40 34 34 34 38 38 39 39 39 34 34 34 38 38 37 37 37 32 32 27 27 27 21 21 21 29 29 31 31 31 31 31 34 34 34 30 30 30 35
10 10 10 0 0 0 0 0 0 0 0 0 0 0 0 0 0 0 0 0 0 0 0 0 0 0 0 0 0 55 55 55 57 57 57 56 56 54 54 54 54 54 53 53 53 48 48 48 48 48 45 45 45 42 42 40 40 40 34 34 34 38 38 39 39 39 34 34 34 38 38 37 37 37 32 32 27 27 27 21 21 21 29 29 31 31 31 31 31 34 34 34 30 30 30 35
19 19 19 0 0 0 0 0 0 0 0 0 0 0 0 0 0 0 0 0 0 0 0 0 0 0 0 0 0 53 53 53 53 53 53 53 53 51 51 51 53 53 51 51 51 44 44 44 45 45 43 43 43 41 41 37 37 37 31 31 31 37 37 39 39 39 34 34 34 38 38 35 35 35 31 31 27 27 27 22 22 22 30 30 32 32 32 33 33 35 35 35 32 32 32 37
19 19 19 0 0 0 0 0 0 0 0 0 0 0 0 0 0 0 0 0 0 0 0 0 0 0 0 0 0 53 53 53 53 53 53 53 53 51 51 51 53 53 51 51 51 44 44 44 45 45 43 43 43 41 41 37 37 37 31 31 31 37 37 39 39 39 34 34 34 38 38 35 35 35 31 31 27 27 27 22 22 22 30 30 32 32 32 33 33 35 35 35 32 32 32 37
23 23 23 1 1 1 0 0 0 0 0 0 0 0 0 0 0 0 0 0 0 0 0 0 0 0 0 0 0 49 49 49 51 51 51 52 52 52 52 52 53 53 49 49 49 41 41 41 42 42 40 40 40 38 38 35 35 35 29 29 29 35 35 38 38 38 34 34 34 37 37 34 34 34 32 32 30 30 30 25 25 25 33 33 34 34 34 35 35 36 36 36 33 33 33 40
23 23 23 1 1 1 0 0 0 0 0 0 0 0 0 0 0 0 0 0 0 0 0 0 0 0 0 0 0 49 49 49 51 51 51 52 52 52 52 52 53 53 49 49 49 41 41 41 42 42 40 40 40 38 38 35 35 35 29 29 29 35 35 38 38 38 34 34 34 37 37 34 34 34 32 32 30 30 30 25 25 25 33 33 34 34 34 35 35 36 36 36 33 33 33 40
23 23 23 1 1 1 0 0 0 0 0 0 0 0 0 0 0 0 0 0 0 0 0 0 0 0 0 0 0 49 49 49 51 51 51 52 52 52 52 52 53 53 49 49 49 41 41 41 42 42 40 40 40 38 38 35 35 35 29 29 29 35 35 38 38 38 34 34 34 37 37 34 34 34 32 32 30 30 30 25 25 25 33 33 34 34 34 35 35 36 36 36 33 33 33 40
24 24 24 7 7 7 0 0 0 0 0 0 0 0 0 0 0 0 0 0 0 0 0 0 0 0 0 0 0 46 46 46 49 49 49 52 52 52 52 52 54 54 48 48 48 36 36 36 37 37 35 35 35 34 34 33 33 33 28 28 28 34 34 37 37 37 34 34 34 37 37 35 35 35 33 33 32 32 32 28 28 28 35 35 36 36 36 36 36 37 37 37 35 35 35 42
24 24 24 7 7 7 0 0 0 0 0 0 0 0 0 0 0 0 0 0 0 0 0 0 0 0 0 0 0 46 46 46 49 49 49 52 52 52 52 52 54 54 48 48 48 36 36 36 37 37 35 35 35 34 34 33 33 33 28 28 28 34 34 37 37 37 34 34 34 37 37 35 35 35 33 33 32 32 32 28 28 28 35 35 36 36 36 36 36 37 37 37 35 35 35 42
25 25 25 14 14 14 15 15 9 9 9 0 0 0 0 0 0 0 0 0 0 0 0 0 0 0 0 0 0 43 43 43 46 46 46 50 50 51 51 51 54 54 47 47 47 33 33 33 32 32 32 32 32 32 32 33 33 33 30 30 30 36 36 38 38 38 35 35 35 38 38 37 37 37 35 35 35 35 35 31 31 31 37 37 38 38 38 39 39 41 41 41 39 39 39 46
25 25 25 14 14 14 15 15 9 9 9 0 0 0 0 0 0 0 0 0 0 0 0 0 0 0 0 0 0 43 43 43 46 46 46 50 50 51 51 51 54 54 47 47 47 33 33 33 32 32 32 32 32 32 32 33 33 33 30 30 30 36 36 38 38 38 35 35 35 38 38 37 37 37 35 35 35 35 35 31 31 31 37 37 38 38 38 39 39 41 41 41 39 39 39 46
25 25 25 14 14 14 15 15 9 9 9 0 0 0 0 0 0 0 0 0 0 0 0 0 0 0 0 0 0 43 43 43 46 46 46 50 50 51 51 51 54 54 47 47 47 33 33 33 32 32 32 32 32 32 32 33 33 33 30 30 30 36 36 38 38 38 35 35 35 38 38 37 37 37 35 35 35 35 35 31 31 31 37 37 38 38 38 39 39 41 41 41 39 39 39 46
26 26 26 16 16 16 21 21 22 22 22 5 5 5 0 0 0 0 0 0 0 0 0 0 0 0 0 0 0 38 38 38 42 42 42 47 47 47 47 47 50 50 43 43 43 29 29 29 29 29 29 29 29 30 30 33 33 33 30 30 30 36 36 38 38 38 34 34 34 37 37 35 35 35 35 35 38 38 38 34 34 34 36 36 37 37 37 40 40 43 43 43 42 42 42 47
26 26 26 16 16 16 21 21 22 22 22 5 5 5 0 0 0 0 0 0 0 0 0 0 0 0 0 0 0 38 38 38 42 42 42 47 47 47 47 47 50 50 43 43 43 29 29 29 29 29 29 29 29 30 30 33 33 33 30 30 30 36 36 38 38 38 34 34 34 37 37 35 35 35 35 35 38 38 38 34 34 34 36 36 37 37 37 40 40 43 43 43 42 42 42 47
26 26 26 16 16 16 21 21 22 22 22 5 5 5 0 0 0 0 0 0 0 0 0 0 0 0 0 0 0 38 38 38 42 42 42 47 47 47 47 47 50 50 43 43 43 29 29 29 29 29 29 29 29 30 30 33 33 33 30 30 30 36 36 38 38 38 34 34 34 37 37 35 35 35 35 35 38 38 38 34 34 34 36 36 37 37 37 40 40 43 43 43 42 42 42 47
24 24 24 15 15 15 23 23 26 26 26 11 11 11 2 2 0 0 0 0 0 0 0 0 0 0 0 0 0 34 34 34 39 39 39 44 44 43 43 43 45 45 40 40 40 29 29 29 30 30 30 30 30 31 31 33 33 33 30 30 30 37 37 37 37 37 32 32 32 36 36 36 36 36 37 37 41 41 41 36 36 36 37 37 38 38 38 42 42 47 47 47 45 45 45 49
24 24 24 15 15 15 23 23 26 26 26 11 11 11 2 2 0 0 0 0 0 0 0 0 0 0 0 0 0 34 34 34 39 39 39 44 44 43 43 43 45 45 40 40 40 29 29 29 30 30 30 30 30 31 31 33 33 33 30 30 30 37 37 37 37 37 32 32 32 36 36 36 36 36 37 37 41 41 41 36 36 36 37 37 38 38 38 42 42 47 47 47 45 45 45 49
