SEB_model/sample_data_files/historical_long/hillshade_historical_long/aug6am.txt
ncols         768
nrows         486
xllcorner     388353.95236715
yllcorner     7583725.4876181
cellsize      5
NODATA_value  -9999
[rows 117 to 155 of 486, columns 445 to 533 of 768]
99 92 92 91 91 91 89 89 89 90 90 99 99 99 95 95 99 99 99 110 110 110 104 104 104 104 104 103 103 101 101 101 109 109 109 101 101 102 102 102 112 112 112 106 106 107 107 107 107 107 106 106 106 115 115 115 108 108 108 108 108 108 108 108 108 108 117 117 117 111 111 114 114 114 124 124 124 114 114 112 112 112 111 111 110 110 110 119 119
99 92 92 91 91 91 89 89 89 90 90 99 99 99 95 95 99 99 99 110 110 110 104 104 104 104 104 103 103 101 101 101 109 109 109 101 101 102 102 102 112 112 112 106 106 107 107 107 107 107 106 106 106 115 115 115 108 108 108 108 108 108 108 108 108 108 117 117 117 111 111 114 114 114 124 124 124 114 114 112 112 112 111 111 110 110 110 119 119
102 94 94 91 91 91 89 89 89 90 90 98 98 98 93 93 98 98 98 110 110 110 104 104 104 104 104 103 103 101 101 101 108 108 108 101 101 103 103 103 113 113 113 106 106 107 107 107 106 106 106 106 106 116 116 116 107 107 106 106 106 107 107 108 108 108 118 118 118 110 110 111 111 111 121 121 121 112 112 111 111 111 110 110 108 108 108 115 115
102 94 94 91 91 91 89 89 89 90 90 98 98 98 93 93 98 98 98 110 110 110 104 104 104 104 104 103 103 101 101 101 108 108 108 101 101 103 103 103 113 113 113 106 106 107 107 107 106 106 106 106 106 116 116 116 107 107 106 106 106 107 107 108 108 108 118 118 118 110 110 111 111 111 121 121 121 112 112 111 111 111 110 110 108 108 108 115 115
102 94 94 91 91 91 89 89 89 90 90 98 98 98 93 93 98 98 98 110 110 110 104 104 104 104 104 103 103 101 101 101 108 108 108 101 101 103 103 103 113 113 113 106 106 107 107 107 106 106 106 106 106 116 116 116 107 107 106 106 106 107 107 108 108 108 118 118 118 110 110 111 111 111 121 121 121 112 112 111 111 111 110 110 108 108 108 115 115
103 95 95 91 91 91 90 90 90 91 91 97 97 97 91 91 96 96 96 108 108 108 104 104 105 105 105 104 104 102 102 102 109 109 109 102 102 103 103 103 112 112 112 104 104 105 105 105 107 107 108 108 108 117 117 117 106 106 104 104 104 105 105 107 107 107 118 118 118 109 109 110 110 110 119 119 119 110 110 110 110 110 109 109 108 108 108 115 115
103 95 95 91 91 91 90 90 90 91 91 97 97 97 91 91 96 96 96 108 108 108 104 104 105 105 105 104 104 102 102 102 109 109 109 102 102 103 103 103 112 112 112 104 104 105 105 105 107 107 108 108 108 117 117 117 106 106 104 104 104 105 105 107 107 107 118 118 118 109 109 110 110 110 119 119 119 110 110 110 110 110 109 109 108 108 108 115 115
103 95 95 91 91 91 90 90 90 91 91 97 97 97 91 91 96 96 96 108 108 108 104 104 105 105 105 104 104 102 102 102 109 109 109 102 102 103 103 103 112 112 112 104 104 105 105 105 107 107 108 108 108 117 117 117 106 106 104 104 104 105 105 107 107 107 118 118 118 109 109 110 110 110 119 119 119 110 110 110 110 110 109 109 108 108 108 115 115
102 95 95 92 92 92 91 91 91 91 91 97 97 97 90 90 95 95 95 107 107 107 103 103 105 105 105 106 106 105 105 105 113 113 113 105 105 103 103 103 109 109 109 100 100 103 103 103 107 107 110 110 110 119 119 119 108 108 105 105 105 104 104 105 105 105 115 115 115 108 108 108 108 108 117 117 117 109 109 109 109 109 108 108 108 108 108 116 116
102 95 95 92 92 92 91 91 91 91 91 97 97 97 90 90 95 95 95 107 107 107 103 103 105 105 105 106 106 105 105 105 113 113 113 105 105 103 103 103 109 109 109 100 100 103 103 103 107 107 110 110 110 119 119 119 108 108 105 105 105 104 104 105 105 105 115 115 115 108 108 108 108 108 117 117 117 109 109 109 109 109 108 108 108 108 108 116 116
102 95 95 93 93 93 91 91 91 91 91 96 96 96 90 90 95 95 95 107 107 107 102 102 105 105 105 107 107 108 108 108 115 115 115 106 106 103 103 103 106 106 106 97 97 101 101 101 106 106 110 110 110 119 119 119 109 109 107 107 107 106 106 105 105 105 114 114 114 107 107 107 107 107 115 115 115 107 107 108 108 108 108 108 108 108 108 116 116
102 95 95 93 93 93 91 91 91 91 91 96 96 96 90 90 95 95 95 107 107 107 102 102 105 105 105 107 107 108 108 108 115 115 115 106 106 103 103 103 106 106 106 97 97 101 101 101 106 106 110 110 110 119 119 119 109 109 107 107 107 106 106 105 105 105 114 114 114 107 107 107 107 107 115 115 115 107 107 108 108 108 108 108 108 108 108 116 116
102 95 95 93 93 93 91 91 91 91 91 96 96 96 90 90 95 95 95 107 107 107 102 102 105 105 105 107 107 108 108 108 115 115 115 106 106 103 103 103 106 106 106 97 97 101 101 101 106 106 110 110 110 119 119 119 109 109 107 107 107 106 106 105 105 105 114 114 114 107 107 107 107 107 115 115 115 107 107 108 108 108 108 108 108 108 108 116 116
102 96 96 94 94 94 91 91 91 90 90 95 95 95 90 90 95 95 95 106 106 106 102 102 105 105 105 107 107 107 107 107 114 114 114 104 104 102 102 102 107 107 107 99 99 102 102 102 105 105 108 108 108 116 116 116 109 109 108 108 108 107 107 106 106 106 114 114 114 107 107 106 106 106 113 113 113 106 106 107 107 107 108 108 107 107 107 116 116
102 96 96 94 94 94 91 91 91 90 90 95 95 95 90 90 95 95 95 106 106 106 102 102 105 105 105 107 107 107 107 107 114 114 114 104 104 102 102 102 107 107 107 99 99 102 102 102 105 105 108 108 108 116 116 116 109 109 108 108 108 107 107 106 106 106 114 114 114 107 107 106 106 106 113 113 113 106 106 107 107 107 108 108 107 107 107 116 116
102 95 95 94 94 94 92 92 92 91 91 96 96 96 92 92 96 96 96 107 107 107 103 103 104 104 104 105 105 104 104 104 110 110 110 101 101 100 100 100 109 109 109 102 102 103 103 103 104 104 105 105 105 113 113 113 106 106 106 106 106 106 106 106 106 106 114 114 114 106 106 104 104 104 112 112 112 105 105 107 107 107 108 108 108 108 108 117 117
102 95 95 94 94 94 92 92 92 91 91 96 96 96 92 92 96 96 96 107 107 107 103 103 104 104 104 105 105 104 104 104 110 110 110 101 101 100 100 100 109 109 109 102 102 103 103 103 104 104 105 105 105 113 113 113 106 106 106 106 106 106 106 106 106 106 114 114 114 106 106 104 104 104 112 112 112 105 105 107 107 107 108 108 108 108 108 117 117
102 95 95 94 94 94 92 92 92 91 91 96 96 96 92 92 96 96 96 107 107 107 103 103 104 104 104 105 105 104 104 104 110 110 110 101 101 100 100 100 109 109 109 102 102 103 103 103 104 104 105 105 105 113 113 113 106 106 106 106 106 106 106 106 106 106 114 114 114 106 106 104 104 104 112 112 112 105 105 107 107 107 108 108 108 108 108 117 117
102 94 94 93 93 93 92 92 92 91 91 98 98 98 95 95 100 100 100 111 111 111 105 105 104 104 104 102 102 100 100 100 106 106 106 98 98 98 98 98 108 108 108 103 103 104 104 104 104 104 105 105 105 113 113 113 104 104 103 103 103 104 104 104 104 104 110 110 110 102 102 102 102 102 112 112 112 107 107 108 108 108 109 109 109 109 109 118 118
102 94 94 93 93 93 92 92 92 91 91 98 98 98 95 95 100 100 100 111 111 111 105 105 104 104 104 102 102 100 100 100 106 106 106 98 98 98 98 98 108 108 108 103 103 104 104 104 104 104 105 105 105 113 113 113 104 104 103 103 103 104 104 104 104 104 110 110 110 102 102 102 102 102 112 112 112 107 107 108 108 108 109 109 109 109 109 118 118
102 94 94 93 93 93 92 92 92 91 91 98 98 98 95 95 100 100 100 111 111 111 105 105 104 104 104 102 102 100 100 100 106 106 106 98 98 98 98 98 108 108 108 103 103 104 104 104 104 104 105 105 105 113 113 113 104 104 103 103 103 104 104 104 104 104 110 110 110 102 102 102 102 102 112 112 112 107 107 108 108 108 109 109 109 109 109 118 118
101 93 93 93 93 93 92 92 92 92 92 101 101 101 100 100 106 106 106 115 115 115 107 107 103 103 103 99 99 97 97 97 104 104 104 95 95 95 95 95 105 105 105 101 101 104 104 104 105 105 106 106 106 113 113 113 104 104 102 102 102 102 102 100 100 100 103 103 103 95 95 99 99 99 113 113 113 109 109 110 110 110 110 110 110 110 110 118 118
101 93 93 93 93 93 92 92 92 92 92 101 101 101 100 100 106 106 106 115 115 115 107 107 103 103 103 99 99 97 97 97 104 104 104 95 95 95 95 95 105 105 105 101 101 104 104 104 105 105 106 106 106 113 113 113 104 104 102 102 102 102 102 100 100 100 103 103 103 95 95 99 99 99 113 113 113 109 109 110 110 110 110 110 110 110 110 118 118
99 93 93 93 93 93 93 93 93 96 96 107 107 107 107 107 111 111 111 117 117 117 107 107 100 100 100 96 96 95 95 95 102 102 102 94 94 94 94 94 103 103 103 99 99 104 104 104 105 105 105 105 105 114 114 114 105 105 102 102 102 100 100 97 97 97 99 99 99 88 88 95 95 95 114 114 114 111 111 112 112 112 111 111 111 111 111 118 118
99 93 93 93 93 93 93 93 93 96 96 107 107 107 107 107 111 111 111 117 117 117 107 107 100 100 100 96 96 95 95 95 102 102 102 94 94 94 94 94 103 103 103 99 99 104 104 104 105 105 105 105 105 114 114 114 105 105 102 102 102 100 100 97 97 97 99 99 99 88 88 95 95 95 114 114 114 111 111 112 112 112 111 111 111 111 111 118 118
99 93 93 93 93 93 93 93 93 96 96 107 107 107 107 107 111 111 111 117 117 117 107 107 100 100 100 96 96 95 95 95 102 102 102 94 94 94 94 94 103 103 103 99 99 104 104 104 105 105 105 105 105 114 114 114 105 105 102 102 102 100 100 97 97 97 99 99 99 88 88 95 95 95 114 114 114 111 111 112 112 112 111 111 111 111 111 118 118
97 93 93 93 93 93 96 96 96 102 102 115 115 115 115 115 116 116 116 119 119 119 105 105 98 98 98 95 95 95 95 95 103 103 103 95 95 95 95 95 103 103 103 98 98 102 102 102 103 103 103 103 103 112 112 112 104 104 101 101 101 99 99 97 97 97 99 99 99 86 86 92 92 92 112 112 112 110 110 111 111 111 111 111 111 111 111 118 118
97 93 93 93 93 93 96 96 96 102 102 115 115 115 115 115 116 116 116 119 119 119 105 105 98 98 98 95 95 95 95 95 103 103 103 95 95 95 95 95 103 103 103 98 98 102 102 102 103 103 103 103 103 112 112 112 104 104 101 101 101 99 99 97 97 97 99 99 99 86 86 92 92 92 112 112 112 110 110 111 111 111 111 111 111 111 111 118 118
95 93 93 96 96 96 101 101 101 106 106 119 119 119 118 118 119 119 119 121 121 121 107 107 101 101 101 97 97 98 98 98 105 105 105 97 97 97 97 97 104 104 104 97 97 99 99 99 99 99 100 100 100 108 108 108 100 100 99 99 99 99 99 99 99 99 103 103 103 89 89 91 91 91 108 108 108 107 107 110 110 110 110 110 111 111 111 118 118
95 93 93 96 96 96 101 101 101 106 106 119 119 119 118 118 119 119 119 121 121 121 107 107 101 101 101 97 97 98 98 98 105 105 105 97 97 97 97 97 104 104 104 97 97 99 99 99 99 99 100 100 100 108 108 108 100 100 99 99 99 99 99 99 99 99 103 103 103 89 89 91 91 91 108 108 108 107 107 110 110 110 110 110 111 111 111 118 118
95 93 93 96 96 96 101 101 101 106 106 119 119 119 118 118 119 119 119 121 121 121 107 107 101 101 101 97 97 98 98 98 105 105 105 97 97 97 97 97 104 104 104 97 97 99 99 99 99 99 100 100 100 108 108 108 100 100 99 99 99 99 99 99 99 99 103 103 103 89 89 91 91 91 108 108 108 107 107 110 110 110 110 110 111 111 111 118 118
94 95 95 100 100 100 105 105 105 108 108 117 117 117 114 114 117 117 117 124 124 124 114 114 109 109 109 104 104 102 102 102 109 109 109 98 98 97 97 97 103 103 103 97 97 97 97 97 97 97 98 98 98 106 106 106 98 98 98 98 98 99 99 100 100 100 104 104 104 92 92 93 93 93 107 107 107 105 105 108 108 108 110 110 110 110 110 117 117
94 95 95 100 100 100 105 105 105 108 108 117 117 117 114 114 117 117 117 124 124 124 114 114 109 109 109 104 104 102 102 102 109 109 109 98 98 97 97 97 103 103 103 97 97 97 97 97 97 97 98 98 98 106 106 106 98 98 98 98 98 99 99 100 100 100 104 104 104 92 92 93 93 93 107 107 107 105 105 108 108 108 110 110 110 110 110 117 117
94 95 95 100 100 100 105 105 105 108 108 117 117 117 114 114 117 117 117 124 124 124 114 114 109 109 109 104 104 102 102 102 109 109 109 98 98 97 97 97 103 103 103 97 97 97 97 97 97 97 98 98 98 106 106 106 98 98 98 98 98 99 99 100 100 100 104 104 104 92 92 93 93 93 107 107 107 105 105 108 108 108 110 110 110 110 110 117 117
95 97 97 103 103 103 106 106 106 106 106 112 112 112 108 108 114 114 114 127 127 127 121 121 118 118 118 112 112 107 107 107 112 112 112 100 100 96 96 96 102 102 102 95 95 96 96 96 97 97 97 97 97 104 104 104 97 97 97 97 97 98 98 97 97 97 100 100 100 92 92 97 97 97 109 109 109 105 105 108 108 108 109 109 108 108 108 116 116
95 97 97 103 103 103 106 106 106 106 106 112 112 112 108 108 114 114 114 127 127 127 121 121 118 118 118 112 112 107 107 107 112 112 112 100 100 96 96 96 102 102 102 95 95 96 96 96 97 97 97 97 97 104 104 104 97 97 97 97 97 98 98 97 97 97 100 100 100 92 92 97 97 97 109 109 109 105 105 108 108 108 109 109 108 108 108 116 116
98 97 97 102 102 102 103 103 103 100 100 107 107 107 105 105 111 111 111 127 127 127 125 125 125 125 125 119 119 111 111 111 114 114 114 102 102 98 98 98 104 104 104 96 96 95 95 95 94 94 95 95 95 103 103 103 97 97 97 97 97 96 96 92 92 92 94 94 94 89 89 99 99 99 113 113 113 107 107 107 107 107 107 107 107 107 107 116 116
98 97 97 102 102 102 103 103 103 100 100 107 107 107 105 105 111 111 111 127 127 127 125 125 125 125 125 119 119 111 111 111 114 114 114 102 102 98 98 98 104 104 104 96 96 95 95 95 94 94 95 95 95 103 103 103 97 97 97 97 97 96 96 92 92 92 94 94 94 89 89 99 99 99 113 113 113 107 107 107 107 107 107 107 107 107 107 116 116
98 97 97 102 102 102 103 103 103 100 100 107 107 107 105 105 111 111 111 127 127 127 125 125 125 125 125 119 119 111 111 111 114 114 114 102 102 98 98 98 104 104 104 96 96 95 95 95 94 94 95 95 95 103 103 103 97 97 97 97 97 96 96 92 92 92 94 94 94 89 89 99 99 99 113 113 113 107 107 107 107 107 107 107 107 107 107 116 116
