SEB_model/sample_data_files/historical_long/hillshade_historical_long/aug6am.txt
ncols         768
nrows         486
xllcorner     388353.95236715
yllcorner     7583725.4876181
cellsize      5
NODATA_value  -9999
[rows 273 to 311 of 486, columns 178 to 266 of 768]
115 105 105 99 99 99 108 108 108 105 105 109 109 109 112 112 114 114 114 120 120 120 106 106 100 100 100 105 105 105 96 96 98 98 98 99 99 92 92 92 95 95 95 88 88 91 91 91 92 92 91 91 91 96 96 96 87 87 93 93 93 112 112 112 114 114 116 116 116 109 109 90 90 90 77 77 77 62 62 63 63 63 60 60 53 53 53 55 55
114 106 106 103 103 103 111 111 111 108 108 111 111 111 110 110 108 108 108 112 112 112 99 99 94 94 94 100 100 100 94 94 97 97 97 99 99 92 92 92 95 95 95 88 88 89 89 89 89 89 88 88 88 93 93 93 86 86 94 94 94 112 112 112 112 112 114 114 114 101 101 72 72 72 65 65 65 60 60 50 50 50 45 45 48 48 48 53 53
114 106 106 103 103 103 111 111 111 108 108 111 111 111 110 110 108 108 108 112 112 112 99 99 94 94 94 100 100 100 94 94 97 97 97 99 99 92 92 92 95 95 95 88 88 89 89 89 89 89 88 88 88 93 93 93 86 86 94 94 94 112 112 112 112 112 114 114 114 101 101 72 72 72 65 65 65 60 60 50 50 50 45 45 48 48 48 53 53
112 105 105 107 107 107 117 117 117 109 109 109 109 109 106 106 101 101 101 101 101 101 88 88 86 86 86 96 96 96 95 95 99 99 99 100 100 94 94 94 97 97 97 89 89 87 87 87 86 86 88 88 88 95 95 95 88 88 95 95 95 110 110 110 107 107 103 103 103 82 82 60 60 60 62 62 62 51 51 36 36 36 38 38 47 47 47 49 49
112 105 105 107 107 107 117 117 117 109 109 109 109 109 106 106 101 101 101 101 101 101 88 88 86 86 86 96 96 96 95 95 99 99 99 100 100 94 94 94 97 97 97 89 89 87 87 87 86 86 88 88 88 95 95 95 88 88 95 95 95 110 110 110 107 107 103 103 103 82 82 60 60 60 62 62 62 51 51 36 36 36 38 38 47 47 47 49 49
112 105 105 107 107 107 117 117 117 109 109 109 109 109 106 106 101 101 101 101 101 101 88 88 86 86 86 96 96 96 95 95 99 99 99 100 100 94 94 94 97 97 97 89 89 87 87 87 86 86 88 88 88 95 95 95 88 88 95 95 95 110 110 110 107 107 103 103 103 82 82 60 60 60 62 62 62 51 51 36 36 36 38 38 47 47 47 49 49
110 106 106 111 111 111 121 121 121 109 109 102 102 102 100 100 97 97 97 95 95 95 81 81 81 81 81 93 93 93 95 95 101 101 101 101 101 96 96 96 99 99 99 89 89 85 85 85 85 85 88 88 88 96 96 96 91 91 96 96 96 107 107 107 96 96 79 79 79 63 63 56 56 56 58 58 58 38 38 25 25 25 38 38 46 46 46 43 43
110 106 106 111 111 111 121 121 121 109 109 102 102 102 100 100 97 97 97 95 95 95 81 81 81 81 81 93 93 93 95 95 101 101 101 101 101 96 96 96 99 99 99 89 89 85 85 85 85 85 88 88 88 96 96 96 91 91 96 96 96 107 107 107 96 96 79 79 79 63 63 56 56 56 58 58 58 38 38 25 25 25 38 38 46 46 46 43 43
110 106 106 111 111 111 121 121 121 109 109 102 102 102 100 100 97 97 97 95 95 95 81 81 81 81 81 93 93 93 95 95 101 101 101 101 101 96 96 96 99 99 99 89 89 85 85 85 85 85 88 88 88 96 96 96 91 91 96 96 96 107 107 107 96 96 79 79 79 63 63 56 56 56 58 58 58 38 38 25 25 25 38 38 46 46 46 43 43
109 108 108 114 114 114 120 120 120 104 104 95 95 95 96 96 96 96 96 95 95 95 81 81 81 81 81 92 92 92 93 93 98 98 98 98 98 96 96 96 98 98 98 88 88 85 85 85 85 85 87 87 87 96 96 96 92 92 95 95 95 99 99 99 77 77 58 58 58 52 52 53 53 53 49 49 49 27 27 24 24 24 40 40 44 44 44 37 37
109 108 108 114 114 114 120 120 120 104 104 95 95 95 96 96 96 96 96 95 95 95 81 81 81 81 81 92 92 92 93 93 98 98 98 98 98 96 96 96 98 98 98 88 88 85 85 85 85 85 87 87 87 96 96 96 92 92 95 95 95 99 99 99 77 77 58 58 58 52 52 53 53 53 49 49 49 27 27 24 24 24 40 40 44 44 44 37 37
109 111 111 113 113 113 114 114 114 98 98 93 93 93 95 95 96 96 96 99 99 99 87 87 86 86 86 92 92 92 89 89 91 91 91 92 92 92 92 92 95 95 95 87 87 85 85 85 86 86 89 89 89 97 97 97 91 91 86 86 86 81 81 81 60 60 50 50 50 48 48 47 47 47 36 36 36 21 21 27 27 27 39 39 39 39 39 29 29
109 111 111 113 113 113 114 114 114 98 98 93 93 93 95 95 96 96 96 99 99 99 87 87 86 86 86 92 92 92 89 89 91 91 91 92 92 92 92 92 95 95 95 87 87 85 85 85 86 86 89 89 89 97 97 97 91 91 86 86 86 81 81 81 60 60 50 50 50 48 48 47 47 47 36 36 36 21 21 27 27 27 39 39 39 39 39 29 29
109 111 111 113 113 113 114 114 114 98 98 93 93 93 95 95 96 96 96 99 99 99 87 87 86 86 86 92 92 92 89 89 91 91 91 92 92 92 92 92 95 95 95 87 87 85 85 85 86 86 89 89 89 97 97 97 91 91 86 86 86 81 81 81 60 60 50 50 50 48 48 47 47 47 36 36 36 21 21 27 27 27 39 39 39 39 39 29 29
111 112 112 107 107 107 105 105 105 94 94 94 94 94 98 98 99 99 99 104 104 104 94 94 90 90 90 91 91 91 85 85 85 85 85 85 85 86 86 86 92 92 92 86 86 85 85 85 87 87 91 91 91 99 99 99 87 87 69 69 69 60 60 60 50 50 46 46 46 46 46 37 37 37 23 23 23 18 18 28 28 28 37 37 33 33 33 23 23
111 112 112 107 107 107 105 105 105 94 94 94 94 94 98 98 99 99 99 104 104 104 94 94 90 90 90 91 91 91 85 85 85 85 85 85 85 86 86 86 92 92 92 86 86 85 85 85 87 87 91 91 91 99 99 99 87 87 69 69 69 60 60 60 50 50 46 46 46 46 46 37 37 37 23 23 23 18 18 28 28 28 37 37 33 33 33 23 23
116 109 109 97 97 97 97 97 97 92 92 97 97 97 100 100 102 102 102 108 108 108 98 98 89 89 89 86 86 86 80 80 81 81 81 81 81 84 84 84 90 90 90 85 85 84 84 84 87 87 91 91 91 97 97 97 78 78 52 52 52 46 46 46 41 41 42 42 42 43 43 30 30 30 17 17 17 19 19 27 27 27 32 32 27 27 27 18 18
116 109 109 97 97 97 97 97 97 92 92 97 97 97 100 100 102 102 102 108 108 108 98 98 89 89 89 86 86 86 80 80 81 81 81 81 81 84 84 84 90 90 90 85 85 84 84 84 87 87 91 91 91 97 97 97 78 78 52 52 52 46 46 46 41 41 42 42 42 43 43 30 30 30 17 17 17 19 19 27 27 27 32 32 27 27 27 18 18
116 109 109 97 97 97 97 97 97 92 92 97 97 97 100 100 102 102 102 108 108 108 98 98 89 89 89 86 86 86 80 80 81 81 81 81 81 84 84 84 90 90 90 85 85 84 84 84 87 87 91 91 91 97 97 97 78 78 52 52 52 46 46 46 41 41 42 42 42 43 43 30 30 30 17 17 17 19 19 27 27 27 32 32 27 27 27 18 18
117 103 103 87 87 87 92 92 92 91 91 99 99 99 101 101 102 102 102 110 110 110 99 99 87 87 87 82 82 82 75 75 77 77 77 81 81 86 86 86 90 90 90 83 83 80 80 80 83 83 87 87 87 90 90 90 67 67 44 44 44 38 38 38 34 34 35 35 35 34 34 24 24 24 18 18 18 21 21 24 24 24 26 26 23 23 23 16 16
117 103 103 87 87 87 92 92 92 91 91 99 99 99 101 101 102 102 102 110 110 110 99 99 87 87 87 82 82 82 75 75 77 77 77 81 81 86 86 86 90 90 90 83 83 80 80 80 83 83 87 87 87 90 90 90 67 67 44 44 44 38 38 38 34 34 35 35 35 34 34 24 24 24 18 18 18 21 21 24 24 24 26 26 23 23 23 16 16
117 103 103 87 87 87 92 92 92 91 91 99 99 99 101 101 102 102 102 110 110 110 99 99 87 87 87 82 82 82 75 75 77 77 77 81 81 86 86 86 90 90 90 83 83 80 80 80 83 83 87 87 87 90 90 90 67 67 44 44 44 38 38 38 34 34 35 35 35 34 34 24 24 24 18 18 18 21 21 24 24 24 26 26 23 23 23 16 16
112 92 92 82 82 82 92 92 92 93 93 100 100 100 101 101 101 101 101 107 107 107 97 97 86 86 86 81 81 81 74 74 75 75 75 81 81 88 88 88 90 90 90 79 79 75 75 75 76 76 79 79 79 78 78 78 57 57 42 42 42 37 37 37 32 32 26 26 26 18 18 17 17 17 20 20 20 21 21 21 21 21 22 22 20 20 20 17 17
112 92 92 82 82 82 92 92 92 93 93 100 100 100 101 101 101 101 101 107 107 107 97 97 86 86 86 81 81 81 74 74 75 75 75 81 81 88 88 88 90 90 90 79 79 75 75 75 76 76 79 79 79 78 78 78 57 57 42 42 42 37 37 37 32 32 26 26 26 18 18 17 17 17 20 20 20 21 21 21 21 21 22 22 20 20 20 17 17
100 82 82 82 82 82 96 96 96 97 97 99 99 99 99 99 99 99 99 103 103 103 93 93 85 85 85 83 83 83 76 76 77 77 77 82 82 87 87 87 86 86 86 75 75 71 71 71 70 70 69 69 69 65 65 65 52 52 44 44 44 40 40 40 31 31 15 15 15 0 0 10 10 10 17 17 17 19 19 19 19 19 20 20 19 19 19 17 17
100 82 82 82 82 82 96 96 96 97 97 99 99 99 99 99 99 99 99 103 103 103 93 93 85 85 85 83 83 83 76 76 77 77 77 82 82 87 87 87 86 86 86 75 75 71 71 71 70 70 69 69 69 65 65 65 52 52 44 44 44 40 40 40 31 31 15 15 15 0 0 10 10 10 17 17 17 19 19 19 19 19 20 20 19 19 19 17 17
100 82 82 82 82 82 96 96 96 97 97 99 99 99 99 99 99 99 99 103 103 103 93 93 85 85 85 83 83 83 76 76 77 77 77 82 82 87 87 87 86 86 86 75 75 71 71 71 70 70 69 69 69 65 65 65 52 52 44 44 44 40 40 40 31 31 15 15 15 0 0 10 10 10 17 17 17 19 19 19 19 19 20 20 19 19 19 17 17
89 81 81 87 87 87 100 100 100 98 98 98 98 98 97 97 97 97 97 100 100 100 90 90 85 85 85 86 86 86 79 79 79 79 79 81 81 83 83 83 82 82 82 71 71 67 67 67 62 62 58 58 58 57 57 57 49 49 45 45 45 41 41 41 28 28 6 6 6 0 0 1 1 1 10 10 10 15 15 17 17 17 19 19 19 19 19 18 18
89 81 81 87 87 87 100 100 100 98 98 98 98 98 97 97 97 97 97 100 100 100 90 90 85 85 85 86 86 86 79 79 79 79 79 81 81 83 83 83 82 82 82 71 71 67 67 67 62 62 58 58 58 57 57 57 49 49 45 45 45 41 41 41 28 28 6 6 6 0 0 1 1 1 10 10 10 15 15 17 17 17 19 19 19 19 19 18 18
87 88 88 92 92 92 100 100 100 96 96 96 96 96 95 95 95 95 95 98 98 98 88 88 86 86 86 89 89 89 82 82 80 80 80 80 80 80 80 80 79 79 79 68 68 61 61 61 55 55 52 52 52 51 51 51 46 46 43 43 43 40 40 40 0 0 0 0 0 0 0 0 0 0 0 0 0 10 10 15 15 15 17 17 17 17 17 17 17
87 88 88 92 92 92 100 100 100 96 96 96 96 96 95 95 95 95 95 98 98 98 88 88 86 86 86 89 89 89 82 82 80 80 80 80 80 80 80 80 79 79 79 68 68 61 61 61 55 55 52 52 52 51 51 51 46 46 43 43 43 40 40 40 0 0 0 0 0 0 0 0 0 0 0 0 0 10 10 15 15 15 17 17 17 17 17 17 17
87 88 88 92 92 92 100 100 100 96 96 96 96 96 95 95 95 95 95 98 98 98 88 88 86 86 86 89 89 89 82 82 80 80 80 80 80 80 80 80 79 79 79 68 68 61 61 61 55 55 52 52 52 51 51 51 46 46 43 43 43 40 40 40 0 0 0 0 0 0 0 0 0 0 0 0 0 10 10 15 15 15 17 17 17 17 17 17 17
92 95 95 94 94 94 97 97 97 92 92 95 95 95 95 95 94 94 94 96 96 96 88 88 88 88 88 92 92 92 82 82 78 78 78 78 78 81 81 81 82 82 82 67 67 54 54 54 48 48 45 45 45 44 44 44 42 42 42 42 42 38 38 38 0 0 0 0 0 0 0 0 0 0 0 0 0 6 6 10 10 10 10 10 12 12 12 14 14
92 95 95 94 94 94 97 97 97 92 92 95 95 95 95 95 94 94 94 96 96 96 88 88 88 88 88 92 92 92 82 82 78 78 78 78 78 81 81 81 82 82 82 67 67 54 54 54 48 48 45 45 45 44 44 44 42 42 42 42 42 38 38 38 0 0 0 0 0 0 0 0 0 0 0 0 0 6 6 10 10 10 10 10 12 12 12 14 14
92 95 95 94 94 94 97 97 97 92 92 95 95 95 95 95 94 94 94 96 96 96 88 88 88 88 88 92 92 92 82 82 78 78 78 78 78 81 81 81 82 82 82 67 67 54 54 54 48 48 45 45 45 44 44 44 42 42 42 42 42 38 38 38 0 0 0 0 0 0 0 0 0 0 0 0 0 6 6 10 10 10 10 10 12 12 12 14 14
96 97 97 93 93 93 96 96 96 90 90 93 93 93 93 93 92 92 92 97 97 97 91 91 89 89 89 91 91 91 80 80 75 75 75 75 75 80 80 80 84 84 84 72 72 53 53 53 40 40 34 34 34 34 34 34 37 37 39 39 39 35 35 35 0 0 0 0 0 0 0 0 0 0 0 0 0 2 2 2 2 2 0 0 4 4 4 12 12
96 97 97 93 93 93 96 96 96 90 90 93 93 93 93 93 92 92 92 97 97 97 91 91 89 89 89 91 91 91 80 80 75 75 75 75 75 80 80 80 84 84 84 72 72 53 53 53 40 40 34 34 34 34 34 34 37 37 39 39 39 35 35 35 0 0 0 0 0 0 0 0 0 0 0 0 0 2 2 2 2 2 0 0 4 4 4 12 12
96 94 94 93 93 93 96 96 96 89 89 89 89 89 89 89 92 92 92 100 100 100 94 94 90 90 90 89 89 89 78 78 72 72 72 71 71 75 75 75 80 80 80 75 75 57 57 57 38 38 27 27 27 24 24 24 28 28 34 34 34 32 32 32 0 0 0 0 0 0 0 0 0 0 0 0 0 0 0 0 0 0 0 0 0 0 0 11 11
96 94 94 93 93 93 96 96 96 89 89 89 89 89 89 89 92 92 92 100 100 100 94 94 90 90 90 89 89 89 78 78 72 72 72 71 71 75 75 75 80 80 80 75 75 57 57 57 38 38 27 27 27 24 24 24 28 28 34 34 34 32 32 32 0 0 0 0 0 0 0 0 0 0 0 0 0 0 0 0 0 0 0 0 0 0 0 11 11
