SEB_model/sample_data_files/historical_long/hillshade_historical_long/aug6am.txt
ncols         768
nrows         486
xllcorner     388353.95236715
yllcorner     7583725.4876181
cellsize      5
NODATA_value  -9999
[rows 156 to 194 of 486, columns 267 to 355 of 768]
89 90 90 92 92 92 103 103 103 98 98 94 94 94 88 88 88 88 88 102 102 102 103 103 104 104 104 101 101 101 100 100 109 109 109 107 107 102 102 102 98 98 98 83 83 81 81 81 83 83 87 87 87 100 100 100 100 100 101 101 101 99 99 99 78 78 68 68 68 72 72 83 83 83 97 97 97 91 91 83 83 83 79 79 78 78 78 85 85
89 90 90 92 92 92 103 103 103 98 98 94 94 94 88 88 88 88 88 102 102 102 103 103 104 104 104 101 101 101 100 100 109 109 109 107 107 102 102 102 98 98 98 83 83 81 81 81 83 83 87 87 87 100 100 100 100 100 101 101 101 99 99 99 78 78 68 68 68 72 72 83 83 83 97 97 97 91 91 83 83 83 79 79 78 78 78 85 85
89 90 90 92 92 92 103 103 103 98 98 94 94 94 88 88 88 88 88 102 102 102 103 103 104 104 104 101 101 101 100 100 109 109 109 107 107 102 102 102 98 98 98 83 83 81 81 81 83 83 87 87 87 100 100 100 100 100 101 101 101 99 99 99 78 78 68 68 68 72 72 83 83 83 97 97 97 91 91 83 83 83 79 79 78 78 78 85 85
92 94 94 93 93 93 99 99 99 96 96 95 95 95 90 90 87 87 87 101 101 101 103 103 105 105 105 104 104 104 105 105 113 113 113 105 105 98 98 98 93 93 93 84 84 84 84 84 84 84 85 85 85 96 96 96 99 99 100 100 100 97 97 97 76 76 68 68 68 76 76 91 91 91 103 103 103 92 92 83 83 83 78 78 77 77 77 83 83
92 94 94 93 93 93 99 99 99 96 96 95 95 95 90 90 87 87 87 101 101 101 103 103 105 105 105 104 104 104 105 105 113 113 113 105 105 98 98 98 93 93 93 84 84 84 84 84 84 84 85 85 85 96 96 96 99 99 100 100 100 97 97 97 76 76 68 68 68 76 76 91 91 91 103 103 103 92 92 83 83 83 78 78 77 77 77 83 83
97 99 99 96 96 96 96 96 96 89 89 90 90 90 90 90 88 88 88 96 96 96 98 98 106 106 106 110 110 110 110 110 113 113 113 102 102 95 95 95 91 91 91 83 83 84 84 84 84 84 86 86 86 94 94 94 94 94 96 96 96 96 96 96 80 80 77 77 77 82 82 90 90 90 99 99 99 91 91 86 86 86 81 81 79 79 79 84 84
97 99 99 96 96 96 96 96 96 89 89 90 90 90 90 90 88 88 88 96 96 96 98 98 106 106 106 110 110 110 110 110 113 113 113 102 102 95 95 95 91 91 91 83 83 84 84 84 84 84 86 86 86 94 94 94 94 94 96 96 96 96 96 96 80 80 77 77 77 82 82 90 90 90 99 99 99 91 91 86 86 86 81 81 79 79 79 84 84
97 99 99 96 96 96 96 96 96 89 89 90 90 90 90 90 88 88 88 96 96 96 98 98 106 106 106 110 110 110 110 110 113 113 113 102 102 95 95 95 91 91 91 83 83 84 84 84 84 84 86 86 86 94 94 94 94 94 96 96 96 96 96 96 80 80 77 77 77 82 82 90 90 90 99 99 99 91 91 86 86 86 81 81 79 79 79 84 84
96 95 95 97 97 97 97 97 97 85 85 85 85 85 88 88 87 87 87 90 90 90 90 90 102 102 102 110 110 110 110 110 111 111 111 101 101 94 94 94 92 92 92 85 85 84 84 84 84 84 86 86 86 93 93 93 89 89 89 89 89 94 94 94 87 87 88 88 88 87 87 86 86 86 93 93 93 89 89 88 88 88 85 85 83 83 83 88 88
96 95 95 97 97 97 97 97 97 85 85 85 85 85 88 88 87 87 87 90 90 90 90 90 102 102 102 110 110 110 110 110 111 111 111 101 101 94 94 94 92 92 92 85 85 84 84 84 84 84 86 86 86 93 93 93 89 89 89 89 89 94 94 94 87 87 88 88 88 87 87 86 86 86 93 93 93 89 89 88 88 88 85 85 83 83 83 88 88
93 87 87 94 94 94 100 100 100 90 90 87 87 87 88 88 86 86 86 88 88 88 83 83 91 91 91 99 99 99 103 103 107 107 107 99 99 93 93 93 93 93 93 86 86 85 85 85 85 85 87 87 87 92 92 92 84 84 82 82 82 91 91 91 92 92 95 95 95 92 92 86 86 86 90 90 90 86 86 86 86 86 87 87 86 86 86 91 91
93 87 87 94 94 94 100 100 100 90 90 87 87 87 88 88 86 86 86 88 88 88 83 83 91 91 91 99 99 99 103 103 107 107 107 99 99 93 93 93 93 93 93 86 86 85 85 85 85 85 87 87 87 92 92 92 84 84 82 82 82 91 91 91 92 92 95 95 95 92 92 86 86 86 90 90 90 86 86 86 86 86 87 87 86 86 86 91 91
93 87 87 94 94 94 100 100 100 90 90 87 87 87 88 88 86 86 86 88 88 88 83 83 91 91 91 99 99 99 103 103 107 107 107 99 99 93 93 93 93 93 93 86 86 85 85 85 85 85 87 87 87 92 92 92 84 84 82 82 82 91 91 91 92 92 95 95 95 92 92 86 86 86 90 90 90 86 86 86 86 86 87 87 86 86 86 91 91
93 84 84 89 89 89 101 101 101 97 97 95 95 95 92 92 89 89 89 91 91 91 82 82 80 80 80 83 83 83 90 90 100 100 100 94 94 90 90 90 91 91 91 85 85 86 86 86 87 87 87 87 87 89 89 89 79 79 79 79 79 91 91 91 94 94 99 99 99 96 96 90 90 90 91 91 91 83 83 83 83 83 86 86 87 87 87 94 94
93 84 84 89 89 89 101 101 101 97 97 95 95 95 92 92 89 89 89 91 91 91 82 82 80 80 80 83 83 83 90 90 100 100 100 94 94 90 90 90 91 91 91 85 85 86 86 86 87 87 87 87 87 89 89 89 79 79 79 79 79 91 91 91 94 94 99 99 99 96 96 90 90 90 91 91 91 83 83 83 83 83 86 86 87 87 87 94 94
93 84 84 89 89 89 101 101 101 97 97 95 95 95 92 92 89 89 89 91 91 91 82 82 80 80 80 83 83 83 90 90 100 100 100 94 94 90 90 90 91 91 91 85 85 86 86 86 87 87 87 87 87 89 89 89 79 79 79 79 79 91 91 91 94 94 99 99 99 96 96 90 90 90 91 91 91 83 83 83 83 83 86 86 87 87 87 94 94
98 87 87 86 86 86 99 99 99 100 100 101 101 101 98 98 94 94 94 96 96 96 85 85 77 77 77 75 75 75 80 80 92 92 92 88 88 86 86 86 89 89 89 83 83 84 84 84 85 85 84 84 84 86 86 86 78 78 80 80 80 93 93 93 95 95 98 98 98 97 97 93 93 93 93 93 93 82 82 80 80 80 84 84 88 88 88 96 96
98 87 87 86 86 86 99 99 99 100 100 101 101 101 98 98 94 94 94 96 96 96 85 85 77 77 77 75 75 75 80 80 92 92 92 88 88 86 86 86 89 89 89 83 83 84 84 84 85 85 84 84 84 86 86 86 78 78 80 80 80 93 93 93 95 95 98 98 98 97 97 93 93 93 93 93 93 82 82 80 80 80 84 84 88 88 88 96 96
102 92 92 88 88 88 96 96 96 97 97 101 101 101 100 100 96 96 96 96 96 96 86 86 79 79 79 75 75 75 77 77 86 86 86 85 85 85 85 85 89 89 89 83 83 82 82 82 80 80 78 78 78 83 83 83 79 79 83 83 83 95 95 95 94 94 97 97 97 97 97 94 94 94 95 95 95 83 83 81 81 81 85 85 91 91 91 98 98
102 92 92 88 88 88 96 96 96 97 97 101 101 101 100 100 96 96 96 96 96 96 86 86 79 79 79 75 75 75 77 77 86 86 86 85 85 85 85 85 89 89 89 83 83 82 82 82 80 80 78 78 78 83 83 83 79 79 83 83 83 95 95 95 94 94 97 97 97 97 97 94 94 94 95 95 95 83 83 81 81 81 85 85 91 91 91 98 98
102 92 92 88 88 88 96 96 96 97 97 101 101 101 100 100 96 96 96 96 96 96 86 86 79 79 79 75 75 75 77 77 86 86 86 85 85 85 85 85 89 89 89 83 83 82 82 82 80 80 78 78 78 83 83 83 79 79 83 83 83 95 95 95 94 94 97 97 97 97 97 94 94 94 95 95 95 83 83 81 81 81 85 85 91 91 91 98 98
102 93 93 90 90 90 97 97 97 96 96 97 97 97 96 96 93 93 93 92 92 92 85 85 82 82 82 79 79 79 78 78 84 84 84 83 83 86 86 86 90 90 90 83 83 79 79 79 76 76 75 75 75 83 83 83 82 82 86 86 86 95 95 95 93 93 96 96 96 98 98 97 97 97 99 99 99 88 88 86 86 86 88 88 92 92 92 98 98
102 93 93 90 90 90 97 97 97 96 96 97 97 97 96 96 93 93 93 92 92 92 85 85 82 82 82 79 79 79 78 78 84 84 84 83 83 86 86 86 90 90 90 83 83 79 79 79 76 76 75 75 75 83 83 83 82 82 86 86 86 95 95 95 93 93 96 96 96 98 98 97 97 97 99 99 99 88 88 86 86 86 88 88 92 92 92 98 98
99 90 90 91 91 91 100 100 100 96 96 92 92 92 89 89 88 88 88 89 89 89 83 83 82 82 82 82 82 82 81 81 84 84 84 82 82 85 85 85 89 89 89 81 81 76 76 76 74 74 76 76 76 87 87 87 86 86 88 88 88 95 95 95 92 92 96 96 96 100 100 100 100 100 106 106 106 98 98 95 95 95 92 92 91 91 91 95 95
99 90 90 91 91 91 100 100 100 96 96 92 92 92 89 89 88 88 88 89 89 89 83 83 82 82 82 82 82 82 81 81 84 84 84 82 82 85 85 85 89 89 89 81 81 76 76 76 74 74 76 76 76 87 87 87 86 86 88 88 88 95 95 95 92 92 96 96 96 100 100 100 100 100 106 106 106 98 98 95 95 95 92 92 91 91 91 95 95
99 90 90 91 91 91 100 100 100 96 96 92 92 92 89 89 88 88 88 89 89 89 83 83 82 82 82 82 82 82 81 81 84 84 84 82 82 85 85 85 89 89 89 81 81 76 76 76 74 74 76 76 76 87 87 87 86 86 88 88 88 95 95 95 92 92 96 96 96 100 100 100 100 100 106 106 106 98 98 95 95 95 92 92 91 91 91 95 95
97 90 90 92 92 92 100 100 100 93 93 88 88 88 84 84 82 82 82 86 86 86 82 82 81 81 81 83 83 83 83 83 86 86 86 82 82 84 84 84 86 86 86 78 78 75 75 75 75 75 80 80 80 92 92 92 93 93 94 94 94 99 99 99 92 92 95 95 95 100 100 102 102 102 111 111 111 107 107 104 104 104 97 97 89 89 89 90 90
97 90 90 92 92 92 100 100 100 93 93 88 88 88 84 84 82 82 82 86 86 86 82 82 81 81 81 83 83 83 83 83 86 86 86 82 82 84 84 84 86 86 86 78 78 75 75 75 75 75 80 80 80 92 92 92 93 93 94 94 94 99 99 99 92 92 95 95 95 100 100 102 102 102 111 111 111 107 107 104 104 104 97 97 89 89 89 90 90
97 90 90 92 92 92 100 100 100 93 93 88 88 88 84 84 82 82 82 86 86 86 82 82 81 81 81 83 83 83 83 83 86 86 86 82 82 84 84 84 86 86 86 78 78 75 75 75 75 75 80 80 80 92 92 92 93 93 94 94 94 99 99 99 92 92 95 95 95 100 100 102 102 102 111 111 111 107 107 104 104 104 97 97 89 89 89 90 90
100 96 96 95 95 95 97 97 97 87 87 82 82 82 80 80 78 78 78 82 82 82 79 79 79 79 79 81 81 81 82 82 87 87 87 83 83 82 82 82 83 83 83 75 75 76 76 76 78 78 82 82 82 94 94 94 96 96 102 102 102 108 108 108 98 98 95 95 95 96 96 100 100 100 113 113 113 112 112 110 110 110 101 101 90 90 90 87 87
100 96 96 95 95 95 97 97 97 87 87 82 82 82 80 80 78 78 78 82 82 82 79 79 79 79 79 81 81 81 82 82 87 87 87 83 83 82 82 82 83 83 83 75 75 76 76 76 78 78 82 82 82 94 94 94 96 96 102 102 102 108 108 108 98 98 95 95 95 96 96 100 100 100 113 113 113 112 112 110 110 110 101 101 90 90 90 87 87
108 103 103 98 98 98 94 94 94 81 81 78 78 78 76 76 74 74 74 78 78 78 74 74 75 75 75 77 77 77 79 79 86 86 86 85 85 82 82 82 81 81 81 74 74 77 77 77 81 81 84 84 84 93 93 93 96 96 106 106 106 117 117 117 106 106 97 97 97 93 93 100 100 100 115 115 115 114 114 111 111 111 103 103 92 92 92 86 86
108 103 103 98 98 98 94 94 94 81 81 78 78 78 76 76 74 74 74 78 78 78 74 74 75 75 75 77 77 77 79 79 86 86 86 85 85 82 82 82 81 81 81 74 74 77 77 77 81 81 84 84 84 93 93 93 96 96 106 106 106 117 117 117 106 106 97 97 97 93 93 100 100 100 115 115 115 114 114 111 111 111 103 103 92 92 92 86 86
108 103 103 98 98 98 94 94 94 81 81 78 78 78 76 76 74 74 74 78 78 78 74 74 75 75 75 77 77 77 79 79 86 86 86 85 85 82 82 82 81 81 81 74 74 77 77 77 81 81 84 84 84 93 93 93 96 96 106 106 106 117 117 117 106 106 97 97 97 93 93 100 100 100 115 115 115 114 114 111 111 111 103 103 92 92 92 86 86
116 107 107 99 99 99 95 95 95 81 81 77 77 77 74 74 71 71 71 73 73 73 69 69 70 70 70 72 72 72 74 74 85 85 85 86 86 85 85 85 84 84 84 78 78 80 80 80 84 84 87 87 87 94 94 94 94 94 107 107 107 121 121 121 110 110 98 98 98 95 95 105 105 105 119 119 119 114 114 110 110 110 102 102 90 90 90 85 85
116 107 107 99 99 99 95 95 95 81 81 77 77 77 74 74 71 71 71 73 73 73 69 69 70 70 70 72 72 72 74 74 85 85 85 86 86 85 85 85 84 84 84 78 78 80 80 80 84 84 87 87 87 94 94 94 94 94 107 107 107 121 121 121 110 110 98 98 98 95 95 105 105 105 119 119 119 114 114 110 110 110 102 102 90 90 90 85 85
116 107 107 99 99 99 95 95 95 81 81 77 77 77 74 74 71 71 71 73 73 73 69 69 70 70 70 72 72 72 74 74 85 85 85 86 86 85 85 85 84 84 84 78 78 80 80 80 84 84 87 87 87 94 94 94 94 94 107 107 107 121 121 121 110 110 98 98 98 95 95 105 105 105 119 119 119 114 114 110 110 110 102 102 90 90 90 85 85
119 108 108 100 100 100 100 100 100 89 89 80 80 80 74 74 69 69 69 69 69 69 65 65 65 65 65 66 66 66 70 70 81 81 81 86 86 89 89 89 93 93 93 87 87 86 86 86 88 88 89 89 89 94 94 94 92 92 104 104 104 118 118 118 106 106 99 99 99 101 101 110 110 110 120 120 120 111 111 105 105 105 97 97 85 85 85 83 83
119 108 108 100 100 100 100 100 100 89 89 80 80 80 74 74 69 69 69 69 69 69 65 65 65 65 65 66 66 66 70 70 81 81 81 86 86 89 89 89 93 93 93 87 87 86 86 86 88 88 89 89 89 94 94 94 92 92 104 104 104 118 118 118 106 106 99 99 99 101 101 110 110 110 120 120 120 111 111 105 105 105 97 97 85 85 85 83 83
