SEB_model/sample_data_files/historical_long/hillshade_historical_long/aug6pm.txt
ncols         768
nrows         486
xllcorner     388353.95236715
yllcorner     7583725.4876181
cellsize      5
NODATA_value  -9999
[rows 129 to 171 of 486, columns 384 to 479 of 768]
39 39 39 39 36 36 36 58 58 70 70 70 63 63 63 53 53 33 33 33 27 27 31 31 31 25 25 25 27 27 23 23 23 22 22 21 21 21 13 13 13 17 17 24 24 24 25 25 25 30 30 22 22 22 19 19 20 20 20 13 13 13 20 20 23 23 23 24 24 24 25 25 20 20 20 26 26 20 20 20 7 7 7 12 12 9 9 9 0 0 6 6 6 0 0 0
41 43 43 43 44 44 44 59 59 59 59 59 43 43 43 40 40 32 32 32 30 30 30 30 30 23 23 23 23 23 19 19 19 21 21 24 24 24 17 17 17 17 17 18 18 18 20 20 20 28 28 23 23 23 19 19 20 20 20 13 13 13 19 19 21 21 21 24 24 24 25 25 19 19 19 24 24 19 19 19 8 8 8 12 12 9 9 9 0 0 7 7 7 0 0 0
41 43 43 43 44 44 44 59 59 59 59 59 43 43 43 40 40 32 32 32 30 30 30 30 30 23 23 23 23 23 19 19 19 21 21 24 24 24 17 17 17 17 17 18 18 18 20 20 20 28 28 23 23 23 19 19 20 20 20 13 13 13 19 19 21 21 21 24 24 24 25 25 19 19 19 24 24 19 19 19 8 8 8 12 12 9 9 9 0 0 7 7 7 0 0 0
42 47 47 47 48 48 48 55 55 46 46 46 32 32 32 35 35 33 33 33 28 28 24 24 24 15 15 15 19 19 20 20 20 22 22 24 24 24 19 19 19 20 20 17 17 17 12 12 12 23 23 23 23 23 21 21 19 19 19 12 12 12 19 19 21 21 21 23 23 23 24 24 19 19 19 23 23 18 18 18 6 6 6 10 10 8 8 8 7 7 9 9 9 3 3 3
42 47 47 47 48 48 48 55 55 46 46 46 32 32 32 35 35 33 33 33 28 28 24 24 24 15 15 15 19 19 20 20 20 22 22 24 24 24 19 19 19 20 20 17 17 17 12 12 12 23 23 23 23 23 21 21 19 19 19 12 12 12 19 19 21 21 21 23 23 23 24 24 19 19 19 23 23 18 18 18 6 6 6 10 10 8 8 8 7 7 9 9 9 3 3 3
42 47 47 47 48 48 48 55 55 46 46 46 32 32 32 35 35 33 33 33 28 28 24 24 24 15 15 15 19 19 20 20 20 22 22 24 24 24 19 19 19 20 20 17 17 17 12 12 12 23 23 23 23 23 21 21 19 19 19 12 12 12 19 19 21 21 21 23 23 23 24 24 19 19 19 23 23 18 18 18 6 6 6 10 10 8 8 8 7 7 9 9 9 3 3 3
37 41 41 41 39 39 39 43 43 35 35 35 26 26 26 32 32 29 29 29 21 21 15 15 15 10 10 10 19 19 23 23 23 24 24 23 23 23 17 17 17 22 22 18 18 18 10 10 10 19 19 23 23 23 23 23 18 18 18 13 13 13 22 22 23 23 23 24 24 24 25 25 18 18 18 21 21 14 14 14 1 1 1 0 0 7 7 7 0 0 12 12 12 6 6 6
37 41 41 41 39 39 39 43 43 35 35 35 26 26 26 32 32 29 29 29 21 21 15 15 15 10 10 10 19 19 23 23 23 24 24 23 23 23 17 17 17 22 22 18 18 18 10 10 10 19 19 23 23 23 23 23 18 18 18 13 13 13 22 22 23 23 23 24 24 24 25 25 18 18 18 21 21 14 14 14 1 1 1 0 0 7 7 7 0 0 12 12 12 6 6 6
37 41 41 41 39 39 39 43 43 35 35 35 26 26 26 32 32 29 29 29 21 21 15 15 15 10 10 10 19 19 23 23 23 24 24 23 23 23 17 17 17 22 22 18 18 18 10 10 10 19 19 23 23 23 23 23 18 18 18 13 13 13 22 22 23 23 23 24 24 24 25 25 18 18 18 21 21 14 14 14 1 1 1 0 0 7 7 7 0 0 12 12 12 6 6 6
26 28 28 28 25 25 25 31 31 30 30 30 24 24 24 27 27 23 23 23 16 16 12 12 12 9 9 9 21 21 26 26 26 27 27 23 23 23 15 15 15 21 21 19 19 19 11 11 11 19 19 22 22 22 22 22 19 19 19 14 14 14 23 23 23 23 23 24 24 24 24 24 14 14 14 14 14 6 6 6 0 0 0 0 0 7 7 7 0 0 15 15 15 9 9 9
26 28 28 28 25 25 25 31 31 30 30 30 24 24 24 27 27 23 23 23 16 16 12 12 12 9 9 9 21 21 26 26 26 27 27 23 23 23 15 15 15 21 21 19 19 19 11 11 11 19 19 22 22 22 22 22 19 19 19 14 14 14 23 23 23 23 23 24 24 24 24 24 14 14 14 14 14 6 6 6 0 0 0 0 0 7 7 7 0 0 15 15 15 9 9 9
16 16 16 16 15 15 15 26 26 29 29 29 23 23 23 24 24 20 20 20 17 17 14 14 14 12 12 12 23 23 27 27 27 28 28 25 25 25 15 15 15 20 20 19 19 19 13 13 13 22 22 22 22 22 22 22 22 22 22 17 17 17 25 25 24 24 24 24 24 24 20 20 7 7 7 5 5 0 0 0 0 0 0 0 0 0 0 0 17 17 18 18 18 11 11 11
16 16 16 16 15 15 15 26 26 29 29 29 23 23 23 24 24 20 20 20 17 17 14 14 14 12 12 12 23 23 27 27 27 28 28 25 25 25 15 15 15 20 20 19 19 19 13 13 13 22 22 22 22 22 22 22 22 22 22 17 17 17 25 25 24 24 24 24 24 24 20 20 7 7 7 5 5 0 0 0 0 0 0 0 0 0 0 0 17 17 18 18 18 11 11 11
16 16 16 16 15 15 15 26 26 29 29 29 23 23 23 24 24 20 20 20 17 17 14 14 14 12 12 12 23 23 27 27 27 28 28 25 25 25 15 15 15 20 20 19 19 19 13 13 13 22 22 22 22 22 22 22 22 22 22 17 17 17 25 25 24 24 24 24 24 24 20 20 7 7 7 5 5 0 0 0 0 0 0 0 0 0 0 0 17 17 18 18 18 11 11 11
14 13 13 13 12 12 12 26 26 31 31 31 26 26 26 28 28 26 26 26 22 22 17 17 17 11 11 11 21 21 27 27 27 29 29 27 27 27 16 16 16 19 19 18 18 18 15 15 15 23 23 23 23 23 25 25 29 29 29 21 21 21 26 26 26 26 26 22 22 22 16 16 0 0 0 0 0 0 0 0 0 0 0 0 0 16 16 16 20 20 20 20 20 11 11 11
14 13 13 13 12 12 12 26 26 31 31 31 26 26 26 28 28 26 26 26 22 22 17 17 17 11 11 11 21 21 27 27 27 29 29 27 27 27 16 16 16 19 19 18 18 18 15 15 15 23 23 23 23 23 25 25 29 29 29 21 21 21 26 26 26 26 26 22 22 22 16 16 0 0 0 0 0 0 0 0 0 0 0 0 0 16 16 16 20 20 20 20 20 11 11 11
14 17 17 17 17 17 17 30 30 36 36 36 34 34 34 38 38 37 37 37 28 28 15 15 15 5 5 5 0 0 26 26 26 30 30 29 29 29 16 16 16 18 18 20 20 20 16 16 16 23 23 26 26 26 32 32 36 36 36 25 25 25 27 27 24 24 24 18 18 18 12 12 0 0 0 0 0 0 0 0 0 0 0 0 0 15 15 15 18 18 16 16 16 7 7 7
14 17 17 17 17 17 17 30 30 36 36 36 34 34 34 38 38 37 37 37 28 28 15 15 15 5 5 5 0 0 26 26 26 30 30 29 29 29 16 16 16 18 18 20 20 20 16 16 16 23 23 26 26 26 32 32 36 36 36 25 25 25 27 27 24 24 24 18 18 18 12 12 0 0 0 0 0 0 0 0 0 0 0 0 0 15 15 15 18 18 16 16 16 7 7 7
14 17 17 17 17 17 17 30 30 36 36 36 34 34 34 38 38 37 37 37 28 28 15 15 15 5 5 5 0 0 26 26 26 30 30 29 29 29 16 16 16 18 18 20 20 20 16 16 16 23 23 26 26 26 32 32 36 36 36 25 25 25 27 27 24 24 24 18 18 18 12 12 0 0 0 0 0 0 0 0 0 0 0 0 0 15 15 15 18 18 16 16 16 7 7 7
14 22 22 22 28 28 28 39 39 46 46 46 44 44 44 49 49 44 44 44 32 32 14 14 14 0 0 0 0 0 20 20 20 28 28 26 26 26 14 14 14 18 18 22 22 22 18 18 18 26 26 30 30 30 37 37 40 40 40 27 27 27 25 25 18 18 18 13 13 13 10 10 0 0 0 0 0 1 1 1 0 0 0 0 0 0 0 0 11 11 12 12 12 4 4 4
14 22 22 22 28 28 28 39 39 46 46 46 44 44 44 49 49 44 44 44 32 32 14 14 14 0 0 0 0 0 20 20 20 28 28 26 26 26 14 14 14 18 18 22 22 22 18 18 18 26 26 30 30 30 37 37 40 40 40 27 27 27 25 25 18 18 18 13 13 13 10 10 0 0 0 0 0 1 1 1 0 0 0 0 0 0 0 0 11 11 12 12 12 4 4 4
14 22 22 22 28 28 28 39 39 46 46 46 44 44 44 49 49 44 44 44 32 32 14 14 14 0 0 0 0 0 20 20 20 28 28 26 26 26 14 14 14 18 18 22 22 22 18 18 18 26 26 30 30 30 37 37 40 40 40 27 27 27 25 25 18 18 18 13 13 13 10 10 0 0 0 0 0 1 1 1 0 0 0 0 0 0 0 0 11 11 12 12 12 4 4 4
14 27 27 27 37 37 37 52 52 57 57 57 52 52 52 51 51 40 40 40 29 29 16 16 16 0 0 0 0 0 0 0 0 17 17 19 19 19 12 12 12 19 19 25 25 25 22 22 22 32 32 34 34 34 34 34 36 36 36 23 23 23 21 21 14 14 14 10 10 10 11 11 5 5 5 10 10 4 4 4 0 0 0 0 0 0 0 0 0 0 0 0 0 0 0 0
14 27 27 27 37 37 37 52 52 57 57 57 52 52 52 51 51 40 40 40 29 29 16 16 16 0 0 0 0 0 0 0 0 17 17 19 19 19 12 12 12 19 19 25 25 25 22 22 22 32 32 34 34 34 34 34 36 36 36 23 23 23 21 21 14 14 14 10 10 10 11 11 5 5 5 10 10 4 4 4 0 0 0 0 0 0 0 0 0 0 0 0 0 0 0 0
14 25 25 25 39 39 39 61 61 65 65 65 51 51 51 45 45 32 32 32 25 25 18 18 18 3 3 3 0 0 0 0 0 0 0 11 11 11 14 14 14 25 25 30 30 30 28 28 28 37 37 34 34 34 28 28 27 27 27 18 18 18 18 18 13 13 13 12 12 12 16 16 10 10 10 13 13 6 6 6 0 0 0 0 0 0 0 0 0 0 0 0 0 0 0 0
14 25 25 25 39 39 39 61 61 65 65 65 51 51 51 45 45 32 32 32 25 25 18 18 18 3 3 3 0 0 0 0 0 0 0 11 11 11 14 14 14 25 25 30 30 30 28 28 28 37 37 34 34 34 28 28 27 27 27 18 18 18 18 18 13 13 13 12 12 12 16 16 10 10 10 13 13 6 6 6 0 0 0 0 0 0 0 0 0 0 0 0 0 0 0 0
14 25 25 25 39 39 39 61 61 65 65 65 51 51 51 45 45 32 32 32 25 25 18 18 18 3 3 3 0 0 0 0 0 0 0 11 11 11 14 14 14 25 25 30 30 30 28 28 28 37 37 34 34 34 28 28 27 27 27 18 18 18 18 18 13 13 13 12 12 12 16 16 10 10 10 13 13 6 6 6 0 0 0 0 0 0 0 0 0 0 0 0 0 0 0 0
10 20 20 20 40 40 40 69 69 71 71 71 49 49 49 39 39 29 29 29 24 24 20 20 20 8 8 8 0 0 0 0 0 0 0 0 0 0 0 0 0 39 39 40 40 40 32 32 32 38 38 32 32 32 22 22 20 20 20 14 14 14 18 18 16 16 16 19 19 19 24 24 13 13 13 11 11 5 5 5 0 0 0 0 0 0 0 0 0 0 0 0 0 0 0 0
10 20 20 20 40 40 40 69 69 71 71 71 49 49 49 39 39 29 29 29 24 24 20 20 20 8 8 8 0 0 0 0 0 0 0 0 0 0 0 0 0 39 39 40 40 40 32 32 32 38 38 32 32 32 22 22 20 20 20 14 14 14 18 18 16 16 16 19 19 19 24 24 13 13 13 11 11 5 5 5 0 0 0 0 0 0 0 0 0 0 0 0 0 0 0 0
10 20 20 20 40 40 40 69 69 71 71 71 49 49 49 39 39 29 29 29 24 24 20 20 20 8 8 8 0 0 0 0 0 0 0 0 0 0 0 0 0 39 39 40 40 40 32 32 32 38 38 32 32 32 22 22 20 20 20 14 14 14 18 18 16 16 16 19 19 19 24 24 13 13 13 11 11 5 5 5 0 0 0 0 0 0 0 0 0 0 0 0 0 0 0 0
7 16 16 16 41 41 41 75 75 75 75 75 48 48 48 35 35 27 27 27 24 24 24 24 24 14 14 14 8 8 0 0 0 0 0 0 0 0 0 0 0 47 47 45 45 45 29 29 29 28 28 25 25 25 21 21 18 18 18 11 11 11 17 17 18 18 18 21 21 21 24 24 11 11 11 8 8 4 4 4 0 0 0 0 0 0 0 0 0 0 0 0 0 0 0 0
7 16 16 16 41 41 41 75 75 75 75 75 48 48 48 35 35 27 27 27 24 24 24 24 24 14 14 14 8 8 0 0 0 0 0 0 0 0 0 0 0 47 47 45 45 45 29 29 29 28 28 25 25 25 21 21 18 18 18 11 11 11 17 17 18 18 18 21 21 21 24 24 11 11 11 8 8 4 4 4 0 0 0 0 0 0 0 0 0 0 0 0 0 0 0 0
13 0 0 0 43 43 43 72 72 70 70 70 41 41 41 23 23 13 13 13 17 17 25 25 25 23 23 23 28 28 16 16 16 0 0 0 0 0 0 0 0 37 37 36 36 36 14 14 14 11 11 13 13 13 17 17 18 18 18 8 8 8 14 14 16 16 16 15 15 15 16 16 6 6 6 9 9 6 6 6 0 0 0 0 0 2 2 2 0 0 0 0 0 0 0 0
13 0 0 0 43 43 43 72 72 70 70 70 41 41 41 23 23 13 13 13 17 17 25 25 25 23 23 23 28 28 16 16 16 0 0 0 0 0 0 0 0 37 37 36 36 36 14 14 14 11 11 13 13 13 17 17 18 18 18 8 8 8 14 14 16 16 16 15 15 15 16 16 6 6 6 9 9 6 6 6 0 0 0 0 0 2 2 2 0 0 0 0 0 0 0 0
13 0 0 0 43 43 43 72 72 70 70 70 41 41 41 23 23 13 13 13 17 17 25 25 25 23 23 23 28 28 16 16 16 0 0 0 0 0 0 0 0 37 37 36 36 36 14 14 14 11 11 13 13 13 17 17 18 18 18 8 8 8 14 14 16 16 16 15 15 15 16 16 6 6 6 9 9 6 6 6 0 0 0 0 0 2 2 2 0 0 0 0 0 0 0 0
38 42 42 42 44 44 44 52 52 41 41 41 10 10 10 0 0 0 0 0 0 0 21 21 21 26 26 26 45 45 47 47 47 34 34 19 19 19 0 0 0 14 14 11 11 11 0 0 0 0 0 0 0 0 0 0 14 14 14 8 8 8 12 12 10 10 10 9 9 9 12 12 5 5 5 11 11 9 9 9 0 0 0 0 0 11 11 11 3 3 0 0 0 0 0 0
38 42 42 42 44 44 44 52 52 41 41 41 10 10 10 0 0 0 0 0 0 0 21 21 21 26 26 26 45 45 47 47 47 34 34 19 19 19 0 0 0 14 14 11 11 11 0 0 0 0 0 0 0 0 0 0 14 14 14 8 8 8 12 12 10 10 10 9 9 9 12 12 5 5 5 11 11 9 9 9 0 0 0 0 0 11 11 11 3 3 0 0 0 0 0 0
67 62 62 62 38 38 38 14 14 0 0 0 0 0 0 0 0 0 0 0 0 0 0 0 0 0 0 0 0 0 50 50 50 42 42 23 23 23 0 0 0 0 0 0 0 0 0 0 0 0 0 0 0 0 0 0 0 0 0 0 0 0 0 0 0 0 0 0 0 0 15 15 7 7 7 14 14 11 11 11 1 1 1 14 14 14 14 14 9 9 1 1 1 0 0 0
67 62 62 62 38 38 38 14 14 0 0 0 0 0 0 0 0 0 0 0 0 0 0 0 0 0 0 0 0 0 50 50 50 42 42 23 23 23 0 0 0 0 0 0 0 0 0 0 0 0 0 0 0 0 0 0 0 0 0 0 0 0 0 0 0 0 0 0 0 0 15 15 7 7 7 14 14 11 11 11 1 1 1 14 14 14 14 14 9 9 1 1 1 0 0 0
67 62 62 62 38 38 38 14 14 0 0 0 0 0 0 0 0 0 0 0 0 0 0 0 0 0 0 0 0 0 50 50 50 42 42 23 23 23 0 0 0 0 0 0 0 0 0 0 0 0 0 0 0 0 0 0 0 0 0 0 0 0 0 0 0 0 0 0 0 0 15 15 7 7 7 14 14 11 11 11 1 1 1 14 14 14 14 14 9 9 1 1 1 0 0 0
80 65 65 65 11 11 11 0 0 0 0 0 0 0 0 0 0 0 0 0 0 0 0 0 0 0 0 0 0 0 0 0 0 0 0 21 21 21 0 0 0 0 0 0 0 0 0 0 0 0 0 0 0 0 0 0 0 0 0 0 0 0 0 0 0 0 0 0 0 0 0 0 15 15 15 18 18 14 14 14 4 4 4 14 14 12 12 12 8 8 3 3 3 0 0 0
80 65 65 65 11 11 11 0 0 0 0 0 0 0 0 0 0 0 0 0 0 0 0 0 0 0 0 0 0 0 0 0 0 0 0 21 21 21 0 0 0 0 0 0 0 0 0 0 0 0 0 0 0 0 0 0 0 0 0 0 0 0 0 0 0 0 0 0 0 0 0 0 15 15 15 18 18 14 14 14 4 4 4 14 14 12 12 12 8 8 3 3 3 0 0 0
80 65 65 65 11 11 11 0 0 0 0 0 0 0 0 0 0 0 0 0 0 0 0 0 0 0 0 0 0 0 0 0 0 0 0 21 21 21 0 0 0 0 0 0 0 0 0 0 0 0 0 0 0 0 0 0 0 0 0 0 0 0 0 0 0 0 0 0 0 0 0 0 15 15 15 18 18 14 14 14 4 4 4 14 14 12 12 12 8 8 3 3 3 0 0 0
