SEB_model/sample_data_files/historical_long/hillshade_historical_long/augnoon.txt
ncols         768
nrows         486
xllcorner     388353.95236715
yllcorner     7583725.4876181
cellsize      5
NODATA_value  -9999
[rows 120 to 159 of 486, columns 180 to 269 of 768]
209 211 211 211 210 210 210 209 209 210 210 210 209 209 207 207 207 203 203 203 202 202 201 201 201 200 200 200 202 202 203 203 203 204 204 205 205 205 205 205 205 204 204 202 202 202 200 200 197 197 197 192 192 192 187 187 182 182 182 178 178 178 176 176 174 174 174 172 172 171 171 171 172 172 172 179 179 187 187 187 193 193 196 196 196 194 194 194 192 192
209 211 211 211 210 210 210 209 209 210 210 210 209 209 207 207 207 203 203 203 202 202 201 201 201 200 200 200 202 202 203 203 203 204 204 205 205 205 205 205 205 204 204 202 202 202 200 200 197 197 197 192 192 192 187 187 182 182 182 178 178 178 176 176 174 174 174 172 172 171 171 171 172 172 172 179 179 187 187 187 193 193 196 196 196 194 194 194 192 192
195 198 198 198 200 200 200 198 198 195 195 195 193 193 191 191 191 189 189 189 189 189 190 190 190 191 191 191 193 193 195 195 195 198 198 200 200 200 199 199 199 197 197 193 193 193 187 187 180 180 180 174 174 174 167 167 161 161 161 159 159 159 158 158 154 154 154 149 149 150 150 150 159 159 159 176 176 185 185 185 182 182 169 169 169 149 149 149 138 138
195 198 198 198 200 200 200 198 198 195 195 195 193 193 191 191 191 189 189 189 189 189 190 190 190 191 191 191 193 193 195 195 195 198 198 200 200 200 199 199 199 197 197 193 193 193 187 187 180 180 180 174 174 174 167 167 161 161 161 159 159 159 158 158 154 154 154 149 149 150 150 150 159 159 159 176 176 185 185 185 182 182 169 169 169 149 149 149 138 138
195 198 198 198 200 200 200 198 198 195 195 195 193 193 191 191 191 189 189 189 189 189 190 190 190 191 191 191 193 193 195 195 195 198 198 200 200 200 199 199 199 197 197 193 193 193 187 187 180 180 180 174 174 174 167 167 161 161 161 159 159 159 158 158 154 154 154 149 149 150 150 150 159 159 159 176 176 185 185 185 182 182 169 169 169 149 149 149 138 138
180 182 182 182 183 183 183 182 182 179 179 179 176 176 176 176 176 176 176 176 178 178 180 180 180 181 181 181 184 184 186 186 186 189 189 190 190 190 188 188 188 184 184 178 178 178 172 172 167 167 167 162 162 162 161 161 160 160 160 157 157 157 152 152 146 146 146 145 145 150 150 150 160 160 160 173 173 177 177 177 165 165 135 135 135 106 106 106 94 94
180 182 182 182 183 183 183 182 182 179 179 179 176 176 176 176 176 176 176 176 178 178 180 180 180 181 181 181 184 184 186 186 186 189 189 190 190 190 188 188 188 184 184 178 178 178 172 172 167 167 167 162 162 162 161 161 160 160 160 157 157 157 152 152 146 146 146 145 145 150 150 150 160 160 160 173 173 177 177 177 165 165 135 135 135 106 106 106 94 94
156 155 155 155 154 154 154 153 153 154 154 154 155 155 157 157 157 159 159 159 161 161 163 163 163 164 164 164 166 166 166 166 166 164 164 159 159 159 154 154 154 153 153 154 154 154 155 155 154 154 154 151 151 151 151 151 152 152 152 150 150 150 145 145 140 140 140 141 141 147 147 147 149 149 149 151 151 146 146 146 130 130 109 109 109 96 96 96 91 91
156 155 155 155 154 154 154 153 153 154 154 154 155 155 157 157 157 159 159 159 161 161 163 163 163 164 164 164 166 166 166 166 166 164 164 159 159 159 154 154 154 153 153 154 154 154 155 155 154 154 154 151 151 151 151 151 152 152 152 150 150 150 145 145 140 140 140 141 141 147 147 147 149 149 149 151 151 146 146 146 130 130 109 109 109 96 96 96 91 91
156 155 155 155 154 154 154 153 153 154 154 154 155 155 157 157 157 159 159 159 161 161 163 163 163 164 164 164 166 166 166 166 166 164 164 159 159 159 154 154 154 153 153 154 154 154 155 155 154 154 154 151 151 151 151 151 152 152 152 150 150 150 145 145 140 140 140 141 141 147 147 147 149 149 149 151 151 146 146 146 130 130 109 109 109 96 96 96 91 91
137 136 136 136 135 135 135 136 136 140 140 140 143 143 146 146 146 147 147 147 149 149 150 150 150 151 151 151 150 150 148 148 148 142 142 135 135 135 132 132 132 136 136 143 143 143 148 148 149 149 149 149 149 149 148 148 148 148 148 148 148 148 149 149 145 145 145 142 142 140 140 140 134 134 134 126 126 112 112 112 103 103 105 105 105 115 115 115 119 119
137 136 136 136 135 135 135 136 136 140 140 140 143 143 146 146 146 147 147 147 149 149 150 150 150 151 151 151 150 150 148 148 148 142 142 135 135 135 132 132 132 136 136 143 143 143 148 148 149 149 149 149 149 149 148 148 148 148 148 148 148 148 149 149 145 145 145 142 142 140 140 140 134 134 134 126 126 112 112 112 103 103 105 105 105 115 115 115 119 119
126 126 126 126 128 128 128 132 132 136 136 136 139 139 141 141 141 141 141 141 142 142 143 143 143 141 141 141 140 140 137 137 137 135 135 134 134 134 136 136 136 139 139 141 141 141 145 145 149 149 149 150 150 150 149 149 148 148 148 148 148 148 151 151 150 150 150 144 144 136 136 136 128 128 128 120 120 109 109 109 107 107 119 119 119 135 135 135 144 144
126 126 126 126 128 128 128 132 132 136 136 136 139 139 141 141 141 141 141 141 142 142 143 143 143 141 141 141 140 140 137 137 137 135 135 134 134 134 136 136 136 139 139 141 141 141 145 145 149 149 149 150 150 150 149 149 148 148 148 148 148 148 151 151 150 150 150 144 144 136 136 136 128 128 128 120 120 109 109 109 107 107 119 119 119 135 135 135 144 144
126 126 126 126 128 128 128 132 132 136 136 136 139 139 141 141 141 141 141 141 142 142 143 143 143 141 141 141 140 140 137 137 137 135 135 134 134 134 136 136 136 139 139 141 141 141 145 145 149 149 149 150 150 150 149 149 148 148 148 148 148 148 151 151 150 150 150 144 144 136 136 136 128 128 128 120 120 109 109 109 107 107 119 119 119 135 135 135 144 144
118 119 119 119 122 122 122 126 126 129 129 129 131 131 132 132 132 132 132 132 132 132 133 133 133 131 131 131 129 129 127 127 127 130 130 137 137 137 141 141 141 141 141 139 139 139 140 140 143 143 143 144 144 144 144 144 143 143 143 143 143 143 145 145 151 151 151 157 157 158 158 158 151 151 151 139 139 127 127 127 125 125 130 130 130 136 136 136 141 141
118 119 119 119 122 122 122 126 126 129 129 129 131 131 132 132 132 132 132 132 132 132 133 133 133 131 131 131 129 129 127 127 127 130 130 137 137 137 141 141 141 141 141 139 139 139 140 140 143 143 143 144 144 144 144 144 143 143 143 143 143 143 145 145 151 151 151 157 157 158 158 158 151 151 151 139 139 127 127 127 125 125 130 130 130 136 136 136 141 141
118 119 119 119 122 122 122 126 126 129 129 129 131 131 132 132 132 132 132 132 132 132 133 133 133 131 131 131 129 129 127 127 127 130 130 137 137 137 141 141 141 141 141 139 139 139 140 140 143 143 143 144 144 144 144 144 143 143 143 143 143 143 145 145 151 151 151 157 157 158 158 158 151 151 151 139 139 127 127 127 125 125 130 130 130 136 136 136 141 141
116 115 115 115 116 116 116 119 119 122 122 122 124 124 125 125 125 125 125 125 125 125 125 125 125 123 123 123 121 121 121 121 121 125 125 133 133 133 140 140 140 142 142 142 142 142 140 140 139 139 139 139 139 139 140 140 147 147 147 164 164 164 186 186 202 202 202 207 207 198 198 198 176 176 176 152 152 139 139 139 137 137 137 137 137 135 135 135 134 134
116 115 115 115 116 116 116 119 119 122 122 122 124 124 125 125 125 125 125 125 125 125 125 125 125 123 123 123 121 121 121 121 121 125 125 133 133 133 140 140 140 142 142 142 142 142 140 140 139 139 139 139 139 139 140 140 147 147 147 164 164 164 186 186 202 202 202 207 207 198 198 198 176 176 176 152 152 139 139 139 137 137 137 137 137 135 135 135 134 134
115 114 114 114 114 114 114 115 115 117 117 117 119 119 121 121 121 122 122 122 122 122 121 121 121 119 119 119 117 117 117 117 117 119 119 123 123 123 129 129 129 136 136 139 139 139 139 139 137 137 137 135 135 135 136 136 138 138 138 141 141 141 152 152 171 171 171 184 184 175 175 175 147 147 147 128 128 128 128 128 135 135 138 138 138 135 135 135 130 130
115 114 114 114 114 114 114 115 115 117 117 117 119 119 121 121 121 122 122 122 122 122 121 121 121 119 119 119 117 117 117 117 117 119 119 123 123 123 129 129 129 136 136 139 139 139 139 139 137 137 137 135 135 135 136 136 138 138 138 141 141 141 152 152 171 171 171 184 184 175 175 175 147 147 147 128 128 128 128 128 135 135 138 138 138 135 135 135 130 130
115 114 114 114 114 114 114 115 115 117 117 117 119 119 121 121 121 122 122 122 122 122 121 121 121 119 119 119 117 117 117 117 117 119 119 123 123 123 129 129 129 136 136 139 139 139 139 139 137 137 137 135 135 135 136 136 138 138 138 141 141 141 152 152 171 171 171 184 184 175 175 175 147 147 147 128 128 128 128 128 135 135 138 138 138 135 135 135 130 130
113 112 112 112 112 112 112 112 112 113 113 113 114 114 115 115 115 117 117 117 118 118 118 118 118 117 117 117 116 116 115 115 115 116 116 117 117 117 118 118 118 122 122 127 127 127 131 131 132 132 132 131 131 131 130 130 122 122 122 102 102 102 84 84 75 75 75 73 73 73 73 73 79 79 79 93 93 109 109 109 121 121 126 126 126 126 126 126 125 125
113 112 112 112 112 112 112 112 112 113 113 113 114 114 115 115 115 117 117 117 118 118 118 118 118 117 117 117 116 116 115 115 115 116 116 117 117 117 118 118 118 122 122 127 127 127 131 131 132 132 132 131 131 131 130 130 122 122 122 102 102 102 84 84 75 75 75 73 73 73 73 73 79 79 79 93 93 109 109 109 121 121 126 126 126 126 126 126 125 125
111 110 110 110 108 108 108 107 107 107 107 107 108 108 109 109 109 110 110 110 112 112 114 114 114 115 115 115 116 116 117 117 117 116 116 116 116 116 115 115 115 114 114 114 114 114 119 119 125 125 125 127 127 127 123 123 113 113 113 91 91 91 57 57 0 0 0 0 0 22 22 22 53 53 53 86 86 105 105 105 110 110 111 111 111 112 112 112 117 117
111 110 110 110 108 108 108 107 107 107 107 107 108 108 109 109 109 110 110 110 112 112 114 114 114 115 115 115 116 116 117 117 117 116 116 116 116 116 115 115 115 114 114 114 114 114 119 119 125 125 125 127 127 127 123 123 113 113 113 91 91 91 57 57 0 0 0 0 0 22 22 22 53 53 53 86 86 105 105 105 110 110 111 111 111 112 112 112 117 117
111 110 110 110 108 108 108 107 107 107 107 107 108 108 109 109 109 110 110 110 112 112 114 114 114 115 115 115 116 116 117 117 117 116 116 116 116 116 115 115 115 114 114 114 114 114 119 119 125 125 125 127 127 127 123 123 113 113 113 91 91 91 57 57 0 0 0 0 0 22 22 22 53 53 53 86 86 105 105 105 110 110 111 111 111 112 112 112 117 117
112 111 111 111 109 109 109 107 107 106 106 106 106 106 107 107 107 107 107 107 109 109 111 111 111 114 114 114 117 117 119 119 119 118 118 115 115 115 113 113 113 112 112 110 110 110 110 110 115 115 115 120 120 120 122 122 125 125 125 125 125 125 110 110 83 83 83 68 68 78 78 78 100 100 100 117 117 118 118 118 113 113 109 109 109 110 110 110 116 116
112 111 111 111 109 109 109 107 107 106 106 106 106 106 107 107 107 107 107 107 109 109 111 111 111 114 114 114 117 117 119 119 119 118 118 115 115 115 113 113 113 112 112 110 110 110 110 110 115 115 115 120 120 120 122 122 125 125 125 125 125 125 110 110 83 83 83 68 68 78 78 78 100 100 100 117 117 118 118 118 113 113 109 109 109 110 110 110 116 116
112 111 111 111 109 109 109 107 107 106 106 106 106 106 107 107 107 107 107 107 109 109 111 111 111 114 114 114 117 117 119 119 119 118 118 115 115 115 113 113 113 112 112 110 110 110 110 110 115 115 115 120 120 120 122 122 125 125 125 125 125 125 110 110 83 83 83 68 68 78 78 78 100 100 100 117 117 118 118 118 113 113 109 109 109 110 110 110 116 116
106 105 105 105 103 103 103 102 102 102 102 102 103 103 103 103 103 103 103 103 104 104 106 106 106 109 109 109 112 112 114 114 114 113 113 112 112 112 110 110 110 109 109 108 108 108 106 106 106 106 106 110 110 110 120 120 137 137 137 160 160 160 178 178 183 183 183 174 174 161 161 161 152 152 152 144 144 134 134 134 125 125 119 119 119 117 117 117 117 117
106 105 105 105 103 103 103 102 102 102 102 102 103 103 103 103 103 103 103 103 104 104 106 106 106 109 109 109 112 112 114 114 114 113 113 112 112 112 110 110 110 109 109 108 108 108 106 106 106 106 106 110 110 110 120 120 137 137 137 160 160 160 178 178 183 183 183 174 174 161 161 161 152 152 152 144 144 134 134 134 125 125 119 119 119 117 117 117 117 117
98 98 98 98 98 98 98 98 98 98 98 98 99 99 100 100 100 101 101 101 102 102 103 103 103 105 105 105 108 108 109 109 109 109 109 108 108 108 106 106 106 105 105 105 105 105 104 104 104 104 104 106 106 106 113 113 123 123 123 135 135 135 148 148 160 160 160 166 166 161 161 161 148 148 148 137 137 132 132 132 130 130 127 127 127 122 122 122 117 117
98 98 98 98 98 98 98 98 98 98 98 98 99 99 100 100 100 101 101 101 102 102 103 103 103 105 105 105 108 108 109 109 109 109 109 108 108 108 106 106 106 105 105 105 105 105 104 104 104 104 104 106 106 106 113 113 123 123 123 135 135 135 148 148 160 160 160 166 166 161 161 161 148 148 148 137 137 132 132 132 130 130 127 127 127 122 122 122 117 117
98 98 98 98 98 98 98 98 98 98 98 98 99 99 100 100 100 101 101 101 102 102 103 103 103 105 105 105 108 108 109 109 109 109 109 108 108 108 106 106 106 105 105 105 105 105 104 104 104 104 104 106 106 106 113 113 123 123 123 135 135 135 148 148 160 160 160 166 166 161 161 161 148 148 148 137 137 132 132 132 130 130 127 127 127 122 122 122 117 117
87 89 89 89 91 91 91 93 93 94 94 94 94 94 95 95 95 96 96 96 98 98 99 99 99 100 100 100 101 101 102 102 102 103 103 103 103 103 101 101 101 100 100 99 99 99 99 99 100 100 100 103 103 103 107 107 113 113 113 119 119 119 124 124 127 127 127 128 128 123 123 123 117 117 117 118 118 121 121 121 119 119 115 115 115 111 111 111 112 112
87 89 89 89 91 91 91 93 93 94 94 94 94 94 95 95 95 96 96 96 98 98 99 99 99 100 100 100 101 101 102 102 102 103 103 103 103 103 101 101 101 100 100 99 99 99 99 99 100 100 100 103 103 103 107 107 113 113 113 119 119 119 124 124 127 127 127 128 128 123 123 123 117 117 117 118 118 121 121 121 119 119 115 115 115 111 111 111 112 112
87 89 89 89 91 91 91 93 93 94 94 94 94 94 95 95 95 96 96 96 98 98 99 99 99 100 100 100 101 101 102 102 102 103 103 103 103 103 101 101 101 100 100 99 99 99 99 99 100 100 100 103 103 103 107 107 113 113 113 119 119 119 124 124 127 127 127 128 128 123 123 123 117 117 117 118 118 121 121 121 119 119 115 115 115 111 111 111 112 112
71 73 73 73 77 77 77 80 80 82 82 82 83 83 84 84 84 85 85 85 87 87 89 89 89 90 90 90 91 91 91 91 91 91 91 90 90 90 89 89 89 89 89 89 89 89 90 90 92 92 92 95 95 95 99 99 103 103 103 103 103 103 101 101 99 99 99 97 97 94 94 94 94 94 94 99 99 102 102 102 103 103 102 102 102 104 104 104 110 110
