SEB_model/sample_data_files/historical_long/hillshade_historical_long/augnoon.txt
ncols         768
nrows         486
xllcorner     388353.95236715
yllcorner     7583725.4876181
cellsize      5
NODATA_value  -9999
[rows 320 to 359 of 486, columns 540 to 629 of 768]
98 98 94 94 94 90 90 90 89 89 89 89 89 87 87 87 87 87 85 85 85 82 82 78 78 78 71 71 71 68 68 65 65 65 61 61 57 57 57 51 51 51 48 48 46 46 46 46 46 46 49 49 52 52 52 55 55 60 60 60 65 65 65 70 70 75 75 75 77 77 77 79 79 81 81 81 83 83 84 84 84 85 85 85 85 85 86 86 86 88
115 115 114 114 114 109 109 109 105 105 102 102 102 100 100 100 100 100 99 99 99 97 97 94 94 94 88 88 88 84 84 79 79 79 73 73 69 69 69 65 65 65 65 65 62 62 62 58 58 58 60 60 61 61 61 62 62 65 65 65 71 71 71 77 77 81 81 81 84 84 84 84 84 85 85 85 87 87 90 90 90 92 92 92 94 94 95 95 95 95
115 115 114 114 114 109 109 109 105 105 102 102 102 100 100 100 100 100 99 99 99 97 97 94 94 94 88 88 88 84 84 79 79 79 73 73 69 69 69 65 65 65 65 65 62 62 62 58 58 58 60 60 61 61 61 62 62 65 65 65 71 71 71 77 77 81 81 81 84 84 84 84 84 85 85 85 87 87 90 90 90 92 92 92 94 94 95 95 95 95
122 122 123 123 123 119 119 119 113 113 108 108 108 103 103 103 103 103 102 102 102 100 100 97 97 97 92 92 92 87 87 79 79 79 71 71 63 63 63 55 55 55 53 53 52 52 52 51 51 51 55 55 55 55 55 54 54 56 56 56 61 61 61 65 65 68 68 68 70 70 70 72 72 75 75 75 77 77 80 80 80 84 84 84 88 88 89 89 89 88
122 122 123 123 123 119 119 119 113 113 108 108 108 103 103 103 103 103 102 102 102 100 100 97 97 97 92 92 92 87 87 79 79 79 71 71 63 63 63 55 55 55 53 53 52 52 52 51 51 51 55 55 55 55 55 54 54 56 56 56 61 61 61 65 65 68 68 68 70 70 70 72 72 75 75 75 77 77 80 80 80 84 84 84 88 88 89 89 89 88
122 122 123 123 123 119 119 119 113 113 108 108 108 103 103 103 103 103 102 102 102 100 100 97 97 97 92 92 92 87 87 79 79 79 71 71 63 63 63 55 55 55 53 53 52 52 52 51 51 51 55 55 55 55 55 54 54 56 56 56 61 61 61 65 65 68 68 68 70 70 70 72 72 75 75 75 77 77 80 80 80 84 84 84 88 88 89 89 89 88
134 134 135 135 135 133 133 133 130 130 125 125 125 120 120 120 119 119 118 118 118 116 116 114 114 114 109 109 109 106 106 100 100 100 92 92 81 81 81 70 70 70 67 67 67 67 67 67 67 67 72 72 74 74 74 73 73 75 75 75 78 78 78 81 81 83 83 83 85 85 85 88 88 91 91 91 94 94 96 96 96 98 98 98 101 101 101 101 101 101
134 134 135 135 135 133 133 133 130 130 125 125 125 120 120 120 119 119 118 118 118 116 116 114 114 114 109 109 109 106 106 100 100 100 92 92 81 81 81 70 70 70 67 67 67 67 67 67 67 67 72 72 74 74 74 73 73 75 75 75 78 78 78 81 81 83 83 83 85 85 85 88 88 91 91 91 94 94 96 96 96 98 98 98 101 101 101 101 101 101
134 134 135 135 135 133 133 133 130 130 125 125 125 120 120 120 119 119 118 118 118 116 116 114 114 114 109 109 109 106 106 100 100 100 92 92 81 81 81 70 70 70 67 67 67 67 67 67 67 67 72 72 74 74 74 73 73 75 75 75 78 78 78 81 81 83 83 83 85 85 85 88 88 91 91 91 94 94 96 96 96 98 98 98 101 101 101 101 101 101
140 140 141 141 141 140 140 140 139 139 138 138 138 134 134 134 131 131 128 128 128 124 124 122 122 122 118 118 118 115 115 109 109 109 102 102 95 95 95 84 84 84 76 76 70 70 70 63 63 63 63 63 66 66 66 70 70 75 75 75 80 80 80 85 85 89 89 89 91 91 91 93 93 94 94 94 94 94 96 96 96 98 98 98 101 101 103 103 103 105
140 140 141 141 141 140 140 140 139 139 138 138 138 134 134 134 131 131 128 128 128 124 124 122 122 122 118 118 118 115 115 109 109 109 102 102 95 95 95 84 84 84 76 76 70 70 70 63 63 63 63 63 66 66 66 70 70 75 75 75 80 80 80 85 85 89 89 89 91 91 91 93 93 94 94 94 94 94 96 96 96 98 98 98 101 101 103 103 103 105
141 141 143 143 143 143 143 143 145 145 145 145 145 142 142 142 139 139 135 135 135 130 130 126 126 126 122 122 122 119 119 114 114 114 111 111 108 108 108 99 99 99 88 88 75 75 75 63 63 63 59 59 61 61 61 68 68 75 75 75 82 82 82 89 89 93 93 93 95 95 95 96 96 95 95 95 94 94 94 94 94 96 96 96 100 100 103 103 103 107
141 141 143 143 143 143 143 143 145 145 145 145 145 142 142 142 139 139 135 135 135 130 130 126 126 126 122 122 122 119 119 114 114 114 111 111 108 108 108 99 99 99 88 88 75 75 75 63 63 63 59 59 61 61 61 68 68 75 75 75 82 82 82 89 89 93 93 93 95 95 95 96 96 95 95 95 94 94 94 94 94 96 96 96 100 100 103 103 103 107
141 141 143 143 143 143 143 143 145 145 145 145 145 142 142 142 139 139 135 135 135 130 130 126 126 126 122 122 122 119 119 114 114 114 111 111 108 108 108 99 99 99 88 88 75 75 75 63 63 63 59 59 61 61 61 68 68 75 75 75 82 82 82 89 89 93 93 93 95 95 95 96 96 95 95 95 94 94 94 94 94 96 96 96 100 100 103 103 103 107
142 142 144 144 144 147 147 147 150 150 151 151 151 147 147 147 143 143 141 141 141 139 139 133 133 133 125 125 125 124 124 124 124 124 122 122 121 121 121 115 115 115 104 104 88 88 88 71 71 71 64 64 65 65 65 71 71 79 79 79 85 85 85 91 91 95 95 95 97 97 97 99 99 100 100 100 99 99 98 98 98 99 99 99 104 104 108 108 108 112
142 142 144 144 144 147 147 147 150 150 151 151 151 147 147 147 143 143 141 141 141 139 139 133 133 133 125 125 125 124 124 124 124 124 122 122 121 121 121 115 115 115 104 104 88 88 88 71 71 71 64 64 65 65 65 71 71 79 79 79 85 85 85 91 91 95 95 95 97 97 97 99 99 100 100 100 99 99 98 98 98 99 99 99 104 104 108 108 108 112
142 142 145 145 145 148 148 148 150 150 150 150 150 146 146 146 142 142 141 141 141 141 141 135 135 135 127 127 127 127 127 127 127 127 126 126 123 123 123 118 118 118 111 111 96 96 96 75 75 75 63 63 62 62 62 67 67 74 74 74 79 79 79 85 85 90 90 90 93 93 93 96 96 97 97 97 99 99 99 99 99 100 100 100 103 103 106 106 106 108
142 142 145 145 145 148 148 148 150 150 150 150 150 146 146 146 142 142 141 141 141 141 141 135 135 135 127 127 127 127 127 127 127 127 126 126 123 123 123 118 118 118 111 111 96 96 96 75 75 75 63 63 62 62 62 67 67 74 74 74 79 79 79 85 85 90 90 90 93 93 93 96 96 97 97 97 99 99 99 99 99 100 100 100 103 103 106 106 106 108
142 142 145 145 145 148 148 148 150 150 150 150 150 146 146 146 142 142 141 141 141 141 141 135 135 135 127 127 127 127 127 127 127 127 126 126 123 123 123 118 118 118 111 111 96 96 96 75 75 75 63 63 62 62 62 67 67 74 74 74 79 79 79 85 85 90 90 90 93 93 93 96 96 97 97 97 99 99 99 99 99 100 100 100 103 103 106 106 106 108
144 144 145 145 145 146 146 146 148 148 147 147 147 146 146 146 144 144 141 141 141 139 139 140 140 140 139 139 139 139 139 137 137 137 135 135 133 133 133 130 130 130 127 127 120 120 120 106 106 106 95 95 90 90 90 92 92 96 96 96 98 98 98 103 103 107 107 107 110 110 110 112 112 114 114 114 118 118 120 120 120 120 120 120 118 118 117 117 117 117
144 144 145 145 145 146 146 146 148 148 147 147 147 146 146 146 144 144 141 141 141 139 139 140 140 140 139 139 139 139 139 137 137 137 135 135 133 133 133 130 130 130 127 127 120 120 120 106 106 106 95 95 90 90 90 92 92 96 96 96 98 98 98 103 103 107 107 107 110 110 110 112 112 114 114 114 118 118 120 120 120 120 120 120 118 118 117 117 117 117
144 144 145 145 145 146 146 146 148 148 147 147 147 146 146 146 144 144 141 141 141 139 139 140 140 140 139 139 139 139 139 137 137 137 135 135 133 133 133 130 130 130 127 127 120 120 120 106 106 106 95 95 90 90 90 92 92 96 96 96 98 98 98 103 103 107 107 107 110 110 110 112 112 114 114 114 118 118 120 120 120 120 120 120 118 118 117 117 117 117
144 144 145 145 145 143 143 143 144 144 144 144 144 144 144 144 143 143 138 138 138 134 134 138 138 138 144 144 144 145 145 139 139 139 134 134 134 134 134 137 137 137 138 138 137 137 137 133 133 133 126 126 116 116 116 112 112 111 111 111 110 110 110 113 113 116 116 116 118 118 118 120 120 123 123 123 127 127 129 129 129 128 128 128 126 126 123 123 123 121
144 144 145 145 145 143 143 143 144 144 144 144 144 144 144 144 143 143 138 138 138 134 134 138 138 138 144 144 144 145 145 139 139 139 134 134 134 134 134 137 137 137 138 138 137 137 137 133 133 133 126 126 116 116 116 112 112 111 111 111 110 110 110 113 113 116 116 116 118 118 118 120 120 123 123 123 127 127 129 129 129 128 128 128 126 126 123 123 123 121
140 140 143 143 143 141 141 141 141 141 141 141 141 141 141 141 141 141 138 138 138 136 136 135 135 135 134 134 134 134 134 133 133 133 133 133 135 135 135 137 137 137 142 142 146 146 146 147 147 147 143 143 131 131 131 120 120 115 115 115 113 113 113 112 112 113 113 113 116 116 116 119 119 121 121 121 124 124 126 126 126 125 125 125 124 124 122 122 122 119
140 140 143 143 143 141 141 141 141 141 141 141 141 141 141 141 141 141 138 138 138 136 136 135 135 135 134 134 134 134 134 133 133 133 133 133 135 135 135 137 137 137 142 142 146 146 146 147 147 147 143 143 131 131 131 120 120 115 115 115 113 113 113 112 112 113 113 113 116 116 116 119 119 121 121 121 124 124 126 126 126 125 125 125 124 124 122 122 122 119
140 140 143 143 143 141 141 141 141 141 141 141 141 141 141 141 141 141 138 138 138 136 136 135 135 135 134 134 134 134 134 133 133 133 133 133 135 135 135 137 137 137 142 142 146 146 146 147 147 147 143 143 131 131 131 120 120 115 115 115 113 113 113 112 112 113 113 113 116 116 116 119 119 121 121 121 124 124 126 126 126 125 125 125 124 124 122 122 122 119
135 135 141 141 141 141 141 141 141 141 141 141 141 140 140 140 141 141 141 141 141 141 141 138 138 138 130 130 130 130 130 136 136 136 143 143 143 143 143 140 140 140 143 143 149 149 149 152 152 152 151 151 142 142 142 129 129 122 122 122 119 119 119 114 114 112 112 112 120 120 120 126 126 127 127 127 129 129 129 129 129 129 129 129 128 128 127 127 127 126
135 135 141 141 141 141 141 141 141 141 141 141 141 140 140 140 141 141 141 141 141 141 141 138 138 138 130 130 130 130 130 136 136 136 143 143 143 143 143 140 140 140 143 143 149 149 149 152 152 152 151 151 142 142 142 129 129 122 122 122 119 119 119 114 114 112 112 112 120 120 120 126 126 127 127 127 129 129 129 129 129 129 129 129 128 128 127 127 127 126
135 135 141 141 141 141 141 141 141 141 141 141 141 140 140 140 141 141 141 141 141 141 141 138 138 138 130 130 130 130 130 136 136 136 143 143 143 143 143 140 140 140 143 143 149 149 149 152 152 152 151 151 142 142 142 129 129 122 122 122 119 119 119 114 114 112 112 112 120 120 120 126 126 127 127 127 129 129 129 129 129 129 129 129 128 128 127 127 127 126
132 132 135 135 135 140 140 140 142 142 140 140 140 139 139 139 140 140 141 141 141 141 141 139 139 139 134 134 134 132 132 134 134 134 138 138 141 141 141 141 141 141 142 142 145 145 145 146 146 146 146 146 141 141 141 132 132 121 121 121 113 113 113 110 110 111 111 111 120 120 120 128 128 129 129 129 129 129 129 129 129 128 128 128 128 128 126 126 126 125
132 132 135 135 135 140 140 140 142 142 140 140 140 139 139 139 140 140 141 141 141 141 141 139 139 139 134 134 134 132 132 134 134 134 138 138 141 141 141 141 141 141 142 142 145 145 145 146 146 146 146 146 141 141 141 132 132 121 121 121 113 113 113 110 110 111 111 111 120 120 120 128 128 129 129 129 129 129 129 129 129 128 128 128 128 128 126 126 126 125
133 133 131 131 131 135 135 135 140 140 140 140 140 139 139 139 140 140 139 139 139 139 139 138 138 138 137 137 137 136 136 133 133 133 131 131 134 134 134 139 139 139 142 142 141 141 141 141 141 141 141 141 136 136 136 130 130 123 123 123 116 116 116 121 121 124 124 124 124 124 124 127 127 128 128 128 129 129 129 129 129 128 128 128 127 127 125 125 125 123
133 133 131 131 131 135 135 135 140 140 140 140 140 139 139 139 140 140 139 139 139 139 139 138 138 138 137 137 137 136 136 133 133 133 131 131 134 134 134 139 139 139 142 142 141 141 141 141 141 141 141 141 136 136 136 130 130 123 123 123 116 116 116 121 121 124 124 124 124 124 124 127 127 128 128 128 129 129 129 129 129 128 128 128 127 127 125 125 125 123
133 133 131 131 131 135 135 135 140 140 140 140 140 139 139 139 140 140 139 139 139 139 139 138 138 138 137 137 137 136 136 133 133 133 131 131 134 134 134 139 139 139 142 142 141 141 141 141 141 141 141 141 136 136 136 130 130 123 123 123 116 116 116 121 121 124 124 124 124 124 124 127 127 128 128 128 129 129 129 129 129 128 128 128 127 127 125 125 125 123
133 133 130 130 130 130 130 130 135 135 138 138 138 138 138 138 139 139 138 138 138 138 138 138 138 138 139 139 139 142 142 141 141 141 138 138 137 137 137 139 139 139 140 140 137 137 137 134 134 134 135 135 133 133 133 129 129 124 124 124 122 122 122 124 124 122 122 122 119 119 119 118 118 122 122 122 127 127 128 128 128 126 126 126 124 124 122 122 122 120
133 133 130 130 130 130 130 130 135 135 138 138 138 138 138 138 139 139 138 138 138 138 138 138 138 138 139 139 139 142 142 141 141 141 138 138 137 137 137 139 139 139 140 140 137 137 137 134 134 134 135 135 133 133 133 129 129 124 124 124 122 122 122 124 124 122 122 122 119 119 119 118 118 122 122 122 127 127 128 128 128 126 126 126 124 124 122 122 122 120
132 132 129 129 129 127 127 127 129 129 131 131 131 133 133 133 135 135 135 135 135 136 136 137 137 137 137 137 137 138 138 139 139 139 140 140 140 140 140 137 137 137 135 135 132 132 132 128 128 128 128 128 129 129 129 127 127 123 123 123 118 118 118 113 113 106 106 106 103 103 103 107 107 111 111 111 115 115 118 118 118 118 118 118 116 116 113 113 113 111
132 132 129 129 129 127 127 127 129 129 131 131 131 133 133 133 135 135 135 135 135 136 136 137 137 137 137 137 137 138 138 139 139 139 140 140 140 140 140 137 137 137 135 135 132 132 132 128 128 128 128 128 129 129 129 127 127 123 123 123 118 118 118 113 113 106 106 106 103 103 103 107 107 111 111 111 115 115 118 118 118 118 118 118 116 116 113 113 113 111
132 132 129 129 129 127 127 127 129 129 131 131 131 133 133 133 135 135 135 135 135 136 136 137 137 137 137 137 137 138 138 139 139 139 140 140 140 140 140 137 137 137 135 135 132 132 132 128 128 128 128 128 129 129 129 127 127 123 123 123 118 118 118 113 113 106 106 106 103 103 103 107 107 111 111 111 115 115 118 118 118 118 118 118 116 116 113 113 113 111
