SEB_model/sample_data_files/historical_long/hillshade_historical_long/augnoon.txt
ncols         768
nrows         486
xllcorner     388353.95236715
yllcorner     7583725.4876181
cellsize      5
NODATA_value  -9999
[rows 360 to 399 of 486, columns 450 to 539 of 768]
107 108 108 108 110 110 110 110 110 111 111 111 111 111 110 110 110 110 110 110 110 110 111 111 112 112 112 110 110 110 110 110 110 110 110 110 110 110 112 112 113 113 113 113 113 115 115 115 116 116 116 118 118 118 118 118 117 117 116 116 116 115 115 115 116 116 118 118 118 120 120 120 124 124 128 128 128 132 132 135 135 135 136 136 136 138 138 138 138 138
107 108 108 108 110 110 110 110 110 111 111 111 111 111 110 110 110 110 110 110 110 110 111 111 112 112 112 110 110 110 110 110 110 110 110 110 110 110 112 112 113 113 113 113 113 115 115 115 116 116 116 118 118 118 118 118 117 117 116 116 116 115 115 115 116 116 118 118 118 120 120 120 124 124 128 128 128 132 132 135 135 135 136 136 136 138 138 138 138 138
107 108 108 108 110 110 110 110 110 111 111 111 111 111 110 110 110 110 110 110 110 110 111 111 112 112 112 110 110 110 110 110 110 110 110 110 110 110 112 112 113 113 113 113 113 115 115 115 116 116 116 118 118 118 118 118 117 117 116 116 116 115 115 115 116 116 118 118 118 120 120 120 124 124 128 128 128 132 132 135 135 135 136 136 136 138 138 138 138 138
107 107 107 107 108 108 109 109 109 110 110 110 110 110 109 109 109 108 108 108 108 108 108 108 108 108 108 107 107 107 108 108 108 108 108 108 108 108 109 109 110 110 110 110 110 110 110 110 110 110 110 110 110 110 110 110 110 110 110 110 110 111 111 111 112 112 113 113 113 113 113 113 115 115 118 118 118 121 121 125 125 125 127 127 127 130 130 132 132 132
107 107 107 107 108 108 109 109 109 110 110 110 110 110 109 109 109 108 108 108 108 108 108 108 108 108 108 107 107 107 108 108 108 108 108 108 108 108 109 109 110 110 110 110 110 110 110 110 110 110 110 110 110 110 110 110 110 110 110 110 110 111 111 111 112 112 113 113 113 113 113 113 115 115 118 118 118 121 121 125 125 125 127 127 127 130 130 132 132 132
108 107 107 107 107 107 107 107 107 109 109 109 109 109 108 108 108 107 107 107 107 107 107 107 108 108 108 107 107 107 107 107 108 108 108 108 108 108 109 109 110 110 110 110 110 110 110 110 109 109 109 110 110 111 111 111 111 111 111 111 111 111 111 111 112 112 112 112 112 113 113 113 114 114 115 115 115 116 116 117 117 117 117 117 117 120 120 122 122 122
108 107 107 107 107 107 107 107 107 109 109 109 109 109 108 108 108 107 107 107 107 107 107 107 108 108 108 107 107 107 107 107 108 108 108 108 108 108 109 109 110 110 110 110 110 110 110 110 109 109 109 110 110 111 111 111 111 111 111 111 111 111 111 111 112 112 112 112 112 113 113 113 114 114 115 115 115 116 116 117 117 117 117 117 117 120 120 122 122 122
108 107 107 107 107 107 107 107 107 109 109 109 109 109 108 108 108 107 107 107 107 107 107 107 108 108 108 107 107 107 107 107 108 108 108 108 108 108 109 109 110 110 110 110 110 110 110 110 109 109 109 110 110 111 111 111 111 111 111 111 111 111 111 111 112 112 112 112 112 113 113 113 114 114 115 115 115 116 116 117 117 117 117 117 117 120 120 122 122 122
107 106 106 106 106 106 106 106 106 107 107 107 107 107 106 106 106 107 107 107 107 107 107 107 107 107 107 106 106 106 107 107 107 107 107 107 107 107 108 108 109 109 109 109 109 109 109 109 109 109 109 110 110 111 111 111 112 112 112 112 112 111 111 111 111 111 112 112 112 113 113 113 114 114 115 115 115 116 116 116 116 116 116 116 116 116 116 116 116 116
107 106 106 106 106 106 106 106 106 107 107 107 107 107 106 106 106 107 107 107 107 107 107 107 107 107 107 106 106 106 107 107 107 107 107 107 107 107 108 108 109 109 109 109 109 109 109 109 109 109 109 110 110 111 111 111 112 112 112 112 112 111 111 111 111 111 112 112 112 113 113 113 114 114 115 115 115 116 116 116 116 116 116 116 116 116 116 116 116 116
102 102 102 102 103 103 102 102 102 103 103 102 102 102 102 102 102 103 103 103 103 103 103 103 103 103 103 103 103 103 103 103 104 104 104 104 104 104 105 105 106 106 106 106 106 107 107 107 107 107 107 108 108 107 107 107 106 106 106 106 106 106 106 106 108 108 109 109 109 110 110 110 112 112 113 113 113 114 114 114 114 114 115 115 115 114 114 113 113 113
102 102 102 102 103 103 102 102 102 103 103 102 102 102 102 102 102 103 103 103 103 103 103 103 103 103 103 103 103 103 103 103 104 104 104 104 104 104 105 105 106 106 106 106 106 107 107 107 107 107 107 108 108 107 107 107 106 106 106 106 106 106 106 106 108 108 109 109 109 110 110 110 112 112 113 113 113 114 114 114 114 114 115 115 115 114 114 113 113 113
102 102 102 102 103 103 102 102 102 103 103 102 102 102 102 102 102 103 103 103 103 103 103 103 103 103 103 103 103 103 103 103 104 104 104 104 104 104 105 105 106 106 106 106 106 107 107 107 107 107 107 108 108 107 107 107 106 106 106 106 106 106 106 106 108 108 109 109 109 110 110 110 112 112 113 113 113 114 114 114 114 114 115 115 115 114 114 113 113 113
102 103 103 103 104 104 103 103 103 103 103 103 103 103 103 103 103 104 104 104 104 104 104 104 104 104 104 104 104 104 105 105 105 105 105 106 106 106 107 107 108 108 108 109 109 109 109 109 108 108 108 109 109 108 108 108 107 107 107 107 107 107 107 107 108 108 110 110 110 111 111 111 113 113 114 114 114 115 115 116 116 116 117 117 117 117 117 116 116 116
102 103 103 103 104 104 103 103 103 103 103 103 103 103 103 103 103 104 104 104 104 104 104 104 104 104 104 104 104 104 105 105 105 105 105 106 106 106 107 107 108 108 108 109 109 109 109 109 108 108 108 109 109 108 108 108 107 107 107 107 107 107 107 107 108 108 110 110 110 111 111 111 113 113 114 114 114 115 115 116 116 116 117 117 117 117 117 116 116 116
102 103 103 103 104 104 103 103 103 103 103 103 103 103 103 103 103 104 104 104 104 104 104 104 104 104 104 104 104 104 105 105 105 105 105 106 106 106 107 107 108 108 108 109 109 109 109 109 108 108 108 109 109 108 108 108 107 107 107 107 107 107 107 107 108 108 110 110 110 111 111 111 113 113 114 114 114 115 115 116 116 116 117 117 117 117 117 116 116 116
0 0 0 0 0 0 0 0 0 99 99 100 100 100 100 100 100 101 101 102 102 102 102 102 102 102 102 102 102 102 104 104 104 104 104 105 105 105 106 106 107 107 107 108 108 109 109 109 109 109 109 109 109 109 109 109 109 109 109 109 109 108 108 108 109 109 110 110 110 110 110 110 112 112 113 113 113 114 114 116 116 116 116 116 116 116 116 116 116 116
0 0 0 0 0 0 0 0 0 99 99 100 100 100 100 100 100 101 101 102 102 102 102 102 102 102 102 102 102 102 104 104 104 104 104 105 105 105 106 106 107 107 107 108 108 109 109 109 109 109 109 109 109 109 109 109 109 109 109 109 109 108 108 108 109 109 110 110 110 110 110 110 112 112 113 113 113 114 114 116 116 116 116 116 116 116 116 116 116 116
0 0 0 0 0 0 0 0 0 93 93 94 94 94 95 95 95 96 96 96 96 96 97 97 97 97 97 97 97 97 98 98 99 99 99 100 100 100 102 102 103 103 103 105 105 105 105 105 106 106 106 106 106 106 106 106 107 107 107 107 107 107 107 107 108 108 109 109 109 108 108 108 109 109 109 109 109 110 110 111 111 111 112 112 112 112 112 112 112 112
0 0 0 0 0 0 0 0 0 93 93 94 94 94 95 95 95 96 96 96 96 96 97 97 97 97 97 97 97 97 98 98 99 99 99 100 100 100 102 102 103 103 103 105 105 105 105 105 106 106 106 106 106 106 106 106 107 107 107 107 107 107 107 107 108 108 109 109 109 108 108 108 109 109 109 109 109 110 110 111 111 111 112 112 112 112 112 112 112 112
0 0 0 0 0 0 0 0 0 93 93 94 94 94 95 95 95 96 96 96 96 96 97 97 97 97 97 97 97 97 98 98 99 99 99 100 100 100 102 102 103 103 103 105 105 105 105 105 106 106 106 106 106 106 106 106 107 107 107 107 107 107 107 107 108 108 109 109 109 108 108 108 109 109 109 109 109 110 110 111 111 111 112 112 112 112 112 112 112 112
0 0 0 0 0 0 0 0 0 94 94 95 95 95 0 0 0 0 0 97 97 97 98 98 98 98 98 97 97 97 98 98 99 99 99 100 100 100 103 103 104 104 104 104 104 105 105 105 106 106 106 108 108 108 108 108 108 108 109 109 109 108 108 108 109 109 109 109 109 109 109 109 109 109 109 109 109 109 109 110 110 110 110 110 110 112 112 113 113 113
0 0 0 0 0 0 0 0 0 94 94 95 95 95 0 0 0 0 0 97 97 97 98 98 98 98 98 97 97 97 98 98 99 99 99 100 100 100 103 103 104 104 104 104 104 105 105 105 106 106 106 108 108 108 108 108 108 108 109 109 109 108 108 108 109 109 109 109 109 109 109 109 109 109 109 109 109 109 109 110 110 110 110 110 110 112 112 113 113 113
0 0 0 0 0 0 0 0 0 94 94 95 95 95 0 0 0 0 0 97 97 97 98 98 98 98 98 97 97 97 98 98 99 99 99 100 100 100 103 103 104 104 104 104 104 105 105 105 106 106 106 108 108 108 108 108 108 108 109 109 109 108 108 108 109 109 109 109 109 109 109 109 109 109 109 109 109 109 109 110 110 110 110 110 110 112 112 113 113 113
0 0 0 0 0 0 0 0 0 0 0 0 0 0 0 0 0 0 0 0 0 0 0 0 93 93 93 93 93 93 94 94 96 96 96 97 97 97 99 99 100 100 100 101 101 103 103 103 105 105 105 107 107 108 108 108 108 108 108 108 108 106 106 106 106 106 106 106 106 107 107 107 108 108 108 108 108 108 108 108 108 108 109 109 109 111 111 112 112 112
0 0 0 0 0 0 0 0 0 0 0 0 0 0 0 0 0 0 0 0 0 0 0 0 93 93 93 93 93 93 94 94 96 96 96 97 97 97 99 99 100 100 100 101 101 103 103 103 105 105 105 107 107 108 108 108 108 108 108 108 108 106 106 106 106 106 106 106 106 107 107 107 108 108 108 108 108 108 108 108 108 108 109 109 109 111 111 112 112 112
0 0 0 0 0 0 0 0 0 0 0 0 0 0 0 0 0 0 0 0 0 0 0 0 0 0 0 0 0 0 90 90 92 92 92 94 94 94 96 96 98 98 98 100 100 102 102 102 104 104 104 105 105 107 107 107 107 107 107 107 107 106 106 106 107 107 107 107 107 107 107 107 108 108 108 108 108 108 108 108 108 108 109 109 109 111 111 112 112 112
0 0 0 0 0 0 0 0 0 0 0 0 0 0 0 0 0 0 0 0 0 0 0 0 0 0 0 0 0 0 90 90 92 92 92 94 94 94 96 96 98 98 98 100 100 102 102 102 104 104 104 105 105 107 107 107 107 107 107 107 107 106 106 106 107 107 107 107 107 107 107 107 108 108 108 108 108 108 108 108 108 108 109 109 109 111 111 112 112 112
0 0 0 0 0 0 0 0 0 0 0 0 0 0 0 0 0 0 0 0 0 0 0 0 0 0 0 0 0 0 90 90 92 92 92 94 94 94 96 96 98 98 98 100 100 102 102 102 104 104 104 105 105 107 107 107 107 107 107 107 107 106 106 106 107 107 107 107 107 107 107 107 108 108 108 108 108 108 108 108 108 108 109 109 109 111 111 112 112 112
0 0 0 0 0 0 0 0 0 0 0 0 0 0 0 0 0 0 0 0 0 0 0 0 0 0 0 0 0 0 0 0 0 0 0 88 88 88 92 92 94 94 94 97 97 99 99 99 100 100 100 103 103 104 104 104 106 106 106 106 106 106 106 106 107 107 107 107 107 107 107 107 108 108 108 108 108 109 109 109 109 109 110 110 110 111 111 112 112 112
0 0 0 0 0 0 0 0 0 0 0 0 0 0 0 0 0 0 0 0 0 0 0 0 0 0 0 0 0 0 0 0 0 0 0 88 88 88 92 92 94 94 94 97 97 99 99 99 100 100 100 103 103 104 104 104 106 106 106 106 106 106 106 106 107 107 107 107 107 107 107 107 108 108 108 108 108 109 109 109 109 109 110 110 110 111 111 112 112 112
0 0 0 0 0 0 0 0 0 0 0 0 0 0 0 0 0 0 0 0 0 0 0 0 0 0 0 0 0 0 0 0 0 0 0 0 0 0 77 77 82 82 82 85 85 89 89 89 93 93 93 97 97 99 99 99 100 100 102 102 102 102 102 102 102 102 101 101 101 100 100 100 103 103 105 105 105 106 106 107 107 107 107 107 107 108 108 109 109 109
0 0 0 0 0 0 0 0 0 0 0 0 0 0 0 0 0 0 0 0 0 0 0 0 0 0 0 0 0 0 0 0 0 0 0 0 0 0 77 77 82 82 82 85 85 89 89 89 93 93 93 97 97 99 99 99 100 100 102 102 102 102 102 102 102 102 101 101 101 100 100 100 103 103 105 105 105 106 106 107 107 107 107 107 107 108 108 109 109 109
0 0 0 0 0 0 0 0 0 0 0 0 0 0 0 0 0 0 0 0 0 0 0 0 0 0 0 0 0 0 0 0 0 0 0 0 0 0 77 77 82 82 82 85 85 89 89 89 93 93 93 97 97 99 99 99 100 100 102 102 102 102 102 102 102 102 101 101 101 100 100 100 103 103 105 105 105 106 106 107 107 107 107 107 107 108 108 109 109 109
0 0 0 0 0 0 0 0 0 0 0 0 0 0 0 0 0 0 0 0 0 0 0 0 0 0 0 0 0 0 0 0 0 0 0 0 0 0 0 0 0 0 0 84 84 89 89 89 93 93 93 97 97 99 99 99 100 100 102 102 102 103 103 103 102 102 101 101 101 101 101 101 104 104 107 107 107 107 107 108 108 108 108 108 108 110 110 111 111 111
0 0 0 0 0 0 0 0 0 0 0 0 0 0 0 0 0 0 0 0 0 0 0 0 0 0 0 0 0 0 0 0 0 0 0 0 0 0 0 0 0 0 0 84 84 89 89 89 93 93 93 97 97 99 99 99 100 100 102 102 102 103 103 103 102 102 101 101 101 101 101 101 104 104 107 107 107 107 107 108 108 108 108 108 108 110 110 111 111 111
0 0 0 0 0 0 0 0 0 0 0 0 0 0 0 0 0 0 0 0 0 0 0 0 0 0 0 0 0 0 0 0 0 0 0 0 0 0 0 0 0 0 0 84 84 89 89 89 93 93 93 97 97 99 99 99 100 100 102 102 102 103 103 103 102 102 101 101 101 101 101 101 104 104 107 107 107 107 107 108 108 108 108 108 108 110 110 111 111 111
0 0 0 0 0 0 0 0 0 0 0 0 0 0 0 0 0 0 0 0 0 0 0 0 0 0 0 0 0 0 0 0 0 0 0 0 0 0 0 0 0 0 0 0 0 0 0 0 87 87 87 91 91 92 92 92 94 94 95 95 95 97 97 97 100 100 101 101 101 101 101 101 101 101 102 102 102 104 104 106 106 106 107 107 107 108 108 109 109 109
0 0 0 0 0 0 0 0 0 0 0 0 0 0 0 0 0 0 0 0 0 0 0 0 0 0 0 0 0 0 0 0 0 0 0 0 0 0 0 0 0 0 0 0 0 0 0 0 87 87 87 91 91 92 92 92 94 94 95 95 95 97 97 97 100 100 101 101 101 101 101 101 101 101 102 102 102 104 104 106 106 106 107 107 107 108 108 109 109 109
0 0 0 0 0 0 0 0 0 0 0 0 0 0 0 0 0 0 0 0 0 0 0 0 0 0 0 0 0 0 0 0 0 0 0 0 0 0 0 0 0 0 0 0 0 0 0 0 81 81 81 85 85 87 87 87 89 89 90 90 90 93 93 93 97 97 99 99 99 99 99 99 99 99 99 99 99 101 101 104 104 104 106 106 106 107 107 108 108 108
