SEB_model/sample_data_files/historical_long/hillshade_historical_long/augnoon.txt
ncols         768
nrows         486
xllcorner     388353.95236715
yllcorner     7583725.4876181
cellsize      5
NODATA_value  -9999
[rows 40 to 79 of 486, columns 360 to 449 of 768]
198 198 0 0 0 108 108 168 168 168 188 188 195 195 195 194 194 194 197 197 192 192 192 186 186 180 180 180 170 170 170 163 163 155 155 155 146 146 146 146 146 142 142 142 139 139 137 137 137 132 132 132 138 138 141 141 141 142 142 141 141 141 138 138 138 137 137 138 138 138 114 114 114 68 68 0 0 0 140 140 171 -9999 -9999 -9999 -9999 -9999 -9999 -9999 -9999 -9999
0 0 83 83 83 158 158 179 179 179 183 183 191 191 191 193 193 193 196 196 190 190 190 183 183 176 176 176 167 167 167 163 163 156 156 156 145 145 145 141 141 136 136 136 132 132 127 127 127 118 118 118 121 121 126 126 126 130 130 131 131 131 128 128 128 129 129 128 128 128 126 126 126 101 101 51 51 51 0 0 0 0 0 137 -9999 -9999 -9999 -9999 -9999 -9999
0 0 83 83 83 158 158 179 179 179 183 183 191 191 191 193 193 193 196 196 190 190 190 183 183 176 176 176 167 167 167 163 163 156 156 156 145 145 145 141 141 136 136 136 132 132 127 127 127 118 118 118 121 121 126 126 126 130 130 131 131 131 128 128 128 129 129 128 128 128 126 126 126 101 101 51 51 51 0 0 0 0 0 137 137 137 172 -9999 -9999 -9999
65 65 161 161 161 188 188 186 186 186 185 185 188 188 188 190 190 190 196 196 191 191 191 186 186 179 179 179 169 169 169 164 164 158 158 158 146 146 146 138 138 130 130 130 124 124 119 119 119 111 111 111 112 112 116 116 116 120 120 122 122 122 120 120 120 120 120 119 119 119 117 117 117 119 119 92 92 92 43 43 22 22 22 0 0 0 0 0 0 -9999
65 65 161 161 161 188 188 186 186 186 185 185 188 188 188 190 190 190 196 196 191 191 191 186 186 179 179 179 169 169 169 164 164 158 158 158 146 146 146 138 138 130 130 130 124 124 119 119 119 111 111 111 112 112 116 116 116 120 120 122 122 122 120 120 120 120 120 119 119 119 117 117 117 119 119 92 92 92 43 43 22 22 22 0 0 0 0 0 0 0
65 65 161 161 161 188 188 186 186 186 185 185 188 188 188 190 190 190 196 196 191 191 191 186 186 179 179 179 169 169 169 164 164 158 158 158 146 146 146 138 138 130 130 130 124 124 119 119 119 111 111 111 112 112 116 116 116 120 120 122 122 122 120 120 120 120 120 119 119 119 117 117 117 119 119 92 92 92 43 43 22 22 22 0 0 0 0 0 0 0
182 182 173 173 173 182 182 180 180 180 174 174 170 170 170 169 169 169 177 177 177 177 177 174 174 170 170 170 163 163 163 159 159 153 153 153 144 144 144 136 136 127 127 127 123 123 119 119 119 114 114 114 115 115 118 118 118 121 121 123 123 123 121 121 121 121 121 119 119 119 118 118 118 121 121 124 124 124 128 128 97 97 97 42 42 42 24 24 29 29
182 182 173 173 173 182 182 180 180 180 174 174 170 170 170 169 169 169 177 177 177 177 177 174 174 170 170 170 163 163 163 159 159 153 153 153 144 144 144 136 136 127 127 127 123 123 119 119 119 114 114 114 115 115 118 118 118 121 121 123 123 123 121 121 121 121 121 119 119 119 118 118 118 121 121 124 124 124 128 128 97 97 97 42 42 42 24 24 29 29
182 182 173 173 173 182 182 180 180 180 174 174 170 170 170 169 169 169 177 177 177 177 177 174 174 170 170 170 163 163 163 159 159 153 153 153 144 144 144 136 136 127 127 127 123 123 119 119 119 114 114 114 115 115 118 118 118 121 121 123 123 123 121 121 121 121 121 119 119 119 118 118 118 121 121 124 124 124 128 128 97 97 97 42 42 42 24 24 29 29
187 187 178 178 178 185 185 183 183 183 177 177 172 172 172 165 165 165 168 168 169 169 169 167 167 164 164 164 161 161 161 158 158 153 153 153 147 147 147 142 142 134 134 134 129 129 125 125 125 119 119 119 119 119 120 120 120 121 121 123 123 123 121 121 121 118 118 116 116 116 114 114 114 118 118 121 121 121 124 124 127 127 127 130 130 130 134 134 104 104
187 187 178 178 178 185 185 183 183 183 177 177 172 172 172 165 165 165 168 168 169 169 169 167 167 164 164 164 161 161 161 158 158 153 153 153 147 147 147 142 142 134 134 134 129 129 125 125 125 119 119 119 119 119 120 120 120 121 121 123 123 123 121 121 121 118 118 116 116 116 114 114 114 118 118 121 121 121 124 124 127 127 127 130 130 130 134 134 104 104
193 193 184 184 184 189 189 187 187 187 181 181 176 176 176 167 167 167 164 164 165 165 165 166 166 165 165 165 161 161 161 159 159 156 156 156 152 152 152 150 150 143 143 143 136 136 130 130 130 124 124 124 124 124 123 123 123 123 123 123 123 123 120 120 120 118 118 116 116 116 114 114 114 117 117 120 120 120 123 123 126 126 126 128 128 128 132 132 134 134
193 193 184 184 184 189 189 187 187 187 181 181 176 176 176 167 167 167 164 164 165 165 165 166 166 165 165 165 161 161 161 159 159 156 156 156 152 152 152 150 150 143 143 143 136 136 130 130 130 124 124 124 124 124 123 123 123 123 123 123 123 123 120 120 120 118 118 116 116 116 114 114 114 117 117 120 120 120 123 123 126 126 126 128 128 128 132 132 134 134
193 193 184 184 184 189 189 187 187 187 181 181 176 176 176 167 167 167 164 164 165 165 165 166 166 165 165 165 161 161 161 159 159 156 156 156 152 152 152 150 150 143 143 143 136 136 130 130 130 124 124 124 124 124 123 123 123 123 123 123 123 123 120 120 120 118 118 116 116 116 114 114 114 117 117 120 120 120 123 123 126 126 126 128 128 128 132 132 134 134
203 203 192 192 192 193 193 187 187 187 179 179 172 172 172 166 166 166 164 164 163 163 163 165 165 165 165 165 161 161 161 158 158 156 156 156 153 153 153 152 152 147 147 147 140 140 134 134 134 128 128 128 126 126 124 124 124 123 123 121 121 121 117 117 117 117 117 117 117 117 115 115 115 117 117 119 119 119 121 121 124 124 124 125 125 125 128 128 129 129
203 203 192 192 192 193 193 187 187 187 179 179 172 172 172 166 166 166 164 164 163 163 163 165 165 165 165 165 161 161 161 158 158 156 156 156 153 153 153 152 152 147 147 147 140 140 134 134 134 128 128 128 126 126 124 124 124 123 123 121 121 121 117 117 117 117 117 117 117 117 115 115 115 117 117 119 119 119 121 121 124 124 124 125 125 125 128 128 129 129
217 217 209 209 209 206 206 197 197 197 187 187 178 178 178 170 170 170 168 168 165 165 165 163 163 163 163 163 160 160 160 157 157 155 155 155 151 151 151 150 150 146 146 146 140 140 135 135 135 127 127 127 124 124 120 120 120 118 118 116 116 116 111 111 111 110 110 110 110 110 110 110 110 112 112 113 113 113 115 115 117 117 117 117 117 117 119 119 120 120
217 217 209 209 209 206 206 197 197 197 187 187 178 178 178 170 170 170 168 168 165 165 165 163 163 163 163 163 160 160 160 157 157 155 155 155 151 151 151 150 150 146 146 146 140 140 135 135 135 127 127 127 124 124 120 120 120 118 118 116 116 116 111 111 111 110 110 110 110 110 110 110 110 112 112 113 113 113 115 115 117 117 117 117 117 117 119 119 120 120
217 217 209 209 209 206 206 197 197 197 187 187 178 178 178 170 170 170 168 168 165 165 165 163 163 163 163 163 160 160 160 157 157 155 155 155 151 151 151 150 150 146 146 146 140 140 135 135 135 127 127 127 124 124 120 120 120 118 118 116 116 116 111 111 111 110 110 110 110 110 110 110 110 112 112 113 113 113 115 115 117 117 117 117 117 117 119 119 120 120
206 206 199 199 199 196 196 188 188 188 182 182 175 175 175 168 168 168 163 163 160 160 160 157 157 155 155 155 154 154 154 153 153 150 150 150 147 147 147 145 145 143 143 143 140 140 137 137 137 132 132 132 129 129 125 125 125 122 122 120 120 120 116 116 116 114 114 115 115 115 116 116 116 118 118 119 119 119 120 120 120 120 120 118 118 118 118 118 119 119
206 206 199 199 199 196 196 188 188 188 182 182 175 175 175 168 168 168 163 163 160 160 160 157 157 155 155 155 154 154 154 153 153 150 150 150 147 147 147 145 145 143 143 143 140 140 137 137 137 132 132 132 129 129 125 125 125 122 122 120 120 120 116 116 116 114 114 115 115 115 116 116 116 118 118 119 119 119 120 120 120 120 120 118 118 118 118 118 119 119
206 206 199 199 199 196 196 188 188 188 182 182 175 175 175 168 168 168 163 163 160 160 160 157 157 155 155 155 154 154 154 153 153 150 150 150 147 147 147 145 145 143 143 143 140 140 137 137 137 132 132 132 129 129 125 125 125 122 122 120 120 120 116 116 116 114 114 115 115 115 116 116 116 118 118 119 119 119 120 120 120 120 120 118 118 118 118 118 119 119
198 198 187 187 187 184 184 180 180 180 176 176 172 172 172 167 167 167 164 164 161 161 161 159 159 158 158 158 156 156 156 154 154 151 151 151 146 146 146 144 144 143 143 143 142 142 139 139 139 135 135 135 133 133 130 130 130 125 125 122 122 122 120 120 120 120 120 120 120 120 119 119 119 120 120 120 120 120 120 120 120 120 120 118 118 118 119 119 118 118
198 198 187 187 187 184 184 180 180 180 176 176 172 172 172 167 167 167 164 164 161 161 161 159 159 158 158 158 156 156 156 154 154 151 151 151 146 146 146 144 144 143 143 143 142 142 139 139 139 135 135 135 133 133 130 130 130 125 125 122 122 122 120 120 120 120 120 120 120 120 119 119 119 120 120 120 120 120 120 120 120 120 120 118 118 118 119 119 118 118
200 200 189 189 189 183 183 179 179 179 175 175 172 172 172 170 170 170 167 167 164 164 164 163 163 163 163 163 162 162 162 159 159 156 156 156 153 153 153 150 150 147 147 147 144 144 141 141 141 136 136 136 134 134 131 131 131 128 128 127 127 127 126 126 126 126 126 124 124 124 120 120 120 120 120 119 119 119 118 118 118 118 118 117 117 117 119 119 120 120
200 200 189 189 189 183 183 179 179 179 175 175 172 172 172 170 170 170 167 167 164 164 164 163 163 163 163 163 162 162 162 159 159 156 156 156 153 153 153 150 150 147 147 147 144 144 141 141 141 136 136 136 134 134 131 131 131 128 128 127 127 127 126 126 126 126 126 124 124 124 120 120 120 120 120 119 119 119 118 118 118 118 118 117 117 117 119 119 120 120
200 200 189 189 189 183 183 179 179 179 175 175 172 172 172 170 170 170 167 167 164 164 164 163 163 163 163 163 162 162 162 159 159 156 156 156 153 153 153 150 150 147 147 147 144 144 141 141 141 136 136 136 134 134 131 131 131 128 128 127 127 127 126 126 126 126 126 124 124 124 120 120 120 120 120 119 119 119 118 118 118 118 118 117 117 117 119 119 120 120
184 184 178 178 178 173 173 170 170 170 167 167 164 164 164 163 163 163 162 162 161 161 161 160 160 159 159 159 159 159 159 159 159 158 158 158 157 157 157 155 155 151 151 151 147 147 144 144 144 140 140 140 138 138 136 136 136 136 136 136 136 136 134 134 134 134 134 131 131 131 128 128 128 128 128 127 127 127 126 126 126 126 126 125 125 125 127 127 129 129
184 184 178 178 178 173 173 170 170 170 167 167 164 164 164 163 163 163 162 162 161 161 161 160 160 159 159 159 159 159 159 159 159 158 158 158 157 157 157 155 155 151 151 151 147 147 144 144 144 140 140 140 138 138 136 136 136 136 136 136 136 136 134 134 134 134 134 131 131 131 128 128 128 128 128 127 127 127 126 126 126 126 126 125 125 125 127 127 129 129
184 184 178 178 178 173 173 170 170 170 167 167 164 164 164 163 163 163 162 162 161 161 161 160 160 159 159 159 159 159 159 159 159 158 158 158 157 157 157 155 155 151 151 151 147 147 144 144 144 140 140 140 138 138 136 136 136 136 136 136 136 136 134 134 134 134 134 131 131 131 128 128 128 128 128 127 127 127 126 126 126 126 126 125 125 125 127 127 129 129
172 172 169 169 169 166 166 164 164 164 164 164 162 162 162 160 160 160 160 160 159 159 159 158 158 157 157 157 156 156 156 158 158 159 159 159 157 157 157 156 156 154 154 154 151 151 148 148 148 144 144 144 143 143 141 141 141 140 140 139 139 139 138 138 138 138 138 135 135 135 132 132 132 131 131 130 130 130 130 130 130 130 130 129 129 129 130 130 130 130
172 172 169 169 169 166 166 164 164 164 164 164 162 162 162 160 160 160 160 160 159 159 159 158 158 157 157 157 156 156 156 158 158 159 159 159 157 157 157 156 156 154 154 154 151 151 148 148 148 144 144 144 143 143 141 141 141 140 140 139 139 139 138 138 138 138 138 135 135 135 132 132 132 131 131 130 130 130 130 130 130 130 130 129 129 129 130 130 130 130
165 165 163 163 163 161 161 159 159 159 160 160 159 159 159 158 158 158 158 158 158 158 158 157 157 156 156 156 156 156 156 157 157 158 158 158 157 157 157 156 156 154 154 154 152 152 149 149 149 146 146 146 146 146 145 145 145 142 142 141 141 141 140 140 140 140 140 138 138 138 134 134 134 133 133 132 132 132 132 132 132 132 132 130 130 130 131 131 130 130
165 165 163 163 163 161 161 159 159 159 160 160 159 159 159 158 158 158 158 158 158 158 158 157 157 156 156 156 156 156 156 157 157 158 158 158 157 157 157 156 156 154 154 154 152 152 149 149 149 146 146 146 146 146 145 145 145 142 142 141 141 141 140 140 140 140 140 138 138 138 134 134 134 133 133 132 132 132 132 132 132 132 132 130 130 130 131 131 130 130
165 165 163 163 163 161 161 159 159 159 160 160 159 159 159 158 158 158 158 158 158 158 158 157 157 156 156 156 156 156 156 157 157 158 158 158 157 157 157 156 156 154 154 154 152 152 149 149 149 146 146 146 146 146 145 145 145 142 142 141 141 141 140 140 140 140 140 138 138 138 134 134 134 133 133 132 132 132 132 132 132 132 132 130 130 130 131 131 130 130
156 156 157 157 157 158 158 158 158 158 157 157 156 156 156 156 156 156 156 156 156 156 156 155 155 155 155 155 155 155 155 155 155 156 156 156 156 156 156 156 156 154 154 154 152 152 151 151 151 148 148 148 146 146 145 145 145 145 145 144 144 144 142 142 142 142 142 140 140 140 137 137 137 136 136 135 135 135 134 134 133 133 133 131 131 131 132 132 130 130
156 156 157 157 157 158 158 158 158 158 157 157 156 156 156 156 156 156 156 156 156 156 156 155 155 155 155 155 155 155 155 155 155 156 156 156 156 156 156 156 156 154 154 154 152 152 151 151 151 148 148 148 146 146 145 145 145 145 145 144 144 144 142 142 142 142 142 140 140 140 137 137 137 136 136 135 135 135 134 134 133 133 133 131 131 131 132 132 130 130
153 153 154 154 154 156 156 157 157 157 157 157 157 157 157 157 157 157 158 158 158 158 158 157 157 156 156 156 156 156 156 157 157 158 158 158 158 158 158 157 157 155 155 155 153 153 153 153 153 150 150 150 147 147 145 145 145 146 146 146 146 146 144 144 144 142 142 140 140 140 137 137 137 137 137 136 136 136 135 135 133 133 133 131 131 131 131 131 130 130
153 153 154 154 154 156 156 157 157 157 157 157 157 157 157 157 157 157 158 158 158 158 158 157 157 156 156 156 156 156 156 157 157 158 158 158 158 158 158 157 157 155 155 155 153 153 153 153 153 150 150 150 147 147 145 145 145 146 146 146 146 146 144 144 144 142 142 140 140 140 137 137 137 137 137 136 136 136 135 135 133 133 133 131 131 131 131 131 130 130
153 153 154 154 154 156 156 157 157 157 157 157 157 157 157 157 157 157 158 158 158 158 158 157 157 156 156 156 156 156 156 157 157 158 158 158 158 158 158 157 157 155 155 155 153 153 153 153 153 150 150 150 147 147 145 145 145 146 146 146 146 146 144 144 144 142 142 140 140 140 137 137 137 137 137 136 136 136 135 135 133 133 133 131 131 131 131 131 130 130
