SEB_model/sample_data_files/historical_long/hillshade_historical_long/febnoon.txt
ncols         768
nrows         486
xllcorner     388353.95236715
yllcorner     7583725.4876181
cellsize      5
NODATA_value  -9999
[rows 225 to 269 of 486, columns 96 to 191 of 768]
-9999 -9999 -9999 -9999 -9999 -9999 -9999 -9999 -9999 -9999 -9999 -9999 -9999 -9999 -9999 -9999 -9999 -9999 -9999 -9999 -9999 -9999 -9999 -9999 -9999 -9999 -9999 -9999 -9999 0 0 0 0 0 0 0 0 0 0 0 0 0 0 -9999 -9999 -9999 -9999 -9999 0 0 0 0 0 0 0 0 0 0 0 0 0 0 0 0 0 0 0 0 0 -9999 -9999 -9999 -9999 -9999 -9999 -9999 -9999 -9999 -9999 -9999 -9999 -9999 -9999 -9999 -9999 -9999 -9999 -9999 -9999 -9999 0 0 0 0 0 0
-9999 -9999 -9999 -9999 -9999 -9999 -9999 -9999 -9999 -9999 -9999 -9999 -9999 -9999 -9999 -9999 -9999 -9999 -9999 -9999 -9999 -9999 -9999 -9999 -9999 -9999 -9999 -9999 0 0 0 0 0 0 0 0 0 0 0 0 0 0 0 0 0 -9999 -9999 -9999 0 0 0 0 0 0 0 0 0 0 0 0 0 0 0 0 0 0 0 0 0 -9999 -9999 -9999 -9999 -9999 -9999 -9999 -9999 -9999 -9999 -9999 -9999 -9999 -9999 -9999 -9999 0 0 0 0 0 0 0 0 0 0 0
-9999 -9999 -9999 -9999 -9999 -9999 -9999 -9999 -9999 -9999 -9999 -9999 -9999 -9999 -9999 -9999 -9999 -9999 -9999 -9999 -9999 -9999 -9999 -9999 -9999 -9999 -9999 0 0 0 0 0 0 0 0 0 0 0 0 0 0 0 0 0 0 0 -9999 0 0 0 0 0 0 0 0 0 0 0 0 0 0 0 0 0 0 0 0 0 0 -9999 -9999 -9999 -9999 -9999 -9999 -9999 -9999 -9999 -9999 -9999 -9999 -9999 -9999 -9999 0 0 0 0 0 0 0 8 8 51 51 51
-9999 -9999 -9999 -9999 -9999 -9999 -9999 -9999 -9999 -9999 -9999 -9999 -9999 -9999 -9999 -9999 -9999 -9999 -9999 -9999 -9999 -9999 -9999 -9999 -9999 -9999 -9999 0 0 0 0 0 0 0 0 0 0 0 0 0 0 0 0 0 0 0 -9999 0 0 0 0 0 0 0 0 0 0 0 0 0 0 0 0 0 0 0 0 0 0 0 -9999 -9999 -9999 -9999 -9999 -9999 -9999 -9999 -9999 -9999 -9999 -9999 -9999 -9999 0 0 0 0 0 0 0 8 8 51 51 51
-9999 -9999 -9999 -9999 -9999 -9999 -9999 -9999 -9999 -9999 -9999 -9999 -9999 -9999 -9999 -9999 -9999 -9999 -9999 -9999 -9999 -9999 -9999 -9999 -9999 -9999 -9999 0 0 0 0 0 0 11 11 11 9 9 9 9 9 0 0 0 0 0 0 0 0 0 0 0 0 0 0 0 0 0 0 0 0 0 0 0 0 0 0 0 0 -9999 -9999 -9999 -9999 -9999 -9999 -9999 -9999 -9999 -9999 -9999 -9999 -9999 -9999 -9999 0 0 0 0 0 0 0 16 16 56 56 56
-9999 -9999 -9999 -9999 -9999 -9999 -9999 -9999 -9999 -9999 -9999 -9999 -9999 -9999 -9999 -9999 -9999 -9999 -9999 -9999 -9999 -9999 -9999 -9999 -9999 -9999 -9999 0 0 0 0 0 0 11 11 11 9 9 9 9 9 0 0 0 0 0 0 0 0 0 0 0 0 0 0 0 0 0 0 0 0 0 0 0 0 0 0 0 0 -9999 -9999 -9999 -9999 -9999 -9999 -9999 -9999 -9999 -9999 -9999 -9999 -9999 -9999 -9999 0 0 0 0 0 0 0 16 16 56 56 56
-9999 -9999 -9999 -9999 -9999 -9999 -9999 -9999 -9999 -9999 -9999 -9999 -9999 -9999 -9999 -9999 -9999 -9999 -9999 -9999 -9999 -9999 -9999 -9999 -9999 -9999 -9999 0 0 0 0 0 0 11 11 11 9 9 9 9 9 0 0 0 0 0 0 0 0 0 0 0 0 0 0 0 0 0 0 0 0 0 0 0 0 0 0 0 -9999 -9999 -9999 -9999 -9999 -9999 -9999 -9999 -9999 -9999 -9999 -9999 -9999 -9999 -9999 -9999 0 0 0 0 0 0 0 16 16 56 56 56
-9999 -9999 -9999 -9999 -9999 -9999 -9999 -9999 -9999 -9999 -9999 -9999 -9999 -9999 -9999 -9999 -9999 -9999 -9999 -9999 -9999 -9999 -9999 -9999 -9999 -9999 -9999 0 12 12 18 18 18 19 19 19 18 18 16 16 16 17 17 17 0 0 0 0 0 0 0 9 9 9 5 5 5 3 3 2 2 2 2 2 1 1 1 0 -9999 -9999 -9999 -9999 -9999 -9999 -9999 -9999 -9999 -9999 0 0 0 0 0 0 0 38 38 38 59 59 59 56 56 57 57 57
-9999 -9999 -9999 -9999 -9999 -9999 -9999 -9999 -9999 -9999 -9999 -9999 -9999 -9999 -9999 -9999 -9999 -9999 -9999 -9999 -9999 -9999 -9999 -9999 -9999 -9999 -9999 0 12 12 18 18 18 19 19 19 18 18 16 16 16 17 17 17 0 0 0 0 0 0 0 9 9 9 5 5 5 3 3 2 2 2 2 2 1 1 1 0 0 -9999 -9999 -9999 -9999 -9999 -9999 -9999 -9999 0 0 0 0 0 0 0 0 38 38 38 59 59 59 56 56 57 57 57
-9999 -9999 -9999 -9999 -9999 -9999 -9999 -9999 -9999 -9999 -9999 -9999 -9999 -9999 -9999 -9999 -9999 -9999 -9999 -9999 -9999 -9999 -9999 -9999 -9999 0 0 0 10 10 21 21 21 22 22 22 23 23 23 23 23 22 22 22 23 23 23 23 23 21 21 16 16 16 11 11 11 8 8 6 6 6 5 5 3 3 3 0 0 0 0 -9999 -9999 -9999 -9999 -9999 0 0 0 0 0 0 0 0 0 36 36 36 57 57 57 56 56 55 55 55
-9999 -9999 -9999 -9999 -9999 -9999 -9999 -9999 -9999 -9999 -9999 -9999 -9999 -9999 -9999 -9999 -9999 -9999 -9999 -9999 -9999 -9999 -9999 -9999 0 0 0 0 10 10 21 21 21 22 22 22 23 23 23 23 23 22 22 22 23 23 23 23 23 21 21 16 16 16 11 11 11 8 8 6 6 6 5 5 3 3 3 0 0 0 0 0 0 -9999 -9999 0 0 0 0 0 0 0 0 0 0 36 36 36 57 57 57 56 56 55 55 55
-9999 -9999 -9999 -9999 -9999 -9999 -9999 -9999 -9999 -9999 -9999 -9999 -9999 -9999 -9999 -9999 -9999 -9999 -9999 -9999 -9999 -9999 -9999 -9999 0 0 0 0 10 10 21 21 21 22 22 22 23 23 23 23 23 22 22 22 23 23 23 23 23 21 21 16 16 16 11 11 11 8 8 6 6 6 5 5 3 3 3 0 0 0 0 0 0 0 0 0 0 0 0 0 0 0 0 0 0 36 36 36 57 57 57 56 56 55 55 55
-9999 -9999 -9999 -9999 -9999 -9999 -9999 -9999 -9999 -9999 -9999 -9999 -9999 -9999 -9999 -9999 -9999 -9999 -9999 -9999 -9999 -9999 -9999 0 0 0 0 0 15 15 23 23 23 21 21 21 23 23 26 26 26 26 26 26 26 26 27 27 27 26 26 24 24 24 20 20 20 16 16 12 12 12 9 9 8 8 8 0 0 0 0 0 0 0 0 0 0 0 45 45 61 61 61 52 52 44 44 44 42 42 42 42 42 41 41 41
-9999 -9999 -9999 -9999 -9999 -9999 -9999 -9999 -9999 -9999 -9999 -9999 -9999 -9999 -9999 -9999 -9999 -9999 -9999 -9999 -9999 -9999 8 0 0 0 0 0 15 15 23 23 23 21 21 21 23 23 26 26 26 26 26 26 26 26 27 27 27 26 26 24 24 24 20 20 20 16 16 12 12 12 9 9 8 8 8 0 0 0 0 0 0 0 0 0 0 0 45 45 61 61 61 52 52 44 44 44 42 42 42 42 42 41 41 41
-9999 -9999 -9999 -9999 -9999 -9999 -9999 -9999 -9999 -9999 -9999 -9999 -9999 -9999 -9999 -9999 -9999 -9999 -9999 -9999 -9999 8 8 0 0 0 0 0 15 15 23 23 23 21 21 21 23 23 26 26 26 26 26 26 26 26 27 27 27 26 26 24 24 24 20 20 20 16 16 12 12 12 9 9 8 8 8 0 0 0 0 0 0 0 0 0 0 0 45 45 61 61 61 52 52 44 44 44 42 42 42 42 42 41 41 41
-9999 -9999 -9999 -9999 -9999 -9999 -9999 -9999 -9999 -9999 -9999 -9999 -9999 -9999 -9999 -9999 -9999 -9999 -9999 -9999 -9999 13 13 10 10 17 17 17 22 22 22 22 22 22 22 22 23 23 25 25 25 27 27 27 28 28 28 28 28 29 29 28 28 28 27 27 27 24 24 19 19 19 15 15 16 16 16 24 24 24 21 21 0 0 0 1 1 1 31 31 41 41 41 32 32 28 28 28 27 27 27 27 27 28 28 28
-9999 -9999 -9999 -9999 -9999 -9999 -9999 -9999 -9999 -9999 -9999 -9999 -9999 -9999 -9999 -9999 -9999 -9999 -9999 -9999 13 13 13 10 10 17 17 17 22 22 22 22 22 22 22 22 23 23 25 25 25 27 27 27 28 28 28 28 28 29 29 28 28 28 27 27 27 24 24 19 19 19 15 15 16 16 16 24 24 24 21 21 0 0 0 1 1 1 31 31 41 41 41 32 32 28 28 28 27 27 27 27 27 28 28 28
-9999 -9999 -9999 -9999 -9999 -9999 -9999 -9999 -9999 -9999 -9999 -9999 -9999 -9999 -9999 -9999 -9999 -9999 -9999 -9999 20 20 20 24 24 25 25 25 23 23 23 23 23 24 24 24 25 25 27 27 27 29 29 29 31 31 32 32 32 33 33 34 34 34 34 34 34 33 33 31 31 31 30 30 33 33 33 39 39 39 45 45 45 45 45 41 41 41 35 35 28 28 28 24 24 22 22 22 21 21 21 22 22 25 25 25
-9999 -9999 -9999 -9999 -9999 -9999 -9999 -9999 -9999 -9999 -9999 -9999 -9999 -9999 -9999 -9999 -9999 -9999 -9999 19 20 20 20 24 24 25 25 25 23 23 23 23 23 24 24 24 25 25 27 27 27 29 29 29 31 31 32 32 32 33 33 34 34 34 34 34 34 33 33 31 31 31 30 30 33 33 33 39 39 39 45 45 45 45 45 41 41 41 35 35 28 28 28 24 24 22 22 22 21 21 21 22 22 25 25 25
-9999 -9999 -9999 -9999 -9999 -9999 -9999 -9999 -9999 -9999 -9999 -9999 -9999 -9999 -9999 -9999 -9999 -9999 -9999 19 20 20 20 24 24 25 25 25 23 23 23 23 23 24 24 24 25 25 27 27 27 29 29 29 31 31 32 32 32 33 33 34 34 34 34 34 34 33 33 31 31 31 30 30 33 33 33 39 39 39 45 45 45 45 45 41 41 41 35 35 28 28 28 24 24 22 22 22 21 21 21 22 22 25 25 25
-9999 -9999 -9999 -9999 -9999 -9999 -9999 -9999 -9999 -9999 -9999 -9999 -9999 -9999 -9999 -9999 -9999 -9999 21 21 23 23 23 30 30 33 33 33 29 29 26 26 26 27 27 27 30 30 34 34 34 37 37 37 39 39 39 39 39 39 39 40 40 40 41 41 41 43 43 47 47 47 51 51 53 53 53 53 53 53 51 51 47 47 47 42 42 42 38 38 33 33 33 29 29 27 27 27 25 25 25 25 25 26 26 26
-9999 -9999 -9999 -9999 -9999 -9999 -9999 -9999 -9999 -9999 -9999 -9999 -9999 -9999 -9999 -9999 -9999 -9999 21 21 23 23 23 30 30 33 33 33 29 29 26 26 26 27 27 27 30 30 34 34 34 37 37 37 39 39 39 39 39 39 39 40 40 40 41 41 41 43 43 47 47 47 51 51 53 53 53 53 53 53 51 51 47 47 47 42 42 42 38 38 33 33 33 29 29 27 27 27 25 25 25 25 25 26 26 26
-9999 -9999 -9999 -9999 -9999 -9999 -9999 -9999 -9999 -9999 -9999 -9999 -9999 -9999 -9999 -9999 -9999 21 21 21 23 23 23 30 30 33 33 33 29 29 26 26 26 27 27 27 30 30 34 34 34 37 37 37 39 39 39 39 39 39 39 40 40 40 41 41 41 43 43 47 47 47 51 51 53 53 53 53 53 53 51 51 47 47 47 42 42 42 38 38 33 33 33 29 29 27 27 27 25 25 25 25 25 26 26 26
-9999 -9999 -9999 -9999 -9999 -9999 -9999 -9999 -9999 -9999 -9999 -9999 -9999 -9999 -9999 -9999 -9999 24 24 24 26 26 26 30 30 35 35 35 34 34 30 30 30 31 31 31 37 37 43 43 43 46 46 46 46 46 45 45 45 44 44 45 45 45 47 47 47 49 49 54 54 54 62 62 66 66 66 61 61 61 55 55 51 51 51 48 48 48 48 48 47 47 47 43 43 39 39 39 35 35 35 30 30 26 26 26
-9999 -9999 -9999 -9999 -9999 -9999 -9999 -9999 -9999 -9999 -9999 -9999 -9999 -9999 -9999 -9999 25 24 24 24 26 26 26 30 30 35 35 35 34 34 30 30 30 31 31 31 37 37 43 43 43 46 46 46 46 46 45 45 45 44 44 45 45 45 47 47 47 49 49 54 54 54 62 62 66 66 66 61 61 61 55 55 51 51 51 48 48 48 48 48 47 47 47 43 43 39 39 39 35 35 35 30 30 26 26 26
-9999 -9999 -9999 -9999 -9999 -9999 -9999 -9999 -9999 -9999 -9999 -9999 -9999 -9999 -9999 -9999 27 27 27 27 28 28 28 29 29 33 33 33 37 37 38 38 38 39 39 39 44 44 50 50 50 51 51 51 49 49 47 47 47 46 46 48 48 48 50 50 50 52 52 55 55 55 60 60 64 64 64 62 62 62 57 57 52 52 52 50 50 50 51 51 52 52 52 49 49 45 45 45 39 39 39 30 30 22 22 22
-9999 -9999 -9999 -9999 -9999 -9999 -9999 -9999 -9999 -9999 -9999 -9999 -9999 -9999 -9999 27 27 27 27 27 28 28 28 29 29 33 33 33 37 37 38 38 38 39 39 39 44 44 50 50 50 51 51 51 49 49 47 47 47 46 46 48 48 48 50 50 50 52 52 55 55 55 60 60 64 64 64 62 62 62 57 57 52 52 52 50 50 50 51 51 52 52 52 49 49 45 45 45 39 39 39 30 30 22 22 22
-9999 -9999 -9999 -9999 -9999 -9999 -9999 -9999 -9999 -9999 -9999 -9999 -9999 -9999 -9999 27 27 27 27 27 28 28 28 29 29 33 33 33 37 37 38 38 38 39 39 39 44 44 50 50 50 51 51 51 49 49 47 47 47 46 46 48 48 48 50 50 50 52 52 55 55 55 60 60 64 64 64 62 62 62 57 57 52 52 52 50 50 50 51 51 52 52 52 49 49 45 45 45 39 39 39 30 30 22 22 22
-9999 -9999 -9999 -9999 -9999 -9999 -9999 -9999 -9999 -9999 -9999 -9999 -9999 -9999 27 28 28 29 29 29 30 30 30 31 31 33 33 33 38 38 43 43 43 45 45 45 47 47 48 48 48 47 47 47 46 46 45 45 45 47 47 49 49 49 51 51 51 55 55 56 56 56 56 56 58 58 58 60 60 60 59 59 54 54 54 48 48 48 46 46 47 47 47 48 48 44 44 44 39 39 39 35 35 30 30 30
-9999 -9999 -9999 -9999 -9999 -9999 -9999 -9999 -9999 -9999 -9999 -9999 -9999 -9999 27 28 28 29 29 29 30 30 30 31 31 33 33 33 38 38 43 43 43 45 45 45 47 47 48 48 48 47 47 47 46 46 45 45 45 47 47 49 49 49 51 51 51 55 55 56 56 56 56 56 58 58 58 60 60 60 59 59 54 54 54 48 48 48 46 46 47 47 47 48 48 44 44 44 39 39 39 35 35 30 30 30
-9999 -9999 -9999 -9999 -9999 -9999 -9999 -9999 -9999 -9999 -9999 -9999 -9999 29 29 29 29 30 30 30 31 31 31 31 31 32 32 32 35 35 42 42 42 48 48 48 46 46 42 42 42 42 42 42 42 42 45 45 45 50 50 54 54 54 53 53 53 51 51 51 51 51 54 54 56 56 56 58 58 58 60 60 58 58 58 51 51 51 45 45 44 44 44 44 44 42 42 42 41 41 41 43 43 43 43 43
-9999 -9999 -9999 -9999 -9999 -9999 -9999 -9999 -9999 -9999 -9999 -9999 -9999 29 29 29 29 30 30 30 31 31 31 31 31 32 32 32 35 35 42 42 42 48 48 48 46 46 42 42 42 42 42 42 42 42 45 45 45 50 50 54 54 54 53 53 53 51 51 51 51 51 54 54 56 56 56 58 58 58 60 60 58 58 58 51 51 51 45 45 44 44 44 44 44 42 42 42 41 41 41 43 43 43 43 43
-9999 -9999 -9999 -9999 -9999 -9999 -9999 -9999 -9999 -9999 -9999 -9999 29 29 29 29 29 30 30 30 31 31 31 31 31 32 32 32 35 35 42 42 42 48 48 48 46 46 42 42 42 42 42 42 42 42 45 45 45 50 50 54 54 54 53 53 53 51 51 51 51 51 54 54 56 56 56 58 58 58 60 60 58 58 58 51 51 51 45 45 44 44 44 44 44 42 42 42 41 41 41 43 43 43 43 43
-9999 -9999 -9999 -9999 -9999 -9999 -9999 -9999 -9999 -9999 -9999 -9999 31 31 31 32 32 32 32 32 32 32 32 32 32 32 32 32 34 34 39 39 39 44 44 44 45 45 41 41 41 39 39 39 42 42 49 49 49 58 58 60 60 60 54 54 54 46 46 45 45 45 50 50 55 55 55 57 57 57 59 59 58 58 58 53 53 53 46 46 42 42 42 42 42 43 43 43 46 46 46 49 49 51 51 51
-9999 -9999 -9999 -9999 -9999 -9999 -9999 -9999 -9999 -9999 -9999 31 31 31 31 32 32 32 32 32 32 32 32 32 32 32 32 32 34 34 39 39 39 44 44 44 45 45 41 41 41 39 39 39 42 42 49 49 49 58 58 60 60 60 54 54 54 46 46 45 45 45 50 50 55 55 55 57 57 57 59 59 58 58 58 53 53 53 46 46 42 42 42 42 42 43 43 43 46 46 46 49 49 51 51 51
-9999 -9999 -9999 -9999 -9999 -9999 -9999 -9999 -9999 -9999 -9999 31 31 31 31 32 32 32 32 32 32 32 32 32 32 32 32 32 34 34 39 39 39 44 44 44 45 45 41 41 41 39 39 39 42 42 49 49 49 58 58 60 60 60 54 54 54 46 46 45 45 45 50 50 55 55 55 57 57 57 59 59 58 58 58 53 53 53 46 46 42 42 42 42 42 43 43 43 46 46 46 49 49 51 51 51
-9999 -9999 -9999 -9999 -9999 -9999 -9999 -9999 -9999 -9999 33 33 33 33 33 33 33 32 32 32 32 32 32 33 33 33 33 33 34 34 35 35 35 38 38 38 41 41 40 40 40 38 38 38 41 41 51 51 51 61 61 60 60 60 52 52 52 48 48 49 49 49 52 52 54 54 54 56 56 56 55 55 54 54 54 52 52 52 48 48 45 45 45 48 48 51 51 51 51 51 51 53 53 0 0 0
-9999 -9999 -9999 -9999 -9999 -9999 -9999 -9999 -9999 33 33 33 33 33 33 33 33 32 32 32 32 32 32 33 33 33 33 33 34 34 35 35 35 38 38 38 41 41 40 40 40 38 38 38 41 41 51 51 51 61 61 60 60 60 52 52 52 48 48 49 49 49 52 52 54 54 54 56 56 56 55 55 54 54 54 52 52 52 48 48 45 45 45 48 48 51 51 51 51 51 51 53 53 0 0 0
-9999 -9999 -9999 -9999 -9999 -9999 -9999 -9999 -9999 34 34 34 35 35 35 34 -9999 -9999 -9999 -9999 -9999 34 34 34 34 34 34 34 34 34 33 33 33 33 33 33 34 34 34 34 34 36 36 36 42 42 49 49 49 53 53 51 51 51 49 49 49 51 51 55 55 55 56 56 53 53 53 51 51 51 50 50 49 49 49 48 48 48 48 48 48 48 48 50 50 52 52 52 51 51 51 0 0 0 0 0
-9999 -9999 -9999 -9999 -9999 -9999 -9999 -9999 33 34 34 34 35 -9999 -9999 -9999 -9999 -9999 -9999 -9999 34 34 34 34 34 34 34 34 34 34 33 33 33 33 33 33 34 34 34 34 34 36 36 36 42 42 49 49 49 53 53 51 51 51 49 49 49 51 51 55 55 55 56 56 53 53 53 51 51 51 50 50 49 49 49 48 48 48 48 48 48 48 48 50 50 52 52 52 51 51 51 0 0 0 0 0
-9999 -9999 -9999 -9999 -9999 -9999 -9999 -9999 33 34 34 -9999 -9999 -9999 -9999 -9999 -9999 -9999 -9999 34 34 34 34 34 34 34 34 34 34 34 33 33 33 33 33 33 34 34 34 34 34 36 36 36 42 42 49 49 49 53 53 51 51 51 49 49 49 51 51 55 55 55 56 56 53 53 53 51 51 51 50 50 49 49 49 48 48 48 48 48 48 48 48 50 50 52 52 52 51 51 51 0 0 0 0 0
-9999 -9999 -9999 -9999 -9999 -9999 -9999 -9999 -9999 -9999 -9999 -9999 -9999 -9999 -9999 -9999 -9999 -9999 36 36 36 36 36 36 36 34 34 34 32 32 31 31 31 30 30 30 27 27 28 28 28 33 33 33 39 39 41 41 41 39 39 40 40 40 47 47 47 56 56 59 59 59 58 58 54 54 54 50 50 50 48 48 45 45 45 44 44 44 44 44 45 45 45 44 44 45 45 45 49 49 49 0 0 0 0 0
-9999 -9999 -9999 -9999 -9999 -9999 -9999 -9999 -9999 -9999 -9999 -9999 -9999 -9999 -9999 -9999 -9999 36 36 36 36 36 36 36 36 34 34 34 32 32 31 31 31 30 30 30 27 27 28 28 28 33 33 33 39 39 41 41 41 39 39 40 40 40 47 47 47 56 56 59 59 59 58 58 54 54 54 50 50 50 48 48 45 45 45 44 44 44 44 44 45 45 45 44 44 45 45 45 49 49 49 0 0 0 0 0
-9999 -9999 -9999 -9999 -9999 -9999 -9999 -9999 -9999 -9999 -9999 -9999 -9999 -9999 -9999 38 38 39 39 39 40 40 40 40 40 39 39 39 36 36 33 33 33 29 29 29 25 25 25 25 25 29 29 29 32 32 30 30 30 30 30 37 37 37 49 49 49 57 57 55 55 55 52 52 50 50 50 48 48 48 45 45 43 43 43 41 41 41 40 40 40 40 40 42 42 46 46 46 0 0 0 0 0 0 0 0
-9999 -9999 -9999 -9999 -9999 -9999 -9999 -9999 -9999 -9999 -9999 -9999 -9999 -9999 37 38 38 39 39 39 40 40 40 40 40 39 39 39 36 36 33 33 33 29 29 29 25 25 25 25 25 29 29 29 32 32 30 30 30 30 30 37 37 37 49 49 49 57 57 55 55 55 52 52 50 50 50 48 48 48 45 45 43 43 43 41 41 41 40 40 40 40 40 42 42 46 46 46 0 0 0 0 0 0 0 0
