SEB_model/sample_data_files/historical_long/hillshade_historical_long/julymid.txt
ncols         768
nrows         486
xllcorner     388353.95236715
yllcorner     7583725.4876181
cellsize      5
NODATA_value  -9999
[rows 368 to 413 of 486, columns 480 to 575 of 768]
47 47 47 47 47 47 47 47 46 46 46 46 46 45 45 45 45 45 45 45 45 44 44 43 43 43 42 42 41 41 41 42 42 42 42 42 41 41 41 40 40 40 39 39 38 38 38 38 38 38 38 38 38 38 38 0 0 0 0 0 0 0 0 0 0 0 0 0 0 0 0 0 0 0 0 0 0 0 0 0 0 0 0 0 0 0 0 0 0 0 0 0 0 0 0 0
47 47 47 47 47 47 47 47 46 46 46 46 46 45 45 45 45 45 45 45 45 44 44 43 43 43 42 42 41 41 41 42 42 42 42 42 41 41 41 40 40 40 39 39 38 38 38 38 38 38 38 38 38 38 38 0 0 0 0 0 0 0 0 0 0 0 0 0 0 0 0 0 0 0 0 0 0 0 0 0 0 0 0 0 0 0 0 0 0 0 0 0 0 0 0 0
51 51 50 50 50 50 50 50 49 49 48 48 48 48 48 48 48 48 47 47 47 47 47 47 47 47 48 48 48 48 48 47 47 47 46 46 44 44 44 43 43 43 42 42 41 41 41 40 40 40 40 40 39 39 39 40 40 0 0 0 0 0 0 0 0 0 0 0 0 0 0 0 0 0 0 0 0 0 0 0 0 0 0 0 0 0 0 0 0 0 0 0 0 0 0 0
51 51 50 50 50 50 50 50 49 49 48 48 48 48 48 48 48 48 47 47 47 47 47 47 47 47 48 48 48 48 48 47 47 47 46 46 44 44 44 43 43 43 42 42 41 41 41 40 40 40 40 40 39 39 39 40 40 0 0 0 0 0 0 0 0 0 0 0 0 0 0 0 0 0 0 0 0 0 0 0 0 0 0 0 0 0 0 0 0 0 0 0 0 0 0 0
51 51 50 50 50 50 50 50 49 49 48 48 48 48 48 48 48 48 47 47 47 47 47 47 47 47 48 48 48 48 48 47 47 47 46 46 44 44 44 43 43 43 42 42 41 41 41 40 40 40 40 40 39 39 39 40 40 0 0 0 0 0 0 0 0 0 0 0 0 0 0 0 0 0 0 0 0 0 0 0 0 0 0 0 0 0 0 0 0 0 0 0 0 0 0 0
49 49 49 49 49 48 48 48 47 47 46 46 46 46 46 45 45 45 45 45 45 46 46 46 46 46 47 47 47 47 47 46 46 46 45 45 44 44 44 42 42 42 41 41 39 39 39 39 39 38 38 38 37 37 37 37 37 0 0 0 0 0 0 0 0 0 0 0 0 0 0 0 0 0 0 0 0 0 0 0 0 0 0 0 0 0 0 0 0 0 0 0 0 0 0 0
49 49 49 49 49 48 48 48 47 47 46 46 46 46 46 45 45 45 45 45 45 46 46 46 46 46 47 47 47 47 47 46 46 46 45 45 44 44 44 42 42 42 41 41 39 39 39 39 39 38 38 38 37 37 37 37 37 0 0 0 0 0 0 0 0 0 0 0 0 0 0 0 0 0 0 0 0 0 0 0 0 0 0 0 0 0 0 0 0 0 0 0 0 0 0 0
49 49 49 49 49 48 48 48 47 47 46 46 46 46 46 45 45 45 45 45 45 46 46 46 46 46 47 47 47 47 47 46 46 46 45 45 44 44 44 42 42 42 41 41 39 39 39 39 39 38 38 38 37 37 37 37 37 0 0 0 0 0 0 0 0 0 0 0 0 0 0 0 0 0 0 0 0 0 0 0 0 0 0 0 0 0 0 0 0 0 0 0 0 0 0 0
50 50 50 50 50 49 49 49 48 48 47 47 47 46 46 45 45 45 45 45 45 46 46 45 45 45 45 45 45 45 45 45 45 45 44 44 43 43 43 42 42 42 42 42 41 41 41 39 39 38 38 38 38 38 38 38 38 39 39 39 0 0 0 0 0 0 0 0 0 0 0 0 0 0 0 0 0 0 0 0 0 0 0 0 0 0 0 0 0 0 0 0 0 0 0 0
50 50 50 50 50 49 49 49 48 48 47 47 47 46 46 45 45 45 45 45 45 46 46 45 45 45 45 45 45 45 45 45 45 45 44 44 43 43 43 42 42 42 42 42 41 41 41 39 39 38 38 38 38 38 38 38 38 39 39 39 0 0 0 0 0 0 0 0 0 0 0 0 0 0 0 0 0 0 0 0 0 0 0 0 0 0 0 0 0 0 0 0 0 0 0 0
56 56 55 55 55 54 54 54 52 52 51 51 51 50 50 49 49 49 48 48 48 48 48 48 48 48 47 47 47 47 47 46 46 46 45 45 45 45 45 45 45 45 45 45 45 45 45 44 44 43 43 43 42 42 42 43 43 43 43 43 0 0 0 0 0 0 0 0 0 0 0 0 0 0 0 0 0 0 0 0 0 0 0 0 0 0 0 0 0 0 0 0 0 0 0 0
56 56 55 55 55 54 54 54 52 52 51 51 51 50 50 49 49 49 48 48 48 48 48 48 48 48 47 47 47 47 47 46 46 46 45 45 45 45 45 45 45 45 45 45 45 45 45 44 44 43 43 43 42 42 42 43 43 43 43 43 0 0 0 0 0 0 0 0 0 0 0 0 0 0 0 0 0 0 0 0 0 0 0 0 0 0 0 0 0 0 0 0 0 0 0 0
56 56 55 55 55 54 54 54 52 52 51 51 51 50 50 49 49 49 48 48 48 48 48 48 48 48 47 47 47 47 47 46 46 46 45 45 45 45 45 45 45 45 45 45 45 45 45 44 44 43 43 43 42 42 42 43 43 43 43 43 0 0 0 0 0 0 0 0 0 0 0 0 0 0 0 0 0 0 0 0 0 0 0 0 0 0 0 0 0 0 0 0 0 0 0 0
56 56 55 55 55 53 53 53 51 51 50 50 50 51 51 50 50 50 48 48 48 47 47 46 46 46 46 46 45 45 45 44 44 44 44 44 44 44 44 44 44 44 44 44 45 45 45 45 45 44 44 44 44 44 44 43 43 42 42 42 0 0 0 0 0 0 0 0 0 0 0 0 0 0 0 0 0 0 0 0 0 0 0 0 0 0 0 0 0 0 0 0 0 0 0 0
56 56 55 55 55 53 53 53 51 51 50 50 50 51 51 50 50 50 48 48 48 47 47 46 46 46 46 46 45 45 45 44 44 44 44 44 44 44 44 44 44 44 44 44 45 45 45 45 45 44 44 44 44 44 44 43 43 42 42 42 0 0 0 0 0 0 0 0 0 0 0 0 0 0 0 0 0 0 0 0 0 0 0 0 0 0 0 0 0 0 0 0 0 0 0 0
56 56 55 55 55 53 53 53 51 51 50 50 50 51 51 50 50 50 48 48 48 47 47 46 46 46 46 46 45 45 45 44 44 44 44 44 44 44 44 44 44 44 44 44 45 45 45 45 45 44 44 44 44 44 44 43 43 42 42 42 0 0 0 0 0 0 0 0 0 0 0 0 0 0 0 0 0 0 0 0 0 0 0 0 0 0 0 0 0 0 0 0 0 0 0 0
60 60 58 58 58 56 56 56 55 55 54 54 54 53 53 51 51 51 49 49 49 47 47 46 46 46 46 46 46 46 46 47 47 47 47 47 47 47 47 46 46 46 46 46 46 46 46 46 46 46 46 46 46 46 46 44 44 43 43 43 42 42 0 0 0 0 0 0 0 0 0 0 0 0 0 0 0 0 0 0 0 0 0 0 0 0 0 0 0 0 0 0 0 0 0 0
60 60 58 58 58 56 56 56 55 55 54 54 54 53 53 51 51 51 49 49 49 47 47 46 46 46 46 46 46 46 46 47 47 47 47 47 47 47 47 46 46 46 46 46 46 46 46 46 46 46 46 46 46 46 46 44 44 43 43 43 42 42 0 0 0 0 0 0 0 0 0 0 0 0 0 0 0 0 0 0 0 0 0 0 0 0 0 0 0 0 0 0 0 0 0 0
64 64 62 62 62 59 59 59 58 58 57 57 57 54 54 52 52 52 50 50 50 49 49 47 47 47 47 47 46 46 46 47 47 47 47 47 46 46 46 45 45 45 46 46 46 46 46 46 46 46 46 46 45 45 45 44 44 43 43 43 42 42 0 0 0 0 0 0 0 0 0 0 0 0 0 0 0 0 0 0 0 0 0 0 0 0 0 0 0 0 0 0 0 0 0 0
64 64 62 62 62 59 59 59 58 58 57 57 57 54 54 52 52 52 50 50 50 49 49 47 47 47 47 47 46 46 46 47 47 47 47 47 46 46 46 45 45 45 46 46 46 46 46 46 46 46 46 46 45 45 45 44 44 43 43 43 42 42 0 0 0 0 0 0 0 0 0 0 0 0 0 0 0 0 0 0 0 0 0 0 0 0 0 0 0 0 0 0 0 0 0 0
64 64 62 62 62 59 59 59 58 58 57 57 57 54 54 52 52 52 50 50 50 49 49 47 47 47 47 47 46 46 46 47 47 47 47 47 46 46 46 45 45 45 46 46 46 46 46 46 46 46 46 46 45 45 45 44 44 43 43 43 42 42 0 0 0 0 0 0 0 0 0 0 0 0 0 0 0 0 0 0 0 0 0 0 0 0 0 0 0 0 0 0 0 0 0 0
72 72 69 69 69 65 65 65 63 63 60 60 60 58 58 56 56 56 54 54 54 52 52 50 50 50 48 48 48 48 48 47 47 47 46 46 46 46 46 46 46 46 46 46 45 45 45 45 45 45 45 45 44 44 44 43 43 43 43 43 42 42 42 42 42 0 0 0 0 0 0 0 0 0 0 0 0 0 0 0 0 0 0 0 0 0 0 0 0 0 0 0 0 0 0 0
72 72 69 69 69 65 65 65 63 63 60 60 60 58 58 56 56 56 54 54 54 52 52 50 50 50 48 48 48 48 48 47 47 47 46 46 46 46 46 46 46 46 46 46 45 45 45 45 45 45 45 45 44 44 44 43 43 43 43 43 42 42 42 42 42 0 0 0 0 0 0 0 0 0 0 0 0 0 0 0 0 0 0 0 0 0 0 0 0 0 0 0 0 0 0 0
89 89 86 86 86 82 82 82 77 77 73 73 73 69 69 65 65 65 61 61 61 57 57 56 56 56 54 54 52 52 52 52 52 52 52 52 53 53 53 53 53 53 51 51 49 49 49 48 48 47 47 47 47 47 47 47 47 46 46 46 45 45 44 44 44 0 0 0 0 0 0 0 0 0 0 0 0 0 0 0 0 0 0 0 0 0 0 0 0 0 0 0 0 0 0 0
89 89 86 86 86 82 82 82 77 77 73 73 73 69 69 65 65 65 61 61 61 57 57 56 56 56 54 54 52 52 52 52 52 52 52 52 53 53 53 53 53 53 51 51 49 49 49 48 48 47 47 47 47 47 47 47 47 46 46 46 45 45 44 44 44 0 0 0 0 0 0 0 0 0 0 0 0 0 0 0 0 0 0 0 0 0 0 0 0 0 0 0 0 0 0 0
89 89 86 86 86 82 82 82 77 77 73 73 73 69 69 65 65 65 61 61 61 57 57 56 56 56 54 54 52 52 52 52 52 52 52 52 53 53 53 53 53 53 51 51 49 49 49 48 48 47 47 47 47 47 47 47 47 46 46 46 45 45 44 44 44 0 0 0 0 0 0 0 0 0 0 0 0 0 0 0 0 0 0 0 0 0 0 0 0 0 0 0 0 0 0 0
91 91 90 90 90 87 87 87 81 81 75 75 75 70 70 65 65 65 60 60 60 57 57 56 56 56 54 54 52 52 52 51 51 51 52 52 53 53 53 52 52 52 49 49 47 47 47 47 47 46 46 46 46 46 46 45 45 44 44 44 43 43 42 42 42 0 0 0 0 0 0 0 0 0 0 0 0 0 0 0 0 0 0 0 0 0 0 0 0 0 0 0 0 0 0 0
91 91 90 90 90 87 87 87 81 81 75 75 75 70 70 65 65 65 60 60 60 57 57 56 56 56 54 54 52 52 52 51 51 51 52 52 53 53 53 52 52 52 49 49 47 47 47 47 47 46 46 46 46 46 46 45 45 44 44 44 43 43 42 42 42 0 0 0 0 0 0 0 0 0 0 0 0 0 0 0 0 0 0 0 0 0 0 0 0 0 0 0 0 0 0 0
91 91 90 90 90 87 87 87 81 81 75 75 75 70 70 65 65 65 60 60 60 57 57 56 56 56 54 54 52 52 52 51 51 51 52 52 53 53 53 52 52 52 49 49 47 47 47 47 47 46 46 46 46 46 46 45 45 44 44 44 43 43 42 42 42 0 0 0 0 0 0 0 0 0 0 0 0 0 0 0 0 0 0 0 0 0 0 0 0 0 0 0 0 0 0 0
103 103 101 101 101 95 95 95 89 89 83 83 83 76 76 70 70 70 66 66 66 64 64 62 62 62 60 60 59 59 59 56 56 56 54 54 53 53 53 52 52 52 52 52 52 52 52 50 50 48 48 48 47 47 47 46 46 45 45 45 44 44 43 43 43 42 42 42 0 0 0 0 0 0 0 0 0 0 0 0 0 0 0 0 0 0 0 0 0 0 0 0 0 0 0 0
103 103 101 101 101 95 95 95 89 89 83 83 83 76 76 70 70 70 66 66 66 64 64 62 62 62 60 60 59 59 59 56 56 56 54 54 53 53 53 52 52 52 52 52 52 52 52 50 50 48 48 48 47 47 47 46 46 45 45 45 44 44 43 43 43 42 42 42 0 0 0 0 0 0 0 0 0 0 0 0 0 0 0 0 0 0 0 0 0 0 0 0 0 0 0 0
109 109 104 104 104 97 97 97 91 91 86 86 86 81 81 77 77 77 72 72 72 69 69 67 67 67 66 66 64 64 64 60 60 60 57 57 54 54 54 54 54 54 55 55 55 55 55 53 53 50 50 50 48 48 48 47 47 46 46 46 45 45 45 45 45 44 44 44 0 0 0 0 0 0 0 0 0 0 0 0 0 0 0 0 0 0 0 0 0 0 0 0 0 0 0 0
109 109 104 104 104 97 97 97 91 91 86 86 86 81 81 77 77 77 72 72 72 69 69 67 67 67 66 66 64 64 64 60 60 60 57 57 54 54 54 54 54 54 55 55 55 55 55 53 53 50 50 50 48 48 48 47 47 46 46 46 45 45 45 45 45 44 44 44 0 0 0 0 0 0 0 0 0 0 0 0 0 0 0 0 0 0 0 0 0 0 0 0 0 0 0 0
109 109 104 104 104 97 97 97 91 91 86 86 86 81 81 77 77 77 72 72 72 69 69 67 67 67 66 66 64 64 64 60 60 60 57 57 54 54 54 54 54 54 55 55 55 55 55 53 53 50 50 50 48 48 48 47 47 46 46 46 45 45 45 45 45 44 44 44 0 0 0 0 0 0 0 0 0 0 0 0 0 0 0 0 0 0 0 0 0 0 0 0 0 0 0 0
137 137 121 121 121 104 104 104 97 97 95 95 95 94 94 92 92 92 87 87 87 83 83 79 79 79 75 75 71 71 71 66 66 66 62 62 60 60 60 58 58 58 57 57 56 56 56 55 55 54 54 54 51 51 51 49 49 48 48 48 47 47 47 47 47 46 46 46 46 46 0 0 0 0 0 0 0 0 0 0 0 0 0 0 0 0 0 0 0 0 0 0 0 0 0 0
137 137 121 121 121 104 104 104 97 97 95 95 95 94 94 92 92 92 87 87 87 83 83 79 79 79 75 75 71 71 71 66 66 66 62 62 60 60 60 58 58 58 57 57 56 56 56 55 55 54 54 54 51 51 51 49 49 48 48 48 47 47 47 47 47 46 46 46 46 46 0 0 0 0 0 0 0 0 0 0 0 0 0 0 0 0 0 0 0 0 0 0 0 0 0 0
137 137 121 121 121 104 104 104 97 97 95 95 95 94 94 92 92 92 87 87 87 83 83 79 79 79 75 75 71 71 71 66 66 66 62 62 60 60 60 58 58 58 57 57 56 56 56 55 55 54 54 54 51 51 51 49 49 48 48 48 47 47 47 47 47 46 46 46 46 46 0 0 0 0 0 0 0 0 0 0 0 0 0 0 0 0 0 0 0 0 0 0 0 0 0 0
177 177 162 162 162 145 145 145 137 137 130 130 130 124 124 120 120 120 115 115 115 109 109 101 101 101 93 93 85 85 85 78 78 78 73 73 70 70 70 68 68 68 65 65 62 62 62 61 61 60 60 60 58 58 58 55 55 53 53 53 52 52 52 52 52 51 51 51 50 50 0 0 0 0 0 0 0 0 0 0 0 0 0 0 0 0 0 0 0 0 0 0 0 0 0 0
177 177 162 162 162 145 145 145 137 137 130 130 130 124 124 120 120 120 115 115 115 109 109 101 101 101 93 93 85 85 85 78 78 78 73 73 70 70 70 68 68 68 65 65 62 62 62 61 61 60 60 60 58 58 58 55 55 53 53 53 52 52 52 52 52 51 51 51 50 50 0 0 0 0 0 0 0 0 0 0 0 0 0 0 0 0 0 0 0 0 0 0 0 0 0 0
176 176 168 168 168 159 159 159 157 157 150 150 150 140 140 129 129 129 117 117 117 108 108 101 101 101 92 92 84 84 84 76 76 76 71 71 69 69 69 67 67 67 64 64 62 62 62 59 59 58 58 58 57 57 57 54 54 52 52 52 51 51 50 50 50 49 49 49 47 47 46 46 46 0 0 0 0 0 0 0 0 0 0 0 0 0 0 0 0 0 0 0 0 0 0 0
176 176 168 168 168 159 159 159 157 157 150 150 150 140 140 129 129 129 117 117 117 108 108 101 101 101 92 92 84 84 84 76 76 76 71 71 69 69 69 67 67 67 64 64 62 62 62 59 59 58 58 58 57 57 57 54 54 52 52 52 51 51 50 50 50 49 49 49 47 47 46 46 46 0 0 0 0 0 0 0 0 0 0 0 0 0 0 0 0 0 0 0 0 0 0 0
176 176 168 168 168 159 159 159 157 157 150 150 150 140 140 129 129 129 117 117 117 108 108 101 101 101 92 92 84 84 84 76 76 76 71 71 69 69 69 67 67 67 64 64 62 62 62 59 59 58 58 58 57 57 57 54 54 52 52 52 51 51 50 50 50 49 49 49 47 47 46 46 46 0 0 0 0 0 0 0 0 0 0 0 0 0 0 0 0 0 0 0 0 0 0 0
192 192 188 188 188 178 178 178 178 178 176 176 176 172 172 163 163 163 144 144 144 127 127 112 112 112 102 102 93 93 93 83 83 83 78 78 77 77 77 75 75 75 73 73 70 70 70 66 66 63 63 63 60 60 60 58 58 56 56 56 53 53 52 52 52 50 50 50 49 49 49 49 49 49 49 49 0 0 0 0 0 0 0 0 0 0 0 0 0 0 0 0 0 0 0 0
192 192 188 188 188 178 178 178 178 178 176 176 176 172 172 163 163 163 144 144 144 127 127 112 112 112 102 102 93 93 93 83 83 83 78 78 77 77 77 75 75 75 73 73 70 70 70 66 66 63 63 63 60 60 60 58 58 56 56 56 53 53 52 52 52 50 50 50 49 49 49 49 49 49 49 49 0 0 0 0 0 0 0 0 0 0 0 0 0 0 0 0 0 0 0 0
197 197 193 193 193 185 185 185 192 192 194 194 194 193 193 187 187 187 172 172 172 161 161 147 147 147 132 132 119 119 119 109 109 109 105 105 100 100 100 94 94 94 89 89 84 84 84 79 79 75 75 75 71 71 71 68 68 64 64 64 60 60 58 58 58 56 56 56 56 56 55 55 55 55 55 55 54 54 0 0 0 0 0 0 0 0 0 0 0 0 0 0 0 0 0 0
197 197 193 193 193 185 185 185 192 192 194 194 194 193 193 187 187 187 172 172 172 161 161 147 147 147 132 132 119 119 119 109 109 109 105 105 100 100 100 94 94 94 89 89 84 84 84 79 79 75 75 75 71 71 71 68 68 64 64 64 60 60 58 58 58 56 56 56 56 56 55 55 55 55 55 55 54 54 0 0 0 0 0 0 0 0 0 0 0 0 0 0 0 0 0 0
