SEB_model/sample_data_files/historical_long/hillshade_historical_long/julymid.txt
ncols         768
nrows         486
xllcorner     388353.95236715
yllcorner     7583725.4876181
cellsize      5
NODATA_value  -9999
[rows 322 to 367 of 486, columns 480 to 575 of 768]
38 38 37 37 37 37 37 37 36 36 35 35 35 36 36 38 38 38 38 38 38 36 36 34 34 34 31 31 30 30 30 34 34 34 38 38 39 39 39 38 38 38 36 36 36 36 36 36 36 0 0 0 0 0 0 0 0 0 0 0 0 0 0 0 0 0 0 0 0 0 0 0 0 0 0 0 0 0 0 0 0 0 0 0 0 0 0 0 0 0 0 0 0 0 0 0
34 34 35 35 35 36 36 36 37 37 38 38 38 40 40 38 38 38 36 36 36 32 32 28 28 28 23 23 20 20 20 21 21 21 23 23 26 26 26 30 30 30 32 32 34 34 34 37 37 0 0 0 0 0 0 0 0 0 0 0 0 0 0 0 0 0 0 0 0 0 0 0 0 0 0 0 0 0 0 0 0 0 0 0 0 0 0 0 0 0 0 0 0 0 0 0
34 34 35 35 35 36 36 36 37 37 38 38 38 40 40 38 38 38 36 36 36 32 32 28 28 28 23 23 20 20 20 21 21 21 23 23 26 26 26 30 30 30 32 32 34 34 34 37 37 0 0 0 0 0 0 0 0 0 0 0 0 0 0 0 0 0 0 0 0 0 0 0 0 0 0 0 0 0 0 0 0 0 0 0 0 0 0 0 0 0 0 0 0 0 0 0
34 34 35 35 35 36 36 36 37 37 38 38 38 40 40 38 38 38 36 36 36 32 32 28 28 28 23 23 20 20 20 21 21 21 23 23 26 26 26 30 30 30 32 32 34 34 34 37 37 0 0 0 0 0 0 0 0 0 0 0 0 0 0 0 0 0 0 0 0 0 0 0 0 0 0 0 0 0 0 0 0 0 0 0 0 0 0 0 0 0 0 0 0 0 0 0
21 21 22 22 22 24 24 24 26 26 29 29 29 31 31 28 28 28 23 23 23 20 20 16 16 16 13 13 10 10 10 6 6 6 4 4 7 7 7 14 14 14 20 20 24 24 24 24 24 0 0 0 0 0 0 0 0 0 0 0 0 0 0 0 0 0 0 0 0 0 0 0 0 0 0 0 0 0 0 0 0 0 0 0 0 0 0 0 0 0 0 0 0 0 0 0
21 21 22 22 22 24 24 24 26 26 29 29 29 31 31 28 28 28 23 23 23 20 20 16 16 16 13 13 10 10 10 6 6 6 4 4 7 7 7 14 14 14 20 20 24 24 24 24 24 0 0 0 0 0 0 0 0 0 0 0 0 0 0 0 0 0 0 0 0 0 0 0 0 0 0 0 0 0 0 0 0 0 0 0 0 0 0 0 0 0 0 0 0 0 0 0
21 21 22 22 22 24 24 24 26 26 29 29 29 31 31 28 28 28 23 23 23 20 20 16 16 16 13 13 10 10 10 6 6 6 4 4 7 7 7 14 14 14 20 20 24 24 24 24 24 0 0 0 0 0 0 0 0 0 0 0 0 0 0 0 0 0 0 0 0 0 0 0 0 0 0 0 0 0 0 0 0 0 0 0 0 0 0 0 0 0 0 0 0 0 0 0
16 16 16 16 16 19 19 19 22 22 24 24 24 24 24 23 23 23 19 19 19 14 14 12 12 12 11 11 7 7 7 2 2 2 0 0 2 2 2 6 6 6 12 12 14 14 14 12 12 13 13 13 0 0 0 0 0 0 0 0 0 0 0 0 0 0 0 0 0 0 0 0 0 0 0 0 0 0 0 0 0 0 0 0 0 0 0 0 0 0 0 0 0 0 0 0
16 16 16 16 16 19 19 19 22 22 24 24 24 24 24 23 23 23 19 19 19 14 14 12 12 12 11 11 7 7 7 2 2 2 0 0 2 2 2 6 6 6 12 12 14 14 14 12 12 13 13 13 0 0 0 0 0 0 0 0 0 0 0 0 0 0 0 0 0 0 0 0 0 0 0 0 0 0 0 0 0 0 0 0 0 0 0 0 0 0 0 0 0 0 0 0
14 14 14 14 14 16 16 16 19 19 20 20 20 20 20 18 18 18 16 16 16 14 14 11 11 11 8 8 5 5 5 3 3 3 0 0 1 1 1 4 4 4 6 6 8 8 8 9 9 12 12 12 0 0 0 0 0 0 0 0 0 0 0 0 0 0 0 0 0 0 0 0 0 0 0 0 0 0 0 0 0 0 0 0 0 0 0 0 0 0 0 0 0 0 0 0
14 14 14 14 14 16 16 16 19 19 20 20 20 20 20 18 18 18 16 16 16 14 14 11 11 11 8 8 5 5 5 3 3 3 0 0 1 1 1 4 4 4 6 6 8 8 8 9 9 12 12 12 0 0 0 0 0 0 0 0 0 0 0 0 0 0 0 0 0 0 0 0 0 0 0 0 0 0 0 0 0 0 0 0 0 0 0 0 0 0 0 0 0 0 0 0
14 14 14 14 14 16 16 16 19 19 20 20 20 20 20 18 18 18 16 16 16 14 14 11 11 11 8 8 5 5 5 3 3 3 0 0 1 1 1 4 4 4 6 6 8 8 8 9 9 12 12 12 0 0 0 0 0 0 0 0 0 0 0 0 0 0 0 0 0 0 0 0 0 0 0 0 0 0 0 0 0 0 0 0 0 0 0 0 0 0 0 0 0 0 0 0
13 13 13 13 13 15 15 15 16 16 16 16 16 16 16 16 16 16 15 15 15 15 15 12 12 12 6 6 3 3 3 2 2 2 0 0 2 2 2 4 4 4 5 5 8 8 8 15 15 17 17 17 0 0 0 0 0 0 0 0 0 0 0 0 0 0 0 0 0 0 0 0 0 0 0 0 0 0 0 0 0 0 0 0 0 0 0 0 0 0 0 0 0 0 0 0
13 13 13 13 13 15 15 15 16 16 16 16 16 16 16 16 16 16 15 15 15 15 15 12 12 12 6 6 3 3 3 2 2 2 0 0 2 2 2 4 4 4 5 5 8 8 8 15 15 17 17 17 0 0 0 0 0 0 0 0 0 0 0 0 0 0 0 0 0 0 0 0 0 0 0 0 0 0 0 0 0 0 0 0 0 0 0 0 0 0 0 0 0 0 0 0
16 16 16 16 16 17 17 17 16 16 16 16 16 18 18 21 21 21 21 21 21 17 17 14 14 14 12 12 8 8 8 6 6 6 0 0 5 5 5 6 6 6 7 7 9 9 9 13 13 14 14 14 0 0 0 0 0 0 0 0 0 0 0 0 0 0 0 0 0 0 0 0 0 0 0 0 0 0 0 0 0 0 0 0 0 0 0 0 0 0 0 0 0 0 0 0
16 16 16 16 16 17 17 17 16 16 16 16 16 18 18 21 21 21 21 21 21 17 17 14 14 14 12 12 8 8 8 6 6 6 0 0 5 5 5 6 6 6 7 7 9 9 9 13 13 14 14 14 0 0 0 0 0 0 0 0 0 0 0 0 0 0 0 0 0 0 0 0 0 0 0 0 0 0 0 0 0 0 0 0 0 0 0 0 0 0 0 0 0 0 0 0
16 16 16 16 16 17 17 17 16 16 16 16 16 18 18 21 21 21 21 21 21 17 17 14 14 14 12 12 8 8 8 6 6 6 0 0 5 5 5 6 6 6 7 7 9 9 9 13 13 14 14 14 0 0 0 0 0 0 0 0 0 0 0 0 0 0 0 0 0 0 0 0 0 0 0 0 0 0 0 0 0 0 0 0 0 0 0 0 0 0 0 0 0 0 0 0
16 16 16 16 16 15 15 15 13 13 13 13 13 15 15 17 17 17 17 17 17 14 14 13 13 13 12 12 12 12 12 11 11 11 10 10 9 9 9 9 9 9 8 8 7 7 7 5 5 5 5 5 0 0 0 0 0 0 0 0 0 0 0 0 0 0 0 0 0 0 0 0 0 0 0 0 0 0 0 0 0 0 0 0 0 0 0 0 0 0 0 0 0 0 0 0
16 16 16 16 16 15 15 15 13 13 13 13 13 15 15 17 17 17 17 17 17 14 14 13 13 13 12 12 12 12 12 11 11 11 10 10 9 9 9 9 9 9 8 8 7 7 7 5 5 5 5 5 0 0 0 0 0 0 0 0 0 0 0 0 0 0 0 0 0 0 0 0 0 0 0 0 0 0 0 0 0 0 0 0 0 0 0 0 0 0 0 0 0 0 0 0
16 16 16 16 16 15 15 15 13 13 13 13 13 15 15 17 17 17 17 17 17 14 14 13 13 13 12 12 12 12 12 11 11 11 10 10 9 9 9 9 9 9 8 8 7 7 7 5 5 5 5 5 0 0 0 0 0 0 0 0 0 0 0 0 0 0 0 0 0 0 0 0 0 0 0 0 0 0 0 0 0 0 0 0 0 0 0 0 0 0 0 0 0 0 0 0
21 21 20 20 20 17 17 17 15 15 13 13 13 14 14 15 15 15 15 15 15 14 14 12 12 12 12 12 13 13 13 14 14 14 13 13 11 11 11 10 10 10 9 9 8 8 8 6 6 7 7 7 0 0 0 0 0 0 0 0 0 0 0 0 0 0 0 0 0 0 0 0 0 0 0 0 0 0 0 0 0 0 0 0 0 0 0 0 0 0 0 0 0 0 0 0
21 21 20 20 20 17 17 17 15 15 13 13 13 14 14 15 15 15 15 15 15 14 14 12 12 12 12 12 13 13 13 14 14 14 13 13 11 11 11 10 10 10 9 9 8 8 8 6 6 7 7 7 0 0 0 0 0 0 0 0 0 0 0 0 0 0 0 0 0 0 0 0 0 0 0 0 0 0 0 0 0 0 0 0 0 0 0 0 0 0 0 0 0 0 0 0
26 26 24 24 24 22 22 22 20 20 19 19 19 17 17 17 17 17 18 18 18 17 17 16 16 16 16 16 16 16 16 15 15 15 14 14 13 13 13 11 11 11 9 9 9 9 9 11 11 13 13 13 0 0 0 0 0 0 0 0 0 0 0 0 0 0 0 0 0 0 0 0 0 0 0 0 0 0 0 0 0 0 0 0 0 0 0 0 0 0 0 0 0 0 0 0
26 26 24 24 24 22 22 22 20 20 19 19 19 17 17 17 17 17 18 18 18 17 17 16 16 16 16 16 16 16 16 15 15 15 14 14 13 13 13 11 11 11 9 9 9 9 9 11 11 13 13 13 0 0 0 0 0 0 0 0 0 0 0 0 0 0 0 0 0 0 0 0 0 0 0 0 0 0 0 0 0 0 0 0 0 0 0 0 0 0 0 0 0 0 0 0
26 26 24 24 24 22 22 22 20 20 19 19 19 17 17 17 17 17 18 18 18 17 17 16 16 16 16 16 16 16 16 15 15 15 14 14 13 13 13 11 11 11 9 9 9 9 9 11 11 13 13 13 0 0 0 0 0 0 0 0 0 0 0 0 0 0 0 0 0 0 0 0 0 0 0 0 0 0 0 0 0 0 0 0 0 0 0 0 0 0 0 0 0 0 0 0
24 24 22 22 22 20 20 20 19 19 19 19 19 17 17 17 17 17 18 18 18 19 19 18 18 18 17 17 16 16 16 14 14 14 13 13 12 12 12 10 10 10 8 8 9 9 9 13 13 13 13 13 0 0 0 0 0 0 0 0 0 0 0 0 0 0 0 0 0 0 0 0 0 0 0 0 0 0 0 0 0 0 0 0 0 0 0 0 0 0 0 0 0 0 0 0
24 24 22 22 22 20 20 20 19 19 19 19 19 17 17 17 17 17 18 18 18 19 19 18 18 18 17 17 16 16 16 14 14 14 13 13 12 12 12 10 10 10 8 8 9 9 9 13 13 13 13 13 0 0 0 0 0 0 0 0 0 0 0 0 0 0 0 0 0 0 0 0 0 0 0 0 0 0 0 0 0 0 0 0 0 0 0 0 0 0 0 0 0 0 0 0
24 24 22 22 22 20 20 20 19 19 19 19 19 17 17 17 17 17 18 18 18 19 19 18 18 18 17 17 16 16 16 14 14 14 13 13 12 12 12 10 10 10 8 8 9 9 9 13 13 13 13 13 0 0 0 0 0 0 0 0 0 0 0 0 0 0 0 0 0 0 0 0 0 0 0 0 0 0 0 0 0 0 0 0 0 0 0 0 0 0 0 0 0 0 0 0
25 25 24 24 24 23 23 23 21 21 20 20 20 19 19 19 19 19 22 22 22 25 25 25 25 25 22 22 20 20 20 18 18 18 16 16 13 13 13 11 11 11 11 11 12 12 12 11 11 9 9 9 0 0 0 0 0 0 0 0 0 0 0 0 0 0 0 0 0 0 0 0 0 0 0 0 0 0 0 0 0 0 0 0 0 0 0 0 0 0 0 0 0 0 0 0
25 25 24 24 24 23 23 23 21 21 20 20 20 19 19 19 19 19 22 22 22 25 25 25 25 25 22 22 20 20 20 18 18 18 16 16 13 13 13 11 11 11 11 11 12 12 12 11 11 9 9 9 0 0 0 0 0 0 0 0 0 0 0 0 0 0 0 0 0 0 0 0 0 0 0 0 0 0 0 0 0 0 0 0 0 0 0 0 0 0 0 0 0 0 0 0
26 26 25 25 25 24 24 24 23 23 21 21 21 19 19 18 18 18 20 20 20 24 24 26 26 26 23 23 20 20 20 19 19 19 17 17 14 14 14 13 13 13 13 13 12 12 12 9 9 8 8 8 0 0 0 0 0 0 0 0 0 0 0 0 0 0 0 0 0 0 0 0 0 0 0 0 0 0 0 0 0 0 0 0 0 0 0 0 0 0 0 0 0 0 0 0
26 26 25 25 25 24 24 24 23 23 21 21 21 19 19 18 18 18 20 20 20 24 24 26 26 26 23 23 20 20 20 19 19 19 17 17 14 14 14 13 13 13 13 13 12 12 12 9 9 8 8 8 0 0 0 0 0 0 0 0 0 0 0 0 0 0 0 0 0 0 0 0 0 0 0 0 0 0 0 0 0 0 0 0 0 0 0 0 0 0 0 0 0 0 0 0
26 26 25 25 25 24 24 24 23 23 21 21 21 19 19 18 18 18 20 20 20 24 24 26 26 26 23 23 20 20 20 19 19 19 17 17 14 14 14 13 13 13 13 13 12 12 12 9 9 8 8 8 0 0 0 0 0 0 0 0 0 0 0 0 0 0 0 0 0 0 0 0 0 0 0 0 0 0 0 0 0 0 0 0 0 0 0 0 0 0 0 0 0 0 0 0
27 27 26 26 26 26 26 26 26 26 24 24 24 21 21 19 19 19 18 18 18 19 19 22 22 22 22 22 20 20 20 18 18 18 16 16 15 15 15 15 15 15 14 14 12 12 12 10 10 9 9 9 0 0 0 0 0 0 0 0 0 0 0 0 0 0 0 0 0 0 0 0 0 0 0 0 0 0 0 0 0 0 0 0 0 0 0 0 0 0 0 0 0 0 0 0
27 27 26 26 26 26 26 26 26 26 24 24 24 21 21 19 19 19 18 18 18 19 19 22 22 22 22 22 20 20 20 18 18 18 16 16 15 15 15 15 15 15 14 14 12 12 12 10 10 9 9 9 0 0 0 0 0 0 0 0 0 0 0 0 0 0 0 0 0 0 0 0 0 0 0 0 0 0 0 0 0 0 0 0 0 0 0 0 0 0 0 0 0 0 0 0
38 38 37 37 37 37 37 37 36 36 35 35 35 33 33 30 30 30 27 27 27 26 26 25 25 25 27 27 29 29 29 28 28 28 27 27 24 24 24 22 22 22 19 19 17 17 17 15 15 13 13 13 0 0 0 0 0 0 0 0 0 0 0 0 0 0 0 0 0 0 0 0 0 0 0 0 0 0 0 0 0 0 0 0 0 0 0 0 0 0 0 0 0 0 0 0
38 38 37 37 37 37 37 37 36 36 35 35 35 33 33 30 30 30 27 27 27 26 26 25 25 25 27 27 29 29 29 28 28 28 27 27 24 24 24 22 22 22 19 19 17 17 17 15 15 13 13 13 0 0 0 0 0 0 0 0 0 0 0 0 0 0 0 0 0 0 0 0 0 0 0 0 0 0 0 0 0 0 0 0 0 0 0 0 0 0 0 0 0 0 0 0
38 38 37 37 37 37 37 37 36 36 35 35 35 33 33 30 30 30 27 27 27 26 26 25 25 25 27 27 29 29 29 28 28 28 27 27 24 24 24 22 22 22 19 19 17 17 17 15 15 13 13 13 0 0 0 0 0 0 0 0 0 0 0 0 0 0 0 0 0 0 0 0 0 0 0 0 0 0 0 0 0 0 0 0 0 0 0 0 0 0 0 0 0 0 0 0
44 44 44 44 44 43 43 43 42 42 41 41 41 41 41 39 39 39 38 38 38 36 36 35 35 35 36 36 37 37 37 38 38 38 37 37 35 35 35 32 32 32 29 29 25 25 25 20 20 17 17 17 15 15 15 0 0 0 0 0 0 0 0 0 0 0 0 0 0 0 0 0 0 0 0 0 0 0 0 0 0 0 0 0 0 0 0 0 0 0 0 0 0 0 0 0
44 44 44 44 44 43 43 43 42 42 41 41 41 41 41 39 39 39 38 38 38 36 36 35 35 35 36 36 37 37 37 38 38 38 37 37 35 35 35 32 32 32 29 29 25 25 25 20 20 17 17 17 15 15 15 0 0 0 0 0 0 0 0 0 0 0 0 0 0 0 0 0 0 0 0 0 0 0 0 0 0 0 0 0 0 0 0 0 0 0 0 0 0 0 0 0
44 44 44 44 44 43 43 43 42 42 41 41 41 41 41 39 39 39 38 38 38 36 36 35 35 35 36 36 37 37 37 38 38 38 37 37 35 35 35 32 32 32 29 29 25 25 25 20 20 17 17 17 15 15 15 0 0 0 0 0 0 0 0 0 0 0 0 0 0 0 0 0 0 0 0 0 0 0 0 0 0 0 0 0 0 0 0 0 0 0 0 0 0 0 0 0
46 46 46 46 46 46 46 46 45 45 44 44 44 44 44 44 44 44 44 44 44 44 44 44 44 44 44 44 43 43 43 42 42 42 42 42 41 41 41 40 40 40 38 38 35 35 35 32 32 28 28 28 25 25 25 0 0 0 0 0 0 0 0 0 0 0 0 0 0 0 0 0 0 0 0 0 0 0 0 0 0 0 0 0 0 0 0 0 0 0 0 0 0 0 0 0
46 46 46 46 46 46 46 46 45 45 44 44 44 44 44 44 44 44 44 44 44 44 44 44 44 44 44 44 43 43 43 42 42 42 42 42 41 41 41 40 40 40 38 38 35 35 35 32 32 28 28 28 25 25 25 0 0 0 0 0 0 0 0 0 0 0 0 0 0 0 0 0 0 0 0 0 0 0 0 0 0 0 0 0 0 0 0 0 0 0 0 0 0 0 0 0
46 46 46 46 46 46 46 46 45 45 45 45 45 44 44 44 44 44 45 45 45 44 44 43 43 43 43 43 42 42 42 42 42 42 41 41 41 41 41 40 40 40 39 39 38 38 38 38 38 37 37 37 36 36 36 0 0 0 0 0 0 0 0 0 0 0 0 0 0 0 0 0 0 0 0 0 0 0 0 0 0 0 0 0 0 0 0 0 0 0 0 0 0 0 0 0
46 46 46 46 46 46 46 46 45 45 45 45 45 44 44 44 44 44 45 45 45 44 44 43 43 43 43 43 42 42 42 42 42 42 41 41 41 41 41 40 40 40 39 39 38 38 38 38 38 37 37 37 36 36 36 0 0 0 0 0 0 0 0 0 0 0 0 0 0 0 0 0 0 0 0 0 0 0 0 0 0 0 0 0 0 0 0 0 0 0 0 0 0 0 0 0
46 46 46 46 46 46 46 46 45 45 45 45 45 44 44 44 44 44 45 45 45 44 44 43 43 43 43 43 42 42 42 42 42 42 41 41 41 41 41 40 40 40 39 39 38 38 38 38 38 37 37 37 36 36 36 0 0 0 0 0 0 0 0 0 0 0 0 0 0 0 0 0 0 0 0 0 0 0 0 0 0 0 0 0 0 0 0 0 0 0 0 0 0 0 0 0
