SEB_model/sample_data_files/historical_long/hillshade_historical_long/julymid.txt
ncols         768
nrows         486
xllcorner     388353.95236715
yllcorner     7583725.4876181
cellsize      5
NODATA_value  -9999
[rows 414 to 459 of 486, columns 480 to 575 of 768]
197 197 193 193 193 185 185 185 192 192 194 194 194 193 193 187 187 187 172 172 172 161 161 147 147 147 132 132 119 119 119 109 109 109 105 105 100 100 100 94 94 94 89 89 84 84 84 79 79 75 75 75 71 71 71 68 68 64 64 64 60 60 58 58 58 56 56 56 56 56 55 55 55 55 55 55 54 54 0 0 0 0 0 0 0 0 0 0 0 0 0 0 0 0 0 0
140 140 141 141 141 149 149 149 171 171 179 179 179 178 178 169 169 169 153 153 153 149 149 146 146 146 140 140 132 132 132 119 119 119 112 112 105 105 105 95 95 95 87 87 81 81 81 77 77 73 73 73 69 69 69 66 66 63 63 63 59 59 56 56 56 54 54 54 53 53 53 53 53 52 52 52 52 52 51 51 51 0 0 0 0 0 0 0 0 0 0 0 0 0 0 0
140 140 141 141 141 149 149 149 171 171 179 179 179 178 178 169 169 169 153 153 153 149 149 146 146 146 140 140 132 132 132 119 119 119 112 112 105 105 105 95 95 95 87 87 81 81 81 77 77 73 73 73 69 69 69 66 66 63 63 63 59 59 56 56 56 54 54 54 53 53 53 53 53 52 52 52 52 52 51 51 51 0 0 0 0 0 0 0 0 0 0 0 0 0 0 0
140 140 141 141 141 149 149 149 171 171 179 179 179 178 178 169 169 169 153 153 153 149 149 146 146 146 140 140 132 132 132 119 119 119 112 112 105 105 105 95 95 95 87 87 81 81 81 77 77 73 73 73 69 69 69 66 66 63 63 63 59 59 56 56 56 54 54 54 53 53 53 53 53 52 52 52 52 52 51 51 51 0 0 0 0 0 0 0 0 0 0 0 0 0 0 0
78 78 90 90 90 116 116 116 148 148 161 161 161 159 159 149 149 149 138 138 138 146 146 155 155 155 163 163 165 165 165 155 155 155 140 140 121 121 121 105 105 105 94 94 85 85 85 79 79 76 76 76 73 73 73 71 71 68 68 68 65 65 63 63 63 61 61 61 59 59 57 57 57 55 55 55 54 54 53 53 53 52 52 0 0 0 0 0 0 0 0 0 0 0 0 0
78 78 90 90 90 116 116 116 148 148 161 161 161 159 159 149 149 149 138 138 138 146 146 155 155 155 163 163 165 165 165 155 155 155 140 140 121 121 121 105 105 105 94 94 85 85 85 79 79 76 76 76 73 73 73 71 71 68 68 68 65 65 63 63 63 61 61 61 59 59 57 57 57 55 55 55 54 54 53 53 53 52 52 0 0 0 0 0 0 0 0 0 0 0 0 0
50 50 66 66 66 88 88 88 109 109 117 117 117 116 116 116 116 116 121 121 121 142 142 158 158 158 166 166 168 168 168 156 156 156 144 144 129 129 129 110 110 110 96 96 87 87 87 80 80 77 77 77 75 75 75 74 74 74 74 74 72 72 71 71 71 68 68 68 65 65 62 62 62 59 59 59 57 57 55 55 55 54 54 55 55 55 0 0 0 0 0 0 0 0 0 0
50 50 66 66 66 88 88 88 109 109 117 117 117 116 116 116 116 116 121 121 121 142 142 158 158 158 166 166 168 168 168 156 156 156 144 144 129 129 129 110 110 110 96 96 87 87 87 80 80 77 77 77 75 75 75 74 74 74 74 74 72 72 71 71 71 68 68 68 65 65 62 62 62 59 59 59 57 57 55 55 55 54 54 55 55 55 0 0 0 0 0 0 0 0 0 0
50 50 66 66 66 88 88 88 109 109 117 117 117 116 116 116 116 116 121 121 121 142 142 158 158 158 166 166 168 168 168 156 156 156 144 144 129 129 129 110 110 110 96 96 87 87 87 80 80 77 77 77 75 75 75 74 74 74 74 74 72 72 71 71 71 68 68 68 65 65 62 62 62 59 59 59 57 57 55 55 55 54 54 55 55 55 0 0 0 0 0 0 0 0 0 0
16 16 28 28 28 39 39 39 37 37 29 29 29 35 35 57 57 57 87 87 87 120 120 142 142 142 156 156 152 152 152 131 131 131 134 134 140 140 140 128 128 128 112 112 96 96 96 89 89 86 86 86 83 83 83 82 82 82 82 82 82 82 81 81 81 78 78 78 74 74 70 70 70 65 65 65 60 60 59 59 59 59 59 60 60 60 60 60 60 61 61 0 0 0 0 0
16 16 28 28 28 39 39 39 37 37 29 29 29 35 35 57 57 57 87 87 87 120 120 142 142 142 156 156 152 152 152 131 131 131 134 134 140 140 140 128 128 128 112 112 96 96 96 89 89 86 86 86 83 83 83 82 82 82 82 82 82 82 81 81 81 78 78 78 74 74 70 70 70 65 65 65 60 60 59 59 59 59 59 60 60 60 60 60 60 61 61 0 0 0 0 0
0 0 4 4 4 14 14 14 12 12 7 7 7 16 16 40 40 40 72 72 72 106 106 131 131 131 147 147 148 148 148 142 142 142 159 159 165 165 165 153 153 153 142 142 127 127 127 112 112 104 104 104 101 101 101 100 100 99 99 99 99 99 98 98 98 94 94 94 89 89 83 83 83 76 76 76 70 70 68 68 68 70 70 70 70 70 69 69 69 69 69 70 70 70 71 71
0 0 4 4 4 14 14 14 12 12 7 7 7 16 16 40 40 40 72 72 72 106 106 131 131 131 147 147 148 148 148 142 142 142 159 159 165 165 165 153 153 153 142 142 127 127 127 112 112 104 104 104 101 101 101 100 100 99 99 99 99 99 98 98 98 94 94 94 89 89 83 83 83 76 76 76 70 70 68 68 68 70 70 70 70 70 69 69 69 69 69 70 70 70 71 71
0 0 4 4 4 14 14 14 12 12 7 7 7 16 16 40 40 40 72 72 72 106 106 131 131 131 147 147 148 148 148 142 142 142 159 159 165 165 165 153 153 153 142 142 127 127 127 112 112 104 104 104 101 101 101 100 100 99 99 99 99 99 98 98 98 94 94 94 89 89 83 83 83 76 76 76 70 70 68 68 68 70 70 70 70 70 69 69 69 69 69 70 70 70 71 71
0 0 0 0 0 0 0 0 0 0 0 0 0 10 10 22 22 22 39 39 39 57 57 72 72 72 81 81 97 97 97 122 122 122 148 148 148 148 148 131 131 131 128 128 121 121 121 110 110 107 107 107 105 105 105 102 102 99 99 99 95 95 93 93 93 89 89 89 84 84 79 79 79 73 73 73 69 69 67 67 67 67 67 66 66 66 64 64 64 63 63 63 63 63 63 63
0 0 0 0 0 0 0 0 0 0 0 0 0 10 10 22 22 22 39 39 39 57 57 72 72 72 81 81 97 97 97 122 122 122 148 148 148 148 148 131 131 131 128 128 121 121 121 110 110 107 107 107 105 105 105 102 102 99 99 99 95 95 93 93 93 89 89 89 84 84 79 79 79 73 73 73 69 69 67 67 67 67 67 66 66 66 64 64 64 63 63 63 63 63 63 63
0 0 0 0 0 0 0 0 0 0 0 0 0 10 10 22 22 22 39 39 39 57 57 72 72 72 81 81 97 97 97 122 122 122 148 148 148 148 148 131 131 131 128 128 121 121 121 110 110 107 107 107 105 105 105 102 102 99 99 99 95 95 93 93 93 89 89 89 84 84 79 79 79 73 73 73 69 69 67 67 67 67 67 66 66 66 64 64 64 63 63 63 63 63 63 63
0 0 0 0 0 0 0 0 0 0 0 0 0 6 6 13 13 13 20 20 20 23 23 25 25 25 29 29 44 44 44 79 79 79 111 111 115 115 115 105 105 105 112 112 121 121 121 131 131 142 142 142 143 143 143 140 140 132 132 132 124 124 117 117 117 107 107 107 94 94 85 85 85 82 82 82 82 82 80 80 80 75 75 70 70 70 67 67 67 64 64 64 64 64 66 66
0 0 0 0 0 0 0 0 0 0 0 0 0 6 6 13 13 13 20 20 20 23 23 25 25 25 29 29 44 44 44 79 79 79 111 111 115 115 115 105 105 105 112 112 121 121 121 131 131 142 142 142 143 143 143 140 140 132 132 132 124 124 117 117 117 107 107 107 94 94 85 85 85 82 82 82 82 82 80 80 80 75 75 70 70 70 67 67 67 64 64 64 64 64 66 66
0 0 0 0 0 0 0 0 0 0 0 0 0 2 2 6 6 6 10 10 10 13 13 14 14 14 12 12 18 18 18 36 36 36 54 54 65 65 65 76 76 76 99 99 120 120 120 141 141 157 157 157 157 157 157 151 151 140 140 140 132 132 127 127 127 119 119 119 108 108 98 98 98 92 92 92 89 89 85 85 85 78 78 72 72 72 67 67 67 66 66 69 69 69 73 73
0 0 0 0 0 0 0 0 0 0 0 0 0 2 2 6 6 6 10 10 10 13 13 14 14 14 12 12 18 18 18 36 36 36 54 54 65 65 65 76 76 76 99 99 120 120 120 141 141 157 157 157 157 157 157 151 151 140 140 140 132 132 127 127 127 119 119 119 108 108 98 98 98 92 92 92 89 89 85 85 85 78 78 72 72 72 67 67 67 66 66 69 69 69 73 73
0 0 0 0 0 0 0 0 0 0 0 0 0 2 2 6 6 6 10 10 10 13 13 14 14 14 12 12 18 18 18 36 36 36 54 54 65 65 65 76 76 76 99 99 120 120 120 141 141 157 157 157 157 157 157 151 151 140 140 140 132 132 127 127 127 119 119 119 108 108 98 98 98 92 92 92 89 89 85 85 85 78 78 72 72 72 67 67 67 66 66 69 69 69 73 73
0 0 0 0 0 0 0 0 0 0 0 0 0 0 0 0 0 0 0 0 0 7 7 4 4 4 0 0 0 0 0 0 0 0 0 0 0 0 0 36 36 36 74 74 105 105 105 132 132 149 149 149 147 147 147 134 134 119 119 119 112 112 116 116 116 126 126 126 132 132 127 127 127 115 115 115 107 107 103 103 103 95 95 87 87 87 81 81 81 80 80 82 82 82 83 83
0 0 0 0 0 0 0 0 0 0 0 0 0 0 0 0 0 0 0 0 0 7 7 4 4 4 0 0 0 0 0 0 0 0 0 0 0 0 0 36 36 36 74 74 105 105 105 132 132 149 149 149 147 147 147 134 134 119 119 119 112 112 116 116 116 126 126 126 132 132 127 127 127 115 115 115 107 107 103 103 103 95 95 87 87 87 81 81 81 80 80 82 82 82 83 83
0 0 0 0 0 0 0 0 0 0 0 0 0 0 0 0 0 0 0 0 0 7 7 4 4 4 0 0 0 0 0 0 0 0 0 0 0 0 0 36 36 36 74 74 105 105 105 132 132 149 149 149 147 147 147 134 134 119 119 119 112 112 116 116 116 126 126 126 132 132 127 127 127 115 115 115 107 107 103 103 103 95 95 87 87 87 81 81 81 80 80 82 82 82 83 83
0 0 0 0 0 0 0 0 0 0 0 0 0 0 0 0 0 0 0 0 0 0 0 0 0 0 0 0 0 0 0 0 0 0 0 0 0 0 0 27 27 27 64 64 93 93 93 110 110 116 116 116 109 109 109 101 101 96 96 96 92 92 98 98 98 115 115 115 128 128 127 127 127 120 120 120 115 115 108 108 108 99 99 93 93 93 93 93 93 95 95 98 98 98 104 104
0 0 0 0 0 0 0 0 0 0 0 0 0 0 0 0 0 0 0 0 0 0 0 0 0 0 0 0 0 0 0 0 0 0 0 0 0 0 0 27 27 27 64 64 93 93 93 110 110 116 116 116 109 109 109 101 101 96 96 96 92 92 98 98 98 115 115 115 128 128 127 127 127 120 120 120 115 115 108 108 108 99 99 93 93 93 93 93 93 95 95 98 98 98 104 104
0 0 0 0 0 0 0 0 0 0 0 0 0 0 0 0 0 0 8 8 8 0 0 0 0 0 0 0 0 0 0 0 0 0 0 0 0 0 0 16 16 16 36 36 47 47 47 47 47 36 36 36 27 27 27 34 34 46 46 46 50 50 49 49 49 50 50 50 59 59 70 70 70 74 74 74 72 72 63 63 63 57 57 60 60 60 69 69 69 76 76 85 85 85 98 98
0 0 0 0 0 0 0 0 0 0 0 0 0 0 0 0 0 0 8 8 8 0 0 0 0 0 0 0 0 0 0 0 0 0 0 0 0 0 0 16 16 16 36 36 47 47 47 47 47 36 36 36 27 27 27 34 34 46 46 46 50 50 49 49 49 50 50 50 59 59 70 70 70 74 74 74 72 72 63 63 63 57 57 60 60 60 69 69 69 76 76 85 85 85 98 98
0 0 0 0 0 0 0 0 0 0 0 0 0 0 0 0 0 0 8 8 8 0 0 0 0 0 0 0 0 0 0 0 0 0 0 0 0 0 0 16 16 16 36 36 47 47 47 47 47 36 36 36 27 27 27 34 34 46 46 46 50 50 49 49 49 50 50 50 59 59 70 70 70 74 74 74 72 72 63 63 63 57 57 60 60 60 69 69 69 76 76 85 85 85 98 98
0 0 0 0 0 0 0 0 0 0 0 0 0 0 0 11 11 11 11 11 11 0 0 0 0 0 0 0 0 0 0 0 0 0 0 0 0 0 0 9 9 9 14 14 14 14 14 8 8 0 0 0 0 0 0 10 10 26 26 26 41 41 42 42 42 29 29 29 23 23 34 34 34 47 47 47 52 52 53 53 53 56 56 63 63 63 70 70 70 82 82 97 97 97 103 103
0 0 0 0 0 0 0 0 0 0 0 0 0 0 0 11 11 11 11 11 11 0 0 0 0 0 0 0 0 0 0 0 0 0 0 0 0 0 0 9 9 9 14 14 14 14 14 8 8 0 0 0 0 0 0 10 10 26 26 26 41 41 42 42 42 29 29 29 23 23 34 34 34 47 47 47 52 52 53 53 53 56 56 63 63 63 70 70 70 82 82 97 97 97 103 103
0 0 0 0 0 0 0 0 0 0 0 0 0 13 13 13 13 13 11 11 11 8 8 0 0 0 0 0 0 0 0 0 0 0 0 0 0 0 0 10 10 10 9 9 4 4 4 0 0 0 0 0 0 0 0 4 4 21 21 21 37 37 41 41 41 32 32 32 26 26 34 34 34 47 47 47 58 58 66 66 66 74 74 78 78 78 78 78 78 77 77 72 72 72 58 58
0 0 0 0 0 0 0 0 0 0 0 0 0 13 13 13 13 13 11 11 11 8 8 0 0 0 0 0 0 0 0 0 0 0 0 0 0 0 0 10 10 10 9 9 4 4 4 0 0 0 0 0 0 0 0 4 4 21 21 21 37 37 41 41 41 32 32 32 26 26 34 34 34 47 47 47 58 58 66 66 66 74 74 78 78 78 78 78 78 77 77 72 72 72 58 58
0 0 0 0 0 0 0 0 0 0 0 0 0 13 13 13 13 13 11 11 11 8 8 0 0 0 0 0 0 0 0 0 0 0 0 0 0 0 0 10 10 10 9 9 4 4 4 0 0 0 0 0 0 0 0 4 4 21 21 21 37 37 41 41 41 32 32 32 26 26 34 34 34 47 47 47 58 58 66 66 66 74 74 78 78 78 78 78 78 77 77 72 72 72 58 58
0 0 0 0 0 0 0 0 0 0 10 10 10 13 13 12 12 12 10 10 10 8 8 0 0 0 0 0 0 0 0 0 0 0 0 0 0 0 0 10 10 10 4 4 0 0 0 0 0 0 0 0 0 0 0 0 0 11 11 11 20 20 24 24 24 23 23 23 24 24 30 30 30 38 38 38 46 46 53 53 53 58 58 59 59 59 55 55 55 42 42 23 23 23 0 0
0 0 0 0 0 0 0 0 0 0 10 10 10 13 13 12 12 12 10 10 10 8 8 0 0 0 0 0 0 0 0 0 0 0 0 0 0 0 0 10 10 10 4 4 0 0 0 0 0 0 0 0 0 0 0 0 0 11 11 11 20 20 24 24 24 23 23 23 24 24 30 30 30 38 38 38 46 46 53 53 53 58 58 59 59 59 55 55 55 42 42 23 23 23 0 0
0 0 0 0 0 0 0 0 0 0 10 10 10 13 13 12 12 12 10 10 10 8 8 0 0 0 0 0 0 0 0 0 0 0 0 0 0 0 0 10 10 10 4 4 0 0 0 0 0 0 0 0 0 0 0 0 0 11 11 11 20 20 24 24 24 23 23 23 24 24 30 30 30 38 38 38 46 46 53 53 53 58 58 59 59 59 55 55 55 42 42 23 23 23 0 0
0 0 0 0 0 0 0 0 0 0 6 6 6 11 11 13 13 13 13 13 13 14 14 14 14 14 12 12 0 0 0 0 0 0 0 0 13 13 13 7 7 7 0 0 0 0 0 0 0 0 0 0 0 0 0 6 6 9 9 9 12 12 16 16 16 21 21 21 27 27 32 32 32 35 35 35 40 40 46 46 46 52 52 56 56 56 58 58 58 57 57 55 55 55 58 58
0 0 0 0 0 0 0 0 0 0 6 6 6 11 11 13 13 13 13 13 13 14 14 14 14 14 12 12 0 0 0 0 0 0 0 0 13 13 13 7 7 7 0 0 0 0 0 0 0 0 0 0 0 0 0 6 6 9 9 9 12 12 16 16 16 21 21 21 27 27 32 32 32 35 35 35 40 40 46 46 46 52 52 56 56 56 58 58 58 57 57 55 55 55 58 58
0 0 0 0 0 0 0 0 0 0 5 5 5 10 10 13 13 13 13 13 13 12 12 11 11 11 10 10 13 13 13 0 0 0 0 0 11 11 11 4 4 4 0 0 0 0 0 0 0 0 0 0 0 0 0 9 9 9 9 9 10 10 13 13 13 17 17 17 21 21 24 24 24 27 27 27 33 33 41 41 41 49 49 57 57 57 65 65 65 68 68 68 68 68 66 66
0 0 0 0 0 0 0 0 0 0 5 5 5 10 10 13 13 13 13 13 13 12 12 11 11 11 10 10 13 13 13 0 0 0 0 0 11 11 11 4 4 4 0 0 0 0 0 0 0 0 0 0 0 0 0 9 9 9 9 9 10 10 13 13 13 17 17 17 21 21 24 24 24 27 27 27 33 33 41 41 41 49 49 57 57 57 65 65 65 68 68 68 68 68 66 66
0 0 0 0 0 0 0 0 0 0 5 5 5 10 10 13 13 13 13 13 13 12 12 11 11 11 10 10 13 13 13 0 0 0 0 0 11 11 11 4 4 4 0 0 0 0 0 0 0 0 0 0 0 0 0 9 9 9 9 9 10 10 13 13 13 17 17 17 21 21 24 24 24 27 27 27 33 33 41 41 41 49 49 57 57 57 65 65 65 68 68 68 68 68 66 66
0 0 0 0 0 0 0 0 0 0 4 4 4 8 8 9 9 9 7 7 7 6 6 8 8 8 10 10 11 11 11 8 8 8 4 4 1 1 1 0 0 0 0 0 0 0 0 0 0 0 0 0 7 7 7 5 5 5 5 5 7 7 9 9 9 9 9 9 8 8 9 9 9 15 15 15 23 23 34 34 34 47 47 57 57 57 64 64 64 71 71 73 73 73 69 69
0 0 0 0 0 0 0 0 0 0 4 4 4 8 8 9 9 9 7 7 7 6 6 8 8 8 10 10 11 11 11 8 8 8 4 4 1 1 1 0 0 0 0 0 0 0 0 0 0 0 0 0 7 7 7 5 5 5 5 5 7 7 9 9 9 9 9 9 8 8 9 9 9 15 15 15 23 23 34 34 34 47 47 57 57 57 64 64 64 71 71 73 73 73 69 69
0 0 0 0 0 0 0 0 0 0 0 0 0 0 0 0 0 0 0 0 0 0 0 3 3 3 6 6 5 5 5 1 1 1 0 0 0 0 0 0 0 0 0 0 0 0 0 0 0 0 0 0 1 1 1 0 0 8 8 8 11 11 11 11 11 10 10 10 8 8 8 8 8 15 15 15 29 29 45 45 45 62 62 74 74 74 0 0 0 0 0 0 0 0 0 -9999
