SEB_model/sample_data_files/historical_long/hillshade_historical_long/july6am.txt
ncols         768
nrows         486
xllcorner     388353.95236715
yllcorner     7583725.4876181
cellsize      5
NODATA_value  -9999
[rows 114 to 151 of 486, columns 435 to 521 of 768]
122 122 122 121 121 118 118 118 123 123 123 118 118 118 118 118 117 117 117 118 118 126 126 126 123 123 127 127 127 136 136 136 130 130 130 130 130 129 129 129 129 129 136 136 136 129 129 130 130 130 138 138 138 132 132 133 133 133 133 133 133 133 133 141 141 141 134 134 134 134 134 133 133 133 133 133 142 142 142 138 138 142 142 142 152 152 152
122 122 122 121 121 118 118 118 123 123 123 118 118 118 118 118 117 117 117 118 118 126 126 126 123 123 127 127 127 136 136 136 130 130 130 130 130 129 129 129 129 129 136 136 136 129 129 130 130 130 138 138 138 132 132 133 133 133 133 133 133 133 133 141 141 141 134 134 134 134 134 133 133 133 133 133 142 142 142 138 138 142 142 142 152 152 152
122 122 122 121 121 118 118 118 123 123 123 118 118 118 118 118 117 117 117 118 118 126 126 126 123 123 127 127 127 136 136 136 130 130 130 130 130 129 129 129 129 129 136 136 136 129 129 130 130 130 138 138 138 132 132 133 133 133 133 133 133 133 133 141 141 141 134 134 134 134 134 133 133 133 133 133 142 142 142 138 138 142 142 142 152 152 152
119 119 119 122 122 122 122 122 126 126 126 118 118 117 117 117 116 116 116 116 116 125 125 125 122 122 126 126 126 136 136 136 130 130 130 130 130 129 129 128 128 128 134 134 134 127 127 129 129 129 138 138 138 132 132 133 133 133 133 133 132 132 132 141 141 141 134 134 134 134 134 134 134 134 134 134 143 143 143 137 137 139 139 139 149 149 149
119 119 119 122 122 122 122 122 126 126 126 118 118 117 117 117 116 116 116 116 116 125 125 125 122 122 126 126 126 136 136 136 130 130 130 130 130 129 129 128 128 128 134 134 134 127 127 129 129 129 138 138 138 132 132 133 133 133 133 133 132 132 132 141 141 141 134 134 134 134 134 134 134 134 134 134 143 143 143 137 137 139 139 139 149 149 149
118 118 118 121 121 124 124 124 128 128 128 121 121 118 118 118 116 116 116 117 117 124 124 124 120 120 124 124 124 135 135 135 131 131 131 131 131 129 129 128 128 128 134 134 134 127 127 129 129 129 138 138 138 132 132 133 133 133 132 132 132 132 132 141 141 141 133 133 132 132 132 133 133 134 134 134 143 143 143 136 136 137 137 137 146 146 146
118 118 118 121 121 124 124 124 128 128 128 121 121 118 118 118 116 116 116 117 117 124 124 124 120 120 124 124 124 135 135 135 131 131 131 131 131 129 129 128 128 128 134 134 134 127 127 129 129 129 138 138 138 132 132 133 133 133 132 132 132 132 132 141 141 141 133 133 132 132 132 133 133 134 134 134 143 143 143 136 136 137 137 137 146 146 146
118 118 118 121 121 124 124 124 128 128 128 121 121 118 118 118 116 116 116 117 117 124 124 124 120 120 124 124 124 135 135 135 131 131 131 131 131 129 129 128 128 128 134 134 134 127 127 129 129 129 138 138 138 132 132 133 133 133 132 132 132 132 132 141 141 141 133 133 132 132 132 133 133 134 134 134 143 143 143 136 136 137 137 137 146 146 146
120 120 120 121 121 122 122 122 129 129 129 122 122 119 119 119 117 117 117 118 118 124 124 124 118 118 123 123 123 134 134 134 130 130 131 131 131 130 130 129 129 129 135 135 135 128 128 129 129 129 137 137 137 130 130 131 131 131 132 132 134 134 134 142 142 142 132 132 130 130 130 130 130 133 133 133 143 143 143 135 135 136 136 136 144 144 144
120 120 120 121 121 122 122 122 129 129 129 122 122 119 119 119 117 117 117 118 118 124 124 124 118 118 123 123 123 134 134 134 130 130 131 131 131 130 130 129 129 129 135 135 135 128 128 129 129 129 137 137 137 130 130 131 131 131 132 132 134 134 134 142 142 142 132 132 130 130 130 130 130 133 133 133 143 143 143 135 135 136 136 136 144 144 144
120 120 120 121 121 122 122 122 129 129 129 122 122 119 119 119 117 117 117 118 118 124 124 124 118 118 123 123 123 134 134 134 130 130 131 131 131 130 130 129 129 129 135 135 135 128 128 129 129 129 137 137 137 130 130 131 131 131 132 132 134 134 134 142 142 142 132 132 130 130 130 130 130 133 133 133 143 143 143 135 135 136 136 136 144 144 144
121 121 121 122 122 122 122 122 128 128 128 122 122 119 119 119 118 118 118 118 118 123 123 123 117 117 122 122 122 133 133 133 129 129 132 132 132 132 132 131 131 131 138 138 138 131 131 129 129 129 134 134 134 126 126 129 129 129 133 133 136 136 136 144 144 144 133 133 131 131 131 130 130 131 131 131 141 141 141 134 134 135 135 135 143 143 143
121 121 121 122 122 122 122 122 128 128 128 122 122 119 119 119 118 118 118 118 118 123 123 123 117 117 122 122 122 133 133 133 129 129 132 132 132 132 132 131 131 131 138 138 138 131 131 129 129 129 134 134 134 126 126 129 129 129 133 133 136 136 136 144 144 144 133 133 131 131 131 130 130 131 131 131 141 141 141 134 134 135 135 135 143 143 143
120 120 120 123 123 122 122 122 128 128 128 122 122 119 119 119 118 118 118 118 118 122 122 122 117 117 121 121 121 133 133 133 128 128 131 131 131 133 133 133 133 133 140 140 140 132 132 129 129 129 132 132 132 124 124 128 128 128 133 133 136 136 136 144 144 144 135 135 134 134 134 132 132 131 131 131 140 140 140 133 133 133 133 133 141 141 141
120 120 120 123 123 122 122 122 128 128 128 122 122 119 119 119 118 118 118 118 118 122 122 122 117 117 121 121 121 133 133 133 128 128 131 131 131 133 133 133 133 133 140 140 140 132 132 129 129 129 132 132 132 124 124 128 128 128 133 133 136 136 136 144 144 144 135 135 134 134 134 132 132 131 131 131 140 140 140 133 133 133 133 133 141 141 141
120 120 120 123 123 122 122 122 128 128 128 122 122 119 119 119 118 118 118 118 118 122 122 122 117 117 121 121 121 133 133 133 128 128 131 131 131 133 133 133 133 133 140 140 140 132 132 129 129 129 132 132 132 124 124 128 128 128 133 133 136 136 136 144 144 144 135 135 134 134 134 132 132 131 131 131 140 140 140 133 133 133 133 133 141 141 141
119 119 119 123 123 122 122 122 128 128 128 123 123 120 120 120 118 118 118 117 117 122 122 122 117 117 121 121 121 132 132 132 128 128 131 131 131 133 133 133 133 133 140 140 140 131 131 128 128 128 133 133 133 126 126 128 128 128 131 131 134 134 134 142 142 142 135 135 135 135 135 133 133 132 132 132 140 140 140 133 133 132 132 132 140 140 140
119 119 119 123 123 122 122 122 128 128 128 123 123 120 120 120 118 118 118 117 117 122 122 122 117 117 121 121 121 132 132 132 128 128 131 131 131 133 133 133 133 133 140 140 140 131 131 128 128 128 133 133 133 126 126 128 128 128 131 131 134 134 134 142 142 142 135 135 135 135 135 133 133 132 132 132 140 140 140 133 133 132 132 132 140 140 140
119 119 119 121 121 123 123 123 128 128 128 122 122 120 120 120 119 119 119 118 118 122 122 122 118 118 122 122 122 132 132 132 128 128 130 130 130 130 130 130 130 130 136 136 136 127 127 127 127 127 135 135 135 129 129 129 129 129 130 130 131 131 131 139 139 139 132 132 132 132 132 133 133 133 133 133 140 140 140 132 132 131 131 131 139 139 139
119 119 119 121 121 123 123 123 128 128 128 122 122 120 120 120 119 119 119 118 118 122 122 122 118 118 122 122 122 132 132 132 128 128 130 130 130 130 130 130 130 130 136 136 136 127 127 127 127 127 135 135 135 129 129 129 129 129 130 130 131 131 131 139 139 139 132 132 132 132 132 133 133 133 133 133 140 140 140 132 132 131 131 131 139 139 139
119 119 119 121 121 123 123 123 128 128 128 122 122 120 120 120 119 119 119 118 118 122 122 122 118 118 122 122 122 132 132 132 128 128 130 130 130 130 130 130 130 130 136 136 136 127 127 127 127 127 135 135 135 129 129 129 129 129 130 130 131 131 131 139 139 139 132 132 132 132 132 133 133 133 133 133 140 140 140 132 132 131 131 131 139 139 139
119 119 119 120 120 123 123 123 129 129 129 121 121 120 120 120 120 120 120 118 118 124 124 124 121 121 126 126 126 136 136 136 130 130 129 129 129 127 127 125 125 125 131 131 131 124 124 124 124 124 134 134 134 129 129 130 130 130 130 130 131 131 131 138 138 138 130 130 129 129 129 130 130 130 130 130 136 136 136 129 129 129 129 129 139 139 139
119 119 119 120 120 123 123 123 129 129 129 121 121 120 120 120 120 120 120 118 118 124 124 124 121 121 126 126 126 136 136 136 130 130 129 129 129 127 127 125 125 125 131 131 131 124 124 124 124 124 134 134 134 129 129 130 130 130 130 130 131 131 131 138 138 138 130 130 129 129 129 130 130 130 130 130 136 136 136 129 129 129 129 129 139 139 139
119 119 119 120 120 123 123 123 129 129 129 121 121 120 120 120 120 120 120 118 118 124 124 124 121 121 126 126 126 136 136 136 130 130 129 129 129 127 127 125 125 125 131 131 131 124 124 124 124 124 134 134 134 129 129 130 130 130 130 130 131 131 131 138 138 138 130 130 129 129 129 130 130 130 130 130 136 136 136 129 129 129 129 129 139 139 139
120 120 120 120 120 123 123 123 128 128 128 120 120 120 120 120 120 120 120 119 119 127 127 127 126 126 131 131 131 140 140 140 132 132 128 128 128 124 124 123 123 123 129 129 129 121 121 122 122 122 131 131 131 127 127 130 130 130 131 131 132 132 132 139 139 139 130 130 128 128 128 128 128 126 126 126 130 130 130 122 122 126 126 126 140 140 140
120 120 120 120 120 123 123 123 128 128 128 120 120 120 120 120 120 120 120 119 119 127 127 127 126 126 131 131 131 140 140 140 132 132 128 128 128 124 124 123 123 123 129 129 129 121 121 122 122 122 131 131 131 127 127 130 130 130 131 131 132 132 132 139 139 139 130 130 128 128 128 128 128 126 126 126 130 130 130 122 122 126 126 126 140 140 140
121 121 121 121 121 121 121 121 126 126 126 120 120 120 120 120 121 121 121 123 123 133 133 133 132 132 136 136 136 141 141 141 131 131 126 126 126 122 122 122 122 122 128 128 128 121 121 121 121 121 129 129 129 126 126 130 130 130 131 131 131 131 131 139 139 139 131 131 129 129 129 126 126 123 123 123 126 126 126 116 116 123 123 123 140 140 140
121 121 121 121 121 121 121 121 126 126 126 120 120 120 120 120 121 121 121 123 123 133 133 133 132 132 136 136 136 141 141 141 131 131 126 126 126 122 122 122 122 122 128 128 128 121 121 121 121 121 129 129 129 126 126 130 130 130 131 131 131 131 131 139 139 139 131 131 129 129 129 126 126 123 123 123 126 126 126 116 116 123 123 123 140 140 140
121 121 121 121 121 121 121 121 126 126 126 120 120 120 120 120 121 121 121 123 123 133 133 133 132 132 136 136 136 141 141 141 131 131 126 126 126 122 122 122 122 122 128 128 128 121 121 121 121 121 129 129 129 126 126 130 130 130 131 131 131 131 131 139 139 139 131 131 129 129 129 126 126 123 123 123 126 126 126 116 116 123 123 123 140 140 140
120 120 120 119 119 117 117 117 125 125 125 121 121 121 121 121 124 124 124 129 129 141 141 141 140 140 141 141 141 144 144 144 131 131 124 124 124 121 121 122 122 122 129 129 129 122 122 122 122 122 129 129 129 124 124 127 127 127 129 129 129 129 129 137 137 137 130 130 128 128 128 126 126 124 124 124 126 126 126 113 113 119 119 119 138 138 138
120 120 120 119 119 117 117 117 125 125 125 121 121 121 121 121 124 124 124 129 129 141 141 141 140 140 141 141 141 144 144 144 131 131 124 124 124 121 121 122 122 122 129 129 129 122 122 122 122 122 129 129 129 124 124 127 127 127 129 129 129 129 129 137 137 137 130 130 128 128 128 126 126 124 124 124 126 126 126 113 113 119 119 119 138 138 138
120 120 120 115 115 112 112 112 123 123 123 121 121 124 124 124 128 128 128 133 133 144 144 144 144 144 145 145 145 147 147 147 133 133 127 127 127 124 124 124 124 124 131 131 131 123 123 123 123 123 129 129 129 123 123 125 125 125 125 125 126 126 126 134 134 134 127 127 126 126 126 126 126 126 126 126 129 129 129 116 116 118 118 118 134 134 134
120 120 120 115 115 112 112 112 123 123 123 121 121 124 124 124 128 128 128 133 133 144 144 144 144 144 145 145 145 147 147 147 133 133 127 127 127 124 124 124 124 124 131 131 131 123 123 123 123 123 129 129 129 123 123 125 125 125 125 125 126 126 126 134 134 134 127 127 126 126 126 126 126 126 126 126 129 129 129 116 116 118 118 118 134 134 134
120 120 120 115 115 112 112 112 123 123 123 121 121 124 124 124 128 128 128 133 133 144 144 144 144 144 145 145 145 147 147 147 133 133 127 127 127 124 124 124 124 124 131 131 131 123 123 123 123 123 129 129 129 123 123 125 125 125 125 125 126 126 126 134 134 134 127 127 126 126 126 126 126 126 126 126 129 129 129 116 116 118 118 118 134 134 134
118 118 118 113 113 110 110 110 122 122 122 123 123 128 128 128 132 132 132 134 134 143 143 143 141 141 144 144 144 151 151 151 140 140 136 136 136 131 131 129 129 129 134 134 134 125 125 123 123 123 129 129 129 123 123 124 124 124 124 124 124 124 124 132 132 132 124 124 124 124 124 126 126 127 127 127 130 130 130 119 119 120 120 120 133 133 133
118 118 118 113 113 110 110 110 122 122 122 123 123 128 128 128 132 132 132 134 134 143 143 143 141 141 144 144 144 151 151 151 140 140 136 136 136 131 131 129 129 129 134 134 134 125 125 123 123 123 129 129 129 123 123 124 124 124 124 124 124 124 124 132 132 132 124 124 124 124 124 126 126 127 127 127 130 130 130 119 119 120 120 120 133 133 133
118 118 118 113 113 110 110 110 122 122 122 123 123 128 128 128 132 132 132 134 134 143 143 143 141 141 144 144 144 151 151 151 140 140 136 136 136 131 131 129 129 129 134 134 134 125 125 123 123 123 129 129 129 123 123 124 124 124 124 124 124 124 124 132 132 132 124 124 124 124 124 126 126 127 127 127 130 130 130 119 119 120 120 120 133 133 133
115 115 115 114 114 112 112 112 123 123 123 124 124 130 130 130 133 133 133 133 133 138 138 138 135 135 141 141 141 153 153 153 147 147 144 144 144 138 138 133 133 133 137 137 137 126 126 123 123 123 128 128 128 122 122 123 123 123 123 123 123 123 123 130 130 130 123 123 124 124 124 125 125 124 124 124 126 126 126 119 119 124 124 124 136 136 136
