SEB_model/sample_data_files/historical_long/hillshade_historical_long/july6pm.txt
ncols         768
nrows         486
xllcorner     388353.95236715
yllcorner     7583725.4876181
cellsize      5
NODATA_value  -9999
[rows 246 to 286 of 486, columns 93 to 185 of 768]
-9999 -9999 -9999 -9999 -9999 -9999 -9999 -9999 -9999 -9999 -9999 -9999 -9999 -9999 -9999 -9999 -9999 -9999 -9999 -9999 -9999 92 92 97 97 97 98 98 97 97 97 95 95 91 91 91 90 90 90 85 85 77 77 77 71 71 71 67 67 64 64 64 66 66 65 65 65 59 59 59 60 60 60 60 60 52 52 34 34 34 12 12 12 3 3 0 0 0 0 0 0 0 0 21 21 21 40 40 44 44 44 33 33
-9999 -9999 -9999 -9999 -9999 -9999 -9999 -9999 -9999 -9999 -9999 -9999 -9999 -9999 -9999 -9999 -9999 -9999 -9999 -9999 92 92 92 97 97 97 98 98 97 97 97 95 95 91 91 91 90 90 90 85 85 77 77 77 71 71 71 67 67 64 64 64 66 66 65 65 65 59 59 59 60 60 60 60 60 52 52 34 34 34 12 12 12 3 3 0 0 0 0 0 0 0 0 21 21 21 40 40 44 44 44 33 33
-9999 -9999 -9999 -9999 -9999 -9999 -9999 -9999 -9999 -9999 -9999 -9999 -9999 -9999 -9999 -9999 -9999 -9999 -9999 -9999 93 93 93 92 92 92 91 91 97 97 97 99 99 92 92 92 87 87 87 78 78 71 71 71 68 68 68 66 66 64 64 64 65 65 63 63 63 58 58 58 57 57 52 52 52 44 44 31 31 31 14 14 14 6 6 2 2 2 0 0 0 0 0 23 23 23 42 42 44 44 44 34 34
-9999 -9999 -9999 -9999 -9999 -9999 -9999 -9999 -9999 -9999 -9999 -9999 -9999 -9999 -9999 -9999 -9999 -9999 -9999 92 93 93 93 92 92 92 91 91 97 97 97 99 99 92 92 92 87 87 87 78 78 71 71 71 68 68 68 66 66 64 64 64 65 65 63 63 63 58 58 58 57 57 52 52 52 44 44 31 31 31 14 14 14 6 6 2 2 2 0 0 0 0 0 23 23 23 42 42 44 44 44 34 34
-9999 -9999 -9999 -9999 -9999 -9999 -9999 -9999 -9999 -9999 -9999 -9999 -9999 -9999 -9999 -9999 -9999 -9999 -9999 93 92 92 92 90 90 90 88 88 93 93 93 99 99 93 93 93 81 81 81 70 70 65 65 65 67 67 67 68 68 65 65 65 64 64 61 61 61 55 55 55 54 54 45 45 45 37 37 31 31 31 18 18 18 11 11 4 4 4 0 0 0 0 0 24 24 24 46 46 46 46 46 40 40
-9999 -9999 -9999 -9999 -9999 -9999 -9999 -9999 -9999 -9999 -9999 -9999 -9999 -9999 -9999 -9999 -9999 -9999 93 93 92 92 92 90 90 90 88 88 93 93 93 99 99 93 93 93 81 81 81 70 70 65 65 65 67 67 67 68 68 65 65 65 64 64 61 61 61 55 55 55 54 54 45 45 45 37 37 31 31 31 18 18 18 11 11 4 4 4 0 0 0 0 0 24 24 24 46 46 46 46 46 40 40
-9999 -9999 -9999 -9999 -9999 -9999 -9999 -9999 -9999 -9999 -9999 -9999 -9999 -9999 -9999 -9999 -9999 -9999 93 93 92 92 92 90 90 90 88 88 93 93 93 99 99 93 93 93 81 81 81 70 70 65 65 65 67 67 67 68 68 65 65 65 64 64 61 61 61 55 55 55 54 54 45 45 45 37 37 31 31 31 18 18 18 11 11 4 4 4 0 0 0 0 0 24 24 24 46 46 46 46 46 40 40
-9999 -9999 -9999 -9999 -9999 -9999 -9999 -9999 -9999 -9999 -9999 -9999 -9999 -9999 -9999 -9999 -9999 92 92 92 91 91 91 89 89 89 87 87 89 89 89 94 94 92 92 92 78 78 78 65 65 64 64 64 69 69 69 70 70 66 66 66 63 63 58 58 58 52 52 52 51 51 42 42 42 35 35 30 30 30 20 20 20 16 16 8 8 8 0 0 0 0 0 26 26 26 49 49 51 51 51 46 46
-9999 -9999 -9999 -9999 -9999 -9999 -9999 -9999 -9999 -9999 -9999 -9999 -9999 -9999 -9999 -9999 -9999 92 92 92 91 91 91 89 89 89 87 87 89 89 89 94 94 92 92 92 78 78 78 65 65 64 64 64 69 69 69 70 70 66 66 66 63 63 58 58 58 52 52 52 51 51 42 42 42 35 35 30 30 30 20 20 20 16 16 8 8 8 0 0 0 0 0 26 26 26 49 49 51 51 51 46 46
-9999 -9999 -9999 -9999 -9999 -9999 -9999 -9999 -9999 -9999 -9999 -9999 -9999 -9999 -9999 -9999 92 92 91 91 89 89 89 88 88 88 87 87 87 87 87 88 88 86 86 86 77 77 77 66 66 65 65 65 71 71 71 70 70 63 63 63 59 59 55 55 55 52 52 52 51 51 42 42 42 35 35 27 27 27 17 17 17 17 17 13 13 13 4 4 4 7 7 26 26 26 51 51 55 55 55 48 48
-9999 -9999 -9999 -9999 -9999 -9999 -9999 -9999 -9999 -9999 -9999 -9999 -9999 -9999 -9999 -9999 92 92 91 91 89 89 89 88 88 88 87 87 87 87 87 88 88 86 86 86 77 77 77 66 66 65 65 65 71 71 71 70 70 63 63 63 59 59 55 55 55 52 52 52 51 51 42 42 42 35 35 27 27 27 17 17 17 17 17 13 13 13 4 4 4 7 7 26 26 26 51 51 55 55 55 48 48
-9999 -9999 -9999 -9999 -9999 -9999 -9999 -9999 -9999 -9999 -9999 -9999 -9999 -9999 -9999 92 92 92 91 91 89 89 89 88 88 88 87 87 87 87 87 88 88 86 86 86 77 77 77 66 66 65 65 65 71 71 71 70 70 63 63 63 59 59 55 55 55 52 52 52 51 51 42 42 42 35 35 27 27 27 17 17 17 17 17 13 13 13 4 4 4 7 7 26 26 26 51 51 55 55 55 48 48
-9999 -9999 -9999 -9999 -9999 -9999 -9999 -9999 -9999 -9999 -9999 -9999 -9999 -9999 -9999 91 91 91 90 90 89 89 89 87 87 87 86 86 87 87 87 85 85 79 79 79 75 75 75 71 71 68 68 68 71 71 71 68 68 54 54 54 52 52 55 55 55 57 57 57 56 56 39 39 39 31 31 24 24 24 14 14 14 17 17 17 17 17 10 10 10 12 12 27 27 27 52 52 56 56 56 44 44
-9999 -9999 -9999 -9999 -9999 -9999 -9999 -9999 -9999 -9999 -9999 -9999 -9999 -9999 93 91 91 91 90 90 89 89 89 87 87 87 86 86 87 87 87 85 85 79 79 79 75 75 75 71 71 68 68 68 71 71 71 68 68 54 54 54 52 52 55 55 55 57 57 57 56 56 39 39 39 31 31 24 24 24 14 14 14 17 17 17 17 17 10 10 10 12 12 27 27 27 52 52 56 56 56 44 44
-9999 -9999 -9999 -9999 -9999 -9999 -9999 -9999 -9999 -9999 -9999 -9999 -9999 -9999 93 91 91 91 90 90 89 89 89 87 87 87 86 86 87 87 87 85 85 79 79 79 75 75 75 71 71 68 68 68 71 71 71 68 68 54 54 54 52 52 55 55 55 57 57 57 56 56 39 39 39 31 31 24 24 24 14 14 14 17 17 17 17 17 10 10 10 12 12 27 27 27 52 52 56 56 56 44 44
-9999 -9999 -9999 -9999 -9999 -9999 -9999 -9999 -9999 -9999 -9999 -9999 -9999 92 92 90 90 90 90 90 89 89 89 87 87 87 86 86 86 86 86 83 83 76 76 76 73 73 73 72 72 72 72 72 72 72 72 62 62 42 42 42 45 45 60 60 60 66 66 66 59 59 35 35 35 26 26 21 21 21 14 14 14 17 17 19 19 19 15 15 15 18 18 28 28 28 48 48 53 53 53 42 42
-9999 -9999 -9999 -9999 -9999 -9999 -9999 -9999 -9999 -9999 -9999 -9999 92 92 92 90 90 90 90 90 89 89 89 87 87 87 86 86 86 86 86 83 83 76 76 76 73 73 73 72 72 72 72 72 72 72 72 62 62 42 42 42 45 45 60 60 60 66 66 66 59 59 35 35 35 26 26 21 21 21 14 14 14 17 17 19 19 19 15 15 15 18 18 28 28 28 48 48 53 53 53 42 42
-9999 -9999 -9999 -9999 -9999 -9999 -9999 -9999 -9999 -9999 -9999 -9999 91 91 91 90 90 90 90 -9999 -9999 -9999 -9999 -9999 87 87 86 86 86 86 86 82 82 76 76 76 71 71 71 71 71 75 75 75 71 71 71 54 54 32 32 32 44 44 67 67 67 71 71 71 55 55 29 29 29 25 25 21 21 21 15 15 15 20 20 20 20 20 16 16 16 21 21 28 28 28 44 44 52 52 52 42 42
-9999 -9999 -9999 -9999 -9999 -9999 -9999 -9999 -9999 -9999 -9999 93 91 91 91 90 -9999 -9999 -9999 -9999 -9999 -9999 -9999 87 87 87 86 86 86 86 86 82 82 76 76 76 71 71 71 71 71 75 75 75 71 71 71 54 54 32 32 32 44 44 67 67 67 71 71 71 55 55 29 29 29 25 25 21 21 21 15 15 15 20 20 20 20 20 16 16 16 21 21 28 28 28 44 44 52 52 52 42 42
-9999 -9999 -9999 -9999 -9999 -9999 -9999 -9999 -9999 -9999 -9999 93 91 91 -9999 -9999 -9999 -9999 -9999 -9999 -9999 -9999 89 87 87 87 86 86 86 86 86 82 82 76 76 76 71 71 71 71 71 75 75 75 71 71 71 54 54 32 32 32 44 44 67 67 67 71 71 71 55 55 29 29 29 25 25 21 21 21 15 15 15 20 20 20 20 20 16 16 16 21 21 28 28 28 44 44 52 52 52 42 42
-9999 -9999 -9999 -9999 -9999 -9999 -9999 -9999 -9999 -9999 -9999 -9999 -9999 -9999 -9999 -9999 -9999 -9999 -9999 -9999 -9999 89 89 87 87 87 86 86 86 86 86 83 83 77 77 77 73 73 73 73 73 75 75 75 66 66 66 47 47 31 31 31 48 48 70 70 70 67 67 67 48 48 27 27 27 27 27 24 24 24 17 17 17 22 22 22 22 22 17 17 17 22 22 28 28 28 44 44 52 52 52 40 40
-9999 -9999 -9999 -9999 -9999 -9999 -9999 -9999 -9999 -9999 -9999 -9999 -9999 -9999 -9999 -9999 -9999 -9999 -9999 -9999 89 89 89 87 87 87 86 86 86 86 86 83 83 77 77 77 73 73 73 73 73 75 75 75 66 66 66 47 47 31 31 31 48 48 70 70 70 67 67 67 48 48 27 27 27 27 27 24 24 24 17 17 17 22 22 22 22 22 17 17 17 22 22 28 28 28 44 44 52 52 52 40 40
-9999 -9999 -9999 -9999 -9999 -9999 -9999 -9999 -9999 -9999 -9999 -9999 -9999 -9999 -9999 -9999 -9999 -9999 89 89 88 88 88 86 86 86 86 86 87 87 87 85 85 79 79 79 76 76 76 76 76 72 72 72 60 60 60 45 45 35 35 35 49 49 62 62 62 55 55 55 43 43 30 30 30 30 30 28 28 28 21 21 21 25 25 25 25 25 19 19 19 23 23 29 29 29 43 43 49 49 49 37 37
-9999 -9999 -9999 -9999 -9999 -9999 -9999 -9999 -9999 -9999 -9999 -9999 -9999 -9999 -9999 -9999 -9999 90 89 89 88 88 88 86 86 86 86 86 87 87 87 85 85 79 79 79 76 76 76 76 76 72 72 72 60 60 60 45 45 35 35 35 49 49 62 62 62 55 55 55 43 43 30 30 30 30 30 28 28 28 21 21 21 25 25 25 25 25 19 19 19 23 23 29 29 29 43 43 49 49 49 37 37
-9999 -9999 -9999 -9999 -9999 -9999 -9999 -9999 -9999 -9999 -9999 -9999 -9999 -9999 -9999 -9999 90 90 89 89 88 88 88 86 86 86 86 86 87 87 87 85 85 79 79 79 76 76 76 76 76 72 72 72 60 60 60 45 45 35 35 35 49 49 62 62 62 55 55 55 43 43 30 30 30 30 30 28 28 28 21 21 21 25 25 25 25 25 19 19 19 23 23 29 29 29 43 43 49 49 49 37 37
-9999 -9999 -9999 -9999 -9999 -9999 -9999 -9999 -9999 -9999 -9999 -9999 -9999 -9999 -9999 90 90 90 88 88 86 86 86 86 86 86 86 86 88 88 88 87 87 81 81 81 80 80 80 79 79 71 71 71 58 58 58 47 47 39 39 39 44 44 50 50 50 46 46 46 44 44 36 36 36 32 32 30 30 30 24 24 24 26 26 26 26 26 21 21 21 25 25 30 30 30 40 40 46 46 46 36 36
-9999 -9999 -9999 -9999 -9999 -9999 -9999 -9999 -9999 -9999 -9999 -9999 -9999 -9999 -9999 90 90 90 88 88 86 86 86 86 86 86 86 86 88 88 88 87 87 81 81 81 80 80 80 79 79 71 71 71 58 58 58 47 47 39 39 39 44 44 50 50 50 46 46 46 44 44 36 36 36 32 32 30 30 30 24 24 24 26 26 26 26 26 21 21 21 25 25 30 30 30 40 40 46 46 46 36 36
-9999 -9999 -9999 -9999 -9999 -9999 -9999 -9999 -9999 -9999 -9999 -9999 -9999 -9999 90 90 90 90 88 88 86 86 86 86 86 86 86 86 88 88 88 87 87 81 81 81 80 80 80 79 79 71 71 71 58 58 58 47 47 39 39 39 44 44 50 50 50 46 46 46 44 44 36 36 36 32 32 30 30 30 24 24 24 26 26 26 26 26 21 21 21 25 25 30 30 30 40 40 46 46 46 36 36
-9999 -9999 -9999 -9999 -9999 -9999 -9999 -9999 -9999 -9999 -9999 -9999 -9999 -9999 90 90 90 90 88 88 86 86 86 87 87 87 88 88 89 89 89 87 87 83 83 83 82 82 82 80 80 73 73 73 62 62 62 49 49 37 37 37 34 34 39 39 39 43 43 43 47 47 39 39 39 32 32 30 30 30 25 25 25 28 28 27 27 27 23 23 23 28 28 32 32 32 40 40 44 44 44 34 34
-9999 -9999 -9999 -9999 -9999 -9999 -9999 -9999 -9999 -9999 -9999 -9999 -9999 90 90 90 90 90 88 88 86 86 86 87 87 87 88 88 89 89 89 87 87 83 83 83 82 82 82 80 80 73 73 73 62 62 62 49 49 37 37 37 34 34 39 39 39 43 43 43 47 47 39 39 39 32 32 30 30 30 25 25 25 28 28 27 27 27 23 23 23 28 28 32 32 32 40 40 44 44 44 34 34
-9999 -9999 -9999 -9999 -9999 -9999 -9999 -9999 -9999 -9999 -9999 -9999 91 91 91 91 91 91 88 88 87 87 87 90 90 90 90 90 89 89 89 86 86 74 74 74 79 79 79 86 86 76 76 76 67 67 67 51 51 33 33 33 26 26 34 34 34 42 42 42 49 49 41 41 41 31 31 30 30 30 25 25 25 29 29 30 30 30 26 26 26 31 31 34 34 34 42 42 40 40 40 27 27
-9999 -9999 -9999 -9999 -9999 -9999 -9999 -9999 -9999 -9999 -9999 89 91 91 91 91 91 91 88 88 87 87 87 90 90 90 90 90 89 89 89 86 86 74 -9999 -9999 -9999 -9999 79 86 86 76 76 76 67 67 67 51 51 33 33 33 26 26 34 34 34 42 42 42 49 49 41 41 41 31 31 30 30 30 25 25 25 29 29 30 30 30 26 26 26 31 31 34 34 34 42 42 40 40 40 27 27
-9999 -9999 -9999 -9999 -9999 -9999 -9999 -9999 -9999 -9999 89 89 91 91 91 91 91 91 88 88 87 87 87 90 90 90 90 90 89 89 89 86 -9999 -9999 -9999 -9999 -9999 -9999 -9999 86 86 76 76 76 67 67 67 51 51 33 33 33 26 26 34 34 34 42 42 42 49 49 41 41 41 31 31 30 30 30 25 25 25 29 29 30 30 30 26 26 26 31 31 34 34 34 42 42 40 40 40 27 27
-9999 -9999 -9999 -9999 -9999 -9999 -9999 -9999 -9999 91 92 92 92 92 92 92 92 92 89 89 89 89 89 92 92 92 90 90 80 80 80 -9999 -9999 -9999 -9999 -9999 -9999 -9999 -9999 100 100 79 79 79 69 69 69 52 52 32 32 32 24 24 32 32 32 40 40 40 46 46 39 39 39 30 30 30 30 30 26 26 26 31 31 33 33 33 29 29 29 34 34 37 37 37 42 42 35 35 35 23 23
-9999 -9999 -9999 -9999 -9999 -9999 -9999 -9999 -9999 91 92 92 92 92 92 92 92 92 89 89 89 89 89 92 92 92 90 90 80 80 -9999 -9999 -9999 -9999 -9999 -9999 -9999 -9999 82 100 100 79 79 79 69 69 69 52 52 32 32 32 24 24 32 32 32 40 40 40 46 46 39 39 39 30 30 30 30 30 26 26 26 31 31 33 33 33 29 29 29 34 34 37 37 37 42 42 35 35 35 23 23
-9999 -9999 -9999 -9999 -9999 -9999 -9999 -9999 -9999 91 92 92 92 92 92 92 92 92 89 89 89 89 89 92 92 92 90 90 -9999 -9999 -9999 -9999 -9999 -9999 -9999 -9999 82 82 82 100 100 79 79 79 69 69 69 52 52 32 32 32 24 24 32 32 32 40 40 40 46 46 39 39 39 30 30 30 30 30 26 26 26 31 31 33 33 33 29 29 29 34 34 37 37 37 42 42 35 35 35 23 23
-9999 -9999 -9999 -9999 -9999 -9999 -9999 -9999 -9999 -9999 -9999 -9999 96 96 96 92 92 92 90 90 91 91 91 86 86 86 -9999 -9999 -9999 -9999 -9999 -9999 -9999 -9999 -9999 73 101 101 101 103 103 78 78 78 68 68 68 51 51 35 35 35 28 28 32 32 32 36 36 36 42 42 38 38 38 32 32 31 31 31 28 28 28 34 34 36 36 36 32 32 32 38 38 39 39 39 40 40 33 33 33 26 26
-9999 -9999 -9999 -9999 -9999 -9999 -9999 -9999 -9999 -9999 -9999 -9999 96 96 96 92 92 92 90 90 91 91 91 86 -9999 -9999 -9999 -9999 -9999 -9999 -9999 -9999 -9999 -9999 73 73 101 101 101 103 103 78 78 78 68 68 68 51 51 35 35 35 28 28 32 32 32 36 36 36 42 42 38 38 38 32 32 31 31 31 28 28 28 34 34 36 36 36 32 32 32 38 38 39 39 39 40 40 33 33 33 26 26
-9999 -9999 -9999 -9999 -9999 -9999 -9999 -9999 -9999 -9999 -9999 -9999 -9999 102 102 96 96 96 83 83 80 80 -9999 -9999 -9999 -9999 -9999 -9999 -9999 -9999 -9999 -9999 -9999 102 102 102 106 106 106 89 89 74 74 74 63 63 63 50 50 38 38 38 35 35 33 33 33 34 34 34 41 41 40 40 40 35 35 32 32 32 30 30 30 36 36 38 38 38 36 36 36 41 41 40 40 40 37 37 35 35 35 35 35
-9999 -9999 -9999 -9999 -9999 -9999 -9999 -9999 -9999 -9999 -9999 -9999 -9999 102 102 96 96 96 83 -9999 -9999 -9999 -9999 -9999 -9999 -9999 -9999 -9999 -9999 -9999 -9999 -9999 73 102 102 102 106 106 106 89 89 74 74 74 63 63 63 50 50 38 38 38 35 35 33 33 33 34 34 34 41 41 40 40 40 35 35 32 32 32 30 30 30 36 36 38 38 38 36 36 36 41 41 40 40 40 37 37 35 35 35 35 35
-9999 -9999 -9999 -9999 -9999 -9999 -9999 -9999 -9999 -9999 -9999 -9999 -9999 -9999 -9999 96 96 96 -9999 -9999 -9999 -9999 -9999 -9999 -9999 -9999 -9999 -9999 -9999 -9999 -9999 73 73 102 102 102 106 106 106 89 89 74 74 74 63 63 63 50 50 38 38 38 35 35 33 33 33 34 34 34 41 41 40 40 40 35 35 32 32 32 30 30 30 36 36 38 38 38 36 36 36 41 41 40 40 40 37 37 35 35 35 35 35
