SEB_model/sample_data_files/historical_long/hillshade_historical_long/julymid.txt
ncols         768
nrows         486
xllcorner     388353.95236715
yllcorner     7583725.4876181
cellsize      5
NODATA_value  -9999
[rows 368 to 413 of 486, columns 384 to 479 of 768]
56 55 55 55 53 53 53 51 51 51 51 51 52 52 52 53 53 54 54 54 54 54 54 54 54 53 53 53 53 53 52 52 52 52 52 51 51 51 51 51 51 50 50 50 50 50 49 49 49 49 49 49 49 49 49 49 48 48 48 48 48 48 47 47 47 47 47 48 48 48 48 48 48 48 48 47 47 47 47 47 47 47 47 47 47 47 47 47 47 47 47 47 47 47 47 47
56 55 55 55 53 53 53 51 51 51 51 51 52 52 52 53 53 54 54 54 54 54 54 54 54 53 53 53 53 53 52 52 52 52 52 51 51 51 51 51 51 50 50 50 50 50 49 49 49 49 49 49 49 49 49 49 48 48 48 48 48 48 47 47 47 47 47 48 48 48 48 48 48 48 48 47 47 47 47 47 47 47 47 47 47 47 47 47 47 47 47 47 47 47 47 47
60 57 57 57 55 55 55 55 55 57 57 57 60 60 60 63 63 65 65 65 65 65 65 65 65 64 64 64 63 63 61 61 61 60 60 59 59 59 59 59 59 58 58 57 57 57 55 55 55 55 55 54 54 54 55 55 55 55 55 54 54 54 53 53 53 53 53 52 52 52 52 52 51 51 51 52 52 52 52 52 52 52 52 51 51 51 51 51 51 51 51 51 51 51 51 51
60 57 57 57 55 55 55 55 55 57 57 57 60 60 60 63 63 65 65 65 65 65 65 65 65 64 64 64 63 63 61 61 61 60 60 59 59 59 59 59 59 58 58 57 57 57 55 55 55 55 55 54 54 54 55 55 55 55 55 54 54 54 53 53 53 53 53 52 52 52 52 52 51 51 51 52 52 52 52 52 52 52 52 51 51 51 51 51 51 51 51 51 51 51 51 51
60 57 57 57 55 55 55 55 55 57 57 57 60 60 60 63 63 65 65 65 65 65 65 65 65 64 64 64 63 63 61 61 61 60 60 59 59 59 59 59 59 58 58 57 57 57 55 55 55 55 55 54 54 54 55 55 55 55 55 54 54 54 53 53 53 53 53 52 52 52 52 52 51 51 51 52 52 52 52 52 52 52 52 51 51 51 51 51 51 51 51 51 51 51 51 51
59 54 54 54 52 52 52 54 54 55 55 55 57 57 57 60 60 63 63 63 65 65 66 66 66 64 64 64 64 64 62 62 62 61 61 62 62 62 61 61 61 59 59 57 57 57 55 55 55 55 55 55 55 55 55 55 54 54 54 54 54 54 53 53 52 52 52 51 51 51 50 50 51 51 51 52 52 52 52 52 51 51 51 50 50 50 50 50 50 50 50 50 50 49 49 49
59 54 54 54 52 52 52 54 54 55 55 55 57 57 57 60 60 63 63 63 65 65 66 66 66 64 64 64 64 64 62 62 62 61 61 62 62 62 61 61 61 59 59 57 57 57 55 55 55 55 55 55 55 55 55 55 54 54 54 54 54 54 53 53 52 52 52 51 51 51 50 50 51 51 51 52 52 52 52 52 51 51 51 50 50 50 50 50 50 50 50 50 50 49 49 49
59 54 54 54 52 52 52 54 54 55 55 55 57 57 57 60 60 63 63 63 65 65 66 66 66 64 64 64 64 64 62 62 62 61 61 62 62 62 61 61 61 59 59 57 57 57 55 55 55 55 55 55 55 55 55 55 54 54 54 54 54 54 53 53 52 52 52 51 51 51 50 50 51 51 51 52 52 52 52 52 51 51 51 50 50 50 50 50 50 50 50 50 50 49 49 49
67 64 64 64 61 61 61 60 60 60 60 60 61 61 61 65 65 68 68 68 71 71 73 73 73 73 73 73 73 73 74 74 74 74 74 73 73 73 69 69 69 65 65 62 62 62 60 60 60 60 60 60 60 60 59 59 58 58 58 58 58 58 57 57 56 56 56 54 54 54 54 54 55 55 55 55 55 55 55 55 54 54 54 53 53 52 52 52 52 52 52 52 52 51 51 51
67 64 64 64 61 61 61 60 60 60 60 60 61 61 61 65 65 68 68 68 71 71 73 73 73 73 73 73 73 73 74 74 74 74 74 73 73 73 69 69 69 65 65 62 62 62 60 60 60 60 60 60 60 60 59 59 58 58 58 58 58 58 57 57 56 56 56 54 54 54 54 54 55 55 55 55 55 55 55 55 54 54 54 53 53 52 52 52 52 52 52 52 52 51 51 51
80 77 77 77 75 75 75 76 76 76 76 76 78 78 78 80 80 83 83 83 86 86 88 88 88 90 90 90 93 93 93 93 93 93 93 89 89 89 84 84 84 78 78 75 75 75 72 72 72 72 72 71 71 71 70 70 68 68 68 66 66 66 65 65 63 63 63 63 63 63 63 63 62 62 62 62 62 61 61 61 59 59 59 58 58 58 58 58 57 57 57 57 57 57 57 57
80 77 77 77 75 75 75 76 76 76 76 76 78 78 78 80 80 83 83 83 86 86 88 88 88 90 90 90 93 93 93 93 93 93 93 89 89 89 84 84 84 78 78 75 75 75 72 72 72 72 72 71 71 71 70 70 68 68 68 66 66 66 65 65 63 63 63 63 63 63 63 63 62 62 62 62 62 61 61 61 59 59 59 58 58 58 58 58 57 57 57 57 57 57 57 57
80 77 77 77 75 75 75 76 76 76 76 76 78 78 78 80 80 83 83 83 86 86 88 88 88 90 90 90 93 93 93 93 93 93 93 89 89 89 84 84 84 78 78 75 75 75 72 72 72 72 72 71 71 71 70 70 68 68 68 66 66 66 65 65 63 63 63 63 63 63 63 63 62 62 62 62 62 61 61 61 59 59 59 58 58 58 58 58 57 57 57 57 57 57 57 57
82 79 79 79 79 79 79 82 82 85 85 85 86 86 86 86 86 85 85 85 86 86 88 88 88 91 91 91 94 94 94 94 94 92 92 89 89 89 85 85 85 81 81 78 78 78 76 76 76 75 75 73 73 73 70 70 68 68 68 66 66 66 65 65 64 64 64 65 65 65 64 64 62 62 62 61 61 60 60 60 58 58 58 57 57 57 57 57 57 57 56 56 56 57 57 57
82 79 79 79 79 79 79 82 82 85 85 85 86 86 86 86 86 85 85 85 86 86 88 88 88 91 91 91 94 94 94 94 94 92 92 89 89 89 85 85 85 81 81 78 78 78 76 76 76 75 75 73 73 73 70 70 68 68 68 66 66 66 65 65 64 64 64 65 65 65 64 64 62 62 62 61 61 60 60 60 58 58 58 57 57 57 57 57 57 57 56 56 56 57 57 57
82 79 79 79 79 79 79 82 82 85 85 85 86 86 86 86 86 85 85 85 86 86 88 88 88 91 91 91 94 94 94 94 94 92 92 89 89 89 85 85 85 81 81 78 78 78 76 76 76 75 75 73 73 73 70 70 68 68 68 66 66 66 65 65 64 64 64 65 65 65 64 64 62 62 62 61 61 60 60 60 58 58 58 57 57 57 57 57 57 57 56 56 56 57 57 57
108 96 96 96 100 100 100 113 113 120 120 120 115 115 115 106 106 99 99 99 97 97 97 97 97 99 99 99 101 101 102 102 102 101 101 100 100 100 98 98 98 97 97 96 96 96 94 94 94 91 91 87 87 87 81 81 77 77 77 74 74 74 73 73 73 73 73 72 72 72 71 71 69 69 69 66 66 65 65 65 64 64 64 62 62 61 61 61 61 61 61 61 61 61 61 61
108 96 96 96 100 100 100 113 113 120 120 120 115 115 115 106 106 99 99 99 97 97 97 97 97 99 99 99 101 101 102 102 102 101 101 100 100 100 98 98 98 97 97 96 96 96 94 94 94 91 91 87 87 87 81 81 77 77 77 74 74 74 73 73 73 73 73 72 72 72 71 71 69 69 69 66 66 65 65 65 64 64 64 62 62 61 61 61 61 61 61 61 61 61 61 61
138 133 133 133 139 139 139 148 148 148 148 148 135 135 135 121 121 110 110 110 104 104 103 103 103 104 104 104 106 106 107 107 107 109 109 110 110 110 109 109 109 110 110 109 109 109 106 106 106 102 102 98 98 98 92 92 88 88 88 85 85 85 82 82 80 80 80 77 77 77 76 76 75 75 75 73 73 71 71 71 69 69 69 67 67 66 66 66 65 65 66 66 66 66 66 66
138 133 133 133 139 139 139 148 148 148 148 148 135 135 135 121 121 110 110 110 104 104 103 103 103 104 104 104 106 106 107 107 107 109 109 110 110 110 109 109 109 110 110 109 109 109 106 106 106 102 102 98 98 98 92 92 88 88 88 85 85 85 82 82 80 80 80 77 77 77 76 76 75 75 75 73 73 71 71 71 69 69 69 67 67 66 66 66 65 65 66 66 66 66 66 66
138 133 133 133 139 139 139 148 148 148 148 148 135 135 135 121 121 110 110 110 104 104 103 103 103 104 104 104 106 106 107 107 107 109 109 110 110 110 109 109 109 110 110 109 109 109 106 106 106 102 102 98 98 98 92 92 88 88 88 85 85 85 82 82 80 80 80 77 77 77 76 76 75 75 75 73 73 71 71 71 69 69 69 67 67 66 66 66 65 65 66 66 66 66 66 66
185 195 195 195 197 197 197 190 190 178 178 178 159 159 159 145 145 130 130 130 116 116 111 111 111 113 113 113 117 117 121 121 121 125 125 128 128 128 126 126 126 124 124 121 121 121 118 118 118 115 115 113 113 113 111 111 108 108 108 102 102 102 95 95 89 89 89 85 85 85 83 83 83 83 83 84 84 82 82 82 78 78 78 76 76 75 75 75 75 75 75 75 75 74 74 74
185 195 195 195 197 197 197 190 190 178 178 178 159 159 159 145 145 130 130 130 116 116 111 111 111 113 113 113 117 117 121 121 121 125 125 128 128 128 126 126 126 124 124 121 121 121 118 118 118 115 115 113 113 113 111 111 108 108 108 102 102 102 95 95 89 89 89 85 85 85 83 83 83 83 83 84 84 82 82 82 78 78 78 76 76 75 75 75 75 75 75 75 75 74 74 74
213 222 222 222 221 221 221 214 214 202 202 202 185 185 185 175 175 162 162 162 150 150 148 148 148 151 151 151 156 156 162 162 162 170 170 174 174 174 172 172 172 168 168 162 162 162 152 152 152 145 145 142 142 142 140 140 136 136 136 127 127 127 118 118 110 110 110 104 104 104 102 102 101 101 101 101 101 100 100 100 98 98 98 96 96 95 95 95 93 93 92 92 92 90 90 90
213 222 222 222 221 221 221 214 214 202 202 202 185 185 185 175 175 162 162 162 150 150 148 148 148 151 151 151 156 156 162 162 162 170 170 174 174 174 172 172 172 168 168 162 162 162 152 152 152 145 145 142 142 142 140 140 136 136 136 127 127 127 118 118 110 110 110 104 104 104 102 102 101 101 101 101 101 100 100 100 98 98 98 96 96 95 95 95 93 93 92 92 92 90 90 90
213 222 222 222 221 221 221 214 214 202 202 202 185 185 185 175 175 162 162 162 150 150 148 148 148 151 151 151 156 156 162 162 162 170 170 174 174 174 172 172 172 168 168 162 162 162 152 152 152 145 145 142 142 142 140 140 136 136 136 127 127 127 118 118 110 110 110 104 104 104 102 102 101 101 101 101 101 100 100 100 98 98 98 96 96 95 95 95 93 93 92 92 92 90 90 90
203 213 213 213 212 212 212 203 203 193 193 193 179 179 179 175 175 168 168 168 166 166 166 166 166 165 165 165 166 166 171 171 171 179 179 183 183 183 180 180 180 177 177 170 170 170 157 157 157 150 150 147 147 147 147 147 144 144 144 134 134 134 125 125 118 118 118 113 113 113 110 110 106 106 106 104 104 102 102 102 102 102 102 102 102 100 100 100 97 97 95 95 95 92 92 92
203 213 213 213 212 212 212 203 203 193 193 193 179 179 179 175 175 168 168 168 166 166 166 166 166 165 165 165 166 166 171 171 171 179 179 183 183 183 180 180 180 177 177 170 170 170 157 157 157 150 150 147 147 147 147 147 144 144 144 134 134 134 125 125 118 118 118 113 113 113 110 110 106 106 106 104 104 102 102 102 102 102 102 102 102 100 100 100 97 97 95 95 95 92 92 92
203 213 213 213 212 212 212 203 203 193 193 193 179 179 179 175 175 168 168 168 166 166 166 166 166 165 165 165 166 166 171 171 171 179 179 183 183 183 180 180 180 177 177 170 170 170 157 157 157 150 150 147 147 147 147 147 144 144 144 134 134 134 125 125 118 118 118 113 113 113 110 110 106 106 106 104 104 102 102 102 102 102 102 102 102 100 100 100 97 97 95 95 95 92 92 92
189 197 197 197 201 201 201 200 200 199 199 199 194 194 194 201 201 204 204 204 204 204 201 201 201 193 193 193 194 194 197 197 197 198 198 198 198 198 194 194 194 190 190 183 183 183 174 174 174 172 172 172 172 172 176 176 178 178 178 175 175 175 171 171 164 164 164 152 152 152 139 139 126 126 126 122 122 120 120 120 117 117 117 114 114 112 112 112 109 109 106 106 106 104 104 104
189 197 197 197 201 201 201 200 200 199 199 199 194 194 194 201 201 204 204 204 204 204 201 201 201 193 193 193 194 194 197 197 197 198 198 198 198 198 194 194 194 190 190 183 183 183 174 174 174 172 172 172 172 172 176 176 178 178 178 175 175 175 171 171 164 164 164 152 152 152 139 139 126 126 126 122 122 120 120 120 117 117 117 114 114 112 112 112 109 109 106 106 106 104 104 104
170 172 172 172 178 178 178 187 187 192 192 192 197 197 197 211 211 213 213 213 209 209 206 206 206 205 205 205 208 208 208 208 208 206 206 203 203 203 201 201 201 198 198 191 191 191 184 184 184 188 188 190 190 190 192 192 193 193 193 192 192 192 191 191 184 184 184 175 175 175 163 163 151 151 151 148 148 147 147 147 140 140 140 131 131 124 124 124 119 119 116 116 116 112 112 112
170 172 172 172 178 178 178 187 187 192 192 192 197 197 197 211 211 213 213 213 209 209 206 206 206 205 205 205 208 208 208 208 208 206 206 203 203 203 201 201 201 198 198 191 191 191 184 184 184 188 188 190 190 190 192 192 193 193 193 192 192 192 191 191 184 184 184 175 175 175 163 163 151 151 151 148 148 147 147 147 140 140 140 131 131 124 124 124 119 119 116 116 116 112 112 112
-9999 -9999 -9999 172 178 178 178 187 187 192 192 192 197 197 197 211 211 213 213 213 209 209 206 206 206 205 205 205 208 208 208 208 208 206 206 203 203 203 201 201 201 198 198 191 191 191 184 184 184 188 188 190 190 190 192 192 193 193 193 192 192 192 191 191 184 184 184 175 175 175 163 163 151 151 151 148 148 147 147 147 140 140 140 131 131 124 124 124 119 119 116 116 116 112 112 112
-9999 -9999 -9999 -9999 0 0 0 0 0 157 157 157 177 177 177 194 194 193 193 193 192 192 202 202 202 210 210 210 211 211 206 206 206 201 201 199 199 199 204 204 204 207 207 202 202 202 199 199 199 205 205 207 207 207 206 206 206 206 206 206 206 206 205 205 202 202 202 200 200 200 197 197 191 191 191 189 189 187 187 187 179 179 179 169 169 163 163 163 161 161 157 157 157 149 149 149
-9999 -9999 -9999 -9999 -9999 0 0 0 0 157 157 157 177 177 177 194 194 193 193 193 192 192 202 202 202 210 210 210 211 211 206 206 206 201 201 199 199 199 204 204 204 207 207 202 202 202 199 199 199 205 205 207 207 207 206 206 206 206 206 206 206 206 205 205 202 202 202 200 200 200 197 197 191 191 191 189 189 187 187 187 179 179 179 169 169 163 163 163 161 161 157 157 157 149 149 149
-9999 -9999 -9999 -9999 -9999 -9999 0 0 0 157 157 157 177 177 177 194 194 193 193 193 192 192 202 202 202 210 210 210 211 211 206 206 206 201 201 199 199 199 204 204 204 207 207 202 202 202 199 199 199 205 205 207 207 207 206 206 206 206 206 206 206 206 205 205 202 202 202 200 200 200 197 197 191 191 191 189 189 187 187 187 179 179 179 169 169 163 163 163 161 161 157 157 157 149 149 149
-9999 -9999 -9999 -9999 -9999 -9999 -9999 0 0 145 145 145 158 158 158 168 168 171 171 171 183 183 201 201 201 208 208 208 205 205 197 197 197 194 194 197 197 197 202 202 202 208 208 207 207 207 211 211 211 217 217 216 216 216 216 216 218 218 218 219 219 219 218 218 219 219 219 223 223 223 221 221 213 213 213 212 212 215 215 215 213 213 213 207 207 204 204 204 200 200 196 196 196 187 187 187
-9999 -9999 -9999 -9999 -9999 -9999 -9999 0 0 145 145 145 158 158 158 168 168 171 171 171 183 183 201 201 201 208 208 208 205 205 197 197 197 194 194 197 197 197 202 202 202 208 208 207 207 207 211 211 211 217 217 216 216 216 216 216 218 218 218 219 219 219 218 218 219 219 219 223 223 223 221 221 213 213 213 212 212 215 215 215 213 213 213 207 207 204 204 204 200 200 196 196 196 187 187 187
-9999 -9999 -9999 -9999 -9999 -9999 -9999 -9999 0 0 0 0 0 0 0 0 0 106 106 106 131 131 151 151 151 153 153 153 147 147 141 141 141 143 143 0 0 -9999 -9999 0 0 0 0 164 164 164 179 179 179 185 185 185 185 185 187 187 189 189 189 191 191 191 194 194 204 204 204 213 213 213 207 207 194 194 194 204 204 210 210 210 209 209 209 202 202 202 202 202 197 197 192 192 192 182 182 182
-9999 -9999 -9999 -9999 -9999 -9999 -9999 -9999 -9999 -9999 -9999 -9999 -9999 0 0 0 0 106 106 106 131 131 151 151 151 153 153 153 147 147 141 141 141 143 143 0 -9999 -9999 -9999 0 0 0 0 164 164 164 179 179 179 185 185 185 185 185 187 187 189 189 189 191 191 191 194 194 204 204 204 213 213 213 207 207 194 194 194 204 204 210 210 210 209 209 209 202 202 202 202 202 197 197 192 192 192 182 182 182
-9999 -9999 -9999 -9999 -9999 -9999 -9999 -9999 -9999 -9999 -9999 -9999 -9999 -9999 0 0 0 106 106 106 131 131 151 151 151 153 153 153 147 147 141 141 141 143 143 0 -9999 -9999 -9999 0 0 -9999 -9999 164 164 164 179 179 179 185 185 185 185 185 187 187 189 189 189 191 191 191 194 194 204 204 204 213 213 213 207 207 194 194 194 204 204 210 210 210 209 209 209 202 202 202 202 202 197 197 192 192 192 182 182 182
-9999 -9999 -9999 -9999 -9999 -9999 -9999 -9999 -9999 -9999 -9999 -9999 -9999 -9999 -9999 0 0 0 -9999 -9999 -9999 -9999 -9999 -9999 -9999 -9999 -9999 -9999 -9999 -9999 -9999 0 0 0 0 0 -9999 -9999 -9999 -9999 -9999 -9999 -9999 -9999 -9999 -9999 -9999 -9999 0 0 0 129 129 129 136 136 132 132 132 125 125 125 134 134 151 151 151 19 19 19 0 0 0 0 0 0 0 0 0 0 89 89 89 179 179 190 190 190 191 191 190 190 190 188 188 188
-9999 -9999 -9999 -9999 -9999 -9999 -9999 -9999 -9999 -9999 -9999 -9999 -9999 -9999 -9999 -9999 -9999 -9999 -9999 -9999 -9999 -9999 -9999 -9999 -9999 -9999 -9999 -9999 -9999 -9999 -9999 -9999 -9999 0 0 0 -9999 -9999 -9999 -9999 -9999 -9999 -9999 -9999 -9999 -9999 -9999 -9999 0 0 0 129 129 129 136 136 132 132 132 125 125 125 134 134 151 151 151 19 -9999 -9999 -9999 -9999 -9999 -9999 -9999 -9999 -9999 -9999 -9999 0 89 89 89 179 179 190 190 190 191 191 190 190 190 188 188 188
-9999 -9999 -9999 -9999 -9999 -9999 -9999 -9999 -9999 -9999 -9999 -9999 -9999 -9999 -9999 -9999 -9999 -9999 -9999 -9999 -9999 -9999 -9999 -9999 -9999 -9999 -9999 -9999 -9999 -9999 -9999 -9999 -9999 -9999 0 0 0 0 0 0 0 0 0 0 -9999 -9999 -9999 -9999 0 0 0 -9999 -9999 -9999 0 0 0 0 0 0 0 0 0 0 0 0 -9999 -9999 -9999 -9999 -9999 -9999 -9999 -9999 -9999 -9999 -9999 -9999 -9999 -9999 0 0 0 39 39 178 178 178 185 185 187 187 187 190 190 190
-9999 -9999 -9999 -9999 -9999 -9999 -9999 -9999 -9999 -9999 -9999 -9999 -9999 -9999 -9999 -9999 -9999 -9999 -9999 -9999 -9999 -9999 -9999 -9999 -9999 -9999 -9999 -9999 -9999 -9999 -9999 -9999 -9999 -9999 -9999 -9999 0 0 0 0 0 0 0 0 -9999 -9999 -9999 -9999 -9999 -9999 -9999 -9999 -9999 -9999 -9999 0 0 0 0 -9999 -9999 -9999 -9999 -9999 -9999 -9999 -9999 -9999 -9999 -9999 -9999 -9999 -9999 -9999 -9999 -9999 -9999 -9999 -9999 -9999 -9999 0 0 39 39 178 178 178 185 185 187 187 187 190 190 190
