SEB_model/sample_data_files/historical_long/hillshade_historical_long/julynoon.txt
ncols         768
nrows         486
xllcorner     388353.95236715
yllcorner     7583725.4876181
cellsize      5
NODATA_value  -9999
[rows 200 to 239 of 486, columns 540 to 629 of 768]
146 146 146 146 146 145 145 145 149 149 152 152 152 150 150 150 148 148 145 145 145 141 141 137 137 137 135 135 135 140 140 143 143 143 144 144 144 144 144 140 140 140 144 144 145 145 145 141 141 141 146 146 154 154 154 166 166 175 175 175 176 176 176 178 178 177 177 177 174 174 174 172 172 168 168 168 168 168 162 162 162 155 155 155 158 158 162 162 162 168
146 146 146 146 146 145 145 145 149 149 152 152 152 150 150 150 148 148 145 145 145 141 141 137 137 137 135 135 135 140 140 143 143 143 144 144 144 144 144 140 140 140 144 144 145 145 145 141 141 141 146 146 154 154 154 166 166 175 175 175 176 176 176 178 178 177 177 177 174 174 174 172 172 168 168 168 168 168 162 162 162 155 155 155 158 158 162 162 162 168
146 146 146 146 146 145 145 145 149 149 152 152 152 150 150 150 148 148 145 145 145 141 141 137 137 137 135 135 135 140 140 143 143 143 144 144 144 144 144 140 140 140 144 144 145 145 145 141 141 141 146 146 154 154 154 166 166 175 175 175 176 176 176 178 178 177 177 177 174 174 174 172 172 168 168 168 168 168 162 162 162 155 155 155 158 158 162 162 162 168
140 140 141 141 141 138 138 138 138 138 139 139 139 139 139 139 138 138 136 136 136 134 134 132 132 132 128 128 128 129 129 128 128 128 126 126 124 124 124 117 117 117 116 116 118 118 118 117 117 117 123 123 131 131 131 142 142 156 156 156 165 165 165 173 173 173 173 173 172 172 172 171 171 168 168 168 171 171 168 168 168 158 158 158 153 153 149 149 149 148
140 140 141 141 141 138 138 138 138 138 139 139 139 139 139 139 138 138 136 136 136 134 134 132 132 132 128 128 128 129 129 128 128 128 126 126 124 124 124 117 117 117 116 116 118 118 118 117 117 117 123 123 131 131 131 142 142 156 156 156 165 165 165 173 173 173 173 173 172 172 172 171 171 168 168 168 171 171 168 168 168 158 158 158 153 153 149 149 149 148
140 140 141 141 141 138 138 138 138 138 139 139 139 139 139 139 138 138 136 136 136 134 134 132 132 132 128 128 128 129 129 128 128 128 126 126 124 124 124 117 117 117 116 116 118 118 118 117 117 117 123 123 131 131 131 142 142 156 156 156 165 165 165 173 173 173 173 173 172 172 172 171 171 168 168 168 171 171 168 168 168 158 158 158 153 153 149 149 149 148
115 115 116 116 116 114 114 114 112 112 111 111 111 110 110 110 112 112 112 112 112 111 111 111 111 111 109 109 109 109 109 108 108 108 107 107 105 105 105 102 102 102 104 104 106 106 106 107 107 107 111 111 114 114 114 119 119 126 126 126 135 135 135 149 149 157 157 157 162 162 162 165 165 163 163 163 167 167 169 169 169 163 163 163 160 160 156 156 156 152
115 115 116 116 116 114 114 114 112 112 111 111 111 110 110 110 112 112 112 112 112 111 111 111 111 111 109 109 109 109 109 108 108 108 107 107 105 105 105 102 102 102 104 104 106 106 106 107 107 107 111 111 114 114 114 119 119 126 126 126 135 135 135 149 149 157 157 157 162 162 162 165 165 163 163 163 167 167 169 169 169 163 163 163 160 160 156 156 156 152
93 93 94 94 94 95 95 95 96 96 96 96 96 94 94 94 94 94 94 94 94 93 93 92 92 92 93 93 93 97 97 100 100 100 101 101 101 101 101 100 100 100 101 101 102 102 102 102 102 102 105 105 106 106 106 107 107 107 107 107 108 108 108 115 115 124 124 124 131 131 131 136 136 136 136 136 139 139 142 142 142 140 140 140 140 140 140 140 140 139
93 93 94 94 94 95 95 95 96 96 96 96 96 94 94 94 94 94 94 94 94 93 93 92 92 92 93 93 93 97 97 100 100 100 101 101 101 101 101 100 100 100 101 101 102 102 102 102 102 102 105 105 106 106 106 107 107 107 107 107 108 108 108 115 115 124 124 124 131 131 131 136 136 136 136 136 139 139 142 142 142 140 140 140 140 140 140 140 140 139
93 93 94 94 94 95 95 95 96 96 96 96 96 94 94 94 94 94 94 94 94 93 93 92 92 92 93 93 93 97 97 100 100 100 101 101 101 101 101 100 100 100 101 101 102 102 102 102 102 102 105 105 106 106 106 107 107 107 107 107 108 108 108 115 115 124 124 124 131 131 131 136 136 136 136 136 139 139 142 142 142 140 140 140 140 140 140 140 140 139
83 83 84 84 84 86 86 86 89 89 89 89 89 86 86 86 85 85 85 85 85 87 87 87 87 87 88 88 88 94 94 100 100 100 102 102 102 102 102 100 100 100 100 100 100 100 100 99 99 99 100 100 99 99 99 98 98 98 98 98 96 96 96 97 97 99 99 99 102 102 102 105 105 107 107 107 109 109 111 111 111 110 110 110 112 112 112 112 112 113
83 83 84 84 84 86 86 86 89 89 89 89 89 86 86 86 85 85 85 85 85 87 87 87 87 87 88 88 88 94 -9999 -9999 -9999 -9999 -9999 102 102 102 102 100 100 100 100 100 100 100 100 99 99 99 100 100 99 99 99 98 98 98 98 98 96 96 96 97 97 99 99 99 102 102 102 105 105 107 107 107 109 109 111 111 111 110 110 110 112 112 112 112 112 113
67 67 66 66 66 68 68 68 71 71 71 71 71 70 70 70 73 73 77 77 77 78 78 77 77 77 73 -9999 -9999 -9999 -9999 -9999 -9999 -9999 -9999 -9999 -9999 -9999 77 77 77 77 77 77 77 77 77 75 75 75 76 76 77 77 77 79 79 83 83 83 86 86 86 88 88 89 89 89 92 92 92 96 96 98 98 98 101 101 102 102 102 103 103 103 105 105 106 106 106 108
67 67 66 66 66 68 68 68 71 71 71 71 71 70 70 70 73 73 77 -9999 -9999 -9999 -9999 -9999 -9999 -9999 -9999 -9999 -9999 -9999 -9999 -9999 -9999 -9999 -9999 -9999 -9999 -9999 77 77 77 77 77 77 77 77 77 75 75 75 76 76 77 77 77 79 79 83 83 83 86 86 86 88 88 89 89 89 92 92 92 96 96 98 98 98 101 101 102 102 102 103 103 103 105 105 106 106 106 108
67 67 66 66 66 68 68 68 71 71 71 71 71 70 70 70 73 -9999 -9999 -9999 -9999 -9999 -9999 -9999 -9999 -9999 -9999 -9999 -9999 -9999 -9999 -9999 -9999 -9999 -9999 74 77 77 77 77 77 77 77 77 77 77 77 75 75 75 76 76 77 77 77 79 79 83 83 83 86 86 86 88 88 89 89 89 92 92 92 96 96 98 98 98 101 101 102 102 102 103 103 103 105 105 106 106 106 108
76 76 68 68 68 72 72 72 67 67 61 61 61 62 62 -9999 -9999 -9999 -9999 -9999 -9999 -9999 -9999 -9999 -9999 -9999 -9999 -9999 -9999 -9999 -9999 -9999 -9999 -9999 45 45 49 49 49 50 50 50 50 50 50 50 50 49 49 49 49 49 49 49 49 50 50 52 52 52 55 55 55 61 61 69 69 69 77 77 77 83 83 84 84 84 85 85 86 86 86 85 85 85 87 87 93 93 93 98
76 76 68 68 -9999 -9999 72 72 67 67 61 61 61 62 62 62 61 61 59 59 59 -9999 -9999 -9999 -9999 -9999 -9999 -9999 -9999 -9999 -9999 -9999 43 43 45 45 49 49 49 50 50 50 50 50 50 50 50 49 49 49 49 49 49 49 49 50 50 52 52 52 55 55 55 61 61 69 69 69 77 77 77 83 83 84 84 84 85 85 86 86 86 85 85 85 87 87 93 93 93 98
76 76 68 -9999 -9999 -9999 72 72 67 67 61 61 61 62 62 62 61 61 59 59 59 -9999 -9999 -9999 -9999 -9999 -9999 -9999 51 46 46 43 43 43 45 45 49 49 49 50 50 50 50 50 50 50 50 49 49 49 49 49 49 49 49 50 50 52 52 52 55 55 55 61 61 69 69 69 77 77 77 83 83 84 84 84 85 85 86 86 86 85 85 85 87 87 93 93 93 -9999
-9999 -9999 -9999 -9999 -9999 0 0 0 56 56 52 52 52 50 50 50 48 48 43 43 -9999 -9999 -9999 -9999 -9999 -9999 -9999 -9999 40 40 40 41 41 41 42 42 43 43 43 43 43 43 43 43 42 42 42 41 41 41 40 40 37 37 37 35 35 31 31 31 29 29 29 32 32 39 39 39 47 47 47 53 53 56 56 56 58 58 60 60 60 61 61 61 64 64 70 70 -9999 -9999
-9999 -9999 -9999 -9999 -9999 0 0 0 -9999 56 52 52 52 -9999 -9999 -9999 48 48 -9999 -9999 -9999 -9999 -9999 -9999 -9999 -9999 -9999 -9999 -9999 40 40 41 41 41 42 42 43 43 43 43 43 43 43 43 42 42 42 41 41 41 40 40 37 37 37 35 35 31 31 31 29 29 29 32 32 39 39 39 47 47 47 53 53 56 56 56 58 58 60 60 60 61 61 61 64 64 70 -9999 -9999 -9999
-9999 -9999 -9999 -9999 -9999 56 56 56 52 -9999 51 -9999 -9999 -9999 -9999 -9999 -9999 -9999 -9999 -9999 -9999 -9999 -9999 -9999 -9999 -9999 -9999 -9999 -9999 -9999 -9999 -9999 41 41 41 41 42 42 42 42 42 42 42 42 40 40 40 38 38 38 35 35 34 34 34 33 33 -9999 -9999 -9999 -9999 -9999 -9999 28 28 29 29 29 33 33 33 36 36 40 40 40 43 43 46 46 46 48 48 48 51 51 0 -9999 -9999 -9999
-9999 -9999 -9999 -9999 -9999 -9999 56 56 -9999 -9999 -9999 -9999 -9999 -9999 -9999 -9999 -9999 -9999 -9999 -9999 -9999 -9999 -9999 -9999 -9999 -9999 -9999 -9999 -9999 -9999 -9999 -9999 -9999 -9999 41 41 42 42 42 42 42 42 42 42 40 40 40 38 38 38 35 35 34 34 34 -9999 -9999 -9999 -9999 -9999 -9999 -9999 -9999 -9999 -9999 -9999 -9999 -9999 33 33 33 36 36 40 40 40 43 43 46 46 46 48 48 48 51 51 -9999 -9999 -9999 -9999
-9999 -9999 -9999 -9999 -9999 -9999 -9999 -9999 -9999 -9999 -9999 -9999 -9999 -9999 -9999 -9999 -9999 -9999 -9999 -9999 -9999 -9999 -9999 -9999 -9999 -9999 -9999 -9999 -9999 -9999 -9999 -9999 -9999 -9999 -9999 -9999 42 42 42 42 42 42 42 42 40 40 40 38 38 38 35 35 34 34 -9999 -9999 -9999 -9999 -9999 -9999 -9999 -9999 -9999 -9999 -9999 -9999 -9999 -9999 -9999 -9999 -9999 36 36 40 40 40 43 43 46 46 46 48 48 48 51 -9999 -9999 -9999 -9999 -9999
-9999 -9999 -9999 -9999 -9999 -9999 -9999 -9999 -9999 -9999 -9999 -9999 -9999 -9999 -9999 -9999 -9999 -9999 -9999 -9999 -9999 -9999 -9999 -9999 -9999 -9999 -9999 -9999 -9999 -9999 -9999 -9999 -9999 -9999 -9999 -9999 -9999 -9999 42 42 42 42 42 42 40 40 40 37 37 37 35 35 33 -9999 -9999 -9999 -9999 -9999 -9999 -9999 -9999 -9999 -9999 -9999 -9999 -9999 -9999 -9999 -9999 -9999 -9999 -9999 39 41 41 41 0 -9999 -9999 -9999 -9999 -9999 -9999 0 -9999 -9999 -9999 -9999 -9999 -9999
-9999 -9999 -9999 -9999 -9999 -9999 -9999 -9999 -9999 -9999 -9999 -9999 -9999 -9999 -9999 -9999 -9999 -9999 -9999 -9999 -9999 -9999 -9999 -9999 -9999 -9999 -9999 -9999 -9999 -9999 -9999 -9999 -9999 -9999 -9999 -9999 -9999 -9999 -9999 42 42 42 42 42 40 40 40 37 37 37 35 35 -9999 -9999 -9999 -9999 -9999 -9999 -9999 -9999 -9999 -9999 -9999 -9999 -9999 -9999 -9999 -9999 -9999 -9999 -9999 -9999 -9999 41 41 41 -9999 -9999 -9999 -9999 -9999 -9999 -9999 -9999 -9999 -9999 -9999 -9999 -9999 -9999
-9999 -9999 -9999 -9999 -9999 -9999 -9999 -9999 -9999 -9999 -9999 -9999 -9999 -9999 -9999 -9999 -9999 -9999 -9999 -9999 -9999 -9999 -9999 -9999 -9999 -9999 -9999 -9999 -9999 -9999 -9999 -9999 -9999 -9999 -9999 -9999 -9999 -9999 -9999 -9999 -9999 -9999 42 42 40 40 40 37 37 37 -9999 -9999 -9999 -9999 -9999 -9999 -9999 -9999 -9999 -9999 -9999 -9999 -9999 -9999 -9999 -9999 -9999 -9999 -9999 -9999 -9999 -9999 39 41 41 41 -9999 -9999 -9999 -9999 -9999 -9999 -9999 -9999 -9999 -9999 -9999 -9999 -9999 -9999
-9999 -9999 -9999 -9999 -9999 -9999 -9999 -9999 -9999 -9999 -9999 -9999 -9999 -9999 -9999 -9999 -9999 -9999 -9999 -9999 -9999 -9999 -9999 -9999 -9999 -9999 -9999 -9999 -9999 -9999 -9999 -9999 -9999 -9999 -9999 -9999 -9999 -9999 -9999 -9999 -9999 -9999 -9999 -9999 -9999 -9999 -9999 -9999 -9999 -9999 -9999 -9999 -9999 -9999 -9999 -9999 -9999 -9999 -9999 -9999 -9999 -9999 -9999 -9999 -9999 -9999 -9999 -9999 -9999 -9999 40 0 0 0 0 -9999 -9999 -9999 -9999 -9999 -9999 -9999 -9999 -9999 -9999 -9999 -9999 -9999 -9999 -9999
-9999 -9999 -9999 -9999 -9999 -9999 -9999 -9999 -9999 -9999 -9999 -9999 -9999 -9999 -9999 -9999 -9999 -9999 -9999 -9999 -9999 -9999 -9999 -9999 -9999 -9999 -9999 -9999 -9999 -9999 -9999 -9999 -9999 -9999 -9999 -9999 -9999 -9999 -9999 -9999 -9999 -9999 -9999 -9999 -9999 -9999 -9999 -9999 -9999 -9999 -9999 -9999 -9999 -9999 -9999 -9999 -9999 -9999 -9999 -9999 -9999 -9999 -9999 -9999 -9999 -9999 -9999 -9999 -9999 -9999 -9999 -9999 -9999 -9999 -9999 -9999 -9999 -9999 -9999 -9999 -9999 -9999 -9999 -9999 -9999 -9999 -9999 -9999 -9999 -9999
-9999 -9999 -9999 -9999 -9999 -9999 -9999 -9999 -9999 -9999 -9999 -9999 -9999 -9999 -9999 -9999 -9999 -9999 -9999 -9999 -9999 -9999 -9999 -9999 -9999 -9999 -9999 -9999 -9999 -9999 -9999 -9999 -9999 -9999 -9999 -9999 -9999 -9999 -9999 -9999 -9999 -9999 -9999 -9999 -9999 -9999 -9999 -9999 -9999 -9999 -9999 -9999 -9999 -9999 -9999 -9999 -9999 -9999 -9999 -9999 -9999 -9999 -9999 -9999 -9999 -9999 -9999 -9999 -9999 -9999 -9999 -9999 -9999 -9999 -9999 -9999 -9999 -9999 -9999 -9999 -9999 -9999 -9999 -9999 -9999 -9999 -9999 -9999 -9999 -9999
-9999 -9999 -9999 -9999 -9999 -9999 -9999 -9999 -9999 -9999 -9999 -9999 -9999 -9999 -9999 -9999 -9999 -9999 -9999 -9999 -9999 -9999 -9999 -9999 -9999 -9999 -9999 -9999 -9999 -9999 -9999 -9999 -9999 -9999 -9999 -9999 -9999 -9999 -9999 -9999 -9999 -9999 -9999 -9999 -9999 -9999 -9999 -9999 -9999 -9999 -9999 -9999 -9999 -9999 -9999 -9999 -9999 -9999 -9999 -9999 -9999 -9999 -9999 -9999 -9999 -9999 -9999 -9999 -9999 -9999 -9999 -9999 -9999 -9999 -9999 -9999 -9999 -9999 -9999 -9999 -9999 -9999 -9999 -9999 -9999 -9999 -9999 -9999 -9999 -9999
-9999 -9999 -9999 -9999 -9999 -9999 -9999 -9999 -9999 -9999 -9999 -9999 -9999 -9999 -9999 -9999 -9999 -9999 -9999 -9999 -9999 -9999 -9999 -9999 -9999 -9999 -9999 -9999 -9999 -9999 -9999 -9999 -9999 -9999 -9999 -9999 -9999 -9999 -9999 -9999 -9999 -9999 -9999 -9999 -9999 -9999 -9999 -9999 -9999 -9999 -9999 -9999 -9999 -9999 -9999 -9999 -9999 -9999 -9999 -9999 -9999 -9999 -9999 -9999 -9999 -9999 -9999 -9999 -9999 -9999 -9999 -9999 -9999 -9999 -9999 -9999 -9999 -9999 -9999 -9999 -9999 -9999 -9999 -9999 -9999 -9999 -9999 -9999 -9999 -9999
-9999 -9999 -9999 -9999 -9999 -9999 -9999 -9999 -9999 -9999 -9999 -9999 -9999 -9999 -9999 -9999 -9999 -9999 -9999 -9999 -9999 -9999 -9999 -9999 -9999 -9999 -9999 -9999 -9999 -9999 -9999 -9999 -9999 -9999 -9999 -9999 -9999 -9999 -9999 -9999 -9999 -9999 -9999 -9999 -9999 -9999 -9999 -9999 -9999 -9999 -9999 -9999 -9999 -9999 -9999 -9999 -9999 -9999 -9999 -9999 -9999 -9999 -9999 -9999 -9999 -9999 -9999 -9999 -9999 -9999 -9999 -9999 -9999 -9999 -9999 -9999 -9999 -9999 -9999 -9999 -9999 -9999 -9999 -9999 -9999 -9999 -9999 -9999 -9999 -9999
-9999 -9999 -9999 -9999 -9999 -9999 -9999 -9999 -9999 -9999 -9999 -9999 -9999 -9999 -9999 -9999 -9999 -9999 -9999 -9999 -9999 -9999 -9999 -9999 -9999 -9999 -9999 -9999 -9999 -9999 -9999 -9999 -9999 -9999 -9999 -9999 -9999 -9999 -9999 -9999 -9999 -9999 -9999 -9999 -9999 -9999 -9999 -9999 -9999 -9999 -9999 -9999 -9999 -9999 -9999 -9999 -9999 -9999 -9999 -9999 -9999 -9999 -9999 -9999 -9999 -9999 -9999 -9999 -9999 -9999 -9999 -9999 -9999 -9999 -9999 -9999 -9999 -9999 -9999 -9999 -9999 -9999 -9999 -9999 -9999 -9999 -9999 -9999 -9999 -9999
-9999 -9999 -9999 -9999 -9999 -9999 -9999 -9999 -9999 -9999 -9999 -9999 -9999 -9999 -9999 -9999 -9999 -9999 -9999 -9999 -9999 -9999 -9999 -9999 -9999 -9999 -9999 -9999 -9999 -9999 -9999 -9999 -9999 -9999 -9999 -9999 -9999 -9999 -9999 -9999 -9999 -9999 -9999 -9999 -9999 -9999 -9999 -9999 -9999 -9999 -9999 -9999 -9999 -9999 -9999 -9999 -9999 -9999 -9999 -9999 -9999 -9999 -9999 -9999 -9999 -9999 -9999 -9999 -9999 -9999 -9999 -9999 -9999 -9999 -9999 -9999 -9999 -9999 -9999 -9999 -9999 -9999 -9999 -9999 -9999 -9999 -9999 -9999 -9999 -9999
-9999 -9999 -9999 -9999 -9999 -9999 -9999 -9999 -9999 -9999 -9999 -9999 -9999 -9999 -9999 -9999 -9999 -9999 -9999 -9999 -9999 -9999 -9999 -9999 -9999 -9999 -9999 -9999 -9999 -9999 -9999 -9999 -9999 -9999 -9999 -9999 -9999 -9999 -9999 -9999 -9999 -9999 -9999 -9999 -9999 -9999 -9999 -9999 -9999 -9999 -9999 -9999 -9999 -9999 -9999 -9999 -9999 -9999 -9999 -9999 -9999 -9999 -9999 -9999 -9999 -9999 -9999 -9999 -9999 -9999 -9999 -9999 -9999 -9999 -9999 -9999 -9999 -9999 -9999 -9999 -9999 -9999 -9999 -9999 -9999 -9999 -9999 -9999 -9999 -9999
-9999 -9999 -9999 -9999 -9999 -9999 -9999 -9999 -9999 -9999 -9999 -9999 -9999 -9999 -9999 -9999 -9999 -9999 -9999 -9999 -9999 -9999 -9999 -9999 -9999 -9999 -9999 -9999 -9999 -9999 -9999 -9999 -9999 -9999 -9999 -9999 -9999 -9999 -9999 -9999 -9999 -9999 -9999 -9999 -9999 -9999 -9999 -9999 -9999 -9999 -9999 -9999 -9999 -9999 -9999 -9999 -9999 -9999 -9999 -9999 -9999 -9999 -9999 -9999 -9999 -9999 -9999 -9999 -9999 -9999 -9999 -9999 -9999 -9999 -9999 -9999 -9999 -9999 -9999 -9999 -9999 -9999 -9999 -9999 -9999 -9999 -9999 -9999 -9999 -9999
-9999 -9999 -9999 -9999 -9999 -9999 -9999 -9999 -9999 -9999 -9999 -9999 -9999 -9999 -9999 -9999 0 0 -9999 -9999 -9999 -9999 -9999 -9999 -9999 -9999 -9999 -9999 -9999 -9999 -9999 -9999 -9999 -9999 -9999 -9999 -9999 -9999 -9999 -9999 -9999 -9999 -9999 -9999 -9999 -9999 -9999 -9999 -9999 -9999 -9999 -9999 -9999 -9999 -9999 -9999 -9999 -9999 -9999 -9999 -9999 -9999 -9999 -9999 -9999 -9999 -9999 -9999 -9999 -9999 -9999 -9999 -9999 -9999 -9999 -9999 -9999 -9999 -9999 -9999 -9999 -9999 -9999 -9999 -9999 -9999 -9999 -9999 -9999 -9999
-9999 -9999 -9999 -9999 -9999 -9999 -9999 -9999 -9999 -9999 -9999 -9999 -9999 -9999 -9999 -9999 0 0 -9999 -9999 -9999 -9999 -9999 -9999 -9999 -9999 -9999 -9999 -9999 -9999 -9999 -9999 -9999 -9999 -9999 -9999 -9999 -9999 -9999 -9999 -9999 -9999 -9999 -9999 -9999 -9999 -9999 -9999 -9999 -9999 -9999 -9999 -9999 -9999 -9999 -9999 -9999 -9999 -9999 -9999 -9999 -9999 -9999 -9999 -9999 -9999 -9999 -9999 -9999 -9999 -9999 -9999 -9999 -9999 -9999 -9999 -9999 -9999 -9999 -9999 -9999 -9999 -9999 -9999 -9999 -9999 -9999 -9999 -9999 -9999
-9999 -9999 -9999 -9999 -9999 -9999 -9999 -9999 -9999 -9999 -9999 -9999 -9999 -9999 -9999 50 0 0 -9999 -9999 -9999 -9999 -9999 -9999 -9999 -9999 -9999 -9999 -9999 -9999 -9999 -9999 -9999 -9999 -9999 -9999 -9999 -9999 -9999 -9999 -9999 -9999 -9999 -9999 -9999 -9999 -9999 -9999 -9999 -9999 -9999 -9999 -9999 -9999 -9999 -9999 -9999 -9999 -9999 -9999 -9999 -9999 -9999 -9999 -9999 -9999 -9999 -9999 -9999 -9999 -9999 -9999 -9999 -9999 -9999 -9999 -9999 -9999 -9999 -9999 -9999 -9999 -9999 -9999 -9999 -9999 -9999 -9999 -9999 -9999
