SEB_model/sample_data_files/historical_long/hillshade_historical_long/july6pm.txt
ncols         768
nrows         486
xllcorner     388353.95236715
yllcorner     7583725.4876181
cellsize      5
NODATA_value  -9999
[rows 328 to 368 of 486, columns 651 to 743 of 768]
64 59 59 59 54 54 54 62 62 63 63 63 63 63 66 66 66 62 62 62 67 67 69 69 69 65 65 65 69 69 70 70 70 70 70 72 72 72 68 68 68 74 74 74 74 74 70 70 67 67 67 59 59 59 66 66 72 72 72 69 69 69 72 72 64 64 64 55 55 46 46 -9999 -9999 -9999 -9999 -9999 -9999 -9999 93 93 126 126 73 73 73 61 61 61 63 63 62 62 62
63 59 59 59 54 54 54 62 62 64 64 64 65 65 67 67 67 64 64 64 69 69 70 70 70 66 66 66 70 70 70 70 70 71 71 73 73 73 70 70 70 75 75 75 75 75 74 74 70 70 70 58 58 58 62 62 71 71 71 79 79 79 85 85 73 73 73 0 0 0 -9999 -9999 -9999 -9999 -9999 -9999 -9999 -9999 -9999 0 207 207 73 73 73 64 64 64 65 65 65 65 65
63 59 59 59 54 54 54 62 62 64 64 64 65 65 67 67 67 64 64 64 69 69 70 70 70 66 66 66 70 70 70 70 70 71 71 73 73 73 70 70 70 75 75 75 75 75 74 74 70 70 70 58 58 58 62 62 71 71 71 79 79 79 85 85 73 73 73 0 0 -9999 -9999 0 0 -9999 -9999 -9999 -9999 -9999 -9999 0 207 207 73 73 73 64 64 64 65 65 65 65 65
63 62 62 62 57 57 57 65 65 66 66 66 67 67 68 68 68 65 65 65 72 72 72 72 72 68 68 68 73 73 72 72 72 73 73 75 75 75 72 72 72 78 78 79 79 79 79 79 73 73 73 58 58 58 57 57 5 5 5 1 -9999 -9999 -9999 44 111 111 111 0 0 0 0 0 -9999 -9999 -9999 -9999 -9999 -9999 0 0 224 224 5 5 5 -9999 49 49 122 122 66 66 66
63 62 62 62 57 57 57 65 65 66 66 66 67 67 68 68 68 65 65 65 72 72 72 72 72 68 68 68 73 73 72 72 72 73 73 75 75 75 72 72 72 78 78 79 79 79 79 79 73 73 73 58 58 58 57 57 5 5 5 -9999 -9999 -9999 -9999 -9999 -9999 -9999 111 0 0 0 -9999 -9999 -9999 -9999 -9999 -9999 -9999 -9999 -9999 -9999 224 224 5 5 -9999 -9999 49 49 122 122 66 66 66
63 62 62 62 57 57 57 65 65 66 66 66 67 67 68 68 68 65 65 65 72 72 72 72 72 68 68 68 73 73 72 72 72 73 73 75 75 75 72 72 72 78 78 79 79 79 79 79 73 73 73 58 58 58 57 57 5 5 5 -9999 -9999 -9999 -9999 -9999 -9999 -9999 -9999 -9999 -9999 -9999 -9999 -9999 -9999 -9999 -9999 -9999 -9999 -9999 -9999 -9999 -9999 224 -9999 -9999 -9999 49 49 49 122 122 66 66 66
65 64 64 64 60 60 60 67 67 68 68 68 68 68 69 69 69 67 67 67 74 74 74 74 74 71 71 71 75 75 74 74 74 75 75 77 77 77 75 75 75 81 81 85 85 85 85 85 78 78 78 65 65 65 62 62 0 0 0 0 0 -9999 -9999 -9999 -9999 -9999 -9999 -9999 -9999 -9999 -9999 -9999 -9999 -9999 -9999 -9999 -9999 -9999 -9999 -9999 -9999 -9999 -9999 -9999 -9999 0 0 0 -9999 187 131 131 131
65 64 64 64 60 60 60 67 67 68 68 68 68 68 69 69 69 67 67 67 74 74 74 74 74 71 71 71 75 75 74 74 74 75 75 77 77 77 75 75 75 81 81 85 85 85 85 85 78 78 78 65 65 65 62 62 0 0 0 0 0 0 0 -9999 -9999 -9999 -9999 -9999 -9999 -9999 -9999 -9999 -9999 -9999 -9999 -9999 -9999 -9999 -9999 -9999 -9999 -9999 -9999 -9999 -9999 -9999 -9999 -9999 187 187 131 131 131
67 67 67 67 63 63 63 69 69 70 70 70 71 71 72 72 72 71 71 71 77 77 79 79 79 75 75 75 78 78 78 78 78 79 79 80 80 80 79 79 79 86 86 93 93 93 95 95 19 19 19 0 0 0 31 31 95 95 95 0 0 0 0 0 0 -9999 -9999 -9999 -9999 -9999 -9999 -9999 -9999 -9999 -9999 -9999 -9999 -9999 -9999 -9999 -9999 -9999 -9999 -9999 -9999 -9999 0 0 0 0 173 173 173
67 67 67 67 63 63 63 69 69 70 70 70 71 71 72 72 72 71 71 71 77 77 79 79 79 75 75 75 78 78 78 78 78 79 79 80 80 80 79 79 79 86 86 93 93 93 95 95 19 19 19 0 0 -9999 -9999 -9999 95 95 95 0 0 0 0 0 -9999 -9999 -9999 -9999 -9999 -9999 -9999 -9999 -9999 -9999 -9999 -9999 -9999 -9999 -9999 -9999 -9999 -9999 -9999 -9999 0 0 0 0 0 0 173 173 173
67 67 67 67 63 63 63 69 69 70 70 70 71 71 72 72 72 71 71 71 77 77 79 79 79 75 75 75 78 78 78 78 78 79 79 80 80 80 79 79 79 86 86 93 93 93 95 95 19 19 -9999 -9999 -9999 -9999 -9999 -9999 -9999 -9999 95 0 0 0 -9999 -9999 -9999 -9999 -9999 -9999 -9999 -9999 -9999 -9999 -9999 -9999 -9999 -9999 -9999 -9999 -9999 -9999 -9999 0 0 0 0 0 0 0 0 0 173 173 173
66 70 70 70 66 66 66 68 68 69 69 69 72 72 75 75 75 73 73 73 79 79 81 81 81 77 77 77 79 79 80 80 80 81 81 82 82 82 82 82 82 89 89 102 102 102 41 41 -9999 -9999 -9999 -9999 -9999 -9999 -9999 -9999 -9999 -9999 -9999 -9999 -9999 -9999 -9999 -9999 -9999 -9999 -9999 -9999 -9999 -9999 -9999 -9999 -9999 -9999 -9999 -9999 -9999 -9999 -9999 0 0 0 135 135 135 135 135 135 108 108 67 67 -9999
66 70 70 70 66 66 66 68 68 69 69 69 72 72 75 75 75 73 73 73 79 79 81 81 81 77 77 77 79 79 80 80 80 81 81 82 82 82 82 82 82 89 89 102 102 102 41 -9999 -9999 -9999 -9999 -9999 -9999 -9999 -9999 -9999 -9999 -9999 -9999 -9999 -9999 -9999 -9999 -9999 -9999 -9999 -9999 -9999 -9999 -9999 -9999 -9999 -9999 -9999 -9999 -9999 -9999 -9999 0 0 0 0 135 135 135 135 135 135 108 108 67 67 -9999
66 70 70 70 66 66 66 68 68 69 69 69 72 72 75 75 75 73 73 73 79 79 81 81 81 77 77 77 79 79 80 80 80 81 81 82 82 82 82 82 82 89 89 102 102 -9999 -9999 -9999 -9999 -9999 -9999 -9999 -9999 -9999 -9999 -9999 -9999 -9999 -9999 -9999 -9999 -9999 -9999 -9999 -9999 -9999 -9999 -9999 -9999 -9999 -9999 -9999 -9999 -9999 -9999 -9999 -9999 -9999 0 0 0 0 135 135 135 135 135 135 108 108 67 67 67
69 73 73 73 68 68 68 69 69 70 70 70 74 74 78 78 78 77 77 77 81 81 83 83 83 81 81 81 83 83 83 83 83 83 83 85 85 85 34 34 34 21 21 -9999 -9999 -9999 -9999 -9999 -9999 -9999 -9999 -9999 -9999 -9999 -9999 -9999 -9999 -9999 -9999 -9999 -9999 -9999 -9999 -9999 -9999 -9999 -9999 -9999 -9999 -9999 -9999 -9999 -9999 -9999 -9999 -9999 -9999 178 178 178 132 132 104 104 104 126 126 126 82 82 0 0 0
69 73 73 73 68 68 68 69 69 70 70 70 74 74 78 78 78 77 77 77 81 81 83 83 83 81 81 81 83 83 83 83 83 83 83 85 85 85 34 34 -9999 -9999 -9999 -9999 -9999 -9999 -9999 -9999 -9999 -9999 -9999 -9999 -9999 -9999 -9999 -9999 -9999 -9999 -9999 -9999 -9999 -9999 -9999 -9999 -9999 -9999 -9999 -9999 -9999 -9999 -9999 -9999 -9999 -9999 -9999 -9999 -9999 178 178 178 132 132 104 104 104 126 126 126 82 82 0 -9999 -9999
73 74 74 74 71 71 71 73 73 73 73 73 78 78 82 82 82 80 80 80 83 83 86 86 86 87 87 87 88 88 87 87 87 43 43 29 29 -9999 -9999 -9999 -9999 -9999 -9999 -9999 -9999 -9999 -9999 -9999 -9999 -9999 -9999 -9999 -9999 -9999 -9999 -9999 -9999 -9999 -9999 -9999 -9999 -9999 -9999 -9999 -9999 -9999 -9999 -9999 -9999 -9999 -9999 -9999 -9999 -9999 -9999 -9999 219 216 216 216 123 123 0 0 0 0 0 0 -9999 -9999 -9999 -9999 -9999
73 74 74 74 71 71 71 73 73 73 73 73 78 78 82 82 82 80 80 80 83 83 86 86 86 87 87 87 88 88 87 87 87 43 43 -9999 -9999 -9999 -9999 -9999 -9999 -9999 -9999 -9999 -9999 -9999 -9999 -9999 -9999 -9999 -9999 -9999 -9999 -9999 -9999 -9999 -9999 -9999 -9999 -9999 -9999 -9999 -9999 -9999 -9999 -9999 -9999 -9999 -9999 -9999 -9999 -9999 -9999 -9999 -9999 219 219 216 216 216 123 123 0 0 0 0 -9999 -9999 -9999 -9999 -9999 -9999 -9999
73 74 74 74 71 71 71 73 73 73 73 73 78 78 82 82 82 80 80 80 83 83 86 86 86 87 87 87 88 88 87 87 87 43 43 -9999 -9999 -9999 -9999 -9999 -9999 -9999 -9999 -9999 -9999 -9999 -9999 -9999 -9999 -9999 -9999 -9999 -9999 -9999 -9999 -9999 -9999 -9999 -9999 -9999 -9999 -9999 -9999 -9999 -9999 -9999 -9999 -9999 -9999 -9999 -9999 -9999 -9999 67 67 219 219 216 216 216 123 123 0 0 -9999 -9999 -9999 -9999 -9999 -9999 -9999 -9999 -9999
74 74 74 74 71 71 71 74 74 76 76 76 79 79 82 82 82 82 82 82 85 85 88 88 88 91 91 91 92 92 90 90 90 10 10 0 -9999 -9999 -9999 -9999 -9999 -9999 -9999 -9999 -9999 -9999 -9999 -9999 -9999 -9999 -9999 -9999 -9999 -9999 -9999 -9999 -9999 -9999 -9999 -9999 -9999 -9999 -9999 -9999 -9999 -9999 -9999 -9999 -9999 -9999 -9999 -9999 112 112 112 186 186 203 203 -9999 -9999 -9999 -9999 -9999 -9999 -9999 -9999 -9999 -9999 -9999 -9999 -9999 -9999
74 74 74 74 71 71 71 74 74 76 76 76 79 79 82 82 82 82 82 82 85 85 88 88 88 91 91 91 92 92 90 90 90 10 10 0 0 0 0 0 0 0 -9999 -9999 -9999 -9999 -9999 -9999 -9999 -9999 -9999 -9999 -9999 -9999 -9999 -9999 -9999 -9999 -9999 -9999 -9999 -9999 -9999 -9999 -9999 -9999 -9999 -9999 -9999 -9999 -9999 138 112 112 112 186 186 203 -9999 -9999 -9999 -9999 -9999 -9999 -9999 -9999 -9999 -9999 -9999 -9999 -9999 -9999 -9999
74 74 74 74 71 71 71 74 74 76 76 76 79 79 82 82 82 82 82 82 85 85 88 88 88 91 91 91 92 92 90 90 90 10 10 0 0 0 0 0 -9999 -9999 -9999 -9999 -9999 -9999 -9999 -9999 -9999 -9999 -9999 -9999 -9999 -9999 -9999 -9999 -9999 -9999 -9999 -9999 -9999 -9999 -9999 -9999 -9999 -9999 -9999 -9999 -9999 -9999 138 138 112 112 112 186 186 -9999 -9999 -9999 -9999 -9999 -9999 -9999 -9999 -9999 -9999 -9999 -9999 -9999 -9999 -9999 -9999
75 75 75 75 71 71 71 75 75 81 81 81 83 83 85 85 85 86 86 86 88 88 91 91 91 94 94 94 95 95 94 94 94 58 58 0 0 0 0 0 -9999 -9999 -9999 -9999 -9999 -9999 -9999 -9999 -9999 -9999 -9999 -9999 -9999 -9999 -9999 -9999 -9999 -9999 -9999 -9999 -9999 -9999 -9999 -9999 -9999 -9999 -9999 -9999 -9999 185 185 185 140 140 140 74 74 0 -9999 -9999 -9999 -9999 -9999 -9999 -9999 -9999 -9999 -9999 -9999 -9999 -9999 -9999 -9999
75 75 75 75 71 71 71 75 75 81 81 81 83 83 85 85 85 86 86 86 88 88 91 91 91 94 94 94 95 95 94 94 94 58 58 0 0 0 0 0 0 0 0 0 0 0 -9999 -9999 -9999 -9999 -9999 -9999 -9999 -9999 -9999 -9999 -9999 -9999 -9999 -9999 -9999 -9999 -9999 -9999 -9999 -9999 -9999 138 138 185 185 185 140 140 140 74 74 0 0 0 0 0 0 -9999 -9999 -9999 -9999 -9999 -9999 -9999 -9999 -9999 -9999
77 77 77 77 74 74 74 80 80 86 86 86 88 88 90 90 90 91 91 91 92 92 93 93 93 95 95 95 96 96 97 97 97 99 99 67 67 67 0 0 0 0 0 0 0 0 -9999 -9999 -9999 -9999 -9999 -9999 -9999 -9999 -9999 -9999 -9999 -9999 -9999 -9999 -9999 -9999 -9999 -9999 112 112 112 145 145 192 192 192 149 149 149 0 0 0 0 0 0 0 0 -9999 -9999 -9999 -9999 -9999 -9999 -9999 -9999 -9999 -9999
77 77 77 77 74 74 74 80 80 86 86 86 88 88 90 90 90 91 91 91 92 92 93 93 93 95 95 95 96 96 97 97 97 99 99 67 67 67 0 0 0 0 0 0 0 -9999 -9999 -9999 -9999 -9999 -9999 -9999 -9999 -9999 -9999 -9999 -9999 -9999 -9999 -9999 64 64 132 132 112 112 112 145 145 192 192 192 149 149 149 0 0 0 0 0 0 0 -9999 -9999 -9999 -9999 -9999 -9999 -9999 -9999 -9999 -9999 -9999
77 77 77 77 74 74 74 80 80 86 86 86 88 88 90 90 90 91 91 91 92 92 93 93 93 95 95 95 96 96 97 97 97 99 99 67 67 67 0 0 0 0 0 0 -9999 -9999 -9999 -9999 -9999 -9999 -9999 -9999 -9999 -9999 -9999 -9999 -9999 -9999 -9999 64 64 64 132 132 112 112 112 145 145 192 192 192 149 149 149 0 0 0 0 0 -9999 -9999 -9999 -9999 -9999 -9999 -9999 -9999 -9999 -9999 -9999 -9999 -9999
80 81 81 81 81 81 81 85 85 88 88 88 90 90 93 93 93 94 94 94 94 94 94 94 94 93 93 93 93 93 98 98 98 103 103 107 107 107 70 70 70 30 30 0 -9999 -9999 -9999 -9999 -9999 -9999 -9999 -9999 -9999 -9999 -9999 -9999 -9999 -9999 -9999 107 107 107 143 143 142 142 142 123 123 89 89 89 0 0 -9999 -9999 -9999 -9999 -9999 -9999 -9999 -9999 -9999 -9999 -9999 -9999 -9999 -9999 -9999 -9999 -9999 -9999 -9999
80 81 81 81 81 81 81 85 85 88 88 88 90 90 93 93 93 94 94 94 94 94 94 94 94 93 93 93 93 93 98 98 98 103 103 107 107 107 70 70 70 30 30 -9999 -9999 -9999 -9999 -9999 -9999 -9999 -9999 -9999 -9999 -9999 -9999 -9999 -9999 -9999 -9999 107 107 107 143 143 142 142 142 123 123 89 -9999 -9999 -9999 -9999 -9999 -9999 -9999 -9999 -9999 -9999 -9999 -9999 -9999 -9999 -9999 -9999 -9999 -9999 -9999 -9999 -9999 -9999 -9999
85 86 86 86 86 86 86 88 88 89 89 89 91 91 95 95 95 99 99 99 98 98 96 96 96 93 93 93 94 94 101 101 101 105 105 107 107 107 68 68 68 0 -9999 -9999 -9999 -9999 -9999 -9999 -9999 -9999 -9999 -9999 -9999 -9999 -9999 -9999 -9999 -9999 -9999 182 182 182 144 144 96 96 96 17 -9999 -9999 -9999 -9999 -9999 -9999 -9999 -9999 -9999 -9999 -9999 -9999 -9999 -9999 -9999 -9999 -9999 -9999 -9999 -9999 -9999 -9999 -9999 -9999 -9999
85 86 86 86 86 86 86 88 88 89 89 89 91 91 95 95 95 99 99 99 98 98 96 96 96 93 93 93 94 94 101 101 101 105 105 107 107 107 68 68 68 -9999 -9999 -9999 -9999 -9999 -9999 -9999 -9999 -9999 -9999 -9999 -9999 -9999 -9999 -9999 -9999 -9999 -9999 -9999 -9999 -9999 144 144 96 -9999 -9999 -9999 -9999 -9999 -9999 -9999 -9999 -9999 -9999 -9999 -9999 -9999 -9999 -9999 -9999 -9999 -9999 -9999 -9999 -9999 -9999 -9999 -9999 -9999 -9999 -9999 -9999
85 86 86 86 86 86 86 88 88 89 89 89 91 91 95 95 95 99 99 99 98 98 96 96 96 93 93 93 94 94 101 101 101 105 105 107 107 107 68 -9999 -9999 -9999 -9999 -9999 -9999 -9999 -9999 -9999 -9999 -9999 -9999 -9999 -9999 -9999 -9999 -9999 -9999 -9999 -9999 -9999 182 182 144 -9999 -9999 -9999 -9999 -9999 -9999 -9999 -9999 -9999 -9999 -9999 -9999 -9999 -9999 -9999 -9999 -9999 -9999 -9999 -9999 -9999 -9999 -9999 -9999 -9999 -9999 -9999 -9999 -9999 -9999
86 87 87 87 87 87 87 88 88 88 88 88 90 90 97 97 97 103 103 103 101 101 96 96 96 94 94 94 95 95 101 101 101 103 103 64 64 64 -9999 -9999 -9999 -9999 -9999 -9999 -9999 -9999 -9999 -9999 -9999 -9999 -9999 -9999 -9999 -9999 -9999 -9999 -9999 -9999 -9999 90 90 -9999 -9999 -9999 -9999 -9999 -9999 -9999 -9999 -9999 -9999 -9999 -9999 -9999 -9999 -9999 -9999 -9999 -9999 -9999 -9999 -9999 -9999 -9999 -9999 -9999 -9999 -9999 -9999 -9999 -9999 -9999 -9999
86 87 87 87 87 87 87 88 88 88 88 88 90 90 97 97 97 103 103 103 101 101 96 96 96 94 94 94 95 95 101 101 101 103 103 64 -9999 -9999 -9999 -9999 -9999 -9999 -9999 -9999 -9999 -9999 -9999 -9999 -9999 -9999 -9999 -9999 -9999 -9999 -9999 -9999 -9999 123 123 -9999 -9999 -9999 -9999 -9999 -9999 -9999 -9999 -9999 -9999 -9999 -9999 -9999 -9999 -9999 -9999 -9999 -9999 -9999 -9999 -9999 -9999 -9999 -9999 -9999 -9999 -9999 -9999 -9999 -9999 -9999 -9999 -9999 -9999
86 87 87 87 87 87 87 88 88 88 88 88 90 90 97 97 97 103 103 103 101 101 96 96 96 94 94 94 95 95 101 101 101 103 103 -9999 -9999 -9999 -9999 -9999 -9999 -9999 -9999 -9999 -9999 -9999 -9999 -9999 -9999 -9999 -9999 -9999 -9999 -9999 -9999 -9999 -9999 -9999 -9999 -9999 -9999 -9999 -9999 -9999 -9999 -9999 -9999 -9999 -9999 -9999 -9999 -9999 -9999 -9999 -9999 -9999 -9999 -9999 -9999 -9999 -9999 -9999 -9999 -9999 -9999 -9999 -9999 -9999 -9999 -9999 -9999 -9999 -9999
87 88 88 88 88 88 88 89 89 89 89 89 91 91 98 98 98 105 105 105 102 102 97 97 97 96 96 96 97 97 62 62 62 -9999 -9999 -9999 -9999 -9999 -9999 -9999 -9999 -9999 -9999 -9999 -9999 -9999 -9999 -9999 -9999 -9999 -9999 -9999 -9999 -9999 -9999 -9999 -9999 -9999 -9999 -9999 -9999 -9999 -9999 -9999 -9999 -9999 -9999 -9999 -9999 -9999 -9999 -9999 -9999 -9999 -9999 -9999 -9999 -9999 -9999 -9999 -9999 -9999 -9999 -9999 -9999 -9999 -9999 -9999 -9999 -9999 -9999 -9999 -9999
87 88 88 88 88 88 88 89 89 89 89 89 91 91 98 98 98 105 105 105 102 102 97 97 97 96 96 96 97 97 62 -9999 -9999 -9999 -9999 -9999 -9999 -9999 -9999 -9999 -9999 -9999 -9999 -9999 -9999 -9999 -9999 -9999 -9999 -9999 -9999 -9999 -9999 -9999 -9999 -9999 -9999 -9999 -9999 -9999 -9999 -9999 -9999 -9999 -9999 -9999 -9999 -9999 -9999 -9999 -9999 -9999 -9999 -9999 -9999 -9999 -9999 -9999 -9999 -9999 -9999 -9999 -9999 -9999 -9999 -9999 -9999 -9999 -9999 -9999 -9999 -9999 -9999
87 88 88 88 89 89 89 91 91 92 92 92 94 94 99 99 99 103 103 103 101 101 97 97 97 64 64 64 52 -9999 -9999 -9999 -9999 -9999 -9999 -9999 -9999 -9999 -9999 -9999 -9999 -9999 -9999 -9999 -9999 -9999 -9999 -9999 -9999 -9999 -9999 -9999 -9999 -9999 -9999 -9999 -9999 -9999 -9999 -9999 -9999 -9999 -9999 -9999 -9999 -9999 -9999 -9999 -9999 -9999 -9999 -9999 -9999 -9999 -9999 -9999 -9999 -9999 -9999 -9999 -9999 -9999 -9999 -9999 -9999 -9999 -9999 -9999 -9999 -9999 -9999 -9999 -9999
87 88 88 88 89 89 89 91 91 92 92 92 94 94 99 99 99 103 103 103 101 101 97 97 97 64 64 -9999 -9999 -9999 -9999 -9999 -9999 -9999 -9999 -9999 -9999 -9999 -9999 -9999 -9999 -9999 -9999 -9999 -9999 -9999 -9999 -9999 -9999 -9999 -9999 -9999 -9999 -9999 -9999 -9999 -9999 -9999 -9999 -9999 -9999 -9999 -9999 -9999 -9999 -9999 -9999 -9999 -9999 -9999 -9999 -9999 -9999 -9999 -9999 -9999 -9999 -9999 -9999 -9999 -9999 -9999 -9999 -9999 -9999 -9999 -9999 -9999 -9999 -9999 -9999 -9999 -9999
87 88 88 88 89 89 89 91 91 92 92 92 94 94 99 99 99 103 103 103 101 101 97 97 97 -9999 -9999 -9999 -9999 -9999 -9999 -9999 -9999 -9999 -9999 -9999 -9999 -9999 -9999 -9999 -9999 -9999 -9999 -9999 -9999 -9999 -9999 -9999 -9999 -9999 -9999 -9999 -9999 -9999 -9999 -9999 -9999 -9999 -9999 -9999 -9999 -9999 -9999 -9999 -9999 -9999 -9999 -9999 -9999 -9999 -9999 -9999 -9999 -9999 -9999 -9999 -9999 -9999 -9999 -9999 -9999 -9999 -9999 -9999 -9999 -9999 -9999 -9999 -9999 -9999 -9999 -9999 -9999
87 89 89 89 90 90 90 92 92 94 94 94 96 96 99 99 99 103 103 103 66 66 50 -9999 -9999 -9999 -9999 -9999 -9999 -9999 -9999 -9999 -9999 -9999 -9999 -9999 -9999 -9999 -9999 -9999 -9999 -9999 -9999 -9999 -9999 -9999 -9999 -9999 -9999 -9999 -9999 -9999 -9999 -9999 -9999 -9999 -9999 -9999 -9999 -9999 -9999 -9999 -9999 -9999 -9999 -9999 -9999 -9999 -9999 -9999 -9999 -9999 -9999 -9999 -9999 -9999 -9999 -9999 -9999 -9999 -9999 -9999 -9999 -9999 -9999 -9999 -9999 -9999 -9999 -9999 -9999 -9999 -9999
