SEB_model/sample_data_files/historical_long/hillshade_historical_long/julynoon.txt
ncols         768
nrows         486
xllcorner     388353.95236715
yllcorner     7583725.4876181
cellsize      5
NODATA_value  -9999
[rows 80 to 119 of 486, columns 450 to 539 of 768]
161 160 160 160 158 158 154 154 154 153 153 151 151 151 148 148 148 149 149 150 150 150 150 150 150 150 150 148 148 148 149 149 148 148 148 148 148 148 156 156 165 165 165 174 174 179 179 179 182 182 182 185 185 188 188 188 181 181 162 162 162 170 170 170 -9999 -9999 -9999 -9999 -9999 -9999 -9999 -9999 -9999 -9999 -9999 -9999 -9999 -9999 -9999 -9999 -9999 -9999 -9999 -9999 -9999 -9999 -9999 -9999 -9999 -9999
161 160 160 160 158 158 154 154 154 153 153 151 151 151 148 148 148 149 149 150 150 150 150 150 150 150 150 148 148 148 149 149 148 148 148 148 148 148 156 156 165 165 165 174 174 179 179 179 182 182 182 185 185 188 188 188 181 181 162 162 162 170 170 170 202 202 -9999 -9999 -9999 -9999 -9999 -9999 -9999 -9999 -9999 -9999 -9999 -9999 -9999 -9999 -9999 -9999 -9999 -9999 -9999 -9999 -9999 -9999 -9999 -9999
161 160 160 160 158 158 154 154 154 153 153 151 151 151 148 148 148 149 149 150 150 150 150 150 150 150 150 148 148 148 149 149 148 148 148 148 148 148 156 156 165 165 165 174 174 179 179 179 182 182 182 185 185 188 188 188 181 181 162 162 162 170 170 170 202 202 214 214 -9999 -9999 -9999 -9999 -9999 -9999 -9999 -9999 -9999 -9999 -9999 -9999 -9999 -9999 -9999 -9999 -9999 -9999 -9999 -9999 -9999 -9999
162 162 162 162 161 161 158 158 158 156 156 154 154 154 150 150 150 151 151 151 151 151 152 152 153 153 153 151 151 151 152 152 150 150 150 145 145 145 145 145 149 149 149 158 158 167 167 167 175 175 175 183 183 187 187 187 189 189 180 180 180 159 159 159 160 160 173 173 173 189 189 189 -9999 -9999 -9999 -9999 -9999 -9999 -9999 -9999 -9999 -9999 -9999 -9999 -9999 -9999 -9999 -9999 -9999 -9999
162 162 162 162 161 161 158 158 158 156 156 154 154 154 150 150 150 151 151 151 151 151 152 152 153 153 153 151 151 151 152 152 150 150 150 145 145 145 145 145 149 149 149 158 158 167 167 167 175 175 175 183 183 187 187 187 189 189 180 180 180 159 159 159 160 160 173 173 173 189 189 189 207 207 215 215 215 216 216 216 -9999 -9999 -9999 -9999 -9999 -9999 -9999 -9999 -9999 -9999
164 163 163 163 161 161 157 157 157 157 157 154 154 154 151 151 151 152 152 152 152 152 152 152 154 154 154 152 152 152 152 152 150 150 150 146 146 146 145 145 145 145 145 148 148 153 153 153 161 161 161 171 171 179 179 179 186 186 190 190 190 180 180 180 164 164 163 163 163 173 173 173 186 186 197 197 197 203 203 206 206 206 -9999 -9999 -9999 210 210 213 213 213
164 163 163 163 161 161 157 157 157 157 157 154 154 154 151 151 151 152 152 152 152 152 152 152 154 154 154 152 152 152 152 152 150 150 150 146 146 146 145 145 145 145 145 148 148 153 153 153 161 161 161 171 171 179 179 179 186 186 190 190 190 180 180 180 164 164 163 163 163 173 173 173 186 186 197 197 197 203 203 206 206 206 207 207 207 210 210 213 213 213
164 163 163 163 161 161 157 157 157 157 157 154 154 154 151 151 151 152 152 152 152 152 152 152 154 154 154 152 152 152 152 152 150 150 150 146 146 146 145 145 145 145 145 148 148 153 153 153 161 161 161 171 171 179 179 179 186 186 190 190 190 180 180 180 164 164 163 163 163 173 173 173 186 186 197 197 197 203 203 206 206 206 207 207 207 210 210 213 213 213
163 162 162 162 160 160 157 157 157 156 156 154 154 154 150 150 150 152 152 152 152 152 151 151 151 151 151 149 149 149 150 150 149 149 149 147 147 147 147 147 146 146 146 147 147 149 149 149 151 151 151 156 156 164 164 164 173 173 182 182 182 188 188 188 193 193 196 196 196 192 192 192 187 187 191 191 191 199 199 204 204 204 206 206 206 209 209 214 214 214
163 162 162 162 160 160 157 157 157 156 156 154 154 154 150 150 150 152 152 152 152 152 151 151 151 151 151 149 149 149 150 150 149 149 149 147 147 147 147 147 146 146 146 147 147 149 149 149 151 151 151 156 156 164 164 164 173 173 182 182 182 188 188 188 193 193 196 196 196 192 192 192 187 187 191 191 191 199 199 204 204 204 206 206 206 209 209 214 214 214
163 162 162 162 160 160 157 157 157 156 156 154 154 154 150 150 150 152 152 152 152 152 151 151 151 151 151 149 149 149 150 150 149 149 149 147 147 147 147 147 146 146 146 147 147 149 149 149 151 151 151 156 156 164 164 164 173 173 182 182 182 188 188 188 193 193 196 196 196 192 192 192 187 187 191 191 191 199 199 204 204 204 206 206 206 209 209 214 214 214
162 161 161 161 159 159 155 155 155 154 154 151 151 151 148 148 148 149 149 148 148 148 147 147 146 146 146 142 142 142 143 143 143 143 143 142 142 142 143 143 143 143 143 143 143 145 145 145 147 147 147 152 152 155 155 155 159 159 168 168 168 179 179 179 189 189 193 193 193 195 195 195 198 198 199 199 199 202 202 207 207 207 210 210 210 213 213 216 216 216
162 161 161 161 159 159 155 155 155 154 154 151 151 151 148 148 148 149 149 148 148 148 147 147 146 146 146 142 142 142 143 143 143 143 143 142 142 142 143 143 143 143 143 143 143 145 145 145 147 147 147 152 152 155 155 155 159 159 168 168 168 179 179 179 189 189 193 193 193 195 195 195 198 198 199 199 199 202 202 207 207 207 210 210 210 213 213 216 216 216
164 163 163 163 161 161 157 157 157 156 156 154 154 154 151 151 151 152 152 151 151 151 151 151 149 149 149 146 146 146 147 147 146 146 146 145 145 145 148 148 148 148 148 149 149 150 150 150 151 151 151 155 155 157 157 157 159 159 161 161 161 167 167 167 179 179 188 188 188 190 190 190 192 192 193 193 193 195 195 199 199 199 203 203 203 206 206 209 209 209
164 163 163 163 161 161 157 157 157 156 156 154 154 154 151 151 151 152 152 151 151 151 151 151 149 149 149 146 146 146 147 147 146 146 146 145 145 145 148 148 148 148 148 149 149 150 150 150 151 151 151 155 155 157 157 157 159 159 161 161 161 167 167 167 179 179 188 188 188 190 190 190 192 192 193 193 193 195 195 199 199 199 203 203 203 206 206 209 209 209
164 163 163 163 161 161 157 157 157 156 156 154 154 154 151 151 151 152 152 151 151 151 151 151 149 149 149 146 146 146 147 147 146 146 146 145 145 145 148 148 148 148 148 149 149 150 150 150 151 151 151 155 155 157 157 157 159 159 161 161 161 167 167 167 179 179 188 188 188 190 190 190 192 192 193 193 193 195 195 199 199 199 203 203 203 206 206 209 209 209
168 166 166 166 164 164 160 160 160 158 158 156 156 156 153 153 153 154 154 153 153 153 152 152 151 151 151 148 148 148 149 149 148 148 148 146 146 146 149 149 150 150 150 150 150 151 151 151 151 151 151 153 153 155 155 155 156 156 155 155 155 153 153 153 160 160 171 171 171 181 181 181 188 188 190 190 190 192 192 195 195 195 199 199 199 202 202 204 204 204
168 166 166 166 164 164 160 160 160 158 158 156 156 156 153 153 153 154 154 153 153 153 152 152 151 151 151 148 148 148 149 149 148 148 148 146 146 146 149 149 150 150 150 150 150 151 151 151 151 151 151 153 153 155 155 155 156 156 155 155 155 153 153 153 160 160 171 171 171 181 181 181 188 188 190 190 190 192 192 195 195 195 199 199 199 202 202 204 204 204
172 171 171 171 169 169 166 166 166 165 165 161 161 161 156 156 156 156 156 154 154 154 152 152 151 151 151 148 148 148 149 149 148 148 148 146 146 146 148 148 148 148 148 148 148 148 148 148 148 148 148 150 150 151 151 151 151 151 150 150 150 146 146 146 147 147 150 150 150 162 162 162 178 178 185 185 185 188 188 191 191 191 194 194 194 199 199 201 201 201
172 171 171 171 169 169 166 166 166 165 165 161 161 161 156 156 156 156 156 154 154 154 152 152 151 151 151 148 148 148 149 149 148 148 148 146 146 146 148 148 148 148 148 148 148 148 148 148 148 148 148 150 150 151 151 151 151 151 150 150 150 146 146 146 147 147 150 150 150 162 162 162 178 178 185 185 185 188 188 191 191 191 194 194 194 199 199 201 201 201
172 171 171 171 169 169 166 166 166 165 165 161 161 161 156 156 156 156 156 154 154 154 152 152 151 151 151 148 148 148 149 149 148 148 148 146 146 146 148 148 148 148 148 148 148 148 148 148 148 148 148 150 150 151 151 151 151 151 150 150 150 146 146 146 147 147 150 150 150 162 162 162 178 178 185 185 185 188 188 191 191 191 194 194 194 199 199 201 201 201
175 174 174 174 174 174 172 172 172 172 172 169 169 169 164 164 164 162 162 160 160 160 158 158 157 157 157 154 154 154 156 156 156 156 156 154 154 154 154 154 153 153 153 153 153 153 153 153 152 152 152 153 153 153 153 153 153 153 152 152 152 148 148 148 148 148 146 146 146 147 147 147 160 160 174 174 174 183 183 188 188 188 190 190 190 194 194 196 196 196
175 174 174 174 174 174 172 172 172 172 172 169 169 169 164 164 164 162 162 160 160 160 158 158 157 157 157 154 154 154 156 156 156 156 156 154 154 154 154 154 153 153 153 153 153 153 153 153 152 152 152 153 153 153 153 153 153 153 152 152 152 148 148 148 148 148 146 146 146 147 147 147 160 160 174 174 174 183 183 188 188 188 190 190 190 194 194 196 196 196
175 174 174 174 174 174 172 172 172 172 172 169 169 169 164 164 164 162 162 160 160 160 158 158 157 157 157 154 154 154 156 156 156 156 156 154 154 154 154 154 153 153 153 153 153 153 153 153 152 152 152 153 153 153 153 153 153 153 152 152 152 148 148 148 148 148 146 146 146 147 147 147 160 160 174 174 174 183 183 188 188 188 190 190 190 194 194 196 196 196
175 175 175 175 175 175 174 174 174 174 174 172 172 172 168 168 168 166 166 163 163 163 162 162 161 161 161 159 159 159 160 160 160 160 160 157 157 157 157 157 155 155 155 155 155 155 155 155 154 154 154 155 155 154 154 154 153 153 152 152 152 147 147 147 146 146 145 145 145 142 142 142 145 145 152 152 152 164 164 176 176 176 183 183 183 189 189 191 191 191
175 175 175 175 175 175 174 174 174 174 174 172 172 172 168 168 168 166 166 163 163 163 162 162 161 161 161 159 159 159 160 160 160 160 160 157 157 157 157 157 155 155 155 155 155 155 155 155 154 154 154 155 155 154 154 154 153 153 152 152 152 147 147 147 146 146 145 145 145 142 142 142 145 145 152 152 152 164 164 176 176 176 183 183 183 189 189 191 191 191
173 174 174 174 173 173 172 172 172 172 172 171 171 171 168 168 168 167 167 165 165 165 164 164 163 163 163 161 161 161 162 162 162 162 162 160 160 160 159 159 158 158 158 157 157 157 157 157 156 156 156 158 158 157 157 157 156 156 154 154 154 149 149 149 147 147 146 146 146 143 143 143 144 144 144 144 144 148 148 156 156 156 166 166 166 177 177 184 184 184
173 174 174 174 173 173 172 172 172 172 172 171 171 171 168 168 168 167 167 165 165 165 164 164 163 163 163 161 161 161 162 162 162 162 162 160 160 160 159 159 158 158 158 157 157 157 157 157 156 156 156 158 158 157 157 157 156 156 154 154 154 149 149 149 147 147 146 146 146 143 143 143 144 144 144 144 144 148 148 156 156 156 166 166 166 177 177 184 184 184
173 174 174 174 173 173 172 172 172 172 172 171 171 171 168 168 168 167 167 165 165 165 164 164 163 163 163 161 161 161 162 162 162 162 162 160 160 160 159 159 158 158 158 157 157 157 157 157 156 156 156 158 158 157 157 157 156 156 154 154 154 149 149 149 147 147 146 146 146 143 143 143 144 144 144 144 144 148 148 156 156 156 166 166 166 177 177 184 184 184
173 173 173 173 172 172 170 170 170 169 169 168 168 168 166 166 166 166 166 166 166 166 165 165 165 165 165 162 162 162 163 163 163 163 163 161 161 161 162 162 162 162 162 161 161 160 160 160 158 158 158 160 160 161 161 161 160 160 160 160 160 157 157 157 156 156 152 152 152 148 148 148 148 148 146 146 146 144 144 144 144 144 144 144 144 152 152 159 159 159
173 173 173 173 172 172 170 170 170 169 169 168 168 168 166 166 166 166 166 166 166 166 165 165 165 165 165 162 162 162 163 163 163 163 163 161 161 161 162 162 162 162 162 161 161 160 160 160 158 158 158 160 160 161 161 161 160 160 160 160 160 157 157 157 156 156 152 152 152 148 148 148 148 148 146 146 146 144 144 144 144 144 144 144 144 152 152 159 159 159
175 173 173 173 171 171 169 169 169 168 168 167 167 167 166 166 166 167 167 167 167 167 166 166 165 165 165 162 162 162 163 163 162 162 162 160 160 160 161 161 161 161 161 161 161 160 160 160 158 158 158 160 160 161 161 161 162 162 163 163 163 162 162 162 162 162 157 157 157 151 151 151 150 150 147 147 147 143 143 140 140 140 136 136 136 135 135 135 135 135
175 173 173 173 171 171 169 169 169 168 168 167 167 167 166 166 166 167 167 167 167 167 166 166 165 165 165 162 162 162 163 163 162 162 162 160 160 160 161 161 161 161 161 161 161 160 160 160 158 158 158 160 160 161 161 161 162 162 163 163 163 162 162 162 162 162 157 157 157 151 151 151 150 150 147 147 147 143 143 140 140 140 136 136 136 135 135 135 135 135
175 173 173 173 171 171 169 169 169 168 168 167 167 167 166 166 166 167 167 167 167 167 166 166 165 165 165 162 162 162 163 163 162 162 162 160 160 160 161 161 161 161 161 161 161 160 160 160 158 158 158 160 160 161 161 161 162 162 163 163 163 162 162 162 162 162 157 157 157 151 151 151 150 150 147 147 147 143 143 140 140 140 136 136 136 135 135 135 135 135
176 175 175 175 173 173 171 171 171 171 171 170 170 170 169 169 169 170 170 170 170 170 170 170 169 169 169 166 166 166 166 166 164 164 164 163 163 163 164 164 164 164 164 164 164 164 164 164 161 161 161 163 163 164 164 164 165 165 166 166 166 165 165 165 166 166 163 163 163 157 157 157 156 156 154 154 154 151 151 148 148 148 142 142 142 141 141 137 137 137
176 175 175 175 173 173 171 171 171 171 171 170 170 170 169 169 169 170 170 170 170 170 170 170 169 169 169 166 166 166 166 166 164 164 164 163 163 163 164 164 164 164 164 164 164 164 164 164 161 161 161 163 163 164 164 164 165 165 166 166 166 165 165 165 166 166 163 163 163 157 157 157 156 156 154 154 154 151 151 148 148 148 142 142 142 141 141 137 137 137
176 175 175 175 173 173 171 171 171 171 171 170 170 170 169 169 169 170 170 170 170 170 170 170 169 169 169 166 166 166 166 166 164 164 164 163 163 163 164 164 164 164 164 164 164 164 164 164 161 161 161 163 163 164 164 164 165 165 166 166 166 165 165 165 166 166 163 163 163 157 157 157 156 156 154 154 154 151 151 148 148 148 142 142 142 141 141 137 137 137
176 176 176 176 175 175 174 174 174 173 173 171 171 171 168 168 168 169 169 169 169 169 169 169 169 169 169 167 167 167 167 167 166 166 166 164 164 164 166 166 166 166 166 166 166 165 165 165 163 163 163 165 165 165 165 165 165 165 166 166 166 164 164 164 166 166 164 164 164 159 159 159 159 159 158 158 158 156 156 153 153 153 147 147 147 145 145 141 141 141
176 176 176 176 175 175 174 174 174 173 173 171 171 171 168 168 168 169 169 169 169 169 169 169 169 169 169 167 167 167 167 167 166 166 166 164 164 164 166 166 166 166 166 166 166 165 165 165 163 163 163 165 165 165 165 165 165 165 166 166 166 164 164 164 166 166 164 164 164 159 159 159 159 159 158 158 158 156 156 153 153 153 147 147 147 145 145 141 141 141
173 173 173 173 173 173 172 172 172 171 171 169 169 169 166 166 166 166 166 166 166 166 166 166 166 166 166 165 165 165 166 166 167 167 167 166 166 166 168 168 168 168 168 168 168 168 168 168 168 168 168 170 170 168 168 168 166 166 165 165 165 164 164 164 165 165 164 164 164 160 160 160 160 160 159 159 159 159 159 158 158 158 156 156 156 156 156 153 153 153
