SEB_model/sample_data_files/historical_long/hillshade_historical_long/julynoon.txt
ncols         768
nrows         486
xllcorner     388353.95236715
yllcorner     7583725.4876181
cellsize      5
NODATA_value  -9999
[rows 240 to 279 of 486, columns 180 to 269 of 768]
164 162 162 162 160 160 160 161 161 163 163 163 165 165 168 168 168 169 169 169 171 171 169 169 169 165 165 165 167 167 166 166 166 163 163 163 163 163 166 166 166 173 173 172 172 172 170 170 168 168 168 162 162 162 159 159 150 150 150 136 136 136 133 133 129 129 129 127 127 127 127 127 120 120 120 117 117 112 112 112 109 109 107 107 107 101 101 101 100 100
164 162 162 162 160 160 160 161 161 163 163 163 165 165 168 168 168 169 169 169 171 171 169 169 169 165 165 165 167 167 166 166 166 163 163 163 163 163 166 166 166 173 173 172 172 172 170 170 168 168 168 162 162 162 159 159 150 150 150 136 136 136 133 133 129 129 129 127 127 127 127 127 120 120 120 117 117 112 112 112 109 109 107 107 107 101 101 101 100 100
159 158 158 158 155 155 155 157 157 160 160 160 164 164 167 167 167 169 169 169 173 173 173 173 173 166 166 166 164 164 161 161 161 159 159 156 156 156 153 153 153 159 159 163 163 163 167 167 168 168 168 167 167 167 173 173 170 170 170 156 156 156 149 149 143 143 143 141 141 142 142 142 134 134 134 122 122 104 104 104 94 94 96 96 96 101 101 101 104 104
159 158 158 158 155 155 155 157 157 160 160 160 164 164 167 167 167 169 169 169 173 173 173 173 173 166 166 166 164 164 161 161 161 159 159 156 156 156 153 153 153 159 159 163 163 163 167 167 168 168 168 167 167 167 173 173 170 170 170 156 156 156 149 149 143 143 143 141 141 142 142 142 134 134 134 122 122 104 104 104 94 94 96 96 96 101 101 101 104 104
159 158 158 158 155 155 155 157 157 160 160 160 164 164 167 167 167 169 169 169 173 173 173 173 173 166 166 166 164 164 161 161 161 159 159 156 156 156 153 153 153 159 159 163 163 163 167 167 168 168 168 167 167 167 173 173 170 170 170 156 156 156 149 149 143 143 143 141 141 142 142 142 134 134 134 122 122 104 104 104 94 94 96 96 96 101 101 101 104 104
163 161 161 161 159 159 159 159 159 160 160 160 164 164 168 168 168 171 171 171 177 177 177 177 177 169 169 169 164 164 160 160 160 159 159 156 156 156 150 150 150 153 153 157 157 157 162 162 164 164 164 163 163 163 171 171 176 176 176 172 172 172 166 166 155 155 155 148 148 143 143 143 132 132 132 120 120 102 102 102 97 97 106 106 106 119 119 119 129 129
163 161 161 161 159 159 159 159 159 160 160 160 164 164 168 168 168 171 171 171 177 177 177 177 177 169 169 169 164 164 160 160 160 159 159 156 156 156 150 150 150 153 153 157 157 157 162 162 164 164 164 163 163 163 171 171 176 176 176 172 172 172 166 166 155 155 155 148 148 143 143 143 132 132 132 120 120 102 102 102 97 97 106 106 106 119 119 119 129 129
163 161 161 161 159 159 159 159 159 160 160 160 164 164 168 168 168 171 171 171 177 177 177 177 177 169 169 169 164 164 160 160 160 159 159 156 156 156 150 150 150 153 153 157 157 157 162 162 164 164 164 163 163 163 171 171 176 176 176 172 172 172 166 166 155 155 155 148 148 143 143 143 132 132 132 120 120 102 102 102 97 97 106 106 106 119 119 119 129 129
174 171 171 171 167 167 167 164 164 160 160 160 159 159 162 162 162 166 166 166 173 173 174 174 174 169 169 169 168 168 166 166 166 164 164 163 163 163 159 159 159 159 159 158 158 158 159 159 161 161 161 158 158 158 162 162 167 167 167 165 165 165 161 161 149 149 149 139 139 130 130 130 117 117 117 105 105 94 94 94 97 97 113 113 113 131 131 131 147 147
174 171 171 171 167 167 167 164 164 160 160 160 159 159 162 162 162 166 166 166 173 173 174 174 174 169 169 169 168 168 166 166 166 164 164 163 163 163 159 159 159 159 159 158 158 158 159 159 161 161 161 158 158 158 162 162 167 167 167 165 165 165 161 161 149 149 149 139 139 130 130 130 117 117 117 105 105 94 94 94 97 97 113 113 113 131 131 131 147 147
179 176 176 176 170 170 170 165 165 158 158 158 153 153 150 150 150 151 151 151 157 157 161 161 161 163 163 163 166 166 166 166 166 165 165 165 165 165 163 163 163 163 163 159 159 159 157 157 156 156 156 151 151 151 149 149 147 147 147 143 143 143 141 141 134 134 134 126 126 118 118 118 110 110 110 108 108 107 107 107 114 114 127 127 127 140 140 140 154 154
179 176 176 176 170 170 170 165 165 158 158 158 153 153 150 150 150 151 151 151 157 157 161 161 161 163 163 163 166 166 166 166 166 165 165 165 165 165 163 163 163 163 163 159 159 159 157 157 156 156 156 151 151 151 149 149 147 147 147 143 143 143 141 141 134 134 134 126 126 118 118 118 110 110 110 108 108 107 107 107 114 114 127 127 127 140 140 140 154 154
179 176 176 176 170 170 170 165 165 158 158 158 153 153 150 150 150 151 151 151 157 157 161 161 161 163 163 163 166 166 166 166 166 165 165 165 165 165 163 163 163 163 163 159 159 159 157 157 156 156 156 151 151 151 149 149 147 147 147 143 143 143 141 141 134 134 134 126 126 118 118 118 110 110 110 108 108 107 107 107 114 114 127 127 127 140 140 140 154 154
178 176 176 176 171 171 171 169 169 165 165 165 159 159 152 152 152 146 146 146 150 150 157 157 157 162 162 162 167 167 167 167 167 167 167 166 166 166 164 164 164 167 167 164 164 164 161 161 159 159 159 153 153 153 147 147 135 135 135 125 125 125 121 121 114 114 114 108 108 108 108 108 114 114 114 129 129 134 134 134 133 133 131 131 131 128 128 128 127 127
178 176 176 176 171 171 171 169 169 165 165 165 159 159 152 152 152 146 146 146 150 150 157 157 157 162 162 162 167 167 167 167 167 167 167 166 166 166 164 164 164 167 167 164 164 164 161 161 159 159 159 153 153 153 147 147 135 135 135 125 125 125 121 121 114 114 114 108 108 108 108 108 114 114 114 129 129 134 134 134 133 133 131 131 131 128 128 128 127 127
176 175 175 175 173 173 173 175 175 175 175 175 172 172 166 166 166 159 159 159 160 160 163 163 163 166 166 166 171 171 172 172 172 173 173 173 173 173 171 171 171 173 173 173 173 173 170 170 167 167 167 161 161 161 156 156 148 148 148 137 137 137 130 130 123 123 123 117 117 115 115 115 122 122 122 142 142 149 149 149 141 141 123 123 123 100 100 100 81 81
176 175 175 175 173 173 173 175 175 175 175 175 172 172 166 166 166 159 159 159 160 160 163 163 163 166 166 166 171 171 172 172 172 173 173 173 173 173 171 171 171 173 173 173 173 173 170 170 167 167 167 161 161 161 156 156 148 148 148 137 137 137 130 130 123 123 123 117 117 115 115 115 122 122 122 142 142 149 149 149 141 141 123 123 123 100 100 100 81 81
176 175 175 175 173 173 173 175 175 175 175 175 172 172 166 166 166 159 159 159 160 160 163 163 163 166 166 166 171 171 172 172 172 173 173 173 173 173 171 171 171 173 173 173 173 173 170 170 167 167 167 161 161 161 156 156 148 148 148 137 137 137 130 130 123 123 123 117 117 115 115 115 122 122 122 142 142 149 149 149 141 141 123 123 123 100 100 100 81 81
174 175 175 175 176 176 176 179 179 180 180 180 181 181 180 180 180 174 174 174 172 172 170 170 170 169 169 169 174 174 175 175 175 177 177 178 178 178 175 175 175 174 174 171 171 171 167 167 162 162 162 157 157 157 158 158 161 161 161 162 162 162 163 163 157 157 157 148 148 140 140 140 136 136 136 144 144 147 147 147 136 136 110 110 110 80 80 80 64 64
174 175 175 175 176 176 176 179 179 180 180 180 181 181 180 180 180 174 174 174 172 172 170 170 170 169 169 169 174 174 175 175 175 177 177 178 178 178 175 175 175 174 174 171 171 171 167 167 162 162 162 157 157 157 158 158 161 161 161 162 162 162 163 163 157 157 157 148 148 140 140 140 136 136 136 144 144 147 147 147 136 136 110 110 110 80 80 80 64 64
174 175 175 175 176 176 176 179 179 180 180 180 181 181 180 180 180 174 174 174 172 172 170 170 170 169 169 169 174 174 175 175 175 177 177 178 178 178 175 175 175 174 174 171 171 171 167 167 162 162 162 157 157 157 158 158 161 161 161 162 162 162 163 163 157 157 157 148 148 140 140 140 136 136 136 144 144 147 147 147 136 136 110 110 110 80 80 80 64 64
178 181 181 181 180 180 180 182 182 184 184 184 186 186 187 187 187 185 185 185 182 182 177 177 177 173 173 173 176 176 177 177 177 178 178 178 178 178 173 173 173 167 167 157 157 157 149 149 146 146 146 144 144 144 150 150 154 154 154 157 157 157 160 160 160 160 160 157 157 151 151 151 139 139 139 133 133 124 124 124 106 106 85 85 85 69 69 69 63 63
178 181 181 181 180 180 180 182 182 184 184 184 186 186 187 187 187 185 185 185 182 182 177 177 177 173 173 173 176 176 177 177 177 178 178 178 178 178 173 173 173 167 167 157 157 157 149 149 146 146 146 144 144 144 150 150 154 154 154 157 157 157 160 160 160 160 160 157 157 151 151 151 139 139 139 133 133 124 124 124 106 106 85 85 85 69 69 69 63 63
179 181 181 181 180 180 180 182 182 184 184 184 187 187 190 190 190 191 191 191 191 191 186 186 186 178 178 178 178 178 176 176 176 172 172 169 169 169 163 163 163 156 156 146 146 146 138 138 134 134 134 130 130 130 130 130 128 128 128 128 128 128 136 136 145 145 145 150 150 147 147 147 134 134 134 117 117 96 96 96 81 81 75 75 75 69 69 69 63 63
179 181 181 181 180 180 180 182 182 184 184 184 187 187 190 190 190 191 191 191 191 191 186 186 186 178 178 178 178 178 176 176 176 172 172 169 169 169 163 163 163 156 156 146 146 146 138 138 134 134 134 130 130 130 130 130 128 128 128 128 128 128 136 136 145 145 145 150 150 147 147 147 134 134 134 117 117 96 96 96 81 81 75 75 75 69 69 69 63 63
179 181 181 181 180 180 180 182 182 184 184 184 187 187 190 190 190 191 191 191 191 191 186 186 186 178 178 178 178 178 176 176 176 172 172 169 169 169 163 163 163 156 156 146 146 146 138 138 134 134 134 130 130 130 130 130 128 128 128 128 128 128 136 136 145 145 145 150 150 147 147 147 134 134 134 117 117 96 96 96 81 81 75 75 75 69 69 69 63 63
175 177 177 177 178 178 178 180 180 182 182 182 185 185 189 189 189 190 190 190 193 193 189 189 189 180 180 180 175 175 168 168 168 160 160 153 153 153 147 147 147 144 144 142 142 142 139 139 135 135 135 127 127 127 118 118 108 108 108 103 103 103 111 111 126 126 126 136 136 135 135 135 121 121 121 99 99 80 80 80 75 75 72 72 72 65 65 65 56 56
175 177 177 177 178 178 178 180 180 182 182 182 185 185 189 189 189 190 190 190 193 193 189 189 189 180 180 180 175 175 168 168 168 160 160 153 153 153 147 147 147 144 144 142 142 142 139 139 135 135 135 127 127 127 118 118 108 108 108 103 103 103 111 111 126 126 126 136 136 135 135 135 121 121 121 99 99 80 80 80 75 75 72 72 72 65 65 65 56 56
173 177 177 177 177 177 177 179 179 179 179 179 180 180 182 182 182 181 181 181 183 183 180 180 180 171 171 171 164 164 156 156 156 150 150 144 144 144 137 137 137 136 136 136 136 136 134 134 129 129 129 119 119 119 110 110 102 102 102 97 97 97 99 99 106 106 106 115 115 114 114 114 99 99 99 85 85 76 76 76 70 70 63 63 63 55 55 55 50 50
173 177 177 177 177 177 177 179 179 179 179 179 180 180 182 182 182 181 181 181 183 183 180 180 180 171 171 171 164 164 156 156 156 150 150 144 144 144 137 137 137 136 136 136 136 136 134 134 129 129 129 119 119 119 110 110 102 102 102 97 97 97 99 99 106 106 106 115 115 114 114 114 99 99 99 85 85 76 76 76 70 70 63 63 63 55 55 55 50 50
173 177 177 177 177 177 177 179 179 179 179 179 180 180 182 182 182 181 181 181 183 183 180 180 180 171 171 171 164 164 156 156 156 150 150 144 144 144 137 137 137 136 136 136 136 136 134 134 129 129 129 119 119 119 110 110 102 102 102 97 97 97 99 99 106 106 106 115 115 114 114 114 99 99 99 85 85 76 76 76 70 70 63 63 63 55 55 55 50 50
169 173 173 173 173 173 173 174 174 175 175 175 174 174 172 172 172 166 166 166 164 164 160 160 160 154 154 154 150 150 146 146 146 143 143 142 142 142 140 140 140 140 140 139 139 139 137 137 133 133 133 127 127 127 124 124 122 122 122 121 121 121 121 121 121 121 121 121 121 115 115 115 100 100 100 93 93 88 88 88 76 76 65 65 65 61 61 61 58 58
169 173 173 173 173 173 173 174 174 175 175 175 174 174 172 172 172 166 166 166 164 164 160 160 160 154 154 154 150 150 146 146 146 143 143 142 142 142 140 140 140 140 140 139 139 139 137 137 133 133 133 127 127 127 124 124 122 122 122 121 121 121 121 121 121 121 121 121 121 115 115 115 100 100 100 93 93 88 88 88 76 76 65 65 65 61 61 61 58 58
169 173 173 173 173 173 173 174 174 175 175 175 174 174 172 172 172 166 166 166 164 164 160 160 160 154 154 154 150 150 146 146 146 143 143 142 142 142 140 140 140 140 140 139 139 139 137 137 133 133 133 127 127 127 124 124 122 122 122 121 121 121 121 121 121 121 121 121 121 115 115 115 100 100 100 93 93 88 88 88 76 76 65 65 65 61 61 61 58 58
165 166 166 166 169 169 169 172 172 173 173 173 172 172 168 168 168 158 158 158 150 150 143 143 143 137 137 137 136 136 137 137 137 138 138 140 140 140 141 141 141 142 142 141 141 141 138 138 137 137 137 136 136 136 138 138 138 138 138 136 136 136 133 133 129 129 129 123 123 111 111 111 100 100 100 95 95 87 87 87 75 75 69 69 69 66 66 66 62 62
165 166 166 166 169 169 169 172 172 173 173 173 172 172 168 168 168 158 158 158 150 150 143 143 143 137 137 137 136 136 137 137 137 138 138 140 140 140 141 141 141 142 142 141 141 141 138 138 137 137 137 136 136 136 138 138 138 138 138 136 136 136 133 133 129 129 129 123 123 111 111 111 100 100 100 95 95 87 87 87 75 75 69 69 69 66 66 66 62 62
164 165 165 165 168 168 168 172 172 171 171 171 167 167 162 162 162 155 155 155 148 148 140 140 140 134 134 134 133 133 134 134 134 137 137 140 140 140 141 141 141 144 144 144 144 144 142 142 141 141 141 141 141 141 144 144 145 145 145 142 142 142 138 138 127 127 127 110 110 98 98 98 95 95 95 89 89 77 77 77 70 70 69 69 69 66 66 66 61 61
164 165 165 165 168 168 168 172 172 171 171 171 167 167 162 162 162 155 155 155 148 148 140 140 140 134 134 134 133 133 134 134 134 137 137 140 140 140 141 141 141 144 144 144 144 144 142 142 141 141 141 141 141 141 144 144 145 145 145 142 142 142 138 138 127 127 127 110 110 98 98 98 95 95 95 89 89 77 77 77 70 70 69 69 69 66 66 66 61 61
164 165 165 165 168 168 168 172 172 171 171 171 167 167 162 162 162 155 155 155 148 148 140 140 140 134 134 134 133 133 134 134 134 137 137 140 140 140 141 141 141 144 144 144 144 144 142 142 141 141 141 141 141 141 144 144 145 145 145 142 142 142 138 138 127 127 127 110 110 98 98 98 95 95 95 89 89 77 77 77 70 70 69 69 69 66 66 66 61 61
163 164 164 164 165 165 165 167 167 163 163 163 156 156 153 153 153 151 151 151 150 150 147 147 147 144 144 144 142 142 141 141 141 140 140 141 141 141 142 142 142 144 144 144 144 144 144 144 143 143 143 142 142 142 144 144 145 145 145 142 142 142 134 134 116 116 116 97 97 90 90 90 87 87 87 79 79 70 70 70 68 68 69 69 69 66 66 66 60 60
