SEB_model/sample_data_files/historical_long/hillshade_historical_long/julynoon.txt
ncols         768
nrows         486
xllcorner     388353.95236715
yllcorner     7583725.4876181
cellsize      5
NODATA_value  -9999
[rows 120 to 159 of 486, columns 540 to 629 of 768]
149 149 146 146 146 142 142 142 144 144 144 144 144 145 145 145 151 151 156 156 156 163 163 171 171 171 178 178 178 184 184 186 186 186 188 188 183 183 183 165 165 165 172 172 202 202 -9999 -9999 -9999 -9999 -9999 -9999 -9999 -9999 -9999 -9999 -9999 -9999 -9999 -9999 -9999 -9999 -9999 -9999 -9999 -9999 -9999 -9999 -9999 -9999 -9999 -9999 -9999 -9999 -9999 -9999 -9999 -9999 -9999 -9999 -9999 -9999 -9999 -9999 -9999 -9999 -9999 -9999 -9999 -9999
149 149 146 146 146 142 142 142 144 144 144 144 144 145 145 145 151 151 156 156 156 163 163 171 171 171 178 178 178 184 184 186 186 186 188 188 183 183 183 165 165 165 172 172 202 202 202 -9999 -9999 -9999 -9999 -9999 -9999 -9999 -9999 -9999 -9999 -9999 -9999 -9999 -9999 -9999 -9999 -9999 -9999 -9999 -9999 -9999 -9999 -9999 -9999 -9999 -9999 -9999 -9999 -9999 -9999 -9999 -9999 -9999 -9999 -9999 -9999 -9999 -9999 -9999 -9999 -9999 -9999 -9999
161 161 156 156 156 149 149 149 148 148 147 147 147 145 145 145 148 148 147 147 147 146 146 149 149 149 156 156 156 169 169 176 176 176 179 179 182 182 182 173 173 173 148 148 154 154 154 -9999 -9999 -9999 -9999 -9999 -9999 -9999 -9999 -9999 -9999 -9999 -9999 -9999 -9999 -9999 -9999 -9999 -9999 -9999 -9999 -9999 -9999 -9999 -9999 -9999 -9999 -9999 -9999 -9999 -9999 -9999 -9999 -9999 -9999 -9999 -9999 -9999 -9999 -9999 -9999 -9999 -9999 -9999
161 161 156 156 156 149 149 149 148 148 147 147 147 145 145 145 148 148 147 147 147 146 146 149 149 149 156 156 156 169 169 176 176 176 179 179 182 182 182 173 173 173 148 148 154 154 154 194 -9999 -9999 -9999 -9999 -9999 -9999 -9999 -9999 -9999 -9999 -9999 -9999 -9999 -9999 -9999 -9999 -9999 -9999 -9999 -9999 -9999 -9999 -9999 -9999 -9999 -9999 -9999 -9999 -9999 -9999 -9999 -9999 -9999 -9999 -9999 -9999 -9999 -9999 -9999 -9999 -9999 -9999
161 161 156 156 156 149 149 149 148 148 147 147 147 145 145 145 148 148 147 147 147 146 146 149 149 149 156 156 156 169 169 176 176 176 179 179 182 182 182 173 173 173 148 148 154 154 154 194 -9999 -9999 -9999 -9999 -9999 -9999 -9999 -9999 -9999 -9999 -9999 -9999 -9999 -9999 -9999 -9999 -9999 -9999 -9999 -9999 -9999 -9999 -9999 -9999 -9999 -9999 -9999 -9999 -9999 -9999 -9999 -9999 -9999 -9999 -9999 -9999 -9999 -9999 -9999 -9999 -9999 -9999
162 162 159 159 159 153 153 153 151 151 149 149 149 145 145 145 147 147 146 146 146 143 143 140 140 140 140 140 140 148 148 159 159 159 170 170 178 178 178 183 183 183 171 171 136 136 136 143 143 -9999 -9999 -9999 -9999 -9999 -9999 -9999 -9999 -9999 -9999 -9999 -9999 -9999 -9999 -9999 -9999 -9999 -9999 -9999 -9999 -9999 -9999 -9999 -9999 -9999 -9999 -9999 -9999 -9999 -9999 -9999 -9999 -9999 -9999 -9999 -9999 -9999 -9999 -9999 -9999 -9999
162 162 159 159 159 153 153 153 151 151 149 149 149 145 145 145 147 147 146 146 146 143 143 140 140 140 140 140 140 148 148 159 159 159 170 170 178 178 178 183 183 183 171 171 136 136 136 143 143 -9999 -9999 -9999 -9999 -9999 -9999 -9999 -9999 -9999 -9999 -9999 -9999 -9999 -9999 -9999 -9999 -9999 -9999 -9999 -9999 -9999 -9999 -9999 -9999 -9999 -9999 -9999 -9999 -9999 -9999 -9999 -9999 -9999 -9999 -9999 -9999 -9999 -9999 -9999 -9999 -9999
161 161 161 161 161 158 158 158 157 157 154 154 154 150 150 150 150 150 150 150 150 147 147 144 144 144 141 141 141 144 144 150 150 150 159 159 168 168 168 175 175 175 184 184 171 171 171 132 132 132 -9999 -9999 -9999 -9999 -9999 -9999 -9999 -9999 -9999 -9999 -9999 -9999 -9999 -9999 -9999 -9999 -9999 -9999 -9999 -9999 -9999 -9999 -9999 -9999 -9999 -9999 -9999 -9999 -9999 -9999 -9999 -9999 -9999 -9999 -9999 -9999 -9999 -9999 -9999 -9999
161 161 161 161 161 158 158 158 157 157 154 154 154 150 150 150 150 150 150 150 150 147 147 144 144 144 141 141 141 144 144 150 150 150 159 159 168 168 168 175 175 175 184 184 171 171 171 132 132 132 139 -9999 -9999 -9999 -9999 -9999 -9999 -9999 -9999 -9999 -9999 -9999 -9999 -9999 -9999 -9999 -9999 -9999 -9999 -9999 -9999 -9999 -9999 -9999 -9999 -9999 -9999 -9999 -9999 -9999 -9999 -9999 -9999 -9999 -9999 -9999 -9999 -9999 -9999 -9999
161 161 161 161 161 158 158 158 157 157 154 154 154 150 150 150 150 150 150 150 150 147 147 144 144 144 141 141 141 144 144 150 150 150 159 159 168 168 168 175 175 175 184 184 171 171 171 132 132 132 139 139 -9999 -9999 -9999 -9999 -9999 -9999 -9999 -9999 -9999 -9999 -9999 -9999 -9999 -9999 -9999 -9999 -9999 -9999 -9999 -9999 -9999 -9999 -9999 -9999 -9999 -9999 -9999 -9999 -9999 -9999 -9999 -9999 -9999 -9999 -9999 -9999 -9999 -9999
157 157 156 156 156 154 154 154 156 156 154 154 154 149 149 149 149 149 148 148 148 147 147 144 144 144 141 141 141 146 146 148 148 148 148 148 151 151 151 157 157 157 170 170 180 180 180 167 167 167 129 129 136 136 -9999 -9999 -9999 -9999 -9999 -9999 -9999 -9999 -9999 -9999 -9999 -9999 -9999 -9999 -9999 -9999 -9999 -9999 -9999 -9999 -9999 -9999 -9999 -9999 -9999 -9999 -9999 -9999 -9999 -9999 -9999 -9999 -9999 -9999 -9999 -9999
157 157 156 156 156 154 154 154 156 156 154 154 154 149 149 149 149 149 148 148 148 147 147 144 144 144 141 141 141 146 146 148 148 148 148 148 151 151 151 157 157 157 170 170 180 180 180 167 167 167 129 129 136 136 136 190 -9999 -9999 -9999 -9999 -9999 -9999 -9999 -9999 -9999 -9999 -9999 -9999 -9999 -9999 -9999 -9999 -9999 -9999 -9999 -9999 -9999 -9999 -9999 -9999 -9999 -9999 -9999 -9999 -9999 -9999 -9999 -9999 -9999 -9999
155 155 152 152 152 149 149 149 150 150 150 150 150 146 146 146 146 146 146 146 146 146 146 145 145 145 141 141 141 143 143 142 142 142 142 142 143 143 143 145 145 145 154 154 162 162 162 171 171 171 159 159 119 119 119 133 133 -9999 -9999 -9999 -9999 -9999 -9999 -9999 -9999 -9999 -9999 -9999 -9999 -9999 -9999 -9999 -9999 -9999 -9999 -9999 -9999 -9999 -9999 -9999 -9999 -9999 -9999 -9999 -9999 -9999 -9999 -9999 -9999 -9999
155 155 152 152 152 149 149 149 150 150 150 150 150 146 146 146 146 146 146 146 146 146 146 145 145 145 141 141 141 143 143 142 142 142 142 142 143 143 143 145 145 145 154 154 162 162 162 171 171 171 159 159 119 119 119 133 133 -9999 -9999 -9999 -9999 -9999 -9999 -9999 -9999 -9999 -9999 -9999 -9999 -9999 -9999 -9999 -9999 -9999 -9999 -9999 -9999 -9999 -9999 -9999 -9999 -9999 -9999 -9999 -9999 -9999 -9999 -9999 -9999 -9999
155 155 152 152 152 149 149 149 150 150 150 150 150 146 146 146 146 146 146 146 146 146 146 145 145 145 141 141 141 143 143 142 142 142 142 142 143 143 143 145 145 145 154 154 162 162 162 171 171 171 159 159 119 119 119 133 133 194 -9999 -9999 -9999 -9999 -9999 -9999 -9999 -9999 -9999 -9999 -9999 -9999 -9999 -9999 -9999 -9999 -9999 -9999 -9999 -9999 -9999 -9999 -9999 -9999 -9999 -9999 -9999 -9999 -9999 -9999 -9999 -9999
157 157 155 155 155 150 150 150 151 151 152 152 152 151 151 151 152 152 153 153 153 155 155 155 155 155 150 150 150 149 149 146 146 146 144 144 146 146 146 148 148 148 154 154 157 157 157 157 157 157 165 165 149 149 149 108 108 125 125 -9999 -9999 -9999 -9999 -9999 -9999 -9999 -9999 -9999 -9999 -9999 -9999 -9999 -9999 -9999 -9999 -9999 -9999 -9999 -9999 -9999 -9999 -9999 -9999 -9999 -9999 -9999 -9999 -9999 -9999 -9999
157 157 155 155 155 150 150 150 151 151 152 152 152 151 151 151 152 152 153 153 153 155 155 155 155 155 150 150 150 149 149 146 146 146 144 144 146 146 146 148 148 148 154 154 157 157 157 157 157 157 165 165 149 149 149 108 108 125 125 125 192 -9999 -9999 -9999 -9999 -9999 -9999 -9999 -9999 -9999 -9999 -9999 -9999 -9999 -9999 -9999 -9999 -9999 -9999 -9999 -9999 -9999 -9999 -9999 -9999 -9999 -9999 -9999 -9999 -9999
157 157 155 155 155 150 150 150 151 151 152 152 152 151 151 151 152 152 153 153 153 155 155 155 155 155 150 150 150 149 149 146 146 146 144 144 146 146 146 148 148 148 154 154 157 157 157 157 157 157 165 165 149 149 149 108 108 125 125 125 192 192 -9999 -9999 -9999 -9999 -9999 -9999 -9999 -9999 -9999 -9999 -9999 -9999 -9999 -9999 -9999 -9999 -9999 -9999 -9999 -9999 -9999 -9999 -9999 -9999 -9999 -9999 -9999 -9999
156 156 154 154 154 152 152 152 153 153 154 154 154 154 154 154 156 156 157 157 157 159 159 159 159 159 153 153 153 152 152 150 150 150 152 152 155 155 155 156 156 156 160 160 157 157 157 153 153 153 158 158 163 163 163 139 139 90 90 90 0 0 0 0 -9999 -9999 -9999 -9999 -9999 -9999 -9999 -9999 -9999 -9999 -9999 -9999 -9999 -9999 -9999 -9999 -9999 -9999 -9999 -9999 -9999 -9999 -9999 -9999 -9999 -9999
156 156 154 154 154 152 152 152 153 153 154 154 154 154 154 154 156 156 157 157 157 159 159 159 159 159 153 153 153 152 152 150 150 150 152 152 155 155 155 156 156 156 160 160 157 157 157 153 153 153 158 158 163 163 163 139 139 90 90 90 0 0 0 0 0 189 -9999 -9999 -9999 -9999 -9999 -9999 -9999 -9999 -9999 -9999 -9999 -9999 -9999 -9999 -9999 -9999 -9999 -9999 -9999 -9999 -9999 -9999 -9999 -9999
156 156 154 154 154 152 152 152 154 154 155 155 155 155 155 155 158 158 159 159 159 160 160 159 159 159 154 154 154 153 153 153 153 153 155 155 157 157 157 156 156 156 159 159 159 159 159 156 156 156 160 160 159 159 159 157 157 125 125 125 78 78 78 56 56 0 0 0 -9999 -9999 -9999 -9999 -9999 -9999 -9999 -9999 -9999 -9999 -9999 -9999 -9999 -9999 -9999 -9999 -9999 -9999 -9999 -9999 -9999 -9999
156 156 154 154 154 152 152 152 154 154 155 155 155 155 155 155 158 158 159 159 159 160 160 159 159 159 154 154 154 153 153 153 153 153 155 155 157 157 157 156 156 156 159 159 159 159 159 156 156 156 160 160 159 159 159 157 157 125 125 125 78 78 78 56 56 0 0 0 181 181 -9999 -9999 -9999 -9999 -9999 218 217 -9999 -9999 -9999 -9999 -9999 -9999 -9999 -9999 -9999 -9999 -9999 -9999 -9999
156 156 154 154 154 152 152 152 154 154 155 155 155 155 155 155 158 158 159 159 159 160 160 159 159 159 154 154 154 153 153 153 153 153 155 155 157 157 157 156 156 156 159 159 159 159 159 156 156 156 160 160 159 159 159 157 157 125 125 125 78 78 78 56 56 0 0 0 181 181 181 219 219 218 218 218 217 217 216 216 -9999 -9999 -9999 -9999 -9999 -9999 -9999 -9999 -9999 -9999
163 163 162 162 162 159 159 159 159 159 158 158 158 157 157 157 159 159 160 160 160 159 159 158 158 158 154 154 154 154 154 154 154 154 154 154 153 153 153 149 149 149 152 152 154 154 154 154 154 154 157 157 154 154 154 150 150 149 149 149 153 153 153 124 124 54 54 54 0 0 0 0 0 0 0 0 0 0 125 125 125 143 143 143 167 -9999 -9999 -9999 -9999 -9999
163 163 162 162 162 159 159 159 159 159 158 158 158 157 157 157 159 159 160 160 160 159 159 158 158 158 154 154 154 154 154 154 154 154 154 154 153 153 153 149 149 149 152 152 154 154 154 154 154 154 157 157 154 154 154 150 150 149 149 149 153 153 153 124 124 54 54 54 0 0 0 0 0 0 0 0 0 0 125 125 125 143 143 143 167 167 207 207 207 -9999
167 167 168 168 168 166 166 166 165 165 162 162 162 159 159 159 160 160 159 159 159 158 158 158 158 158 155 155 155 156 156 153 153 153 150 150 146 146 146 140 140 140 142 142 144 144 144 144 144 144 149 149 149 149 149 149 149 149 149 149 151 151 151 161 161 123 123 123 57 57 57 38 38 58 58 58 85 85 107 107 107 119 119 119 110 110 0 0 0 0
167 167 168 168 168 166 166 166 165 165 162 162 162 159 159 159 160 160 159 159 159 158 158 158 158 158 155 155 155 156 156 153 153 153 150 150 146 146 146 140 140 140 142 142 144 144 144 144 144 144 149 149 149 149 149 149 149 149 149 149 151 151 151 161 161 123 123 123 57 57 57 38 38 58 58 58 85 85 107 107 107 119 119 119 110 110 0 0 0 0
167 167 168 168 168 166 166 166 165 165 162 162 162 159 159 159 160 160 159 159 159 158 158 158 158 158 155 155 155 156 156 153 153 153 150 150 146 146 146 140 140 140 142 142 144 144 144 144 144 144 149 149 149 149 149 149 149 149 149 149 151 151 151 161 161 123 123 123 57 57 57 38 38 58 58 58 85 85 107 107 107 119 119 119 110 110 0 0 0 0
164 164 165 165 165 163 163 163 164 164 164 164 164 163 163 163 164 164 164 164 164 163 163 162 162 162 159 159 159 160 160 156 156 156 153 153 151 151 151 146 146 146 147 147 146 146 146 142 142 142 147 147 150 150 150 151 151 152 152 152 152 152 152 159 159 166 166 166 173 173 173 178 178 177 177 177 179 179 177 177 177 175 175 175 145 145 90 90 90 60
164 164 165 165 165 163 163 163 164 164 164 164 164 163 163 163 164 164 164 164 164 163 163 162 162 162 159 159 159 160 160 156 156 156 153 153 151 151 151 146 146 146 147 147 146 146 146 142 142 142 147 147 150 150 150 151 151 152 152 152 152 152 152 159 159 166 166 166 173 173 173 178 178 177 177 177 179 179 177 177 177 175 175 175 145 145 90 90 90 60
164 164 165 165 165 163 163 163 164 164 164 164 164 163 163 163 164 164 164 164 164 163 163 162 162 162 159 159 159 160 160 156 156 156 153 153 151 151 151 146 146 146 147 147 146 146 146 142 142 142 147 147 150 150 150 151 151 152 152 152 152 152 152 159 159 166 166 166 173 173 173 178 178 177 177 177 179 179 177 177 177 175 175 175 145 145 90 90 90 60
160 160 159 159 159 157 157 157 159 159 161 161 161 161 161 161 163 163 164 164 164 164 164 164 164 164 161 161 161 161 161 160 160 160 160 160 159 159 159 156 156 156 155 155 151 151 151 144 144 144 147 147 151 151 151 153 153 154 154 154 152 152 152 157 157 160 160 160 161 161 161 160 160 154 154 154 154 154 152 152 152 153 153 153 162 162 169 169 169 135
160 160 159 159 159 157 157 157 159 159 161 161 161 161 161 161 163 163 164 164 164 164 164 164 164 164 161 161 161 161 161 160 160 160 160 160 159 159 159 156 156 156 155 155 151 151 151 144 144 144 147 147 151 151 151 153 153 154 154 154 152 152 152 157 157 160 160 160 161 161 161 160 160 154 154 154 154 154 152 152 152 153 153 153 162 162 169 169 169 135
161 161 161 161 161 158 158 158 159 159 158 158 158 157 157 157 160 160 161 161 161 162 162 163 163 163 160 160 160 160 160 159 159 159 159 159 159 159 159 157 157 157 159 159 157 157 157 150 150 150 150 150 150 150 150 152 152 155 155 155 154 154 154 157 157 157 157 157 155 155 155 152 152 145 145 145 145 145 144 144 144 146 146 146 158 158 168 168 168 175
161 161 161 161 161 158 158 158 159 159 158 158 158 157 157 157 160 160 161 161 161 162 162 163 163 163 160 160 160 160 160 159 159 159 159 159 159 159 159 157 157 157 159 159 157 157 157 150 150 150 150 150 150 150 150 152 152 155 155 155 154 154 154 157 157 157 157 157 155 155 155 152 152 145 145 145 145 145 144 144 144 146 146 146 158 158 168 168 168 175
161 161 161 161 161 158 158 158 159 159 158 158 158 157 157 157 160 160 161 161 161 162 162 163 163 163 160 160 160 160 160 159 159 159 159 159 159 159 159 157 157 157 159 159 157 157 157 150 150 150 150 150 150 150 150 152 152 155 155 155 154 154 154 157 157 157 157 157 155 155 155 152 152 145 145 145 145 145 144 144 144 146 146 146 158 158 168 168 168 175
165 165 166 166 166 164 164 164 164 164 161 161 161 156 156 156 156 156 156 156 156 157 157 158 158 158 157 157 157 161 161 163 163 163 164 164 164 164 164 161 161 161 164 164 163 163 163 155 155 155 153 153 152 152 152 155 155 159 159 159 157 157 157 158 158 156 156 156 155 155 155 153 153 148 148 148 150 150 151 151 151 151 151 151 158 158 162 162 162 165
165 165 166 166 166 164 164 164 164 164 161 161 161 156 156 156 156 156 156 156 156 157 157 158 158 158 157 157 157 161 161 163 163 163 164 164 164 164 164 161 161 161 164 164 163 163 163 155 155 155 153 153 152 152 152 155 155 159 159 159 157 157 157 158 158 156 156 156 155 155 155 153 153 148 148 148 150 150 151 151 151 151 151 151 158 158 162 162 162 165
165 165 166 166 166 164 164 164 164 164 161 161 161 156 156 156 156 156 156 156 156 157 157 158 158 158 157 157 157 161 161 163 163 163 164 164 164 164 164 161 161 161 164 164 163 163 163 155 155 155 153 153 152 152 152 155 155 159 159 159 157 157 157 158 158 156 156 156 155 155 155 153 153 148 148 148 150 150 151 151 151 151 151 151 158 158 162 162 162 165
167 167 169 169 169 168 168 168 169 169 166 166 166 160 160 160 157 157 156 156 156 158 158 161 161 161 162 162 162 165 165 167 167 167 169 169 171 171 171 168 168 168 169 169 167 167 167 162 162 162 162 162 160 160 160 160 160 160 160 160 155 155 155 155 155 154 154 154 154 154 154 153 153 148 148 148 146 146 145 145 145 144 144 144 151 151 156 156 156 160
