SEB_model/sample_data_files/historical_long/hillshade_historical_long/july6pm.txt
ncols         768
nrows         486
xllcorner     388353.95236715
yllcorner     7583725.4876181
cellsize      5
NODATA_value  -9999
[rows 82 to 122 of 486, columns 465 to 557 of 768]
0 0 0 0 0 0 0 0 0 32 32 32 0 0 0 0 0 33 33 33 0 0 0 0 0 51 51 51 57 57 63 63 63 65 65 65 70 70 71 71 71 59 59 35 35 35 0 0 0 62 62 75 75 -9999 -9999 -9999 -9999 -9999 -9999 -9999 -9999 -9999 -9999 -9999 -9999 -9999 -9999 -9999 -9999 -9999 -9999 -9999 -9999 -9999 -9999 -9999 -9999 -9999 -9999 -9999 -9999 -9999 -9999 -9999 -9999 -9999 -9999 -9999 -9999 -9999 -9999 -9999 -9999
18 18 29 29 31 31 31 32 32 31 31 31 20 20 20 32 32 36 36 36 28 28 28 39 39 45 45 45 51 51 59 59 59 59 59 59 65 65 67 67 67 66 66 54 54 54 25 25 25 0 0 81 81 81 67 67 67 -9999 -9999 -9999 -9999 -9999 -9999 -9999 -9999 -9999 -9999 -9999 -9999 -9999 -9999 -9999 -9999 -9999 -9999 -9999 -9999 -9999 -9999 -9999 -9999 -9999 -9999 -9999 -9999 -9999 -9999 -9999 -9999 -9999 -9999 -9999 -9999
18 18 29 29 31 31 31 32 32 31 31 31 20 20 20 32 32 36 36 36 28 28 28 39 39 45 45 45 51 51 59 59 59 59 59 59 65 65 67 67 67 66 66 54 54 54 25 25 25 0 0 81 81 81 67 67 67 63 63 69 69 69 69 69 69 -9999 -9999 -9999 -9999 -9999 -9999 -9999 -9999 -9999 -9999 -9999 -9999 -9999 -9999 -9999 -9999 -9999 -9999 -9999 -9999 -9999 -9999 -9999 -9999 -9999 -9999 -9999 -9999
19 19 30 30 30 30 30 30 30 30 30 30 21 21 21 35 35 39 39 39 32 32 32 41 41 41 41 41 45 45 53 53 53 50 50 50 59 59 62 62 62 62 62 61 61 61 43 43 43 52 52 70 70 70 46 46 46 50 50 70 70 70 70 70 72 72 72 -9999 -9999 -9999 72 72 70 70 70 68 -9999 -9999 -9999 -9999 -9999 -9999 -9999 -9999 -9999 -9999 -9999 -9999 -9999 -9999 -9999 -9999 -9999
19 19 30 30 30 30 30 30 30 30 30 30 21 21 21 35 35 39 39 39 32 32 32 41 41 41 41 41 45 45 53 53 53 50 50 50 59 59 62 62 62 62 62 61 61 61 43 43 43 52 52 70 70 70 46 46 46 50 50 70 70 70 70 70 72 72 72 72 72 72 72 72 70 70 70 68 -9999 -9999 -9999 -9999 -9999 -9999 -9999 -9999 -9999 -9999 -9999 -9999 -9999 -9999 -9999 -9999 -9999
19 19 30 30 30 30 30 30 30 30 30 30 21 21 21 35 35 39 39 39 32 32 32 41 41 41 41 41 45 45 53 53 53 50 50 50 59 59 62 62 62 62 62 61 61 61 43 43 43 52 52 70 70 70 46 46 46 50 50 70 70 70 70 70 72 72 72 72 72 72 72 72 70 70 70 68 68 -9999 -9999 -9999 -9999 -9999 -9999 -9999 -9999 -9999 -9999 -9999 -9999 -9999 -9999 -9999 -9999
21 21 31 31 30 30 30 30 30 30 30 30 23 23 23 38 38 42 42 42 34 34 34 42 42 41 41 41 43 43 49 49 49 44 44 44 53 53 55 55 55 55 55 55 55 55 49 49 49 54 54 51 51 51 37 37 37 46 46 59 59 59 63 63 71 71 71 68 68 68 65 65 63 63 63 59 59 61 -9999 -9999 -9999 -9999 -9999 -9999 -9999 -9999 -9999 -9999 -9999 -9999 -9999 -9999 -9999
21 21 31 31 30 30 30 30 30 30 30 30 23 23 23 38 38 42 42 42 34 34 34 42 42 41 41 41 43 43 49 49 49 44 44 44 53 53 55 55 55 55 55 55 55 55 49 49 49 54 54 51 51 51 37 37 37 46 46 59 59 59 63 63 71 71 71 68 68 68 65 65 63 63 63 59 59 61 -9999 -9999 -9999 -9999 -9999 -9999 -9999 -9999 -9999 -9999 -9999 -9999 -9999 -9999 -9999
21 21 31 31 30 30 30 30 30 30 30 30 23 23 23 38 38 42 42 42 34 34 34 42 42 41 41 41 43 43 49 49 49 44 44 44 53 53 55 55 55 55 55 55 55 55 49 49 49 54 54 51 51 51 37 37 37 46 46 59 59 59 63 63 71 71 71 68 68 68 65 65 63 63 63 59 59 61 61 -9999 -9999 -9999 -9999 -9999 -9999 -9999 -9999 -9999 -9999 -9999 -9999 -9999 -9999
22 22 31 31 31 31 31 32 32 33 33 33 27 27 27 41 41 43 43 43 35 35 35 43 43 42 42 42 43 43 47 47 47 41 41 41 49 49 49 49 49 48 48 45 45 45 39 39 39 48 48 48 48 48 40 40 40 46 46 48 48 48 55 55 65 65 65 61 61 61 58 58 55 55 55 54 54 59 59 -9999 -9999 -9999 -9999 -9999 -9999 -9999 -9999 -9999 -9999 -9999 -9999 -9999 -9999
22 22 31 31 31 31 31 32 32 33 33 33 27 27 27 41 41 43 43 43 35 35 35 43 43 42 42 42 43 43 47 47 47 41 41 41 49 49 49 49 49 48 48 45 45 45 39 39 39 48 48 48 48 48 40 40 40 46 46 48 48 48 55 55 65 65 65 61 61 61 58 58 55 55 55 54 54 59 59 59 -9999 -9999 -9999 -9999 -9999 -9999 -9999 -9999 -9999 -9999 -9999 -9999 -9999
22 22 31 31 31 31 31 33 33 35 35 35 29 29 29 42 42 43 43 43 34 34 34 42 42 41 41 41 41 41 44 44 44 36 36 36 46 46 45 45 45 42 42 36 36 36 27 27 27 39 39 44 44 44 39 39 39 46 46 49 49 49 54 54 61 61 61 57 57 57 56 56 53 53 53 53 53 57 57 57 60 -9999 -9999 -9999 -9999 -9999 -9999 -9999 -9999 -9999 -9999 -9999 -9999
22 22 31 31 31 31 31 33 33 35 35 35 29 29 29 42 42 43 43 43 34 34 34 42 42 41 41 41 41 41 44 44 44 36 36 36 46 46 45 45 45 42 42 36 36 36 27 27 27 39 39 44 44 44 39 39 39 46 46 49 49 49 54 54 61 61 61 57 57 57 56 56 53 53 53 53 53 57 57 57 60 60 -9999 -9999 -9999 -9999 -9999 -9999 -9999 -9999 -9999 -9999 -9999
22 22 31 31 31 31 31 33 33 35 35 35 29 29 29 42 42 43 43 43 34 34 34 42 42 41 41 41 41 41 44 44 44 36 36 36 46 46 45 45 45 42 42 36 36 36 27 27 27 39 39 44 44 44 39 39 39 46 46 49 49 49 54 54 61 61 61 57 57 57 56 56 53 53 53 53 53 57 57 57 60 60 60 -9999 -9999 -9999 -9999 -9999 -9999 -9999 -9999 -9999 -9999
22 22 32 32 32 32 32 34 34 37 37 37 31 31 31 43 43 43 43 43 32 32 32 40 40 40 40 40 40 40 42 42 42 34 34 34 44 44 43 43 43 41 41 35 35 35 21 21 21 31 31 36 36 36 34 34 34 46 46 48 48 48 51 51 56 56 56 52 52 52 53 53 50 50 50 49 49 52 52 52 53 53 53 58 -9999 -9999 -9999 -9999 -9999 -9999 -9999 -9999 -9999
22 22 32 32 32 32 32 34 34 37 37 37 31 31 31 43 43 43 43 43 32 32 32 40 40 40 40 40 40 40 42 42 42 34 34 34 44 44 43 43 43 41 41 35 35 35 21 21 21 31 31 36 36 36 34 34 34 46 46 48 48 48 51 51 56 56 56 52 52 52 53 53 50 50 50 49 49 52 52 52 53 53 53 58 58 -9999 -9999 -9999 -9999 -9999 -9999 -9999 -9999
24 24 33 33 34 34 34 36 36 39 39 39 33 33 33 44 44 44 44 44 32 32 32 39 39 40 40 40 40 40 42 42 42 34 34 34 43 43 42 42 42 41 41 37 37 37 22 22 22 28 28 27 27 27 23 23 23 40 40 46 46 46 49 49 52 52 52 47 47 47 49 49 46 46 46 45 45 46 46 46 41 41 41 48 48 -9999 -9999 -9999 -9999 -9999 -9999 -9999 -9999
24 24 33 33 34 34 34 36 36 39 39 39 33 33 33 44 44 44 44 44 32 32 32 39 39 40 40 40 40 40 42 42 42 34 34 34 43 43 42 42 42 41 41 37 37 37 22 22 22 28 28 27 27 27 23 23 23 40 40 46 46 46 49 49 52 52 52 47 47 47 49 49 46 46 46 45 45 46 46 46 41 41 41 48 48 -9999 -9999 -9999 -9999 -9999 -9999 -9999 -9999
24 24 33 33 34 34 34 36 36 39 39 39 33 33 33 44 44 44 44 44 32 32 32 39 39 40 40 40 40 40 42 42 42 34 34 34 43 43 42 42 42 41 41 37 37 37 22 22 22 28 28 27 27 27 23 23 23 40 40 46 46 46 49 49 52 52 52 47 47 47 49 49 46 46 46 45 45 46 46 46 41 41 41 -9999 -9999 -9999 -9999 -9999 -9999 -9999 -9999 -9999 -9999
26 26 35 35 36 36 36 37 37 40 40 40 32 32 32 43 43 43 43 43 31 31 31 38 38 39 39 39 40 40 40 40 40 32 32 32 42 42 41 41 41 41 41 38 38 38 23 23 23 29 29 24 24 24 12 12 12 29 29 40 40 40 44 44 48 48 48 42 42 42 46 46 43 43 43 41 41 41 41 41 26 26 26 -9999 -9999 -9999 -9999 -9999 -9999 -9999 -9999 -9999 -9999
26 26 35 35 36 36 36 37 37 40 40 40 32 32 32 43 43 43 43 43 31 31 31 38 38 39 39 39 40 40 40 40 40 32 32 32 42 42 41 41 41 41 41 38 38 38 23 23 23 29 29 24 24 24 12 12 12 29 29 40 40 40 44 44 48 48 48 42 42 42 46 46 43 43 43 41 41 41 41 41 26 26 26 37 -9999 -9999 -9999 -9999 -9999 -9999 -9999 -9999 -9999
26 26 35 35 36 36 36 37 37 40 40 40 32 32 32 43 43 43 43 43 31 31 31 38 38 39 39 39 40 40 40 40 40 32 32 32 42 42 41 41 41 41 41 38 38 38 23 23 23 29 29 24 24 24 12 12 12 29 29 40 40 40 44 44 48 48 48 42 42 42 46 46 43 43 43 41 41 41 41 41 26 26 26 37 37 60 -9999 -9999 -9999 -9999 -9999 -9999 -9999
30 30 38 38 38 38 38 39 39 40 40 40 32 32 32 42 42 42 42 42 32 32 32 40 40 40 40 40 40 40 39 39 39 31 31 31 42 42 42 42 42 42 42 40 40 40 26 26 26 30 30 24 24 24 9 9 9 23 23 31 31 31 37 37 43 43 43 37 37 37 44 44 41 41 41 39 39 38 38 38 21 21 21 0 0 58 58 58 -9999 -9999 -9999 -9999 -9999
30 30 38 38 38 38 38 39 39 40 40 40 32 32 32 42 42 42 42 42 32 32 32 40 40 40 40 40 40 40 39 39 39 31 31 31 42 42 42 42 42 42 42 40 40 40 26 26 26 30 30 24 24 24 9 9 9 23 23 31 31 31 37 37 43 43 43 37 37 37 44 44 41 41 41 39 39 38 38 38 21 21 21 0 0 58 58 58 56 56 -9999 -9999 -9999
33 33 41 41 40 40 40 40 40 41 41 41 32 32 32 42 42 43 43 43 34 34 34 42 42 41 41 41 40 40 38 38 38 31 31 31 42 42 42 42 42 43 43 42 42 42 29 29 29 31 31 23 23 23 10 10 10 24 24 27 27 27 30 30 33 33 33 29 29 29 39 39 38 38 38 38 38 38 38 38 29 29 29 45 45 48 48 48 0 0 0 69 -9999
33 33 41 41 40 40 40 40 40 41 41 41 32 32 32 42 42 43 43 43 34 34 34 42 42 41 41 41 40 40 38 38 38 31 31 31 42 42 42 42 42 43 43 42 42 42 29 29 29 31 31 23 23 23 10 10 10 24 24 27 27 27 30 30 33 33 33 29 29 29 39 39 38 38 38 38 38 38 38 38 29 29 29 45 45 48 48 48 0 0 0 69 69
33 33 41 41 40 40 40 40 40 41 41 41 32 32 32 42 42 43 43 43 34 34 34 42 42 41 41 41 40 40 38 38 38 31 31 31 42 42 42 42 42 43 43 42 42 42 29 29 29 31 31 23 23 23 10 10 10 24 24 27 27 27 30 30 33 33 33 29 29 29 39 39 38 38 38 38 38 38 38 38 29 29 29 45 45 48 48 48 0 0 0 69 69
35 35 43 43 41 41 41 41 41 41 41 41 33 33 33 42 42 43 43 43 34 34 34 42 42 41 41 41 40 40 37 37 37 30 30 30 42 42 42 42 42 43 43 43 43 43 30 30 30 31 31 22 22 22 11 11 11 26 26 27 27 27 28 28 30 30 30 23 23 23 35 35 36 36 36 37 37 38 38 38 34 34 34 47 47 49 49 49 53 53 53 65 65
35 35 43 43 41 41 41 41 41 41 41 41 33 33 33 42 42 43 43 43 34 34 34 42 42 41 41 41 40 40 37 37 37 30 30 30 42 42 42 42 42 43 43 43 43 43 30 30 30 31 31 22 22 22 11 11 11 26 26 27 27 27 28 28 30 30 30 23 23 23 35 35 36 36 36 37 37 38 38 38 34 34 34 47 47 49 49 49 53 53 53 65 65
36 36 43 43 42 42 42 41 41 42 42 42 34 34 34 43 43 43 43 43 35 35 35 43 43 41 41 41 40 40 39 39 39 31 31 31 41 41 41 41 41 42 42 42 42 42 30 30 30 32 32 25 25 25 14 14 14 29 29 31 31 31 32 32 33 33 33 24 24 24 35 35 35 35 35 34 34 34 34 34 28 28 28 43 43 51 51 51 50 50 50 53 53
36 36 43 43 42 42 42 41 41 42 42 42 34 34 34 43 43 43 43 43 35 35 35 43 43 41 41 41 40 40 39 39 39 31 31 31 41 41 41 41 41 42 42 42 42 42 30 30 30 32 32 25 25 25 14 14 14 29 29 31 31 31 32 32 33 33 33 24 24 24 35 35 35 35 35 34 34 34 34 34 28 28 28 43 43 51 51 51 50 50 50 53 53
36 36 43 43 42 42 42 41 41 42 42 42 34 34 34 43 43 43 43 43 35 35 35 43 43 41 41 41 40 40 39 39 39 31 31 31 41 41 41 41 41 42 42 42 42 42 30 30 30 32 32 25 25 25 14 14 14 29 29 31 31 31 32 32 33 33 33 24 24 24 35 35 35 35 35 34 34 34 34 34 28 28 28 43 43 51 51 51 50 50 50 53 53
35 35 41 41 42 42 42 42 42 43 43 43 35 35 35 44 44 44 44 44 35 35 35 42 42 40 40 40 40 40 40 40 40 31 31 31 39 39 39 39 39 40 40 40 40 40 28 28 28 34 34 29 29 29 18 18 18 31 31 34 34 34 34 34 35 35 35 26 26 26 38 38 35 35 35 31 31 27 27 27 17 17 17 34 34 44 44 44 41 41 41 47 47
35 35 41 41 42 42 42 42 42 43 43 43 35 35 35 44 44 44 44 44 35 35 35 42 42 40 40 40 40 40 40 40 40 31 31 31 39 39 39 39 39 40 40 40 40 40 28 28 28 34 34 29 29 29 18 18 18 31 31 34 34 34 34 34 35 35 35 26 26 26 38 38 35 35 35 31 31 27 27 27 17 17 17 34 34 44 44 44 41 41 41 47 47
35 35 41 41 42 42 42 42 42 43 43 43 35 35 35 44 44 44 44 44 35 35 35 42 42 40 40 40 40 40 40 40 40 31 31 31 39 39 39 39 39 40 40 40 40 40 28 28 28 34 34 29 29 29 18 18 18 31 31 34 34 34 34 34 35 35 35 26 26 26 38 38 35 35 35 31 31 27 27 27 17 17 17 34 34 44 44 44 41 41 41 47 47
35 35 41 41 42 42 42 43 43 44 44 44 37 37 37 46 46 44 44 44 34 34 34 41 41 39 39 39 40 40 40 40 40 31 31 31 39 39 39 39 39 39 39 38 38 38 28 28 28 35 35 32 32 32 22 22 22 33 33 35 35 35 37 37 39 39 39 30 30 30 42 42 37 37 37 30 30 24 24 24 12 12 12 30 30 36 36 36 30 30 30 43 43
35 35 41 41 42 42 42 43 43 44 44 44 37 37 37 46 46 44 44 44 34 34 34 41 41 39 39 39 40 40 40 40 40 31 31 31 39 39 39 39 39 39 39 38 38 38 28 28 28 35 35 32 32 32 22 22 22 33 33 35 35 35 37 37 39 39 39 30 30 30 42 42 37 37 37 30 30 24 24 24 12 12 12 30 30 36 36 36 30 30 30 43 43
36 36 42 42 42 42 42 44 44 46 46 46 39 39 39 46 46 44 44 44 33 33 33 40 40 39 39 39 40 40 39 39 39 29 29 29 38 38 39 39 39 39 39 38 38 38 27 27 27 36 36 35 35 35 25 25 25 35 35 36 36 36 38 38 41 41 41 33 33 33 43 43 37 37 37 29 29 24 24 24 13 13 13 29 29 31 31 31 24 24 24 39 39
36 36 42 42 42 42 42 44 44 46 46 46 39 39 39 46 46 44 44 44 33 33 33 40 40 39 39 39 40 40 39 39 39 29 29 29 38 38 39 39 39 39 39 38 38 38 27 27 27 36 36 35 35 35 25 25 25 35 35 36 36 36 38 38 41 41 41 33 33 33 43 43 37 37 37 29 29 24 24 24 13 13 13 29 29 31 31 31 24 24 24 39 39
36 36 42 42 42 42 42 44 44 46 46 46 39 39 39 46 46 44 44 44 33 33 33 40 40 39 39 39 40 40 39 39 39 29 29 29 38 38 39 39 39 39 39 38 38 38 27 27 27 36 36 35 35 35 25 25 25 35 35 36 36 36 38 38 41 41 41 33 33 33 43 43 37 37 37 29 29 24 24 24 13 13 13 29 29 31 31 31 24 24 24 39 39
38 38 43 43 42 42 42 43 43 44 44 44 36 36 36 42 42 41 41 41 32 32 32 41 41 40 40 40 39 39 37 37 37 27 27 27 38 38 40 40 40 40 40 38 38 38 27 27 27 37 37 36 36 36 26 26 26 37 37 37 37 37 39 39 40 40 40 31 31 31 42 42 37 37 37 31 31 26 26 26 15 15 15 29 29 30 30 30 22 22 22 36 36
