SEB_model/sample_data_files/historical_long/hillshade_historical_long/july6am.txt
ncols         768
nrows         486
xllcorner     388353.95236715
yllcorner     7583725.4876181
cellsize      5
NODATA_value  -9999
[rows 418 to 455 of 486, columns 522 to 608 of 768]
158 158 157 157 157 154 154 149 149 149 151 151 151 145 145 144 144 144 142 142 137 137 137 137 137 137 130 130 127 127 127 127 127 127 123 123 121 121 121 120 120 120 120 120 122 122 122 120 120 120 120 120 119 119 117 117 117 119 119 119 117 117 114 114 114 113 113 113 113 113 115 115 115 114 114 115 115 115 117 117 117 113 113 111 111 111 108
158 158 157 157 157 154 154 149 149 149 151 151 151 145 145 144 144 144 142 142 137 137 137 137 137 137 130 130 127 127 127 127 127 127 123 123 121 121 121 120 120 120 120 120 122 122 122 120 120 120 120 120 119 119 117 117 117 119 119 119 117 117 114 114 114 113 113 113 113 113 115 115 115 114 114 115 115 115 117 117 117 113 113 111 111 111 108
166 166 164 164 164 159 159 150 150 150 153 153 153 147 147 145 145 145 143 143 139 139 139 139 139 139 133 133 129 129 129 129 129 129 124 124 122 122 122 121 121 119 119 119 121 121 121 121 121 121 121 121 119 119 117 117 117 119 119 119 118 118 115 115 115 113 113 113 112 112 115 115 115 116 116 116 116 116 116 116 116 113 113 112 112 112 112
166 166 164 164 164 159 159 150 150 150 153 153 153 147 147 145 145 145 143 143 139 139 139 139 139 139 133 133 129 129 129 129 129 129 124 124 122 122 122 121 121 119 119 119 121 121 121 121 121 121 121 121 119 119 117 117 117 119 119 119 118 118 115 115 115 113 113 113 112 112 115 115 115 116 116 116 116 116 116 116 116 113 113 112 112 112 112
166 166 164 164 164 159 159 150 150 150 153 153 153 147 147 145 145 145 143 143 139 139 139 139 139 139 133 133 129 129 129 129 129 129 124 124 122 122 122 121 121 119 119 119 121 121 121 121 121 121 121 121 119 119 117 117 117 119 119 119 118 118 115 115 115 113 113 113 112 112 115 115 115 116 116 116 116 116 116 116 116 113 113 112 112 112 112
177 177 171 171 171 163 163 152 152 152 153 153 153 147 147 145 145 145 144 144 140 140 140 141 141 141 136 136 132 132 132 133 133 133 127 127 123 123 123 120 120 118 118 118 121 121 121 121 121 121 121 121 120 120 118 118 118 120 120 120 119 119 117 117 117 115 115 115 113 113 115 115 115 117 117 116 116 116 114 114 114 113 113 140 140 140 132
177 177 171 171 171 163 163 152 152 152 153 153 153 147 147 145 145 145 144 144 140 140 140 141 141 141 136 136 132 132 132 133 133 133 127 127 123 123 123 120 120 118 118 118 121 121 121 121 121 121 121 121 120 120 118 118 118 120 120 120 119 119 117 117 117 115 115 115 113 113 115 115 115 117 117 116 116 116 114 114 114 113 113 140 140 140 -9999
183 183 176 176 176 168 168 153 153 153 153 153 153 146 146 144 144 144 142 142 141 141 141 144 144 144 139 139 137 137 137 139 139 139 130 130 122 122 122 118 118 118 118 118 121 121 121 120 120 121 121 121 120 120 118 118 118 120 120 120 119 119 118 118 118 117 117 117 113 113 110 110 110 110 110 110 110 110 110 110 110 111 111 194 194 194 -9999
183 183 176 176 176 168 168 153 153 153 153 153 153 146 146 144 144 144 142 142 141 141 141 144 144 144 139 139 137 137 137 139 139 139 130 130 122 122 122 118 118 118 118 118 121 121 121 120 120 121 121 121 120 120 118 118 118 120 120 120 119 119 118 118 118 117 117 117 113 113 110 110 110 110 110 110 110 110 110 110 110 111 111 194 194 -9999 -9999
183 183 176 176 176 168 168 153 153 153 153 153 153 146 146 144 144 144 142 142 141 141 141 144 144 144 139 139 137 137 137 139 139 139 130 130 122 122 122 118 118 118 118 118 121 121 121 120 120 121 121 121 120 120 118 118 118 120 120 120 119 119 118 118 118 117 117 117 113 113 110 110 110 110 110 110 110 110 110 110 110 111 111 194 -9999 -9999 -9999
197 197 191 191 191 180 180 155 155 155 154 154 154 148 148 146 146 146 144 144 143 143 143 149 149 149 144 144 142 142 142 145 145 145 134 134 122 122 122 118 118 119 119 119 122 122 122 121 121 120 120 120 120 120 119 119 119 120 120 120 117 117 115 115 115 115 115 115 110 110 102 102 102 98 98 97 97 97 154 154 -9999 -9999 -9999 -9999 -9999 -9999 -9999
197 197 191 191 191 180 180 155 155 155 154 154 154 148 148 146 146 146 144 144 143 143 143 149 149 149 144 144 142 142 142 145 145 145 134 134 122 122 122 118 118 119 119 119 122 122 122 121 121 120 120 120 120 120 119 119 119 120 120 120 117 117 115 115 115 115 115 115 110 110 102 102 102 98 98 97 97 97 154 -9999 -9999 -9999 -9999 -9999 -9999 -9999 -9999
197 197 191 191 191 180 180 155 155 155 154 154 154 148 148 146 146 146 144 144 143 143 143 149 149 149 144 144 142 142 142 145 145 145 134 134 122 122 122 118 118 119 119 119 122 122 122 121 121 120 120 120 120 120 119 119 119 120 120 120 117 117 115 115 115 115 115 115 110 110 102 102 102 98 98 97 97 97 154 -9999 -9999 -9999 -9999 -9999 -9999 -9999 -9999
203 203 193 193 193 178 178 145 145 145 147 147 147 145 145 147 147 147 146 146 144 144 144 154 154 154 152 152 147 147 147 147 147 147 135 135 124 124 124 121 121 122 122 122 124 124 124 122 122 120 120 120 118 118 117 117 117 117 117 117 112 112 108 108 108 109 109 109 104 104 96 96 96 90 90 86 86 86 220 -9999 -9999 -9999 -9999 -9999 -9999 -9999 -9999
203 203 193 193 193 178 178 145 145 145 147 147 147 145 145 147 147 147 146 146 144 144 144 154 154 154 152 152 147 147 147 147 147 147 135 135 124 124 124 121 121 122 122 122 124 124 124 122 122 120 120 120 118 118 117 117 117 117 117 117 112 112 108 108 108 109 109 109 104 104 96 96 96 90 90 86 86 86 220 -9999 -9999 -9999 -9999 -9999 -9999 -9999 -9999
199 199 185 185 185 165 165 134 134 134 144 144 144 150 150 155 155 155 152 152 147 147 147 162 162 162 161 161 152 152 152 148 148 148 136 136 128 128 128 127 127 126 126 126 127 127 127 122 122 118 118 118 114 114 112 112 112 110 110 110 104 104 102 102 102 103 103 103 100 100 94 94 94 87 87 154 154 154 -9999 -9999 -9999 -9999 -9999 -9999 -9999 -9999 -9999
199 199 185 185 185 165 165 134 134 134 144 144 144 150 150 155 155 155 152 152 147 147 147 162 162 162 161 161 152 152 152 148 148 148 136 136 128 128 128 127 127 126 126 126 127 127 127 122 122 118 118 118 114 114 112 112 112 110 110 110 104 104 102 102 102 103 103 103 100 100 94 94 94 87 87 154 154 -9999 -9999 -9999 -9999 -9999 -9999 -9999 -9999 -9999 -9999
199 199 185 185 185 165 165 134 134 134 144 144 144 150 150 155 155 155 152 152 147 147 147 162 162 162 161 161 152 152 152 148 148 148 136 136 128 128 128 127 127 126 126 126 127 127 127 122 122 118 118 118 114 114 112 112 112 110 110 110 104 104 102 102 102 103 103 103 100 100 94 94 94 87 87 -9999 -9999 -9999 -9999 -9999 -9999 -9999 -9999 -9999 -9999 -9999 -9999
189 189 171 171 171 150 150 126 126 126 153 153 153 169 169 171 171 171 163 163 146 146 146 159 159 159 161 161 156 156 156 154 154 154 137 137 132 132 132 134 134 132 132 132 130 130 130 120 120 115 115 115 111 111 105 105 105 101 101 101 99 99 99 99 99 99 99 99 98 98 100 100 100 163 163 -9999 -9999 -9999 -9999 -9999 -9999 -9999 -9999 -9999 -9999 -9999 -9999
189 189 171 171 171 150 150 126 126 126 153 153 153 169 169 171 171 171 163 163 146 146 146 159 159 159 161 161 156 156 156 154 154 154 137 137 132 132 132 134 134 132 132 132 130 130 130 120 120 115 115 115 111 111 105 105 105 101 101 101 99 99 99 99 99 99 99 99 98 98 100 100 100 163 163 -9999 -9999 -9999 -9999 -9999 -9999 -9999 -9999 -9999 -9999 -9999 -9999
189 189 171 171 171 150 150 126 126 126 153 153 153 169 169 171 171 171 163 163 146 146 146 159 159 159 161 161 156 156 156 154 154 154 137 137 132 132 132 134 134 132 132 132 130 130 130 120 120 115 115 115 111 111 105 105 105 101 101 101 99 99 99 99 99 99 99 99 98 98 100 100 100 163 163 -9999 -9999 -9999 -9999 -9999 -9999 -9999 -9999 -9999 -9999 -9999 -9999
167 167 152 152 152 138 138 127 127 127 168 168 168 185 185 184 184 184 171 171 138 138 138 144 144 144 158 158 165 165 165 163 163 163 141 141 139 139 139 142 142 136 136 136 130 130 130 117 117 111 111 111 105 105 96 96 96 95 95 95 97 97 96 96 96 100 100 100 105 105 116 116 116 234 234 -9999 -9999 -9999 -9999 -9999 -9999 -9999 -9999 -9999 -9999 -9999 -9999
167 167 152 152 152 138 138 127 127 127 168 168 168 185 185 184 184 184 171 171 138 138 138 144 144 144 158 158 165 165 165 163 163 163 141 141 139 139 139 142 142 136 136 136 130 130 130 117 117 111 111 111 105 105 96 96 96 95 95 95 97 97 96 96 96 100 100 100 105 105 116 116 116 234 -9999 -9999 -9999 -9999 -9999 -9999 -9999 -9999 -9999 -9999 -9999 -9999 -9999
148 148 141 141 141 138 138 139 139 139 176 176 176 187 187 188 188 188 177 177 135 135 135 135 135 135 158 158 174 174 174 174 174 174 152 152 151 151 151 151 151 135 135 135 127 127 127 114 114 103 103 103 93 93 93 93 93 103 103 103 106 106 102 102 102 114 114 114 121 121 126 126 126 249 -9999 -9999 -9999 -9999 -9999 -9999 -9999 -9999 -9999 -9999 -9999 -9999 -9999
148 148 141 141 141 138 138 139 139 139 176 176 176 187 187 188 188 188 177 177 135 135 135 135 135 135 158 158 174 174 174 174 174 174 152 152 151 151 151 151 151 135 135 135 127 127 127 114 114 103 103 103 93 93 93 93 93 103 103 103 106 106 102 102 102 114 114 114 121 121 126 126 126 249 -9999 -9999 -9999 -9999 -9999 -9999 -9999 -9999 -9999 -9999 -9999 -9999 -9999
148 148 141 141 141 138 138 139 139 139 176 176 176 187 187 188 188 188 177 177 135 135 135 135 135 135 158 158 174 174 174 174 174 174 152 152 151 151 151 151 151 135 135 135 127 127 127 114 114 103 103 103 93 93 93 93 93 103 103 103 106 106 102 102 102 114 114 114 121 121 126 126 126 -9999 -9999 -9999 -9999 -9999 -9999 -9999 -9999 -9999 -9999 -9999 -9999 -9999 -9999
138 138 139 139 139 141 141 146 146 146 172 172 172 176 176 181 181 181 173 173 141 141 141 139 139 139 149 149 165 165 165 173 173 173 157 157 155 155 155 149 149 128 128 128 119 119 119 104 104 87 87 87 88 88 109 109 109 122 122 122 117 117 112 112 112 124 124 124 125 125 175 175 175 -9999 -9999 -9999 -9999 -9999 -9999 -9999 -9999 -9999 -9999 -9999 -9999 -9999 -9999
138 138 139 139 139 141 141 146 146 146 172 172 172 176 176 181 181 181 173 173 141 141 141 139 139 139 149 149 165 165 165 173 173 173 157 157 155 155 155 149 149 128 128 128 119 119 119 104 104 87 87 87 88 88 109 109 109 122 122 122 117 117 112 112 112 124 124 124 125 125 175 175 -9999 -9999 -9999 -9999 -9999 -9999 -9999 -9999 -9999 -9999 -9999 -9999 -9999 -9999 -9999
136 136 144 144 144 148 148 148 148 148 166 166 166 164 164 169 169 169 164 164 148 148 148 151 151 151 147 147 153 153 153 165 165 165 154 154 151 151 151 143 143 125 125 125 116 116 116 95 95 85 85 85 98 98 125 125 125 132 132 132 122 122 120 120 120 127 127 127 183 183 189 -9999 -9999 -9999 -9999 -9999 -9999 -9999 -9999 -9999 -9999 -9999 -9999 -9999 -9999 -9999 -9999
136 136 144 144 144 148 148 148 148 148 166 166 166 164 164 169 169 169 164 164 148 148 148 151 151 151 147 147 153 153 153 165 165 165 154 154 151 151 151 143 143 125 125 125 116 116 116 95 95 85 85 85 98 98 125 125 125 132 132 132 122 122 120 120 120 127 127 127 183 183 189 -9999 -9999 -9999 -9999 -9999 -9999 -9999 -9999 -9999 -9999 -9999 -9999 -9999 -9999 -9999 -9999
136 136 144 144 144 148 148 148 148 148 166 166 166 164 164 169 169 169 164 164 148 148 148 151 151 151 147 147 153 153 153 165 165 165 154 154 151 151 151 143 143 125 125 125 116 116 116 95 95 85 85 85 98 98 125 125 125 132 132 132 122 122 120 120 120 127 127 127 183 183 -9999 -9999 -9999 -9999 -9999 -9999 -9999 -9999 -9999 -9999 -9999 -9999 -9999 -9999 -9999 -9999 -9999
139 139 150 150 150 154 154 150 150 150 160 160 160 154 154 157 157 157 156 156 150 150 150 156 156 156 144 144 144 144 144 156 156 156 148 148 145 145 145 139 139 126 126 126 120 120 120 102 102 97 97 97 106 106 118 118 118 124 124 124 119 119 119 119 119 187 187 187 191 -9999 -9999 -9999 -9999 -9999 -9999 -9999 -9999 -9999 -9999 -9999 -9999 -9999 -9999 -9999 -9999 -9999 -9999
139 139 150 150 150 154 154 150 150 150 160 160 160 154 154 157 157 157 156 156 150 150 150 156 156 156 144 144 144 144 144 156 156 156 148 148 145 145 145 139 139 126 126 126 120 120 120 102 102 97 97 97 106 106 118 118 118 124 124 124 119 119 119 119 119 187 187 187 -9999 -9999 -9999 -9999 -9999 -9999 -9999 -9999 -9999 -9999 -9999 -9999 -9999 -9999 -9999 -9999 -9999 -9999 -9999
139 139 150 150 150 154 154 150 150 150 160 160 160 154 154 157 157 157 156 156 150 150 150 156 156 156 144 144 144 144 144 156 156 156 148 148 145 145 145 139 139 126 126 126 120 120 120 102 102 97 97 97 106 106 118 118 118 124 124 124 119 119 119 119 119 187 187 -9999 -9999 -9999 -9999 -9999 -9999 -9999 -9999 -9999 -9999 -9999 -9999 -9999 -9999 -9999 -9999 -9999 -9999 -9999 -9999
144 144 151 151 151 155 155 151 151 151 158 158 158 149 149 151 151 151 151 151 148 148 148 154 154 154 140 140 140 140 140 151 151 151 142 142 140 140 140 135 135 125 125 125 123 123 123 113 113 108 108 108 108 108 110 110 110 118 118 118 117 117 187 187 187 191 -9999 -9999 -9999 -9999 -9999 -9999 -9999 -9999 -9999 -9999 -9999 -9999 -9999 -9999 -9999 -9999 -9999 -9999 -9999 -9999 -9999
144 144 151 151 151 155 155 151 151 151 158 158 158 149 149 151 151 151 151 151 148 148 148 154 154 154 140 140 140 140 140 151 151 151 142 142 140 140 140 135 135 125 125 125 123 123 123 113 113 108 108 108 108 108 110 110 110 118 118 118 117 117 187 187 -9999 -9999 -9999 -9999 -9999 -9999 -9999 -9999 -9999 -9999 -9999 -9999 -9999 -9999 -9999 -9999 -9999 -9999 -9999 -9999 -9999 -9999 -9999
149 149 150 150 150 152 152 151 151 151 158 158 158 148 148 150 150 150 149 149 145 145 145 149 149 149 136 136 137 137 137 147 147 147 137 137 133 133 133 129 129 120 120 120 120 120 120 114 114 109 109 109 106 106 109 109 109 118 118 118 188 188 190 -9999 -9999 -9999 -9999 -9999 -9999 -9999 -9999 -9999 -9999 -9999 -9999 -9999 -9999 -9999 -9999 -9999 -9999 -9999 -9999 -9999 -9999 -9999 -9999
149 149 150 150 150 152 152 151 151 151 158 158 158 148 148 150 150 150 149 149 145 145 145 149 149 149 136 136 137 137 137 147 147 147 137 137 133 133 133 129 129 120 120 120 120 120 120 114 114 109 109 109 106 106 109 109 109 118 118 118 188 -9999 -9999 -9999 -9999 -9999 -9999 -9999 -9999 -9999 -9999 -9999 -9999 -9999 -9999 -9999 -9999 -9999 -9999 -9999 -9999 -9999 -9999 -9999 -9999 -9999 -9999
