SEB_model/sample_data_files/historical_long/hillshade_historical_long/july6pm.txt
ncols         768
nrows         486
xllcorner     388353.95236715
yllcorner     7583725.4876181
cellsize      5
NODATA_value  -9999
[rows 164 to 204 of 486, columns 93 to 185 of 768]
87 87 88 88 88 86 86 83 83 83 77 77 69 69 69 63 63 63 58 58 55 55 55 50 50 50 44 44 42 42 42 43 43 48 48 48 54 54 54 55 55 53 53 53 50 50 50 46 46 47 47 47 53 53 62 62 62 70 70 70 78 78 79 79 79 72 72 65 65 65 60 60 60 62 62 66 66 66 68 68 68 68 68 62 62 62 57 57 53 53 53 47 47
87 87 88 88 88 86 86 83 83 83 77 77 69 69 69 63 63 63 58 58 55 55 55 50 50 50 44 44 42 42 42 43 43 48 48 48 54 54 54 55 55 53 53 53 50 50 50 46 46 47 47 47 53 53 62 62 62 70 70 70 78 78 79 79 79 72 72 65 65 65 60 60 60 62 62 66 66 66 68 68 68 68 68 62 62 62 57 57 53 53 53 47 47
83 83 83 83 83 82 82 80 80 80 77 77 71 71 71 66 66 66 61 61 56 56 56 51 51 51 47 47 45 45 45 46 46 50 50 50 54 54 54 56 56 53 53 53 50 50 50 46 46 47 47 47 55 55 68 68 68 80 80 80 84 84 80 80 80 74 74 67 67 67 61 61 61 62 62 64 64 64 63 63 63 63 63 57 57 57 52 52 49 49 49 45 45
83 83 83 83 83 82 82 80 80 80 77 77 71 71 71 66 66 66 61 61 56 56 56 51 51 51 47 47 45 45 45 46 46 50 50 50 54 54 54 56 56 53 53 53 50 50 50 46 46 47 47 47 55 55 68 68 68 80 80 80 84 84 80 80 80 74 74 67 67 67 61 61 61 62 62 64 64 64 63 63 63 63 63 57 57 57 52 52 49 49 49 45 45
83 83 83 83 83 82 82 80 80 80 77 77 71 71 71 66 66 66 61 61 56 56 56 51 51 51 47 47 45 45 45 46 46 50 50 50 54 54 54 56 56 53 53 53 50 50 50 46 46 47 47 47 55 55 68 68 68 80 80 80 84 84 80 80 80 74 74 67 67 67 61 61 61 62 62 64 64 64 63 63 63 63 63 57 57 57 52 52 49 49 49 45 45
80 80 78 78 78 77 77 76 76 76 76 76 74 74 74 70 70 70 63 63 57 57 57 53 53 53 50 50 49 49 49 49 49 52 52 52 55 55 55 56 56 54 54 54 51 51 51 48 48 49 49 49 57 57 72 72 72 84 84 84 85 85 80 80 80 76 76 68 68 68 62 62 62 62 62 61 61 61 57 57 57 56 56 51 51 51 46 46 44 44 44 44 44
80 80 78 78 78 77 77 76 76 76 76 76 74 74 74 70 70 70 63 63 57 57 57 53 53 53 50 50 49 49 49 49 49 52 52 52 55 55 55 56 56 54 54 54 51 51 51 48 48 49 49 49 57 57 72 72 72 84 84 84 85 85 80 80 80 76 76 68 68 68 62 62 62 62 62 61 61 61 57 57 57 56 56 51 51 51 46 46 44 44 44 44 44
80 80 78 78 78 77 77 76 76 76 76 76 74 74 74 70 70 70 63 63 57 57 57 53 53 53 50 50 49 49 49 49 49 52 52 52 55 55 55 56 56 54 54 54 51 51 51 48 48 49 49 49 57 57 72 72 72 84 84 84 85 85 80 80 80 76 76 68 68 68 62 62 62 62 62 61 61 61 57 57 57 56 56 51 51 51 46 46 44 44 44 44 44
79 79 76 76 76 74 74 73 73 73 76 76 76 76 76 73 73 73 65 65 59 59 59 56 56 56 54 54 53 53 53 53 53 55 55 55 56 56 56 56 56 55 55 55 53 53 53 52 52 53 53 53 59 59 71 71 71 82 82 82 83 83 79 79 79 76 76 68 68 68 62 62 62 62 62 58 58 58 52 52 52 51 51 46 46 46 44 44 44 44 44 44 44
79 79 76 76 76 74 74 73 73 73 76 76 76 76 76 73 73 73 65 65 59 59 59 56 56 56 54 54 53 53 53 53 53 55 55 55 56 56 56 56 56 55 55 55 53 53 53 52 52 53 53 53 59 59 71 71 71 82 82 82 83 83 79 79 79 76 76 68 68 68 62 62 62 62 62 58 58 58 52 52 52 51 51 46 46 46 44 44 44 44 44 44 44
79 79 76 76 76 74 74 73 73 73 75 75 76 76 76 74 74 74 67 67 61 61 61 59 59 59 58 58 57 57 57 56 56 57 57 57 57 57 57 56 56 57 57 57 56 56 56 56 56 57 57 57 61 61 69 69 69 77 77 77 79 79 75 75 75 73 73 67 67 67 61 61 61 61 61 57 57 57 51 51 51 49 49 45 45 45 46 46 47 47 47 45 45
79 79 76 76 76 74 74 73 73 73 75 75 76 76 76 74 74 74 67 67 61 61 61 59 59 59 58 58 57 57 57 56 56 57 57 57 57 57 57 56 56 57 57 57 56 56 56 56 56 57 57 57 61 61 69 69 69 77 77 77 79 79 75 75 75 73 73 67 67 67 61 61 61 61 61 57 57 57 51 51 51 49 49 45 45 45 46 46 47 47 47 45 45
79 79 76 76 76 74 74 73 73 73 75 75 76 76 76 74 74 74 67 67 61 61 61 59 59 59 58 58 57 57 57 56 56 57 57 57 57 57 57 56 56 57 57 57 56 56 56 56 56 57 57 57 61 61 69 69 69 77 77 77 79 79 75 75 75 73 73 67 67 67 61 61 61 61 61 57 57 57 51 51 51 49 49 45 45 45 46 46 47 47 47 45 45
80 80 77 77 77 75 75 74 74 74 75 75 76 76 76 74 74 74 68 68 63 63 63 61 61 61 61 61 60 60 60 59 59 59 59 59 58 58 58 58 58 59 59 59 60 60 60 61 61 61 61 61 62 62 67 67 67 71 71 71 72 72 69 69 69 67 67 63 63 63 58 58 58 57 57 55 55 55 52 52 52 50 50 48 48 48 52 52 52 52 52 46 46
80 80 77 77 77 75 75 74 74 74 75 75 76 76 76 74 74 74 68 68 63 63 63 61 61 61 61 61 60 60 60 59 59 59 59 59 58 58 58 58 58 59 59 59 60 60 60 61 61 61 61 61 62 62 67 67 67 71 71 71 72 72 69 69 69 67 67 63 63 63 58 58 58 57 57 55 55 55 52 52 52 50 50 48 48 48 52 52 52 52 52 46 46
81 81 78 78 78 77 77 75 75 75 76 76 77 77 77 75 75 75 -9999 -9999 -9999 -9999 -9999 -9999 63 63 63 63 63 63 63 62 62 62 62 62 61 61 61 60 60 62 62 62 63 63 63 65 65 65 65 65 64 64 66 66 66 68 68 68 67 67 63 63 63 59 59 57 57 57 54 54 54 53 53 52 52 52 52 52 52 55 55 58 58 58 61 61 59 59 59 51 51
81 81 78 78 78 77 77 75 75 75 76 76 77 77 77 75 75 -9999 -9999 -9999 -9999 -9999 -9999 -9999 -9999 63 63 63 63 63 63 -9999 -9999 -9999 62 62 61 61 61 60 60 62 62 62 63 63 63 65 65 65 65 65 64 64 66 66 66 68 68 68 67 67 63 63 63 59 59 57 57 57 54 54 54 53 53 52 52 52 52 52 52 55 55 58 58 58 61 61 59 59 59 51 51
81 81 78 78 78 77 77 75 75 75 76 76 77 77 77 75 75 -9999 -9999 -9999 -9999 -9999 -9999 -9999 -9999 -9999 -9999 -9999 -9999 -9999 -9999 -9999 -9999 -9999 -9999 62 61 61 61 60 60 62 62 62 63 63 63 65 65 65 65 65 64 64 66 66 66 68 68 68 67 67 63 63 63 59 59 57 57 57 54 54 54 53 53 52 52 52 52 52 52 55 55 58 58 58 61 61 59 59 59 51 51
82 82 80 80 80 78 78 77 77 77 77 77 77 77 77 75 -9999 -9999 -9999 -9999 -9999 -9999 -9999 -9999 -9999 -9999 -9999 -9999 -9999 -9999 -9999 -9999 -9999 -9999 -9999 -9999 -9999 64 64 62 62 65 65 65 67 67 67 69 69 69 69 69 67 67 67 67 67 66 66 66 64 64 59 59 59 54 54 51 51 51 49 49 49 49 49 49 49 49 50 50 50 55 55 65 65 65 71 71 66 66 66 56 56
82 82 80 80 80 78 78 77 77 77 77 77 77 -9999 77 -9999 -9999 -9999 -9999 -9999 -9999 -9999 -9999 -9999 -9999 -9999 -9999 -9999 -9999 -9999 -9999 -9999 -9999 -9999 -9999 -9999 -9999 -9999 -9999 -9999 -9999 -9999 65 65 67 67 67 69 69 69 69 69 67 67 67 67 67 66 66 66 64 64 59 59 59 54 54 51 51 51 49 49 49 49 49 49 49 49 50 50 50 55 55 65 65 65 71 71 66 66 66 56 56
82 82 80 80 80 78 78 77 77 77 77 77 -9999 -9999 -9999 -9999 -9999 -9999 -9999 -9999 -9999 -9999 -9999 -9999 -9999 -9999 -9999 -9999 -9999 -9999 -9999 -9999 -9999 -9999 -9999 -9999 -9999 -9999 -9999 -9999 -9999 -9999 -9999 65 67 67 67 69 69 69 69 69 67 67 67 67 67 66 66 66 64 64 59 59 59 54 54 51 51 51 49 49 49 49 49 49 49 49 50 50 50 55 55 65 65 65 71 71 66 66 66 56 56
83 83 81 81 81 79 79 78 -9999 -9999 -9999 -9999 -9999 -9999 -9999 -9999 -9999 -9999 -9999 -9999 -9999 -9999 -9999 -9999 -9999 -9999 -9999 -9999 -9999 -9999 -9999 -9999 -9999 -9999 -9999 -9999 -9999 -9999 -9999 -9999 67 69 69 69 70 70 70 72 72 72 72 72 70 70 68 68 68 66 66 66 63 63 57 57 57 51 51 49 49 49 48 48 48 48 48 48 48 48 47 47 47 50 50 68 68 68 79 79 70 70 70 59 59
83 83 81 81 81 79 79 -9999 -9999 -9999 -9999 -9999 -9999 -9999 -9999 -9999 -9999 -9999 -9999 -9999 -9999 -9999 -9999 -9999 -9999 -9999 -9999 -9999 -9999 -9999 -9999 -9999 -9999 68 68 68 67 67 67 67 67 69 69 69 70 70 70 72 72 72 72 72 70 70 68 68 68 66 66 66 63 63 57 57 57 51 51 49 49 49 48 48 48 48 48 48 48 48 47 47 47 50 50 68 68 68 79 79 70 70 70 59 59
83 83 82 82 82 81 81 -9999 -9999 -9999 -9999 -9999 -9999 -9999 -9999 -9999 -9999 -9999 -9999 -9999 -9999 -9999 -9999 -9999 -9999 -9999 -9999 -9999 -9999 -9999 -9999 -9999 78 76 76 76 64 64 64 65 65 71 71 71 74 74 74 75 75 75 75 75 72 72 69 69 69 66 66 66 63 63 58 58 58 50 50 48 48 48 47 47 47 47 47 47 47 47 47 47 47 49 49 66 66 66 76 76 65 65 65 57 57
83 83 82 82 82 81 -9999 -9999 -9999 -9999 -9999 -9999 -9999 -9999 -9999 -9999 -9999 -9999 -9999 -9999 -9999 -9999 -9999 -9999 -9999 -9999 -9999 -9999 -9999 -9999 -9999 -9999 78 76 76 76 64 64 64 65 65 71 71 71 74 74 74 75 75 75 75 75 72 72 69 69 69 66 66 66 63 63 58 58 58 50 50 48 48 48 -9999 -9999 -9999 -9999 -9999 -9999 -9999 -9999 -9999 -9999 -9999 -9999 -9999 -9999 -9999 -9999 -9999 -9999 -9999 -9999 -9999 -9999 -9999
83 83 82 82 82 81 -9999 -9999 -9999 -9999 -9999 -9999 -9999 -9999 -9999 -9999 -9999 -9999 -9999 -9999 -9999 -9999 -9999 -9999 -9999 -9999 -9999 -9999 -9999 -9999 -9999 78 78 76 76 76 64 64 64 65 65 71 71 71 74 74 74 75 75 75 75 75 72 72 69 69 69 66 66 -9999 -9999 -9999 -9999 -9999 -9999 -9999 -9999 -9999 -9999 -9999 -9999 -9999 -9999 -9999 -9999 -9999 -9999 -9999 -9999 -9999 -9999 -9999 -9999 -9999 -9999 -9999 -9999 -9999 -9999 -9999 -9999 -9999 -9999
84 84 83 83 83 83 -9999 -9999 -9999 -9999 -9999 -9999 -9999 -9999 -9999 -9999 -9999 -9999 -9999 -9999 -9999 -9999 -9999 -9999 -9999 -9999 -9999 -9999 -9999 79 79 94 94 81 81 81 53 53 53 57 57 72 72 72 78 78 78 79 79 78 78 78 75 75 -9999 -9999 -9999 -9999 -9999 -9999 -9999 -9999 -9999 -9999 -9999 -9999 -9999 -9999 -9999 -9999 -9999 -9999 -9999 -9999 -9999 -9999 -9999 -9999 -9999 -9999 -9999 -9999 -9999 -9999 -9999 -9999 -9999 -9999 -9999 -9999 -9999 -9999 -9999
84 84 83 83 83 83 83 83 -9999 -9999 -9999 -9999 -9999 -9999 -9999 -9999 -9999 -9999 -9999 -9999 -9999 -9999 -9999 -9999 -9999 -9999 -9999 -9999 79 79 79 94 94 81 81 81 53 53 53 57 57 72 72 72 78 78 78 79 79 78 78 78 -9999 -9999 -9999 -9999 -9999 -9999 -9999 -9999 -9999 -9999 -9999 -9999 -9999 -9999 -9999 -9999 -9999 -9999 -9999 -9999 -9999 -9999 -9999 -9999 -9999 -9999 -9999 -9999 -9999 -9999 -9999 -9999 -9999 -9999 -9999 -9999 -9999 -9999 -9999 -9999 -9999
84 84 83 83 83 83 -9999 -9999 -9999 -9999 -9999 -9999 -9999 -9999 -9999 -9999 -9999 -9999 -9999 -9999 -9999 -9999 -9999 -9999 -9999 -9999 -9999 -9999 79 79 79 94 94 81 81 81 53 53 53 57 57 72 72 72 78 78 78 79 -9999 -9999 -9999 -9999 -9999 -9999 -9999 -9999 -9999 -9999 -9999 -9999 -9999 -9999 -9999 -9999 -9999 -9999 -9999 -9999 -9999 -9999 -9999 -9999 -9999 -9999 -9999 -9999 -9999 48 50 50 50 51 51 56 56 56 58 -9999 -9999 -9999 -9999 -9999 -9999
84 84 85 85 -9999 -9999 -9999 -9999 -9999 -9999 -9999 -9999 -9999 -9999 -9999 -9999 -9999 -9999 -9999 -9999 -9999 -9999 -9999 -9999 -9999 -9999 -9999 -9999 95 95 95 88 88 72 72 72 49 49 49 55 -9999 -9999 -9999 -9999 -9999 -9999 -9999 -9999 -9999 -9999 -9999 -9999 -9999 -9999 -9999 -9999 -9999 -9999 -9999 -9999 -9999 -9999 -9999 -9999 -9999 -9999 -9999 -9999 -9999 -9999 -9999 -9999 -9999 -9999 -9999 71 71 71 43 43 43 51 51 50 50 50 47 47 34 34 34 -9999 -9999
-9999 -9999 -9999 -9999 -9999 -9999 -9999 -9999 -9999 -9999 -9999 -9999 -9999 -9999 -9999 -9999 -9999 -9999 -9999 -9999 -9999 -9999 -9999 -9999 -9999 79 89 89 95 95 95 88 88 72 72 72 49 49 -9999 -9999 -9999 -9999 -9999 -9999 -9999 -9999 -9999 -9999 -9999 -9999 -9999 -9999 -9999 -9999 -9999 -9999 -9999 -9999 -9999 -9999 -9999 -9999 -9999 -9999 -9999 -9999 -9999 -9999 -9999 -9999 -9999 -9999 -9999 -9999 78 71 71 71 43 43 43 51 51 50 50 50 47 47 34 34 34 33 33
-9999 -9999 -9999 -9999 -9999 -9999 -9999 -9999 -9999 -9999 -9999 -9999 -9999 -9999 -9999 -9999 -9999 -9999 -9999 -9999 -9999 -9999 -9999 -9999 -9999 93 111 111 97 97 97 69 69 68 68 68 51 51 -9999 -9999 -9999 -9999 -9999 -9999 -9999 -9999 -9999 -9999 -9999 -9999 -9999 -9999 -9999 -9999 -9999 -9999 -9999 -9999 -9999 -9999 -9999 -9999 -9999 -9999 -9999 -9999 -9999 -9999 -9999 -9999 -9999 -9999 73 127 127 85 85 85 23 23 23 0 0 45 45 45 42 42 16 16 16 0 0
-9999 -9999 -9999 -9999 -9999 -9999 -9999 -9999 -9999 -9999 -9999 -9999 -9999 -9999 -9999 -9999 -9999 -9999 -9999 -9999 -9999 -9999 -9999 93 93 93 111 111 97 97 97 69 69 68 68 68 51 -9999 -9999 -9999 -9999 -9999 -9999 -9999 -9999 -9999 -9999 -9999 -9999 -9999 -9999 -9999 -9999 -9999 -9999 -9999 -9999 -9999 -9999 -9999 -9999 -9999 -9999 -9999 -9999 -9999 -9999 -9999 -9999 -9999 73 73 73 127 127 85 85 85 23 23 23 0 0 45 45 45 42 42 16 16 16 0 0
-9999 -9999 -9999 -9999 -9999 -9999 -9999 -9999 -9999 -9999 -9999 -9999 -9999 -9999 -9999 -9999 -9999 -9999 -9999 -9999 -9999 81 81 93 93 93 111 111 97 97 97 69 69 68 68 68 51 -9999 -9999 -9999 -9999 -9999 -9999 -9999 -9999 -9999 -9999 -9999 -9999 -9999 -9999 -9999 -9999 -9999 -9999 -9999 -9999 -9999 -9999 -9999 -9999 -9999 -9999 -9999 -9999 -9999 -9999 -9999 -9999 -9999 73 73 73 127 127 85 85 85 23 23 23 0 0 45 45 45 42 42 16 16 16 0 0
-9999 -9999 -9999 -9999 -9999 -9999 -9999 -9999 -9999 -9999 -9999 -9999 -9999 -9999 -9999 -9999 -9999 -9999 -9999 93 95 95 95 104 104 104 114 114 86 86 86 70 70 62 62 62 -9999 -9999 -9999 -9999 -9999 -9999 -9999 -9999 -9999 -9999 -9999 -9999 -9999 -9999 -9999 -9999 -9999 -9999 -9999 -9999 -9999 -9999 -9999 -9999 -9999 -9999 -9999 -9999 -9999 -9999 -9999 -9999 -9999 -9999 123 123 123 135 135 62 62 62 0 0 0 0 0 34 34 34 36 36 24 24 24 27 27
-9999 -9999 -9999 -9999 -9999 -9999 -9999 -9999 -9999 -9999 -9999 -9999 -9999 -9999 -9999 -9999 -9999 81 93 93 95 95 95 104 104 104 114 114 86 86 86 70 70 62 62 -9999 -9999 -9999 -9999 -9999 -9999 -9999 -9999 -9999 -9999 -9999 -9999 -9999 -9999 -9999 -9999 -9999 -9999 -9999 -9999 -9999 -9999 -9999 -9999 -9999 -9999 -9999 -9999 -9999 -9999 -9999 -9999 -9999 -9999 -9999 123 123 123 135 135 62 62 62 0 0 0 0 0 34 34 34 36 36 24 24 24 27 27
-9999 -9999 -9999 -9999 -9999 -9999 -9999 -9999 -9999 -9999 -9999 -9999 -9999 -9999 -9999 -9999 83 83 108 108 110 110 110 99 99 99 97 97 83 83 83 81 81 -9999 -9999 -9999 -9999 -9999 -9999 -9999 -9999 -9999 -9999 -9999 -9999 -9999 -9999 -9999 -9999 -9999 -9999 -9999 -9999 -9999 -9999 -9999 -9999 -9999 -9999 -9999 -9999 -9999 -9999 -9999 -9999 -9999 -9999 -9999 -9999 132 155 155 155 95 95 35 35 35 11 11 11 0 0 33 33 33 42 42 45 45 45 41 41
-9999 -9999 -9999 -9999 -9999 -9999 -9999 -9999 -9999 -9999 -9999 -9999 -9999 -9999 -9999 83 83 83 108 108 110 110 110 99 99 99 97 -9999 -9999 -9999 -9999 -9999 -9999 -9999 -9999 -9999 -9999 -9999 -9999 -9999 -9999 -9999 -9999 -9999 -9999 -9999 -9999 -9999 -9999 -9999 -9999 -9999 -9999 -9999 -9999 -9999 -9999 -9999 -9999 -9999 -9999 -9999 -9999 -9999 -9999 -9999 -9999 -9999 -9999 132 155 155 155 95 95 35 35 35 11 11 11 0 0 33 33 33 42 42 45 45 45 41 41
-9999 -9999 -9999 -9999 -9999 -9999 -9999 -9999 -9999 -9999 -9999 -9999 -9999 -9999 -9999 -9999 -9999 -9999 -9999 -9999 -9999 -9999 -9999 -9999 -9999 -9999 -9999 -9999 -9999 -9999 -9999 -9999 -9999 -9999 -9999 -9999 -9999 -9999 -9999 -9999 -9999 -9999 -9999 -9999 -9999 -9999 -9999 -9999 -9999 -9999 -9999 -9999 -9999 -9999 -9999 -9999 -9999 -9999 -9999 -9999 -9999 -9999 -9999 -9999 -9999 -9999 -9999 -9999 -9999 132 155 155 155 95 95 35 35 35 11 11 11 0 0 33 33 33 42 42 45 45 45 41 41
-9999 -9999 -9999 -9999 -9999 -9999 -9999 -9999 -9999 -9999 -9999 -9999 -9999 -9999 -9999 -9999 -9999 -9999 -9999 -9999 -9999 -9999 -9999 -9999 -9999 -9999 -9999 -9999 -9999 -9999 -9999 -9999 -9999 -9999 -9999 -9999 -9999 -9999 -9999 -9999 -9999 -9999 -9999 -9999 -9999 -9999 -9999 -9999 -9999 -9999 -9999 -9999 -9999 -9999 -9999 -9999 -9999 -9999 -9999 -9999 -9999 -9999 -9999 -9999 -9999 -9999 -9999 -9999 -9999 -9999 166 166 166 87 87 43 43 43 21 21 21 0 0 32 32 32 42 42 45 45 45 14 14
-9999 -9999 -9999 -9999 -9999 -9999 -9999 -9999 -9999 -9999 -9999 -9999 -9999 -9999 -9999 -9999 -9999 -9999 -9999 -9999 -9999 -9999 -9999 -9999 -9999 -9999 -9999 -9999 -9999 -9999 -9999 -9999 -9999 -9999 -9999 -9999 -9999 -9999 -9999 -9999 -9999 -9999 -9999 -9999 -9999 -9999 -9999 -9999 -9999 -9999 -9999 -9999 -9999 -9999 -9999 -9999 -9999 -9999 -9999 -9999 -9999 -9999 -9999 -9999 -9999 -9999 -9999 -9999 -9999 -9999 -9999 166 166 87 87 43 43 43 21 21 21 0 0 32 32 32 42 42 45 45 45 14 14
