SEB_model/sample_data_files/historical_long/hillshade_historical_long/july6am.txt
ncols         768
nrows         486
xllcorner     388353.95236715
yllcorner     7583725.4876181
cellsize      5
NODATA_value  -9999
[rows 114 to 151 of 486, columns 261 to 347 of 768]
116 125 125 125 137 137 137 129 129 119 119 119 121 121 121 118 118 116 116 116 113 113 112 112 112 117 117 117 117 117 129 129 129 139 139 139 137 137 134 134 134 117 117 109 109 109 112 112 112 100 100 94 94 94 94 94 104 104 104 119 119 119 110 110 107 107 107 121 121 121 138 138 147 147 147 134 134 116 116 116 115 115 115 125 125 144 144
116 125 125 125 137 137 137 129 129 119 119 119 121 121 121 118 118 116 116 116 113 113 112 112 112 117 117 117 117 117 129 129 129 139 139 139 137 137 134 134 134 117 117 109 109 109 112 112 112 100 100 94 94 94 94 94 104 104 104 119 119 119 110 110 107 107 107 121 121 121 138 138 147 147 147 134 134 116 116 116 115 115 115 125 125 144 144
116 125 125 125 137 137 137 129 129 119 119 119 121 121 121 118 118 116 116 116 113 113 112 112 112 117 117 117 117 117 129 129 129 139 139 139 137 137 134 134 134 117 117 109 109 109 112 112 112 100 100 94 94 94 94 94 104 104 104 119 119 119 110 110 107 107 107 121 121 121 138 138 147 147 147 134 134 116 116 116 115 115 115 125 125 144 144
128 133 133 133 133 133 133 116 116 108 108 108 117 117 117 122 122 124 124 124 117 117 110 110 110 113 113 113 106 106 110 110 110 114 114 114 121 121 140 140 140 139 139 131 131 131 125 125 125 111 111 103 103 103 91 91 89 89 89 103 103 103 105 105 106 106 106 117 117 117 125 125 130 130 130 124 124 117 117 117 121 121 121 126 126 134 134
128 133 133 133 133 133 133 116 116 108 108 108 117 117 117 122 122 124 124 124 117 117 110 110 110 113 113 113 106 106 110 110 110 114 114 114 121 121 140 140 140 139 139 131 131 131 125 125 125 111 111 103 103 103 91 91 89 89 89 103 103 103 105 105 106 106 106 117 117 117 125 125 130 130 130 124 124 117 117 117 121 121 121 126 126 134 134
142 142 142 142 134 134 134 110 110 101 101 101 113 113 113 116 116 118 118 118 113 113 111 111 111 121 121 121 113 113 103 103 103 94 94 94 106 106 142 142 142 152 152 141 141 141 125 125 125 113 113 115 115 115 106 106 91 91 91 91 91 91 90 90 94 94 94 110 110 110 118 118 123 123 123 120 120 115 115 115 124 124 124 124 124 127 127
142 142 142 142 134 134 134 110 110 101 101 101 113 113 113 116 116 118 118 118 113 113 111 111 111 121 121 121 113 113 103 103 103 94 94 94 106 106 142 142 142 152 152 141 141 141 125 125 125 113 113 115 115 115 106 106 91 91 91 91 91 91 90 90 94 94 94 110 110 110 118 118 123 123 123 120 120 115 115 115 124 124 124 124 124 127 127
142 142 142 142 134 134 134 110 110 101 101 101 113 113 113 116 116 118 118 118 113 113 111 111 111 121 121 121 113 113 103 103 103 94 94 94 106 106 142 142 142 152 152 141 141 141 125 125 125 113 113 115 115 115 106 106 91 91 91 91 91 91 90 90 94 94 94 110 110 110 118 118 123 123 123 120 120 115 115 115 124 124 124 124 124 127 127
146 140 140 140 131 131 131 112 112 109 109 109 115 115 115 107 107 103 103 103 105 105 115 115 115 130 130 130 122 122 104 104 104 89 89 89 102 102 139 139 139 153 153 147 147 147 128 128 128 110 110 117 117 117 123 123 111 111 111 95 95 95 76 76 79 79 79 105 105 105 118 118 123 123 123 115 115 108 108 108 120 120 120 118 118 122 122
146 140 140 140 131 131 131 112 112 109 109 109 115 115 115 107 107 103 103 103 105 105 115 115 115 130 130 130 122 122 104 104 104 89 89 89 102 102 139 139 139 153 153 147 147 147 128 128 128 110 110 117 117 117 123 123 111 111 111 95 95 95 76 76 79 79 79 105 105 105 118 118 123 123 123 115 115 108 108 108 120 120 120 118 118 122 122
146 140 140 140 131 131 131 112 112 109 109 109 115 115 115 107 107 103 103 103 105 105 115 115 115 130 130 130 122 122 104 104 104 89 89 89 102 102 139 139 139 153 153 147 147 147 128 128 128 110 110 117 117 117 123 123 111 111 111 95 95 95 76 76 79 79 79 105 105 105 118 118 123 123 123 115 115 108 108 108 120 120 120 118 118 122 122
132 114 114 114 112 112 112 111 111 120 120 120 125 125 125 110 110 101 101 101 103 103 116 116 116 127 127 127 116 116 103 103 103 96 96 96 106 106 131 131 131 143 143 149 149 149 141 141 141 116 116 114 114 114 124 124 122 122 122 104 104 104 74 74 78 78 78 107 107 107 120 120 120 120 120 109 109 102 102 102 111 111 111 108 108 120 120
132 114 114 114 112 112 112 111 111 120 120 120 125 125 125 110 110 101 101 101 103 103 116 116 116 127 127 127 116 116 103 103 103 96 96 96 106 106 131 131 131 143 143 149 149 149 141 141 141 116 116 114 114 114 124 124 122 122 122 104 104 104 74 74 78 78 78 107 107 107 120 120 120 120 120 109 109 102 102 102 111 111 111 108 108 120 120
108 86 86 86 97 97 97 110 110 126 126 126 133 133 133 123 123 115 115 115 114 114 118 118 118 118 118 118 106 106 104 104 104 107 107 107 112 112 121 121 121 127 127 143 143 143 152 152 152 136 136 122 122 122 116 116 114 114 114 109 109 109 89 89 92 92 92 111 111 111 115 115 112 112 112 103 103 100 100 100 105 105 105 106 106 122 122
108 86 86 86 97 97 97 110 110 126 126 126 133 133 133 123 123 115 115 115 114 114 118 118 118 118 118 118 106 106 104 104 104 107 107 107 112 112 121 121 121 127 127 143 143 143 152 152 152 136 136 122 122 122 116 116 114 114 114 109 109 109 89 89 92 92 92 111 111 111 115 115 112 112 112 103 103 100 100 100 105 105 105 106 106 122 122
108 86 86 86 97 97 97 110 110 126 126 126 133 133 133 123 123 115 115 115 114 114 118 118 118 118 118 118 106 106 104 104 104 107 107 107 112 112 121 121 121 127 127 143 143 143 152 152 152 136 136 122 122 122 116 116 114 114 114 109 109 109 89 89 92 92 92 111 111 111 115 115 112 112 112 103 103 100 100 100 105 105 105 106 106 122 122
94 82 82 82 98 98 98 109 109 123 123 123 133 133 133 129 129 127 127 127 124 124 119 119 119 115 115 115 106 106 110 110 110 115 115 115 114 114 115 115 115 113 113 128 128 128 149 149 149 148 148 136 136 136 115 115 105 105 105 112 112 112 109 109 109 109 109 111 111 111 102 102 99 99 99 97 97 100 100 100 107 107 107 113 113 126 126
94 82 82 82 98 98 98 109 109 123 123 123 133 133 133 129 129 127 127 127 124 124 119 119 119 115 115 115 106 106 110 110 110 115 115 115 114 114 115 115 115 113 113 128 128 128 149 149 149 148 148 136 136 136 115 115 105 105 105 112 112 112 109 109 109 109 109 111 111 111 102 102 99 99 99 97 97 100 100 100 107 107 107 113 113 126 126
94 96 96 96 110 110 110 109 109 113 113 113 126 126 126 128 128 131 131 131 126 126 118 118 118 117 117 117 111 111 118 118 118 119 119 119 114 114 114 114 114 108 108 115 115 115 136 136 136 144 144 141 141 141 125 125 113 113 113 121 121 121 123 123 119 119 119 109 109 109 89 89 86 86 86 94 94 103 103 103 115 115 115 121 121 128 128
94 96 96 96 110 110 110 109 109 113 113 113 126 126 126 128 128 131 131 131 126 126 118 118 118 117 117 117 111 111 118 118 118 119 119 119 114 114 114 114 114 108 108 115 115 115 136 136 136 144 144 141 141 141 125 125 113 113 113 121 121 121 123 123 119 119 119 109 109 109 89 89 86 86 86 94 94 103 103 103 115 115 115 121 121 128 128
94 96 96 96 110 110 110 109 109 113 113 113 126 126 126 128 128 131 131 131 126 126 118 118 118 117 117 117 111 111 118 118 118 119 119 119 114 114 114 114 114 108 108 115 115 115 136 136 136 144 144 141 141 141 125 125 113 113 113 121 121 121 123 123 119 119 119 109 109 109 89 89 86 86 86 94 94 103 103 103 115 115 115 121 121 128 128
99 109 109 109 120 120 120 113 113 110 110 110 121 121 121 126 126 130 130 130 125 125 117 117 117 118 118 118 113 113 119 119 119 120 120 120 115 115 115 115 115 109 109 113 113 113 125 125 125 131 131 136 136 136 133 133 128 128 128 133 133 133 130 130 122 122 122 109 109 109 86 86 84 84 84 95 95 107 107 107 120 120 120 123 123 125 125
99 109 109 109 120 120 120 113 113 110 110 110 121 121 121 126 126 130 130 130 125 125 117 117 117 118 118 118 113 113 119 119 119 120 120 120 115 115 115 115 115 109 109 113 113 113 125 125 125 131 131 136 136 136 133 133 128 128 128 133 133 133 130 130 122 122 122 109 109 109 86 86 84 84 84 95 95 107 107 107 120 120 120 123 123 125 125
99 109 109 109 120 120 120 113 113 110 110 110 121 121 121 126 126 130 130 130 125 125 117 117 117 118 118 118 113 113 119 119 119 120 120 120 115 115 115 115 115 109 109 113 113 113 125 125 125 131 131 136 136 136 133 133 128 128 128 133 133 133 130 130 122 122 122 109 109 109 86 86 84 84 84 95 95 107 107 107 120 120 120 123 123 125 125
101 113 113 113 122 122 122 115 115 111 111 111 120 120 120 125 125 130 130 130 125 125 118 118 118 122 122 122 115 115 115 115 115 114 114 114 114 114 119 119 119 114 114 115 115 115 121 121 121 122 122 128 128 128 132 132 132 132 132 138 138 138 131 131 120 120 120 109 109 109 93 93 94 94 94 101 101 109 109 109 118 118 118 116 116 116 116
101 113 113 113 122 122 122 115 115 111 111 111 120 120 120 125 125 130 130 130 125 125 118 118 118 122 122 122 115 115 115 115 115 114 114 114 114 114 119 119 119 114 114 115 115 115 121 121 121 122 122 128 128 128 132 132 132 132 132 138 138 138 131 131 120 120 120 109 109 109 93 93 94 94 94 101 101 109 109 109 118 118 118 116 116 116 116
107 113 113 113 118 118 118 112 112 112 112 112 119 119 119 122 122 129 129 129 127 127 124 124 124 132 132 132 122 122 111 111 111 107 107 107 111 111 122 122 122 116 116 115 115 115 122 122 122 121 121 125 125 125 127 127 130 130 130 139 139 139 130 130 117 117 117 112 112 112 104 104 108 108 108 109 109 109 109 109 114 114 114 108 108 107 107
107 113 113 113 118 118 118 112 112 112 112 112 119 119 119 122 122 129 129 129 127 127 124 124 124 132 132 132 122 122 111 111 111 107 107 107 111 111 122 122 122 116 116 115 115 115 122 122 122 121 121 125 125 125 127 127 130 130 130 139 139 139 130 130 117 117 117 112 112 112 104 104 108 108 108 109 109 109 109 109 114 114 114 108 108 107 107
107 113 113 113 118 118 118 112 112 112 112 112 119 119 119 122 122 129 129 129 127 127 124 124 124 132 132 132 122 122 111 111 111 107 107 107 111 111 122 122 122 116 116 115 115 115 122 122 122 121 121 125 125 125 127 127 130 130 130 139 139 139 130 130 117 117 117 112 112 112 104 104 108 108 108 109 109 109 109 109 114 114 114 108 108 107 107
117 115 115 115 115 115 115 109 109 110 110 110 119 119 119 120 120 124 124 124 126 126 130 130 130 140 140 140 128 128 113 113 113 108 108 108 113 113 125 125 125 117 117 114 114 114 122 122 122 122 122 127 127 127 126 126 126 126 126 134 134 134 126 126 118 118 118 120 120 120 117 117 120 120 120 116 116 110 110 110 111 111 111 102 102 100 100
117 115 115 115 115 115 115 109 109 110 110 110 119 119 119 120 120 124 124 124 126 126 130 130 130 140 140 140 128 128 113 113 113 108 108 108 113 113 125 125 125 117 117 114 114 114 122 122 122 122 122 127 127 127 126 126 126 126 126 134 134 134 126 126 118 118 118 120 120 120 117 117 120 120 120 116 116 110 110 110 111 111 111 102 102 100 100
122 117 117 117 117 117 117 111 111 111 111 111 121 121 121 120 120 121 121 121 124 124 129 129 129 137 137 137 127 127 120 120 120 119 119 119 121 121 126 126 126 117 117 114 114 114 121 121 121 123 123 128 128 128 128 128 124 124 124 126 126 126 119 119 121 121 121 130 130 130 127 127 125 125 125 120 120 112 112 112 108 108 108 96 96 96 96
122 117 117 117 117 117 117 111 111 111 111 111 121 121 121 120 120 121 121 121 124 124 129 129 129 137 137 137 127 127 120 120 120 119 119 119 121 121 126 126 126 117 117 114 114 114 121 121 121 123 123 128 128 128 128 128 124 124 124 126 126 126 119 119 121 121 121 130 130 130 127 127 125 125 125 120 120 112 112 112 108 108 108 96 96 96 96
122 117 117 117 117 117 117 111 111 111 111 111 121 121 121 120 120 121 121 121 124 124 129 129 129 137 137 137 127 127 120 120 120 119 119 119 121 121 126 126 126 117 117 114 114 114 121 121 121 123 123 128 128 128 128 128 124 124 124 126 126 126 119 119 121 121 121 130 130 130 127 127 125 125 125 120 120 112 112 112 108 108 108 96 96 96 96
119 116 116 116 121 121 121 117 117 117 117 117 120 120 120 115 115 119 119 119 123 123 125 125 125 128 128 128 123 123 128 128 128 132 132 132 128 128 126 126 126 119 119 117 117 117 122 122 122 120 120 124 124 124 126 126 125 125 125 122 122 122 114 114 123 123 123 135 135 135 128 128 124 124 124 120 120 111 111 111 104 104 104 95 95 98 98
119 116 116 116 121 121 121 117 117 117 117 117 120 120 120 115 115 119 119 119 123 123 125 125 125 128 128 128 123 123 128 128 128 132 132 132 128 128 126 126 126 119 119 117 117 117 122 122 122 120 120 124 124 124 126 126 125 125 125 122 122 122 114 114 123 123 123 135 135 135 128 128 124 124 124 120 120 111 111 111 104 104 104 95 95 98 98
119 116 116 116 121 121 121 117 117 117 117 117 120 120 120 115 115 119 119 119 123 123 125 125 125 128 128 128 123 123 128 128 128 132 132 132 128 128 126 126 126 119 119 117 117 117 122 122 122 120 120 124 124 124 126 126 125 125 125 122 122 122 114 114 123 123 123 135 135 135 128 128 124 124 124 120 120 111 111 111 104 104 104 95 95 98 98
110 113 113 113 123 123 123 121 121 123 123 123 124 124 124 114 114 116 116 116 120 120 121 121 121 123 123 123 123 123 133 133 133 137 137 137 129 129 127 127 127 123 123 123 123 123 125 125 125 115 115 114 114 114 119 119 125 125 125 125 125 125 117 117 125 125 125 132 132 132 121 121 116 116 116 114 114 106 106 106 105 105 105 102 102 106 106
