SEB_model/sample_data_files/historical_long/hillshade_historical_long/july6am.txt
ncols         768
nrows         486
xllcorner     388353.95236715
yllcorner     7583725.4876181
cellsize      5
NODATA_value  -9999
[rows 228 to 265 of 486, columns 261 to 347 of 768]
154 158 158 158 167 167 167 148 148 138 138 138 142 142 142 132 132 136 136 136 144 144 156 156 156 171 171 171 162 162 174 174 174 184 184 184 175 175 157 157 157 127 127 126 126 126 135 135 135 132 132 134 134 134 134 134 130 130 130 134 134 134 128 128 122 122 122 112 112 112 100 100 108 108 108 110 110 103 103 103 102 102 102 101 101 106 106
158 160 160 160 166 166 166 146 146 136 136 136 137 137 137 126 126 136 136 136 144 144 155 155 155 168 168 168 154 154 164 164 164 185 185 185 188 188 175 175 175 139 139 124 124 124 129 129 129 124 124 127 127 127 130 130 127 127 127 130 130 130 123 123 116 116 116 99 99 99 86 86 98 98 98 106 106 107 107 107 109 109 109 106 106 106 106
158 160 160 160 166 166 166 146 146 136 136 136 137 137 137 126 126 136 136 136 144 144 155 155 155 168 168 168 154 154 164 164 164 185 185 185 188 188 175 175 175 139 139 124 124 124 129 129 129 124 124 127 127 127 130 130 127 127 127 130 130 130 123 123 116 116 116 99 99 99 86 86 98 98 98 106 106 107 107 107 109 109 109 106 106 106 106
158 160 160 160 166 166 166 146 146 136 136 136 137 137 137 126 126 136 136 136 144 144 155 155 155 168 168 168 154 154 164 164 164 185 185 185 188 188 175 175 175 139 139 124 124 124 129 129 129 124 124 127 127 127 130 130 127 127 127 130 130 130 123 123 116 116 116 99 99 99 86 86 98 98 98 106 106 107 107 107 109 109 109 106 106 106 106
163 161 161 161 165 165 165 146 146 137 137 137 133 133 133 119 119 131 131 131 143 143 158 158 158 172 172 172 154 154 157 157 157 182 182 182 195 195 190 190 190 152 152 123 123 123 124 124 124 118 118 119 119 119 123 123 121 121 121 122 122 122 111 111 99 99 99 88 88 88 87 87 102 102 102 111 111 111 111 111 111 111 111 106 106 102 102
163 161 161 161 165 165 165 146 146 137 137 137 133 133 133 119 119 131 131 131 143 143 158 158 158 172 172 172 154 154 157 157 157 182 182 182 195 195 190 190 190 152 152 123 123 123 124 124 124 118 118 119 119 119 123 123 121 121 121 122 122 122 111 111 99 99 99 88 88 88 87 87 102 102 102 111 111 111 111 111 111 111 111 106 106 102 102
167 156 156 156 158 158 158 143 143 139 139 139 134 134 134 116 116 126 126 126 145 145 165 165 165 178 178 178 161 161 157 157 157 172 172 172 189 189 190 190 190 151 151 118 118 118 117 117 117 111 111 110 110 110 114 114 116 116 116 115 115 115 100 100 90 90 90 90 90 90 96 96 107 107 107 111 111 108 108 108 106 106 106 102 102 100 100
167 156 156 156 158 158 158 143 143 139 139 139 134 134 134 116 116 126 126 126 145 145 165 165 165 178 178 178 161 161 157 157 157 172 172 172 189 189 190 190 190 151 151 118 118 118 117 117 117 111 111 110 110 110 114 114 116 116 116 115 115 115 100 100 90 90 90 90 90 90 96 96 107 107 107 111 111 108 108 108 106 106 106 102 102 100 100
167 156 156 156 158 158 158 143 143 139 139 139 134 134 134 116 116 126 126 126 145 145 165 165 165 178 178 178 161 161 157 157 157 172 172 172 189 189 190 190 190 151 151 118 118 118 117 117 117 111 111 110 110 110 114 114 116 116 116 115 115 115 100 100 90 90 90 90 90 90 96 96 107 107 107 111 111 108 108 108 106 106 106 102 102 100 100
169 143 143 143 146 146 146 141 141 144 144 144 143 143 143 122 122 127 127 127 148 148 169 169 169 180 180 180 162 162 160 160 160 167 167 167 177 177 176 176 176 140 140 118 118 118 116 116 116 105 105 104 104 104 111 111 116 116 116 112 112 112 96 96 88 88 88 95 95 95 101 101 107 107 107 109 109 105 105 105 102 102 102 100 100 102 102
169 143 143 143 146 146 146 141 141 144 144 144 143 143 143 122 122 127 127 127 148 148 169 169 169 180 180 180 162 162 160 160 160 167 167 167 177 177 176 176 176 140 140 118 118 118 116 116 116 105 105 104 104 104 111 111 116 116 116 112 112 112 96 96 88 88 88 95 95 95 101 101 107 107 107 109 109 105 105 105 102 102 102 100 100 102 102
169 143 143 143 146 146 146 141 141 144 144 144 143 143 143 122 122 127 127 127 148 148 169 169 169 180 180 180 162 162 160 160 160 167 167 167 177 177 176 176 176 140 140 118 118 118 116 116 116 105 105 104 104 104 111 111 116 116 116 112 112 112 96 96 88 88 88 95 95 95 101 101 107 107 107 109 109 105 105 105 102 102 102 100 100 102 102
163 130 130 130 138 138 138 142 142 152 152 152 157 157 157 137 137 134 134 134 148 148 165 165 165 175 175 175 159 159 158 158 158 161 161 161 157 157 153 153 153 130 130 120 120 120 116 116 116 105 105 104 104 104 110 110 110 110 110 102 102 102 89 89 88 88 88 98 98 98 104 104 106 106 106 108 108 106 106 106 101 101 101 99 99 101 101
163 130 130 130 138 138 138 142 142 152 152 152 157 157 157 137 137 134 134 134 148 148 165 165 165 175 175 175 159 159 158 158 158 161 161 161 157 157 153 153 153 130 130 120 120 120 116 116 116 105 105 104 104 104 110 110 110 110 110 102 102 102 89 89 88 88 88 98 98 98 104 104 106 106 106 108 108 106 106 106 101 101 101 99 99 101 101
155 129 129 129 139 139 139 144 144 161 161 161 171 171 171 154 154 146 146 146 147 147 156 156 156 165 165 165 149 149 150 150 150 147 147 147 135 135 136 136 136 125 125 120 120 120 117 117 117 105 105 104 104 104 104 104 96 96 96 86 86 86 85 85 95 95 95 105 105 105 108 108 107 107 107 109 109 108 108 108 102 102 102 99 99 102 102
155 129 129 129 139 139 139 144 144 161 161 161 171 171 171 154 154 146 146 146 147 147 156 156 156 165 165 165 149 149 150 150 150 147 147 147 135 135 136 136 136 125 125 120 120 120 117 117 117 105 105 104 104 104 104 104 96 96 96 86 86 86 85 85 95 95 95 105 105 105 108 108 107 107 107 109 109 108 108 108 102 102 102 99 99 102 102
155 129 129 129 139 139 139 144 144 161 161 161 171 171 171 154 154 146 146 146 147 147 156 156 156 165 165 165 149 149 150 150 150 147 147 147 135 135 136 136 136 125 125 120 120 120 117 117 117 105 105 104 104 104 104 104 96 96 96 86 86 86 85 85 95 95 95 105 105 105 108 108 107 107 107 109 109 108 108 108 102 102 102 99 99 102 102
152 140 140 140 149 149 149 149 149 165 165 165 178 178 178 167 167 159 159 159 148 148 142 142 142 146 146 146 133 133 135 135 135 134 134 134 125 125 127 127 127 122 122 118 118 118 112 112 112 101 101 99 99 99 95 95 85 85 85 80 80 80 89 89 104 104 104 112 112 112 111 111 109 109 109 110 110 109 109 109 105 105 105 103 103 104 104
152 140 140 140 149 149 149 149 149 165 165 165 178 178 178 167 167 159 159 159 148 148 142 142 142 146 146 146 133 133 135 135 135 134 134 134 125 125 127 127 127 122 122 118 118 118 112 112 112 101 101 99 99 99 95 95 85 85 85 80 80 80 89 89 104 104 104 112 112 112 111 111 109 109 109 110 110 109 109 109 105 105 105 103 103 104 104
152 140 140 140 149 149 149 149 149 165 165 165 178 178 178 167 167 159 159 159 148 148 142 142 142 146 146 146 133 133 135 135 135 134 134 134 125 125 127 127 127 122 122 118 118 118 112 112 112 101 101 99 99 99 95 95 85 85 85 80 80 80 89 89 104 104 104 112 112 112 111 111 109 109 109 110 110 109 109 109 105 105 105 103 103 104 104
157 157 157 157 165 165 165 154 154 161 161 161 174 174 174 167 167 160 160 160 142 142 123 123 123 125 125 125 120 120 123 123 123 126 126 126 123 123 122 122 122 116 116 110 110 110 103 103 103 98 98 97 97 97 92 92 84 84 84 84 84 84 95 95 108 108 108 114 114 114 113 113 112 112 112 112 112 111 111 111 108 108 108 106 106 106 106
157 157 157 157 165 165 165 154 154 161 161 161 174 174 174 167 167 160 160 160 142 142 123 123 123 125 125 125 120 120 123 123 123 126 126 126 123 123 122 122 122 116 116 110 110 110 103 103 103 98 98 97 97 97 92 92 84 84 84 84 84 84 95 95 108 108 108 114 114 114 113 113 112 112 112 112 112 111 111 111 108 108 108 106 106 106 106
169 173 173 173 179 179 179 157 157 149 149 149 159 159 159 150 150 142 142 142 129 129 115 115 115 119 119 119 117 117 118 118 118 121 121 121 121 121 119 119 119 108 108 101 101 101 98 98 98 97 97 97 97 97 93 93 89 89 89 90 90 90 99 99 109 109 109 114 114 114 115 115 115 115 115 114 114 113 113 113 110 110 110 108 108 107 107
169 173 173 173 179 179 179 157 157 149 149 149 159 159 159 150 150 142 142 142 129 129 115 115 115 119 119 119 117 117 118 118 118 121 121 121 121 121 119 119 119 108 108 101 101 101 98 98 98 97 97 97 97 97 93 93 89 89 89 90 90 90 99 99 109 109 109 114 114 114 115 115 115 115 115 114 114 113 113 113 110 110 110 108 108 107 107
169 173 173 173 179 179 179 157 157 149 149 149 159 159 159 150 150 142 142 142 129 129 115 115 115 119 119 119 117 117 118 118 118 121 121 121 121 121 119 119 119 108 108 101 101 101 98 98 98 97 97 97 97 97 93 93 89 89 89 90 90 90 99 99 109 109 109 114 114 114 115 115 115 115 115 114 114 113 113 113 110 110 110 108 108 107 107
175 179 179 179 183 183 183 152 152 132 132 132 135 135 135 129 129 127 127 127 123 123 120 120 120 123 123 123 119 119 115 115 115 116 116 116 116 116 111 111 111 101 101 97 97 97 95 95 95 96 96 98 98 98 98 98 97 97 97 98 98 98 102 102 108 108 108 113 113 113 116 116 117 117 117 116 116 114 114 114 111 111 111 109 109 107 107
175 179 179 179 183 183 183 152 152 132 132 132 135 135 135 129 129 127 127 127 123 123 120 120 120 123 123 123 119 119 115 115 115 116 116 116 116 116 111 111 111 101 101 97 97 97 95 95 95 96 96 98 98 98 98 98 97 97 97 98 98 98 102 102 108 108 108 113 113 113 116 116 117 117 117 116 116 114 114 114 111 111 111 109 109 107 107
169 171 171 171 168 168 168 132 132 114 114 114 120 120 120 120 120 123 123 123 124 124 124 124 124 126 126 126 117 117 110 110 110 109 109 109 109 109 104 104 104 97 97 95 95 95 94 94 94 96 96 99 99 99 103 103 104 104 104 104 104 104 104 104 107 107 107 112 112 112 116 116 117 117 117 117 117 115 115 115 111 -9999 -9999 -9999 -9999 -9999 -9999
169 171 171 171 168 168 168 132 132 114 114 114 120 120 120 120 120 123 123 123 124 124 124 124 124 126 126 126 117 117 110 110 110 109 109 109 109 109 104 104 104 97 97 95 95 95 94 94 94 96 96 99 99 99 103 103 104 104 104 104 104 104 104 104 107 107 107 112 112 112 116 116 117 117 117 117 117 115 -9999 -9999 -9999 -9999 -9999 -9999 -9999 -9999 -9999
169 171 171 171 168 168 168 132 132 114 114 114 120 120 120 120 120 123 123 123 124 124 124 124 124 126 126 126 117 117 110 110 110 109 109 109 109 109 104 104 104 97 97 95 95 95 94 94 94 96 96 99 99 99 103 103 104 104 104 104 104 104 104 104 107 107 107 112 112 112 116 116 117 117 117 117 117 -9999 -9999 -9999 -9999 -9999 -9999 -9999 -9999 -9999 -9999
154 147 147 147 140 140 140 116 116 110 110 110 118 118 118 120 120 124 124 124 126 126 124 124 124 121 121 121 111 111 105 105 105 105 105 105 105 105 101 101 101 95 95 92 92 92 93 93 93 96 96 101 101 101 106 106 108 108 108 106 106 106 105 105 107 107 107 111 111 111 115 115 118 118 -9999 -9999 -9999 -9999 -9999 -9999 -9999 -9999 -9999 -9999 -9999 -9999 -9999
154 147 147 147 140 140 140 116 116 110 110 110 118 118 118 120 120 124 124 124 126 126 124 124 124 121 121 121 111 111 105 105 105 105 105 105 105 105 101 101 101 95 95 92 92 92 93 93 93 96 96 101 101 101 106 106 108 108 108 106 106 106 105 105 107 107 107 111 111 -9999 -9999 -9999 -9999 -9999 -9999 -9999 -9999 -9999 -9999 -9999 -9999 -9999 -9999 -9999 -9999 -9999 -9999
154 147 147 147 140 140 140 116 116 110 110 110 118 118 118 120 120 124 124 124 126 126 124 124 124 121 121 121 111 111 105 105 105 105 105 105 105 105 101 101 101 95 95 92 92 92 93 93 93 96 96 101 101 101 106 106 108 108 108 106 106 106 105 105 107 -9999 -9999 -9999 -9999 -9999 -9999 -9999 -9999 -9999 -9999 -9999 -9999 -9999 -9999 -9999 -9999 -9999 -9999 -9999 -9999 -9999 -9999
132 119 119 119 119 119 119 111 111 112 112 112 119 119 119 120 120 122 122 122 122 122 117 117 117 113 113 113 106 106 103 103 103 104 104 104 103 103 98 98 98 93 93 92 92 92 94 94 94 96 96 100 100 100 104 104 106 106 106 106 106 106 106 106 107 -9999 -9999 -9999 -9999 -9999 -9999 -9999 -9999 -9999 -9999 -9999 -9999 -9999 -9999 -9999 -9999 -9999 -9999 -9999 -9999 -9999 -9999
132 119 119 119 119 119 119 111 111 112 112 112 119 119 119 120 120 122 122 122 122 122 117 117 117 113 113 113 106 106 103 103 103 104 104 104 103 103 98 98 98 93 93 92 92 92 94 94 94 96 96 100 100 100 104 104 106 106 106 106 106 106 106 106 107 -9999 -9999 -9999 -9999 -9999 -9999 -9999 -9999 -9999 -9999 -9999 -9999 -9999 -9999 -9999 -9999 -9999 -9999 -9999 -9999 -9999 -9999
113 106 106 106 110 110 110 107 107 110 110 110 115 115 115 114 114 114 114 114 115 115 112 112 112 108 108 108 103 103 102 102 102 103 103 103 102 102 97 97 97 93 93 92 92 92 94 94 94 96 96 97 97 97 100 100 104 104 104 107 107 107 109 109 111 -9999 -9999 -9999 -9999 -9999 -9999 -9999 -9999 -9999 -9999 -9999 -9999 -9999 -9999 -9999 -9999 -9999 -9999 -9999 -9999 -9999 -9999
113 106 106 106 110 110 110 107 107 110 110 110 115 115 115 114 114 114 114 114 115 115 112 112 112 108 108 108 103 103 102 102 102 103 103 103 102 102 97 97 97 93 93 92 92 92 94 94 94 96 96 97 97 97 100 100 104 104 104 107 107 107 109 109 -9999 -9999 -9999 -9999 -9999 -9999 -9999 -9999 -9999 -9999 -9999 -9999 -9999 -9999 -9999 -9999 -9999 -9999 -9999 -9999 -9999 -9999 -9999
113 106 106 106 110 110 110 107 107 110 110 110 115 115 115 114 114 114 114 114 115 115 112 112 112 108 108 108 103 103 102 102 102 103 103 103 102 102 97 97 97 93 93 92 92 92 94 94 94 96 96 97 97 97 100 100 104 104 104 107 107 107 -9999 -9999 -9999 -9999 -9999 -9999 -9999 -9999 -9999 -9999 -9999 -9999 -9999 -9999 -9999 -9999 -9999 -9999 -9999 -9999 -9999 -9999 -9999 -9999 -9999
