SEB_model/sample_data_files/historical_long/hillshade_historical_long/june6pm.txt
ncols         768
nrows         486
xllcorner     388353.95236715
yllcorner     7583725.4876181
cellsize      5
NODATA_value  -9999
[rows 164 to 204 of 486, columns 368 to 459 of 768]
68 68 68 68 70 70 70 63 63 63 69 69 72 72 72 77 77 81 81 81 83 83 83 91 91 81 81 81 49 49 49 33 33 30 30 30 41 41 55 55 55 59 59 59 79 79 83 83 83 72 72 59 59 59 45 45 45 53 53 50 50 50 30 30 30 30 30 34 34 34 43 43 49 49 49 43 43 43 48 48 46 46 46 45 45 45 47 47 41 41 41 47
68 68 68 68 70 70 70 63 63 63 69 69 72 72 72 77 77 81 81 81 83 83 83 91 91 81 81 81 49 49 49 33 33 30 30 30 41 41 55 55 55 59 59 59 79 79 83 83 83 72 72 59 59 59 45 45 45 53 53 50 50 50 30 30 30 30 30 34 34 34 43 43 49 49 49 43 43 43 48 48 46 46 46 45 45 45 47 47 41 41 41 47
75 75 76 76 76 76 76 69 69 69 81 81 94 94 94 105 105 101 101 101 78 78 78 54 54 26 26 26 3 3 3 0 0 23 23 23 38 38 50 50 50 52 52 52 73 73 79 79 79 71 71 55 55 55 30 30 30 27 27 21 21 21 11 11 11 20 20 25 25 25 33 33 41 41 41 41 41 41 45 45 40 40 40 44 44 44 50 50 43 43 43 49
75 75 76 76 76 76 76 69 69 69 81 81 94 94 94 105 105 101 101 101 78 78 78 54 54 26 26 26 3 3 3 0 0 23 23 23 38 38 50 50 50 52 52 52 73 73 79 79 79 71 71 55 55 55 30 30 30 27 27 21 21 21 11 11 11 20 20 25 25 25 33 33 41 41 41 41 41 41 45 45 40 40 40 44 44 44 50 50 43 43 43 49
75 75 76 76 76 76 76 69 69 69 81 81 94 94 94 105 105 101 101 101 78 78 78 54 54 26 26 26 3 3 3 0 0 23 23 23 38 38 50 50 50 52 52 52 73 73 79 79 79 71 71 55 55 55 30 30 30 27 27 21 21 21 11 11 11 20 20 25 25 25 33 33 41 41 41 41 41 41 45 45 40 40 40 44 44 44 50 50 43 43 43 49
74 74 76 76 77 77 77 74 74 74 91 91 106 106 106 116 116 102 102 102 50 50 50 0 0 0 0 0 0 0 0 0 0 0 0 0 44 44 48 48 48 40 40 40 55 55 57 57 57 54 54 46 46 46 26 26 26 21 21 14 14 14 12 12 12 25 25 30 30 30 33 33 38 38 38 38 38 38 44 44 42 42 42 49 49 49 57 57 50 50 50 54
74 74 76 76 77 77 77 74 74 74 91 91 106 106 106 116 116 102 102 102 50 50 50 0 0 0 0 0 0 0 0 0 0 0 0 0 44 44 48 48 48 40 40 40 55 55 57 57 57 54 54 46 46 46 26 26 26 21 21 14 14 14 12 12 12 25 25 30 30 30 33 33 38 38 38 38 38 38 44 44 42 42 42 49 49 49 57 57 50 50 50 54
74 74 76 76 77 77 77 74 74 74 91 91 106 106 106 116 116 102 102 102 50 50 50 0 0 0 0 0 0 0 0 0 0 0 0 0 44 44 48 48 48 40 40 40 55 55 57 57 57 54 54 46 46 46 26 26 26 21 21 14 14 14 12 12 12 25 25 30 30 30 33 33 38 38 38 38 38 38 44 44 42 42 42 49 49 49 57 57 50 50 50 54
69 69 71 71 76 76 76 76 76 76 89 89 94 94 94 91 91 66 66 66 10 10 10 0 0 0 0 0 0 0 0 0 0 0 0 0 53 53 49 49 49 35 35 35 43 43 44 44 44 46 46 46 46 46 32 32 32 33 33 31 31 31 31 31 31 43 43 44 44 44 43 43 44 44 44 39 39 39 46 46 45 45 45 51 51 51 61 61 56 56 56 58
69 69 71 71 76 76 76 76 76 76 89 89 94 94 94 91 91 66 66 66 10 10 10 0 0 0 0 0 0 0 0 0 0 0 0 0 53 53 49 49 49 35 35 35 43 43 44 44 44 46 46 46 46 46 32 32 32 33 33 31 31 31 31 31 31 43 43 44 44 44 43 43 44 44 44 39 39 39 46 46 45 45 45 51 51 51 61 61 56 56 56 58
64 64 65 65 70 70 70 67 67 67 72 72 69 69 69 60 60 41 41 41 5 5 5 0 0 0 0 0 0 0 0 58 58 59 59 59 56 56 48 48 48 34 34 34 42 42 40 40 40 40 40 42 42 42 36 36 36 48 48 52 52 52 51 51 51 60 60 57 57 57 54 54 51 51 51 39 39 39 44 44 42 42 42 49 49 49 64 64 60 60 60 61
64 64 65 65 70 70 70 67 67 67 72 72 69 69 69 60 60 41 41 41 5 5 5 0 0 0 0 0 0 0 0 58 58 59 59 59 56 56 48 48 48 34 34 34 42 42 40 40 40 40 40 42 42 42 36 36 36 48 48 52 52 52 51 51 51 60 60 57 57 57 54 54 51 51 51 39 39 39 44 44 42 42 42 49 49 49 64 64 60 60 60 61
64 64 65 65 70 70 70 67 67 67 72 72 69 69 69 60 60 41 41 41 5 5 5 0 0 0 0 0 0 0 0 58 58 59 59 59 56 56 48 48 48 34 34 34 42 42 40 40 40 40 40 42 42 42 36 36 36 48 48 52 52 52 51 51 51 60 60 57 57 57 54 54 51 51 51 39 39 39 44 44 42 42 42 49 49 49 64 64 60 60 60 61
60 60 61 61 62 62 62 56 56 56 59 59 57 57 57 54 54 47 47 47 31 31 31 38 38 49 49 49 53 53 53 63 63 59 59 59 55 55 48 48 48 35 35 35 45 45 42 42 42 40 40 39 39 39 32 32 32 48 48 57 57 57 60 60 60 69 69 65 65 65 62 62 55 55 55 41 41 41 46 46 44 44 44 51 51 51 65 65 59 59 59 60
60 60 61 61 62 62 62 56 56 56 59 59 57 57 57 54 54 47 47 47 31 31 31 38 38 49 49 49 53 53 53 63 63 59 59 59 55 55 48 48 48 35 35 35 45 45 42 42 42 40 40 39 39 39 32 32 32 48 48 57 57 57 60 60 60 69 69 65 65 65 62 62 55 55 55 41 41 41 46 46 44 44 44 51 51 51 65 65 59 59 59 60
62 62 62 62 63 63 63 57 57 57 62 62 62 62 62 63 63 62 62 62 55 55 55 61 61 62 62 62 56 56 56 62 62 60 60 60 56 56 51 51 51 40 40 40 49 49 48 48 48 46 46 42 42 42 29 29 29 41 41 52 52 52 63 63 63 78 78 73 73 73 66 66 56 56 56 43 43 43 48 48 48 48 48 52 52 52 60 60 54 54 54 58
62 62 62 62 63 63 63 57 57 57 62 62 62 62 62 63 63 62 62 62 55 55 55 61 61 62 62 62 56 56 56 62 62 60 60 60 56 56 51 51 51 40 40 40 49 49 48 48 48 46 46 42 42 42 29 29 29 41 41 52 52 52 63 63 63 78 78 73 73 73 66 66 56 56 56 43 43 43 48 48 48 48 48 52 52 52 60 60 54 54 54 58
62 62 62 62 63 63 63 57 57 57 62 62 62 62 62 63 63 62 62 62 55 55 55 61 61 62 62 62 56 56 56 62 62 60 60 60 56 56 51 51 51 40 40 40 49 49 48 48 48 46 46 42 42 42 29 29 29 41 41 52 52 52 63 63 63 78 78 73 73 73 66 66 56 56 56 43 43 43 48 48 48 48 48 52 52 52 60 60 54 54 54 58
64 64 66 66 67 67 67 62 62 62 68 68 67 67 67 66 66 66 66 66 59 59 59 64 64 62 62 62 54 54 54 60 60 58 58 58 56 56 53 53 53 44 44 44 52 52 51 51 51 50 50 46 46 46 28 28 28 35 35 46 46 46 63 63 63 83 83 76 76 76 66 66 53 53 53 39 39 39 46 46 47 47 47 50 50 50 55 55 47 47 47 54
64 64 66 66 67 67 67 62 62 62 68 68 67 67 67 66 66 66 66 66 59 59 59 64 64 62 62 62 54 54 54 60 60 58 58 58 56 56 53 53 53 44 44 44 52 52 51 51 51 50 50 46 46 46 28 28 28 35 35 46 46 46 63 63 63 83 83 76 76 76 66 66 53 53 53 39 39 39 46 46 47 47 47 50 50 50 55 55 47 47 47 54
64 64 66 66 67 67 67 62 62 62 68 68 67 67 67 66 66 66 66 66 59 59 59 64 64 62 62 62 54 54 54 60 60 58 58 58 56 56 53 53 53 44 44 44 52 52 51 51 51 50 50 46 46 46 28 28 28 35 35 46 46 46 63 63 63 83 83 76 76 76 66 66 53 53 53 39 39 39 46 46 47 47 47 50 50 50 55 55 47 47 47 54
70 70 70 70 70 70 70 65 65 65 71 71 69 69 69 67 67 65 65 65 57 57 57 64 64 62 62 62 53 53 53 59 59 57 57 57 56 56 56 56 56 49 49 49 57 57 56 56 56 56 56 53 53 53 37 37 37 40 40 45 45 45 58 58 58 79 79 74 74 74 64 64 51 51 51 37 37 37 45 45 45 45 45 47 47 47 51 51 43 43 43 51
70 70 70 70 70 70 70 65 65 65 71 71 69 69 69 67 67 65 65 65 57 57 57 64 64 62 62 62 53 53 53 59 59 57 57 57 56 56 56 56 56 49 49 49 57 57 56 56 56 56 56 53 53 53 37 37 37 40 40 45 45 45 58 58 58 79 79 74 74 74 64 64 51 51 51 37 37 37 45 45 45 45 45 47 47 47 51 51 43 43 43 51
73 73 72 72 71 71 71 65 65 65 71 71 71 71 71 70 70 66 66 66 57 57 57 64 64 64 64 64 55 55 55 60 60 59 59 59 59 59 60 60 60 55 55 55 63 63 64 64 64 65 65 64 64 64 51 51 51 48 48 46 46 46 49 49 49 68 68 68 68 68 61 61 51 51 51 36 36 36 44 44 43 43 43 44 44 44 47 47 38 38 38 48
73 73 72 72 71 71 71 65 65 65 71 71 71 71 71 70 70 66 66 66 57 57 57 64 64 64 64 64 55 55 55 60 60 59 59 59 59 59 60 60 60 55 55 55 63 63 64 64 64 65 65 64 64 64 51 51 51 48 48 46 46 46 49 49 49 68 68 68 68 68 61 61 51 51 51 36 36 36 44 44 43 43 43 44 44 44 47 47 38 38 38 48
73 73 72 72 71 71 71 65 65 65 71 71 71 71 71 70 70 66 66 66 57 57 57 64 64 64 64 64 55 55 55 60 60 59 59 59 59 59 60 60 60 55 55 55 63 63 64 64 64 65 65 64 64 64 51 51 51 48 48 46 46 46 49 49 49 68 68 68 68 68 61 61 51 51 51 36 36 36 44 44 43 43 43 44 44 44 47 47 38 38 38 48
75 75 72 72 70 70 70 64 64 64 69 69 69 69 69 68 68 64 64 64 55 55 55 63 63 62 62 62 53 53 53 58 58 57 57 57 58 58 61 61 61 57 57 57 66 66 69 69 69 70 70 70 70 70 57 57 57 50 50 41 41 41 40 40 40 57 57 58 58 58 54 54 46 46 46 31 31 31 39 39 37 37 37 38 38 38 40 40 30 30 30 41
75 75 72 72 70 70 70 64 64 64 69 69 69 69 69 68 68 64 64 64 55 55 55 63 63 62 62 62 53 53 53 58 58 57 57 57 58 58 61 61 61 57 57 57 66 66 69 69 69 70 70 70 70 70 57 57 57 50 50 41 41 41 40 40 40 57 57 58 58 58 54 54 46 46 46 31 31 31 39 39 37 37 37 38 38 38 40 40 30 30 30 41
75 75 72 72 70 70 70 64 64 64 69 69 69 69 69 68 68 64 64 64 55 55 55 63 63 62 62 62 53 53 53 58 58 57 57 57 58 58 61 61 61 57 57 57 66 66 69 69 69 70 70 70 70 70 57 57 57 50 50 41 41 41 40 40 40 57 57 58 58 58 54 54 46 46 46 31 31 31 39 39 37 37 37 38 38 38 40 40 30 30 30 41
76 76 73 73 71 71 71 64 64 64 68 68 66 66 66 65 65 64 64 64 56 56 56 63 63 62 62 62 51 51 51 56 56 58 58 58 60 60 62 62 62 58 58 58 67 67 71 71 71 72 72 71 71 71 57 57 57 51 51 44 44 44 40 40 40 55 55 54 54 54 50 50 42 42 42 26 26 26 34 34 33 33 33 33 33 33 35 35 24 24 24 36
76 76 73 73 71 71 71 64 64 64 68 68 66 66 66 65 65 64 64 64 56 56 56 63 63 62 62 62 51 51 51 56 56 58 58 58 60 60 62 62 62 58 58 58 67 67 71 71 71 72 72 71 71 71 57 57 57 51 51 44 44 44 40 40 40 55 55 54 54 54 50 50 42 42 42 26 26 26 34 34 33 33 33 33 33 33 35 35 24 24 24 36
75 75 71 71 69 69 69 62 62 62 67 67 65 65 65 64 64 63 63 63 57 57 57 64 64 61 61 61 48 48 48 54 54 58 58 58 61 61 64 64 64 60 60 60 68 68 71 71 71 71 71 69 69 69 57 57 57 56 56 52 52 52 46 46 46 57 57 53 53 53 46 46 37 37 37 19 19 19 30 30 29 29 29 29 29 29 31 31 20 20 20 32
75 75 71 71 69 69 69 62 62 62 67 67 65 65 65 64 64 63 63 63 57 57 57 64 64 61 61 61 48 48 48 54 54 58 58 58 61 61 64 64 64 60 60 60 68 68 71 71 71 71 71 69 69 69 57 57 57 56 56 52 52 52 46 46 46 57 57 53 53 53 46 46 37 37 37 19 19 19 30 30 29 29 29 29 29 29 31 31 20 20 20 32
75 75 71 71 69 69 69 62 62 62 67 67 65 65 65 64 64 63 63 63 57 57 57 64 64 61 61 61 48 48 48 54 54 58 58 58 61 61 64 64 64 60 60 60 68 68 71 71 71 71 71 69 69 69 57 57 57 56 56 52 52 52 46 46 46 57 57 53 53 53 46 46 37 37 37 19 19 19 30 30 29 29 29 29 29 29 31 31 20 20 20 32
67 67 65 65 65 65 65 59 59 59 66 66 66 66 66 64 64 63 63 63 56 56 56 61 61 57 57 57 43 43 43 51 51 59 59 59 63 63 66 66 66 62 62 62 69 69 70 70 70 69 69 68 68 68 60 60 60 62 62 59 59 59 51 51 51 59 59 54 54 54 45 45 30 30 30 12 12 12 24 24 24 24 24 25 25 25 28 28 17 17 17 32
67 67 65 65 65 65 65 59 59 59 66 66 66 66 66 64 64 63 63 63 56 56 56 61 61 57 57 57 43 43 43 51 51 59 59 59 63 63 66 66 66 62 62 62 69 69 70 70 70 69 69 68 68 68 60 60 60 62 62 59 59 59 51 51 51 59 59 54 54 54 45 45 30 30 30 12 12 12 24 24 24 24 24 25 25 25 28 28 17 17 17 32
60 60 60 60 62 62 62 59 59 59 67 67 67 67 67 67 67 65 65 65 55 55 55 59 59 54 54 54 41 41 41 51 51 62 62 62 68 68 71 71 71 66 66 66 71 71 70 70 70 69 69 69 69 69 64 64 64 68 68 64 64 64 57 57 57 63 63 57 57 57 45 45 25 25 25 6 6 6 20 20 21 21 21 23 23 23 28 28 20 20 20 35
60 60 60 60 62 62 62 59 59 59 67 67 67 67 67 67 67 65 65 65 55 55 55 59 59 54 54 54 41 41 41 51 51 62 62 62 68 68 71 71 71 66 66 66 71 71 70 70 70 69 69 69 69 69 64 64 64 68 68 64 64 64 57 57 57 63 63 57 57 57 45 45 25 25 25 6 6 6 20 20 21 21 21 23 23 23 28 28 20 20 20 35
60 60 60 60 62 62 62 59 59 59 67 67 67 67 67 67 67 65 65 65 55 55 55 59 59 54 54 54 41 41 41 51 51 62 62 62 68 68 71 71 71 66 66 66 71 71 70 70 70 69 69 69 69 69 64 64 64 68 68 64 64 64 57 57 57 63 63 57 57 57 45 45 25 25 25 6 6 6 20 20 21 21 21 23 23 23 28 28 20 20 20 35
54 54 57 57 61 61 61 57 57 57 65 65 66 66 66 66 66 64 64 64 54 54 54 56 56 50 50 50 37 37 37 50 50 65 65 65 71 71 72 72 72 66 66 66 70 70 69 69 69 68 68 70 70 70 65 65 65 68 68 65 65 65 56 56 56 61 61 52 52 52 40 40 20 20 20 1 1 1 15 15 17 17 17 0 0 0 28 28 22 22 22 36
54 54 57 57 61 61 61 57 57 57 65 65 66 66 66 66 66 64 64 64 54 54 54 56 56 50 50 50 37 37 37 50 50 65 65 65 71 71 72 72 72 66 66 66 70 70 69 69 69 68 68 70 70 70 65 65 65 68 68 65 65 65 56 56 56 61 61 52 52 52 40 40 20 20 20 1 1 1 15 15 17 17 17 0 0 0 28 28 22 22 22 36
