SEB_model/sample_data_files/historical_long/hillshade_historical_long/june6am.txt
ncols         768
nrows         486
xllcorner     388353.95236715
yllcorner     7583725.4876181
cellsize      5
NODATA_value  -9999
[rows 418 to 455 of 486, columns 435 to 521 of 768]
-9999 -9999 -9999 -9999 -9999 0 0 0 0 0 0 0 0 0 0 -9999 -9999 -9999 -9999 -9999 -9999 -9999 -9999 -9999 -9999 -9999 -9999 -9999 -9999 -9999 -9999 -9999 -9999 -9999 38 38 38 0 0 26 26 26 179 179 179 168 168 187 187 187 194 194 194 159 159 154 154 154 170 170 189 189 189 207 207 207 191 191 173 173 173 165 165 166 166 166 177 177 177 168 168 164 164 164 170 170 170
200 -9999 -9999 30 30 0 0 0 0 0 0 0 0 0 0 -9999 -9999 -9999 -9999 -9999 -9999 -9999 -9999 -9999 -9999 -9999 -9999 -9999 -9999 -9999 -9999 -9999 -9999 -9999 -9999 -9999 -9999 -9999 0 26 26 26 179 179 179 168 168 187 187 187 194 194 194 159 159 154 154 154 170 170 189 189 189 207 207 207 191 191 173 173 173 165 165 166 166 166 177 177 177 168 168 164 164 164 170 170 170
0 0 0 0 0 0 0 0 73 73 73 78 78 162 162 162 -9999 -9999 0 0 0 -9999 -9999 -9999 -9999 -9999 -9999 -9999 -9999 -9999 -9999 -9999 -9999 -9999 -9999 -9999 -9999 -9999 -9999 -9999 0 0 30 30 30 165 165 174 174 174 180 180 180 154 154 163 163 163 186 186 202 202 202 211 211 211 188 188 166 166 166 156 156 163 163 163 188 188 188 184 184 177 177 177 183 183 183
0 0 0 0 0 0 0 0 73 73 73 78 78 162 162 162 0 0 0 0 0 0 -9999 -9999 -9999 -9999 -9999 -9999 -9999 -9999 -9999 -9999 -9999 -9999 -9999 -9999 -9999 -9999 -9999 -9999 -9999 0 30 30 30 165 165 174 174 174 180 180 180 154 154 163 163 163 186 186 202 202 202 211 211 211 188 188 166 166 166 156 156 163 163 163 188 188 188 184 184 177 177 177 183 183 183
0 0 0 0 0 0 0 0 73 73 73 78 78 162 162 162 0 0 0 0 0 0 0 -9999 -9999 -9999 -9999 -9999 -9999 -9999 -9999 -9999 -9999 -9999 -9999 -9999 -9999 -9999 -9999 -9999 -9999 0 30 30 30 165 165 174 174 174 180 180 180 154 154 163 163 163 186 186 202 202 202 211 211 211 188 188 166 166 166 156 156 163 163 163 188 188 188 184 184 177 177 177 183 183 183
156 156 156 23 23 6 6 6 141 141 141 145 145 225 225 225 155 155 155 163 163 0 0 0 -9999 -9999 -9999 -9999 -9999 -9999 -9999 -9999 -9999 -9999 -9999 -9999 -9999 -9999 -9999 -9999 -9999 -9999 0 0 0 156 156 161 161 161 172 172 172 157 157 170 170 170 190 190 203 203 203 209 209 209 184 184 162 162 162 151 151 173 173 173 206 206 206 194 194 181 181 181 191 191 191
156 156 156 23 23 6 6 6 141 141 141 145 145 225 225 225 155 155 155 163 163 0 0 0 -9999 -9999 -9999 -9999 -9999 -9999 -9999 -9999 -9999 -9999 -9999 -9999 -9999 -9999 -9999 -9999 -9999 -9999 0 0 0 156 156 161 161 161 172 172 172 157 157 170 170 170 190 190 203 203 203 209 209 209 184 184 162 162 162 151 151 173 173 173 206 206 206 194 194 181 181 181 191 191 191
140 140 140 138 138 139 139 139 149 149 149 140 140 143 143 143 147 147 147 223 223 216 216 216 209 -9999 -9999 -9999 -9999 -9999 -9999 -9999 -9999 -9999 -9999 -9999 -9999 -9999 -9999 -9999 -9999 -9999 0 0 0 149 149 149 149 149 166 166 166 163 163 171 171 171 179 179 186 186 186 191 191 191 168 168 149 149 149 141 141 176 176 176 202 202 202 177 177 170 170 170 191 191 191
140 140 140 138 138 139 139 139 149 149 149 140 140 143 143 143 147 147 147 223 223 216 216 216 209 -9999 -9999 -9999 -9999 -9999 -9999 -9999 -9999 -9999 -9999 -9999 -9999 -9999 -9999 -9999 -9999 -9999 0 0 0 149 149 149 149 149 166 166 166 163 163 171 171 171 179 179 186 186 186 191 191 191 168 168 149 149 149 141 141 176 176 176 202 202 202 177 177 170 170 170 191 191 191
140 140 140 138 138 139 139 139 149 149 149 140 140 143 143 143 147 147 147 223 223 216 216 216 209 -9999 -9999 -9999 -9999 -9999 -9999 -9999 -9999 -9999 -9999 -9999 -9999 -9999 -9999 -9999 -9999 0 0 0 0 149 149 149 149 149 166 166 166 163 163 171 171 171 179 179 186 186 186 191 191 191 168 168 149 149 149 141 141 176 176 176 202 202 202 177 177 170 170 170 191 191 191
140 140 140 139 139 142 142 142 151 151 151 141 141 140 140 140 144 144 144 148 148 222 222 222 242 242 -9999 -9999 -9999 -9999 -9999 -9999 -9999 -9999 -9999 -9999 -9999 -9999 -9999 0 0 0 0 0 0 148 148 143 143 143 159 159 159 163 163 169 169 169 169 169 170 170 170 175 175 175 155 155 142 142 142 143 143 180 180 180 200 200 200 176 176 180 180 180 206 206 206
140 140 140 139 139 142 142 142 151 151 151 141 141 140 140 140 144 144 144 148 148 222 222 222 242 242 0 0 -9999 -9999 -9999 -9999 -9999 -9999 -9999 -9999 -9999 0 0 0 0 0 0 0 0 148 148 143 143 143 159 159 159 163 163 169 169 169 169 169 170 170 170 175 175 175 155 155 142 142 142 143 143 180 180 180 200 200 200 176 176 180 180 180 206 206 206
140 140 140 139 139 142 142 142 151 151 151 141 141 140 140 140 144 144 144 148 148 222 222 222 242 242 0 0 -9999 -9999 -9999 -9999 -9999 -9999 -9999 0 0 0 0 -9999 0 0 0 0 0 148 148 143 143 143 159 159 159 163 163 169 169 169 169 169 170 170 170 175 175 175 155 155 142 142 142 143 143 180 180 180 200 200 200 176 176 180 180 180 206 206 206
143 143 143 142 142 140 140 140 148 148 148 140 140 141 141 141 142 142 142 145 145 152 152 152 251 251 0 0 0 -9999 -9999 -9999 -9999 -9999 -9999 -9999 -9999 -9999 -9999 0 0 0 44 44 44 148 148 145 145 145 155 155 155 158 158 164 164 164 164 164 161 161 161 165 165 165 147 147 136 136 136 139 139 163 163 163 184 184 184 176 176 195 195 195 218 218 218
143 143 143 142 142 140 140 140 148 148 148 140 140 141 141 141 142 142 142 145 145 152 152 152 251 251 0 0 0 -9999 -9999 -9999 -9999 -9999 -9999 -9999 -9999 -9999 -9999 0 0 0 44 44 44 148 148 145 145 145 155 155 155 158 158 164 164 164 164 164 161 161 161 165 165 165 147 147 136 136 136 139 139 163 163 163 184 184 184 176 176 195 195 195 218 218 218
147 147 147 145 145 140 140 140 147 147 147 138 138 139 139 139 141 141 141 141 141 147 147 147 210 210 216 216 216 0 -9999 -9999 -9999 -9999 -9999 -9999 -9999 -9999 -9999 0 0 0 152 152 152 146 146 145 145 145 155 155 155 154 154 160 160 160 159 159 156 156 156 161 161 161 144 144 135 135 135 136 136 146 146 146 162 162 162 169 169 202 202 202 220 220 220
147 147 147 145 145 140 140 140 147 147 147 138 138 139 139 139 141 141 141 141 141 147 147 147 210 210 216 216 216 0 0 0 -9999 -9999 -9999 -9999 -9999 -9999 -9999 0 0 0 152 152 152 146 146 145 145 145 155 155 155 154 154 160 160 160 159 159 156 156 156 161 161 161 144 144 135 135 135 136 136 146 146 146 162 162 162 169 169 202 202 202 220 220 220
147 147 147 145 145 140 140 140 147 147 147 138 138 139 139 139 141 141 141 141 141 147 147 147 210 210 216 216 216 0 0 0 0 -9999 -9999 -9999 -9999 -9999 0 0 0 0 152 152 152 146 146 145 145 145 155 155 155 154 154 160 160 160 159 159 156 156 156 161 161 161 144 144 135 135 135 136 136 146 146 146 162 162 162 169 169 202 202 202 220 220 220
153 153 153 148 148 144 144 144 147 147 147 136 136 136 136 136 137 137 137 137 137 145 145 145 140 140 212 212 212 243 243 243 0 -9999 -9999 -9999 0 0 0 0 0 0 153 153 153 145 145 143 143 143 153 153 153 152 152 157 157 157 155 155 153 153 153 156 156 156 140 140 139 139 139 139 139 140 140 140 151 151 151 157 157 189 189 189 211 211 211
153 153 153 148 148 144 144 144 147 147 147 136 136 136 136 136 137 137 137 137 137 145 145 145 140 140 212 212 212 243 243 243 -9999 -9999 -9999 0 0 0 0 0 0 0 153 153 153 145 145 143 143 143 153 153 153 152 152 157 157 157 155 155 153 153 153 156 156 156 140 140 139 139 139 139 139 140 140 140 151 151 151 157 157 189 189 189 211 211 211
153 153 153 148 148 144 144 144 147 147 147 136 136 136 136 136 137 137 137 137 137 145 145 145 140 140 212 212 212 243 -9999 -9999 -9999 -9999 -9999 0 0 0 0 0 0 0 153 153 153 145 145 143 143 143 153 153 153 152 152 157 157 157 155 155 153 153 153 156 156 156 140 140 139 139 139 139 139 140 140 140 151 151 151 157 157 189 189 189 211 211 211
162 162 162 155 155 149 149 149 148 148 148 134 134 132 132 132 133 133 133 133 133 144 144 144 141 141 181 181 181 -9999 -9999 -9999 -9999 -9999 -9999 0 0 0 0 59 59 59 153 153 153 147 147 143 143 143 150 150 150 150 150 155 155 155 154 154 152 152 152 154 154 154 141 141 143 143 143 145 145 145 145 145 152 152 152 150 150 169 169 169 189 189 189
162 162 162 155 155 149 149 149 148 148 148 134 134 132 132 132 133 133 133 133 133 144 144 144 141 141 181 181 181 228 -9999 -9999 -9999 -9999 -9999 -9999 0 0 0 59 59 59 153 153 153 147 147 143 143 143 150 150 150 150 150 155 155 155 154 154 152 152 152 154 154 154 141 141 143 143 143 145 145 145 145 145 152 152 152 150 150 169 169 169 189 189 189
55 55 55 85 85 157 157 157 150 150 150 132 132 132 132 132 133 133 133 134 134 145 145 145 141 141 232 232 232 0 0 -9999 -9999 -9999 -9999 -9999 -9999 0 0 58 58 58 155 155 155 148 148 143 143 143 149 149 149 148 148 154 154 154 153 153 150 150 150 157 157 157 147 147 148 148 148 151 151 153 153 153 156 156 156 145 145 153 153 153 167 167 167
-9999 55 55 85 85 157 157 157 150 150 150 132 132 132 132 132 133 133 133 134 134 145 145 145 141 141 232 232 232 0 0 -9999 -9999 -9999 -9999 -9999 -9999 -9999 0 58 58 58 155 155 155 148 148 143 143 143 149 149 149 148 148 154 154 154 153 153 150 150 150 157 157 157 147 147 148 148 148 151 151 153 153 153 156 156 156 145 145 153 153 153 167 167 167
-9999 -9999 -9999 85 85 157 157 157 150 150 150 132 132 132 132 132 133 133 133 134 134 145 145 145 141 141 232 232 232 0 0 -9999 -9999 -9999 -9999 -9999 -9999 -9999 0 58 58 58 155 155 155 148 148 143 143 143 149 149 149 148 148 154 154 154 153 153 150 150 150 157 157 157 147 147 148 148 148 151 151 153 153 153 156 156 156 145 145 153 153 153 167 167 167
-9999 -9999 -9999 -9999 -9999 64 64 64 80 80 80 127 127 132 132 132 135 135 135 137 137 146 146 146 140 140 203 203 203 243 243 -9999 -9999 -9999 -9999 -9999 -9999 -9999 0 0 0 0 156 156 156 147 147 140 140 140 149 149 149 148 148 152 152 152 151 151 150 150 150 160 160 160 152 152 153 153 153 155 155 156 156 156 158 158 158 144 144 146 146 146 156 156 156
-9999 -9999 -9999 -9999 -9999 -9999 -9999 -9999 80 80 80 127 127 132 132 132 135 135 135 137 137 146 146 146 140 140 203 203 203 243 -9999 -9999 -9999 -9999 -9999 -9999 -9999 -9999 0 0 0 0 156 156 156 147 147 140 140 140 149 149 149 148 148 152 152 152 151 151 150 150 150 160 160 160 152 152 153 153 153 155 155 156 156 156 158 158 158 144 144 146 146 146 156 156 156
-9999 -9999 -9999 -9999 -9999 -9999 -9999 -9999 -9999 -9999 1 72 72 76 -9999 -9999 -9999 -9999 -9999 43 43 74 74 74 141 141 142 142 142 249 -9999 -9999 -9999 -9999 -9999 -9999 -9999 -9999 0 0 0 0 153 153 153 142 142 136 136 136 149 149 149 148 148 149 149 149 149 149 150 150 150 162 162 162 154 154 154 154 154 156 156 156 156 156 159 159 159 145 145 147 147 147 154 154 154
-9999 -9999 -9999 -9999 -9999 -9999 -9999 -9999 -9999 -9999 -9999 -9999 -9999 -9999 -9999 -9999 -9999 -9999 -9999 43 43 74 74 74 141 141 142 142 142 249 249 -9999 -9999 -9999 -9999 -9999 -9999 -9999 0 0 0 0 153 153 153 142 142 136 136 136 149 149 149 148 148 149 149 149 149 149 150 150 150 162 162 162 154 154 154 154 154 156 156 156 156 156 159 159 159 145 145 147 147 147 154 154 154
-9999 -9999 -9999 -9999 -9999 -9999 -9999 -9999 -9999 -9999 -9999 -9999 -9999 -9999 -9999 -9999 -9999 -9999 -9999 43 43 74 74 74 141 141 142 142 142 249 249 249 0 0 0 0 0 0 0 0 0 0 153 153 153 142 142 136 136 136 149 149 149 148 148 149 149 149 149 149 150 150 150 162 162 162 154 154 154 154 154 156 156 156 156 156 159 159 159 145 145 147 147 147 154 154 154
-9999 -9999 -9999 -9999 -9999 -9999 -9999 -9999 -9999 -9999 -9999 -9999 -9999 -9999 -9999 -9999 -9999 -9999 -9999 -9999 -9999 -9999 0 0 74 74 143 143 143 242 242 242 0 0 0 0 0 0 0 0 0 0 149 149 149 138 138 135 135 135 146 146 146 144 144 146 146 146 147 147 152 152 152 164 164 164 154 154 151 151 151 154 154 157 157 157 160 160 160 145 145 149 149 149 156 156 156
-9999 -9999 -9999 -9999 -9999 -9999 -9999 -9999 -9999 -9999 -9999 -9999 -9999 -9999 -9999 -9999 -9999 -9999 -9999 -9999 -9999 -9999 -9999 -9999 74 74 143 143 143 242 242 242 0 0 0 0 0 0 0 0 0 0 149 149 149 138 138 135 135 135 146 146 146 144 144 146 146 146 147 147 152 152 152 164 164 164 154 154 151 151 151 154 154 157 157 157 160 160 160 145 145 149 149 149 156 156 156
-9999 -9999 -9999 -9999 -9999 -9999 -9999 -9999 -9999 -9999 -9999 -9999 -9999 -9999 -9999 -9999 -9999 -9999 -9999 -9999 -9999 -9999 -9999 -9999 -9999 74 143 143 143 242 242 242 0 0 0 0 0 0 0 0 0 0 149 149 149 138 138 135 135 135 146 146 146 144 144 146 146 146 147 147 152 152 152 164 164 164 154 154 151 151 151 154 154 157 157 157 160 160 160 145 145 149 149 149 156 156 156
-9999 -9999 -9999 -9999 -9999 -9999 -9999 -9999 -9999 -9999 -9999 -9999 -9999 -9999 -9999 -9999 -9999 -9999 -9999 -9999 -9999 -9999 -9999 -9999 -9999 0 58 58 58 162 162 162 171 171 115 115 115 74 74 76 76 76 146 146 146 141 141 140 140 140 144 144 144 138 138 141 141 141 145 145 153 153 153 165 165 165 153 153 150 150 150 153 153 156 156 156 160 160 160 147 147 151 151 151 160 160 160
-9999 -9999 -9999 -9999 -9999 -9999 -9999 -9999 -9999 -9999 -9999 -9999 -9999 -9999 -9999 -9999 -9999 -9999 -9999 -9999 -9999 -9999 -9999 -9999 -9999 -9999 -9999 58 58 162 162 162 171 171 115 115 115 74 74 76 76 76 146 146 146 141 141 140 140 140 144 144 144 138 138 141 141 141 145 145 153 153 153 165 165 165 153 153 150 150 150 153 153 156 156 156 160 160 160 147 147 151 151 151 160 160 160
-9999 -9999 -9999 -9999 -9999 -9999 -9999 -9999 -9999 -9999 -9999 -9999 -9999 -9999 -9999 -9999 -9999 -9999 -9999 -9999 -9999 -9999 -9999 -9999 -9999 -9999 -9999 0 0 0 0 0 143 143 140 140 140 138 138 131 131 131 141 141 141 144 144 144 144 144 145 145 145 134 134 136 136 136 142 142 153 153 153 165 165 165 153 153 152 152 152 153 153 152 152 152 158 158 158 150 150 155 155 155 166 166 166
-9999 -9999 -9999 -9999 -9999 -9999 -9999 -9999 -9999 -9999 -9999 -9999 -9999 -9999 -9999 -9999 -9999 -9999 -9999 -9999 -9999 -9999 -9999 -9999 -9999 -9999 -9999 0 0 0 0 0 143 143 140 140 140 138 138 131 131 131 141 141 141 144 144 144 144 144 145 145 145 134 134 136 136 136 142 142 153 153 153 165 165 165 153 153 152 152 152 153 153 152 152 152 158 158 158 150 150 155 155 155 166 166 166
