SEB_model/sample_data_files/historical_long/hillshade_historical_long/june6pm.txt
ncols         768
nrows         486
xllcorner     388353.95236715
yllcorner     7583725.4876181
cellsize      5
NODATA_value  -9999
[rows 123 to 163 of 486, columns 184 to 275 of 768]
39 39 39 42 42 46 46 46 49 49 50 50 50 47 47 47 49 49 49 49 49 43 43 43 42 42 38 38 38 36 36 38 38 38 41 41 41 47 47 47 47 47 48 48 50 50 50 51 51 51 58 58 62 62 62 58 58 58 56 56 49 49 49 50 50 53 53 53 41 41 41 28 28 8 8 8 0 0 0 0 0 44 44 44 69 69 72 72 72 64 64 64
39 39 39 42 42 46 46 46 49 49 50 50 50 47 47 47 49 49 49 49 49 43 43 43 42 42 38 38 38 36 36 38 38 38 41 41 41 47 47 47 47 47 48 48 50 50 50 51 51 51 58 58 62 62 62 58 58 58 56 56 49 49 49 50 50 53 53 53 41 41 41 28 28 8 8 8 0 0 0 0 0 44 44 44 69 69 72 72 72 64 64 64
46 46 46 53 53 58 58 58 58 58 56 56 56 51 51 51 51 51 50 50 50 43 43 43 41 41 36 36 36 35 35 43 43 43 50 50 50 58 58 61 61 61 62 62 62 62 62 60 60 60 65 65 66 66 66 61 61 61 62 62 56 56 56 53 53 43 43 43 17 17 17 7 7 10 10 10 35 35 68 68 68 78 78 78 80 80 70 70 70 63 63 63
46 46 46 53 53 58 58 58 58 58 56 56 56 51 51 51 51 51 50 50 50 43 43 43 41 41 36 36 36 35 35 43 43 43 50 50 50 58 58 61 61 61 62 62 62 62 62 60 60 60 65 65 66 66 66 61 61 61 62 62 56 56 56 53 53 43 43 43 17 17 17 7 7 10 10 10 35 35 68 68 68 78 78 78 80 80 70 70 70 63 63 63
56 56 56 64 64 66 66 66 64 64 59 59 59 54 54 54 54 54 52 52 52 45 45 45 43 43 40 40 40 45 45 59 59 59 66 66 66 71 71 71 71 71 70 70 71 71 71 65 65 65 68 68 68 68 68 68 68 68 71 71 60 60 60 50 50 32 32 32 4 4 4 0 0 34 34 34 76 76 103 103 103 95 95 95 82 82 65 65 65 56 56 56
56 56 56 64 64 66 66 66 64 64 59 59 59 54 54 54 54 54 52 52 52 45 45 45 43 43 40 40 40 45 45 59 59 59 66 66 66 71 71 71 71 71 70 70 71 71 71 65 65 65 68 68 68 68 68 68 68 68 71 71 60 60 60 50 50 32 32 32 4 4 4 0 0 34 34 34 76 76 103 103 103 95 95 95 82 82 65 65 65 56 56 56
56 56 56 64 64 66 66 66 64 64 59 59 59 54 54 54 54 54 52 52 52 45 45 45 43 43 40 40 40 45 45 59 59 59 66 66 66 71 71 71 71 71 70 70 71 71 71 65 65 65 68 68 68 68 68 68 68 68 71 71 60 60 60 50 50 32 32 32 4 4 4 0 0 34 34 34 76 76 103 103 103 95 95 95 82 82 65 65 65 56 56 56
62 62 62 67 67 66 66 66 64 64 59 59 59 53 53 53 55 55 53 53 53 47 47 47 47 47 48 48 48 59 59 74 74 74 72 72 72 70 70 68 68 68 71 71 73 73 73 67 67 67 68 68 69 69 69 70 70 70 74 74 62 62 62 45 45 26 26 26 8 8 8 26 26 62 62 62 97 97 108 108 108 91 91 91 78 78 64 64 64 54 54 54
62 62 62 67 67 66 66 66 64 64 59 59 59 53 53 53 55 55 53 53 53 47 47 47 47 47 48 48 48 59 59 74 74 74 72 72 72 70 70 68 68 68 71 71 73 73 73 67 67 67 68 68 69 69 69 70 70 70 74 74 62 62 62 45 45 26 26 26 8 8 8 26 26 62 62 62 97 97 108 108 108 91 91 91 78 78 64 64 64 54 54 54
62 62 62 65 65 63 63 63 61 61 58 58 58 54 54 54 55 55 54 54 54 50 50 50 52 52 55 55 55 69 69 78 78 78 68 68 68 64 64 63 63 63 68 68 72 72 72 67 67 67 70 70 70 70 70 68 68 68 72 72 65 65 65 48 48 27 27 27 18 18 18 46 46 79 79 79 96 96 92 92 92 73 73 73 71 71 66 66 66 55 55 55
62 62 62 65 65 63 63 63 61 61 58 58 58 54 54 54 55 55 54 54 54 50 50 50 52 52 55 55 55 69 69 78 78 78 68 68 68 64 64 63 63 63 68 68 72 72 72 67 67 67 70 70 70 70 70 68 68 68 72 72 65 65 65 48 48 27 27 27 18 18 18 46 46 79 79 79 96 96 92 92 92 73 73 73 71 71 66 66 66 55 55 55
62 62 62 65 65 63 63 63 61 61 58 58 58 54 54 54 55 55 54 54 54 50 50 50 52 52 55 55 55 69 69 78 78 78 68 68 68 64 64 63 63 63 68 68 72 72 72 67 67 67 70 70 70 70 70 68 68 68 72 72 65 65 65 48 48 27 27 27 18 18 18 46 46 79 79 79 96 96 92 92 92 73 73 73 71 71 66 66 66 55 55 55
59 59 59 62 62 61 61 61 60 60 59 59 59 55 55 55 56 56 56 56 56 54 54 54 57 57 59 59 59 69 69 72 72 72 63 63 63 65 65 62 62 62 65 65 70 70 70 69 69 69 73 73 72 72 72 68 68 68 71 71 61 61 61 43 43 24 24 24 25 25 25 63 63 87 87 87 87 87 75 75 75 61 61 61 67 67 70 70 70 59 59 59
59 59 59 62 62 61 61 61 60 60 59 59 59 55 55 55 56 56 56 56 56 54 54 54 57 57 59 59 59 69 69 72 72 72 63 63 63 65 65 62 62 62 65 65 70 70 70 69 69 69 73 73 72 72 72 68 68 68 71 71 61 61 61 43 43 24 24 24 25 25 25 63 63 87 87 87 87 87 75 75 75 61 61 61 67 67 70 70 70 59 59 59
59 59 59 62 62 61 61 61 60 60 59 59 59 55 55 55 56 56 56 56 56 54 54 54 57 57 59 59 59 69 69 72 72 72 63 63 63 65 65 62 62 62 65 65 70 70 70 69 69 69 73 73 72 72 72 68 68 68 71 71 61 61 61 43 43 24 24 24 25 25 25 63 63 87 87 87 87 87 75 75 75 61 61 61 67 67 70 70 70 59 59 59
57 57 57 59 59 60 60 60 60 60 60 60 60 56 56 56 57 57 59 59 59 58 58 58 61 61 61 61 61 64 64 63 63 63 60 60 60 66 66 63 63 63 64 64 71 71 71 70 70 70 73 73 63 63 63 48 48 48 40 40 27 27 27 22 22 27 27 27 49 49 49 84 84 92 92 92 81 81 69 69 69 59 59 59 67 67 72 72 72 62 62 62
57 57 57 59 59 60 60 60 60 60 60 60 60 56 56 56 57 57 59 59 59 58 58 58 61 61 61 61 61 64 64 63 63 63 60 60 60 66 66 63 63 63 64 64 71 71 71 70 70 70 73 73 63 63 63 48 48 48 40 40 27 27 27 22 22 27 27 27 49 49 49 84 84 92 92 92 81 81 69 69 69 59 59 59 67 67 72 72 72 62 62 62
55 55 55 57 57 59 59 59 59 59 60 60 60 56 56 56 59 59 61 61 61 61 61 61 63 63 61 61 61 59 59 57 57 57 56 56 56 64 64 64 64 64 67 67 75 75 75 70 70 70 70 70 56 56 56 34 34 34 0 0 0 0 0 33 33 68 68 68 96 96 96 106 106 92 92 92 76 76 68 68 68 64 64 64 71 71 73 73 73 66 66 66
55 55 55 57 57 59 59 59 59 59 60 60 60 56 56 56 59 59 61 61 61 61 61 61 63 63 61 61 61 59 59 57 57 57 56 56 56 64 64 64 64 64 67 67 75 75 75 70 70 70 70 70 56 56 56 34 34 34 0 0 0 0 0 33 33 68 68 68 96 96 96 106 106 92 92 92 76 76 68 68 68 64 64 64 71 71 73 73 73 66 66 66
55 55 55 57 57 59 59 59 59 59 60 60 60 56 56 56 59 59 61 61 61 61 61 61 63 63 61 61 61 59 59 57 57 57 56 56 56 64 64 64 64 64 67 67 75 75 75 70 70 70 70 70 56 56 56 34 34 34 0 0 0 0 0 33 33 68 68 68 96 96 96 106 106 92 92 92 76 76 68 68 68 64 64 64 71 71 73 73 73 66 66 66
55 55 55 56 56 58 58 58 59 59 59 59 59 55 55 55 60 60 63 63 63 63 63 63 64 64 60 60 60 57 57 55 55 55 55 55 55 61 61 63 63 63 68 68 78 78 78 72 72 72 69 69 66 66 66 49 49 49 30 30 25 25 25 60 60 105 105 105 116 116 116 106 106 83 83 83 69 69 70 70 70 69 69 69 77 77 76 76 76 66 66 66
55 55 55 56 56 58 58 58 59 59 59 59 59 55 55 55 60 60 63 63 63 63 63 63 64 64 60 60 60 57 57 55 55 55 55 55 55 61 61 63 63 63 68 68 78 78 78 72 72 72 69 69 66 66 66 49 49 49 30 30 25 25 25 60 60 105 105 105 116 116 116 106 106 83 83 83 69 69 70 70 70 69 69 69 77 77 76 76 76 66 66 66
56 56 56 58 58 59 59 59 59 59 58 58 58 54 54 54 60 60 65 65 65 63 63 63 64 64 60 60 60 55 55 55 55 55 56 56 56 61 61 62 62 62 66 66 76 76 76 75 75 75 74 74 83 83 83 77 77 77 60 60 53 53 53 69 69 92 92 92 93 93 93 83 83 69 69 69 66 66 72 72 72 71 71 71 77 77 75 75 75 65 65 65
56 56 56 58 58 59 59 59 59 59 58 58 58 54 54 54 60 60 65 65 65 63 63 63 64 64 60 60 60 55 55 55 55 55 56 56 56 61 61 62 62 62 66 66 76 76 76 75 75 75 74 74 83 83 83 77 77 77 60 60 53 53 53 69 69 92 92 92 93 93 93 83 83 69 69 69 66 66 72 72 72 71 71 71 77 77 75 75 75 65 65 65
56 56 56 58 58 59 59 59 59 59 58 58 58 54 54 54 60 60 65 65 65 63 63 63 64 64 60 60 60 55 55 55 55 55 56 56 56 61 61 62 62 62 66 66 76 76 76 75 75 75 74 74 83 83 83 77 77 77 60 60 53 53 53 69 69 92 92 92 93 93 93 83 83 69 69 69 66 66 72 72 72 71 71 71 77 77 75 75 75 65 65 65
57 57 57 60 60 59 59 59 58 58 57 57 57 54 54 54 60 60 63 63 63 60 60 60 61 61 59 59 59 56 56 57 57 57 58 58 58 63 63 62 62 62 64 64 71 71 71 75 75 75 77 77 87 87 87 88 88 88 87 87 77 77 77 66 66 63 63 63 54 54 54 59 59 64 64 64 69 69 73 73 73 67 67 67 70 70 68 68 68 64 64 64
57 57 57 60 60 59 59 59 58 58 57 57 57 54 54 54 60 60 63 63 63 60 60 60 61 61 59 59 59 56 56 57 57 57 58 58 58 63 63 62 62 62 64 64 71 71 71 75 75 75 77 77 87 87 87 88 88 88 87 87 77 77 77 66 66 63 63 63 54 54 54 59 59 64 64 64 69 69 73 73 73 67 67 67 70 70 68 68 68 64 64 64
57 57 57 60 60 59 59 59 58 58 57 57 57 54 54 54 60 60 63 63 63 60 60 60 61 61 59 59 59 56 56 57 57 57 58 58 58 63 63 62 62 62 64 64 71 71 71 75 75 75 77 77 87 87 87 88 88 88 87 87 77 77 77 66 66 63 63 63 54 54 54 59 59 64 64 64 69 69 73 73 73 67 67 67 70 70 68 68 68 64 64 64
61 61 61 62 62 59 59 59 57 57 57 57 57 54 54 54 60 60 61 61 61 57 57 57 60 60 59 59 59 58 58 60 60 60 61 61 61 64 64 65 65 65 65 65 69 69 69 71 71 71 71 71 70 70 70 70 70 70 76 76 71 71 71 55 55 40 40 40 36 36 36 56 56 70 70 70 75 75 73 73 73 64 64 64 65 65 63 63 63 61 61 61
61 61 61 62 62 59 59 59 57 57 57 57 57 54 54 54 60 60 61 61 61 57 57 57 60 60 59 59 59 58 58 60 60 60 61 61 61 64 64 65 65 65 65 65 69 69 69 71 71 71 71 71 70 70 70 70 70 70 76 76 71 71 71 55 55 40 40 40 36 36 36 56 56 70 70 70 75 75 73 73 73 64 64 64 65 65 63 63 63 61 61 61
63 63 63 62 62 58 58 58 57 57 57 57 57 54 54 54 59 59 59 59 59 55 55 55 58 58 59 59 59 60 60 63 63 63 63 63 63 66 66 67 67 67 67 67 68 68 68 66 66 66 59 59 54 54 54 56 56 56 68 68 73 73 73 64 64 51 51 51 51 51 51 70 70 78 78 78 79 79 75 75 75 65 65 65 67 67 64 64 64 57 57 57
63 63 63 62 62 58 58 58 57 57 57 57 57 54 54 54 59 59 59 59 59 55 55 55 58 58 59 59 59 60 60 63 63 63 63 63 63 66 66 67 67 67 67 67 68 68 68 66 66 66 59 59 54 54 54 56 56 56 68 68 73 73 73 64 64 51 51 51 51 51 51 70 70 78 78 78 79 79 75 75 75 65 65 65 67 67 64 64 64 57 57 57
63 63 63 62 62 58 58 58 57 57 57 57 57 54 54 54 59 59 59 59 59 55 55 55 58 58 59 59 59 60 60 63 63 63 63 63 63 66 66 67 67 67 67 67 68 68 68 66 66 66 59 59 54 54 54 56 56 56 68 68 73 73 73 64 64 51 51 51 51 51 51 70 70 78 78 78 79 79 75 75 75 65 65 65 67 67 64 64 64 57 57 57
62 62 62 62 62 58 58 58 57 57 57 57 57 54 54 54 59 59 58 58 58 54 54 54 58 58 60 60 60 62 62 66 66 66 66 66 66 68 68 68 68 68 68 68 67 67 67 61 61 61 51 51 46 46 46 51 51 51 64 64 72 72 72 73 73 71 71 71 68 68 68 77 77 81 81 81 84 84 82 82 82 70 70 70 69 69 67 67 67 56 56 56
62 62 62 62 62 58 58 58 57 57 57 57 57 54 54 54 59 59 58 58 58 54 54 54 58 58 60 60 60 62 62 66 66 66 66 66 66 68 68 68 68 68 68 68 67 67 67 61 61 61 51 51 46 46 46 51 51 51 64 64 72 72 72 73 73 71 71 71 68 68 68 77 77 81 81 81 84 84 82 82 82 70 70 70 69 69 67 67 67 56 56 56
62 62 62 62 62 58 58 58 57 57 57 57 57 54 54 54 59 59 58 58 58 54 54 54 58 58 60 60 60 62 62 66 66 66 66 66 66 68 68 68 68 68 68 68 67 67 67 61 61 61 51 51 46 46 46 51 51 51 64 64 72 72 72 73 73 71 71 71 68 68 68 77 77 81 81 81 84 84 82 82 82 70 70 70 69 69 67 67 67 56 56 56
60 60 60 62 62 59 59 59 58 58 58 58 58 54 54 54 58 58 58 58 58 54 54 54 59 59 61 61 61 64 64 69 69 69 69 69 69 70 70 69 69 69 68 68 66 66 66 58 58 58 47 47 42 42 42 53 53 53 69 69 76 76 76 81 81 80 80 80 72 72 72 76 76 83 83 83 90 90 86 86 86 68 68 68 65 65 66 66 66 59 59 59
60 60 60 62 62 59 59 59 58 58 58 58 58 54 54 54 58 58 58 58 58 54 54 54 59 59 61 61 61 64 64 69 69 69 69 69 69 70 70 69 69 69 68 68 66 66 66 58 58 58 47 47 42 42 42 53 53 53 69 69 76 76 76 81 81 80 80 80 72 72 72 76 76 83 83 83 90 90 86 86 86 68 68 68 65 65 66 66 66 59 59 59
57 57 57 59 59 58 58 58 57 57 58 58 58 53 53 53 57 57 57 57 57 54 54 54 59 59 63 63 63 67 67 71 71 71 70 70 70 70 70 69 69 69 67 67 64 64 64 55 55 55 43 43 42 42 42 57 57 57 74 74 79 79 79 82 82 80 80 80 69 69 69 73 73 80 80 80 85 85 79 79 79 61 61 61 58 58 61 61 61 60 60 60
57 57 57 59 59 58 58 58 57 57 58 58 58 53 53 53 57 57 57 57 57 54 54 54 59 59 63 63 63 67 67 71 71 71 70 70 70 70 70 69 69 69 67 67 64 64 64 55 55 55 43 43 42 42 42 57 57 57 74 74 79 79 79 82 82 80 80 80 69 69 69 73 73 80 80 80 85 85 79 79 79 61 61 61 58 58 61 61 61 60 60 60
57 57 57 59 59 58 58 58 57 57 58 58 58 53 53 53 57 57 57 57 57 54 54 54 59 59 63 63 63 67 67 71 71 71 70 70 70 70 70 69 69 69 67 67 64 64 64 55 55 55 43 43 42 42 42 57 57 57 74 74 79 79 79 82 82 80 80 80 69 69 69 73 73 80 80 80 85 85 79 79 79 61 61 61 58 58 61 61 61 60 60 60
