SEB_model/sample_data_files/historical_long/hillshade_historical_long/june6pm.txt
ncols         768
nrows         486
xllcorner     388353.95236715
yllcorner     7583725.4876181
cellsize      5
NODATA_value  -9999
[rows 205 to 245 of 486, columns 368 to 459 of 768]
54 54 57 57 61 61 61 57 57 57 65 65 66 66 66 66 66 64 64 64 54 54 54 56 56 50 50 50 37 37 37 50 50 65 65 65 71 71 72 72 72 66 66 66 70 70 69 69 69 68 68 70 70 70 65 65 65 68 68 65 65 65 56 56 56 61 61 52 52 52 40 40 20 20 20 1 1 1 15 15 17 17 17 0 0 0 28 28 22 22 22 36
55 55 59 59 62 62 62 57 57 57 65 65 67 67 67 67 67 65 65 65 55 55 55 58 58 52 52 52 40 40 40 53 53 67 67 67 72 72 72 72 72 66 66 66 69 69 68 68 68 68 68 71 71 71 66 66 66 68 68 64 64 64 55 55 55 59 59 48 48 48 37 37 22 22 22 3 3 3 17 17 18 18 18 0 0 0 31 31 26 26 26 39
55 55 59 59 62 62 62 57 57 57 65 65 67 67 67 67 67 65 65 65 55 55 55 58 58 52 52 52 40 40 40 53 53 67 67 67 72 72 72 72 72 66 66 66 69 69 68 68 68 68 68 71 71 71 66 66 66 68 68 64 64 64 55 55 55 59 59 48 48 48 37 37 22 22 22 3 3 3 17 17 18 18 18 0 0 0 31 31 26 26 26 39
60 60 61 61 62 62 62 57 57 57 66 66 68 68 68 68 68 67 67 67 59 59 59 61 61 56 56 56 44 44 44 55 55 63 63 63 67 67 71 71 71 64 64 64 68 68 67 67 67 68 68 70 70 70 66 66 66 69 69 65 65 65 55 55 55 58 58 45 45 45 35 35 24 24 24 6 6 6 21 21 23 23 23 0 0 0 32 32 26 26 26 40
60 60 61 61 62 62 62 57 57 57 66 66 68 68 68 68 68 67 67 67 59 59 59 61 61 56 56 56 44 44 44 55 55 63 63 63 67 67 71 71 71 64 64 64 68 68 67 67 67 68 68 70 70 70 66 66 66 69 69 65 65 65 55 55 55 58 58 45 45 45 35 35 24 24 24 6 6 6 21 21 23 23 23 0 0 0 32 32 26 26 26 40
60 60 61 61 62 62 62 57 57 57 66 66 68 68 68 68 68 67 67 67 59 59 59 61 61 56 56 56 44 44 44 55 55 63 63 63 67 67 71 71 71 64 64 64 68 68 67 67 67 68 68 70 70 70 66 66 66 69 69 65 65 65 55 55 55 58 58 45 45 45 35 35 24 24 24 6 6 6 21 21 23 23 23 0 0 0 32 32 26 26 26 40
64 64 64 64 63 63 63 60 60 60 68 68 70 70 70 70 70 70 70 70 64 64 64 66 66 58 58 58 46 46 46 54 54 60 60 60 64 64 69 69 69 65 65 65 69 69 67 67 67 66 66 67 67 67 65 65 65 72 72 69 69 69 57 57 57 57 57 44 44 44 35 35 24 24 24 9 9 9 27 27 29 29 29 30 30 30 34 34 26 26 26 40
64 64 64 64 63 63 63 60 60 60 68 68 70 70 70 70 70 70 70 70 64 64 64 66 66 58 58 58 46 46 46 54 54 60 60 60 64 64 69 69 69 65 65 65 69 69 67 67 67 66 66 67 67 67 65 65 65 72 72 69 69 69 57 57 57 57 57 44 44 44 35 35 24 24 24 9 9 9 27 27 29 29 29 30 30 30 34 34 26 26 26 40
67 67 66 66 67 67 67 65 65 65 70 70 71 71 71 72 72 73 73 73 69 69 69 70 70 60 60 60 47 47 47 54 54 59 59 59 65 65 71 71 71 68 68 68 73 73 68 68 68 64 64 67 67 67 69 69 69 78 78 73 73 73 60 60 60 59 59 47 47 47 38 38 27 27 27 14 14 14 34 34 36 36 36 35 35 35 36 36 27 27 27 41
67 67 66 66 67 67 67 65 65 65 70 70 71 71 71 72 72 73 73 73 69 69 69 70 70 60 60 60 47 47 47 54 54 59 59 59 65 65 71 71 71 68 68 68 73 73 68 68 68 64 64 67 67 67 69 69 69 78 78 73 73 73 60 60 60 59 59 47 47 47 38 38 27 27 27 14 14 14 34 34 36 36 36 35 35 35 36 36 27 27 27 41
67 67 66 66 67 67 67 65 65 65 70 70 71 71 71 72 72 73 73 73 69 69 69 70 70 60 60 60 47 47 47 54 54 59 59 59 65 65 71 71 71 68 68 68 73 73 68 68 68 64 64 67 67 67 69 69 69 78 78 73 73 73 60 60 60 59 59 47 47 47 38 38 27 27 27 14 14 14 34 34 36 36 36 35 35 35 36 36 27 27 27 41
66 66 67 67 68 68 68 66 66 66 69 69 70 70 70 71 71 72 72 72 70 70 70 69 69 58 58 58 46 46 46 52 52 57 57 57 63 63 70 70 70 71 71 71 76 76 68 68 68 63 63 67 67 67 70 70 70 78 78 73 73 73 59 59 59 59 59 48 48 48 39 39 28 28 28 15 15 15 32 32 34 34 34 34 34 34 35 35 24 24 24 37
66 66 67 67 68 68 68 66 66 66 69 69 70 70 70 71 71 72 72 72 70 70 70 69 69 58 58 58 46 46 46 52 52 57 57 57 63 63 70 70 70 71 71 71 76 76 68 68 68 63 63 67 67 67 70 70 70 78 78 73 73 73 59 59 59 59 59 48 48 48 39 39 28 28 28 15 15 15 32 32 34 34 34 34 34 34 35 35 24 24 24 37
66 66 67 67 68 68 68 66 66 66 69 69 70 70 70 71 71 72 72 72 70 70 70 69 69 58 58 58 46 46 46 52 52 57 57 57 63 63 70 70 70 71 71 71 76 76 68 68 68 63 63 67 67 67 70 70 70 78 78 73 73 73 59 59 59 59 59 48 48 48 39 39 28 28 28 15 15 15 32 32 34 34 34 34 34 34 35 35 24 24 24 37
67 67 67 67 68 68 68 66 66 66 69 69 70 70 70 71 71 71 71 71 67 67 67 66 66 57 57 57 47 47 47 51 51 57 57 57 63 63 70 70 70 76 76 76 82 82 72 72 72 67 67 69 69 69 69 69 69 76 76 71 71 71 58 58 58 61 61 53 53 53 45 45 32 32 32 0 0 0 29 29 31 31 31 32 32 32 33 33 22 22 22 36
67 67 67 67 68 68 68 66 66 66 69 69 70 70 70 71 71 71 71 71 67 67 67 66 66 57 57 57 47 47 47 51 51 57 57 57 63 63 70 70 70 76 76 76 82 82 72 72 72 67 67 69 69 69 69 69 69 76 76 71 71 71 58 58 58 61 61 53 53 53 45 45 32 32 32 0 0 0 29 29 31 31 31 32 32 32 33 33 22 22 22 36
68 68 68 68 68 68 68 66 66 66 70 70 72 72 72 72 72 70 70 70 65 65 65 64 64 57 57 57 48 48 48 51 51 59 59 59 67 67 75 75 75 85 85 85 91 91 79 79 79 70 70 68 68 68 65 65 65 73 73 69 69 69 58 58 58 64 64 61 61 61 53 53 35 35 35 0 0 0 26 26 29 29 29 30 30 30 32 32 22 22 22 37
68 68 68 68 68 68 68 66 66 66 70 70 72 72 72 72 72 70 70 70 65 65 65 64 64 57 57 57 48 48 48 51 51 59 59 59 67 67 75 75 75 85 85 85 91 91 79 79 79 70 70 68 68 68 65 65 65 73 73 69 69 69 58 58 58 64 64 61 61 61 53 53 35 35 35 0 0 0 26 26 29 29 29 30 30 30 32 32 22 22 22 37
68 68 68 68 68 68 68 66 66 66 70 70 72 72 72 72 72 70 70 70 65 65 65 64 64 57 57 57 48 48 48 51 51 59 59 59 67 67 75 75 75 85 85 85 91 91 79 79 79 70 70 68 68 68 65 65 65 73 73 69 69 69 58 58 58 64 64 61 61 61 53 53 35 35 35 0 0 0 26 26 29 29 29 30 30 30 32 32 22 22 22 37
68 68 68 68 68 68 68 66 66 66 70 70 72 72 72 72 72 69 69 69 62 62 62 62 62 58 58 58 50 50 50 51 51 60 60 60 72 72 81 81 81 89 89 89 96 96 81 81 81 68 68 62 62 62 57 57 57 67 67 64 64 64 54 54 54 62 62 61 61 61 54 54 32 32 32 7 7 7 0 0 22 22 22 23 23 23 28 28 21 21 21 38
68 68 68 68 68 68 68 66 66 66 70 70 72 72 72 72 72 69 69 69 62 62 62 62 62 58 58 58 50 50 50 51 51 60 60 60 72 72 81 81 81 89 89 89 96 96 81 81 81 68 68 62 62 62 57 57 57 67 67 64 64 64 54 54 54 62 62 61 61 61 54 54 32 32 32 7 7 7 0 0 22 22 22 23 23 23 28 28 21 21 21 38
68 68 68 68 68 68 68 66 66 66 70 70 72 72 72 72 72 69 69 69 62 62 62 62 62 58 58 58 50 50 50 51 51 60 60 60 72 72 81 81 81 89 89 89 96 96 81 81 81 68 68 62 62 62 57 57 57 67 67 64 64 64 54 54 54 62 62 61 61 61 54 54 32 32 32 7 7 7 0 0 22 22 22 23 23 23 28 28 21 21 21 38
68 68 68 68 68 68 68 67 67 67 71 71 72 72 72 71 71 68 68 68 63 63 63 63 63 61 61 61 54 54 54 55 55 64 64 64 75 75 82 82 82 85 85 85 90 90 80 80 80 68 68 62 62 62 55 55 55 63 63 62 62 62 54 54 54 61 61 58 58 58 51 51 33 33 33 8 8 8 0 0 21 21 21 23 23 23 31 31 27 27 27 40
68 68 68 68 68 68 68 67 67 67 71 71 72 72 72 71 71 68 68 68 63 63 63 63 63 61 61 61 54 54 54 55 55 64 64 64 75 75 82 82 82 85 85 85 90 90 80 80 80 68 68 62 62 62 55 55 55 63 63 62 62 62 54 54 54 61 61 58 58 58 51 51 33 33 33 8 8 8 0 0 21 21 21 23 23 23 31 31 27 27 27 40
67 67 66 66 66 66 66 67 67 67 72 72 71 71 71 69 69 68 68 68 65 65 65 67 67 66 66 66 61 61 61 62 62 67 67 67 74 74 78 78 78 78 78 78 80 80 76 76 76 71 71 66 66 66 59 59 59 62 62 59 59 59 51 51 51 58 58 55 55 55 49 49 35 35 35 13 13 13 22 22 25 25 25 28 28 28 35 35 31 31 31 40
67 67 66 66 66 66 66 67 67 67 72 72 71 71 71 69 69 68 68 68 65 65 65 67 67 66 66 66 61 61 61 62 62 67 67 67 74 74 78 78 78 78 78 78 80 80 76 76 76 71 71 66 66 66 59 59 59 62 62 59 59 59 51 51 51 58 58 55 55 55 49 49 35 35 35 13 13 13 22 22 25 25 25 28 28 28 35 35 31 31 31 40
67 67 66 66 66 66 66 67 67 67 72 72 71 71 71 69 69 68 68 68 65 65 65 67 67 66 66 66 61 61 61 62 62 67 67 67 74 74 78 78 78 78 78 78 80 80 76 76 76 71 71 66 66 66 59 59 59 62 62 59 59 59 51 51 51 58 58 55 55 55 49 49 35 35 35 13 13 13 22 22 25 25 25 28 28 28 35 35 31 31 31 40
64 64 62 62 62 62 62 65 65 65 71 71 71 71 71 69 69 67 67 67 67 67 67 72 72 73 73 73 70 70 70 69 69 68 68 68 70 70 72 72 72 72 72 72 73 73 73 73 73 72 72 69 69 69 62 62 62 64 64 58 58 58 47 47 47 57 57 55 55 55 49 49 35 35 35 17 17 17 26 26 29 29 29 31 31 31 36 36 32 32 32 40
64 64 62 62 62 62 62 65 65 65 71 71 71 71 71 69 69 67 67 67 67 67 67 72 72 73 73 73 70 70 70 69 69 68 68 68 70 70 72 72 72 72 72 72 73 73 73 73 73 72 72 69 69 69 62 62 62 64 64 58 58 58 47 47 47 57 57 55 55 55 49 49 35 35 35 17 17 17 26 26 29 29 29 31 31 31 36 36 32 32 32 40
62 62 60 60 60 60 60 65 65 65 70 70 71 71 71 68 68 65 65 65 68 68 68 77 77 81 81 81 79 79 79 74 74 67 67 67 66 66 67 67 67 67 67 67 71 71 73 73 73 73 73 71 71 71 67 67 67 69 69 62 62 62 50 50 50 59 59 58 58 58 50 50 35 35 35 19 19 19 29 29 31 31 31 33 33 33 37 37 33 33 33 41
62 62 60 60 60 60 60 65 65 65 70 70 71 71 71 68 68 65 65 65 68 68 68 77 77 81 81 81 79 79 79 74 74 67 67 67 66 66 67 67 67 67 67 67 71 71 73 73 73 73 73 71 71 71 67 67 67 69 69 62 62 62 50 50 50 59 59 58 58 58 50 50 35 35 35 19 19 19 29 29 31 31 31 33 33 33 37 37 33 33 33 41
62 62 60 60 60 60 60 65 65 65 70 70 71 71 71 68 68 65 65 65 68 68 68 77 77 81 81 81 79 79 79 74 74 67 67 67 66 66 67 67 67 67 67 67 71 71 73 73 73 73 73 71 71 71 67 67 67 69 69 62 62 62 50 50 50 59 59 58 58 58 50 50 35 35 35 19 19 19 29 29 31 31 31 33 33 33 37 37 33 33 33 41
60 60 59 59 60 60 60 64 64 64 69 69 70 70 70 66 66 62 62 62 64 64 64 77 77 86 86 86 83 83 83 75 75 65 65 65 61 61 62 62 62 62 62 62 69 69 75 75 75 76 76 73 73 73 69 69 69 73 73 67 67 67 52 52 52 57 57 52 52 52 43 43 29 29 29 13 13 13 26 26 28 28 28 31 31 31 35 35 30 30 30 39
60 60 59 59 60 60 60 64 64 64 69 69 70 70 70 66 66 62 62 62 64 64 64 77 77 86 86 86 83 83 83 75 75 65 65 65 61 61 62 62 62 62 62 62 69 69 75 75 75 76 76 73 73 73 69 69 69 73 73 67 67 67 52 52 52 57 57 52 52 52 43 43 29 29 29 13 13 13 26 26 28 28 28 31 31 31 35 35 30 30 30 39
60 60 59 59 60 60 60 64 64 64 69 69 70 70 70 66 66 62 62 62 64 64 64 77 77 86 86 86 83 83 83 75 75 65 65 65 61 61 62 62 62 62 62 62 69 69 75 75 75 76 76 73 73 73 69 69 69 73 73 67 67 67 52 52 52 57 57 52 52 52 43 43 29 29 29 13 13 13 26 26 28 28 28 31 31 31 35 35 30 30 30 39
60 60 59 59 60 60 60 64 64 64 68 68 68 68 68 64 64 60 60 60 63 63 63 76 76 86 86 86 83 83 83 75 75 64 64 64 60 60 60 60 60 60 60 60 69 69 78 78 78 80 80 78 78 78 74 74 74 77 77 72 72 72 57 57 57 57 57 45 45 45 36 36 24 24 24 9 9 9 24 24 26 26 26 29 29 29 33 33 29 29 29 39
60 60 59 59 60 60 60 64 64 64 68 68 68 68 68 64 64 60 60 60 63 63 63 76 76 86 86 86 83 83 83 75 75 64 64 64 60 60 60 60 60 60 60 60 69 69 78 78 78 80 80 78 78 78 74 74 74 77 77 72 72 72 57 57 57 57 57 45 45 45 36 36 24 24 24 9 9 9 24 24 26 26 26 29 29 29 33 33 29 29 29 39
60 60 59 59 59 59 59 62 62 62 66 66 68 68 68 65 65 61 61 61 65 65 65 78 78 82 82 82 79 79 79 73 73 64 64 64 60 60 60 60 60 62 62 62 71 71 79 79 79 84 84 86 86 86 80 80 80 79 79 74 74 74 59 59 59 55 55 39 39 39 27 27 15 15 15 2 2 2 20 20 23 23 23 26 26 26 31 31 28 28 28 39
60 60 59 59 59 59 59 62 62 62 66 66 68 68 68 65 65 61 61 61 65 65 65 78 78 82 82 82 79 79 79 73 73 64 64 64 60 60 60 60 60 62 62 62 71 71 79 79 79 84 84 86 86 86 80 80 80 79 79 74 74 74 59 59 59 55 55 39 39 39 27 27 15 15 15 2 2 2 20 20 23 23 23 26 26 26 31 31 28 28 28 39
60 60 59 59 59 59 59 62 62 62 66 66 68 68 68 65 65 61 61 61 65 65 65 78 78 82 82 82 79 79 79 73 73 64 64 64 60 60 60 60 60 62 62 62 71 71 79 79 79 84 84 86 86 86 80 80 80 79 79 74 74 74 59 59 59 55 55 39 39 39 27 27 15 15 15 2 2 2 20 20 23 23 23 26 26 26 31 31 28 28 28 39
59 59 58 58 58 58 58 60 60 60 64 64 67 67 67 66 66 64 64 64 71 71 71 80 80 79 79 79 75 75 75 71 71 63 63 63 59 59 61 61 61 66 66 66 75 75 84 84 84 92 92 92 92 92 83 83 83 80 80 77 77 77 62 62 62 55 55 34 34 34 19 19 4 4 4 0 0 0 0 0 19 19 19 23 23 23 31 31 28 28 28 40
