SEB_model/sample_data_files/historical_long/hillshade_historical_long/june6am.txt
ncols         768
nrows         486
xllcorner     388353.95236715
yllcorner     7583725.4876181
cellsize      5
NODATA_value  -9999
[rows 152 to 189 of 486, columns 609 to 695 of 768]
154 154 159 159 175 175 175 169 169 162 162 162 156 156 156 134 134 134 134 134 178 178 175 175 175 202 202 202 201 201 138 138 138 180 180 -9999 -9999 -9999 -9999 -9999 -9999 -9999 -9999 -9999 -9999 -9999 -9999 -9999 -9999 -9999 -9999 -9999 -9999 -9999 -9999 -9999 -9999 -9999 -9999 -9999 -9999 -9999 -9999 -9999 -9999 -9999 -9999 -9999 -9999 -9999 -9999 -9999 -9999 -9999 -9999 -9999 -9999 -9999 -9999 -9999 -9999 -9999 -9999 -9999 -9999 -9999 -9999
154 154 159 159 174 174 174 166 166 161 161 161 160 160 160 143 143 145 145 145 151 151 155 155 155 198 198 198 183 183 130 130 130 224 -9999 -9999 -9999 -9999 -9999 -9999 -9999 -9999 -9999 -9999 -9999 -9999 -9999 -9999 -9999 -9999 -9999 -9999 -9999 -9999 -9999 -9999 -9999 -9999 -9999 -9999 -9999 -9999 -9999 -9999 -9999 -9999 -9999 -9999 -9999 -9999 -9999 -9999 -9999 -9999 -9999 -9999 -9999 -9999 -9999 -9999 -9999 -9999 -9999 -9999 -9999 -9999 -9999
154 154 159 159 174 174 174 166 166 161 161 161 160 160 160 143 143 145 145 145 151 151 155 155 155 198 198 198 183 183 130 130 130 224 -9999 -9999 -9999 -9999 -9999 -9999 -9999 -9999 -9999 -9999 -9999 -9999 -9999 -9999 -9999 -9999 -9999 -9999 -9999 -9999 -9999 -9999 -9999 -9999 -9999 -9999 -9999 -9999 -9999 -9999 -9999 -9999 -9999 -9999 -9999 -9999 -9999 -9999 -9999 -9999 -9999 -9999 -9999 -9999 -9999 -9999 -9999 -9999 -9999 -9999 -9999 -9999 -9999
154 154 159 159 174 174 174 166 166 161 161 161 160 160 160 143 143 145 145 145 151 151 155 155 155 198 198 198 183 183 130 130 130 224 224 224 223 -9999 -9999 -9999 -9999 -9999 -9999 -9999 -9999 -9999 -9999 -9999 -9999 -9999 -9999 -9999 -9999 -9999 -9999 -9999 -9999 -9999 -9999 -9999 -9999 -9999 -9999 -9999 -9999 -9999 -9999 -9999 -9999 -9999 -9999 -9999 -9999 -9999 -9999 -9999 -9999 -9999 -9999 -9999 -9999 -9999 -9999 -9999 -9999 -9999 -9999
152 152 157 157 173 173 173 164 164 160 160 160 164 164 164 151 151 154 154 154 158 158 163 163 163 174 174 174 154 154 132 132 132 228 228 228 214 214 164 -9999 -9999 -9999 -9999 -9999 -9999 -9999 -9999 -9999 -9999 -9999 -9999 -9999 -9999 -9999 -9999 -9999 -9999 -9999 -9999 -9999 -9999 -9999 -9999 -9999 -9999 -9999 -9999 -9999 -9999 -9999 -9999 -9999 -9999 -9999 -9999 -9999 -9999 -9999 -9999 -9999 -9999 -9999 -9999 -9999 -9999 -9999 -9999
152 152 157 157 173 173 173 164 164 160 160 160 164 164 164 151 151 154 154 154 158 158 163 163 163 174 174 174 154 154 132 132 132 228 228 228 214 214 164 164 -9999 -9999 -9999 -9999 -9999 -9999 -9999 -9999 -9999 -9999 -9999 -9999 -9999 -9999 -9999 -9999 -9999 -9999 -9999 -9999 -9999 -9999 -9999 -9999 -9999 -9999 -9999 -9999 -9999 -9999 -9999 -9999 -9999 -9999 -9999 -9999 -9999 -9999 -9999 -9999 -9999 -9999 -9999 -9999 -9999 -9999 -9999
152 152 157 157 173 173 173 164 164 160 160 160 164 164 164 151 151 154 154 154 158 158 163 163 163 174 174 174 154 154 132 132 132 228 228 228 214 214 164 164 164 -9999 -9999 -9999 -9999 -9999 -9999 -9999 -9999 -9999 -9999 -9999 -9999 -9999 -9999 -9999 -9999 -9999 -9999 -9999 -9999 -9999 -9999 -9999 -9999 -9999 -9999 -9999 -9999 -9999 -9999 -9999 -9999 -9999 -9999 -9999 -9999 -9999 -9999 -9999 -9999 -9999 -9999 -9999 -9999 -9999 -9999
153 153 157 157 171 171 171 162 162 160 160 160 167 167 167 157 157 160 160 160 163 163 165 165 165 175 175 175 155 155 136 136 136 181 181 181 158 158 179 179 179 214 -9999 -9999 -9999 -9999 102 102 102 -9999 -9999 -9999 -9999 -9999 -9999 -9999 -9999 -9999 -9999 -9999 -9999 -9999 -9999 -9999 -9999 -9999 -9999 -9999 -9999 -9999 -9999 -9999 -9999 -9999 -9999 -9999 -9999 -9999 -9999 -9999 -9999 -9999 -9999 -9999 -9999 -9999 -9999
153 153 157 157 171 171 171 162 162 160 160 160 167 167 167 157 157 160 160 160 163 163 165 165 165 175 175 175 155 155 136 136 136 181 181 181 158 158 179 179 179 214 214 162 162 162 102 102 102 99 -9999 -9999 -9999 -9999 -9999 -9999 -9999 -9999 -9999 -9999 -9999 -9999 -9999 -9999 -9999 -9999 -9999 -9999 -9999 -9999 -9999 -9999 -9999 -9999 -9999 -9999 -9999 -9999 -9999 -9999 -9999 -9999 -9999 -9999 -9999 -9999 -9999
155 155 158 158 168 168 168 159 159 158 158 158 169 169 169 161 161 164 164 164 166 166 165 165 165 173 173 173 155 155 141 141 141 142 142 142 133 133 186 186 186 217 217 179 179 179 114 114 114 109 109 105 105 105 140 -9999 -9999 -9999 -9999 -9999 -9999 -9999 -9999 -9999 -9999 -9999 -9999 -9999 -9999 -9999 -9999 -9999 -9999 -9999 -9999 -9999 -9999 -9999 -9999 -9999 -9999 -9999 -9999 -9999 -9999 -9999 -9999
155 155 158 158 168 168 168 159 159 158 158 158 169 169 169 161 161 164 164 164 166 166 165 165 165 173 173 173 155 155 141 141 141 142 142 142 133 133 186 186 186 217 217 179 179 179 114 114 114 109 109 105 105 105 140 140 144 -9999 -9999 -9999 -9999 -9999 -9999 -9999 -9999 -9999 -9999 -9999 -9999 -9999 -9999 -9999 -9999 -9999 -9999 -9999 -9999 -9999 -9999 -9999 -9999 -9999 -9999 -9999 -9999 -9999 -9999
155 155 158 158 168 168 168 159 159 158 158 158 169 169 169 161 161 164 164 164 166 166 165 165 165 173 173 173 155 155 141 141 141 142 142 142 133 133 186 186 186 217 217 179 179 179 114 114 114 109 109 105 105 105 140 140 144 144 -9999 -9999 -9999 -9999 -9999 -9999 -9999 -9999 -9999 -9999 -9999 -9999 -9999 -9999 -9999 -9999 -9999 -9999 -9999 -9999 -9999 -9999 -9999 -9999 -9999 -9999 -9999 -9999 -9999
158 158 160 160 168 168 168 157 157 156 156 156 167 167 167 161 161 166 166 166 166 166 164 164 164 172 172 172 154 154 144 144 144 150 150 150 143 143 149 149 149 191 191 178 178 178 140 140 140 125 125 107 107 107 185 185 191 191 -9999 -9999 -9999 -9999 -9999 -9999 -9999 -9999 -9999 -9999 -9999 -9999 -9999 -9999 -9999 -9999 -9999 -9999 -9999 -9999 -9999 -9999 -9999 -9999 -9999 -9999 -9999 -9999 -9999
158 158 160 160 168 168 168 157 157 156 156 156 167 167 167 161 161 166 166 166 166 166 164 164 164 172 172 172 154 154 144 144 144 150 150 150 143 143 149 149 149 191 191 178 178 178 140 140 140 125 125 107 107 107 185 185 -9999 -9999 -9999 -9999 -9999 -9999 -9999 -9999 -9999 -9999 -9999 -9999 -9999 -9999 -9999 -9999 -9999 -9999 -9999 -9999 -9999 -9999 -9999 -9999 -9999 -9999 -9999 -9999 -9999 -9999 -9999
159 159 160 160 167 167 167 157 157 154 154 154 162 162 162 158 158 164 164 164 164 164 162 162 162 169 169 169 153 153 147 147 147 159 159 159 153 153 159 159 159 158 158 157 157 157 161 161 161 137 137 137 137 -9999 -9999 191 -9999 -9999 -9999 -9999 -9999 -9999 -9999 -9999 -9999 -9999 -9999 -9999 -9999 -9999 -9999 -9999 -9999 -9999 -9999 -9999 -9999 -9999 -9999 -9999 -9999 -9999 -9999 -9999 -9999 -9999 -9999
159 159 160 160 167 167 167 157 157 154 154 154 162 162 162 158 158 164 164 164 164 164 162 162 162 169 169 169 153 153 147 147 147 159 159 159 153 153 159 159 159 158 158 157 157 157 161 161 161 137 137 137 -9999 -9999 -9999 -9999 -9999 -9999 -9999 -9999 -9999 -9999 -9999 -9999 -9999 -9999 -9999 -9999 -9999 -9999 -9999 -9999 -9999 -9999 -9999 -9999 -9999 -9999 -9999 -9999 -9999 -9999 -9999 -9999 -9999 -9999 -9999
159 159 160 160 167 167 167 157 157 154 154 154 162 162 162 158 158 164 164 164 164 164 162 162 162 169 169 169 153 153 147 147 147 159 159 159 153 153 159 159 159 158 158 157 157 157 161 161 161 137 137 137 137 -9999 -9999 -9999 -9999 -9999 -9999 -9999 -9999 -9999 -9999 -9999 -9999 -9999 -9999 -9999 -9999 -9999 -9999 -9999 -9999 -9999 -9999 -9999 -9999 -9999 -9999 -9999 -9999 -9999 -9999 -9999 -9999 -9999 -9999
158 158 156 156 164 164 164 156 156 152 152 152 158 158 158 153 153 161 161 161 161 161 158 158 158 166 166 166 151 151 150 150 150 165 165 165 160 160 164 164 164 163 163 157 157 157 157 157 157 137 137 173 173 173 206 -9999 -9999 -9999 -9999 -9999 -9999 -9999 -9999 -9999 -9999 -9999 -9999 -9999 -9999 -9999 -9999 -9999 -9999 -9999 -9999 -9999 -9999 -9999 -9999 -9999 -9999 -9999 -9999 -9999 -9999 -9999 -9999
158 158 156 156 164 164 164 156 156 152 152 152 158 158 158 153 153 161 161 161 161 161 158 158 158 166 166 166 151 151 150 150 150 165 165 165 160 160 164 164 164 163 163 157 157 157 157 157 157 137 137 173 173 173 206 206 -9999 -9999 -9999 -9999 -9999 -9999 -9999 -9999 -9999 -9999 -9999 -9999 -9999 -9999 -9999 -9999 -9999 -9999 -9999 -9999 -9999 -9999 -9999 -9999 -9999 -9999 -9999 -9999 -9999 -9999 -9999
158 158 156 156 164 164 164 156 156 152 152 152 158 158 158 153 153 161 161 161 161 161 158 158 158 166 166 166 151 151 150 150 150 165 165 165 160 160 164 164 164 163 163 157 157 157 157 157 157 137 137 173 173 173 206 206 165 -9999 -9999 -9999 -9999 -9999 -9999 -9999 -9999 -9999 -9999 -9999 -9999 -9999 -9999 -9999 -9999 -9999 -9999 -9999 -9999 -9999 -9999 -9999 -9999 -9999 -9999 -9999 -9999 -9999 -9999
155 155 152 152 160 160 160 152 152 150 150 150 156 156 156 149 149 158 158 158 159 159 155 155 155 164 164 164 152 152 152 152 152 167 167 167 162 162 166 166 166 165 165 156 156 156 153 153 153 134 134 151 151 151 186 186 185 185 -9999 -9999 -9999 -9999 -9999 -9999 -9999 -9999 -9999 -9999 -9999 -9999 -9999 -9999 -9999 -9999 -9999 -9999 -9999 -9999 -9999 -9999 -9999 -9999 -9999 -9999 -9999 -9999 -9999
155 155 152 152 160 160 160 152 152 150 150 150 156 156 156 149 149 158 158 158 159 159 155 155 155 164 164 164 152 152 152 152 152 167 167 167 162 162 166 166 166 165 165 156 156 156 153 153 153 134 134 151 151 151 186 186 185 185 -9999 -9999 -9999 -9999 -9999 -9999 -9999 -9999 -9999 -9999 -9999 -9999 -9999 -9999 -9999 -9999 -9999 -9999 -9999 -9999 -9999 -9999 -9999 -9999 -9999 -9999 -9999 -9999 -9999
153 153 150 150 156 156 156 146 146 146 146 146 155 155 155 150 150 156 156 156 156 156 154 154 154 164 164 164 154 154 154 154 154 166 166 166 160 160 165 165 165 164 164 155 155 155 151 151 151 131 131 123 123 123 152 152 209 209 -9999 -9999 -9999 -9999 -9999 -9999 -9999 -9999 -9999 -9999 -9999 -9999 -9999 -9999 -9999 -9999 -9999 -9999 -9999 -9999 -9999 -9999 -9999 -9999 -9999 -9999 -9999 -9999 -9999
153 153 150 150 156 156 156 146 146 146 146 146 155 155 155 150 150 156 156 156 156 156 154 154 154 164 164 164 154 154 154 154 154 166 166 166 160 160 165 165 165 164 164 155 155 155 151 151 151 131 131 123 123 123 152 152 209 209 -9999 -9999 -9999 -9999 -9999 -9999 -9999 -9999 -9999 -9999 -9999 -9999 -9999 -9999 -9999 -9999 -9999 -9999 -9999 -9999 -9999 -9999 -9999 -9999 -9999 -9999 -9999 -9999 -9999
153 153 150 150 156 156 156 146 146 146 146 146 155 155 155 150 150 156 156 156 156 156 154 154 154 164 164 164 154 154 154 154 154 166 166 166 160 160 165 165 165 164 164 155 155 155 151 151 151 131 131 123 123 123 152 152 209 209 -9999 -9999 -9999 -9999 -9999 -9999 -9999 -9999 -9999 -9999 -9999 -9999 -9999 -9999 -9999 -9999 -9999 -9999 -9999 -9999 -9999 -9999 -9999 -9999 -9999 -9999 -9999 -9999 -9999
149 149 148 148 153 153 153 141 141 141 141 141 155 155 155 151 151 155 155 155 153 153 153 153 153 164 164 164 155 155 155 155 155 166 166 166 159 159 162 162 162 161 161 155 155 155 153 153 153 133 133 123 123 123 121 121 212 212 212 -9999 -9999 -9999 -9999 -9999 -9999 -9999 -9999 -9999 -9999 -9999 -9999 -9999 -9999 -9999 -9999 -9999 -9999 -9999 -9999 -9999 -9999 -9999 -9999 -9999 -9999 -9999 -9999
149 149 148 148 153 153 153 141 141 141 141 141 155 155 155 151 151 155 155 155 153 153 153 153 153 164 164 164 155 155 155 155 155 166 166 166 159 159 162 162 162 161 161 155 155 155 153 153 153 133 133 123 123 123 121 121 212 212 212 211 211 211 -9999 -9999 -9999 -9999 -9999 -9999 -9999 -9999 -9999 -9999 -9999 -9999 -9999 -9999 -9999 -9999 -9999 -9999 -9999 -9999 -9999 -9999 -9999 -9999 -9999
145 145 144 144 150 150 150 138 138 139 139 139 155 155 155 151 151 152 152 152 151 151 150 150 150 162 162 162 153 153 153 153 153 165 165 165 158 158 160 160 160 159 159 154 154 154 156 156 156 139 139 125 125 125 116 116 194 194 194 187 187 187 108 108 -9999 -9999 -9999 -9999 -9999 -9999 -9999 -9999 -9999 -9999 -9999 -9999 -9999 -9999 -9999 -9999 -9999 -9999 -9999 -9999 -9999 -9999 -9999
145 145 144 144 150 150 150 138 138 139 139 139 155 155 155 151 151 152 152 152 151 151 150 150 150 162 162 162 153 153 153 153 153 165 165 165 158 158 160 160 160 159 159 154 154 154 156 156 156 139 139 125 125 125 116 116 194 194 194 187 187 187 108 108 141 141 -9999 -9999 -9999 -9999 -9999 -9999 -9999 -9999 -9999 -9999 -9999 -9999 -9999 -9999 -9999 -9999 -9999 -9999 -9999 -9999 -9999
145 145 144 144 150 150 150 138 138 139 139 139 155 155 155 151 151 152 152 152 151 151 150 150 150 162 162 162 153 153 153 153 153 165 165 165 158 158 160 160 160 159 159 154 154 154 156 156 156 139 139 125 125 125 116 116 194 194 194 187 187 187 108 108 141 141 -9999 -9999 -9999 -9999 -9999 -9999 -9999 -9999 -9999 -9999 -9999 -9999 -9999 -9999 -9999 -9999 -9999 -9999 -9999 -9999 -9999
143 143 142 142 148 148 148 139 139 140 140 140 154 154 154 150 150 149 149 149 149 149 147 147 147 157 157 157 148 148 150 150 150 164 164 164 159 159 160 160 160 158 158 154 154 154 160 160 160 144 144 127 127 127 112 112 138 138 138 137 137 137 141 141 198 -9999 -9999 -9999 -9999 -9999 -9999 -9999 -9999 -9999 -9999 -9999 -9999 -9999 -9999 -9999 -9999 -9999 -9999 -9999 -9999 -9999 -9999
143 143 142 142 148 148 148 139 139 140 140 140 154 154 154 150 150 149 149 149 149 149 147 147 147 157 157 157 148 148 150 150 150 164 164 164 159 159 160 160 160 158 158 154 154 154 160 160 160 144 144 127 127 127 112 112 138 138 138 137 137 137 141 141 -9999 -9999 -9999 -9999 -9999 -9999 -9999 -9999 -9999 -9999 -9999 -9999 -9999 -9999 -9999 -9999 -9999 -9999 -9999 -9999 -9999 -9999 -9999
143 143 142 142 148 148 148 139 139 140 140 140 154 154 154 150 150 149 149 149 149 149 147 147 147 157 157 157 148 148 150 150 150 164 164 164 159 159 160 160 160 158 158 154 154 154 160 160 160 144 144 127 127 127 112 112 138 138 138 137 137 137 141 141 198 198 198 174 -9999 -9999 -9999 -9999 -9999 -9999 -9999 -9999 -9999 -9999 -9999 -9999 -9999 -9999 -9999 -9999 -9999 -9999 -9999
147 147 142 142 146 146 146 138 138 142 142 142 155 155 155 147 147 146 146 146 145 145 142 142 142 149 149 149 142 142 145 145 145 162 162 162 159 159 159 159 159 157 157 155 155 155 161 161 161 144 144 128 128 128 113 113 102 102 102 107 107 107 174 174 200 200 200 175 175 -9999 -9999 -9999 -9999 -9999 -9999 -9999 -9999 -9999 -9999 -9999 -9999 -9999 -9999 -9999 -9999 -9999 -9999
147 147 142 142 146 146 146 138 138 142 142 142 155 155 155 147 147 146 146 146 145 145 142 142 142 149 149 149 142 142 145 145 145 162 162 162 159 159 159 159 159 157 157 155 155 155 161 161 161 144 144 128 128 128 113 113 102 102 102 107 107 107 174 174 200 200 200 175 175 175 146 -9999 -9999 -9999 -9999 -9999 -9999 -9999 -9999 -9999 -9999 -9999 -9999 -9999 -9999 -9999 -9999
152 152 147 147 145 145 145 135 135 142 142 142 154 154 154 143 143 141 141 141 140 140 135 135 135 139 139 139 133 133 140 140 140 161 161 161 159 159 157 157 157 155 155 153 153 153 158 158 158 140 140 126 126 126 116 116 106 106 106 111 111 111 151 151 152 152 152 169 169 169 166 166 141 -9999 -9999 -9999 -9999 -9999 -9999 -9999 -9999 -9999 -9999 -9999 -9999 -9999 -9999
152 152 147 147 145 145 145 135 135 142 142 142 154 154 154 143 143 141 141 141 140 140 135 135 135 139 139 139 133 133 140 140 140 161 161 161 159 159 157 157 157 155 155 153 153 153 158 158 158 140 140 126 126 126 116 116 106 106 106 111 111 111 151 151 152 152 152 169 169 169 166 166 141 141 -9999 -9999 -9999 -9999 -9999 -9999 -9999 -9999 -9999 -9999 -9999 -9999 -9999
152 152 147 147 145 145 145 135 135 142 142 142 154 154 154 143 143 141 141 141 140 140 135 135 135 139 139 139 133 133 140 140 140 161 161 161 159 159 157 157 157 155 155 153 153 153 158 158 158 140 140 126 126 126 116 116 106 106 106 111 111 111 151 151 152 152 152 169 169 169 166 166 141 141 141 -9999 -9999 -9999 -9999 -9999 -9999 -9999 -9999 -9999 -9999 -9999 -9999
