SEB_model/sample_data_files/historical_long/hillshade_historical_long/june6am.txt
ncols         768
nrows         486
xllcorner     388353.95236715
yllcorner     7583725.4876181
cellsize      5
NODATA_value  -9999
[rows 114 to 151 of 486, columns 174 to 260 of 768]
98 98 91 91 91 95 95 103 103 103 107 107 107 105 105 104 104 104 106 106 113 113 113 119 119 119 115 115 110 110 110 108 108 108 104 104 106 106 106 108 108 109 109 109 112 112 112 111 111 112 112 112 114 114 117 117 117 121 121 121 116 116 115 115 115 120 120 120 118 118 122 122 122 124 124 125 125 125 127 127 127 116 116 118 118 118 124
98 98 91 91 91 95 95 103 103 103 107 107 107 105 105 104 104 104 106 106 113 113 113 119 119 119 115 115 110 110 110 108 108 108 104 104 106 106 106 108 108 109 109 109 112 112 112 111 111 112 112 112 114 114 117 117 117 121 121 121 116 116 115 115 115 120 120 120 118 118 122 122 122 124 124 125 125 125 127 127 127 116 116 118 118 118 124
98 98 91 91 91 95 95 103 103 103 107 107 107 105 105 104 104 104 106 106 113 113 113 119 119 119 115 115 110 110 110 108 108 108 104 104 106 106 106 108 108 109 109 109 112 112 112 111 111 112 112 112 114 114 117 117 117 121 121 121 116 116 115 115 115 120 120 120 118 118 122 122 122 124 124 125 125 125 127 127 127 116 116 118 118 118 124
102 102 90 90 90 92 92 103 103 103 112 112 112 109 109 106 106 106 107 107 111 111 111 116 116 116 113 113 111 111 111 111 111 111 108 108 110 110 110 112 112 112 112 112 114 114 114 113 113 115 115 115 117 117 121 121 121 125 125 125 120 120 118 118 118 120 120 120 119 119 126 126 126 127 127 123 123 123 122 122 122 114 114 124 124 124 136
102 102 90 90 90 92 92 103 103 103 112 112 112 109 109 106 106 106 107 107 111 111 111 116 116 116 113 113 111 111 111 111 111 111 108 108 110 110 110 112 112 112 112 112 114 114 114 113 113 115 115 115 117 117 121 121 121 125 125 125 120 120 118 118 118 120 120 120 119 119 126 126 126 127 127 123 123 123 122 122 122 114 114 124 124 124 136
107 107 97 97 97 98 98 106 106 106 113 113 113 113 113 110 110 110 110 110 111 111 111 114 114 114 112 112 112 112 112 114 114 114 113 113 114 114 114 115 115 115 115 115 115 115 115 113 113 116 116 116 118 118 121 121 121 125 125 125 123 123 120 120 120 121 121 121 122 122 131 131 131 132 132 126 126 126 124 124 124 122 122 137 137 137 149
107 107 97 97 97 98 98 106 106 106 113 113 113 113 113 110 110 110 110 110 111 111 111 114 114 114 112 112 112 112 112 114 114 114 113 113 114 114 114 115 115 115 115 115 115 115 115 113 113 116 116 116 118 118 121 121 121 125 125 125 123 123 120 120 120 121 121 121 122 122 131 131 131 132 132 126 126 126 124 124 124 122 122 137 137 137 149
107 107 97 97 97 98 98 106 106 106 113 113 113 113 113 110 110 110 110 110 111 111 111 114 114 114 112 112 112 112 112 114 114 114 113 113 114 114 114 115 115 115 115 115 115 115 115 113 113 116 116 116 118 118 121 121 121 125 125 125 123 123 120 120 120 121 121 121 122 122 131 131 131 132 132 126 126 126 124 124 124 122 122 137 137 137 149
113 113 108 108 108 110 110 114 114 114 117 117 117 115 115 114 114 114 113 113 113 113 113 117 117 117 116 116 115 115 115 119 119 119 119 119 121 121 121 120 120 117 117 117 115 115 115 112 112 115 115 115 118 118 120 120 120 123 123 123 120 120 118 118 118 123 123 123 125 125 132 132 132 133 133 131 131 131 137 137 137 139 139 149 149 149 153
113 113 108 108 108 110 110 114 114 114 117 117 117 115 115 114 114 114 113 113 113 113 113 117 117 117 116 116 115 115 115 119 119 119 119 119 121 121 121 120 120 117 117 117 115 115 115 112 112 115 115 115 118 118 120 120 120 123 123 123 120 120 118 118 118 123 123 123 125 125 132 132 132 133 133 131 131 131 137 137 137 139 139 149 149 149 153
113 113 108 108 108 110 110 114 114 114 117 117 117 115 115 114 114 114 113 113 113 113 113 117 117 117 116 116 115 115 115 119 119 119 119 119 121 121 121 120 120 117 117 117 115 115 115 112 112 115 115 115 118 118 120 120 120 123 123 123 120 120 118 118 118 123 123 123 125 125 132 132 132 133 133 131 131 131 137 137 137 139 139 149 149 149 153
119 119 118 118 118 120 120 123 123 123 122 122 122 116 116 114 114 114 115 115 117 117 117 121 121 121 120 120 120 120 120 125 125 125 125 125 128 128 128 127 127 120 120 120 115 115 115 110 110 111 111 111 114 114 116 116 116 120 120 120 116 116 115 115 115 121 121 121 122 122 129 129 129 132 132 138 138 138 154 154 154 155 155 152 152 152 139
119 119 118 118 118 120 120 123 123 123 122 122 122 116 116 114 114 114 115 115 117 117 117 121 121 121 120 120 120 120 120 125 125 125 125 125 128 128 128 127 127 120 120 120 115 115 115 110 110 111 111 111 114 114 116 116 116 120 120 120 116 116 115 115 115 121 121 121 122 122 129 129 129 132 132 138 138 138 154 154 154 155 155 152 152 152 139
124 124 126 126 126 128 128 129 129 129 126 126 126 120 120 117 117 117 119 119 122 122 122 127 127 127 125 125 127 127 127 131 131 131 132 132 135 135 135 132 132 121 121 121 118 118 118 114 114 113 113 113 113 113 113 113 113 119 119 119 117 117 116 116 116 117 117 117 116 116 128 128 128 136 136 149 149 149 168 168 168 165 165 147 147 147 116
124 124 126 126 126 128 128 129 129 129 126 126 126 120 120 117 117 117 119 119 122 122 122 127 127 127 125 125 127 127 127 131 131 131 132 132 135 135 135 132 132 121 121 121 118 118 118 114 114 113 113 113 113 113 113 113 113 119 119 119 117 117 116 116 116 117 117 117 116 116 128 128 128 136 136 149 149 149 168 168 168 165 165 147 147 147 116
124 124 126 126 126 128 128 129 129 129 126 126 126 120 120 117 117 117 119 119 122 122 122 127 127 127 125 125 127 127 127 131 131 131 132 132 135 135 135 132 132 121 121 121 118 118 118 114 114 113 113 113 113 113 113 113 113 119 119 119 117 117 116 116 116 117 117 117 116 116 128 128 128 136 136 149 149 149 168 168 168 165 165 147 147 147 116
127 127 128 128 128 130 130 130 130 130 127 127 127 122 122 122 122 122 123 123 126 126 126 131 131 131 129 129 130 130 130 135 135 135 135 135 136 136 136 127 127 116 116 116 119 119 119 120 120 119 119 119 115 115 113 113 113 119 119 119 117 117 117 117 117 116 116 116 112 112 124 124 124 139 139 155 155 155 170 170 170 159 159 132 132 132 101
127 127 128 128 128 130 130 130 130 130 127 127 127 122 122 122 122 122 123 123 126 126 126 131 131 131 129 129 130 130 130 135 135 135 135 135 136 136 136 127 127 116 116 116 119 119 119 120 120 119 119 119 115 115 113 113 113 119 119 119 117 117 117 117 117 116 116 116 112 112 124 124 124 139 139 155 155 155 170 170 170 159 159 132 132 132 101
127 127 129 129 129 131 131 130 130 130 129 129 129 126 126 126 126 126 127 127 129 129 129 133 133 133 131 131 132 132 132 136 136 136 135 135 133 133 133 121 121 113 113 113 121 121 121 124 124 125 125 125 119 119 114 114 114 119 119 119 116 116 116 116 116 118 118 118 113 113 120 120 120 137 137 155 155 155 164 164 164 144 144 117 117 117 102
127 127 129 129 129 131 131 130 130 130 129 129 129 126 126 126 126 126 127 127 129 129 129 133 133 133 131 131 132 132 132 136 136 136 135 135 133 133 133 121 121 113 113 113 121 121 121 124 124 125 125 125 119 119 114 114 114 119 119 119 116 116 116 116 116 118 118 118 113 113 120 120 120 137 137 155 155 155 164 164 164 144 144 117 117 117 102
127 127 129 129 129 131 131 130 130 130 129 129 129 126 126 126 126 126 127 127 129 129 129 133 133 133 131 131 132 132 132 136 136 136 135 135 133 133 133 121 121 113 113 113 121 121 121 124 124 125 125 125 119 119 114 114 114 119 119 119 116 116 116 116 116 118 118 118 113 113 120 120 120 137 137 155 155 155 164 164 164 144 144 117 117 117 102
126 126 130 130 130 131 131 132 132 132 133 133 133 130 130 129 129 129 130 130 130 130 130 134 134 134 133 133 133 133 133 135 135 135 133 133 131 131 131 122 122 117 117 117 125 125 125 123 123 126 126 126 123 123 117 117 117 119 119 119 115 115 116 116 116 120 120 120 117 117 124 124 124 136 136 151 151 151 152 152 152 125 125 106 106 106 106
126 126 130 130 130 131 131 132 132 132 133 133 133 130 130 129 129 129 130 130 130 130 130 134 134 134 133 133 133 133 133 135 135 135 133 133 131 131 131 122 122 117 117 117 125 125 125 123 123 126 126 126 123 123 117 117 117 119 119 119 115 115 116 116 116 120 120 120 117 117 124 124 124 136 136 151 151 151 152 152 152 125 125 106 106 106 106
126 126 130 130 130 131 131 132 132 132 133 133 133 130 130 129 129 129 130 130 130 130 130 134 134 134 133 133 133 133 133 135 135 135 133 133 131 131 131 122 122 117 117 117 125 125 125 123 123 126 126 126 123 123 117 117 117 119 119 119 115 115 116 116 116 120 120 120 117 117 124 124 124 136 136 151 151 151 152 152 152 125 125 106 106 106 106
124 124 129 129 129 131 131 133 133 133 136 136 136 133 133 132 132 132 132 132 131 131 131 135 135 135 134 134 132 132 132 134 134 134 131 131 132 132 132 128 128 127 127 127 128 128 128 122 122 124 124 124 124 124 118 118 118 119 119 119 116 116 123 123 123 130 130 130 125 125 124 124 124 124 124 127 127 127 123 123 123 101 101 98 98 98 109
124 124 129 129 129 131 131 133 133 133 136 136 136 133 133 132 132 132 132 132 131 131 131 135 135 135 134 134 132 132 132 134 134 134 131 131 132 132 132 128 128 127 127 127 128 128 128 122 122 124 124 124 124 124 118 118 118 119 119 119 116 116 123 123 123 130 130 130 125 125 124 124 124 124 124 127 127 127 123 123 123 101 101 98 98 98 109
122 122 127 127 127 130 130 133 133 133 138 138 138 136 136 134 134 134 134 134 132 132 132 136 136 136 133 133 131 131 131 132 132 132 130 130 132 132 132 134 134 134 134 134 134 134 134 125 125 125 125 125 122 122 115 115 115 120 120 120 120 120 132 132 132 149 149 149 155 155 153 153 153 132 132 106 106 106 92 92 92 87 87 101 101 101 115
122 122 127 127 127 130 130 133 133 133 138 138 138 136 136 134 134 134 134 134 132 132 132 136 136 136 133 133 131 131 131 132 132 132 130 130 132 132 132 134 134 134 134 134 134 134 134 125 125 125 125 125 122 122 115 115 115 120 120 120 120 120 132 132 132 149 149 149 155 155 153 153 153 132 132 106 106 106 92 92 92 87 87 101 101 101 115
122 122 127 127 127 130 130 133 133 133 138 138 138 136 136 134 134 134 134 134 132 132 132 136 136 136 133 133 131 131 131 132 132 132 130 130 132 132 132 134 134 134 134 134 134 134 134 125 125 125 125 125 122 122 115 115 115 120 120 120 120 120 132 132 132 149 149 149 155 155 153 153 153 132 132 106 106 106 92 92 92 87 87 101 101 101 115
119 119 125 125 125 129 129 132 132 132 139 139 139 137 137 135 135 135 134 134 135 135 135 137 137 137 133 133 130 130 130 130 130 130 130 130 133 133 133 136 136 137 137 137 138 138 138 131 131 128 128 128 123 123 114 114 114 119 119 119 122 122 127 127 127 145 145 145 162 162 166 166 166 138 138 96 96 96 84 84 84 94 94 114 114 114 124
119 119 125 125 125 129 129 132 132 132 139 139 139 137 137 135 135 135 134 134 135 135 135 137 137 137 133 133 130 130 130 130 130 130 130 130 133 133 133 136 136 137 137 137 138 138 138 131 131 128 128 128 123 123 114 114 114 119 119 119 122 122 127 127 127 145 145 145 162 162 166 166 166 138 138 96 96 96 84 84 84 94 94 114 114 114 124
120 120 123 123 123 128 128 132 132 132 138 138 138 137 137 136 136 136 135 135 136 136 136 139 139 139 134 134 130 130 130 131 131 131 130 130 134 134 134 137 137 138 138 138 137 137 137 133 133 132 132 132 128 128 117 117 117 118 118 118 119 119 113 113 113 122 122 122 138 138 142 142 142 126 126 106 106 106 108 108 108 117 117 127 127 127 129
120 120 123 123 123 128 128 132 132 132 138 138 138 137 137 136 136 136 135 135 136 136 136 139 139 139 134 134 130 130 130 131 131 131 130 130 134 134 134 137 137 138 138 138 137 137 137 133 133 132 132 132 128 128 117 117 117 118 118 118 119 119 113 113 113 122 122 122 138 138 142 142 142 126 126 106 106 106 108 108 108 117 117 127 127 127 129
120 120 123 123 123 128 128 132 132 132 138 138 138 137 137 136 136 136 135 135 136 136 136 139 139 139 134 134 130 130 130 131 131 131 130 130 134 134 134 137 137 138 138 138 137 137 137 133 133 132 132 132 128 128 117 117 117 118 118 118 119 119 113 113 113 122 122 122 138 138 142 142 142 126 126 106 106 106 108 108 108 117 117 127 127 127 129
122 122 124 124 124 127 127 131 131 131 137 137 137 135 135 136 136 136 137 137 137 137 137 140 140 140 135 135 132 132 132 133 133 133 132 132 134 134 134 136 136 136 136 136 135 135 135 132 132 132 132 132 131 131 123 123 123 119 119 119 116 116 107 107 107 105 105 105 110 110 122 122 122 133 133 136 136 136 141 141 141 134 134 130 130 130 126
122 122 124 124 124 127 127 131 131 131 137 137 137 135 135 136 136 136 137 137 137 137 137 140 140 140 135 135 132 132 132 133 133 133 132 132 134 134 134 136 136 136 136 136 135 135 135 132 132 132 132 132 131 131 123 123 123 119 119 119 116 116 107 107 107 105 105 105 110 110 122 122 122 133 133 136 136 136 141 141 141 134 134 130 130 130 126
122 122 124 124 124 127 127 131 131 131 137 137 137 135 135 136 136 136 137 137 137 137 137 140 140 140 135 135 132 132 132 133 133 133 132 132 134 134 134 136 136 136 136 136 135 135 135 132 132 132 132 132 131 131 123 123 123 119 119 119 116 116 107 107 107 105 105 105 110 110 122 122 122 133 133 136 136 136 141 141 141 134 134 130 130 130 126
124 124 126 126 126 128 128 130 130 130 135 135 135 134 134 137 137 137 138 138 138 138 138 140 140 140 136 136 134 134 134 137 137 137 134 134 135 135 135 135 135 134 134 134 134 134 134 131 131 130 130 130 131 131 127 127 127 125 125 125 123 123 119 119 119 112 112 112 98 98 99 99 99 119 119 137 137 137 144 144 144 130 130 121 121 121 118
