SEB_model/sample_data_files/historical_long/hillshade_historical_long/june6am.txt
ncols         768
nrows         486
xllcorner     388353.95236715
yllcorner     7583725.4876181
cellsize      5
NODATA_value  -9999
[rows 190 to 227 of 486, columns 174 to 260 of 768]
-9999 -9999 -9999 -9999 -9999 -9999 -9999 -9999 -9999 -9999 -9999 -9999 -9999 -9999 -9999 -9999 -9999 -9999 -9999 -9999 -9999 -9999 -9999 -9999 -9999 -9999 -9999 -9999 -9999 -9999 -9999 -9999 -9999 -9999 -9999 -9999 -9999 -9999 -9999 -9999 -9999 -9999 -9999 -9999 155 155 155 144 144 153 153 153 158 158 166 166 166 175 175 175 178 178 190 190 190 198 198 198 193 193 186 186 186 171 171 159 159 159 162 162 162 149 149 145 145 145 144
-9999 -9999 -9999 -9999 -9999 -9999 -9999 -9999 -9999 -9999 -9999 -9999 -9999 -9999 -9999 -9999 -9999 -9999 -9999 -9999 -9999 -9999 -9999 -9999 -9999 -9999 -9999 -9999 -9999 -9999 -9999 -9999 -9999 -9999 -9999 -9999 -9999 -9999 -9999 -9999 -9999 -9999 -9999 -9999 -9999 -9999 155 144 144 153 153 153 158 158 166 166 166 175 175 175 178 178 190 190 190 198 198 198 193 193 186 186 186 171 171 159 159 159 162 162 162 149 149 145 145 145 144
129 129 127 127 127 128 -9999 -9999 -9999 -9999 -9999 -9999 -9999 -9999 -9999 -9999 -9999 -9999 -9999 -9999 -9999 -9999 -9999 -9999 -9999 -9999 -9999 -9999 -9999 -9999 -9999 -9999 -9999 -9999 -9999 -9999 -9999 -9999 -9999 -9999 -9999 -9999 -9999 -9999 -9999 -9999 -9999 -9999 144 153 153 153 158 158 166 166 166 175 175 175 178 178 190 190 190 198 198 198 193 193 186 186 186 171 171 159 159 159 162 162 162 149 149 145 145 145 144
111 111 113 113 113 116 116 132 132 132 -9999 -9999 -9999 -9999 -9999 -9999 -9999 -9999 -9999 -9999 -9999 -9999 -9999 -9999 -9999 -9999 -9999 -9999 -9999 -9999 -9999 -9999 -9999 -9999 -9999 -9999 -9999 -9999 -9999 -9999 -9999 -9999 -9999 -9999 -9999 -9999 -9999 -9999 133 156 156 156 168 168 171 171 171 178 178 178 181 181 193 193 193 201 201 201 197 197 191 191 191 175 175 161 161 161 162 162 162 148 148 144 144 144 144
111 111 113 113 113 116 116 132 132 132 141 141 141 -9999 -9999 -9999 -9999 -9999 -9999 -9999 -9999 -9999 -9999 -9999 -9999 -9999 -9999 -9999 -9999 -9999 -9999 -9999 -9999 -9999 -9999 -9999 -9999 -9999 -9999 -9999 -9999 -9999 -9999 -9999 -9999 -9999 -9999 -9999 133 156 156 156 168 168 171 171 171 178 178 178 181 181 193 193 193 201 201 201 197 197 191 191 191 175 175 161 161 161 162 162 162 148 148 144 144 144 144
120 120 120 120 120 124 124 147 147 147 147 147 147 121 121 125 125 125 -9999 -9999 -9999 -9999 -9999 -9999 -9999 -9999 -9999 -9999 -9999 -9999 -9999 -9999 -9999 -9999 -9999 -9999 -9999 -9999 -9999 -9999 -9999 -9999 -9999 -9999 -9999 -9999 -9999 -9999 120 144 144 144 176 176 172 172 172 180 180 180 182 182 192 192 192 201 201 201 197 197 192 192 192 175 175 163 163 163 165 165 165 149 149 143 143 143 143
120 120 120 120 120 124 124 147 147 147 147 147 147 121 121 125 125 125 149 149 164 164 164 155 -9999 -9999 -9999 -9999 -9999 -9999 -9999 -9999 -9999 -9999 -9999 -9999 -9999 -9999 -9999 -9999 -9999 -9999 -9999 -9999 -9999 -9999 -9999 -9999 120 144 144 144 176 176 172 172 172 180 180 180 182 182 192 192 192 201 201 201 197 197 192 192 192 175 175 163 163 163 165 165 165 149 149 143 143 143 143
120 120 120 120 120 124 124 147 147 147 147 147 147 121 121 125 125 125 149 149 164 164 164 155 155 155 -9999 -9999 -9999 -9999 -9999 -9999 -9999 -9999 -9999 -9999 -9999 -9999 -9999 -9999 -9999 -9999 -9999 -9999 -9999 -9999 -9999 -9999 120 144 144 144 176 176 172 172 172 180 180 180 182 182 192 192 192 201 201 201 197 197 192 192 192 175 175 163 163 163 165 165 165 149 149 143 143 143 143
154 154 149 149 149 148 148 154 154 154 145 145 145 122 122 122 122 122 151 151 152 152 152 125 125 125 153 -9999 -9999 -9999 -9999 -9999 -9999 -9999 -9999 -9999 -9999 -9999 -9999 -9999 -9999 -9999 -9999 -9999 -9999 -9999 -9999 109 109 126 126 126 176 176 171 171 171 181 181 181 182 182 190 190 190 201 201 201 195 195 186 186 186 170 170 165 165 165 171 171 171 153 153 141 141 141 139
154 154 149 149 149 148 148 154 154 154 145 145 145 122 122 122 122 122 151 151 152 152 152 125 125 125 153 -9999 -9999 -9999 -9999 -9999 -9999 -9999 -9999 -9999 -9999 -9999 -9999 -9999 -9999 -9999 -9999 -9999 -9999 -9999 -9999 109 109 126 126 126 176 176 171 171 171 181 181 181 182 182 190 190 190 201 201 201 195 195 186 186 186 170 170 165 165 165 171 171 171 153 153 141 141 141 139
158 158 150 150 150 143 143 139 139 139 142 142 142 161 161 169 169 169 171 171 169 169 169 151 151 151 -9999 -9999 -9999 -9999 -9999 -9999 -9999 -9999 -9999 -9999 -9999 -9999 -9999 -9999 -9999 -9999 -9999 -9999 -9999 -9999 -9999 61 61 117 117 117 164 164 167 167 167 184 184 184 185 185 190 190 190 198 198 198 185 185 170 170 170 158 158 161 161 161 179 179 179 164 164 133 133 133 126
158 158 150 150 150 143 143 139 139 139 142 142 142 161 161 169 -9999 -9999 171 171 169 169 169 151 -9999 -9999 -9999 -9999 -9999 -9999 -9999 -9999 -9999 -9999 -9999 -9999 -9999 -9999 -9999 -9999 -9999 -9999 -9999 -9999 -9999 -9999 -9999 61 61 117 117 117 164 164 167 167 167 184 184 184 185 185 190 190 190 198 198 198 185 185 170 170 170 158 158 161 161 161 179 179 179 164 164 133 133 133 126
158 158 150 150 150 143 143 139 139 139 142 142 142 161 -9999 -9999 -9999 -9999 -9999 -9999 -9999 -9999 -9999 -9999 -9999 -9999 -9999 -9999 -9999 -9999 -9999 -9999 -9999 -9999 -9999 -9999 -9999 -9999 -9999 -9999 -9999 -9999 -9999 -9999 -9999 -9999 -9999 61 61 117 117 117 164 164 167 167 167 184 184 184 185 185 190 190 190 198 198 198 185 185 170 170 170 158 158 161 161 161 179 179 179 164 164 133 133 133 126
160 160 152 152 152 144 144 141 141 141 168 168 168 -9999 -9999 -9999 -9999 -9999 -9999 -9999 -9999 -9999 -9999 -9999 -9999 -9999 -9999 -9999 -9999 -9999 -9999 -9999 -9999 -9999 -9999 -9999 -9999 -9999 -9999 -9999 -9999 -9999 -9999 -9999 -9999 -9999 -9999 -9999 -9999 123 123 123 172 172 183 183 183 202 202 202 196 196 193 193 193 197 197 197 178 178 162 162 162 156 156 164 164 164 194 194 194 181 181 128 128 128 115
160 160 152 152 152 144 144 141 141 141 168 168 -9999 -9999 -9999 -9999 -9999 -9999 -9999 -9999 -9999 -9999 -9999 -9999 -9999 -9999 -9999 -9999 -9999 -9999 -9999 -9999 -9999 -9999 -9999 -9999 -9999 -9999 -9999 -9999 -9999 -9999 -9999 -9999 -9999 -9999 -9999 -9999 -9999 123 123 123 172 172 183 183 183 202 202 202 196 196 193 193 193 197 197 197 178 178 162 162 162 156 156 164 164 164 194 194 194 181 181 128 128 128 115
160 160 152 152 152 144 144 141 141 141 168 -9999 -9999 -9999 -9999 -9999 -9999 -9999 -9999 -9999 -9999 -9999 -9999 -9999 -9999 -9999 -9999 -9999 -9999 -9999 -9999 -9999 -9999 -9999 -9999 -9999 -9999 -9999 -9999 -9999 -9999 -9999 -9999 -9999 -9999 -9999 -9999 -9999 -9999 123 123 123 172 172 183 183 183 202 202 202 196 196 193 193 193 197 197 197 178 178 162 162 162 156 156 164 164 164 194 194 194 181 181 128 128 128 115
178 178 181 -9999 -9999 -9999 -9999 -9999 -9999 -9999 -9999 -9999 -9999 -9999 -9999 -9999 -9999 -9999 -9999 -9999 -9999 -9999 -9999 -9999 -9999 -9999 -9999 -9999 -9999 -9999 -9999 -9999 -9999 -9999 -9999 -9999 -9999 -9999 -9999 -9999 -9999 -9999 -9999 -9999 -9999 -9999 -9999 -9999 -9999 -9999 76 76 159 159 173 173 173 212 212 212 203 203 192 192 192 190 190 190 169 169 159 159 159 160 160 170 170 170 198 198 198 177 177 123 123 123 111
178 178 -9999 -9999 -9999 -9999 -9999 -9999 -9999 -9999 -9999 -9999 -9999 -9999 -9999 -9999 -9999 -9999 -9999 -9999 -9999 -9999 -9999 -9999 -9999 -9999 -9999 -9999 -9999 -9999 -9999 -9999 -9999 -9999 -9999 -9999 -9999 -9999 -9999 -9999 -9999 -9999 -9999 -9999 0 0 -9999 -9999 -9999 -9999 76 76 -9999 -9999 173 173 173 212 212 212 203 203 192 192 192 190 190 190 169 169 159 159 159 160 160 170 170 170 198 198 198 177 177 123 123 123 111
205 205 -9999 -9999 -9999 -9999 -9999 -9999 -9999 -9999 -9999 -9999 -9999 -9999 -9999 -9999 -9999 -9999 -9999 -9999 -9999 -9999 -9999 -9999 -9999 -9999 -9999 -9999 -9999 -9999 -9999 -9999 -9999 -9999 -9999 -9999 -9999 -9999 -9999 -9999 -9999 -9999 -9999 -9999 77 77 77 0 -9999 -9999 -9999 -9999 -9999 -9999 53 53 53 220 220 220 214 214 192 192 192 187 187 187 170 170 170 170 170 171 171 179 179 179 192 192 192 161 161 123 123 123 116
205 205 -9999 -9999 -9999 -9999 -9999 -9999 -9999 -9999 -9999 -9999 -9999 -9999 -9999 -9999 -9999 -9999 -9999 -9999 -9999 -9999 -9999 -9999 -9999 -9999 -9999 -9999 -9999 -9999 -9999 -9999 -9999 -9999 -9999 -9999 -9999 -9999 -9999 -9999 -9999 -9999 -9999 -9999 77 77 77 0 0 -9999 -9999 -9999 -9999 -9999 -9999 53 53 220 220 220 214 214 192 192 192 187 187 187 170 170 170 170 170 171 171 179 179 179 192 192 192 161 161 123 123 123 116
205 205 -9999 -9999 -9999 -9999 -9999 -9999 -9999 -9999 -9999 -9999 -9999 -9999 -9999 -9999 -9999 -9999 -9999 -9999 -9999 -9999 -9999 -9999 -9999 -9999 -9999 -9999 -9999 -9999 -9999 -9999 -9999 -9999 -9999 -9999 -9999 -9999 -9999 -9999 -9999 -9999 -9999 -9999 -9999 77 77 0 0 0 -9999 -9999 -9999 -9999 -9999 53 53 220 -9999 220 214 214 192 192 192 187 187 187 170 170 170 170 170 171 171 179 179 179 192 192 192 161 161 123 123 123 116
213 -9999 -9999 -9999 -9999 -9999 -9999 -9999 -9999 -9999 -9999 -9999 -9999 -9999 -9999 -9999 -9999 -9999 -9999 -9999 -9999 -9999 -9999 -9999 -9999 -9999 -9999 -9999 -9999 -9999 -9999 -9999 -9999 -9999 -9999 -9999 -9999 -9999 -9999 0 0 0 -9999 -9999 -9999 0 0 148 148 203 203 203 -9999 -9999 -9999 -9999 -9999 -9999 -9999 121 202 -9999 186 186 186 188 188 188 179 179 179 179 179 177 177 176 176 176 175 175 175 141 141 117 117 117 117
213 -9999 -9999 -9999 -9999 -9999 -9999 -9999 -9999 -9999 -9999 -9999 -9999 -9999 -9999 -9999 -9999 -9999 -9999 -9999 -9999 -9999 -9999 -9999 -9999 -9999 -9999 -9999 -9999 -9999 -9999 -9999 -9999 -9999 -9999 -9999 -9999 -9999 -9999 0 0 0 0 0 0 0 0 148 148 203 203 203 0 -9999 -9999 -9999 -9999 -9999 -9999 -9999 202 -9999 186 186 186 188 188 188 179 179 179 179 179 177 177 176 176 176 175 175 175 141 141 117 117 117 117
212 -9999 -9999 -9999 -9999 -9999 -9999 -9999 -9999 -9999 -9999 -9999 -9999 -9999 -9999 -9999 -9999 -9999 -9999 -9999 -9999 -9999 -9999 -9999 -9999 -9999 -9999 -9999 -9999 -9999 -9999 -9999 -9999 -9999 -9999 -9999 -9999 -9999 -9999 83 83 0 0 0 0 0 0 57 57 204 204 204 210 210 -9999 -9999 -9999 -9999 -9999 -9999 -9999 -9999 158 158 158 190 190 190 187 187 179 179 179 168 168 160 160 160 155 155 155 125 125 106 106 106 110
212 -9999 -9999 -9999 -9999 -9999 -9999 -9999 -9999 -9999 -9999 -9999 -9999 -9999 -9999 -9999 -9999 -9999 -9999 -9999 -9999 -9999 -9999 -9999 -9999 -9999 -9999 -9999 -9999 -9999 -9999 -9999 -9999 -9999 -9999 -9999 -9999 -9999 -9999 83 83 0 0 0 0 0 0 57 57 204 204 204 210 210 0 -9999 -9999 -9999 -9999 -9999 -9999 -9999 158 158 158 190 190 190 187 187 179 179 179 168 168 160 160 160 155 155 155 125 125 106 106 106 110
212 -9999 -9999 -9999 -9999 -9999 -9999 -9999 -9999 -9999 -9999 -9999 -9999 -9999 -9999 -9999 -9999 -9999 -9999 -9999 -9999 -9999 -9999 -9999 -9999 -9999 -9999 -9999 -9999 -9999 -9999 -9999 -9999 -9999 -9999 -9999 -9999 -9999 -9999 83 83 0 0 0 0 0 0 57 57 204 204 204 210 210 0 0 -9999 -9999 -9999 -9999 -9999 -9999 158 158 158 190 190 190 187 187 179 179 179 168 168 160 160 160 155 155 155 125 125 106 106 106 110
211 -9999 -9999 -9999 -9999 -9999 -9999 -9999 -9999 -9999 -9999 -9999 -9999 -9999 -9999 -9999 -9999 -9999 -9999 -9999 -9999 -9999 -9999 -9999 -9999 -9999 -9999 -9999 -9999 -9999 -9999 -9999 -9999 -9999 -9999 -9999 -9999 0 0 11 11 149 149 149 52 52 52 61 61 215 215 215 218 218 214 214 214 -9999 -9999 -9999 0 0 40 40 40 199 199 199 197 197 183 183 183 166 166 161 161 161 159 159 159 130 130 112 112 112 121
-9999 -9999 -9999 -9999 -9999 -9999 -9999 -9999 -9999 -9999 -9999 -9999 -9999 -9999 -9999 -9999 -9999 -9999 -9999 -9999 -9999 -9999 -9999 -9999 -9999 -9999 -9999 -9999 -9999 -9999 -9999 -9999 -9999 -9999 -9999 -9999 0 0 0 11 11 149 149 149 52 52 52 61 61 215 215 215 218 218 214 214 214 0 -9999 -9999 0 0 40 40 40 199 199 199 197 197 183 183 183 166 166 161 161 161 159 159 159 130 130 112 112 112 121
-9999 -9999 -9999 -9999 -9999 -9999 -9999 -9999 -9999 -9999 -9999 -9999 -9999 -9999 -9999 -9999 -9999 -9999 -9999 -9999 -9999 -9999 -9999 -9999 -9999 -9999 -9999 -9999 -9999 -9999 -9999 -9999 -9999 -9999 -9999 0 0 0 0 11 11 149 149 149 52 52 52 61 61 215 215 215 218 218 214 214 214 0 0 0 0 0 40 40 40 199 199 199 197 197 183 183 183 166 166 161 161 161 159 159 159 130 130 112 112 112 121
-9999 -9999 -9999 -9999 -9999 -9999 -9999 -9999 -9999 -9999 -9999 -9999 -9999 -9999 -9999 -9999 -9999 -9999 -9999 110 148 148 148 196 -9999 -9999 -9999 -9999 -9999 -9999 -9999 -9999 -9999 -9999 -9999 0 0 0 0 62 62 146 146 146 159 159 159 160 160 189 189 189 229 229 222 222 222 0 0 0 0 0 13 13 13 190 190 190 186 186 177 177 177 169 169 170 170 170 170 170 170 141 141 126 126 126 133
-9999 -9999 -9999 -9999 -9999 -9999 -9999 -9999 -9999 -9999 -9999 -9999 -9999 165 165 167 167 167 110 110 148 148 148 196 196 -9999 -9999 -9999 -9999 -9999 -9999 0 -9999 -9999 -9999 0 0 0 0 62 62 146 146 146 159 159 159 160 160 189 189 189 229 229 222 222 222 0 0 0 0 0 13 13 13 190 190 190 186 186 177 177 177 169 169 170 170 170 170 170 170 141 141 126 126 126 133
-9999 -9999 -9999 -9999 -9999 -9999 -9999 -9999 -9999 -9999 -9999 -9999 129 118 118 0 0 0 0 0 126 126 126 185 185 185 122 122 0 0 0 0 0 0 0 0 0 0 0 137 137 144 144 144 160 160 160 161 161 184 184 184 199 199 230 230 230 194 194 194 100 100 106 106 106 179 179 179 177 177 182 182 182 184 184 187 187 187 187 187 187 156 156 143 143 143 145
-9999 -9999 -9999 -9999 -9999 -9999 -9999 -9999 -9999 -9999 -9999 129 129 118 118 0 0 0 0 0 126 126 126 185 185 185 122 122 0 0 0 0 0 0 0 0 0 0 0 137 137 144 144 144 160 160 160 161 161 184 184 184 199 199 230 230 230 194 194 194 100 100 106 106 106 179 179 179 177 177 182 182 182 184 184 187 187 187 187 187 187 156 156 143 143 143 145
-9999 -9999 -9999 -9999 -9999 -9999 -9999 -9999 -9999 -9999 -9999 -9999 -9999 118 118 0 0 0 0 0 126 126 126 185 185 185 122 122 0 0 0 0 0 0 0 0 0 0 0 137 137 144 144 144 160 160 160 161 161 184 184 184 199 199 230 230 230 194 194 194 100 100 106 106 106 179 179 179 177 177 182 182 182 184 184 187 187 187 187 187 187 156 156 143 143 143 145
-9999 -9999 -9999 -9999 -9999 -9999 -9999 -9999 -9999 -9999 -9999 -9999 -9999 41 41 128 128 128 86 86 142 142 142 173 173 173 119 119 119 119 119 122 122 122 69 69 67 67 67 133 133 142 142 142 160 160 160 160 160 178 178 178 190 190 197 197 197 208 208 208 188 188 172 172 172 179 179 179 173 173 193 193 193 207 207 210 210 210 206 206 206 171 171 155 155 155 154
-9999 -9999 -9999 -9999 -9999 -9999 -9999 -9999 -9999 -9999 -9999 -9999 0 41 41 128 128 128 86 86 142 142 142 173 173 173 119 119 119 119 119 122 122 122 69 69 67 67 67 133 133 142 142 142 160 160 160 160 160 178 178 178 190 190 197 197 197 208 208 208 188 188 172 172 172 179 179 179 173 173 193 193 193 207 207 210 210 210 206 206 206 171 171 155 155 155 154
-9999 -9999 -9999 -9999 -9999 -9999 -9999 169 169 169 0 0 0 41 41 128 128 128 86 86 142 142 142 173 173 173 119 119 119 119 119 122 122 122 69 69 67 67 67 133 133 142 142 142 160 160 160 160 160 178 178 178 190 190 197 197 197 208 208 208 188 188 172 172 172 179 179 179 173 173 193 193 193 207 207 210 210 210 206 206 206 171 171 155 155 155 154
-9999 -9999 -9999 -9999 -9999 -9999 145 145 145 145 0 0 0 28 28 138 138 138 137 137 139 139 139 149 149 149 142 142 144 144 144 151 151 151 140 140 138 138 138 138 138 143 143 143 158 158 158 156 156 171 171 171 182 182 188 188 188 198 198 198 182 182 176 176 176 186 186 186 175 175 186 186 186 199 199 208 208 208 208 208 208 172 172 158 158 158 160
