SEB_model/sample_data_files/historical_long/hillshade_historical_long/junemid.txt
ncols         768
nrows         486
xllcorner     388353.95236715
yllcorner     7583725.4876181
cellsize      5
NODATA_value  -9999
[rows 352 to 395 of 486, columns 384 to 479 of 768]
60 60 60 60 59 59 59 58 58 58 58 58 57 57 57 56 56 55 55 55 55 55 54 54 54 54 54 54 54 54 55 55 55 55 55 55 55 55 55 55 55 54 54 54 54 54 53 53 53 52 52 52 52 52 51 51 50 50 50 47 47 47 42 42 36 36 36 31 31 31 28 28 28 28 28 30 30 32 32 32 32 32 32 32 32 32 32 32 33 33 34 34 34 34 34 34
60 60 60 60 59 59 59 58 58 58 58 58 57 57 57 56 56 55 55 55 55 55 54 54 54 54 54 54 54 54 55 55 55 55 55 55 55 55 55 55 55 54 54 54 54 54 53 53 53 52 52 52 52 52 51 51 50 50 50 47 47 47 42 42 36 36 36 31 31 31 28 28 28 28 28 30 30 32 32 32 32 32 32 32 32 32 32 32 33 33 34 34 34 34 34 34
60 60 60 60 59 59 59 58 58 58 58 58 57 57 57 56 56 55 55 55 55 55 54 54 54 54 54 54 54 54 55 55 55 55 55 55 55 55 55 55 55 54 54 54 54 54 53 53 53 52 52 52 52 52 51 51 50 50 50 47 47 47 42 42 36 36 36 31 31 31 28 28 28 28 28 30 30 32 32 32 32 32 32 32 32 32 32 32 33 33 34 34 34 34 34 34
58 58 58 58 57 57 57 56 56 55 55 55 55 55 55 55 55 55 55 55 55 55 55 55 55 55 55 55 54 54 54 54 54 55 55 55 55 55 55 55 55 55 55 54 54 54 53 53 53 53 53 52 52 52 52 52 52 52 52 51 51 51 49 49 46 46 46 41 41 41 38 38 36 36 36 35 35 33 33 33 33 33 33 32 32 32 32 32 33 33 34 34 34 35 35 35
58 58 58 58 57 57 57 56 56 55 55 55 55 55 55 55 55 55 55 55 55 55 55 55 55 55 55 55 54 54 54 54 54 55 55 55 55 55 55 55 55 55 55 54 54 54 53 53 53 53 53 52 52 52 52 52 52 52 52 51 51 51 49 49 46 46 46 41 41 41 38 38 36 36 36 35 35 33 33 33 33 33 33 32 32 32 32 32 33 33 34 34 34 35 35 35
62 61 61 61 60 60 60 60 60 59 59 59 58 58 58 58 58 59 59 59 59 59 58 58 58 58 58 58 57 57 56 56 56 56 56 57 57 57 57 57 57 57 57 57 57 57 56 56 56 55 55 55 55 55 54 54 54 54 54 53 53 53 53 53 52 52 52 51 51 51 51 51 49 49 49 47 47 45 45 45 44 44 44 44 44 44 44 44 43 43 43 43 43 44 44 44
62 61 61 61 60 60 60 60 60 59 59 59 58 58 58 58 58 59 59 59 59 59 58 58 58 58 58 58 57 57 56 56 56 56 56 57 57 57 57 57 57 57 57 57 57 57 56 56 56 55 55 55 55 55 54 54 54 54 54 53 53 53 53 53 52 52 52 51 51 51 51 51 49 49 49 47 47 45 45 45 44 44 44 44 44 44 44 44 43 43 43 43 43 44 44 44
62 61 61 61 60 60 60 60 60 59 59 59 58 58 58 58 58 59 59 59 59 59 58 58 58 58 58 58 57 57 56 56 56 56 56 57 57 57 57 57 57 57 57 57 57 57 56 56 56 55 55 55 55 55 54 54 54 54 54 53 53 53 53 53 52 52 52 51 51 51 51 51 49 49 49 47 47 45 45 45 44 44 44 44 44 44 44 44 43 43 43 43 43 44 44 44
58 58 58 58 57 57 57 56 56 55 55 55 55 55 55 54 54 54 54 54 54 54 55 55 55 54 54 54 54 54 54 54 54 54 54 54 54 54 54 54 54 54 54 55 55 55 55 55 55 54 54 53 53 53 53 53 53 53 53 53 53 53 54 54 54 54 54 53 53 53 51 51 51 51 51 50 50 50 50 50 50 50 50 51 51 51 51 51 50 50 49 49 49 50 50 50
58 58 58 58 57 57 57 56 56 55 55 55 55 55 55 54 54 54 54 54 54 54 55 55 55 54 54 54 54 54 54 54 54 54 54 54 54 54 54 54 54 54 54 55 55 55 55 55 55 54 54 53 53 53 53 53 53 53 53 53 53 53 54 54 54 54 54 53 53 53 51 51 51 51 51 50 50 50 50 50 50 50 50 51 51 51 51 51 50 50 49 49 49 50 50 50
58 58 58 58 57 57 57 56 56 55 55 55 55 55 55 54 54 54 54 54 54 54 55 55 55 54 54 54 54 54 54 54 54 54 54 54 54 54 54 54 54 54 54 55 55 55 55 55 55 54 54 53 53 53 53 53 53 53 53 53 53 53 54 54 54 54 54 53 53 53 51 51 51 51 51 50 50 50 50 50 50 50 50 51 51 51 51 51 50 50 49 49 49 50 50 50
61 59 59 59 58 58 58 57 57 56 56 56 56 56 56 55 55 54 54 54 54 54 55 55 55 55 55 55 55 55 55 55 55 54 54 54 54 54 54 54 54 55 55 55 55 55 54 54 54 54 54 54 54 54 54 54 54 54 54 54 54 54 55 55 54 54 54 54 54 54 53 53 52 52 52 51 51 51 51 51 52 52 52 53 53 53 53 53 53 53 53 53 53 53 53 53
61 59 59 59 58 58 58 57 57 56 56 56 56 56 56 55 55 54 54 54 54 54 55 55 55 55 55 55 55 55 55 55 55 54 54 54 54 54 54 54 54 55 55 55 55 55 54 54 54 54 54 54 54 54 54 54 54 54 54 54 54 54 55 55 54 54 54 54 54 54 53 53 52 52 52 51 51 51 51 51 52 52 52 53 53 53 53 53 53 53 53 53 53 53 53 53
63 61 61 61 60 60 60 58 58 57 57 57 57 57 57 56 56 56 56 56 56 56 56 56 56 57 57 57 56 56 56 56 56 56 56 55 55 55 55 55 55 55 55 55 55 55 55 55 55 55 55 54 54 54 54 54 54 54 54 54 54 54 53 53 53 53 53 54 54 54 54 54 54 54 54 52 52 52 52 52 53 53 53 54 54 54 54 54 53 53 53 53 53 53 53 53
63 61 61 61 60 60 60 58 58 57 57 57 57 57 57 56 56 56 56 56 56 56 56 56 56 57 57 57 56 56 56 56 56 56 56 55 55 55 55 55 55 55 55 55 55 55 55 55 55 55 55 54 54 54 54 54 54 54 54 54 54 54 53 53 53 53 53 54 54 54 54 54 54 54 54 52 52 52 52 52 53 53 53 54 54 54 54 54 53 53 53 53 53 53 53 53
63 61 61 61 60 60 60 58 58 57 57 57 57 57 57 56 56 56 56 56 56 56 56 56 56 57 57 57 56 56 56 56 56 56 56 55 55 55 55 55 55 55 55 55 55 55 55 55 55 55 55 54 54 54 54 54 54 54 54 54 54 54 53 53 53 53 53 54 54 54 54 54 54 54 54 52 52 52 52 52 53 53 53 54 54 54 54 54 53 53 53 53 53 53 53 53
64 63 63 63 61 61 61 58 58 58 58 58 59 59 59 61 61 61 61 61 62 62 61 61 61 61 61 61 60 60 60 60 60 59 59 59 59 59 58 58 58 58 58 57 57 57 57 57 57 56 56 56 56 56 56 56 56 56 56 55 55 55 54 54 55 55 55 55 55 55 56 56 55 55 55 54 54 54 54 54 55 55 55 55 55 54 54 54 54 54 54 54 54 54 54 54
64 63 63 63 61 61 61 58 58 58 58 58 59 59 59 61 61 61 61 61 62 62 61 61 61 61 61 61 60 60 60 60 60 59 59 59 59 59 58 58 58 58 58 57 57 57 57 57 57 56 56 56 56 56 56 56 56 56 56 55 55 55 54 54 55 55 55 55 55 55 56 56 55 55 55 54 54 54 54 54 55 55 55 55 55 54 54 54 54 54 54 54 54 54 54 54
68 65 65 65 63 63 63 63 63 65 65 65 68 68 68 70 70 72 72 72 73 73 73 73 73 71 71 71 70 70 68 68 68 67 67 67 67 67 67 67 67 66 66 64 64 64 63 63 63 62 62 62 62 62 62 62 62 62 62 61 61 61 60 60 60 60 60 59 59 59 59 59 59 59 59 59 59 59 59 59 59 59 59 58 58 58 58 58 58 58 58 58 58 58 58 58
68 65 65 65 63 63 63 63 63 65 65 65 68 68 68 70 70 72 72 72 73 73 73 73 73 71 71 71 70 70 68 68 68 67 67 67 67 67 67 67 67 66 66 64 64 64 63 63 63 62 62 62 62 62 62 62 62 62 62 61 61 61 60 60 60 60 60 59 59 59 59 59 59 59 59 59 59 59 59 59 59 59 59 58 58 58 58 58 58 58 58 58 58 58 58 58
68 65 65 65 63 63 63 63 63 65 65 65 68 68 68 70 70 72 72 72 73 73 73 73 73 71 71 71 70 70 68 68 68 67 67 67 67 67 67 67 67 66 66 64 64 64 63 63 63 62 62 62 62 62 62 62 62 62 62 61 61 61 60 60 60 60 60 59 59 59 59 59 59 59 59 59 59 59 59 59 59 59 59 58 58 58 58 58 58 58 58 58 58 58 58 58
67 62 62 62 60 60 60 61 61 63 63 63 65 65 65 68 68 70 70 70 72 72 73 73 73 72 72 72 71 71 70 70 70 69 69 69 69 69 69 69 69 66 66 64 64 64 63 63 63 62 62 62 62 62 62 62 62 62 62 61 61 61 61 61 60 60 60 58 58 58 58 58 58 58 58 59 59 59 59 59 58 58 58 57 57 57 57 57 57 57 57 57 57 57 57 57
67 62 62 62 60 60 60 61 61 63 63 63 65 65 65 68 68 70 70 70 72 72 73 73 73 72 72 72 71 71 70 70 70 69 69 69 69 69 69 69 69 66 66 64 64 64 63 63 63 62 62 62 62 62 62 62 62 62 62 61 61 61 61 61 60 60 60 58 58 58 58 58 58 58 58 59 59 59 59 59 58 58 58 57 57 57 57 57 57 57 57 57 57 57 57 57
67 62 62 62 60 60 60 61 61 63 63 63 65 65 65 68 68 70 70 70 72 72 73 73 73 72 72 72 71 71 70 70 70 69 69 69 69 69 69 69 69 66 66 64 64 64 63 63 63 62 62 62 62 62 62 62 62 62 62 61 61 61 61 61 60 60 60 58 58 58 58 58 58 58 58 59 59 59 59 59 58 58 58 57 57 57 57 57 57 57 57 57 57 57 57 57
75 71 71 71 68 68 68 68 68 68 68 68 69 69 69 72 72 76 76 76 79 79 80 80 80 80 80 80 81 81 81 81 81 81 81 80 80 80 76 76 76 72 72 69 69 69 68 68 68 67 67 67 67 67 67 67 66 66 66 65 65 65 64 64 63 63 63 61 61 61 61 61 62 62 62 62 62 62 62 62 61 61 61 60 60 59 59 59 59 59 59 59 59 58 58 58
75 71 71 71 68 68 68 68 68 68 68 68 69 69 69 72 72 76 76 76 79 79 80 80 80 80 80 80 81 81 81 81 81 81 81 80 80 80 76 76 76 72 72 69 69 69 68 68 68 67 67 67 67 67 67 67 66 66 66 65 65 65 64 64 63 63 63 61 61 61 61 61 62 62 62 62 62 62 62 62 61 61 61 60 60 59 59 59 59 59 59 59 59 58 58 58
88 85 85 85 83 83 83 83 83 84 84 84 85 85 85 87 87 90 90 90 93 93 95 95 95 97 97 97 100 100 101 101 101 100 100 97 97 97 91 91 91 86 86 82 82 82 80 80 80 79 79 78 78 78 77 77 75 75 75 74 74 74 72 72 71 71 71 70 70 70 70 70 70 70 70 69 69 68 68 68 67 67 67 66 66 65 65 65 65 65 64 64 64 64 64 64
88 85 85 85 83 83 83 83 83 84 84 84 85 85 85 87 87 90 90 90 93 93 95 95 95 97 97 97 100 100 101 101 101 100 100 97 97 97 91 91 91 86 86 82 82 82 80 80 80 79 79 78 78 78 77 77 75 75 75 74 74 74 72 72 71 71 71 70 70 70 70 70 70 70 70 69 69 68 68 68 67 67 67 66 66 65 65 65 65 65 64 64 64 64 64 64
88 85 85 85 83 83 83 83 83 84 84 84 85 85 85 87 87 90 90 90 93 93 95 95 95 97 97 97 100 100 101 101 101 100 100 97 97 97 91 91 91 86 86 82 82 82 80 80 80 79 79 78 78 78 77 77 75 75 75 74 74 74 72 72 71 71 71 70 70 70 70 70 70 70 70 69 69 68 68 68 67 67 67 66 66 65 65 65 65 65 64 64 64 64 64 64
90 86 86 86 86 86 86 89 89 92 92 92 93 93 93 93 93 92 92 92 93 93 95 95 95 98 98 98 101 101 101 101 101 99 99 96 96 96 92 92 92 88 88 85 85 85 83 83 83 82 82 80 80 80 77 77 75 75 75 73 73 73 72 72 71 71 71 72 72 72 71 71 70 70 70 68 68 67 67 67 66 66 66 65 65 64 64 64 64 64 64 64 64 64 64 64
90 86 86 86 86 86 86 89 89 92 92 92 93 93 93 93 93 92 92 92 93 93 95 95 95 98 98 98 101 101 101 101 101 99 99 96 96 96 92 92 92 88 88 85 85 85 83 83 83 82 82 80 80 80 77 77 75 75 75 73 73 73 72 72 71 71 71 72 72 72 71 71 70 70 70 68 68 67 67 67 66 66 66 65 65 64 64 64 64 64 64 64 64 64 64 64
90 86 86 86 86 86 86 89 89 92 92 92 93 93 93 93 93 92 92 92 93 93 95 95 95 98 98 98 101 101 101 101 101 99 99 96 96 96 92 92 92 88 88 85 85 85 83 83 83 82 82 80 80 80 77 77 75 75 75 73 73 73 72 72 71 71 71 72 72 72 71 71 70 70 70 68 68 67 67 67 66 66 66 65 65 64 64 64 64 64 64 64 64 64 64 64
116 103 103 103 107 107 107 120 120 126 126 126 122 122 122 113 113 106 106 106 104 104 104 104 104 106 106 106 108 108 109 109 109 109 109 107 107 107 105 105 105 105 105 103 103 103 101 101 101 98 98 94 94 94 88 88 84 84 84 82 82 82 80 80 80 80 80 79 79 79 78 78 76 76 76 74 74 72 72 72 71 71 71 70 70 68 68 68 68 68 69 69 69 68 68 68
116 103 103 103 107 107 107 120 120 126 126 126 122 122 122 113 113 106 106 106 104 104 104 104 104 106 106 106 108 108 109 109 109 109 109 107 107 107 105 105 105 105 105 103 103 103 101 101 101 98 98 94 94 94 88 88 84 84 84 82 82 82 80 80 80 80 80 79 79 79 78 78 76 76 76 74 74 72 72 72 71 71 71 70 70 68 68 68 68 68 69 69 69 68 68 68
145 140 140 140 145 145 145 154 154 154 154 154 142 142 142 127 127 117 117 117 111 111 110 110 110 111 111 111 113 113 114 114 114 116 116 116 116 116 116 116 116 117 117 116 116 116 113 113 113 109 109 105 105 105 100 100 96 96 96 92 92 92 89 89 87 87 87 84 84 84 83 83 82 82 82 80 80 78 78 78 76 76 76 74 74 73 73 73 73 73 73 73 73 73 73 73
145 140 140 140 145 145 145 154 154 154 154 154 142 142 142 127 127 117 117 117 111 111 110 110 110 111 111 111 113 113 114 114 114 116 116 116 116 116 116 116 116 117 117 116 116 116 113 113 113 109 109 105 105 105 100 100 96 96 96 92 92 92 89 89 87 87 87 84 84 84 83 83 82 82 82 80 80 78 78 78 76 76 76 74 74 73 73 73 73 73 73 73 73 73 73 73
145 140 140 140 145 145 145 154 154 154 154 154 142 142 142 127 127 117 117 117 111 111 110 110 110 111 111 111 113 113 114 114 114 116 116 116 116 116 116 116 116 117 117 116 116 116 113 113 113 109 109 105 105 105 100 100 96 96 96 92 92 92 89 89 87 87 87 84 84 84 83 83 82 82 82 80 80 78 78 78 76 76 76 74 74 73 73 73 73 73 73 73 73 73 73 73
190 201 201 201 201 201 201 195 195 183 183 183 166 166 166 151 151 137 137 137 123 123 118 118 118 120 120 120 124 124 127 127 127 132 132 134 134 134 133 133 133 131 131 128 128 128 125 125 125 122 122 119 119 119 118 118 115 115 115 109 109 109 102 102 96 96 96 92 92 92 90 90 90 90 90 91 91 89 89 89 85 85 85 83 83 82 82 82 82 82 82 82 82 81 81 81
190 201 201 201 201 201 201 195 195 183 183 183 166 166 166 151 151 137 137 137 123 123 118 118 118 120 120 120 124 124 127 127 127 132 132 134 134 134 133 133 133 131 131 128 128 128 125 125 125 122 122 119 119 119 118 118 115 115 115 109 109 109 102 102 96 96 96 92 92 92 90 90 90 90 90 91 91 89 89 89 85 85 85 83 83 82 82 82 82 82 82 82 82 81 81 81
218 226 226 226 225 225 225 218 218 207 207 207 191 191 191 181 181 169 169 169 156 156 154 154 154 157 157 157 162 162 168 168 168 175 175 179 179 179 177 177 177 174 174 168 168 168 158 158 158 152 152 148 148 148 147 147 142 142 142 133 133 133 125 125 117 117 117 111 111 111 109 109 108 108 108 108 108 107 107 107 105 105 105 103 103 101 101 101 100 100 99 99 99 97 97 97
218 226 226 226 225 225 225 218 218 207 207 207 191 191 191 181 181 169 169 169 156 156 154 154 154 157 157 157 162 162 168 168 168 175 175 179 179 179 177 177 177 174 174 168 168 168 158 158 158 152 152 148 148 148 147 147 142 142 142 133 133 133 125 125 117 117 117 111 111 111 109 109 108 108 108 108 108 107 107 107 105 105 105 103 103 101 101 101 100 100 99 99 99 97 97 97
218 226 226 226 225 225 225 218 218 207 207 207 191 191 191 181 181 169 169 169 156 156 154 154 154 157 157 157 162 162 168 168 168 175 175 179 179 179 177 177 177 174 174 168 168 168 158 158 158 152 152 148 148 148 147 147 142 142 142 133 133 133 125 125 117 117 117 111 111 111 109 109 108 108 108 108 108 107 107 107 105 105 105 103 103 101 101 101 100 100 99 99 99 97 97 97
208 217 217 217 217 217 217 208 208 198 198 198 185 185 185 181 181 175 175 175 172 172 172 172 172 170 170 170 171 171 177 177 177 184 184 188 188 188 186 186 186 182 182 176 176 176 164 164 164 157 157 153 153 153 153 153 150 150 150 141 141 141 132 132 125 125 125 120 120 120 117 117 113 113 113 110 110 109 109 109 109 109 109 108 108 107 107 107 104 104 102 102 102 99 99 99
208 217 217 217 217 217 217 208 208 198 198 198 185 185 185 181 181 175 175 175 172 172 172 172 172 170 170 170 171 171 177 177 177 184 184 188 188 188 186 186 186 182 182 176 176 176 164 164 164 157 157 153 153 153 153 153 150 150 150 141 141 141 132 132 125 125 125 120 120 120 117 117 113 113 113 110 110 109 109 109 109 109 109 108 108 107 107 107 104 104 102 102 102 99 99 99
