SEB_model/sample_data_files/historical_long/hillshade_historical_long/june6pm.txt
ncols         768
nrows         486
xllcorner     388353.95236715
yllcorner     7583725.4876181
cellsize      5
NODATA_value  -9999
[rows 164 to 204 of 486, columns 552 to 643 of 768]
48 35 35 35 38 38 35 35 35 34 34 33 33 33 22 22 22 29 29 26 26 26 23 23 24 24 24 14 14 14 27 27 25 25 25 13 13 13 23 23 27 27 27 33 33 38 38 38 31 31 31 42 42 35 35 35 26 26 26 23 23 13 13 13 27 27 28 28 28 16 16 16 23 23 18 18 18 18 18 21 21 21 12 12 12 34 34 46 46 46 38 38
48 35 35 35 38 38 35 35 35 34 34 33 33 33 22 22 22 29 29 26 26 26 23 23 24 24 24 14 14 14 27 27 25 25 25 13 13 13 23 23 27 27 27 33 33 38 38 38 31 31 31 42 42 35 35 35 26 26 26 23 23 13 13 13 27 27 28 28 28 16 16 16 23 23 18 18 18 18 18 21 21 21 12 12 12 34 34 46 46 46 38 38
43 30 30 30 37 37 37 37 37 38 38 37 37 37 25 25 25 32 32 27 27 27 22 22 19 19 19 7 7 7 19 19 21 21 21 14 14 14 29 29 35 35 35 39 39 40 40 40 31 31 31 40 40 30 30 30 21 21 21 21 21 12 12 12 25 25 29 29 29 19 19 19 27 27 20 20 20 21 21 24 24 24 16 16 16 38 38 44 44 44 29 29
43 30 30 30 37 37 37 37 37 38 38 37 37 37 25 25 25 32 32 27 27 27 22 22 19 19 19 7 7 7 19 19 21 21 21 14 14 14 29 29 35 35 35 39 39 40 40 40 31 31 31 40 40 30 30 30 21 21 21 21 21 12 12 12 25 25 29 29 29 19 19 19 27 27 20 20 20 21 21 24 24 24 16 16 16 38 38 44 44 44 29 29
43 30 30 30 37 37 37 37 37 38 38 37 37 37 25 25 25 32 32 27 27 27 22 22 19 19 19 7 7 7 19 19 21 21 21 14 14 14 29 29 35 35 35 39 39 40 40 40 31 31 31 40 40 30 30 30 21 21 21 21 21 12 12 12 25 25 29 29 29 19 19 19 27 27 20 20 20 21 21 24 24 24 16 16 16 38 38 44 44 44 29 29
37 28 28 28 41 41 42 42 42 42 42 39 39 39 24 24 24 31 31 27 27 27 22 22 16 16 16 0 0 0 0 0 20 20 20 16 16 16 35 35 40 40 40 39 39 38 38 38 27 27 27 34 34 24 24 24 18 18 18 22 22 13 13 13 24 24 30 30 30 23 23 23 32 32 22 22 22 23 23 28 28 28 19 19 19 38 38 39 39 39 19 19
37 28 28 28 41 41 42 42 42 42 42 39 39 39 24 24 24 31 31 27 27 27 22 22 16 16 16 0 0 0 0 0 20 20 20 16 16 16 35 35 40 40 40 39 39 38 38 38 27 27 27 34 34 24 24 24 18 18 18 22 22 13 13 13 24 24 30 30 30 23 23 23 32 32 22 22 22 23 23 28 28 28 19 19 19 38 38 39 39 39 19 19
37 28 28 28 41 41 42 42 42 42 42 39 39 39 24 24 24 31 31 27 27 27 22 22 16 16 16 0 0 0 0 0 20 20 20 16 16 16 35 35 40 40 40 39 39 38 38 38 27 27 27 34 34 24 24 24 18 18 18 22 22 13 13 13 24 24 30 30 30 23 23 23 32 32 22 22 22 23 23 28 28 28 19 19 19 38 38 39 39 39 19 19
37 31 31 31 44 44 44 44 44 41 41 35 35 35 20 20 20 28 28 25 25 25 21 21 16 16 16 0 0 0 17 17 21 21 21 15 15 15 33 33 36 36 36 34 34 33 33 33 21 21 21 27 27 20 20 20 19 19 19 24 24 16 16 16 28 28 33 33 33 26 26 26 35 35 24 24 24 25 25 30 30 30 19 19 19 34 34 33 33 33 14 14
37 31 31 31 44 44 44 44 44 41 41 35 35 35 20 20 20 28 28 25 25 25 21 21 16 16 16 0 0 0 17 17 21 21 21 15 15 15 33 33 36 36 36 34 34 33 33 33 21 21 21 27 27 20 20 20 19 19 19 24 24 16 16 16 28 28 33 33 33 26 26 26 35 35 24 24 24 25 25 30 30 30 19 19 19 34 34 33 33 33 14 14
42 34 34 34 43 43 41 41 41 37 37 31 31 31 17 17 17 27 27 24 24 24 23 23 22 22 22 10 10 10 21 21 22 22 22 13 13 13 26 26 27 27 27 27 27 28 28 28 18 18 18 26 26 22 22 22 24 24 24 28 28 22 22 22 36 36 39 39 39 28 28 28 35 35 27 27 27 27 27 31 31 31 18 18 18 30 30 29 29 29 13 13
42 34 34 34 43 43 41 41 41 37 37 31 31 31 17 17 17 27 27 24 24 24 23 23 22 22 22 10 10 10 21 21 22 22 22 13 13 13 26 26 27 27 27 27 27 28 28 28 18 18 18 26 26 22 22 22 24 24 24 28 28 22 22 22 36 36 39 39 39 28 28 28 35 35 27 27 27 27 27 31 31 31 18 18 18 30 30 29 29 29 13 13
42 34 34 34 43 43 41 41 41 37 37 31 31 31 17 17 17 27 27 24 24 24 23 23 22 22 22 10 10 10 21 21 22 22 22 13 13 13 26 26 27 27 27 27 27 28 28 28 18 18 18 26 26 22 22 22 24 24 24 28 28 22 22 22 36 36 39 39 39 28 28 28 35 35 27 27 27 27 27 31 31 31 18 18 18 30 30 29 29 29 13 13
44 33 33 33 41 41 38 38 38 34 34 29 29 29 14 14 14 25 25 25 25 25 26 26 26 26 26 13 13 13 23 23 23 23 23 11 11 11 19 19 17 17 17 18 18 24 24 24 17 17 17 28 28 27 27 27 28 28 28 31 31 27 27 27 43 43 43 43 43 27 27 27 31 31 27 27 27 29 29 30 30 30 16 16 16 28 28 28 28 28 13 13
44 33 33 33 41 41 38 38 38 34 34 29 29 29 14 14 14 25 25 25 25 25 26 26 26 26 26 13 13 13 23 23 23 23 23 11 11 11 19 19 17 17 17 18 18 24 24 24 17 17 17 28 28 27 27 27 28 28 28 31 31 27 27 27 43 43 43 43 43 27 27 27 31 31 27 27 27 29 29 30 30 30 16 16 16 28 28 28 28 28 13 13
43 32 32 32 40 40 36 36 36 31 31 27 27 27 13 13 13 25 25 26 26 26 27 27 26 26 26 11 11 11 21 21 20 20 20 5 5 5 11 11 8 8 8 0 0 20 20 20 16 16 16 29 29 31 31 31 32 32 32 34 34 29 29 29 43 43 42 42 42 23 23 23 27 27 26 26 26 28 28 29 29 29 17 17 17 29 29 29 29 29 15 15
43 32 32 32 40 40 36 36 36 31 31 27 27 27 13 13 13 25 25 26 26 26 27 27 26 26 26 11 11 11 21 21 20 20 20 5 5 5 11 11 8 8 8 0 0 20 20 20 16 16 16 29 29 31 31 31 32 32 32 34 34 29 29 29 43 43 42 42 42 23 23 23 27 27 26 26 26 28 28 29 29 29 17 17 17 29 29 29 29 29 15 15
43 32 32 32 40 40 36 36 36 31 31 27 27 27 13 13 13 25 25 26 26 26 27 27 26 26 26 11 11 11 21 21 20 20 20 5 5 5 11 11 8 8 8 0 0 20 20 20 16 16 16 29 29 31 31 31 32 32 32 34 34 29 29 29 43 43 42 42 42 23 23 23 27 27 26 26 26 28 28 29 29 29 17 17 17 29 29 29 29 29 15 15
42 33 33 33 42 42 37 37 37 32 32 29 29 29 14 14 14 25 25 26 26 26 25 25 23 23 23 7 7 7 18 18 16 16 16 0 0 0 0 0 12 12 12 16 16 22 22 22 19 19 19 32 32 34 34 34 35 35 35 37 37 30 30 30 41 41 38 38 38 20 20 20 25 25 27 27 27 28 28 31 31 31 21 21 21 34 34 34 34 34 17 17
42 33 33 33 42 42 37 37 37 32 32 29 29 29 14 14 14 25 25 26 26 26 25 25 23 23 23 7 7 7 18 18 16 16 16 0 0 0 0 0 12 12 12 16 16 22 22 22 19 19 19 32 32 34 34 34 35 35 35 37 37 30 30 30 41 41 38 38 38 20 20 20 25 25 27 27 27 28 28 31 31 31 21 21 21 34 34 34 34 34 17 17
42 33 33 33 42 42 37 37 37 32 32 29 29 29 14 14 14 25 25 26 26 26 25 25 23 23 23 7 7 7 18 18 16 16 16 0 0 0 0 0 12 12 12 16 16 22 22 22 19 19 19 32 32 34 34 34 35 35 35 37 37 30 30 30 41 41 38 38 38 20 20 20 25 25 27 27 27 28 28 31 31 31 21 21 21 34 34 34 34 34 17 17
43 34 34 34 42 42 39 39 39 35 35 30 30 30 13 13 13 23 23 21 21 21 18 18 17 17 17 3 3 3 14 14 11 11 11 0 0 0 0 0 22 22 22 24 24 26 26 26 20 20 20 32 32 31 31 31 31 31 31 34 34 29 29 29 37 37 32 32 32 16 16 16 24 24 27 27 27 28 28 33 33 33 27 27 27 40 40 37 37 37 18 18
43 34 34 34 42 42 39 39 39 35 35 30 30 30 13 13 13 23 23 21 21 21 18 18 17 17 17 3 3 3 14 14 11 11 11 0 0 0 0 0 22 22 22 24 24 26 26 26 20 20 20 32 32 31 31 31 31 31 31 34 34 29 29 29 37 37 32 32 32 16 16 16 24 24 27 27 27 28 28 33 33 33 27 27 27 40 40 37 37 37 18 18
45 35 35 35 42 42 40 40 40 36 36 29 29 29 9 9 9 17 17 15 15 15 0 0 14 14 14 0 0 0 0 0 8 8 8 0 0 0 0 0 27 27 27 29 29 28 28 28 18 18 18 28 28 24 24 24 20 20 20 24 24 23 23 23 34 34 25 25 25 10 10 10 22 22 26 26 26 28 28 36 36 36 35 35 35 47 47 42 42 42 17 17
45 35 35 35 42 42 40 40 40 36 36 29 29 29 9 9 9 17 17 15 15 15 0 0 14 14 14 0 0 0 0 0 8 8 8 0 0 0 0 0 27 27 27 29 29 28 28 28 18 18 18 28 28 24 24 24 20 20 20 24 24 23 23 23 34 34 25 25 25 10 10 10 22 22 26 26 26 28 28 36 36 36 35 35 35 47 47 42 42 42 17 17
45 35 35 35 42 42 40 40 40 36 36 29 29 29 9 9 9 17 17 15 15 15 0 0 14 14 14 0 0 0 0 0 8 8 8 0 0 0 0 0 27 27 27 29 29 28 28 28 18 18 18 28 28 24 24 24 20 20 20 24 24 23 23 23 34 34 25 25 25 10 10 10 22 22 26 26 26 28 28 36 36 36 35 35 35 47 47 42 42 42 17 17
48 36 36 36 41 41 39 39 39 35 35 26 26 26 6 6 6 16 16 15 15 15 0 0 14 14 14 0 0 0 0 0 10 10 10 0 0 0 20 20 29 29 29 30 30 30 30 30 18 18 18 25 25 22 22 22 17 17 17 19 19 18 18 18 30 30 22 22 22 8 8 8 23 23 29 29 29 32 32 43 43 43 46 46 46 55 55 46 46 46 16 16
48 36 36 36 41 41 39 39 39 35 35 26 26 26 6 6 6 16 16 15 15 15 0 0 14 14 14 0 0 0 0 0 10 10 10 0 0 0 20 20 29 29 29 30 30 30 30 30 18 18 18 25 25 22 22 22 17 17 17 19 19 18 18 18 30 30 22 22 22 8 8 8 23 23 29 29 29 32 32 43 43 43 46 46 46 55 55 46 46 46 16 16
48 36 36 36 41 41 39 39 39 35 35 26 26 26 6 6 6 16 16 15 15 15 0 0 14 14 14 0 0 0 0 0 10 10 10 0 0 0 20 20 29 29 29 30 30 30 30 30 18 18 18 25 25 22 22 22 17 17 17 19 19 18 18 18 30 30 22 22 22 8 8 8 23 23 29 29 29 32 32 43 43 43 46 46 46 55 55 46 46 46 16 16
49 36 36 36 40 40 35 35 35 31 31 24 24 24 8 8 8 20 20 17 17 17 16 16 14 14 14 0 0 0 11 11 9 9 9 0 0 0 0 0 27 27 27 30 30 30 30 30 17 17 17 24 24 22 22 22 19 19 19 20 20 12 12 12 22 22 19 19 19 7 7 7 22 22 27 27 27 32 32 46 46 46 52 52 52 57 57 41 41 41 9 9
49 36 36 36 40 40 35 35 35 31 31 24 24 24 8 8 8 20 20 17 17 17 16 16 14 14 14 0 0 0 11 11 9 9 9 0 0 0 0 0 27 27 27 30 30 30 30 30 17 17 17 24 24 22 22 22 19 19 19 20 20 12 12 12 22 22 19 19 19 7 7 7 22 22 27 27 27 32 32 46 46 46 52 52 52 57 57 41 41 41 9 9
49 37 37 37 40 40 33 33 33 29 29 25 25 25 12 12 12 25 25 19 19 19 16 16 13 13 13 0 0 0 0 0 5 5 5 0 0 0 0 0 27 27 27 32 32 33 33 33 20 20 20 27 27 25 25 25 25 25 25 25 25 12 12 12 18 18 16 16 16 0 0 0 18 18 23 23 23 30 30 48 48 48 55 55 55 55 55 30 30 30 2 2
49 37 37 37 40 40 33 33 33 29 29 25 25 25 12 12 12 25 25 19 19 19 16 16 13 13 13 0 0 0 0 0 5 5 5 0 0 0 0 0 27 27 27 32 32 33 33 33 20 20 20 27 27 25 25 25 25 25 25 25 25 12 12 12 18 18 16 16 16 0 0 0 18 18 23 23 23 30 30 48 48 48 55 55 55 55 55 30 30 30 2 2
49 37 37 37 40 40 33 33 33 29 29 25 25 25 12 12 12 25 25 19 19 19 16 16 13 13 13 0 0 0 0 0 5 5 5 0 0 0 0 0 27 27 27 32 32 33 33 33 20 20 20 27 27 25 25 25 25 25 25 25 25 12 12 12 18 18 16 16 16 0 0 0 18 18 23 23 23 30 30 48 48 48 55 55 55 55 55 30 30 30 2 2
50 38 38 38 41 41 34 34 34 30 30 27 27 27 15 15 15 27 27 20 20 20 15 15 12 12 12 0 0 0 0 0 4 4 4 0 0 0 0 0 27 27 27 34 34 35 35 35 21 21 21 29 29 29 29 29 31 31 31 31 31 15 15 15 20 20 15 15 15 0 0 0 0 0 18 18 18 29 29 49 49 49 50 50 50 43 43 18 18 18 0 0
50 38 38 38 41 41 34 34 34 30 30 27 27 27 15 15 15 27 27 20 20 20 15 15 12 12 12 0 0 0 0 0 4 4 4 0 0 0 0 0 27 27 27 34 34 35 35 35 21 21 21 29 29 29 29 29 31 31 31 31 31 15 15 15 20 20 15 15 15 0 0 0 0 0 18 18 18 29 29 49 49 49 50 50 50 43 43 18 18 18 0 0
50 40 40 40 43 43 37 37 37 34 34 30 30 30 16 16 16 26 26 20 20 20 16 16 12 12 12 0 0 0 0 0 9 9 9 0 0 0 0 0 22 22 22 27 27 30 30 30 19 19 19 29 29 30 30 30 33 33 33 31 31 15 15 15 22 22 15 15 15 0 0 0 0 0 16 16 16 27 27 41 41 41 33 33 33 28 28 11 11 11 0 0
50 40 40 40 43 43 37 37 37 34 34 30 30 30 16 16 16 26 26 20 20 20 16 16 12 12 12 0 0 0 0 0 9 9 9 0 0 0 0 0 22 22 22 27 27 30 30 30 19 19 19 29 29 30 30 30 33 33 33 31 31 15 15 15 22 22 15 15 15 0 0 0 0 0 16 16 16 27 27 41 41 41 33 33 33 28 28 11 11 11 0 0
50 40 40 40 43 43 37 37 37 34 34 30 30 30 16 16 16 26 26 20 20 20 16 16 12 12 12 0 0 0 0 0 9 9 9 0 0 0 0 0 22 22 22 27 27 30 30 30 19 19 19 29 29 30 30 30 33 33 33 31 31 15 15 15 22 22 15 15 15 0 0 0 0 0 16 16 16 27 27 41 41 41 33 33 33 28 28 11 11 11 0 0
51 44 44 44 48 48 42 42 42 39 39 32 32 32 17 17 17 26 26 22 22 22 20 20 18 18 18 0 0 0 0 0 13 13 13 4 4 4 14 14 16 16 16 0 0 22 22 22 16 16 16 31 31 34 34 34 36 36 36 31 31 14 14 14 24 24 19 19 19 2 2 2 0 0 21 21 21 28 28 34 34 34 21 21 21 22 22 13 13 13 0 0
51 44 44 44 48 48 42 42 42 39 39 32 32 32 17 17 17 26 26 22 22 22 20 20 18 18 18 0 0 0 0 0 13 13 13 4 4 4 14 14 16 16 16 0 0 22 22 22 16 16 16 31 31 34 34 34 36 36 36 31 31 14 14 14 24 24 19 19 19 2 2 2 0 0 21 21 21 28 28 34 34 34 21 21 21 22 22 13 13 13 0 0
