SEB_model/sample_data_files/historical_long/hillshade_historical_long/marnoon.txt
ncols         768
nrows         486
xllcorner     388353.95236715
yllcorner     7583725.4876181
cellsize      5
NODATA_value  -9999
[rows 440 to 483 of 486, columns 480 to 575 of 768]
96 96 98 98 98 95 95 95 91 91 86 86 86 84 84 82 82 82 80 80 80 86 86 92 92 92 98 98 107 107 107 112 112 112 110 110 89 89 89 53 53 53 18 18 0 0 0 0 0 0 0 0 0 0 0 0 0 0 0 0 0 0 0 0 0 0 0 0 0 0 0 0 0 0 0 0 0 0 0 0 0 0 0 0 0 0 0 0 0 0 0 0 0 0 0 0
91 91 89 89 89 85 85 85 83 83 80 80 80 77 77 75 75 75 76 76 76 84 84 90 90 90 94 94 98 98 98 101 101 101 99 99 87 87 87 67 67 67 49 49 39 39 39 39 39 49 49 49 54 54 54 45 45 33 33 33 31 31 37 37 37 36 36 36 25 25 12 12 12 7 7 7 12 12 21 21 21 28 28 26 26 26 17 17 17 10 10 0 0 0 0 0
91 91 89 89 89 85 85 85 83 83 80 80 80 77 77 75 75 75 76 76 76 84 84 90 90 90 94 94 98 98 98 101 101 101 99 99 87 87 87 67 67 67 49 49 39 39 39 39 39 49 49 49 54 54 54 45 45 33 33 33 31 31 37 37 37 36 36 36 25 25 12 12 12 7 7 7 12 12 21 21 21 28 28 26 26 26 17 17 17 10 10 0 0 0 0 0
91 91 89 89 89 85 85 85 83 83 80 80 80 77 77 75 75 75 76 76 76 84 84 90 90 90 94 94 98 98 98 101 101 101 99 99 87 87 87 67 67 67 49 49 39 39 39 39 39 49 49 49 54 54 54 45 45 33 33 33 31 31 37 37 37 36 36 36 25 25 12 12 12 7 7 7 12 12 21 21 21 28 28 26 26 26 17 17 17 10 10 0 0 0 0 0
85 85 81 81 81 77 77 77 79 79 77 77 77 75 75 73 73 73 73 73 73 75 75 79 79 79 83 83 82 82 82 80 80 80 81 81 80 80 80 74 74 74 71 71 71 71 71 77 77 84 84 84 81 81 81 70 70 54 54 54 41 41 43 43 43 57 57 57 61 61 49 49 49 35 35 35 32 32 32 32 32 28 28 23 23 23 16 16 16 0 0 0 0 0 0 0
85 85 81 81 81 77 77 77 79 79 77 77 77 75 75 73 73 73 73 73 73 75 75 79 79 79 83 83 82 82 82 80 80 80 81 81 80 80 80 74 74 74 71 71 71 71 71 77 77 84 84 84 81 81 81 70 70 54 54 54 41 41 43 43 43 57 57 57 61 61 49 49 49 35 35 35 32 32 32 32 32 28 28 23 23 23 16 16 16 0 0 0 0 0 0 0
87 87 82 82 82 79 79 79 78 78 75 75 75 72 72 71 71 71 73 73 73 76 76 75 75 75 72 72 70 70 70 70 70 70 72 72 73 73 73 74 74 74 76 76 80 80 80 89 89 96 96 96 90 90 90 78 78 61 61 61 46 46 43 43 43 53 53 53 59 59 50 50 50 36 36 36 26 26 18 18 18 11 11 7 7 7 8 8 8 9 9 14 14 14 29 29
87 87 82 82 82 79 79 79 78 78 75 75 75 72 72 71 71 71 73 73 73 76 76 75 75 75 72 72 70 70 70 70 70 70 72 72 73 73 73 74 74 74 76 76 80 80 80 89 89 96 96 96 90 90 90 78 78 61 61 61 46 46 43 43 43 53 53 53 59 59 50 50 50 36 36 36 26 26 18 18 18 11 11 7 7 7 8 8 8 9 9 14 14 14 29 29
87 87 82 82 82 79 79 79 78 78 75 75 75 72 72 71 71 71 73 73 73 76 76 75 75 75 72 72 70 70 70 70 70 70 72 72 73 73 73 74 74 74 76 76 80 80 80 89 89 96 96 96 90 90 90 78 78 61 61 61 46 46 43 43 43 53 53 53 59 59 50 50 50 36 36 36 26 26 18 18 18 11 11 7 7 7 8 8 8 9 9 14 14 14 29 29
86 86 88 88 88 87 87 87 81 81 75 75 75 72 72 72 72 72 73 73 73 76 76 73 73 73 69 69 68 68 68 70 70 70 72 72 72 72 72 74 74 74 81 81 86 86 86 91 91 94 94 94 89 89 89 82 82 72 72 72 63 63 61 61 61 61 61 61 61 61 55 55 55 46 46 46 39 39 32 32 32 28 28 27 27 27 32 32 32 45 45 63 63 63 74 74
86 86 88 88 88 87 87 87 81 81 75 75 75 72 72 72 72 72 73 73 73 76 76 73 73 73 69 69 68 68 68 70 70 70 72 72 72 72 72 74 74 74 81 81 86 86 86 91 91 94 94 94 89 89 89 82 82 72 72 72 63 63 61 61 61 61 61 61 61 61 55 55 55 46 46 46 39 39 32 32 32 28 28 27 27 27 32 32 32 45 45 63 63 63 74 74
86 86 88 88 88 87 87 87 81 81 75 75 75 72 72 72 72 72 73 73 73 76 76 73 73 73 69 69 68 68 68 70 70 70 72 72 72 72 72 74 74 74 81 81 86 86 86 91 91 94 94 94 89 89 89 82 82 72 72 72 63 63 61 61 61 61 61 61 61 61 55 55 55 46 46 46 39 39 32 32 32 28 28 27 27 27 32 32 32 45 45 63 63 63 74 74
80 80 86 86 86 88 88 88 85 85 79 79 79 74 74 72 72 72 70 70 70 70 70 71 71 71 72 72 71 71 71 67 67 67 69 69 72 72 72 77 77 77 86 86 88 88 88 84 84 82 82 82 80 80 80 78 78 74 74 74 72 72 68 68 68 63 63 63 58 58 54 54 54 49 49 49 46 46 40 40 40 34 34 30 30 30 28 28 28 30 30 31 31 31 29 29
80 80 86 86 86 88 88 88 85 85 79 79 79 74 74 72 72 72 70 70 70 70 70 71 71 71 72 72 71 71 71 67 67 67 69 69 72 72 72 77 77 77 86 86 88 88 88 84 84 82 82 82 80 80 80 78 78 74 74 74 72 72 68 68 68 63 63 63 58 58 54 54 54 49 49 49 46 46 40 40 40 34 34 30 30 30 28 28 28 30 30 31 31 31 29 29
79 79 82 82 82 84 84 84 85 85 80 80 80 75 75 71 71 71 70 70 70 72 72 73 73 73 74 74 71 71 71 67 67 67 68 68 73 73 73 78 78 78 84 84 83 83 83 78 78 74 74 74 73 73 73 75 75 75 75 75 74 74 72 72 72 67 67 67 64 64 62 62 62 57 57 57 52 52 45 45 45 37 37 29 29 29 22 22 22 19 19 19 19 19 20 20
79 79 82 82 82 84 84 84 85 85 80 80 80 75 75 71 71 71 70 70 70 72 72 73 73 73 74 74 71 71 71 67 67 67 68 68 73 73 73 78 78 78 84 84 83 83 83 78 78 74 74 74 73 73 73 75 75 75 75 75 74 74 72 72 72 67 67 67 64 64 62 62 62 57 57 57 52 52 45 45 45 37 37 29 29 29 22 22 22 19 19 19 19 19 20 20
79 79 82 82 82 84 84 84 85 85 80 80 80 75 75 71 71 71 70 70 70 72 72 73 73 73 74 74 71 71 71 67 67 67 68 68 73 73 73 78 78 78 84 84 83 83 83 78 78 74 74 74 73 73 73 75 75 75 75 75 74 74 72 72 72 67 67 67 64 64 62 62 62 57 57 57 52 52 45 45 45 37 37 29 29 29 22 22 22 19 19 19 19 19 20 20
90 90 82 82 82 81 81 81 83 83 81 81 81 77 77 75 75 75 75 75 75 78 78 76 76 76 74 74 74 74 74 75 75 75 80 80 82 82 82 82 82 82 83 83 81 81 81 78 78 76 76 76 75 75 75 79 79 78 78 78 76 76 76 76 76 75 75 75 77 77 76 76 76 70 70 70 62 62 52 52 52 39 39 29 29 29 22 22 22 0 0 0 0 0 18 18
90 90 82 82 82 81 81 81 83 83 81 81 81 77 77 75 75 75 75 75 75 78 78 76 76 76 74 74 74 74 74 75 75 75 80 80 82 82 82 82 82 82 83 83 81 81 81 78 78 76 76 76 75 75 75 79 79 78 78 78 76 76 76 76 76 75 75 75 77 77 76 76 76 70 70 70 62 62 52 52 52 39 39 29 29 29 22 22 22 0 0 0 0 0 18 18
104 104 94 94 94 87 87 87 91 91 94 94 94 93 93 89 89 89 85 85 85 84 84 81 81 81 78 78 79 79 79 82 82 82 86 86 86 86 86 84 84 84 85 85 84 84 84 83 83 84 84 84 82 82 82 80 80 76 76 76 74 74 73 73 73 74 74 74 77 77 77 77 77 70 70 70 58 58 42 42 42 25 25 13 13 13 0 0 0 220 220 249 249 249 250 -9999
104 104 94 94 94 87 87 87 91 91 94 94 94 93 93 89 89 89 85 85 85 84 84 81 81 81 78 78 79 79 79 82 82 82 86 86 86 86 86 84 84 84 85 85 84 84 84 83 83 84 84 84 82 82 82 80 80 76 76 76 74 74 73 73 73 74 74 74 77 77 77 77 77 70 70 70 58 58 42 42 42 25 25 13 13 13 0 0 0 220 220 249 -9999 -9999 -9999 -9999
104 104 94 94 94 87 87 87 91 91 94 94 94 93 93 89 89 89 85 85 85 84 84 81 81 81 78 78 79 79 79 82 82 82 86 86 86 86 86 84 84 84 85 85 84 84 84 83 83 84 84 84 82 82 82 80 80 76 76 76 74 74 73 73 73 74 74 74 77 77 77 77 77 70 70 70 58 58 42 42 42 25 25 13 13 13 0 0 -9999 -9999 -9999 -9999 -9999 -9999 -9999 -9999
103 103 99 99 99 94 94 94 99 99 106 106 106 109 109 104 104 104 94 94 94 90 90 88 88 88 87 87 86 86 86 85 85 85 87 87 86 86 86 84 84 84 86 86 87 87 87 88 88 89 89 89 85 85 85 80 80 74 74 74 70 70 69 69 69 69 69 69 70 70 72 72 72 68 68 68 132 132 220 220 220 246 246 248 -9999 -9999 -9999 -9999 -9999 -9999 -9999 -9999 -9999 -9999 -9999 -9999
103 103 99 99 99 94 94 94 99 99 106 106 106 109 109 104 104 104 94 94 94 90 90 88 88 88 87 87 86 86 86 85 85 85 87 87 86 86 86 84 84 84 86 86 87 87 87 88 88 89 89 89 85 85 85 80 80 74 74 74 70 70 69 69 69 69 69 69 70 70 72 72 72 68 68 68 132 132 -9999 -9999 -9999 -9999 -9999 -9999 -9999 -9999 -9999 -9999 -9999 -9999 -9999 -9999 -9999 -9999 -9999 -9999
103 103 99 99 99 94 94 94 99 99 106 106 106 109 109 104 104 104 94 94 94 90 90 88 88 88 87 87 86 86 86 85 85 85 87 87 86 86 86 84 84 84 86 86 87 87 87 88 88 89 89 89 85 85 85 80 80 74 74 74 70 70 69 69 69 69 69 69 70 -9999 -9999 -9999 -9999 -9999 -9999 -9999 -9999 -9999 -9999 -9999 -9999 -9999 -9999 -9999 -9999 -9999 -9999 -9999 -9999 -9999 -9999 -9999 -9999 -9999 -9999 -9999
87 87 93 93 93 98 98 98 102 102 107 107 107 114 114 114 114 114 105 105 105 99 99 97 97 97 96 96 94 94 94 90 90 90 90 90 89 89 89 87 87 87 88 88 89 89 89 90 90 88 88 88 82 82 82 77 77 72 72 72 65 65 57 57 57 113 113 113 -9999 -9999 -9999 -9999 -9999 -9999 -9999 -9999 -9999 -9999 -9999 -9999 -9999 -9999 -9999 -9999 -9999 -9999 -9999 -9999 -9999 -9999 -9999 -9999 -9999 -9999 -9999 -9999
87 87 93 93 93 98 98 98 102 102 107 107 107 114 114 114 114 114 105 105 105 99 99 97 97 97 96 96 94 94 94 90 90 90 90 90 89 89 89 87 87 87 88 88 89 89 89 90 90 88 88 88 82 82 82 77 77 72 72 72 65 65 57 57 57 113 113 113 -9999 -9999 -9999 -9999 -9999 -9999 -9999 -9999 -9999 -9999 -9999 -9999 -9999 -9999 -9999 -9999 -9999 -9999 -9999 -9999 -9999 -9999 -9999 -9999 -9999 -9999 -9999 -9999
90 90 94 94 94 96 96 96 100 100 104 104 104 110 110 113 113 113 110 110 110 108 108 104 104 104 102 102 99 99 99 94 94 94 93 93 92 92 92 90 90 90 89 89 88 88 88 87 87 86 86 86 82 82 82 77 77 69 69 69 60 60 50 50 50 77 77 -9999 -9999 -9999 -9999 -9999 -9999 -9999 -9999 -9999 -9999 -9999 -9999 -9999 -9999 -9999 -9999 -9999 -9999 -9999 -9999 -9999 -9999 -9999 -9999 -9999 -9999 -9999 -9999 -9999
90 90 94 94 94 96 96 96 100 100 104 104 104 110 110 113 113 113 110 110 110 108 108 104 104 104 102 102 99 99 99 94 94 94 93 93 92 92 92 90 90 90 89 89 88 88 88 87 87 86 86 86 82 82 82 77 77 69 69 69 60 60 50 50 50 77 -9999 -9999 -9999 -9999 -9999 -9999 -9999 -9999 -9999 -9999 -9999 -9999 -9999 -9999 -9999 -9999 -9999 -9999 -9999 -9999 -9999 -9999 -9999 -9999 -9999 -9999 -9999 -9999 -9999 -9999
90 90 94 94 94 96 96 96 100 100 104 104 104 110 110 113 113 113 110 110 110 108 108 104 104 104 102 102 99 99 99 94 94 94 93 93 92 92 92 90 90 90 89 89 88 88 88 87 87 86 86 86 82 82 82 77 77 69 -9999 -9999 -9999 -9999 -9999 -9999 -9999 -9999 -9999 -9999 -9999 -9999 -9999 -9999 -9999 -9999 -9999 -9999 -9999 -9999 -9999 -9999 -9999 -9999 -9999 -9999 -9999 -9999 -9999 -9999 -9999 -9999 -9999 -9999 -9999 -9999 -9999 -9999
99 99 98 98 98 96 96 96 101 101 105 105 105 110 110 114 114 114 113 113 113 112 112 110 110 110 106 106 102 102 102 97 97 97 96 96 94 94 94 89 89 89 89 89 90 90 90 89 89 88 88 88 82 82 82 134 134 -9999 -9999 -9999 -9999 -9999 -9999 -9999 -9999 -9999 -9999 -9999 -9999 -9999 -9999 -9999 -9999 -9999 -9999 -9999 -9999 -9999 -9999 -9999 -9999 -9999 -9999 -9999 -9999 -9999 -9999 -9999 -9999 -9999 -9999 -9999 -9999 -9999 -9999 -9999
99 99 98 98 98 96 96 96 101 101 105 105 105 110 110 114 114 114 113 113 113 112 112 110 110 110 106 106 102 102 102 97 97 97 96 96 94 94 94 89 89 89 89 89 90 90 90 89 89 88 88 88 82 82 82 134 134 -9999 -9999 -9999 -9999 -9999 -9999 -9999 -9999 -9999 -9999 -9999 -9999 -9999 -9999 -9999 -9999 -9999 -9999 -9999 -9999 -9999 -9999 -9999 -9999 -9999 -9999 -9999 -9999 -9999 -9999 -9999 -9999 -9999 -9999 -9999 -9999 -9999 -9999 -9999
99 99 98 98 98 96 96 96 101 101 105 105 105 110 110 114 114 114 113 113 113 112 112 110 110 110 106 106 102 102 102 97 97 97 96 96 94 94 -9999 -9999 -9999 -9999 -9999 -9999 90 90 90 89 89 88 88 88 82 82 82 134 -9999 -9999 -9999 -9999 -9999 -9999 -9999 -9999 -9999 -9999 -9999 -9999 -9999 -9999 -9999 -9999 -9999 -9999 -9999 -9999 -9999 -9999 -9999 -9999 -9999 -9999 -9999 -9999 -9999 -9999 -9999 -9999 -9999 -9999 -9999 -9999 -9999 -9999 -9999 -9999
134 134 92 92 92 99 99 99 106 106 110 110 110 114 114 118 118 118 120 120 120 162 162 -9999 -9999 -9999 -9999 -9999 -9999 -9999 231 169 169 169 145 145 211 -9999 -9999 -9999 -9999 -9999 -9999 -9999 235 -9999 -9999 -9999 -9999 -9999 236 236 237 237 237 212 -9999 -9999 -9999 -9999 -9999 -9999 -9999 -9999 -9999 -9999 -9999 -9999 -9999 -9999 -9999 -9999 -9999 -9999 -9999 -9999 -9999 -9999 -9999 -9999 -9999 -9999 -9999 -9999 -9999 -9999 -9999 -9999 -9999 -9999 -9999 -9999 -9999 -9999 -9999 -9999
134 134 92 92 92 99 99 99 106 106 110 110 110 114 114 118 118 118 120 120 120 162 -9999 -9999 -9999 -9999 -9999 -9999 -9999 -9999 231 169 169 169 145 145 -9999 -9999 -9999 -9999 -9999 -9999 -9999 -9999 -9999 -9999 -9999 -9999 -9999 -9999 -9999 -9999 -9999 237 -9999 -9999 -9999 -9999 -9999 -9999 -9999 -9999 -9999 -9999 -9999 -9999 -9999 -9999 -9999 -9999 -9999 -9999 -9999 -9999 -9999 -9999 -9999 -9999 -9999 -9999 -9999 -9999 -9999 -9999 -9999 -9999 -9999 -9999 -9999 -9999 -9999 -9999 -9999 -9999 -9999 -9999
-9999 196 145 145 145 97 97 97 104 104 106 106 106 108 108 111 111 111 153 153 -9999 -9999 -9999 -9999 -9999 -9999 -9999 -9999 -9999 -9999 209 201 201 201 175 -9999 -9999 -9999 -9999 -9999 -9999 -9999 -9999 -9999 -9999 -9999 -9999 -9999 -9999 -9999 -9999 -9999 -9999 -9999 -9999 -9999 -9999 -9999 -9999 -9999 -9999 -9999 -9999 -9999 -9999 -9999 -9999 -9999 -9999 -9999 -9999 -9999 -9999 -9999 -9999 -9999 -9999 -9999 -9999 -9999 -9999 -9999 -9999 -9999 -9999 -9999 -9999 -9999 -9999 -9999 -9999 -9999 -9999 -9999 -9999 -9999
196 196 145 145 145 97 97 97 104 104 106 106 106 108 108 111 111 111 153 -9999 -9999 -9999 -9999 -9999 -9999 -9999 -9999 -9999 -9999 209 209 201 201 201 -9999 -9999 -9999 -9999 -9999 -9999 -9999 -9999 -9999 -9999 -9999 -9999 -9999 -9999 -9999 -9999 -9999 -9999 -9999 -9999 -9999 -9999 -9999 -9999 -9999 -9999 -9999 -9999 -9999 -9999 -9999 -9999 -9999 -9999 -9999 -9999 -9999 -9999 -9999 -9999 -9999 -9999 -9999 -9999 -9999 -9999 -9999 -9999 -9999 -9999 -9999 -9999 -9999 -9999 -9999 -9999 -9999 -9999 -9999 -9999 -9999 -9999
196 196 145 145 145 97 97 97 104 104 106 106 106 108 108 111 111 -9999 -9999 -9999 -9999 -9999 -9999 -9999 -9999 -9999 -9999 -9999 209 209 209 -9999 -9999 -9999 -9999 -9999 -9999 -9999 -9999 -9999 -9999 -9999 -9999 -9999 -9999 -9999 -9999 -9999 -9999 -9999 -9999 -9999 -9999 -9999 -9999 -9999 -9999 -9999 -9999 -9999 -9999 -9999 -9999 -9999 -9999 -9999 -9999 -9999 -9999 -9999 -9999 -9999 -9999 -9999 -9999 -9999 -9999 -9999 -9999 -9999 -9999 -9999 -9999 -9999 -9999 -9999 -9999 -9999 -9999 -9999 -9999 -9999 -9999 -9999 -9999 -9999
0 0 87 87 87 95 95 95 105 105 104 104 104 144 144 209 -9999 -9999 -9999 -9999 -9999 -9999 -9999 -9999 -9999 108 0 0 -9999 -9999 -9999 -9999 -9999 -9999 -9999 -9999 -9999 -9999 -9999 -9999 -9999 -9999 -9999 -9999 -9999 -9999 -9999 -9999 -9999 -9999 -9999 -9999 -9999 -9999 -9999 -9999 -9999 -9999 -9999 -9999 -9999 -9999 -9999 -9999 -9999 -9999 -9999 -9999 -9999 -9999 -9999 -9999 -9999 -9999 -9999 -9999 -9999 -9999 -9999 -9999 -9999 -9999 -9999 -9999 -9999 -9999 -9999 -9999 -9999 -9999 -9999 -9999 -9999 -9999 -9999 -9999
0 0 87 87 87 95 95 95 105 105 104 104 104 144 144 -9999 -9999 -9999 -9999 -9999 -9999 -9999 0 108 108 108 0 -9999 -9999 -9999 -9999 -9999 -9999 -9999 -9999 -9999 -9999 -9999 -9999 -9999 -9999 -9999 -9999 -9999 -9999 -9999 -9999 -9999 -9999 -9999 -9999 -9999 -9999 -9999 -9999 -9999 -9999 -9999 -9999 -9999 -9999 -9999 -9999 -9999 -9999 -9999 -9999 -9999 -9999 -9999 -9999 -9999 -9999 -9999 -9999 -9999 -9999 -9999 -9999 -9999 -9999 -9999 -9999 -9999 -9999 -9999 -9999 -9999 -9999 -9999 -9999 -9999 -9999 -9999 -9999 -9999
182 182 205 205 205 159 159 159 95 95 139 139 139 172 -9999 -9999 -9999 -9999 -9999 -9999 0 0 0 54 54 -9999 -9999 -9999 -9999 -9999 -9999 -9999 -9999 -9999 -9999 -9999 -9999 -9999 -9999 -9999 -9999 -9999 -9999 -9999 -9999 -9999 -9999 -9999 -9999 -9999 -9999 -9999 -9999 -9999 -9999 -9999 -9999 -9999 -9999 -9999 -9999 -9999 -9999 -9999 -9999 -9999 -9999 -9999 -9999 -9999 -9999 -9999 -9999 -9999 -9999 -9999 -9999 -9999 -9999 -9999 -9999 -9999 -9999 -9999 -9999 -9999 -9999 -9999 -9999 -9999 -9999 -9999 -9999 -9999 -9999 -9999
182 182 205 205 205 159 159 159 95 95 139 139 139 -9999 -9999 -9999 -9999 -9999 0 0 0 0 0 54 -9999 -9999 -9999 -9999 -9999 -9999 -9999 -9999 -9999 -9999 -9999 -9999 -9999 -9999 -9999 -9999 -9999 -9999 -9999 -9999 -9999 -9999 -9999 -9999 -9999 -9999 -9999 -9999 -9999 -9999 -9999 -9999 -9999 -9999 -9999 -9999 -9999 -9999 -9999 -9999 -9999 -9999 -9999 -9999 -9999 -9999 -9999 -9999 -9999 -9999 -9999 -9999 -9999 -9999 -9999 -9999 -9999 -9999 -9999 -9999 -9999 -9999 -9999 -9999 -9999 -9999 -9999 -9999 -9999 -9999 -9999 -9999
-9999 -9999 -9999 205 205 159 159 159 95 95 139 -9999 -9999 -9999 -9999 -9999 -9999 0 0 0 0 0 -9999 -9999 -9999 -9999 -9999 -9999 -9999 -9999 -9999 -9999 -9999 -9999 -9999 -9999 -9999 -9999 -9999 -9999 -9999 -9999 -9999 -9999 -9999 -9999 -9999 -9999 -9999 -9999 -9999 -9999 -9999 -9999 -9999 -9999 -9999 -9999 -9999 -9999 -9999 -9999 -9999 -9999 -9999 -9999 -9999 -9999 -9999 -9999 -9999 -9999 -9999 -9999 -9999 -9999 -9999 -9999 -9999 -9999 -9999 -9999 -9999 -9999 -9999 -9999 -9999 -9999 -9999 -9999 -9999 -9999 -9999 -9999 -9999 -9999
-9999 -9999 -9999 -9999 242 240 240 240 -9999 -9999 -9999 -9999 -9999 -9999 -9999 0 0 0 0 0 0 -9999 -9999 -9999 -9999 -9999 -9999 -9999 -9999 -9999 -9999 -9999 -9999 -9999 -9999 -9999 -9999 -9999 -9999 -9999 -9999 -9999 -9999 -9999 -9999 -9999 -9999 -9999 -9999 -9999 -9999 -9999 -9999 -9999 -9999 -9999 -9999 -9999 -9999 -9999 -9999 -9999 -9999 -9999 -9999 -9999 -9999 -9999 -9999 -9999 -9999 -9999 -9999 -9999 -9999 -9999 -9999 -9999 -9999 -9999 -9999 -9999 -9999 -9999 -9999 -9999 -9999 -9999 -9999 -9999 -9999 -9999 -9999 -9999 -9999 -9999
