SEB_model/sample_data_files/historical_long/hillshade_historical_long/marnoon.txt
ncols         768
nrows         486
xllcorner     388353.95236715
yllcorner     7583725.4876181
cellsize      5
NODATA_value  -9999
[rows 308 to 351 of 486, columns 576 to 671 of 768]
0 0 0 0 0 0 0 0 0 0 0 0 0 0 0 0 0 0 0 0 0 0 0 0 0 0 0 0 0 0 0 0 0 0 0 0 0 0 0 0 0 0 0 0 0 0 0 0 0 0 0 0 0 0 0 0 0 0 0 0 0 0 0 0 0 0 0 0 0 0 0 0 0 0 0 0 0 0 0 0 0 0 0 0 0 0 0 0 0 0 0 0 0 0 0 24
0 0 0 0 0 0 0 0 0 0 0 0 0 0 0 0 0 0 0 0 0 0 0 0 0 0 0 0 0 0 0 0 0 0 0 0 0 0 0 0 0 0 0 0 0 0 0 0 0 0 0 0 0 0 0 0 0 0 0 0 0 0 0 0 0 0 0 0 0 0 0 0 0 0 0 0 0 0 0 0 0 0 0 0 0 0 0 0 0 0 0 0 0 0 0 24
0 0 0 0 0 0 0 0 0 0 0 0 0 0 0 0 0 0 0 0 0 0 0 0 0 0 0 0 0 0 0 0 0 0 0 5 5 8 8 8 7 7 7 7 7 6 6 6 6 6 5 5 5 6 6 7 7 7 9 9 9 10 10 10 10 10 9 9 9 8 8 9 9 9 9 9 9 9 9 8 8 8 6 6 5 5 5 6 6 7 7 7 10 10 10 17
0 0 0 0 0 0 0 0 0 0 0 0 0 0 0 0 0 0 0 0 0 0 0 0 0 0 0 0 0 0 0 0 0 0 0 5 5 8 8 8 7 7 7 7 7 6 6 6 6 6 5 5 5 6 6 7 7 7 9 9 9 10 10 10 10 10 9 9 9 8 8 9 9 9 9 9 9 9 9 8 8 8 6 6 5 5 5 6 6 7 7 7 10 10 10 17
0 0 0 0 0 0 0 0 0 0 0 0 0 0 0 0 0 0 0 0 0 0 0 0 0 0 0 0 0 0 0 0 0 0 0 5 5 8 8 8 7 7 7 7 7 6 6 6 6 6 5 5 5 6 6 7 7 7 9 9 9 10 10 10 10 10 9 9 9 8 8 9 9 9 9 9 9 9 9 8 8 8 6 6 5 5 5 6 6 7 7 7 10 10 10 17
0 0 0 0 0 0 0 0 0 0 0 0 0 0 0 0 0 0 0 0 0 0 0 0 0 0 0 0 0 0 0 0 0 0 0 0 0 0 0 0 0 0 0 0 0 0 0 0 0 0 0 0 0 0 0 0 0 0 0 0 0 0 0 0 0 0 0 0 0 0 0 0 0 0 0 0 0 0 0 0 0 0 11 11 11 11 11 0 0 0 0 0 0 0 0 0
0 0 0 0 0 0 0 0 0 0 0 0 0 0 0 0 0 0 0 0 0 0 0 0 0 0 0 0 0 0 0 0 0 0 0 0 0 0 0 0 0 0 0 0 0 0 0 0 0 0 0 0 0 0 0 0 0 0 0 0 0 0 0 0 0 0 0 0 0 0 0 0 0 0 0 0 0 0 0 0 0 0 11 11 11 11 11 0 0 0 0 0 0 0 0 0
0 0 0 0 0 0 0 0 0 0 0 0 0 0 0 0 0 0 0 0 0 0 0 0 0 0 0 0 0 0 0 0 0 0 0 0 0 0 0 0 0 0 0 0 0 0 0 0 0 0 0 0 0 0 0 0 0 0 0 0 0 0 0 0 0 0 0 0 0 0 0 0 0 0 0 0 0 0 0 0 0 0 11 11 11 11 11 0 0 0 0 0 0 0 0 0
0 0 0 0 0 0 0 0 0 0 0 0 0 0 0 0 0 0 0 0 0 0 0 0 0 0 0 0 0 0 0 0 0 0 0 0 0 0 0 0 0 0 0 0 0 0 0 0 0 0 0 0 0 0 0 0 0 0 0 0 0 0 0 0 0 0 0 0 0 0 0 0 0 0 0 0 0 0 0 0 0 0 0 0 0 0 0 0 0 0 0 0 0 0 0 0
0 0 0 0 0 0 0 0 0 0 0 0 0 0 0 0 0 0 0 0 0 0 0 0 0 0 0 0 0 0 0 0 0 0 0 0 0 0 0 0 0 0 0 0 0 0 0 0 0 0 0 0 0 0 0 0 0 0 0 0 0 0 0 0 0 0 0 0 0 0 0 0 0 0 0 0 0 0 0 0 0 0 0 0 0 0 0 0 0 0 0 0 0 0 0 0
0 0 0 0 0 0 0 0 0 0 0 0 0 0 0 0 0 0 0 0 0 0 0 0 0 0 0 0 0 2 2 2 5 5 5 7 7 9 9 9 11 11 12 12 12 13 13 13 13 13 14 14 14 16 16 18 18 18 17 17 17 17 17 16 16 16 15 15 15 15 15 14 14 14 13 13 13 13 13 14 14 14 14 14 14 14 14 14 14 14 14 14 14 14 14 13
0 0 0 0 0 0 0 0 0 0 0 0 0 0 0 0 0 0 0 0 0 0 0 0 0 0 0 0 0 2 2 2 5 5 5 7 7 9 9 9 11 11 12 12 12 13 13 13 13 13 14 14 14 16 16 18 18 18 17 17 17 17 17 16 16 16 15 15 15 15 15 14 14 14 13 13 13 13 13 14 14 14 14 14 14 14 14 14 14 14 14 14 14 14 14 13
0 0 0 0 0 0 0 0 0 0 0 0 0 0 0 0 0 0 0 0 0 0 0 0 0 0 0 0 0 2 2 2 5 5 5 7 7 9 9 9 11 11 12 12 12 13 13 13 13 13 14 14 14 16 16 18 18 18 17 17 17 17 17 16 16 16 15 15 15 15 15 14 14 14 13 13 13 13 13 14 14 14 14 14 14 14 14 14 14 14 14 14 14 14 14 13
0 0 0 0 0 0 0 0 0 0 0 0 0 0 0 0 0 0 0 0 0 0 0 0 0 0 0 0 0 0 0 0 0 0 0 0 0 13 13 13 15 15 18 18 18 20 20 20 23 23 24 24 24 24 24 24 24 24 23 23 23 22 22 21 21 21 20 20 20 20 20 18 18 18 17 17 17 17 17 16 16 16 16 16 15 15 15 15 15 15 15 15 15 15 15 15
0 0 0 0 0 0 0 0 0 0 0 0 0 0 0 0 0 0 0 0 0 0 0 0 0 0 0 0 0 0 0 0 0 0 0 0 0 13 13 13 15 15 18 18 18 20 20 20 23 23 24 24 24 24 24 24 24 24 23 23 23 22 22 21 21 21 20 20 20 20 20 18 18 18 17 17 17 17 17 16 16 16 16 16 15 15 15 15 15 15 15 15 15 15 15 15
0 0 0 0 0 0 0 0 0 0 0 0 0 0 0 0 0 0 0 0 0 0 0 0 0 0 0 0 0 0 0 0 0 0 0 0 0 2 2 2 5 5 8 8 8 12 12 12 16 16 17 17 17 17 17 17 17 17 17 17 17 18 18 17 17 17 15 15 15 13 13 11 11 11 9 9 9 9 9 8 8 8 8 8 8 8 8 8 8 7 7 7 4 4 4 4
0 0 0 0 0 0 0 0 0 0 0 0 0 0 0 0 0 0 0 0 0 0 0 0 0 0 0 0 0 0 0 0 0 0 0 0 0 2 2 2 5 5 8 8 8 12 12 12 16 16 17 17 17 17 17 17 17 17 17 17 17 18 18 17 17 17 15 15 15 13 13 11 11 11 9 9 9 9 9 8 8 8 8 8 8 8 8 8 8 7 7 7 4 4 4 4
0 0 0 0 0 0 0 0 0 0 0 0 0 0 0 0 0 0 0 0 0 0 0 0 0 0 0 0 0 0 0 0 0 0 0 0 0 2 2 2 5 5 8 8 8 12 12 12 16 16 17 17 17 17 17 17 17 17 17 17 17 18 18 17 17 17 15 15 15 13 13 11 11 11 9 9 9 9 9 8 8 8 8 8 8 8 8 8 8 7 7 7 4 4 4 4
12 12 12 2 2 2 0 0 1 1 1 0 0 0 0 0 0 0 0 0 0 4 4 4 6 6 6 9 9 11 11 11 13 13 13 16 16 20 20 20 23 23 25 25 25 27 27 27 30 30 31 31 31 31 31 31 31 31 34 34 34 36 36 35 35 35 33 33 33 31 31 30 30 30 30 30 29 29 29 29 29 29 28 28 28 28 28 27 27 26 26 26 23 23 23 21
12 12 12 2 2 2 0 0 1 1 1 0 0 0 0 0 0 0 0 0 0 4 4 4 6 6 6 9 9 11 11 11 13 13 13 16 16 20 20 20 23 23 25 25 25 27 27 27 30 30 31 31 31 31 31 31 31 31 34 34 34 36 36 35 35 35 33 33 33 31 31 30 30 30 30 30 29 29 29 29 29 29 28 28 28 28 28 27 27 26 26 26 23 23 23 21
12 12 12 2 2 2 0 0 1 1 1 0 0 0 0 0 0 0 0 0 0 4 4 4 6 6 6 9 9 11 11 11 13 13 13 16 16 20 20 20 23 23 25 25 25 27 27 27 30 30 31 31 31 31 31 31 31 31 34 34 34 36 36 35 35 35 33 33 33 31 31 30 30 30 30 30 29 29 29 29 29 29 28 28 28 28 28 27 27 26 26 26 23 23 23 21
26 26 26 16 16 16 9 9 0 0 0 0 0 0 0 0 0 0 0 0 0 0 0 0 0 0 0 14 14 17 17 17 20 20 20 22 22 23 23 23 23 23 25 25 25 28 28 28 31 31 33 33 33 35 35 37 37 37 39 39 39 41 41 42 42 42 41 41 41 41 41 42 42 42 42 42 41 41 41 38 38 38 35 35 33 33 33 30 30 29 29 29 27 27 27 25
26 26 26 16 16 16 9 9 0 0 0 0 0 0 0 0 0 0 0 0 0 0 0 0 0 0 0 14 14 17 17 17 20 20 20 22 22 23 23 23 23 23 25 25 25 28 28 28 31 31 33 33 33 35 35 37 37 37 39 39 39 41 41 42 42 42 41 41 41 41 41 42 42 42 42 42 41 41 41 38 38 38 35 35 33 33 33 30 30 29 29 29 27 27 27 25
39 39 39 32 32 32 21 21 8 8 8 0 0 0 0 0 0 0 0 0 0 5 5 5 12 12 12 18 18 22 22 22 24 24 24 25 25 24 24 24 23 23 23 23 23 25 25 25 29 29 33 33 33 37 37 40 40 40 41 41 41 43 43 44 44 44 45 45 45 45 45 45 45 45 45 45 43 43 43 39 39 39 36 36 34 34 34 31 31 30 30 30 29 29 29 27
39 39 39 32 32 32 21 21 8 8 8 0 0 0 0 0 0 0 0 0 0 5 5 5 12 12 12 18 18 22 22 22 24 24 24 25 25 24 24 24 23 23 23 23 23 25 25 25 29 29 33 33 33 37 37 40 40 40 41 41 41 43 43 44 44 44 45 45 45 45 45 45 45 45 45 45 43 43 43 39 39 39 36 36 34 34 34 31 31 30 30 30 29 29 29 27
39 39 39 32 32 32 21 21 8 8 8 0 0 0 0 0 0 0 0 0 0 5 5 5 12 12 12 18 18 22 22 22 24 24 24 25 25 24 24 24 23 23 23 23 23 25 25 25 29 29 33 33 33 37 37 40 40 40 41 41 41 43 43 44 44 44 45 45 45 45 45 45 45 45 45 45 43 43 43 39 39 39 36 36 34 34 34 31 31 30 30 30 29 29 29 27
54 54 54 48 48 48 37 37 21 21 21 0 0 0 0 0 0 0 0 0 0 0 0 0 0 0 0 21 21 24 24 24 27 27 27 29 29 29 29 29 28 28 27 27 27 29 29 29 34 34 39 39 39 43 43 45 45 45 45 45 45 44 44 45 45 45 45 45 45 45 45 44 44 44 42 42 40 40 40 39 39 39 37 37 36 36 36 34 34 32 32 32 30 30 30 28
54 54 54 48 48 48 37 37 21 21 21 0 0 0 0 0 0 0 0 0 0 0 0 0 0 0 0 21 21 24 24 24 27 27 27 29 29 29 29 29 28 28 27 27 27 29 29 29 34 34 39 39 39 43 43 45 45 45 45 45 45 44 44 45 45 45 45 45 45 45 45 44 44 44 42 42 40 40 40 39 39 39 37 37 36 36 36 34 34 32 32 32 30 30 30 28
56 56 56 52 52 52 43 43 27 27 27 7 7 7 0 0 0 0 0 0 0 4 4 4 9 9 9 14 14 18 18 18 22 22 22 25 25 27 27 27 28 28 28 28 28 30 30 30 34 34 37 37 37 39 39 40 40 40 39 39 39 38 38 37 37 37 36 36 36 37 37 37 37 37 37 37 35 35 35 31 31 31 29 29 28 28 28 27 27 24 24 24 20 20 20 18
56 56 56 52 52 52 43 43 27 27 27 7 7 7 0 0 0 0 0 0 0 4 4 4 9 9 9 14 14 18 18 18 22 22 22 25 25 27 27 27 28 28 28 28 28 30 30 30 34 34 37 37 37 39 39 40 40 40 39 39 39 38 38 37 37 37 36 36 36 37 37 37 37 37 37 37 35 35 35 31 31 31 29 29 28 28 28 27 27 24 24 24 20 20 20 18
56 56 56 52 52 52 43 43 27 27 27 7 7 7 0 0 0 0 0 0 0 4 4 4 9 9 9 14 14 18 18 18 22 22 22 25 25 27 27 27 28 28 28 28 28 30 30 30 34 34 37 37 37 39 39 40 40 40 39 39 39 38 38 37 37 37 36 36 36 37 37 37 37 37 37 37 35 35 35 31 31 31 29 29 28 28 28 27 27 24 24 24 20 20 20 18
67 67 67 65 65 65 61 61 53 53 53 39 39 39 28 28 24 24 24 25 25 28 28 28 30 30 30 34 34 38 38 38 40 40 40 43 43 45 45 45 49 49 52 52 52 52 52 52 50 50 50 50 50 49 49 49 49 49 48 48 48 47 47 47 47 47 46 46 46 47 47 47 47 47 47 47 44 44 44 40 40 40 39 39 39 39 39 38 38 36 36 36 32 32 32 29
67 67 67 65 65 65 61 61 53 53 53 39 39 39 28 28 24 24 24 25 25 28 28 28 30 30 30 34 34 38 38 38 40 40 40 43 43 45 45 45 49 49 52 52 52 52 52 52 50 50 50 50 50 49 49 49 49 49 48 48 48 47 47 47 47 47 46 46 46 47 47 47 47 47 47 47 44 44 44 40 40 40 39 39 39 39 39 38 38 36 36 36 32 32 32 29
67 67 67 65 65 65 61 61 53 53 53 39 39 39 28 28 24 24 24 25 25 28 28 28 30 30 30 34 34 38 38 38 40 40 40 43 43 45 45 45 49 49 52 52 52 52 52 52 50 50 50 50 50 49 49 49 49 49 48 48 48 47 47 47 47 47 46 46 46 47 47 47 47 47 47 47 44 44 44 40 40 40 39 39 39 39 39 38 38 36 36 36 32 32 32 29
69 69 69 72 72 72 73 73 72 72 72 68 68 68 61 61 52 52 52 47 47 45 45 45 43 43 43 45 45 47 47 47 50 50 50 52 52 55 55 55 59 59 61 61 61 61 61 61 59 59 56 56 56 53 53 52 52 52 51 51 51 51 51 51 51 51 51 51 51 51 51 49 49 49 46 46 43 43 43 41 41 41 39 39 38 38 38 36 36 33 33 33 31 31 31 29
69 69 69 72 72 72 73 73 72 72 72 68 68 68 61 61 52 52 52 47 47 45 45 45 43 43 43 45 45 47 47 47 50 50 50 52 52 55 55 55 59 59 61 61 61 61 61 61 59 59 56 56 56 53 53 52 52 52 51 51 51 51 51 51 51 51 51 51 51 51 51 49 49 49 46 46 43 43 43 41 41 41 39 39 38 38 38 36 36 33 33 33 31 31 31 29
70 70 70 73 73 73 78 78 82 82 82 84 84 84 80 80 67 67 67 55 55 49 49 49 46 46 46 44 44 44 44 44 47 47 47 50 50 53 53 53 56 56 58 58 58 57 57 57 56 56 54 54 54 51 51 49 49 49 46 46 46 45 45 45 45 45 44 44 44 43 43 41 41 41 38 38 36 36 36 35 35 35 32 32 28 28 28 25 25 23 23 23 20 20 20 18
70 70 70 73 73 73 78 78 82 82 82 84 84 84 80 80 67 67 67 55 55 49 49 49 46 46 46 44 44 44 44 44 47 47 47 50 50 53 53 53 56 56 58 58 58 57 57 57 56 56 54 54 54 51 51 49 49 49 46 46 46 45 45 45 45 45 44 44 44 43 43 41 41 41 38 38 36 36 36 35 35 35 32 32 28 28 28 25 25 23 23 23 20 20 20 18
70 70 70 73 73 73 78 78 82 82 82 84 84 84 80 80 67 67 67 55 55 49 49 49 46 46 46 44 44 44 44 44 47 47 47 50 50 53 53 53 56 56 58 58 58 57 57 57 56 56 54 54 54 51 51 49 49 49 46 46 46 45 45 45 45 45 44 44 44 43 43 41 41 41 38 38 36 36 36 35 35 35 32 32 28 28 28 25 25 23 23 23 20 20 20 18
78 78 78 76 76 76 80 80 86 86 86 90 90 90 88 88 79 79 79 65 65 57 57 57 53 53 53 46 46 44 44 44 52 52 52 58 58 60 60 60 61 61 62 62 62 62 62 62 61 61 60 60 60 58 58 56 56 56 53 53 53 52 52 52 52 52 50 50 50 47 47 45 45 45 44 44 43 43 43 43 43 43 43 43 40 40 40 37 37 34 34 34 32 32 32 28
78 78 78 76 76 76 80 80 86 86 86 90 90 90 88 88 79 79 79 65 65 57 57 57 53 53 53 46 46 44 44 44 52 52 52 58 58 60 60 60 61 61 62 62 62 62 62 62 61 61 60 60 60 58 58 56 56 56 53 53 53 52 52 52 52 52 50 50 50 47 47 45 45 45 44 44 43 43 43 43 43 43 43 43 40 40 40 37 37 34 34 34 32 32 32 28
78 78 78 76 76 76 80 80 86 86 86 90 90 90 88 88 79 79 79 65 65 57 57 57 53 53 53 46 46 44 44 44 52 52 52 58 58 60 60 60 61 61 62 62 62 62 62 62 61 61 60 60 60 58 58 56 56 56 53 53 53 52 52 52 52 52 50 50 50 47 47 45 45 45 44 44 43 43 43 43 43 43 43 43 40 40 40 37 37 34 34 34 32 32 32 28
77 77 77 78 78 78 79 79 81 81 81 84 84 84 83 83 76 76 76 66 66 55 55 55 45 45 45 41 41 43 43 43 53 53 53 61 61 62 62 62 62 62 62 62 62 61 61 61 61 61 59 59 59 57 57 55 55 55 54 54 54 53 53 52 52 52 50 50 50 47 47 45 45 45 43 43 41 41 41 41 41 41 41 41 38 38 38 34 34 30 30 30 26 26 26 23
77 77 77 78 78 78 79 79 81 81 81 84 84 84 83 83 76 76 76 66 66 55 55 55 45 45 45 41 41 43 43 43 53 53 53 61 61 62 62 62 62 62 62 62 62 61 61 61 61 61 59 59 59 57 57 55 55 55 54 54 54 53 53 52 52 52 50 50 50 47 47 45 45 45 43 43 41 41 41 41 41 41 41 41 38 38 38 34 34 30 30 30 26 26 26 23
