SEB_model/sample_data_files/historical_long/hillshade_historical_long/may6am.txt
ncols         768
nrows         486
xllcorner     388353.95236715
yllcorner     7583725.4876181
cellsize      5
NODATA_value  -9999
[rows 273 to 311 of 486, columns 352 to 439 of 768]
92 92 97 97 97 98 98 106 106 106 112 112 112 109 109 101 101 101 90 90 82 82 82 99 99 99 112 112 100 100 100 91 91 87 87 87 82 82 82 79 79 86 86 86 95 95 95 92 92 90 90 90 90 90 96 96 96 103 103 103 102 102 117 117 117 125 125 138 138 138 149 149 149 131 131 126 126 126 142 142 142 143 143 151 151 151 151 151
87 87 90 90 90 99 99 106 106 106 110 110 110 107 107 99 99 99 92 92 87 87 87 96 96 96 103 103 92 92 92 86 86 87 87 87 84 84 84 80 80 97 97 97 114 114 114 108 108 104 104 104 104 104 108 108 108 117 117 117 116 116 126 126 126 133 133 144 144 144 150 150 150 128 128 128 128 128 144 144 144 141 141 145 145 145 145 145
87 87 90 90 90 99 99 106 106 106 110 110 110 107 107 99 99 99 92 92 87 87 87 96 96 96 103 103 92 92 92 86 86 87 87 87 84 84 84 80 80 97 97 97 114 114 114 108 108 104 104 104 104 104 108 108 108 117 117 117 116 116 126 126 126 133 133 144 144 144 150 150 150 128 128 128 128 128 144 144 144 141 141 145 145 145 145 145
78 78 84 84 84 101 101 105 105 105 108 108 108 106 106 101 101 101 97 97 89 89 89 87 87 87 90 90 87 87 87 86 86 143 -9999 -9999 -9999 -9999 -9999 -9999 -9999 -9999 -9999 -9999 -9999 -9999 -9999 65 65 64 64 64 116 116 118 118 118 129 129 129 125 125 131 131 131 137 137 143 143 143 143 143 143 122 122 128 128 128 144 144 144 137 137 139 139 139 140 140
78 -9999 84 84 84 101 101 105 105 105 108 108 108 106 106 101 101 101 97 97 89 89 89 87 87 87 90 90 87 87 87 86 86 143 -9999 -9999 -9999 -9999 -9999 -9999 -9999 -9999 -9999 -9999 -9999 -9999 -9999 -9999 65 64 64 64 116 116 118 118 118 129 129 129 125 125 131 131 131 137 137 143 143 143 143 143 143 122 122 128 128 128 144 144 144 137 137 139 139 139 140 140
-9999 -9999 84 84 84 101 101 105 105 105 108 108 108 106 106 101 101 101 97 97 89 89 89 87 87 87 90 90 87 87 87 86 86 -9999 -9999 -9999 -9999 -9999 -9999 -9999 -9999 -9999 -9999 -9999 -9999 -9999 -9999 -9999 65 64 64 64 116 116 118 118 118 129 129 129 125 125 131 131 131 137 137 143 143 143 143 143 143 122 122 128 128 128 144 144 144 137 137 139 139 139 140 140
-9999 -9999 81 81 81 101 101 104 104 104 106 106 106 105 105 103 103 103 97 97 86 86 86 82 82 82 85 85 89 89 89 146 146 -9999 -9999 -9999 -9999 -9999 -9999 -9999 -9999 -9999 -9999 -9999 -9999 0 0 0 0 12 12 12 125 125 126 126 126 137 137 137 132 132 134 134 134 136 136 137 137 137 137 137 137 122 122 128 128 128 141 141 141 131 131 133 133 133 134 134
-9999 70 81 81 81 101 101 104 104 104 106 106 106 105 105 103 103 103 97 97 86 86 86 82 82 82 85 85 89 89 89 146 -9999 -9999 -9999 -9999 -9999 -9999 -9999 -9999 -9999 -9999 -9999 -9999 -9999 0 0 0 0 12 12 12 125 125 126 126 126 137 137 137 132 132 134 134 134 136 136 137 137 137 137 137 137 122 122 128 128 128 141 141 141 131 131 133 133 133 134 134
-9999 70 81 81 81 101 101 104 104 104 106 106 106 105 105 103 103 103 97 97 86 86 86 82 82 82 -9999 -9999 89 89 89 -9999 -9999 -9999 -9999 -9999 -9999 -9999 -9999 -9999 -9999 -9999 -9999 -9999 -9999 -9999 0 0 0 12 12 12 125 125 126 126 126 137 137 137 132 132 134 134 134 136 136 137 137 137 137 137 137 122 122 128 128 128 141 141 141 131 131 133 133 133 134 134
0 0 54 54 54 127 127 141 -9999 141 123 123 123 123 123 75 75 75 59 59 133 133 133 150 -9999 -9999 -9999 -9999 -9999 100 -9999 -9999 -9999 -9999 -9999 -9999 -9999 -9999 -9999 -9999 -9999 -9999 -9999 -9999 0 0 0 0 0 76 76 76 73 73 128 128 128 140 140 140 134 134 134 134 134 132 132 128 128 128 132 132 132 122 122 124 124 124 132 132 132 123 123 124 124 124 125 125
0 0 54 54 54 127 127 -9999 -9999 -9999 -9999 -9999 -9999 -9999 -9999 -9999 -9999 -9999 59 59 133 133 133 -9999 -9999 -9999 -9999 -9999 -9999 -9999 -9999 -9999 -9999 -9999 -9999 -9999 -9999 -9999 -9999 -9999 0 0 0 0 0 0 0 0 -9999 -9999 -9999 76 73 73 128 128 128 140 140 140 134 134 134 134 134 132 132 128 128 128 132 132 132 122 122 124 124 124 132 132 132 123 123 124 124 124 125 125
0 0 22 22 22 161 161 -9999 -9999 -9999 -9999 -9999 -9999 -9999 -9999 -9999 -9999 -9999 -9999 -9999 -9999 -9999 -9999 -9999 -9999 -9999 -9999 -9999 -9999 -9999 -9999 -9999 -9999 -9999 -9999 -9999 -9999 -9999 -9999 -9999 0 0 0 0 -9999 -9999 -9999 -9999 22 0 0 0 13 13 134 134 134 147 147 147 139 139 137 137 137 133 133 127 127 127 132 132 132 125 125 125 125 125 132 132 132 123 123 123 123 123 124 124
-9999 -9999 -9999 -9999 22 161 161 192 -9999 -9999 -9999 -9999 -9999 -9999 -9999 -9999 -9999 -9999 -9999 -9999 -9999 -9999 -9999 -9999 -9999 -9999 -9999 -9999 -9999 -9999 -9999 -9999 -9999 -9999 -9999 172 127 127 -9999 -9999 -9999 -9999 -9999 -9999 -9999 -9999 0 22 22 0 0 0 13 13 134 134 134 147 147 147 139 139 137 137 137 133 133 127 127 127 132 132 132 125 125 125 125 125 132 132 132 123 123 123 123 123 124 124
-9999 -9999 -9999 -9999 -9999 161 161 192 -9999 -9999 -9999 -9999 -9999 -9999 -9999 -9999 -9999 -9999 -9999 -9999 -9999 -9999 -9999 -9999 -9999 -9999 -9999 -9999 -9999 -9999 -9999 -9999 -9999 -9999 -9999 172 127 127 127 0 -9999 -9999 -9999 -9999 0 0 0 22 22 0 0 0 13 13 134 134 134 147 147 147 139 139 137 137 137 133 133 127 127 127 132 132 132 125 125 125 125 125 132 132 132 123 123 123 123 123 124 124
-9999 -9999 -9999 -9999 -9999 -9999 -9999 -9999 -9999 -9999 -9999 -9999 -9999 -9999 -9999 -9999 -9999 -9999 -9999 -9999 -9999 -9999 -9999 -9999 -9999 -9999 -9999 61 50 50 50 82 82 125 125 125 154 154 -9999 -9999 -9999 -9999 -9999 0 0 0 0 0 0 27 27 27 69 69 136 136 136 149 149 149 140 140 137 137 137 132 132 126 126 126 131 131 131 124 124 124 124 124 130 130 130 120 120 120 120 120 119 119
-9999 -9999 -9999 -9999 -9999 -9999 -9999 -9999 -9999 -9999 -9999 -9999 -9999 -9999 -9999 -9999 -9999 -9999 -9999 -9999 -9999 -9999 -9999 -9999 -9999 -9999 61 61 50 50 50 82 82 125 125 -9999 -9999 -9999 -9999 -9999 -9999 0 0 0 0 0 0 0 0 27 27 27 69 69 136 136 136 149 149 149 140 140 137 137 137 132 132 126 126 126 131 131 131 124 124 124 124 124 130 130 130 120 120 120 120 120 119 119
-9999 -9999 -9999 -9999 -9999 -9999 -9999 -9999 -9999 -9999 -9999 -9999 -9999 -9999 -9999 -9999 -9999 -9999 -9999 -9999 -9999 -9999 -9999 -9999 -9999 -9999 -9999 0 0 0 0 103 103 -9999 -9999 -9999 -9999 -9999 -9999 -9999 0 0 0 0 34 34 34 64 64 74 74 74 129 129 135 135 135 148 148 148 138 138 134 134 134 130 130 124 124 124 130 130 130 121 121 120 120 120 124 124 124 114 114 113 113 113 112 112
-9999 -9999 -9999 -9999 -9999 -9999 -9999 -9999 -9999 -9999 -9999 -9999 -9999 -9999 -9999 -9999 -9999 -9999 -9999 -9999 -9999 -9999 -9999 -9999 -9999 -9999 -9999 0 -9999 -9999 0 103 103 -9999 -9999 -9999 -9999 -9999 -9999 0 0 0 0 0 34 34 34 64 64 74 74 74 129 129 135 135 135 148 148 148 138 138 134 134 134 130 130 124 124 124 130 130 130 121 121 120 120 120 124 124 124 114 114 113 113 113 112 112
-9999 -9999 -9999 -9999 -9999 -9999 -9999 159 159 159 129 129 129 131 131 132 -9999 -9999 -9999 -9999 -9999 -9999 -9999 -9999 -9999 -9999 -9999 -9999 -9999 -9999 0 103 103 204 -9999 -9999 -9999 -9999 197 0 0 0 0 0 34 34 34 64 64 74 74 74 129 129 135 135 135 148 148 148 138 138 134 134 134 130 130 124 124 124 130 130 130 121 121 120 120 120 124 124 124 114 114 113 113 113 112 112
-9999 -9999 -9999 -9999 -9999 -9999 60 55 55 55 92 92 92 92 92 93 93 93 133 133 -9999 -9999 -9999 -9999 -9999 -9999 -9999 -9999 0 0 0 132 132 214 214 214 0 0 0 0 0 2 2 2 90 90 90 131 131 130 130 130 132 132 137 137 137 149 149 149 139 139 136 136 136 133 133 127 127 127 132 132 132 122 122 119 119 119 122 122 122 114 114 112 112 112 111 111
-9999 -9999 -9999 -9999 -9999 -9999 60 55 55 55 92 92 92 92 92 93 93 93 133 133 156 156 156 0 0 0 0 0 0 0 0 132 132 214 214 214 0 0 0 0 0 2 2 2 90 90 90 131 131 130 130 130 132 132 137 137 137 149 149 149 139 139 136 136 136 133 133 127 127 127 132 132 132 122 122 119 119 119 122 122 122 114 114 112 112 112 111 111
-9999 -9999 124 124 124 60 60 55 55 55 92 92 92 92 92 93 93 93 133 133 156 156 156 0 0 0 0 0 0 0 0 132 132 214 214 214 0 0 0 0 0 2 2 2 90 90 90 131 131 130 130 130 132 132 137 137 137 149 149 149 139 139 136 136 136 133 133 127 127 127 132 132 132 122 122 119 119 119 122 122 122 114 114 112 112 112 111 111
-9999 52 0 0 0 0 0 23 23 23 108 108 108 103 103 99 99 99 152 152 0 0 0 0 0 0 0 0 0 0 0 122 122 146 146 146 110 110 110 79 79 89 89 89 141 141 141 130 130 129 129 129 131 131 136 136 136 148 148 148 138 138 137 137 137 134 134 127 127 127 129 129 129 118 118 115 115 115 118 118 118 110 110 109 109 109 109 109
-9999 52 0 0 0 0 0 23 23 23 108 108 108 103 103 99 99 99 152 152 0 0 0 0 0 0 0 0 0 0 0 122 122 146 146 146 110 110 110 79 79 89 89 89 141 141 141 130 130 129 129 129 131 131 136 136 136 148 148 148 138 138 137 137 137 134 134 127 127 127 129 129 129 118 118 115 115 115 118 118 118 110 110 109 109 109 109 109
0 0 0 0 0 66 66 102 102 102 182 182 182 164 164 151 151 151 175 175 145 145 145 107 107 107 79 79 96 96 96 142 142 138 138 138 149 149 149 140 140 135 135 135 139 139 139 130 130 129 129 129 130 130 134 134 134 146 146 146 138 138 137 137 137 135 135 125 125 125 124 124 124 114 114 113 113 113 116 116 116 108 108 106 106 106 106 106
0 0 0 0 0 66 66 102 102 102 182 182 182 164 164 151 151 151 175 175 145 145 145 107 107 107 79 79 96 96 96 142 142 138 138 138 149 149 149 140 140 135 135 135 139 139 139 130 130 129 129 129 130 130 134 134 134 146 146 146 138 138 137 137 137 135 135 125 125 125 124 124 124 114 114 113 113 113 116 116 116 108 108 106 106 106 106 106
0 0 0 0 0 66 66 102 102 102 182 182 182 164 164 151 151 151 175 175 145 145 145 107 107 107 79 79 96 96 96 142 142 138 138 138 149 149 149 140 140 135 135 135 139 139 139 130 130 129 129 129 130 130 134 134 134 146 146 146 138 138 137 137 137 135 135 125 125 125 124 124 124 114 114 113 113 113 116 116 116 108 108 106 106 106 106 106
0 0 0 0 0 162 162 177 177 177 192 192 192 169 169 151 151 151 145 145 144 144 144 155 155 155 146 146 145 145 145 140 140 134 134 134 143 143 143 136 136 133 133 133 136 136 136 129 129 129 129 129 130 130 133 133 133 144 144 144 136 136 135 135 135 132 132 121 121 121 119 119 119 112 112 112 112 112 116 116 116 107 107 104 104 104 104 104
0 0 0 0 0 162 162 177 177 177 192 192 192 169 169 151 151 151 145 145 144 144 144 155 155 155 146 146 145 145 145 140 140 134 134 134 143 143 143 136 136 133 133 133 136 136 136 129 129 129 129 129 130 130 133 133 133 144 144 144 136 136 135 135 135 132 132 121 121 121 119 119 119 112 112 112 112 112 116 116 116 107 107 104 104 104 104 104
112 112 90 90 90 164 164 181 181 181 197 197 197 172 172 149 149 149 145 145 144 144 144 153 153 153 143 143 140 140 140 135 135 130 130 130 136 136 136 131 131 130 130 130 133 133 133 127 127 127 127 127 129 129 132 132 132 138 138 138 130 130 128 128 128 123 123 113 113 113 114 114 114 108 108 110 110 110 114 114 114 104 104 99 99 99 100 100
112 112 90 90 90 164 164 181 181 181 197 197 197 172 172 149 149 149 145 145 144 144 144 153 153 153 143 143 140 140 140 135 135 130 130 130 136 136 136 131 131 130 130 130 133 133 133 127 127 127 127 127 129 129 132 132 132 138 138 138 130 130 128 128 128 123 123 113 113 113 114 114 114 108 108 110 110 110 114 114 114 104 104 99 99 99 100 100
112 112 90 90 90 164 164 181 181 181 197 197 197 172 172 149 149 149 145 145 144 144 144 153 153 153 143 143 140 140 140 135 135 130 130 130 136 136 136 131 131 130 130 130 133 133 133 127 127 127 127 127 129 129 132 132 132 138 138 138 130 130 128 128 128 123 123 113 113 113 114 114 114 108 108 110 110 110 114 114 114 104 104 99 99 99 100 100
150 150 165 165 165 165 165 183 183 183 199 199 199 175 175 153 153 153 146 146 142 142 142 149 149 149 138 138 134 134 134 132 132 129 129 129 134 134 134 130 130 130 130 130 134 134 134 128 128 128 128 128 132 132 135 135 135 138 138 138 126 126 122 122 122 119 119 113 113 113 117 117 117 111 111 114 114 114 118 118 118 107 107 101 101 101 101 101
150 150 165 165 165 165 165 183 183 183 199 199 199 175 175 153 153 153 146 146 142 142 142 149 149 149 138 138 134 134 134 132 132 129 129 129 134 134 134 130 130 130 130 130 134 134 134 128 128 128 128 128 132 132 135 135 135 138 138 138 126 126 122 122 122 119 119 113 113 113 117 117 117 111 111 114 114 114 118 118 118 107 107 101 101 101 101 101
150 150 165 165 165 165 165 183 183 183 199 199 199 175 175 153 153 153 146 146 142 142 142 149 149 149 138 138 134 134 134 132 132 129 129 129 134 134 134 130 130 130 130 130 134 134 134 128 128 128 128 128 132 132 135 135 135 138 138 138 126 126 122 122 122 119 119 113 113 113 117 117 117 111 111 114 114 114 118 118 118 107 107 101 101 101 101 101
157 157 170 170 170 165 165 180 180 180 196 196 196 175 175 155 155 155 147 147 140 140 140 144 144 144 135 135 132 132 132 130 130 129 129 129 135 135 135 131 131 130 130 130 134 134 134 129 129 129 129 129 132 132 136 136 136 137 137 137 123 123 114 114 114 113 113 112 112 112 116 116 116 111 111 114 114 114 119 119 119 108 108 103 103 103 103 103
157 157 170 170 170 165 165 180 180 180 196 196 196 175 175 155 155 155 147 147 140 140 140 144 144 144 135 135 132 132 132 130 130 129 129 129 135 135 135 131 131 130 130 130 134 134 134 129 129 129 129 129 132 132 136 136 136 137 137 137 123 123 114 114 114 113 113 112 112 112 116 116 116 111 111 114 114 114 119 119 119 108 108 103 103 103 103 103
161 161 175 175 175 167 167 175 175 175 189 189 189 171 171 154 154 154 147 147 140 140 140 141 141 141 134 134 132 132 132 130 130 129 129 129 135 135 135 131 131 131 131 131 135 135 135 131 131 131 131 131 132 132 134 134 134 135 135 135 120 120 108 108 108 107 107 109 109 109 113 113 113 110 110 115 115 115 120 120 120 110 110 105 105 105 104 104
161 161 175 175 175 167 167 175 175 175 189 189 189 171 171 154 154 154 147 147 140 140 140 141 141 141 134 134 132 132 132 130 130 129 129 129 135 135 135 131 131 131 131 131 135 135 135 131 131 131 131 131 132 132 134 134 134 135 135 135 120 120 108 108 108 107 107 109 109 109 113 113 113 110 110 115 115 115 120 120 120 110 110 105 105 105 104 104
