SEB_model/sample_data_files/historical_long/hillshade_historical_long/may6am.txt
ncols         768
nrows         486
xllcorner     388353.95236715
yllcorner     7583725.4876181
cellsize      5
NODATA_value  -9999
[rows 78 to 116 of 486, columns 352 to 439 of 768]
116 116 116 116 116 107 107 104 104 104 104 104 104 96 96 95 95 95 93 93 93 93 93 97 97 97 93 93 94 94 94 94 94 95 95 95 101 101 101 101 101 104 104 104 111 111 111 107 107 110 110 110 112 112 113 113 113 118 118 118 113 113 114 114 114 114 114 114 114 114 120 120 120 115 115 118 118 118 128 128 128 123 123 123 123 123 122 122
116 116 116 116 116 107 107 104 104 104 104 104 104 96 96 95 95 95 93 93 93 93 93 97 97 97 93 93 94 94 94 94 94 95 95 95 101 101 101 101 101 104 104 104 111 111 111 107 107 110 110 110 112 112 113 113 113 118 118 118 113 113 114 114 114 114 114 114 114 114 120 120 120 115 115 118 118 118 128 128 128 123 123 123 123 123 122 122
114 114 116 116 116 109 109 106 106 106 106 106 106 98 98 96 96 96 95 95 94 94 94 98 98 98 95 95 94 94 94 93 93 95 95 95 102 102 102 102 102 104 104 104 111 111 111 106 106 108 108 108 113 113 113 113 113 116 116 116 110 110 114 114 114 115 115 113 113 113 118 118 118 113 113 117 117 117 127 127 127 122 122 122 122 122 121 121
114 114 116 116 116 109 109 106 106 106 106 106 106 98 98 96 96 96 95 95 94 94 94 98 98 98 95 95 94 94 94 93 93 95 95 95 102 102 102 102 102 104 104 104 111 111 111 106 106 108 108 108 113 113 113 113 113 116 116 116 110 110 114 114 114 115 115 113 113 113 118 118 118 113 113 117 117 117 127 127 127 122 122 122 122 122 121 121
114 114 116 116 116 109 109 106 106 106 106 106 106 98 98 96 96 96 95 95 94 94 94 98 98 98 95 95 94 94 94 93 93 95 95 95 102 102 102 102 102 104 104 104 111 111 111 106 106 108 108 108 113 113 113 113 113 116 116 116 110 110 114 114 114 115 115 113 113 113 118 118 118 113 113 117 117 117 127 127 127 122 122 122 122 122 121 121
113 113 115 115 115 109 109 108 108 108 108 108 108 100 100 98 98 98 97 97 95 95 95 99 99 99 97 97 96 96 96 94 94 95 95 95 103 103 103 102 102 105 105 105 110 110 110 104 104 107 107 107 111 111 112 112 112 116 116 116 109 109 113 113 113 114 114 112 112 112 117 117 117 112 112 116 116 116 125 125 125 121 121 121 121 121 121 121
113 113 115 115 115 109 109 108 108 108 108 108 108 100 100 98 98 98 97 97 95 95 95 99 99 99 97 97 96 96 96 94 94 95 95 95 103 103 103 102 102 105 105 105 110 110 110 104 104 107 107 107 111 111 112 112 112 116 116 116 109 109 113 113 113 114 114 112 112 112 117 117 117 112 112 116 116 116 125 125 125 121 121 121 121 121 121 121
113 113 115 115 115 108 108 108 108 108 109 109 109 102 102 100 100 100 99 99 97 97 97 100 100 100 98 98 98 98 98 96 96 96 96 96 102 102 102 102 102 105 105 105 109 109 109 104 104 106 106 106 108 108 110 110 110 116 116 116 110 110 112 112 112 113 113 112 112 112 117 117 117 112 112 115 115 115 123 123 123 119 119 121 121 121 121 121
113 113 115 115 115 108 108 108 108 108 109 109 109 102 102 100 100 100 99 99 97 97 97 100 100 100 98 98 98 98 98 96 96 96 96 96 102 102 102 102 102 105 105 105 109 109 109 104 104 106 106 106 108 108 110 110 110 116 116 116 110 110 112 112 112 113 113 112 112 112 117 117 117 112 112 115 115 115 123 123 123 119 119 121 121 121 121 121
113 113 115 115 115 108 108 108 108 108 109 109 109 102 102 100 100 100 99 99 97 97 97 100 100 100 98 98 98 98 98 96 96 96 96 96 102 102 102 102 102 105 105 105 109 109 109 104 104 106 106 106 108 108 110 110 110 116 116 116 110 110 112 112 112 113 113 112 112 112 117 117 117 112 112 115 115 115 123 123 123 119 119 121 121 121 121 121
113 113 116 116 116 107 107 107 107 107 110 110 110 104 104 101 101 101 99 99 98 98 98 100 100 100 98 98 99 99 99 98 98 99 99 99 103 103 103 102 102 106 106 106 112 112 112 107 107 106 106 106 104 104 106 106 106 113 113 113 109 109 111 111 111 111 111 112 112 112 118 118 118 112 112 113 113 113 121 121 121 117 117 119 119 119 120 120
113 113 116 116 116 107 107 107 107 107 110 110 110 104 104 101 101 101 99 99 98 98 98 100 100 100 98 98 99 99 99 98 98 99 99 99 103 103 103 102 102 106 106 106 112 112 112 107 107 106 106 106 104 104 106 106 106 113 113 113 109 109 111 111 111 111 111 112 112 112 118 118 118 112 112 113 113 113 121 121 121 117 117 119 119 119 120 120
113 113 116 116 116 107 107 107 107 107 110 110 110 104 104 101 101 101 99 99 98 98 98 100 100 100 98 98 99 99 99 98 98 99 99 99 103 103 103 102 102 106 106 106 112 112 112 107 107 106 106 106 104 104 106 106 106 113 113 113 109 109 111 111 111 111 111 112 112 112 118 118 118 112 112 113 113 113 121 121 121 117 117 119 119 119 120 120
110 110 115 115 115 108 108 107 107 107 111 111 111 105 105 101 101 101 99 99 97 97 97 101 101 101 100 100 101 101 101 100 100 101 101 101 105 105 105 102 102 109 109 109 122 122 122 118 118 109 109 109 97 97 93 93 93 100 100 100 100 100 105 105 105 107 107 109 109 109 116 116 116 110 110 111 111 111 120 120 120 117 117 118 118 118 119 119
110 110 115 115 115 108 108 107 107 107 111 111 111 105 105 101 101 101 99 99 97 97 97 101 101 101 100 100 101 101 101 100 100 101 101 101 105 105 105 102 102 109 109 109 122 122 122 118 118 109 109 109 97 97 93 93 93 100 100 100 100 100 105 105 105 107 107 109 109 109 116 116 116 110 110 111 111 111 120 120 120 117 117 118 118 118 119 119
109 109 114 114 114 109 109 108 108 108 111 111 111 104 104 101 101 101 98 98 95 95 95 103 103 103 103 103 103 103 103 102 102 103 103 103 107 107 107 102 102 116 116 116 140 140 140 139 139 121 121 121 91 91 76 76 76 82 82 82 85 85 93 93 93 98 98 103 103 103 110 110 110 105 105 109 109 109 119 119 119 116 116 118 118 118 119 119
109 109 114 114 114 109 109 108 108 108 111 111 111 104 104 101 101 101 98 98 95 95 95 103 103 103 103 103 103 103 103 102 102 103 103 103 107 107 107 102 102 116 116 116 140 140 140 139 139 121 121 121 91 91 76 76 76 82 82 82 85 85 93 93 93 98 98 103 103 103 110 110 110 105 105 109 109 109 119 119 119 116 116 118 118 118 119 119
109 109 114 114 114 109 109 108 108 108 111 111 111 104 104 101 101 101 98 98 95 95 95 103 103 103 103 103 103 103 103 102 102 103 103 103 107 107 107 102 102 116 116 116 140 140 140 139 139 121 121 121 91 91 76 76 76 82 82 82 85 85 93 93 93 98 98 103 103 103 110 110 110 105 105 109 109 109 119 119 119 116 116 118 118 118 119 119
110 110 114 114 114 109 109 109 109 109 112 112 112 103 103 99 99 99 96 96 97 97 97 105 105 105 103 103 104 104 104 104 104 104 104 104 108 108 108 103 103 118 118 118 152 152 152 163 163 149 149 149 108 108 75 75 75 75 75 75 75 75 84 84 84 89 89 94 94 94 102 102 102 100 100 106 106 106 117 117 117 114 114 117 117 117 118 118
110 110 114 114 114 109 109 109 109 109 112 112 112 103 103 99 99 99 96 96 97 97 97 105 105 105 103 103 104 104 104 104 104 104 104 104 108 108 108 103 103 118 118 118 152 152 152 163 163 149 149 149 108 108 75 75 75 75 75 75 75 75 84 84 84 89 89 94 94 94 102 102 102 100 100 106 106 106 117 117 117 114 114 117 117 117 118 118
90 90 111 111 111 110 110 110 110 110 112 112 112 102 102 98 98 98 98 98 101 101 101 107 107 107 103 103 104 104 104 105 105 105 105 105 109 109 109 104 104 108 108 108 136 136 136 155 155 157 157 157 136 136 102 102 102 89 89 89 80 80 84 84 84 87 87 90 90 90 97 97 97 96 96 103 103 103 114 114 114 112 112 115 115 115 116 116
90 90 111 111 111 110 110 110 110 110 112 112 112 102 102 98 98 98 98 98 101 101 101 107 107 107 103 103 104 104 104 105 105 105 105 105 109 109 109 104 104 108 108 108 136 136 136 155 155 157 157 157 136 136 102 102 102 89 89 89 80 80 84 84 84 87 87 90 90 90 97 97 97 96 96 103 103 103 114 114 114 112 112 115 115 115 116 116
90 90 111 111 111 110 110 110 110 110 112 112 112 102 102 98 98 98 98 98 101 101 101 107 107 107 103 103 104 104 104 105 105 105 105 105 109 109 109 104 104 108 108 108 136 136 136 155 155 157 157 157 136 136 102 102 102 89 89 89 80 80 84 84 84 87 87 90 90 90 97 97 97 96 96 103 103 103 114 114 114 112 112 115 115 115 116 116
51 51 101 101 101 110 110 108 108 108 106 106 106 93 93 96 96 96 102 102 104 104 104 107 107 107 103 103 104 104 104 105 105 106 106 106 110 110 110 105 105 95 95 95 103 103 103 124 124 149 149 149 153 153 134 134 134 113 113 113 94 94 92 92 92 93 93 94 94 94 99 99 99 95 95 100 100 100 110 110 110 110 110 114 114 114 115 115
51 51 101 101 101 110 110 108 108 108 106 106 106 93 93 96 96 96 102 102 104 104 104 107 107 107 103 103 104 104 104 105 105 106 106 106 110 110 110 105 105 95 95 95 103 103 103 124 124 149 149 149 153 153 134 134 134 113 113 113 94 94 92 92 92 93 93 94 94 94 99 99 99 95 95 100 100 100 110 110 110 110 110 114 114 114 115 115
51 51 101 101 101 110 110 108 108 108 106 106 106 93 93 96 96 96 102 102 104 104 104 107 107 107 103 103 104 104 104 105 105 106 106 106 110 110 110 105 105 95 95 95 103 103 103 124 124 149 149 149 153 153 134 134 134 113 113 113 94 94 92 92 92 93 93 94 94 94 99 99 99 95 95 100 100 100 110 110 110 110 110 114 114 114 115 115
38 38 77 77 77 89 89 84 84 84 77 77 77 69 69 86 86 86 102 102 104 104 104 107 107 107 103 103 104 104 104 105 105 106 106 106 111 111 111 106 106 93 93 93 84 84 84 95 95 136 136 136 161 161 154 154 154 132 132 132 107 107 101 101 101 100 100 101 101 101 105 105 105 99 99 100 100 100 109 109 109 108 108 111 111 111 114 114
38 38 77 77 77 89 89 84 84 84 77 77 77 69 69 86 86 86 102 102 104 104 104 107 107 107 103 103 104 104 104 105 105 106 106 106 111 111 111 106 106 93 93 93 84 84 84 95 95 136 136 136 161 161 154 154 154 132 132 132 107 107 101 101 101 100 100 101 101 101 105 105 105 99 99 100 100 100 109 109 109 108 108 111 111 111 114 114
80 80 81 81 81 74 74 54 54 54 38 38 38 33 33 60 60 60 90 90 102 102 102 109 109 109 103 103 102 102 102 104 104 106 106 106 112 112 112 107 107 103 103 103 95 95 95 86 86 107 107 107 137 137 147 147 147 139 139 139 117 117 106 106 106 104 104 104 104 104 109 109 109 103 103 104 104 104 112 112 112 108 108 109 109 109 110 110
80 80 81 81 81 74 74 54 54 54 38 38 38 33 33 60 60 60 90 90 102 102 102 109 109 109 103 103 102 102 102 104 104 106 106 106 112 112 112 107 107 103 103 103 95 95 95 86 86 107 107 107 137 137 147 147 147 139 139 139 117 117 106 106 106 104 104 104 104 104 109 109 109 103 103 104 104 104 112 112 112 108 108 109 109 109 110 110
80 80 81 81 81 74 74 54 54 54 38 38 38 33 33 60 60 60 90 90 102 102 102 109 109 109 103 103 102 102 102 104 104 106 106 106 112 112 112 107 107 103 103 103 95 95 95 86 86 107 107 107 137 137 147 147 147 139 139 139 117 117 106 106 106 104 104 104 104 104 109 109 109 103 103 104 104 104 112 112 112 108 108 109 109 109 110 110
145 145 119 119 119 89 89 56 56 56 33 33 33 0 0 37 37 37 64 64 90 90 90 109 109 109 104 104 99 99 99 101 101 106 106 106 114 114 114 109 109 114 114 114 114 114 114 97 97 89 89 89 101 101 121 121 121 131 131 131 122 122 110 110 110 104 104 103 103 103 110 110 110 108 108 109 109 109 116 116 116 111 111 110 110 110 109 109
145 145 119 119 119 89 89 56 56 56 33 33 33 0 0 37 37 37 64 64 90 90 90 109 109 109 104 104 99 99 99 101 101 106 106 106 114 114 114 109 109 114 114 114 114 114 114 97 97 89 89 89 101 101 121 121 121 131 131 131 122 122 110 110 110 104 104 103 103 103 110 110 110 108 108 109 109 109 116 116 116 111 111 110 110 110 109 109
152 152 127 127 127 95 95 79 79 79 72 72 72 56 56 49 49 49 53 53 73 73 73 95 95 95 99 99 98 98 98 98 98 104 104 104 116 116 116 115 115 120 120 120 122 122 122 100 100 78 78 78 76 76 96 96 96 121 121 121 123 123 113 113 113 105 105 102 102 102 110 110 110 111 111 112 112 112 119 119 119 115 115 114 114 114 111 111
152 152 127 127 127 95 95 79 79 79 72 72 72 56 56 49 49 49 53 53 73 73 73 95 95 95 99 99 98 98 98 98 98 104 104 104 116 116 116 115 115 120 120 120 122 122 122 100 100 78 78 78 76 76 96 96 96 121 121 121 123 123 113 113 113 105 105 102 102 102 110 110 110 111 111 112 112 112 119 119 119 115 115 114 114 114 111 111
152 152 127 127 127 95 95 79 79 79 72 72 72 56 56 49 49 49 53 53 73 73 73 95 95 95 99 99 98 98 98 98 98 104 104 104 116 116 116 115 115 120 120 120 122 122 122 100 100 78 78 78 76 76 96 96 96 121 121 121 123 123 113 113 113 105 105 102 102 102 110 110 110 111 111 112 112 112 119 119 119 115 115 114 114 114 111 111
130 130 114 114 114 96 96 103 103 103 112 112 112 105 105 92 92 92 81 81 78 78 78 79 79 79 86 86 96 96 96 100 100 103 103 103 117 117 117 122 122 126 126 126 122 122 122 92 92 65 65 65 61 61 83 83 83 115 115 115 122 122 119 119 119 110 110 104 104 104 109 109 109 109 109 113 113 113 119 119 119 114 114 114 114 114 113 113
130 130 114 114 114 96 96 103 103 103 112 112 112 105 105 92 92 92 81 81 78 78 78 79 79 79 86 86 96 96 96 100 100 103 103 103 117 117 117 122 122 126 126 126 122 122 122 92 92 65 65 65 61 61 83 83 83 115 115 115 122 122 119 119 119 110 110 104 104 104 109 109 109 109 109 113 113 113 119 119 119 114 114 114 114 114 113 113
130 130 114 114 114 96 96 103 103 103 112 112 112 105 105 92 92 92 81 81 78 78 78 79 79 79 86 86 96 96 96 100 100 103 103 103 117 117 117 122 122 126 126 126 122 122 122 92 92 65 65 65 61 61 83 83 83 115 115 115 122 122 119 119 119 110 110 104 104 104 109 109 109 109 109 113 113 113 119 119 119 114 114 114 114 114 113 113
