SEB_model/sample_data_files/historical_long/hillshade_historical_long/may6pm.txt
ncols         768
nrows         486
xllcorner     388353.95236715
yllcorner     7583725.4876181
cellsize      5
NODATA_value  -9999
[rows 84 to 125 of 486, columns 380 to 474 of 768]
0 0 0 0 0 0 0 0 0 0 0 0 0 0 0 0 0 0 0 0 0 0 0 0 0 0 0 0 0 0 0 0 0 0 0 0 0 0 0 0 0 0 0 0 0 0 0 0 0 0 0 0 0 0 0 0 0 0 0 0 0 0 0 0 0 0 0 0 0 0 0 0 0 0 0 0 0 0 0 0 0 0 0 0 0 0 0 0 0 0 0 0 0 0 0
0 0 0 0 0 0 0 0 0 0 0 0 0 0 0 0 0 0 0 0 0 0 0 0 0 0 0 0 0 0 0 0 0 0 0 0 0 0 0 0 0 0 0 0 0 0 0 0 0 0 0 0 0 0 0 0 0 0 0 0 0 0 0 0 0 0 0 0 0 0 0 0 0 0 0 0 0 0 0 0 0 0 0 0 0 0 0 0 0 0 0 0 0 0 0
0 0 0 0 0 0 0 0 0 0 0 0 0 0 0 0 0 0 0 0 0 0 0 0 0 0 0 0 0 0 0 0 0 0 0 0 0 0 0 0 0 0 0 0 0 0 0 0 0 0 0 0 0 0 0 0 0 0 0 0 0 0 0 0 0 0 0 0 0 0 0 0 0 0 0 0 0 0 0 0 0 0 0 0 0 0 0 0 0 0 0 0 0 0 0
0 0 0 0 0 0 0 0 0 0 0 0 0 0 0 0 0 0 0 0 0 0 0 0 0 0 0 0 0 0 0 0 0 0 0 0 0 0 0 0 0 0 0 0 0 0 0 0 0 0 0 0 0 0 0 0 0 0 0 0 0 0 0 0 0 0 0 0 0 0 0 0 0 0 0 0 0 0 0 0 0 0 0 0 0 0 0 0 0 0 0 0 0 0 0
0 0 0 0 0 0 0 0 0 0 0 0 0 0 0 0 0 0 0 0 0 0 0 0 0 0 0 0 0 0 0 0 0 0 0 0 0 0 0 0 0 0 0 0 0 0 0 0 0 0 0 0 0 0 0 0 0 0 0 0 0 0 0 0 0 0 0 0 0 0 0 0 0 0 0 0 0 0 0 0 0 0 0 0 0 0 0 0 0 0 0 0 0 0 0
0 0 0 0 0 0 0 0 0 0 0 0 0 0 0 0 0 0 0 0 0 0 0 0 0 0 0 0 0 0 0 0 0 0 0 0 0 0 0 0 0 0 0 0 0 0 0 0 0 0 0 0 0 0 0 0 0 0 0 0 0 0 0 0 0 0 0 0 0 0 0 0 0 0 0 0 0 0 0 0 0 0 0 0 0 0 0 0 0 0 0 0 0 0 0
0 0 0 0 0 0 0 0 0 0 0 0 0 0 0 0 0 0 0 0 0 0 0 0 0 0 0 0 0 0 0 0 0 0 0 0 0 0 0 0 0 0 0 0 0 0 0 0 0 0 0 0 0 0 0 0 0 0 0 0 0 0 0 0 0 0 0 0 0 0 0 0 0 0 0 0 0 0 0 0 0 0 0 0 0 0 0 0 0 0 0 0 0 0 0
0 0 0 0 0 0 0 0 0 0 0 0 0 0 0 0 0 0 0 0 0 0 0 0 0 0 0 0 0 0 0 0 0 0 0 0 0 0 0 0 0 0 0 0 0 0 0 0 0 0 0 0 0 0 0 0 0 0 0 0 0 0 0 0 0 0 0 0 0 0 0 0 0 0 0 0 0 0 0 0 0 0 0 0 0 0 0 0 0 0 0 0 0 0 0
0 0 0 0 0 0 0 0 0 0 0 0 0 0 0 0 0 0 0 0 0 0 0 0 0 0 0 0 0 0 0 0 0 0 0 0 0 0 0 0 0 0 0 0 0 0 0 0 0 0 0 0 0 0 0 0 0 0 0 0 0 0 0 0 0 0 0 0 0 0 0 0 0 0 0 0 0 0 0 0 0 0 0 0 0 0 0 0 0 0 0 0 0 0 0
0 0 0 0 0 0 0 0 0 0 0 0 0 0 0 0 0 0 0 0 0 0 0 0 0 0 0 0 0 0 0 0 0 0 0 0 0 0 0 0 0 0 0 0 0 0 0 0 0 0 0 0 0 0 0 0 0 0 0 0 0 0 0 0 0 0 0 0 0 0 0 0 0 0 0 0 0 0 0 0 0 0 0 0 0 0 0 0 0 0 0 0 0 0 0
0 0 0 0 0 0 0 0 0 0 0 0 0 0 0 0 0 0 0 0 0 0 0 0 0 0 0 0 0 0 0 0 0 0 0 0 0 0 0 0 0 0 0 0 0 0 0 0 0 0 0 0 0 0 0 0 0 0 0 0 0 0 0 0 0 0 0 0 0 0 0 0 0 0 0 0 0 0 0 0 0 0 0 0 0 0 0 0 0 0 0 0 0 0 0
0 0 0 0 0 0 0 0 0 0 0 0 0 0 0 0 0 0 0 0 0 0 0 0 0 0 0 0 0 0 0 0 0 0 0 0 0 0 0 0 0 0 0 0 0 0 0 0 0 0 0 0 0 0 0 0 0 0 0 0 0 0 0 0 0 0 0 0 0 0 0 0 0 0 0 0 0 0 0 0 0 0 0 0 0 0 0 0 0 0 0 0 0 0 0
0 0 0 0 0 0 0 0 0 0 0 0 0 0 0 0 0 0 0 0 0 0 0 0 0 0 0 0 0 0 0 0 0 0 0 0 0 0 0 0 0 0 0 0 0 0 0 0 0 0 0 0 0 0 0 0 0 0 0 0 0 0 0 0 0 0 0 0 0 0 0 0 0 0 0 0 0 0 0 0 0 0 0 0 0 0 0 0 0 0 0 0 0 0 0
0 0 0 0 0 0 0 0 0 0 0 0 0 0 0 0 0 0 0 0 0 0 0 0 0 0 0 0 0 0 0 0 0 0 0 0 0 0 0 0 0 0 0 0 0 0 0 0 0 0 0 0 0 0 0 0 0 0 0 0 0 0 0 0 0 0 0 0 0 0 0 0 0 0 0 0 0 0 0 0 0 0 0 0 0 0 0 0 0 0 0 0 0 0 0
0 0 0 0 0 0 0 0 0 0 0 0 0 0 0 0 0 0 0 0 0 0 0 0 0 0 0 0 0 0 0 0 0 0 0 0 0 0 0 0 0 0 0 0 0 0 0 0 0 0 0 0 0 0 0 0 0 0 0 0 0 0 0 0 0 0 0 0 0 0 0 0 0 0 0 0 0 0 0 0 0 0 0 0 0 0 0 0 0 0 0 0 0 0 0
0 0 0 0 0 0 0 0 0 0 0 0 0 0 0 0 0 0 0 0 0 0 0 0 0 0 0 0 0 0 0 0 0 0 0 0 0 0 0 0 0 0 0 0 0 0 0 0 0 0 0 0 0 0 0 0 0 0 0 0 0 0 0 0 0 0 0 0 0 0 0 0 0 0 0 0 0 0 0 0 0 0 0 0 0 0 0 0 0 0 0 0 0 0 0
0 0 0 0 0 0 0 0 0 0 0 0 0 0 0 0 0 0 0 0 0 0 0 0 0 0 0 0 0 0 0 0 0 0 0 0 0 0 0 0 0 0 0 0 0 0 0 0 0 0 0 0 0 0 0 0 0 0 0 0 0 0 0 0 0 0 0 0 0 0 0 0 0 0 0 0 0 0 0 0 0 0 0 0 0 0 0 0 0 0 0 0 0 0 0
0 0 0 0 0 0 0 0 0 0 0 0 0 0 0 0 0 0 0 0 0 0 0 0 0 0 0 0 0 0 0 0 0 0 0 0 0 0 0 0 0 0 0 0 0 0 0 47 47 47 37 37 37 38 38 35 35 35 33 33 33 33 33 29 29 29 36 36 35 35 35 35 35 35 35 35 26 26 26 30 30 24 24 24 0 0 0 0 0 0 0 0 0 0 0
0 0 0 0 0 0 0 0 0 0 0 0 0 0 0 0 0 0 0 0 0 0 0 0 0 0 0 0 0 0 0 0 0 0 0 0 0 0 0 0 0 0 0 0 0 0 0 47 47 47 37 37 37 38 38 35 35 35 33 33 33 33 33 29 29 29 36 36 35 35 35 35 35 35 35 35 26 26 26 30 30 24 24 24 0 0 0 0 0 0 0 0 0 0 0
0 0 0 0 0 0 0 0 0 0 0 0 0 0 0 0 0 0 0 0 0 0 0 0 0 0 0 0 0 0 0 0 0 0 0 0 0 0 0 0 0 0 0 0 0 0 0 47 47 47 37 37 37 38 38 35 35 35 33 33 33 33 33 29 29 29 36 36 35 35 35 35 35 35 35 35 26 26 26 30 30 24 24 24 0 0 0 0 0 0 0 0 0 0 0
0 0 0 0 0 0 0 0 0 0 0 0 0 0 0 0 66 66 66 57 57 17 17 17 0 0 0 0 0 0 0 0 0 0 0 0 0 53 53 51 51 51 46 46 46 51 51 49 49 49 39 39 39 40 40 37 37 37 36 36 35 35 35 29 29 29 37 37 35 35 35 35 35 35 35 35 26 26 26 31 31 26 26 26 15 15 15 23 23 23 23 23 24 24 26
0 0 0 0 0 0 0 0 0 0 0 0 0 0 0 0 66 66 66 57 57 17 17 17 0 0 0 0 0 0 0 0 0 0 0 0 0 53 53 51 51 51 46 46 46 51 51 49 49 49 39 39 39 40 40 37 37 37 36 36 35 35 35 29 29 29 37 37 35 35 35 35 35 35 35 35 26 26 26 31 31 26 26 26 15 15 15 23 23 23 23 23 24 24 26
0 0 0 0 0 0 0 0 37 37 37 42 42 43 43 43 44 44 44 46 46 26 26 26 3 3 0 0 0 0 0 0 0 0 48 48 48 50 50 49 49 49 44 44 44 49 49 48 48 48 38 38 38 41 41 40 40 40 39 39 37 37 37 29 29 29 36 36 35 35 35 35 35 35 35 35 27 27 27 32 32 28 28 28 18 18 18 26 26 25 25 25 25 25 26
0 0 0 0 0 0 0 0 37 37 37 42 42 43 43 43 44 44 44 46 46 26 26 26 3 3 0 0 0 0 0 0 0 0 48 48 48 50 50 49 49 49 44 44 44 49 49 48 48 48 38 38 38 41 41 40 40 40 39 39 37 37 37 29 29 29 36 36 35 35 35 35 35 35 35 35 27 27 27 32 32 28 28 28 18 18 18 26 26 25 25 25 25 25 26
0 0 0 0 0 0 0 0 37 37 37 42 42 43 43 43 44 44 44 46 46 26 26 26 3 3 0 0 0 0 0 0 0 0 48 48 48 50 50 49 49 49 44 44 44 49 49 48 48 48 38 38 38 41 41 40 40 40 39 39 37 37 37 29 29 29 36 36 35 35 35 35 35 35 35 35 27 27 27 32 32 28 28 28 18 18 18 26 26 25 25 25 25 25 26
46 46 46 44 44 39 39 39 30 30 30 33 33 24 24 24 18 18 18 32 32 40 40 40 37 37 26 26 26 20 20 20 32 32 44 44 44 50 50 52 52 52 45 45 45 46 46 44 44 44 35 35 35 39 39 39 39 39 40 40 39 39 39 29 29 29 34 34 35 35 35 36 36 36 37 37 28 28 28 33 33 30 30 30 20 20 20 28 28 27 27 27 26 26 26
46 46 46 44 44 39 39 39 30 30 30 33 33 24 24 24 18 18 18 32 32 40 40 40 37 37 26 26 26 20 20 20 32 32 44 44 44 50 50 52 52 52 45 45 45 46 46 44 44 44 35 35 35 39 39 39 39 39 40 40 39 39 39 29 29 29 34 34 35 35 35 36 36 36 37 37 28 28 28 33 33 30 30 30 20 20 20 28 28 27 27 27 26 26 26
42 42 42 42 42 35 35 35 22 22 22 21 21 11 11 11 0 0 0 32 32 59 59 59 68 68 54 54 54 31 31 31 30 30 40 40 40 49 49 51 51 51 42 42 42 41 41 39 39 39 31 31 31 35 35 36 36 36 38 38 40 40 40 31 31 31 35 35 36 36 36 38 38 38 38 38 30 30 30 34 34 31 31 31 21 21 21 28 28 27 27 27 27 27 28
42 42 42 42 42 35 35 35 22 22 22 21 21 11 11 11 0 0 0 32 32 59 59 59 68 68 54 54 54 31 31 31 30 30 40 40 40 49 49 51 51 51 42 42 42 41 41 39 39 39 31 31 31 35 35 36 36 36 38 38 40 40 40 31 31 31 35 35 36 36 36 38 38 38 38 38 30 30 30 34 34 31 31 31 21 21 21 28 28 27 27 27 27 27 28
42 42 42 42 42 35 35 35 22 22 22 21 21 11 11 11 0 0 0 32 32 59 59 59 68 68 54 54 54 31 31 31 30 30 40 40 40 49 49 51 51 51 42 42 42 41 41 39 39 39 31 31 31 35 35 36 36 36 38 38 40 40 40 31 31 31 35 35 36 36 36 38 38 38 38 38 30 30 30 34 34 31 31 31 21 21 21 28 28 27 27 27 27 27 28
42 42 42 39 39 34 34 34 21 21 21 14 14 8 8 8 0 0 0 50 50 82 82 82 89 89 70 70 70 37 37 37 30 30 33 33 33 40 40 45 45 45 39 39 39 40 40 36 36 36 30 30 30 36 36 36 36 36 36 36 38 38 38 31 31 31 37 37 38 38 38 40 40 40 40 40 31 31 31 34 34 30 30 30 20 20 20 27 27 27 27 27 27 27 28
42 42 42 39 39 34 34 34 21 21 21 14 14 8 8 8 0 0 0 50 50 82 82 82 89 89 70 70 70 37 37 37 30 30 33 33 33 40 40 45 45 45 39 39 39 40 40 36 36 36 30 30 30 36 36 36 36 36 36 36 38 38 38 31 31 31 37 37 38 38 38 40 40 40 40 40 31 31 31 34 34 30 30 30 20 20 20 27 27 27 27 27 27 27 28
42 42 42 39 39 34 34 34 21 21 21 14 14 8 8 8 0 0 0 50 50 82 82 82 89 89 70 70 70 37 37 37 30 30 33 33 33 40 40 45 45 45 39 39 39 40 40 36 36 36 30 30 30 36 36 36 36 36 36 36 38 38 38 31 31 31 37 37 38 38 38 40 40 40 40 40 31 31 31 34 34 30 30 30 20 20 20 27 27 27 27 27 27 27 28
44 44 44 32 32 29 29 29 21 21 21 15 15 15 15 15 32 32 32 77 77 100 100 100 95 95 69 69 69 36 36 36 29 29 26 26 26 30 30 38 38 38 41 41 41 45 45 37 37 37 30 30 30 38 38 38 38 38 36 36 35 35 35 31 31 31 38 38 39 39 39 41 41 41 40 40 31 31 31 35 35 31 31 31 20 20 20 26 26 27 27 27 28 28 30
44 44 44 32 32 29 29 29 21 21 21 15 15 15 15 15 32 32 32 77 77 100 100 100 95 95 69 69 69 36 36 36 29 29 26 26 26 30 30 38 38 38 41 41 41 45 45 37 37 37 30 30 30 38 38 38 38 38 36 36 35 35 35 31 31 31 38 38 39 39 39 41 41 41 40 40 31 31 31 35 35 31 31 31 20 20 20 26 26 27 27 27 28 28 30
45 45 45 31 31 29 29 29 28 28 28 31 31 41 41 41 64 64 64 99 99 103 103 103 83 83 57 57 57 33 33 33 30 30 26 26 26 26 26 34 34 34 42 42 42 51 51 43 43 43 32 32 32 39 39 40 40 40 37 37 35 35 35 29 29 29 37 37 40 40 40 42 42 42 41 41 33 33 33 38 38 34 34 34 22 22 22 27 27 28 28 28 29 29 31
45 45 45 31 31 29 29 29 28 28 28 31 31 41 41 41 64 64 64 99 99 103 103 103 83 83 57 57 57 33 33 33 30 30 26 26 26 26 26 34 34 34 42 42 42 51 51 43 43 43 32 32 32 39 39 40 40 40 37 37 35 35 35 29 29 29 37 37 40 40 40 42 42 42 41 41 33 33 33 38 38 34 34 34 22 22 22 27 27 28 28 28 29 29 31
45 45 45 31 31 29 29 29 28 28 28 31 31 41 41 41 64 64 64 99 99 103 103 103 83 83 57 57 57 33 33 33 30 30 26 26 26 26 26 34 34 34 42 42 42 51 51 43 43 43 32 32 32 39 39 40 40 40 37 37 35 35 35 29 29 29 37 37 40 40 40 42 42 42 41 41 33 33 33 38 38 34 34 34 22 22 22 27 27 28 28 28 29 29 31
43 43 43 40 40 39 39 39 38 38 38 52 52 71 71 71 89 89 89 102 102 86 86 86 61 61 45 45 45 33 33 33 36 36 33 33 33 31 31 34 34 34 38 38 38 49 49 48 48 48 36 36 36 39 39 39 39 39 37 37 36 36 36 29 29 29 37 37 41 41 41 42 42 42 40 40 34 34 34 41 41 36 36 36 24 24 24 29 29 27 27 27 28 28 29
43 43 43 40 40 39 39 39 38 38 38 52 52 71 71 71 89 89 89 102 102 86 86 86 61 61 45 45 45 33 33 33 36 36 33 33 33 31 31 34 34 34 38 38 38 49 49 48 48 48 36 36 36 39 39 39 39 39 37 37 36 36 36 29 29 29 37 37 41 41 41 42 42 42 40 40 34 34 34 41 41 36 36 36 24 24 24 29 29 27 27 27 28 28 29
43 43 43 40 40 39 39 39 38 38 38 52 52 71 71 71 89 89 89 102 102 86 86 86 61 61 45 45 45 33 33 33 36 36 33 33 33 31 31 34 34 34 38 38 38 49 49 48 48 48 36 36 36 39 39 39 39 39 37 37 36 36 36 29 29 29 37 37 41 41 41 42 42 42 40 40 34 34 34 41 41 36 36 36 24 24 24 29 29 27 27 27 28 28 29
42 42 42 51 51 50 50 50 46 46 46 68 68 88 88 88 95 95 95 89 89 63 63 63 46 46 43 43 43 37 37 37 42 42 40 40 40 36 36 34 34 34 30 30 30 39 39 45 45 45 39 39 39 42 42 37 37 37 36 36 37 37 37 29 29 29 37 37 40 40 40 41 41 41 40 40 35 35 35 42 42 38 38 38 24 24 24 29 29 26 26 26 25 25 25
