SEB_model/sample_data_files/historical_long/hillshade_historical_long/may6am.txt
ncols         768
nrows         486
xllcorner     388353.95236715
yllcorner     7583725.4876181
cellsize      5
NODATA_value  -9999
[rows 117 to 155 of 486, columns 528 to 615 of 768]
130 129 129 129 137 137 137 128 128 132 132 132 138 138 143 143 143 153 153 153 139 139 133 133 133 135 135 135 122 122 120 120 120 120 120 117 117 117 121 121 121 118 118 116 116 116 122 122 136 136 136 138 138 -9999 -9999 -9999 -9999 -9999 -9999 -9999 -9999 -9999 -9999 -9999 -9999 -9999 -9999 -9999 -9999 -9999 -9999 -9999 -9999 -9999 -9999 -9999 -9999 -9999 -9999 -9999 -9999 -9999 -9999 -9999 -9999 -9999 -9999 -9999
130 129 129 129 137 137 137 128 128 132 132 132 138 138 143 143 143 153 153 153 139 139 133 133 133 135 135 135 122 122 120 120 120 120 120 117 117 117 121 121 121 118 118 116 116 116 122 122 136 136 136 138 138 138 114 -9999 -9999 -9999 -9999 -9999 -9999 -9999 -9999 -9999 -9999 -9999 -9999 -9999 -9999 -9999 -9999 -9999 -9999 -9999 -9999 -9999 -9999 -9999 -9999 -9999 -9999 -9999 -9999 -9999 -9999 -9999 -9999 -9999
128 126 126 126 134 134 134 124 124 130 130 130 138 138 143 143 143 152 152 152 139 139 137 137 137 143 143 143 129 129 129 129 129 130 130 126 126 126 129 129 129 121 121 120 120 120 120 120 125 125 125 146 146 146 149 149 -9999 -9999 -9999 -9999 -9999 -9999 -9999 -9999 -9999 -9999 -9999 -9999 -9999 -9999 -9999 -9999 -9999 -9999 -9999 -9999 -9999 -9999 -9999 -9999 -9999 -9999 -9999 -9999 -9999 -9999 -9999 -9999
128 126 126 126 134 134 134 124 124 130 130 130 138 138 143 143 143 152 152 152 139 139 137 137 137 143 143 143 129 129 129 129 129 130 130 126 126 126 129 129 129 121 121 120 120 120 120 120 125 125 125 146 146 146 149 149 120 120 -9999 -9999 -9999 -9999 -9999 -9999 -9999 -9999 -9999 -9999 -9999 -9999 -9999 -9999 -9999 -9999 -9999 -9999 -9999 -9999 -9999 -9999 -9999 -9999 -9999 -9999 -9999 -9999 -9999 -9999
128 126 126 126 134 134 134 124 124 130 130 130 138 138 143 143 143 152 152 152 139 139 137 137 137 143 143 143 129 129 129 129 129 130 130 126 126 126 129 129 129 121 121 120 120 120 120 120 125 125 125 146 146 146 149 149 120 120 120 -9999 -9999 -9999 -9999 -9999 -9999 -9999 -9999 -9999 -9999 -9999 -9999 -9999 -9999 -9999 -9999 -9999 -9999 -9999 -9999 -9999 -9999 -9999 -9999 -9999 -9999 -9999 -9999 -9999
128 127 127 127 134 134 134 124 124 128 128 128 134 134 139 139 139 149 149 149 138 138 137 137 137 144 144 144 132 132 132 132 132 134 134 134 134 134 141 141 141 130 130 125 125 125 124 124 119 119 119 129 129 129 154 154 159 159 159 -9999 -9999 -9999 -9999 -9999 -9999 -9999 -9999 -9999 -9999 -9999 -9999 -9999 -9999 -9999 -9999 -9999 -9999 -9999 -9999 -9999 -9999 -9999 -9999 -9999 -9999 -9999 -9999 -9999
128 127 127 127 134 134 134 124 124 128 128 128 134 134 139 139 139 149 149 149 138 138 137 137 137 144 144 144 132 132 132 132 132 134 134 134 134 134 141 141 141 130 130 125 125 125 124 124 119 119 119 129 129 129 154 154 159 159 159 125 -9999 -9999 -9999 -9999 -9999 -9999 -9999 -9999 -9999 -9999 -9999 -9999 -9999 -9999 -9999 -9999 -9999 -9999 -9999 -9999 -9999 -9999 -9999 -9999 -9999 -9999 -9999 -9999
128 127 127 127 134 134 134 124 124 128 128 128 134 134 139 139 139 149 149 149 138 138 137 137 137 144 144 144 132 132 132 132 132 134 134 134 134 134 141 141 141 130 130 125 125 125 124 124 119 119 119 129 129 129 154 154 159 159 159 125 -9999 -9999 -9999 -9999 -9999 -9999 -9999 -9999 -9999 -9999 -9999 -9999 -9999 -9999 -9999 -9999 -9999 -9999 -9999 -9999 -9999 -9999 -9999 -9999 -9999 -9999 -9999 -9999
127 127 127 127 135 135 135 126 126 128 128 128 131 131 135 135 135 144 144 144 135 135 135 135 135 144 144 144 132 132 130 130 130 132 132 137 137 137 149 149 149 140 140 135 135 135 131 131 124 124 124 120 120 120 129 129 163 163 163 168 168 -9999 -9999 -9999 -9999 -9999 -9999 -9999 -9999 -9999 -9999 -9999 -9999 -9999 -9999 -9999 -9999 -9999 -9999 -9999 -9999 -9999 -9999 -9999 -9999 -9999 -9999 -9999
127 127 127 127 135 135 135 126 126 128 128 128 131 131 135 135 135 144 144 144 135 135 135 135 135 144 144 144 132 132 130 130 130 132 132 137 137 137 149 149 149 140 140 135 135 135 131 131 124 124 124 120 120 120 129 129 163 163 163 168 168 -9999 -9999 -9999 -9999 -9999 -9999 -9999 -9999 -9999 -9999 -9999 -9999 -9999 -9999 -9999 -9999 -9999 -9999 -9999 -9999 -9999 -9999 -9999 -9999 -9999 -9999 -9999
127 127 127 127 135 135 135 128 128 130 130 130 131 131 133 133 133 141 141 141 132 132 132 132 132 142 142 142 131 131 128 128 128 130 130 136 136 136 151 151 151 146 146 145 145 145 142 142 131 131 131 128 128 128 116 116 135 135 135 174 174 174 -9999 -9999 -9999 -9999 -9999 -9999 -9999 -9999 -9999 -9999 -9999 -9999 -9999 -9999 -9999 -9999 -9999 -9999 -9999 -9999 -9999 -9999 -9999 -9999 -9999 -9999
127 127 127 127 135 135 135 128 128 130 130 130 131 131 133 133 133 141 141 141 132 132 132 132 132 142 142 142 131 131 128 128 128 130 130 136 136 136 151 151 151 146 146 145 145 145 142 142 131 131 131 128 128 128 116 116 135 135 135 174 174 174 174 -9999 -9999 -9999 -9999 -9999 -9999 -9999 -9999 -9999 -9999 -9999 -9999 -9999 -9999 -9999 -9999 -9999 -9999 -9999 -9999 -9999 -9999 -9999 -9999 -9999
127 127 127 127 135 135 135 128 128 130 130 130 131 131 133 133 133 141 141 141 132 132 132 132 132 142 142 142 131 131 128 128 128 130 130 136 136 136 151 151 151 146 146 145 145 145 142 142 131 131 131 128 128 128 116 116 135 135 135 174 174 174 174 174 -9999 -9999 -9999 -9999 -9999 -9999 -9999 -9999 -9999 -9999 -9999 -9999 -9999 -9999 -9999 -9999 -9999 -9999 -9999 -9999 -9999 -9999 -9999 -9999
126 126 126 126 135 135 135 129 129 131 131 131 131 131 133 133 133 140 140 140 129 129 129 129 129 139 139 139 130 130 127 127 127 127 127 135 135 135 153 153 153 149 149 149 149 149 146 146 137 137 137 139 139 139 128 128 124 124 124 148 148 148 178 178 175 175 -9999 -9999 -9999 -9999 -9999 -9999 -9999 -9999 -9999 -9999 -9999 -9999 -9999 -9999 -9999 -9999 -9999 -9999 -9999 -9999 -9999 -9999
126 126 126 126 135 135 135 129 129 131 131 131 131 131 133 133 133 140 140 140 129 129 129 129 129 139 139 139 130 130 127 127 127 127 127 135 135 135 153 153 153 149 149 149 149 149 146 146 137 137 137 139 139 139 128 128 124 124 124 148 148 148 178 178 175 175 175 135 -9999 -9999 -9999 -9999 -9999 -9999 -9999 -9999 -9999 -9999 -9999 -9999 -9999 -9999 -9999 -9999 -9999 -9999 -9999 -9999
127 127 127 127 135 135 135 129 129 130 130 130 131 131 131 131 131 139 139 139 129 129 127 127 127 136 136 136 129 129 127 127 127 126 126 135 135 135 155 155 155 150 150 149 149 149 144 144 139 139 139 148 148 148 139 139 136 136 136 140 140 140 149 149 182 182 182 185 185 -9999 -9999 -9999 -9999 -9999 -9999 -9999 -9999 -9999 -9999 -9999 -9999 -9999 -9999 -9999 -9999 -9999 -9999 -9999
127 127 127 127 135 135 135 129 129 130 130 130 131 131 131 131 131 139 139 139 129 129 127 127 127 136 136 136 129 129 127 127 127 126 126 135 135 135 155 155 155 150 150 149 149 149 144 144 139 139 139 148 148 148 139 139 136 136 136 140 140 140 149 149 182 182 182 185 185 -9999 -9999 -9999 -9999 -9999 -9999 -9999 -9999 -9999 -9999 -9999 -9999 -9999 -9999 -9999 -9999 -9999 -9999 -9999
127 127 127 127 135 135 135 129 129 130 130 130 131 131 131 131 131 139 139 139 129 129 127 127 127 136 136 136 129 129 127 127 127 126 126 135 135 135 155 155 155 150 150 149 149 149 144 144 139 139 139 148 148 148 139 139 136 136 136 140 140 140 149 149 182 182 182 185 185 140 -9999 -9999 -9999 -9999 -9999 -9999 -9999 -9999 -9999 -9999 -9999 -9999 -9999 -9999 -9999 -9999 -9999 -9999
128 128 128 128 136 136 136 128 128 129 129 129 128 128 128 128 128 137 137 137 129 129 127 127 127 135 135 135 128 128 128 128 128 128 128 136 136 136 154 154 154 148 148 146 146 146 143 143 142 142 142 153 153 153 143 143 142 142 142 148 148 148 136 136 160 160 160 194 194 190 190 -9999 -9999 -9999 -9999 -9999 -9999 -9999 -9999 -9999 -9999 -9999 -9999 -9999 -9999 -9999 -9999 -9999
128 128 128 128 136 136 136 128 128 129 129 129 128 128 128 128 128 137 137 137 129 129 127 127 127 135 135 135 128 128 128 128 128 128 128 136 136 136 154 154 154 148 148 146 146 146 143 143 142 142 142 153 153 153 143 143 142 142 142 148 148 148 136 136 160 160 160 194 194 190 190 190 140 -9999 -9999 -9999 -9999 -9999 -9999 -9999 -9999 -9999 -9999 -9999 -9999 -9999 -9999 -9999
128 128 128 128 136 136 136 128 128 129 129 129 128 128 128 128 128 137 137 137 129 129 127 127 127 135 135 135 128 128 128 128 128 128 128 136 136 136 154 154 154 148 148 146 146 146 143 143 142 142 142 153 153 153 143 143 142 142 142 148 148 148 136 136 160 160 160 194 194 190 190 190 140 140 -9999 -9999 -9999 -9999 -9999 -9999 -9999 -9999 -9999 -9999 -9999 -9999 -9999 -9999
129 128 128 128 136 136 136 128 128 127 127 127 126 126 126 126 126 136 136 136 129 129 129 129 129 136 136 136 128 128 129 129 129 131 131 137 137 137 151 151 151 145 145 145 145 145 144 144 146 146 146 157 157 157 143 143 140 140 140 150 150 150 143 143 148 148 148 169 169 194 194 194 167 167 167 143 -9999 -9999 -9999 -9999 -9999 -9999 -9999 -9999 -9999 -9999 -9999 -9999
129 128 128 128 136 136 136 128 128 127 127 127 126 126 126 126 126 136 136 136 129 129 129 129 129 136 136 136 128 128 129 129 129 131 131 137 137 137 151 151 151 145 145 145 145 145 144 144 146 146 146 157 157 157 143 143 140 140 140 150 150 150 143 143 148 148 148 169 169 194 194 194 167 167 167 143 143 139 -9999 -9999 -9999 -9999 -9999 -9999 -9999 -9999 -9999 -9999
130 129 129 129 136 136 136 127 127 125 125 125 124 124 125 125 125 136 136 136 130 130 130 130 130 137 137 137 129 129 130 130 130 133 133 136 136 136 148 148 148 142 142 146 146 146 148 148 150 150 150 157 157 157 141 141 138 138 138 152 152 152 147 147 150 150 150 148 148 163 163 163 150 150 150 163 163 196 196 196 -9999 -9999 -9999 -9999 -9999 -9999 -9999 -9999
130 129 129 129 136 136 136 127 127 125 125 125 124 124 125 125 125 136 136 136 130 130 130 130 130 137 137 137 129 129 130 130 130 133 133 136 136 136 148 148 148 142 142 146 146 146 148 148 150 150 150 157 157 157 141 141 138 138 138 152 152 152 147 147 150 150 150 148 148 163 163 163 150 150 150 163 163 196 196 196 147 147 -9999 -9999 -9999 -9999 -9999 95
130 129 129 129 136 136 136 127 127 125 125 125 124 124 125 125 125 136 136 136 130 130 130 130 130 137 137 137 129 129 130 130 130 133 133 136 136 136 148 148 148 142 142 146 146 146 148 148 150 150 150 157 157 157 141 141 138 138 138 152 152 152 147 147 150 150 150 148 148 163 163 163 150 150 150 163 163 196 196 196 147 147 147 95 95 95 95 95
130 130 130 130 136 136 136 127 127 124 124 124 122 122 124 124 124 136 136 136 130 130 130 130 130 139 139 139 130 130 131 131 131 133 133 134 134 134 146 146 146 142 142 148 148 148 150 150 149 149 149 156 156 156 140 140 140 140 140 155 155 155 147 147 146 146 146 144 144 140 140 140 138 138 138 150 150 195 195 195 169 169 169 102 102 111 111 111
130 130 130 130 136 136 136 127 127 124 124 124 122 122 124 124 124 136 136 136 130 130 130 130 130 139 139 139 130 130 131 131 131 133 133 134 134 134 146 146 146 142 142 148 148 148 150 150 149 149 149 156 156 156 140 140 140 140 140 155 155 155 147 147 146 146 146 144 144 140 140 140 138 138 138 150 150 195 195 195 169 169 169 102 102 111 111 111
129 129 129 129 136 136 136 128 128 125 125 125 123 123 123 123 123 134 134 134 128 128 128 128 128 138 138 138 131 131 131 131 131 132 132 133 133 133 146 146 146 142 142 147 147 147 148 148 146 146 146 153 153 153 141 141 145 145 145 159 159 159 146 146 143 143 143 142 142 140 140 140 143 143 143 125 125 162 162 162 152 152 152 114 114 134 134 134
129 129 129 129 136 136 136 128 128 125 125 125 123 123 123 123 123 134 134 134 128 128 128 128 128 138 138 138 131 131 131 131 131 132 132 133 133 133 146 146 146 142 142 147 147 147 148 148 146 146 146 153 153 153 141 141 145 145 145 159 159 159 146 146 143 143 143 142 142 140 140 140 143 143 143 125 125 162 162 162 152 152 152 114 114 134 134 134
129 129 129 129 136 136 136 128 128 125 125 125 123 123 123 123 123 134 134 134 128 128 128 128 128 138 138 138 131 131 131 131 131 132 132 133 133 133 146 146 146 142 142 147 147 147 148 148 146 146 146 153 153 153 141 141 145 145 145 159 159 159 146 146 143 143 143 142 142 140 140 140 143 143 143 125 125 162 162 162 152 152 152 114 114 134 134 134
128 128 128 128 136 136 136 128 128 127 127 127 125 125 124 124 124 133 133 133 126 126 128 128 128 138 138 138 130 130 130 130 130 131 131 133 133 133 146 146 146 141 141 144 144 144 144 144 142 142 142 151 151 151 142 142 147 147 147 160 160 160 147 147 143 143 143 142 142 141 141 141 146 146 146 133 133 133 133 133 135 135 135 140 140 158 158 158
128 128 128 128 136 136 136 128 128 127 127 127 125 125 124 124 124 133 133 133 126 126 128 128 128 138 138 138 130 130 130 130 130 131 131 133 133 133 146 146 146 141 141 144 144 144 144 144 142 142 142 151 151 151 142 142 147 147 147 160 160 160 147 147 143 143 143 142 142 141 141 141 146 146 146 133 133 133 133 133 135 135 135 140 140 158 158 158
128 128 128 128 136 136 136 128 128 127 127 127 125 125 124 124 124 133 133 133 126 126 128 128 128 138 138 138 130 130 130 130 130 131 131 133 133 133 146 146 146 141 141 144 144 144 144 144 142 142 142 151 151 151 142 142 147 147 147 160 160 160 147 147 143 143 143 142 142 141 141 141 146 146 146 133 133 133 133 133 135 135 135 140 140 158 158 158
127 127 127 127 135 135 135 127 127 127 127 127 126 126 123 123 123 132 132 132 128 128 130 130 130 139 139 139 131 131 130 130 130 130 130 133 133 133 145 145 145 140 140 142 142 142 142 142 140 140 140 149 149 149 140 140 145 145 145 160 160 160 149 149 146 146 146 142 142 140 140 140 149 149 149 139 139 139 139 139 140 140 140 146 146 162 162 162
127 127 127 127 135 135 135 127 127 127 127 127 126 126 123 123 123 132 132 132 128 128 130 130 130 139 139 139 131 131 130 130 130 130 130 133 133 133 145 145 145 140 140 142 142 142 142 142 140 140 140 149 149 149 140 140 145 145 145 160 160 160 149 149 146 146 146 142 142 140 140 140 149 149 149 139 139 139 139 139 140 140 140 146 146 162 162 162
126 126 126 126 134 134 134 127 127 127 127 127 125 125 122 122 122 132 132 132 129 129 132 132 132 140 140 140 131 131 131 131 131 132 132 133 133 133 144 144 144 139 139 141 141 141 141 141 140 140 140 148 148 148 137 137 142 142 142 157 157 157 150 150 148 148 148 144 144 141 141 141 150 150 150 140 140 140 140 140 139 139 139 144 144 161 161 161
126 126 126 126 134 134 134 127 127 127 127 127 125 125 122 122 122 132 132 132 129 129 132 132 132 140 140 140 131 131 131 131 131 132 132 133 133 133 144 144 144 139 139 141 141 141 141 141 140 140 140 148 148 148 137 137 142 142 142 157 157 157 150 150 148 148 148 144 144 141 141 141 150 150 150 140 140 140 140 140 139 139 139 144 144 161 161 161
126 126 126 126 134 134 134 127 127 127 127 127 125 125 122 122 122 132 132 132 129 129 132 132 132 140 140 140 131 131 131 131 131 132 132 133 133 133 144 144 144 139 139 141 141 141 141 141 140 140 140 148 148 148 137 137 142 142 142 157 157 157 150 150 148 148 148 144 144 141 141 141 150 150 150 140 140 140 140 140 139 139 139 144 144 161 161 161
