SEB_model/sample_data_files/historical_long/hillshade_historical_long/may6pm.txt
ncols         768
nrows         486
xllcorner     388353.95236715
yllcorner     7583725.4876181
cellsize      5
NODATA_value  -9999
[rows 168 to 209 of 486, columns 190 to 284 of 768]
41 41 40 40 39 39 39 32 32 32 37 37 38 38 38 37 37 37 46 46 52 52 52 55 55 55 55 55 50 50 50 50 50 48 48 48 45 45 44 44 44 35 35 35 22 22 24 24 24 40 40 40 54 54 50 50 50 48 48 50 50 50 41 41 41 44 44 38 38 38 34 34 39 39 39 41 41 41 48 48 42 42 42 36 36 36 45 45 46 46 46 45 45 46 46
40 40 39 39 37 37 37 31 31 31 37 37 40 40 40 39 39 39 46 46 52 52 52 54 54 53 53 53 48 48 48 47 47 42 42 42 38 38 38 38 38 31 31 31 23 23 20 20 20 30 30 30 43 43 37 37 37 37 37 41 41 41 33 33 33 36 36 31 31 31 29 29 37 37 37 42 42 42 51 51 46 46 46 34 34 34 37 37 38 38 38 39 39 41 41
40 40 39 39 37 37 37 31 31 31 37 37 40 40 40 39 39 39 46 46 52 52 52 54 54 53 53 53 48 48 48 47 47 42 42 42 38 38 38 38 38 31 31 31 23 23 20 20 20 30 30 30 43 43 37 37 37 37 37 41 41 41 33 33 33 36 36 31 31 31 29 29 37 37 37 42 42 42 51 51 46 46 46 34 34 34 37 37 38 38 38 39 39 41 41
40 40 39 39 37 37 37 31 31 31 37 37 40 40 40 39 39 39 46 46 52 52 52 54 54 53 53 53 48 48 48 47 47 42 42 42 38 38 38 38 38 31 31 31 23 23 20 20 20 30 30 30 43 43 37 37 37 37 37 41 41 41 33 33 33 36 36 31 31 31 29 29 37 37 37 42 42 42 51 51 46 46 46 34 34 34 37 37 38 38 38 39 39 41 41
38 38 36 36 36 36 36 32 32 32 39 39 42 42 42 41 41 41 47 47 49 49 49 50 50 48 48 48 45 45 45 44 44 37 37 37 31 31 31 31 31 28 28 28 24 24 16 16 16 17 17 17 33 33 32 32 32 31 31 33 33 33 25 25 25 32 32 33 33 33 34 34 38 38 38 38 38 38 49 49 48 48 48 36 36 36 36 36 34 34 34 36 36 40 40
38 38 36 36 36 36 36 32 32 32 39 39 42 42 42 41 41 41 47 47 49 49 49 50 50 48 48 48 45 45 45 44 44 37 37 37 31 31 31 31 31 28 28 28 24 24 16 16 16 17 17 17 33 33 32 32 32 31 31 33 33 33 25 25 25 32 32 33 33 33 34 34 38 38 38 38 38 38 49 49 48 48 48 36 36 36 36 36 34 34 34 36 36 40 40
33 33 32 32 36 36 36 33 33 33 40 40 43 43 43 42 42 42 46 46 45 45 45 44 44 44 44 44 41 41 41 41 41 32 32 32 28 28 27 27 27 25 25 25 23 23 12 12 12 5 5 5 24 24 30 30 30 27 27 25 25 25 20 20 20 31 31 35 35 35 37 37 38 38 38 34 34 34 44 44 48 48 48 39 39 39 38 38 34 34 34 36 36 41 41
33 33 32 32 36 36 36 33 33 33 40 40 43 43 43 42 42 42 46 46 45 45 45 44 44 44 44 44 41 41 41 41 41 32 32 32 28 28 27 27 27 25 25 25 23 23 12 12 12 5 5 5 24 24 30 30 30 27 27 25 25 25 20 20 20 31 31 35 35 35 37 37 38 38 38 34 34 34 44 44 48 48 48 39 39 39 38 38 34 34 34 36 36 41 41
33 33 32 32 36 36 36 33 33 33 40 40 43 43 43 42 42 42 46 46 45 45 45 44 44 44 44 44 41 41 41 41 41 32 32 32 28 28 27 27 27 25 25 25 23 23 12 12 12 5 5 5 24 24 30 30 30 27 27 25 25 25 20 20 20 31 31 35 35 35 37 37 38 38 38 34 34 34 44 44 48 48 48 39 39 39 38 38 34 34 34 36 36 41 41
31 31 0 0 34 34 34 32 32 32 40 40 42 42 42 39 39 39 42 42 41 41 41 40 40 41 41 41 38 38 38 38 38 30 30 30 28 28 27 27 27 20 20 20 17 17 4 4 4 0 0 0 0 0 31 31 31 24 24 18 18 18 14 14 14 28 28 34 34 34 39 39 40 40 40 35 35 35 45 45 48 48 48 40 40 40 41 41 40 40 40 42 42 47 47
31 31 0 0 34 34 34 32 32 32 40 40 42 42 42 39 39 39 42 42 41 41 41 40 40 41 41 41 38 38 38 38 38 30 30 30 28 28 27 27 27 20 20 20 17 17 4 4 4 0 0 0 0 0 31 31 31 24 24 18 18 18 14 14 14 28 28 34 34 34 39 39 40 40 40 35 35 35 45 45 48 48 48 40 40 40 41 41 40 40 40 42 42 47 47
33 33 0 0 32 32 32 30 30 30 38 38 40 40 40 36 36 36 38 38 37 37 37 38 38 40 40 40 38 38 38 37 37 32 32 32 31 31 27 27 27 14 14 14 7 7 0 0 0 0 0 0 0 0 29 29 29 21 21 13 13 13 7 7 7 24 24 34 34 34 40 40 43 43 43 40 40 40 50 50 49 49 49 39 39 39 43 43 48 48 48 52 52 54 54
33 33 0 0 32 32 32 30 30 30 38 38 40 40 40 36 36 36 38 38 37 37 37 38 38 40 40 40 38 38 38 37 37 32 32 32 31 31 27 27 27 14 14 14 7 7 0 0 0 0 0 0 0 0 29 29 29 21 21 13 13 13 7 7 7 24 24 34 34 34 40 40 43 43 43 40 40 40 50 50 49 49 49 39 39 39 43 43 48 48 48 52 52 54 54
33 33 0 0 32 32 32 30 30 30 38 38 40 40 40 36 36 36 38 38 37 37 37 38 38 40 40 40 38 38 38 37 37 32 32 32 31 31 27 27 27 14 14 14 7 7 0 0 0 0 0 0 0 0 29 29 29 21 21 13 13 13 7 7 7 24 24 34 34 34 40 40 43 43 43 40 40 40 50 50 49 49 49 39 39 39 43 43 48 48 48 52 52 54 54
33 33 29 29 28 28 28 22 22 22 31 31 36 36 36 32 32 32 33 33 33 33 33 34 34 35 35 35 34 34 34 37 37 34 34 34 30 30 22 22 22 4 4 4 0 0 0 0 0 0 0 0 0 0 0 0 0 0 0 7 7 7 0 0 0 20 20 33 33 33 39 39 44 44 44 42 42 42 48 48 46 46 46 38 38 38 45 45 52 52 52 56 56 59 59
33 33 29 29 28 28 28 22 22 22 31 31 36 36 36 32 32 32 33 33 33 33 33 34 34 35 35 35 34 34 34 37 37 34 34 34 30 30 22 22 22 4 4 4 0 0 0 0 0 0 0 0 0 0 0 0 0 0 0 7 7 7 0 0 0 20 20 33 33 33 39 39 44 44 44 42 42 42 48 48 46 46 46 38 38 38 45 45 52 52 52 56 56 59 59
33 33 29 29 28 28 28 22 22 22 31 31 36 36 36 32 32 32 33 33 33 33 33 34 34 35 35 35 34 34 34 37 37 34 34 34 30 30 22 22 22 4 4 4 0 0 0 0 0 0 0 0 0 0 0 0 0 0 0 7 7 7 0 0 0 20 20 33 33 33 39 39 44 44 44 42 42 42 48 48 46 46 46 38 38 38 45 45 52 52 52 56 56 59 59
35 35 30 30 25 25 25 16 16 16 26 26 35 35 35 30 30 30 32 32 32 32 32 31 31 30 30 30 30 30 30 38 38 35 35 35 28 28 16 16 16 0 0 0 0 0 0 0 0 0 0 0 0 0 0 0 0 0 0 0 0 0 0 0 0 0 0 33 33 33 38 38 44 44 44 39 39 39 42 42 42 42 42 40 40 40 52 52 57 57 57 60 60 63 63
35 35 30 30 25 25 25 16 16 16 26 26 35 35 35 30 30 30 32 32 32 32 32 31 31 30 30 30 30 30 30 38 38 35 35 35 28 28 16 16 16 0 0 0 0 0 0 0 0 0 0 0 0 0 0 0 0 0 0 0 0 0 0 0 0 0 0 33 33 33 38 38 44 44 44 39 39 39 42 42 42 42 42 40 40 40 52 52 57 57 57 60 60 63 63
32 32 25 25 17 17 17 26 26 26 40 40 19 19 19 10 10 10 25 25 43 43 43 43 43 26 26 26 24 24 24 33 33 32 32 32 24 24 12 12 12 0 0 0 0 0 0 0 0 0 0 0 0 0 0 0 0 0 0 0 0 0 0 0 0 0 0 34 34 34 37 37 41 41 41 33 33 33 37 37 41 41 41 45 45 45 60 60 63 63 63 65 65 68 68
32 32 25 25 17 17 17 26 26 26 40 40 19 19 19 10 10 10 25 25 43 43 43 43 43 26 26 26 24 24 24 33 33 32 32 32 24 24 12 12 12 0 0 0 0 0 0 0 0 0 0 0 0 0 0 0 0 0 0 0 0 0 0 0 0 0 0 34 34 34 37 37 41 41 41 33 33 33 37 37 41 41 41 45 45 45 60 60 63 63 63 65 65 68 68
-9999 -9999 -9999 -9999 -9999 -9999 -9999 -9999 26 26 40 40 19 -9999 -9999 -9999 -9999 -9999 -9999 -9999 -9999 -9999 43 43 43 26 26 26 24 24 24 33 33 32 32 32 24 24 12 12 12 0 0 0 0 0 0 0 0 0 0 0 0 0 0 0 0 0 0 0 0 0 0 0 0 0 0 34 34 34 37 37 41 41 41 33 33 33 37 37 41 41 41 45 45 45 60 60 63 63 63 65 65 68 68
-9999 -9999 -9999 -9999 -9999 -9999 -9999 -9999 -9999 -9999 -9999 -9999 -9999 -9999 -9999 -9999 -9999 -9999 -9999 -9999 -9999 -9999 -9999 -9999 -9999 -9999 -9999 -9999 0 0 0 31 31 20 20 20 15 15 0 0 0 0 0 0 0 0 0 0 0 0 0 0 0 0 0 0 0 0 0 0 0 0 0 0 0 0 0 0 0 0 0 0 34 34 34 24 24 24 33 33 42 42 42 46 46 46 60 60 64 64 64 66 66 70 70
-9999 -9999 -9999 -9999 -9999 -9999 -9999 -9999 -9999 -9999 -9999 -9999 -9999 -9999 -9999 -9999 -9999 -9999 -9999 -9999 -9999 -9999 -9999 -9999 -9999 -9999 -9999 -9999 -9999 -9999 0 31 31 20 20 20 15 15 0 0 0 0 0 0 0 0 0 0 0 0 0 0 0 0 0 0 0 0 0 0 0 0 0 0 0 0 0 0 0 0 0 0 34 34 34 24 24 24 33 33 42 42 42 46 46 46 60 60 64 64 64 66 66 70 70
-9999 -9999 -9999 -9999 -9999 -9999 -9999 -9999 -9999 -9999 -9999 -9999 -9999 -9999 -9999 -9999 -9999 -9999 -9999 -9999 -9999 -9999 -9999 -9999 -9999 -9999 -9999 -9999 -9999 -9999 -9999 -9999 31 20 20 20 15 15 0 0 0 0 0 0 0 0 0 0 0 0 0 0 0 0 0 0 0 0 0 0 0 0 0 0 0 0 0 0 0 0 0 0 34 34 34 24 24 24 33 33 42 42 42 46 46 46 60 60 64 64 64 66 66 70 70
-9999 -9999 -9999 -9999 -9999 -9999 -9999 -9999 -9999 -9999 -9999 -9999 -9999 -9999 -9999 -9999 -9999 -9999 -9999 -9999 -9999 -9999 -9999 -9999 -9999 -9999 -9999 -9999 -9999 -9999 -9999 -9999 46 18 18 18 3 3 0 0 0 0 0 0 0 0 0 0 0 0 0 0 0 0 0 0 0 0 0 0 0 0 0 0 0 0 0 0 0 0 0 0 0 0 0 23 23 23 35 35 43 43 43 42 42 42 53 53 61 61 61 67 67 72 72
-9999 -9999 -9999 -9999 -9999 -9999 -9999 -9999 -9999 -9999 -9999 -9999 -9999 -9999 -9999 -9999 -9999 -9999 -9999 -9999 -9999 -9999 -9999 -9999 -9999 -9999 -9999 -9999 -9999 -9999 -9999 -9999 46 18 18 18 3 3 0 0 0 0 0 0 0 0 0 0 0 0 0 0 0 0 0 0 0 0 0 0 0 0 0 0 0 0 0 0 0 0 0 0 0 0 0 23 23 23 35 35 43 43 43 42 42 42 53 53 61 61 61 67 67 72 72
37 37 -9999 -9999 -9999 -9999 -9999 -9999 -9999 -9999 -9999 -9999 -9999 -9999 -9999 -9999 -9999 -9999 -9999 -9999 -9999 -9999 -9999 -9999 -9999 -9999 -9999 -9999 -9999 -9999 -9999 -9999 0 33 33 33 0 0 0 0 0 0 0 0 0 0 0 0 0 0 0 0 0 0 0 0 0 0 0 0 0 0 0 0 0 0 0 0 0 0 0 0 0 0 0 0 0 0 35 35 38 38 38 32 32 32 43 43 58 58 58 68 68 74 74
37 37 11 11 0 0 0 0 -9999 -9999 -9999 -9999 -9999 -9999 -9999 -9999 -9999 -9999 -9999 -9999 -9999 -9999 -9999 -9999 -9999 -9999 -9999 -9999 -9999 -9999 -9999 -9999 0 33 33 33 0 0 0 0 0 0 0 0 0 0 0 0 0 0 0 0 0 0 0 0 0 0 0 0 0 0 0 0 0 0 0 0 0 0 0 0 0 0 0 0 0 0 35 35 38 38 38 32 32 32 43 43 58 58 58 68 68 74 74
37 37 11 11 0 0 0 0 0 0 -9999 -9999 -9999 -9999 -9999 -9999 -9999 -9999 -9999 -9999 -9999 -9999 -9999 -9999 -9999 -9999 -9999 -9999 -9999 -9999 -9999 -9999 0 33 33 33 0 0 0 0 0 0 0 0 0 0 0 0 0 0 0 0 0 0 0 0 0 0 0 0 0 0 0 0 0 0 0 0 0 0 0 0 0 0 0 0 0 0 35 35 38 38 38 32 32 32 43 43 58 58 58 68 68 74 74
42 42 4 4 0 0 0 0 0 0 0 -9999 -9999 -9999 -9999 -9999 -9999 -9999 -9999 -9999 -9999 -9999 -9999 -9999 -9999 -9999 -9999 -9999 -9999 -9999 -9999 0 0 51 51 51 0 0 0 0 0 0 0 0 0 0 0 0 0 0 0 0 0 0 0 0 0 0 0 0 0 0 0 0 0 0 0 0 0 0 0 0 0 0 0 0 0 0 0 0 31 31 31 22 22 22 37 37 59 59 59 69 69 73 73
42 42 4 4 0 0 0 0 0 0 0 -9999 -9999 -9999 -9999 -9999 -9999 -9999 -9999 -9999 -9999 -9999 -9999 -9999 -9999 -9999 -9999 -9999 -9999 -9999 -9999 0 0 51 51 51 0 0 0 0 0 0 0 0 0 0 0 0 0 0 0 0 0 0 0 0 0 0 0 0 0 0 0 0 0 0 0 0 0 0 0 0 0 0 0 0 0 0 0 0 31 31 31 22 22 22 37 37 59 59 59 69 69 73 73
2 2 0 0 2 2 2 23 23 23 -9999 -9999 -9999 -9999 -9999 -9999 -9999 -9999 -9999 -9999 -9999 -9999 -9999 -9999 -9999 -9999 -9999 -9999 -9999 -9999 -9999 0 0 42 42 42 0 0 0 0 0 0 0 0 0 0 0 0 0 0 0 0 0 0 0 0 0 0 0 0 0 0 0 0 0 0 0 0 0 0 0 0 0 0 0 0 0 0 35 35 29 29 29 0 0 0 38 38 60 60 60 69 69 70 70
-9999 -9999 0 0 2 2 2 23 -9999 -9999 -9999 -9999 -9999 -9999 -9999 -9999 -9999 -9999 -9999 -9999 -9999 -9999 -9999 -9999 -9999 -9999 -9999 -9999 -9999 -9999 -9999 0 0 42 42 42 0 0 0 0 0 0 0 0 0 0 0 0 0 0 0 0 0 0 0 0 0 0 0 0 0 0 0 0 0 0 0 0 0 0 0 0 0 0 0 0 0 0 35 35 29 29 29 0 0 0 38 38 60 60 60 69 69 70 70
-9999 -9999 -9999 -9999 -9999 -9999 -9999 -9999 -9999 -9999 -9999 -9999 -9999 -9999 -9999 -9999 -9999 -9999 -9999 -9999 -9999 -9999 -9999 -9999 -9999 -9999 -9999 -9999 -9999 -9999 -9999 0 0 42 42 42 0 0 0 0 0 0 0 0 0 0 0 0 0 0 0 0 0 0 0 0 0 0 0 0 0 0 0 0 0 0 0 0 0 0 0 0 0 0 0 0 0 0 35 35 29 29 29 0 0 0 38 38 60 60 60 69 69 70 70
-9999 -9999 -9999 -9999 -9999 -9999 -9999 -9999 -9999 -9999 -9999 -9999 -9999 -9999 -9999 -9999 -9999 -9999 -9999 -9999 -9999 -9999 -9999 -9999 -9999 -9999 -9999 -9999 -9999 -9999 -9999 -9999 -9999 44 44 44 0 0 0 0 0 0 0 0 0 0 0 0 0 0 0 0 0 0 0 0 0 0 0 0 0 0 0 0 0 0 0 0 0 0 0 0 0 0 0 0 0 0 33 33 28 28 28 21 21 21 0 0 57 57 57 64 64 63 63
-9999 -9999 -9999 -9999 -9999 -9999 -9999 -9999 -9999 -9999 -9999 -9999 -9999 -9999 -9999 -9999 -9999 -9999 -9999 -9999 -9999 -9999 -9999 -9999 -9999 -9999 -9999 -9999 -9999 -9999 -9999 -9999 -9999 44 44 44 0 0 0 0 0 0 0 0 0 0 0 0 0 0 0 0 0 0 0 0 0 0 0 0 0 0 0 0 0 0 0 0 0 0 0 0 0 0 0 0 0 0 33 33 28 28 28 21 21 21 0 0 57 57 57 64 64 63 63
-9999 -9999 -9999 -9999 -9999 -9999 -9999 -9999 -9999 -9999 -9999 -9999 -9999 -9999 -9999 -9999 -9999 -9999 -9999 -9999 -9999 -9999 -9999 -9999 -9999 -9999 -9999 -9999 -9999 -9999 -9999 -9999 -9999 44 44 44 0 0 0 0 0 0 0 0 0 0 0 0 0 0 0 0 0 0 0 0 0 0 0 0 0 0 0 0 0 0 0 0 0 0 0 0 0 0 0 0 0 0 33 33 28 28 28 21 21 21 0 0 57 57 57 64 64 63 63
-9999 -9999 -9999 -9999 -9999 -9999 -9999 -9999 -9999 -9999 -9999 -9999 -9999 -9999 -9999 -9999 -9999 -9999 -9999 -9999 -9999 -9999 -9999 -9999 -9999 -9999 -9999 -9999 -9999 -9999 -9999 -9999 -9999 -9999 45 45 1 1 0 0 0 0 0 0 0 0 0 0 0 0 0 0 0 0 0 0 0 0 0 0 0 0 0 0 0 0 0 0 0 0 0 0 0 0 0 0 0 0 0 0 33 33 33 28 28 28 47 47 60 60 60 62 62 61 61
-9999 -9999 -9999 -9999 -9999 -9999 -9999 -9999 -9999 -9999 -9999 -9999 -9999 -9999 -9999 -9999 -9999 -9999 -9999 -9999 -9999 -9999 -9999 -9999 -9999 -9999 -9999 -9999 0 0 -9999 -9999 -9999 -9999 45 45 -9999 -9999 0 0 0 0 0 0 0 0 0 0 0 0 0 0 0 0 0 0 0 0 0 0 0 0 0 0 0 0 0 0 0 0 0 0 0 0 0 0 0 0 0 0 33 33 33 28 28 28 47 47 60 60 60 62 62 61 61
-9999 -9999 -9999 -9999 -9999 -9999 -9999 -9999 -9999 -9999 -9999 -9999 -9999 -9999 -9999 -9999 -9999 -9999 -9999 -9999 -9999 -9999 -9999 -9999 -9999 -9999 -9999 -9999 0 0 0 0 -9999 -9999 -9999 -9999 -9999 -9999 102 102 102 0 0 0 0 0 0 0 0 0 0 0 0 0 0 0 0 0 0 0 0 0 0 0 0 0 0 0 0 0 0 0 0 0 0 0 0 0 0 0 40 40 40 36 36 36 54 54 64 64 64 60 60 55 55
-9999 -9999 -9999 -9999 -9999 -9999 -9999 -9999 -9999 -9999 -9999 -9999 -9999 -9999 -9999 -9999 -9999 -9999 -9999 -9999 -9999 -9999 -9999 -9999 -9999 -9999 -9999 -9999 0 0 0 0 0 -9999 -9999 -9999 -9999 -9999 -9999 102 102 0 0 0 0 0 0 0 0 0 0 0 0 0 0 0 0 0 0 0 0 0 0 0 0 0 0 0 0 0 0 0 0 0 0 0 0 0 0 0 40 40 40 36 36 36 54 54 64 64 64 60 60 55 55
