SEB_model/sample_data_files/historical_long/hillshade_historical_long/may6pm.txt
ncols         768
nrows         486
xllcorner     388353.95236715
yllcorner     7583725.4876181
cellsize      5
NODATA_value  -9999
[rows 336 to 377 of 486, columns 285 to 379 of 768]
-9999 -9999 -9999 -9999 -9999 -9999 -9999 -9999 -9999 -9999 -9999 -9999 -9999 -9999 -9999 -9999 -9999 -9999 -9999 -9999 -9999 -9999 -9999 -9999 159 149 149 42 42 42 0 0 71 71 71 55 55 55 24 24 20 20 20 13 13 13 17 17 17 17 17 17 17 16 16 16 9 9 9 12 12 7 7 7 6 6 6 6 6 0 0 0 0 0 8 8 8 2 2 2 11 11 15 15 15 17 17 20 20 20 16 16 16 23 23
-9999 -9999 -9999 -9999 -9999 -9999 -9999 -9999 -9999 -9999 -9999 -9999 -9999 -9999 -9999 -9999 -9999 -9999 -9999 -9999 -9999 -9999 -9999 -9999 159 149 149 42 42 42 0 0 71 71 71 55 55 55 24 24 20 20 20 13 13 13 17 17 17 17 17 17 17 16 16 16 9 9 9 12 12 7 7 7 6 6 6 6 6 0 0 0 0 0 8 8 8 2 2 2 11 11 15 15 15 17 17 20 20 20 16 16 16 23 23
-9999 -9999 -9999 -9999 -9999 -9999 -9999 -9999 -9999 -9999 -9999 -9999 -9999 -9999 -9999 -9999 -9999 -9999 -9999 -9999 -9999 -9999 -9999 -9999 159 149 149 42 42 42 0 0 71 71 71 55 55 55 24 24 20 20 20 13 13 13 17 17 17 17 17 17 17 16 16 16 9 9 9 12 12 7 7 7 6 6 6 6 6 0 0 0 0 0 8 8 8 2 2 2 11 11 15 15 15 17 17 20 20 20 16 16 16 23 23
-9999 -9999 -9999 -9999 -9999 -9999 -9999 -9999 -9999 -9999 -9999 -9999 -9999 -9999 -9999 -9999 -9999 -9999 -9999 -9999 -9999 -9999 -9999 -9999 175 164 164 20 20 20 26 26 30 30 30 21 21 21 24 24 22 22 22 14 14 14 18 18 18 18 18 18 18 18 18 18 12 12 12 14 14 8 8 8 7 7 8 8 8 1 1 1 8 8 9 9 9 3 3 3 12 12 14 14 14 0 0 18 18 18 14 14 14 21 21
-9999 -9999 -9999 -9999 -9999 -9999 -9999 -9999 -9999 -9999 -9999 -9999 -9999 -9999 -9999 -9999 -9999 -9999 -9999 -9999 -9999 -9999 -9999 175 175 164 164 20 20 20 26 26 30 30 30 21 21 21 24 24 22 22 22 14 14 14 18 18 18 18 18 18 18 18 18 18 12 12 12 14 14 8 8 8 7 7 8 8 8 1 1 1 8 8 9 9 9 3 3 3 12 12 14 14 14 0 0 18 18 18 14 14 14 21 21
-9999 -9999 -9999 -9999 -9999 -9999 -9999 -9999 -9999 -9999 -9999 -9999 -9999 -9999 -9999 -9999 -9999 -9999 -9999 -9999 -9999 -9999 -9999 175 175 164 164 20 20 20 26 26 30 30 30 21 21 21 24 24 22 22 22 14 14 14 18 18 18 18 18 18 18 18 18 18 12 12 12 14 14 8 8 8 7 7 8 8 8 1 1 1 8 8 9 9 9 3 3 3 12 12 14 14 14 0 0 18 18 18 14 14 14 21 21
-9999 -9999 -9999 -9999 -9999 -9999 -9999 -9999 -9999 -9999 -9999 -9999 -9999 -9999 -9999 -9999 -9999 -9999 -9999 -9999 -9999 -9999 173 173 173 139 139 30 30 30 32 32 31 31 31 21 21 21 24 24 23 23 23 17 17 17 21 21 21 21 21 21 21 21 21 21 14 14 14 16 16 11 11 11 0 0 10 10 10 4 4 4 11 11 11 11 11 5 5 5 13 13 14 14 14 0 0 17 17 17 13 13 13 20 20
-9999 -9999 -9999 -9999 -9999 -9999 -9999 -9999 -9999 -9999 -9999 -9999 -9999 -9999 -9999 -9999 -9999 -9999 -9999 -9999 -9999 102 173 173 173 139 139 30 30 30 32 32 31 31 31 21 21 21 24 24 23 23 23 17 17 17 21 21 21 21 21 21 21 21 21 21 14 14 14 16 16 11 11 11 0 0 10 10 10 4 4 4 11 11 11 11 11 5 5 5 13 13 14 14 14 0 0 17 17 17 13 13 13 20 20
-9999 -9999 -9999 -9999 -9999 -9999 -9999 -9999 -9999 -9999 -9999 -9999 -9999 -9999 -9999 -9999 -9999 -9999 -9999 159 159 159 144 144 144 76 76 38 38 38 36 36 32 32 32 22 22 22 26 26 26 26 26 21 21 21 25 25 25 25 25 25 25 23 23 23 17 17 17 19 19 16 16 16 0 0 16 16 16 10 10 10 15 15 14 14 14 7 7 7 14 14 15 15 15 0 0 17 17 17 12 12 12 19 19
-9999 -9999 -9999 -9999 -9999 -9999 -9999 -9999 -9999 -9999 -9999 -9999 -9999 -9999 -9999 68 68 109 109 159 159 159 144 144 144 76 76 38 38 38 36 36 32 32 32 22 22 22 26 26 26 26 26 21 21 21 25 25 25 25 25 25 25 23 23 23 17 17 17 19 19 16 16 16 0 0 16 16 16 10 10 10 15 15 14 14 14 7 7 7 14 14 15 15 15 0 0 17 17 17 12 12 12 19 19
-9999 -9999 -9999 -9999 -9999 -9999 -9999 -9999 75 73 73 73 70 70 68 68 68 109 109 159 159 159 144 144 144 76 76 38 38 38 36 36 32 32 32 22 22 22 26 26 26 26 26 21 21 21 25 25 25 25 25 25 25 23 23 23 17 17 17 19 19 16 16 16 0 0 16 16 16 10 10 10 15 15 14 14 14 7 7 7 14 14 15 15 15 0 0 17 17 17 12 12 12 19 19
-9999 -9999 -9999 -9999 -9999 -9999 128 128 128 89 89 89 86 86 82 82 82 137 137 156 156 156 77 77 77 40 40 41 41 41 37 37 34 34 34 25 25 25 29 29 29 29 29 24 24 24 29 29 29 29 29 28 28 25 25 25 18 18 18 21 21 19 19 19 19 19 20 20 20 13 13 13 16 16 13 13 13 6 6 6 13 13 13 13 13 14 14 14 14 14 9 9 9 16 16
-9999 -9999 -9999 -9999 -9999 -9999 128 128 128 89 89 89 86 86 82 82 82 137 137 156 156 156 77 77 77 40 40 41 41 41 37 37 34 34 34 25 25 25 29 29 29 29 29 24 24 24 29 29 29 29 29 28 28 25 25 25 18 18 18 21 21 19 19 19 19 19 20 20 20 13 13 13 16 16 13 13 13 6 6 6 13 13 13 13 13 14 14 14 14 14 9 9 9 16 16
-9999 -9999 -9999 -9999 -9999 -9999 128 128 128 89 89 89 86 86 82 82 82 137 137 156 156 156 77 77 77 40 40 41 41 41 37 37 34 34 34 25 25 25 29 29 29 29 29 24 24 24 29 29 29 29 29 28 28 25 25 25 18 18 18 21 21 19 19 19 19 19 20 20 20 13 13 13 16 16 13 13 13 6 6 6 13 13 13 13 13 14 14 14 14 14 9 9 9 16 16
-9999 -9999 -9999 -9999 -9999 -9999 -9999 188 188 129 129 129 84 84 79 79 79 106 106 90 90 90 36 36 36 42 42 42 42 42 39 39 37 37 37 29 29 29 33 33 32 32 32 26 26 26 31 31 32 32 32 31 31 27 27 27 20 20 20 23 23 23 23 23 24 24 24 24 24 16 16 16 18 18 14 14 14 0 0 0 12 12 12 12 12 13 13 13 13 13 6 6 6 13 13
-9999 -9999 -9999 -9999 -9999 -9999 -9999 -9999 188 129 129 129 84 84 79 79 79 106 106 90 90 90 36 36 36 42 42 42 42 42 39 39 37 37 37 29 29 29 33 33 32 32 32 26 26 26 31 31 32 32 32 31 31 27 27 27 20 20 20 23 23 23 23 23 24 24 24 24 24 16 16 16 18 18 14 14 14 0 0 0 12 12 12 12 12 13 13 13 13 13 6 6 6 13 13
-9999 -9999 -9999 -9999 -9999 -9999 -9999 -9999 -9999 -9999 149 149 107 107 63 63 63 56 56 47 47 47 36 36 36 42 42 44 44 44 42 42 39 39 39 32 32 32 36 36 34 34 34 28 28 28 33 33 33 33 33 32 32 30 30 30 24 24 24 27 27 28 28 28 29 29 26 26 26 18 18 18 19 19 13 13 13 0 0 0 10 10 11 11 11 12 12 11 11 11 4 4 4 11 11
-9999 -9999 -9999 -9999 -9999 -9999 -9999 -9999 -9999 -9999 -9999 149 107 107 63 63 63 56 56 47 47 47 36 36 36 42 42 44 44 44 42 42 39 39 39 32 32 32 36 36 34 34 34 28 28 28 33 33 33 33 33 32 32 30 30 30 24 24 24 27 27 28 28 28 29 29 26 26 26 18 18 18 19 19 13 13 13 0 0 0 10 10 11 11 11 12 12 11 11 11 4 4 4 11 11
-9999 -9999 -9999 -9999 -9999 -9999 -9999 -9999 -9999 -9999 -9999 -9999 -9999 107 63 63 63 56 56 47 47 47 36 36 36 42 42 44 44 44 42 42 39 39 39 32 32 32 36 36 34 34 34 28 28 28 33 33 33 33 33 32 32 30 30 30 24 24 24 27 27 28 28 28 29 29 26 26 26 18 18 18 19 19 13 13 13 0 0 0 10 10 11 11 11 12 12 11 11 11 4 4 4 11 11
-9999 -9999 -9999 -9999 -9999 -9999 -9999 -9999 -9999 -9999 -9999 -9999 -9999 -9999 -9999 74 74 95 95 48 48 48 36 36 36 40 40 45 45 45 44 44 41 41 41 34 34 34 37 37 36 36 36 31 31 31 36 36 34 34 34 32 32 33 33 33 29 29 29 32 32 33 33 33 32 32 28 28 28 20 20 20 20 20 12 12 12 0 0 0 0 0 9 9 9 10 10 9 9 9 1 1 1 9 9
-9999 -9999 -9999 -9999 -9999 -9999 -9999 -9999 -9999 -9999 -9999 -9999 -9999 -9999 -9999 -9999 -9999 95 95 48 48 48 36 36 36 40 40 45 45 45 44 44 41 41 41 34 34 34 37 37 36 36 36 31 31 31 36 36 34 34 34 32 32 33 33 33 29 29 29 32 32 33 33 33 32 32 28 28 28 20 20 20 20 20 12 12 12 0 0 0 0 0 9 9 9 10 10 9 9 9 1 1 1 9 9
-9999 -9999 -9999 -9999 -9999 -9999 -9999 -9999 -9999 -9999 -9999 -9999 -9999 -9999 -9999 -9999 -9999 -9999 -9999 18 18 18 54 54 54 74 74 43 43 43 45 45 44 44 44 36 36 36 38 38 37 37 37 34 34 34 39 39 36 36 36 35 35 38 38 38 36 36 36 39 39 38 38 38 35 35 31 31 31 23 23 23 21 21 12 12 12 1 1 1 0 0 9 9 9 9 9 7 7 7 0 0 0 0 0
-9999 -9999 -9999 -9999 -9999 -9999 -9999 -9999 -9999 -9999 -9999 -9999 -9999 -9999 -9999 -9999 -9999 -9999 -9999 -9999 -9999 18 54 54 54 74 74 43 43 43 45 45 44 44 44 36 36 36 38 38 37 37 37 34 34 34 39 39 36 36 36 35 35 38 38 38 36 36 36 39 39 38 38 38 35 35 31 31 31 23 23 23 21 21 12 12 12 1 1 1 0 0 9 9 9 9 9 7 7 7 0 0 0 0 0
-9999 -9999 -9999 -9999 -9999 -9999 -9999 -9999 -9999 -9999 -9999 -9999 -9999 -9999 -9999 -9999 -9999 -9999 -9999 -9999 -9999 -9999 -9999 54 54 74 74 43 43 43 45 45 44 44 44 36 36 36 38 38 37 37 37 34 34 34 39 39 36 36 36 35 35 38 38 38 36 36 36 39 39 38 38 38 35 35 31 31 31 23 23 23 21 21 12 12 12 1 1 1 0 0 9 9 9 9 9 7 7 7 0 0 0 0 0
-9999 -9999 -9999 -9999 -9999 -9999 -9999 -9999 -9999 -9999 -9999 -9999 -9999 -9999 -9999 -9999 -9999 -9999 -9999 -9999 -9999 -9999 -9999 -9999 -9999 126 126 72 72 72 41 41 45 45 45 37 37 37 38 38 37 37 37 33 33 33 40 40 40 40 40 41 41 43 43 43 42 42 42 44 44 41 41 41 38 38 32 32 32 22 22 22 20 20 11 11 11 0 0 0 0 0 6 6 6 6 6 5 5 5 0 0 0 0 0
-9999 -9999 -9999 -9999 -9999 -9999 -9999 -9999 -9999 -9999 -9999 -9999 -9999 -9999 -9999 -9999 -9999 -9999 -9999 -9999 -9999 -9999 -9999 -9999 -9999 -9999 -9999 72 72 72 41 41 45 45 45 37 37 37 38 38 37 37 37 33 33 33 40 40 40 40 40 41 41 43 43 43 42 42 42 44 44 41 41 41 38 38 32 32 32 22 22 22 20 20 11 11 11 0 0 0 0 0 6 6 6 6 6 5 5 5 0 0 0 0 0
-9999 -9999 -9999 -9999 -9999 -9999 -9999 -9999 -9999 -9999 -9999 -9999 -9999 -9999 -9999 -9999 -9999 -9999 -9999 -9999 -9999 -9999 -9999 -9999 -9999 -9999 -9999 -9999 -9999 72 41 41 45 45 45 37 37 37 38 38 37 37 37 33 33 33 40 40 40 40 40 41 41 43 43 43 42 42 42 44 44 41 41 41 38 38 32 32 32 22 22 22 20 20 11 11 11 0 0 0 0 0 6 6 6 6 6 5 5 5 0 0 0 0 0
-9999 -9999 -9999 -9999 -9999 -9999 -9999 -9999 -9999 -9999 -9999 -9999 -9999 -9999 -9999 -9999 -9999 -9999 -9999 -9999 -9999 -9999 -9999 -9999 -9999 -9999 -9999 -9999 -9999 -9999 -9999 19 59 59 59 64 64 64 41 41 38 38 38 31 31 31 39 39 47 47 47 50 50 50 50 50 47 47 47 48 48 45 45 45 41 41 35 35 35 23 23 23 19 19 11 11 11 0 0 0 0 0 4 4 4 5 5 5 5 5 0 0 0 0 0
-9999 -9999 -9999 -9999 -9999 -9999 -9999 -9999 -9999 -9999 -9999 -9999 -9999 -9999 -9999 -9999 -9999 -9999 -9999 -9999 -9999 -9999 -9999 -9999 -9999 -9999 -9999 -9999 -9999 -9999 -9999 -9999 -9999 59 59 64 64 64 41 41 38 38 38 31 31 31 39 39 47 47 47 50 50 50 50 50 47 47 47 48 48 45 45 45 41 41 35 35 35 23 23 23 19 19 11 11 11 0 0 0 0 0 4 4 4 5 5 5 5 5 0 0 0 0 0
-9999 -9999 -9999 -9999 -9999 -9999 -9999 -9999 -9999 -9999 -9999 -9999 -9999 -9999 -9999 -9999 -9999 -9999 -9999 -9999 -9999 -9999 -9999 -9999 -9999 -9999 -9999 -9999 -9999 -9999 -9999 -9999 -9999 -9999 0 110 110 110 67 67 38 38 38 29 29 29 39 39 54 54 54 60 60 57 57 57 52 52 52 52 52 49 49 49 45 45 39 39 39 26 26 26 19 19 9 9 9 0 0 0 1 1 0 0 0 6 6 7 7 7 1 1 1 0 0
-9999 -9999 -9999 -9999 -9999 -9999 -9999 -9999 -9999 -9999 -9999 -9999 -9999 -9999 -9999 -9999 -9999 -9999 -9999 -9999 -9999 -9999 -9999 -9999 -9999 -9999 -9999 -9999 -9999 -9999 -9999 -9999 -9999 -9999 -9999 -9999 110 110 67 67 38 38 38 29 29 29 39 39 54 54 54 60 60 57 57 57 52 52 52 52 52 49 49 49 45 45 39 39 39 26 26 26 19 19 9 9 9 0 0 0 1 1 0 0 0 6 6 7 7 7 1 1 1 0 0
-9999 -9999 -9999 -9999 -9999 -9999 -9999 -9999 -9999 -9999 -9999 -9999 -9999 -9999 -9999 -9999 -9999 -9999 -9999 -9999 -9999 -9999 -9999 -9999 -9999 -9999 -9999 -9999 -9999 -9999 -9999 -9999 -9999 -9999 -9999 -9999 -9999 -9999 67 67 38 38 38 29 29 29 39 39 54 54 54 60 60 57 57 57 52 52 52 52 52 49 49 49 45 45 39 39 39 26 26 26 19 19 9 9 9 0 0 0 1 1 0 0 0 6 6 7 7 7 1 1 1 0 0
-9999 -9999 -9999 -9999 -9999 -9999 -9999 -9999 -9999 -9999 -9999 -9999 -9999 -9999 -9999 -9999 -9999 -9999 -9999 -9999 -9999 -9999 -9999 -9999 -9999 -9999 -9999 -9999 -9999 -9999 -9999 -9999 -9999 -9999 -9999 -9999 -9999 -9999 -9999 81 54 54 54 57 57 57 45 45 60 60 60 65 65 61 61 61 56 56 56 56 56 52 52 52 47 47 43 43 43 30 30 30 19 19 7 7 7 0 0 0 0 0 0 0 0 0 0 9 9 9 1 1 1 0 0
-9999 -9999 -9999 -9999 -9999 -9999 -9999 -9999 -9999 -9999 -9999 -9999 -9999 -9999 -9999 -9999 -9999 -9999 -9999 -9999 -9999 -9999 -9999 -9999 -9999 -9999 -9999 -9999 -9999 -9999 -9999 -9999 -9999 -9999 -9999 -9999 -9999 -9999 -9999 -9999 -9999 54 54 57 57 57 45 45 60 60 60 65 65 61 61 61 56 56 56 56 56 52 52 52 47 47 43 43 43 30 30 30 19 19 7 7 7 0 0 0 0 0 0 0 0 0 0 9 9 9 1 1 1 0 0
-9999 -9999 -9999 -9999 -9999 -9999 -9999 -9999 -9999 -9999 -9999 -9999 -9999 -9999 -9999 -9999 -9999 -9999 -9999 -9999 -9999 -9999 -9999 -9999 -9999 -9999 -9999 -9999 -9999 -9999 -9999 -9999 -9999 -9999 -9999 -9999 -9999 -9999 -9999 -9999 -9999 -9999 -9999 111 111 111 79 79 62 62 62 64 64 63 63 63 60 60 60 61 61 55 55 55 49 49 47 47 47 35 35 35 21 21 8 8 8 0 0 0 0 0 0 0 0 0 0 11 11 11 0 0 0 0 0
-9999 -9999 -9999 -9999 -9999 -9999 -9999 -9999 -9999 -9999 -9999 -9999 -9999 -9999 -9999 -9999 -9999 -9999 -9999 -9999 -9999 -9999 -9999 -9999 -9999 -9999 -9999 -9999 -9999 -9999 -9999 -9999 -9999 -9999 -9999 -9999 -9999 -9999 -9999 -9999 -9999 -9999 -9999 -9999 -9999 111 79 79 62 62 62 64 64 63 63 63 60 60 60 61 61 55 55 55 49 49 47 47 47 35 35 35 21 21 8 8 8 0 0 0 0 0 0 0 0 0 0 11 11 11 0 0 0 0 0
-9999 -9999 -9999 -9999 -9999 -9999 -9999 -9999 -9999 -9999 -9999 -9999 -9999 -9999 -9999 -9999 -9999 -9999 -9999 -9999 -9999 -9999 -9999 -9999 -9999 -9999 -9999 -9999 -9999 -9999 -9999 -9999 -9999 -9999 -9999 -9999 -9999 -9999 -9999 -9999 -9999 -9999 -9999 -9999 -9999 -9999 79 79 62 62 62 64 64 63 63 63 60 60 60 61 61 55 55 55 49 49 47 47 47 35 35 35 21 21 8 8 8 0 0 0 0 0 0 0 0 0 0 11 11 11 0 0 0 0 0
-9999 -9999 -9999 -9999 -9999 -9999 -9999 -9999 -9999 -9999 -9999 -9999 -9999 -9999 -9999 -9999 -9999 -9999 -9999 -9999 -9999 -9999 -9999 -9999 -9999 -9999 -9999 -9999 -9999 -9999 -9999 -9999 -9999 -9999 -9999 -9999 -9999 -9999 -9999 -9999 -9999 -9999 -9999 -9999 -9999 -9999 -9999 -9999 73 73 73 84 84 62 62 62 60 60 60 61 61 56 56 56 50 50 48 48 48 34 34 34 23 23 12 12 12 0 0 0 6 6 0 0 0 7 7 7 7 7 0 0 0 0 0
-9999 -9999 -9999 -9999 -9999 -9999 -9999 -9999 -9999 -9999 -9999 -9999 -9999 -9999 -9999 -9999 -9999 -9999 -9999 -9999 -9999 -9999 -9999 -9999 -9999 -9999 -9999 -9999 -9999 -9999 -9999 -9999 -9999 -9999 -9999 -9999 -9999 -9999 -9999 -9999 -9999 -9999 -9999 -9999 -9999 -9999 -9999 -9999 -9999 -9999 73 84 84 62 62 62 60 60 60 61 61 56 56 56 50 50 48 48 48 34 34 34 23 23 12 12 12 0 0 0 6 6 0 0 0 7 7 7 7 7 0 0 0 0 0
-9999 -9999 -9999 -9999 -9999 -9999 -9999 -9999 -9999 -9999 -9999 -9999 -9999 -9999 -9999 -9999 -9999 -9999 -9999 -9999 -9999 -9999 -9999 -9999 -9999 -9999 -9999 -9999 -9999 -9999 -9999 -9999 -9999 -9999 -9999 -9999 -9999 -9999 -9999 -9999 -9999 -9999 -9999 -9999 -9999 -9999 -9999 -9999 -9999 -9999 -9999 -9999 84 62 62 62 60 60 60 61 61 56 56 56 50 50 48 48 48 34 34 34 23 23 12 12 12 0 0 0 6 6 0 0 0 7 7 7 7 7 0 0 0 0 0
-9999 -9999 -9999 -9999 -9999 -9999 -9999 -9999 -9999 -9999 -9999 -9999 -9999 -9999 -9999 -9999 -9999 -9999 -9999 -9999 -9999 -9999 -9999 -9999 -9999 -9999 -9999 -9999 -9999 -9999 -9999 -9999 -9999 -9999 -9999 -9999 -9999 -9999 -9999 -9999 -9999 -9999 -9999 -9999 -9999 -9999 -9999 -9999 -9999 -9999 -9999 -9999 -9999 -9999 78 78 88 88 88 63 63 61 61 61 57 57 53 53 53 42 42 42 37 37 26 26 26 9 9 9 13 13 6 6 6 0 0 0 0 0 0 0 0 0 0
-9999 -9999 -9999 -9999 -9999 -9999 -9999 -9999 -9999 -9999 -9999 -9999 -9999 -9999 -9999 -9999 -9999 -9999 -9999 -9999 -9999 -9999 -9999 -9999 -9999 -9999 -9999 -9999 -9999 -9999 -9999 -9999 -9999 -9999 -9999 -9999 -9999 -9999 -9999 -9999 -9999 -9999 -9999 -9999 -9999 -9999 -9999 -9999 -9999 -9999 -9999 -9999 -9999 -9999 -9999 78 88 88 88 63 63 61 61 61 57 57 53 53 53 42 42 42 37 37 26 26 26 9 9 9 13 13 6 6 6 0 0 0 0 0 0 0 0 0 0
