SEB_model/sample_data_files/historical_long/hillshade_historical_long/may6am.txt
ncols         768
nrows         486
xllcorner     388353.95236715
yllcorner     7583725.4876181
cellsize      5
NODATA_value  -9999
[rows 156 to 194 of 486, columns 88 to 175 of 768]
97 97 87 87 82 82 82 83 83 83 87 87 91 91 91 97 97 104 104 104 112 112 112 118 118 123 123 123 127 127 127 131 131 134 134 134 132 132 126 126 126 118 118 118 115 115 115 115 115 118 118 118 120 120 121 121 121 121 121 121 121 121 121 121 121 122 122 121 121 121 115 115 108 108 108 106 106 106 105 105 105 105 105 107 107 107 107 107
97 97 87 87 82 82 82 83 83 83 87 87 91 91 91 97 97 104 104 104 112 112 112 118 118 123 123 123 127 127 127 131 131 134 134 134 132 132 126 126 126 118 118 118 115 115 115 115 115 118 118 118 120 120 121 121 121 121 121 121 121 121 121 121 121 122 122 121 121 121 115 115 108 108 108 106 106 106 105 105 105 105 105 107 107 107 107 107
97 97 87 87 82 82 82 83 83 83 87 87 91 91 91 97 97 104 104 104 112 112 112 118 118 123 123 123 127 127 127 131 131 134 134 134 132 132 126 126 126 118 118 118 115 115 115 115 115 118 118 118 120 120 121 121 121 121 121 121 121 121 121 121 121 122 122 121 121 121 115 115 108 108 108 106 106 106 105 105 105 105 105 107 107 107 107 107
96 96 85 85 80 80 80 82 82 82 86 86 90 90 90 96 96 104 104 104 112 112 112 118 118 122 122 122 126 126 126 131 131 134 134 134 132 132 126 126 126 119 119 119 115 115 117 117 117 120 120 120 122 122 122 122 122 121 121 120 120 120 118 118 118 117 117 111 111 111 106 106 106 106 106 108 108 108 107 107 105 105 105 106 106 106 105 105
96 96 85 85 80 80 80 82 82 82 86 86 90 90 90 96 96 104 104 104 112 112 112 118 118 122 122 122 126 126 126 131 131 134 134 134 132 132 126 126 126 119 119 119 115 115 117 117 117 120 120 120 122 122 122 122 122 121 121 120 120 120 118 118 118 117 117 111 111 111 106 106 106 106 106 108 108 108 107 107 105 105 105 106 106 106 105 105
93 93 85 85 82 82 82 83 83 83 85 85 90 90 90 96 96 104 104 104 112 112 112 117 117 120 120 120 124 124 124 129 129 132 132 132 130 130 125 125 125 119 119 119 116 116 118 118 118 121 121 121 124 124 124 124 124 121 121 117 117 117 113 113 113 106 106 100 100 100 102 102 108 108 108 112 112 112 110 110 107 107 107 106 106 106 105 105
93 93 85 85 82 82 82 83 83 83 85 85 90 90 90 96 96 104 104 104 112 112 112 117 117 120 120 120 124 124 124 129 129 132 132 132 130 130 125 125 125 119 119 119 116 116 118 118 118 121 121 121 124 124 124 124 124 121 121 117 117 117 113 113 113 106 106 100 100 100 102 102 108 108 108 112 112 112 110 110 107 107 107 106 106 106 105 105
93 93 85 85 82 82 82 83 83 83 85 85 90 90 90 96 96 104 104 104 112 112 112 117 117 120 120 120 124 124 124 129 129 132 132 132 130 130 125 125 125 119 119 119 116 116 118 118 118 121 121 121 124 124 124 124 124 121 121 117 117 117 113 113 113 106 106 100 100 100 102 102 108 108 108 112 112 112 110 110 107 107 107 106 106 106 105 105
91 91 87 87 86 86 86 86 86 86 88 88 91 91 91 97 97 104 104 104 110 110 110 114 114 118 118 118 122 122 122 127 127 129 129 129 128 128 123 123 123 118 118 118 116 116 119 119 119 122 122 122 125 125 125 125 125 120 120 112 112 112 103 103 103 95 95 94 94 94 100 100 107 107 107 112 112 112 110 110 106 106 106 105 105 105 105 105
91 91 87 87 86 86 86 86 86 86 88 88 91 91 91 97 97 104 104 104 110 110 110 114 114 118 118 118 122 122 122 127 127 129 129 129 128 128 123 123 123 118 118 118 116 116 119 119 119 122 122 122 125 125 125 125 125 120 120 112 112 112 103 103 103 95 95 94 94 94 100 100 107 107 107 112 112 112 110 110 106 106 106 105 105 105 105 105
89 89 89 89 89 89 89 90 90 90 92 92 93 93 93 97 97 102 102 102 107 107 107 111 111 116 116 116 120 120 120 124 124 125 125 125 124 124 120 120 120 116 116 116 115 115 117 117 117 121 121 121 124 124 123 123 123 116 116 104 104 104 91 91 91 86 86 90 90 90 95 95 102 102 102 107 107 107 106 106 104 104 104 106 106 106 107 107
89 89 89 89 89 89 89 90 90 90 92 92 93 93 93 97 97 102 102 102 107 107 107 111 111 116 116 116 120 120 120 124 124 125 125 125 124 124 120 120 120 116 116 116 115 115 117 117 117 121 121 121 124 124 123 123 123 116 116 104 104 104 91 91 91 86 86 90 90 90 95 95 102 102 102 107 107 107 106 106 104 104 104 106 106 106 107 107
89 89 89 89 89 89 89 90 90 90 92 92 93 93 93 97 97 102 102 102 107 107 107 111 111 116 116 116 120 120 120 124 124 125 125 125 124 124 120 120 120 116 116 116 115 115 117 117 117 121 121 121 124 124 123 123 123 116 116 104 104 104 91 91 91 86 86 90 90 90 95 95 102 102 102 107 107 107 106 106 104 104 104 106 106 106 107 107
88 88 90 90 92 92 92 94 94 94 96 96 97 97 97 97 97 99 99 99 103 103 103 109 109 114 114 114 118 118 118 120 120 121 121 121 120 120 117 117 117 114 114 114 113 113 115 115 115 118 118 118 120 120 119 119 119 111 111 98 98 98 85 85 85 85 85 89 89 89 94 94 101 101 101 106 106 106 106 106 108 108 108 112 112 112 113 113
88 88 90 90 92 92 92 94 94 94 96 96 97 97 97 97 97 99 99 99 103 103 103 109 109 114 114 114 118 118 118 120 120 121 121 121 120 120 117 117 117 114 114 114 113 113 115 115 115 118 118 118 120 120 119 119 119 111 111 98 98 98 85 85 85 85 85 89 89 89 94 94 101 101 101 106 106 106 106 106 108 108 108 112 112 112 113 113
88 88 90 90 92 92 92 94 94 94 96 96 97 97 97 97 97 99 99 99 103 103 103 109 109 114 114 114 118 118 118 120 120 121 121 121 120 120 117 117 117 114 114 114 113 113 115 115 115 118 118 118 120 120 119 119 119 111 111 98 98 98 85 85 85 85 85 89 89 89 94 94 101 101 101 106 106 106 106 106 108 108 108 112 112 112 113 113
86 86 90 90 93 93 93 96 96 96 98 98 99 99 99 97 97 96 96 96 99 99 99 106 106 112 112 112 114 114 114 115 115 115 115 115 115 115 114 114 114 112 112 112 112 112 113 113 113 114 114 114 115 115 113 113 113 107 107 97 97 97 86 86 86 85 85 90 90 90 93 93 101 101 101 106 106 106 107 107 110 110 110 116 116 116 117 117
86 86 90 90 93 93 93 96 96 96 98 98 99 99 99 97 97 96 96 96 99 99 99 106 106 112 112 112 114 114 114 115 115 115 115 115 115 115 114 114 114 112 112 112 112 112 113 113 113 114 114 114 115 115 113 113 113 107 107 97 97 97 86 86 86 85 85 90 90 90 93 93 101 101 101 106 106 106 107 107 110 110 110 116 116 116 117 117
85 85 89 89 93 93 93 95 95 95 97 97 98 98 98 96 96 95 95 95 97 97 97 103 103 109 109 109 110 110 110 111 111 111 111 111 111 111 111 111 111 111 111 111 111 111 110 110 110 110 110 110 110 110 108 108 108 104 104 97 97 97 90 90 90 89 89 93 93 93 97 97 103 103 103 108 108 108 109 109 113 113 113 117 117 117 120 120
85 85 89 89 93 93 93 95 95 95 97 97 98 98 98 96 96 95 95 95 97 97 97 103 103 109 109 109 110 110 110 111 111 111 111 111 111 111 111 111 111 111 111 111 111 111 110 110 110 110 110 110 110 110 108 108 108 104 104 97 97 97 90 90 90 89 89 93 93 93 97 97 103 103 103 108 108 108 109 109 113 113 113 117 117 117 120 120
85 85 89 89 93 93 93 95 95 95 97 97 98 98 98 96 96 95 95 95 97 97 97 103 103 109 109 109 110 110 110 111 111 111 111 111 111 111 111 111 111 111 111 111 111 111 110 110 110 110 110 110 110 110 108 108 108 104 104 97 97 97 90 90 90 89 89 93 93 93 97 97 103 103 103 108 108 108 109 109 113 113 113 117 117 117 120 120
84 84 88 88 92 92 92 94 94 94 96 96 96 96 96 95 95 94 94 94 96 96 96 102 102 106 106 106 108 108 108 107 107 108 108 108 108 108 109 109 109 109 109 109 109 109 108 108 108 106 106 106 104 104 103 103 103 102 102 98 98 98 94 94 94 95 95 99 99 99 102 102 107 107 107 112 112 112 113 113 115 115 115 118 118 118 120 120
84 84 88 88 92 92 92 94 94 94 96 96 96 96 96 95 95 94 94 94 96 96 96 102 102 106 106 106 108 108 108 107 107 108 108 108 108 108 109 109 109 109 109 109 109 109 108 108 108 106 106 106 104 104 103 103 103 102 102 98 98 98 94 94 94 95 95 99 99 99 102 102 107 107 107 112 112 112 113 113 115 115 115 118 118 118 120 120
83 83 87 87 90 90 90 93 93 93 94 94 95 95 95 94 94 93 93 93 95 95 95 -9999 -9999 -9999 -9999 -9999 -9999 106 106 105 105 105 105 105 106 106 105 105 105 106 106 106 106 106 104 104 104 102 102 102 99 99 99 99 99 99 99 97 97 97 96 96 96 97 97 101 101 101 106 106 109 109 109 113 113 113 115 115 116 116 116 117 117 117 114 114
83 83 87 87 90 90 90 93 93 93 94 94 95 95 95 94 94 93 93 93 95 95 -9999 -9999 -9999 -9999 -9999 -9999 -9999 -9999 106 105 105 105 105 105 -9999 -9999 -9999 105 105 106 106 106 106 106 104 104 104 102 102 102 99 99 99 99 99 99 99 97 97 97 96 96 96 97 97 101 101 101 106 106 109 109 109 113 113 113 115 115 116 116 116 117 117 117 114 114
83 83 87 87 90 90 90 93 93 93 94 94 95 95 95 94 94 93 93 93 95 95 -9999 -9999 -9999 -9999 -9999 -9999 -9999 -9999 -9999 -9999 -9999 -9999 -9999 -9999 -9999 -9999 -9999 -9999 105 106 106 106 106 106 104 104 104 102 102 102 99 99 99 99 99 99 99 97 97 97 96 96 96 97 97 101 101 101 106 106 109 109 109 113 113 113 115 115 116 116 116 117 117 117 114 114
81 81 86 86 89 89 89 91 91 91 93 93 94 94 94 94 94 94 94 94 96 -9999 -9999 -9999 -9999 -9999 -9999 -9999 -9999 -9999 -9999 -9999 -9999 -9999 -9999 -9999 -9999 -9999 -9999 -9999 -9999 -9999 103 103 104 104 101 101 101 98 98 98 96 96 95 95 95 96 96 96 96 96 96 96 96 99 99 104 104 104 109 109 113 113 113 115 115 115 116 116 117 117 117 117 117 117 113 113
81 81 86 86 89 89 89 91 91 91 93 93 94 94 94 94 94 94 -9999 94 -9999 -9999 -9999 -9999 -9999 -9999 -9999 -9999 -9999 -9999 -9999 -9999 -9999 -9999 -9999 -9999 -9999 -9999 -9999 -9999 -9999 -9999 -9999 -9999 -9999 -9999 -9999 101 101 98 98 98 96 96 95 95 95 96 96 96 96 96 96 96 96 99 99 104 104 104 109 109 113 113 113 115 115 115 116 116 117 117 117 117 117 117 113 113
81 81 86 86 89 89 89 91 91 91 93 93 94 94 94 94 94 -9999 -9999 -9999 -9999 -9999 -9999 -9999 -9999 -9999 -9999 -9999 -9999 -9999 -9999 -9999 -9999 -9999 -9999 -9999 -9999 -9999 -9999 -9999 -9999 -9999 -9999 -9999 -9999 -9999 -9999 -9999 101 98 98 98 96 96 95 95 95 96 96 96 96 96 96 96 96 99 99 104 104 104 109 109 113 113 113 115 115 115 116 116 117 117 117 117 117 117 113 113
81 81 85 85 89 89 89 91 91 91 92 92 92 -9999 -9999 -9999 -9999 -9999 -9999 -9999 -9999 -9999 -9999 -9999 -9999 -9999 -9999 -9999 -9999 -9999 -9999 -9999 -9999 -9999 -9999 -9999 -9999 -9999 -9999 -9999 -9999 -9999 -9999 -9999 -9999 100 97 97 97 95 95 95 93 93 92 92 92 93 93 95 95 95 97 97 97 100 100 106 106 106 111 111 113 113 113 114 114 114 114 114 115 115 115 116 116 116 114 114
81 81 85 85 89 89 89 91 91 91 92 92 -9999 -9999 -9999 -9999 -9999 -9999 -9999 -9999 -9999 -9999 -9999 -9999 -9999 -9999 -9999 -9999 -9999 -9999 -9999 -9999 -9999 -9999 -9999 -9999 -9999 -9999 100 100 100 100 100 100 100 100 97 97 97 95 95 95 93 93 92 92 92 93 93 95 95 95 97 97 97 100 100 106 106 106 111 111 113 113 113 114 114 114 114 114 115 115 115 116 116 116 114 114
80 80 86 86 89 89 89 90 90 90 90 90 -9999 -9999 -9999 -9999 -9999 -9999 -9999 -9999 -9999 -9999 -9999 -9999 -9999 -9999 -9999 -9999 -9999 -9999 -9999 -9999 -9999 -9999 -9999 -9999 -9999 89 88 88 88 99 99 99 100 100 95 95 95 92 92 92 90 90 90 90 90 92 92 95 95 95 97 97 97 100 100 105 105 105 111 111 113 113 113 115 115 115 115 115 115 115 115 115 115 115 113 113
80 80 86 86 89 89 89 90 90 90 90 -9999 -9999 -9999 -9999 -9999 -9999 -9999 -9999 -9999 -9999 -9999 -9999 -9999 -9999 -9999 -9999 -9999 -9999 -9999 -9999 -9999 -9999 -9999 -9999 -9999 -9999 89 88 88 88 99 99 99 100 100 95 95 95 92 92 92 90 90 90 90 90 92 92 95 95 95 97 97 97 100 100 105 105 105 111 111 113 113 113 -9999 -9999 -9999 -9999 -9999 -9999 -9999 -9999 -9999 -9999 -9999 -9999 -9999
80 80 86 86 89 89 89 90 90 90 90 -9999 -9999 -9999 -9999 -9999 -9999 -9999 -9999 -9999 -9999 -9999 -9999 -9999 -9999 -9999 -9999 -9999 -9999 -9999 -9999 -9999 -9999 -9999 -9999 -9999 89 89 88 88 88 99 99 99 100 100 95 95 95 92 92 92 90 90 90 90 90 92 92 95 95 95 97 97 -9999 -9999 -9999 -9999 -9999 -9999 -9999 -9999 -9999 -9999 -9999 -9999 -9999 -9999 -9999 -9999 -9999 -9999 -9999 -9999 -9999 -9999 -9999 -9999
81 81 87 87 89 89 89 89 89 89 89 -9999 -9999 -9999 -9999 -9999 -9999 -9999 -9999 -9999 -9999 -9999 -9999 -9999 -9999 -9999 -9999 -9999 -9999 -9999 -9999 -9999 -9999 -9999 89 89 72 72 83 83 83 111 111 111 109 109 95 95 95 89 89 89 88 88 88 88 88 91 91 -9999 -9999 -9999 -9999 -9999 -9999 -9999 -9999 -9999 -9999 -9999 -9999 -9999 -9999 -9999 -9999 -9999 -9999 -9999 -9999 -9999 -9999 -9999 -9999 -9999 -9999 -9999 -9999 -9999
81 81 87 87 89 89 89 89 89 89 89 89 89 -9999 -9999 -9999 -9999 -9999 -9999 -9999 -9999 -9999 -9999 -9999 -9999 -9999 -9999 -9999 -9999 -9999 -9999 -9999 -9999 89 89 89 72 72 83 83 83 111 111 111 109 109 95 95 95 89 89 89 88 88 88 88 88 -9999 -9999 -9999 -9999 -9999 -9999 -9999 -9999 -9999 -9999 -9999 -9999 -9999 -9999 -9999 -9999 -9999 -9999 -9999 -9999 -9999 -9999 -9999 -9999 -9999 -9999 -9999 -9999 -9999 -9999 -9999
81 81 87 87 89 89 89 89 89 89 89 -9999 -9999 -9999 -9999 -9999 -9999 -9999 -9999 -9999 -9999 -9999 -9999 -9999 -9999 -9999 -9999 -9999 -9999 -9999 -9999 -9999 -9999 89 89 89 72 72 83 83 83 111 111 111 109 109 95 95 95 89 89 89 88 -9999 -9999 -9999 -9999 -9999 -9999 -9999 -9999 -9999 -9999 -9999 -9999 -9999 -9999 -9999 -9999 -9999 -9999 -9999 -9999 -9999 -9999 -9999 -9999 -9999 -9999 -9999 -9999 -9999 115 113 113 113 111 111
82 82 88 88 89 89 89 89 89 -9999 -9999 -9999 -9999 -9999 -9999 -9999 -9999 -9999 -9999 -9999 -9999 -9999 -9999 -9999 -9999 -9999 -9999 -9999 -9999 -9999 -9999 -9999 -9999 70 70 70 78 78 96 96 96 119 119 119 113 -9999 -9999 -9999 -9999 -9999 -9999 -9999 -9999 -9999 -9999 -9999 -9999 -9999 -9999 -9999 -9999 -9999 -9999 -9999 -9999 -9999 -9999 -9999 -9999 -9999 -9999 -9999 -9999 -9999 -9999 -9999 -9999 -9999 -9999 -9999 74 74 74 98 98 98 93 93
82 82 88 88 -9999 -9999 -9999 -9999 -9999 -9999 -9999 -9999 -9999 -9999 -9999 -9999 -9999 -9999 -9999 -9999 -9999 -9999 -9999 -9999 -9999 -9999 -9999 -9999 -9999 -9999 92 80 80 70 70 70 78 78 96 96 96 119 119 -9999 -9999 -9999 -9999 -9999 -9999 -9999 -9999 -9999 -9999 -9999 -9999 -9999 -9999 -9999 -9999 -9999 -9999 -9999 -9999 -9999 -9999 -9999 -9999 -9999 -9999 -9999 -9999 -9999 -9999 -9999 -9999 -9999 -9999 -9999 -9999 79 74 74 74 98 98 98 93 93
