SEB_model/sample_data_files/historical_long/hillshade_historical_long/may6pm.txt
ncols         768
nrows         486
xllcorner     388353.95236715
yllcorner     7583725.4876181
cellsize      5
NODATA_value  -9999
[rows 126 to 167 of 486, columns 190 to 284 of 768]
39 39 39 39 37 37 37 32 32 32 32 32 31 31 31 24 24 24 22 22 17 17 17 17 17 25 25 25 31 31 31 40 40 42 42 42 43 43 43 43 43 40 40 40 46 46 46 46 46 41 41 41 42 42 36 36 36 33 33 24 24 24 0 0 0 0 0 0 0 0 0 0 0 0 0 58 58 58 61 61 51 51 51 43 43 43 56 56 62 62 62 57 57 43 43
47 47 44 44 40 40 40 34 34 34 35 35 32 32 32 26 26 26 24 24 21 21 21 25 25 40 40 40 46 46 46 52 52 51 51 51 51 51 51 51 51 46 46 46 48 48 49 49 49 49 49 49 52 52 40 40 40 30 30 12 12 12 0 0 0 0 0 0 0 0 0 0 84 84 84 76 76 76 62 62 45 45 45 36 36 36 47 47 53 53 53 51 51 45 45
47 47 44 44 40 40 40 34 34 34 35 35 32 32 32 26 26 26 24 24 21 21 21 25 25 40 40 40 46 46 46 52 52 51 51 51 51 51 51 51 51 46 46 46 48 48 49 49 49 49 49 49 52 52 40 40 40 30 30 12 12 12 0 0 0 0 0 0 0 0 0 0 84 84 84 76 76 76 62 62 45 45 45 36 36 36 47 47 53 53 53 51 51 45 45
47 47 44 44 40 40 40 34 34 34 35 35 32 32 32 26 26 26 24 24 21 21 21 25 25 40 40 40 46 46 46 52 52 51 51 51 51 51 51 51 51 46 46 46 48 48 49 49 49 49 49 49 52 52 40 40 40 30 30 12 12 12 0 0 0 0 0 0 0 0 0 0 84 84 84 76 76 76 62 62 45 45 45 36 36 36 47 47 53 53 53 51 51 45 45
47 47 44 44 40 40 40 34 34 34 35 35 33 33 33 27 27 27 27 27 28 28 28 40 40 55 55 55 53 53 53 50 50 49 49 49 52 52 54 54 54 47 47 47 49 49 50 50 50 51 51 51 55 55 42 42 42 26 26 6 6 6 0 0 0 0 0 0 0 0 78 78 89 89 89 71 71 71 58 58 44 44 44 34 34 34 39 39 40 40 40 41 41 46 46
47 47 44 44 40 40 40 34 34 34 35 35 33 33 33 27 27 27 27 27 28 28 28 40 40 55 55 55 53 53 53 50 50 49 49 49 52 52 54 54 54 47 47 47 49 49 50 50 50 51 51 51 55 55 42 42 42 26 26 6 6 6 0 0 0 0 0 0 0 0 78 78 89 89 89 71 71 71 58 58 44 44 44 34 34 34 39 39 40 40 40 41 41 46 46
43 43 41 41 38 38 38 34 34 34 35 35 34 34 34 30 30 30 32 32 35 35 35 49 49 58 58 58 49 49 49 45 45 43 43 43 48 48 52 52 52 47 47 47 51 51 51 51 51 49 49 49 53 53 45 45 45 28 28 7 7 7 0 0 0 0 0 60 60 60 76 76 72 72 72 53 53 53 51 51 47 47 47 35 35 35 34 34 31 31 31 36 36 46 46
43 43 41 41 38 38 38 34 34 34 35 35 34 34 34 30 30 30 32 32 35 35 35 49 49 58 58 58 49 49 49 45 45 43 43 43 48 48 52 52 52 47 47 47 51 51 51 51 51 49 49 49 53 53 45 45 45 28 28 7 7 7 0 0 0 0 0 60 60 60 76 76 72 72 72 53 53 53 51 51 47 47 47 35 35 35 34 34 31 31 31 36 36 46 46
43 43 41 41 38 38 38 34 34 34 35 35 34 34 34 30 30 30 32 32 35 35 35 49 49 58 58 58 49 49 49 45 45 43 43 43 48 48 52 52 52 47 47 47 51 51 51 51 51 49 49 49 53 53 45 45 45 28 28 7 7 7 0 0 0 0 0 60 60 60 76 76 72 72 72 53 53 53 51 51 47 47 47 35 35 35 34 34 31 31 31 36 36 46 46
41 41 40 40 39 39 39 35 35 35 36 36 36 36 36 34 34 34 37 37 39 39 39 49 49 53 53 53 43 43 43 45 45 43 43 43 45 45 51 51 51 49 49 49 54 54 52 52 52 48 48 48 51 51 41 41 41 23 23 4 4 4 0 0 0 43 43 68 68 68 68 68 55 55 55 41 41 41 47 47 51 51 51 39 39 39 34 34 30 30 30 36 36 45 45
41 41 40 40 39 39 39 35 35 35 36 36 36 36 36 34 34 34 37 37 39 39 39 49 49 53 53 53 43 43 43 45 45 43 43 43 45 45 51 51 51 49 49 49 54 54 52 52 52 48 48 48 51 51 41 41 41 23 23 4 4 4 0 0 0 43 43 68 68 68 68 68 55 55 55 41 41 41 47 47 51 51 51 39 39 39 34 34 30 30 30 36 36 45 45
41 41 40 40 39 39 39 35 35 35 36 36 36 36 36 34 34 34 37 37 39 39 39 49 49 53 53 53 43 43 43 45 45 43 43 43 45 45 51 51 51 49 49 49 54 54 52 52 52 48 48 48 51 51 41 41 41 23 23 4 4 4 0 0 0 43 43 68 68 68 68 68 55 55 55 41 41 41 47 47 51 51 51 39 39 39 34 34 30 30 30 36 36 45 45
40 40 40 40 41 41 41 36 36 36 37 37 39 39 39 38 38 38 41 41 41 41 41 44 44 43 43 43 40 40 40 46 46 43 43 43 44 44 52 52 52 50 50 50 53 53 44 44 44 28 28 28 21 21 9 9 9 5 5 0 0 0 0 0 0 65 65 73 73 73 62 62 49 49 49 39 39 39 47 47 52 52 52 42 42 42 37 37 32 32 32 38 38 45 45
40 40 40 40 41 41 41 36 36 36 37 37 39 39 39 38 38 38 41 41 41 41 41 44 44 43 43 43 40 40 40 46 46 43 43 43 44 44 52 52 52 50 50 50 53 53 44 44 44 28 28 28 21 21 9 9 9 5 5 0 0 0 0 0 0 65 65 73 73 73 62 62 49 49 49 39 39 39 47 47 52 52 52 42 42 42 37 37 32 32 32 38 38 45 45
39 39 39 39 40 40 40 36 36 36 39 39 41 41 41 41 41 41 43 43 41 41 41 39 39 37 37 37 36 36 36 44 44 44 44 44 47 47 55 55 55 51 51 51 50 50 36 36 36 0 0 0 0 0 0 0 0 0 0 0 0 0 77 77 77 87 87 73 73 73 56 56 48 48 48 44 44 44 52 52 54 54 54 46 46 46 43 43 37 37 37 40 40 42 42
39 39 39 39 40 40 40 36 36 36 39 39 41 41 41 41 41 41 43 43 41 41 41 39 39 37 37 37 36 36 36 44 44 44 44 44 47 47 55 55 55 51 51 51 50 50 36 36 36 0 0 0 0 0 0 0 0 0 0 0 0 0 77 77 77 87 87 73 73 73 56 56 48 48 48 44 44 44 52 52 54 54 54 46 46 46 43 43 37 37 37 40 40 42 42
39 39 39 39 40 40 40 36 36 36 39 39 41 41 41 41 41 41 43 43 41 41 41 39 39 37 37 37 36 36 36 44 44 44 44 44 47 47 55 55 55 51 51 51 50 50 36 36 36 0 0 0 0 0 0 0 0 0 0 0 0 0 77 77 77 87 87 73 73 73 56 56 48 48 48 44 44 44 52 52 54 54 54 46 46 46 43 43 37 37 37 40 40 42 42
38 38 39 39 39 39 39 35 35 35 40 40 44 44 44 43 43 43 44 44 40 40 40 37 37 35 35 35 34 34 34 41 41 43 43 43 48 48 58 58 58 52 52 52 50 50 46 46 46 29 29 29 10 10 0 0 0 0 0 86 86 86 98 98 98 87 87 63 63 63 50 50 50 50 50 50 50 50 57 57 56 56 56 46 46 46 44 44 40 40 40 40 40 35 35
38 38 39 39 39 39 39 35 35 35 40 40 44 44 44 43 43 43 44 44 40 40 40 37 37 35 35 35 34 34 34 41 41 43 43 43 48 48 58 58 58 52 52 52 50 50 46 46 46 29 29 29 10 10 0 0 0 0 0 86 86 86 98 98 98 87 87 63 63 63 50 50 50 50 50 50 50 50 57 57 56 56 56 46 46 46 44 44 40 40 40 40 40 35 35
39 39 39 39 38 38 38 34 34 34 40 40 45 45 45 44 44 44 44 44 40 40 40 35 35 35 35 35 36 36 36 41 41 42 42 42 46 46 57 57 57 55 55 55 54 54 64 64 64 57 57 57 40 40 35 35 35 51 51 74 74 74 74 74 74 63 63 49 49 49 46 46 52 52 52 51 51 51 57 57 55 55 55 45 45 45 46 46 45 45 45 42 42 37 37
39 39 39 39 38 38 38 34 34 34 40 40 45 45 45 44 44 44 44 44 40 40 40 35 35 35 35 35 36 36 36 41 41 42 42 42 46 46 57 57 57 55 55 55 54 54 64 64 64 57 57 57 40 40 35 35 35 51 51 74 74 74 74 74 74 63 63 49 49 49 46 46 52 52 52 51 51 51 57 57 55 55 55 45 45 45 46 46 45 45 45 42 42 37 37
39 39 39 39 38 38 38 34 34 34 40 40 45 45 45 44 44 44 44 44 40 40 40 35 35 35 35 35 36 36 36 41 41 42 42 42 46 46 57 57 57 55 55 55 54 54 64 64 64 57 57 57 40 40 35 35 35 51 51 74 74 74 74 74 74 63 63 49 49 49 46 46 52 52 52 51 51 51 57 57 55 55 55 45 45 45 46 46 45 45 45 42 42 37 37
39 39 38 38 37 37 37 34 34 34 40 40 43 43 43 41 41 41 42 42 39 39 39 36 36 37 37 37 38 38 38 43 43 42 42 42 44 44 52 52 52 55 55 55 58 58 67 67 67 69 69 69 67 67 58 58 58 46 46 43 43 43 34 34 34 39 39 44 44 44 49 49 53 53 53 47 47 47 50 50 48 48 48 44 44 44 50 50 47 47 47 42 42 41 41
39 39 38 38 37 37 37 34 34 34 40 40 43 43 43 41 41 41 42 42 39 39 39 36 36 37 37 37 38 38 38 43 43 42 42 42 44 44 52 52 52 55 55 55 58 58 67 67 67 69 69 69 67 67 58 58 58 46 46 43 43 43 34 34 34 39 39 44 44 44 49 49 53 53 53 47 47 47 50 50 48 48 48 44 44 44 50 50 47 47 47 42 42 41 41
39 39 38 38 37 37 37 34 34 34 40 40 43 43 43 41 41 41 42 42 39 39 39 36 36 37 37 37 38 38 38 43 43 42 42 42 44 44 52 52 52 55 55 55 58 58 67 67 67 69 69 69 67 67 58 58 58 46 46 43 43 43 34 34 34 39 39 44 44 44 49 49 53 53 53 47 47 47 50 50 48 48 48 44 44 44 50 50 47 47 47 42 42 41 41
39 39 37 37 37 37 37 34 34 34 40 40 41 41 41 37 37 37 40 40 39 39 39 38 38 40 40 40 41 41 41 45 45 45 45 45 45 45 49 49 49 51 51 51 51 51 50 50 50 51 51 51 57 57 52 52 52 36 36 20 20 20 16 16 16 36 36 50 50 50 55 55 54 54 54 44 44 44 45 45 43 43 43 41 41 41 50 50 48 48 48 45 45 45 45
39 39 37 37 37 37 37 34 34 34 40 40 41 41 41 37 37 37 40 40 39 39 39 38 38 40 40 40 41 41 41 45 45 45 45 45 45 45 49 49 49 51 51 51 51 51 50 50 50 51 51 51 57 57 52 52 52 36 36 20 20 20 16 16 16 36 36 50 50 50 55 55 54 54 54 44 44 44 45 45 43 43 43 41 41 41 50 50 48 48 48 45 45 45 45
38 38 37 37 37 37 37 34 34 34 39 39 39 39 39 35 35 35 38 38 39 39 39 40 40 43 43 43 43 43 43 46 46 47 47 47 47 47 48 48 48 46 46 46 39 39 34 34 34 36 36 36 48 48 54 54 54 45 45 32 32 32 31 31 31 51 51 59 59 59 60 60 56 56 56 46 46 46 47 47 44 44 44 37 37 37 45 45 48 48 48 49 49 47 47
38 38 37 37 37 37 37 34 34 34 39 39 39 39 39 35 35 35 38 38 39 39 39 40 40 43 43 43 43 43 43 46 46 47 47 47 47 47 48 48 48 46 46 46 39 39 34 34 34 36 36 36 48 48 54 54 54 45 45 32 32 32 31 31 31 51 51 59 59 59 60 60 56 56 56 46 46 46 47 47 44 44 44 37 37 37 45 45 48 48 48 49 49 47 47
38 38 37 37 37 37 37 34 34 34 39 39 39 39 39 35 35 35 38 38 39 39 39 40 40 43 43 43 43 43 43 46 46 47 47 47 47 47 48 48 48 46 46 46 39 39 34 34 34 36 36 36 48 48 54 54 54 45 45 32 32 32 31 31 31 51 51 59 59 59 60 60 56 56 56 46 46 46 47 47 44 44 44 37 37 37 45 45 48 48 48 49 49 47 47
38 38 37 37 37 37 37 34 34 34 39 39 38 38 38 34 34 34 38 38 40 40 40 42 42 46 46 46 46 46 46 48 48 48 48 48 48 48 47 47 47 41 41 41 31 31 26 26 26 31 31 31 45 45 52 52 52 53 53 51 51 51 49 49 49 58 58 62 62 62 65 65 62 62 62 50 50 50 49 49 47 47 47 36 36 36 41 41 45 45 45 50 50 50 50
38 38 37 37 37 37 37 34 34 34 39 39 38 38 38 34 34 34 38 38 40 40 40 42 42 46 46 46 46 46 46 48 48 48 48 48 48 48 47 47 47 41 41 41 31 31 26 26 26 31 31 31 45 45 52 52 52 53 53 51 51 51 49 49 49 58 58 62 62 62 65 65 62 62 62 50 50 50 49 49 47 47 47 36 36 36 41 41 45 45 45 50 50 50 50
38 38 37 37 37 37 37 34 34 34 39 39 38 38 38 34 34 34 38 38 40 40 40 42 42 46 46 46 46 46 46 48 48 48 48 48 48 48 47 47 47 41 41 41 31 31 26 26 26 31 31 31 45 45 52 52 52 53 53 51 51 51 49 49 49 58 58 62 62 62 65 65 62 62 62 50 50 50 49 49 47 47 47 36 36 36 41 41 45 45 45 50 50 50 50
39 39 38 38 38 38 38 34 34 34 39 39 38 38 38 34 34 34 39 39 41 41 41 44 44 49 49 49 49 49 49 50 50 50 50 50 49 49 46 46 46 38 38 38 26 26 22 22 22 33 33 33 49 49 56 56 56 61 61 61 61 61 52 52 52 56 56 64 64 64 70 70 66 66 66 49 49 49 45 45 46 46 46 39 39 39 44 44 45 45 45 51 51 54 54
39 39 38 38 38 38 38 34 34 34 39 39 38 38 38 34 34 34 39 39 41 41 41 44 44 49 49 49 49 49 49 50 50 50 50 50 49 49 46 46 46 38 38 38 26 26 22 22 22 33 33 33 49 49 56 56 56 61 61 61 61 61 52 52 52 56 56 64 64 64 70 70 66 66 66 49 49 49 45 45 46 46 46 39 39 39 44 44 45 45 45 51 51 54 54
38 38 38 38 38 38 38 33 33 33 37 37 37 37 37 34 34 34 40 40 43 43 43 47 47 52 52 52 50 50 50 50 50 49 49 49 47 47 44 44 44 35 35 35 23 23 21 21 21 37 37 37 54 54 59 59 59 63 63 60 60 60 50 50 50 54 54 60 60 60 66 66 60 60 60 41 41 41 38 38 41 41 41 40 40 40 49 49 48 48 48 49 49 51 51
38 38 38 38 38 38 38 33 33 33 37 37 37 37 37 34 34 34 40 40 43 43 43 47 47 52 52 52 50 50 50 50 50 49 49 49 47 47 44 44 44 35 35 35 23 23 21 21 21 37 37 37 54 54 59 59 59 63 63 60 60 60 50 50 50 54 54 60 60 60 66 66 60 60 60 41 41 41 38 38 41 41 41 40 40 40 49 49 48 48 48 49 49 51 51
38 38 38 38 38 38 38 33 33 33 37 37 37 37 37 34 34 34 40 40 43 43 43 47 47 52 52 52 50 50 50 50 50 49 49 49 47 47 44 44 44 35 35 35 23 23 21 21 21 37 37 37 54 54 59 59 59 63 63 60 60 60 50 50 50 54 54 60 60 60 66 66 60 60 60 41 41 41 38 38 41 41 41 40 40 40 49 49 48 48 48 49 49 51 51
39 39 39 39 38 38 38 32 32 32 36 36 36 36 36 34 34 34 42 42 47 47 47 52 52 54 54 54 50 50 50 50 50 48 48 48 47 47 45 45 45 35 35 35 22 22 23 23 23 40 40 40 57 57 58 58 58 57 57 56 56 56 46 46 46 51 51 50 50 50 49 49 46 46 46 37 37 37 39 39 38 38 38 38 38 38 50 50 50 50 50 47 47 49 49
39 39 39 39 38 38 38 32 32 32 36 36 36 36 36 34 34 34 42 42 47 47 47 52 52 54 54 54 50 50 50 50 50 48 48 48 47 47 45 45 45 35 35 35 22 22 23 23 23 40 40 40 57 57 58 58 58 57 57 56 56 56 46 46 46 51 51 50 50 50 49 49 46 46 46 37 37 37 39 39 38 38 38 38 38 38 50 50 50 50 50 47 47 49 49
41 41 40 40 39 39 39 32 32 32 37 37 38 38 38 37 37 37 46 46 52 52 52 55 55 55 55 55 50 50 50 50 50 48 48 48 45 45 44 44 44 35 35 35 22 22 24 24 24 40 40 40 54 54 50 50 50 48 48 50 50 50 41 41 41 44 44 38 38 38 34 34 39 39 39 41 41 41 48 48 42 42 42 36 36 36 45 45 46 46 46 45 45 46 46
41 41 40 40 39 39 39 32 32 32 37 37 38 38 38 37 37 37 46 46 52 52 52 55 55 55 55 55 50 50 50 50 50 48 48 48 45 45 44 44 44 35 35 35 22 22 24 24 24 40 40 40 54 54 50 50 50 48 48 50 50 50 41 41 41 44 44 38 38 38 34 34 39 39 39 41 41 41 48 48 42 42 42 36 36 36 45 45 46 46 46 45 45 46 46
