SEB_model/sample_data_files/historical_long/hillshade_historical_long/maynoon.txt
ncols         768
nrows         486
xllcorner     388353.95236715
yllcorner     7583725.4876181
cellsize      5
NODATA_value  -9999
[rows 160 to 199 of 486, columns 360 to 449 of 768]
128 128 121 121 121 117 117 117 117 117 120 120 121 121 121 116 116 116 111 111 109 109 109 111 111 118 118 118 124 124 124 126 126 123 123 123 121 121 121 121 121 124 124 124 126 126 124 124 124 116 116 116 105 105 89 89 89 80 80 85 85 85 95 95 95 104 104 105 105 105 109 109 109 120 120 130 130 130 134 134 133 133 133 133 133 133 138 138 140 140
132 132 127 127 127 121 121 116 116 116 113 113 111 111 111 108 108 108 106 106 101 101 101 92 92 84 84 84 83 83 83 93 93 106 106 106 116 116 116 129 129 143 143 143 152 152 153 153 153 144 144 144 125 125 91 91 91 58 58 43 43 43 49 49 49 67 67 86 86 86 101 101 101 118 118 133 133 133 142 142 144 144 144 140 140 140 142 142 144 144
132 132 127 127 127 121 121 116 116 116 113 113 111 111 111 108 108 108 106 106 101 101 101 92 92 84 84 84 83 83 83 93 93 106 106 106 116 116 116 129 129 143 143 143 152 152 153 153 153 144 144 144 125 125 91 91 91 58 58 43 43 43 49 49 49 67 67 86 86 86 101 101 101 118 118 133 133 133 142 142 144 144 144 140 140 140 142 142 144 144
132 132 127 127 127 121 121 116 116 116 113 113 111 111 111 108 108 108 106 106 101 101 101 92 92 84 84 84 83 83 83 93 93 106 106 106 116 116 116 129 129 143 143 143 152 152 153 153 153 144 144 144 125 125 91 91 91 58 58 43 43 43 49 49 49 67 67 86 86 86 101 101 101 118 118 133 133 133 142 142 144 144 144 140 140 140 142 142 144 144
130 130 131 131 131 131 131 125 125 125 117 117 109 109 109 102 102 102 97 97 85 85 85 63 63 40 40 40 31 31 31 44 44 76 76 76 114 114 114 144 144 163 163 163 174 174 182 182 182 183 183 183 177 177 155 155 155 123 123 94 94 94 84 84 84 95 95 114 114 114 129 129 129 141 141 150 150 150 160 160 166 166 166 164 164 164 161 161 160 160
130 130 131 131 131 131 131 125 125 125 117 117 109 109 109 102 102 102 97 97 85 85 85 63 63 40 40 40 31 31 31 44 44 76 76 76 114 114 114 144 144 163 163 163 174 174 182 182 182 183 183 183 177 177 155 155 155 123 123 94 94 94 84 84 84 95 95 114 114 114 129 129 129 141 141 150 150 150 160 160 166 166 166 164 164 164 161 161 160 160
122 122 127 127 127 131 131 129 129 129 123 123 116 116 116 108 108 108 98 98 81 81 81 58 58 38 38 38 33 33 33 55 55 98 98 98 135 135 135 157 157 164 164 164 167 167 173 173 173 183 183 183 198 198 205 205 205 206 206 197 197 197 181 181 181 174 174 174 174 174 172 172 172 172 172 170 170 170 172 172 178 178 178 180 180 180 181 181 179 179
122 122 127 127 127 131 131 129 129 129 123 123 116 116 116 108 108 108 98 98 81 81 81 58 58 38 38 38 33 33 33 55 55 98 98 98 135 135 135 157 157 164 164 164 167 167 173 173 173 183 183 183 198 198 205 205 205 206 206 197 197 197 181 181 181 174 174 174 174 174 172 172 172 172 172 170 170 170 172 172 178 178 178 180 180 180 181 181 179 179
122 122 127 127 127 131 131 129 129 129 123 123 116 116 116 108 108 108 98 98 81 81 81 58 58 38 38 38 33 33 33 55 55 98 98 98 135 135 135 157 157 164 164 164 167 167 173 173 173 183 183 183 198 198 205 205 205 206 206 197 197 197 181 181 181 174 174 174 174 174 172 172 172 172 172 170 170 170 172 172 178 178 178 180 180 180 181 181 179 179
126 126 130 130 130 135 135 140 140 140 142 142 142 142 142 136 136 136 128 128 120 120 120 117 117 119 119 119 127 127 127 139 139 151 151 151 160 160 160 164 164 158 158 158 153 153 154 154 154 163 163 163 184 184 206 206 206 221 221 227 227 227 222 222 222 215 215 206 206 206 197 197 197 190 190 180 180 180 175 175 174 174 174 177 177 177 182 182 181 181
126 126 130 130 130 135 135 140 140 140 142 142 142 142 142 136 136 136 128 128 120 120 120 117 117 119 119 119 127 127 127 139 139 151 151 151 160 160 160 164 164 158 158 158 153 153 154 154 154 163 163 163 184 184 206 206 206 221 221 227 227 227 222 222 222 215 215 206 206 206 197 197 197 190 190 180 180 180 175 175 174 174 174 177 177 177 182 182 181 181
126 126 130 130 130 135 135 140 140 140 142 142 142 142 142 136 136 136 128 128 120 120 120 117 117 119 119 119 127 127 127 139 139 151 151 151 160 160 160 164 164 158 158 158 153 153 154 154 154 163 163 163 184 184 206 206 206 221 221 227 227 227 222 222 222 215 215 206 206 206 197 197 197 190 190 180 180 180 175 175 174 174 174 177 177 177 182 182 181 181
128 128 127 127 127 129 129 134 134 134 141 141 147 147 147 149 149 149 154 154 163 163 163 180 180 196 196 196 199 199 199 189 189 176 176 176 162 162 162 148 148 136 136 136 130 130 130 130 130 132 132 132 143 143 158 158 158 178 178 197 197 197 206 206 206 208 208 202 202 202 192 192 192 184 184 175 175 175 166 166 161 161 161 158 158 158 162 162 167 167
128 128 127 127 127 129 129 134 134 134 141 141 147 147 147 149 149 149 154 154 163 163 163 180 180 196 196 196 199 199 199 189 189 176 176 176 162 162 162 148 148 136 136 136 130 130 130 130 130 132 132 132 143 143 158 158 158 178 178 197 197 197 206 206 206 208 208 202 202 202 192 192 192 184 184 175 175 175 166 166 161 161 161 158 158 158 162 162 167 167
137 137 135 135 135 135 135 137 137 137 140 140 146 146 146 155 155 155 170 170 185 185 185 199 199 207 207 207 200 200 200 185 185 162 162 162 139 139 139 126 126 121 121 121 120 120 120 120 120 118 118 118 119 119 119 119 119 125 125 136 136 136 148 148 148 159 159 162 162 162 160 160 160 157 157 154 154 154 150 150 147 147 147 146 146 146 150 150 154 154
137 137 135 135 135 135 135 137 137 137 140 140 146 146 146 155 155 155 170 170 185 185 185 199 199 207 207 207 200 200 200 185 185 162 162 162 139 139 139 126 126 121 121 121 120 120 120 120 120 118 118 118 119 119 119 119 119 125 125 136 136 136 148 148 148 159 159 162 162 162 160 160 160 157 157 154 154 154 150 150 147 147 147 146 146 146 150 150 154 154
137 137 135 135 135 135 135 137 137 137 140 140 146 146 146 155 155 155 170 170 185 185 185 199 199 207 207 207 200 200 200 185 185 162 162 162 139 139 139 126 126 121 121 121 120 120 120 120 120 118 118 118 119 119 119 119 119 125 125 136 136 136 148 148 148 159 159 162 162 162 160 160 160 157 157 154 154 154 150 150 147 147 147 146 146 146 150 150 154 154
147 147 144 144 144 145 145 145 145 145 147 147 150 150 150 154 154 154 162 162 169 169 169 175 175 176 176 176 163 163 163 145 145 126 126 126 117 117 117 118 118 119 119 119 119 119 118 118 118 114 114 114 114 114 111 111 111 108 108 107 107 107 110 110 110 121 121 130 130 130 133 133 133 133 133 130 130 130 127 127 127 127 127 126 126 126 128 128 129 129
147 147 144 144 144 145 145 145 145 145 147 147 150 150 150 154 154 154 162 162 169 169 169 175 175 176 176 176 163 163 163 145 145 126 126 126 117 117 117 118 118 119 119 119 119 119 118 118 118 114 114 114 114 114 111 111 111 108 108 107 107 107 110 110 110 121 121 130 130 130 133 133 133 133 133 130 130 130 127 127 127 127 127 126 126 126 128 128 129 129
142 142 139 139 139 138 138 137 137 137 136 136 136 136 136 134 134 134 133 133 131 131 131 129 129 126 126 126 119 119 119 114 114 110 110 110 109 109 109 111 111 111 111 111 111 111 109 109 109 104 104 104 102 102 99 99 99 95 95 91 91 91 90 90 90 100 100 112 112 112 117 117 117 115 115 109 109 109 105 105 105 105 105 105 105 105 108 108 109 109
142 142 139 139 139 138 138 137 137 137 136 136 136 136 136 134 134 134 133 133 131 131 131 129 129 126 126 126 119 119 119 114 114 110 110 110 109 109 109 111 111 111 111 111 111 111 109 109 109 104 104 104 102 102 99 99 99 95 95 91 91 91 90 90 90 100 100 112 112 112 117 117 117 115 115 109 109 109 105 105 105 105 105 105 105 105 108 108 109 109
142 142 139 139 139 138 138 137 137 137 136 136 136 136 136 134 134 134 133 133 131 131 131 129 129 126 126 126 119 119 119 114 114 110 110 110 109 109 109 111 111 111 111 111 111 111 109 109 109 104 104 104 102 102 99 99 99 95 95 91 91 91 90 90 90 100 100 112 112 112 117 117 117 115 115 109 109 109 105 105 105 105 105 105 105 105 108 108 109 109
144 144 139 139 139 137 137 134 134 134 131 131 128 128 128 124 124 124 121 121 117 117 117 115 115 116 116 116 116 116 116 117 117 117 117 117 116 116 116 118 118 118 118 118 118 118 116 116 116 111 111 111 108 108 105 105 105 101 101 96 96 96 89 89 89 90 90 97 97 97 105 105 105 109 109 108 108 108 106 106 106 106 106 107 107 107 110 110 111 111
144 144 139 139 139 137 137 134 134 134 131 131 128 128 128 124 124 124 121 121 117 117 117 115 115 116 116 116 116 116 116 117 117 117 117 117 116 116 116 118 118 118 118 118 118 118 116 116 116 111 111 111 108 108 105 105 105 101 101 96 96 96 89 89 89 90 90 97 97 97 105 105 105 109 109 108 108 108 106 106 106 106 106 107 107 107 110 110 111 111
144 144 139 139 139 137 137 134 134 134 131 131 128 128 128 124 124 124 121 121 117 117 117 115 115 116 116 116 116 116 116 117 117 117 117 117 116 116 116 118 118 118 118 118 118 118 116 116 116 111 111 111 108 108 105 105 105 101 101 96 96 96 89 89 89 90 90 97 97 97 105 105 105 109 109 108 108 108 106 106 106 106 106 107 107 107 110 110 111 111
134 134 127 127 127 122 122 119 119 119 118 118 118 118 118 117 117 117 118 118 117 117 117 115 115 114 114 114 115 115 115 117 117 117 117 117 116 116 116 117 117 117 117 117 116 116 115 115 115 110 110 110 107 107 101 101 101 95 95 89 89 89 78 78 78 71 71 69 69 69 78 78 78 91 91 99 99 99 103 103 104 104 104 103 103 103 107 107 109 109
134 134 127 127 127 122 122 119 119 119 118 118 118 118 118 117 117 117 118 118 117 117 117 115 115 114 114 114 115 115 115 117 117 117 117 117 116 116 116 117 117 117 117 117 116 116 115 115 115 110 110 110 107 107 101 101 101 95 95 89 89 89 78 78 78 71 71 69 69 69 78 78 78 91 91 99 99 99 103 103 104 104 104 103 103 103 107 107 109 109
123 123 119 119 119 114 114 110 110 110 108 108 108 108 108 108 108 108 110 110 111 111 111 110 110 109 109 109 108 108 108 110 110 110 110 110 109 109 109 110 110 109 109 109 109 109 107 107 107 103 103 103 100 100 93 93 93 85 85 76 76 76 64 64 64 55 55 52 52 52 59 59 59 72 72 82 82 82 89 89 92 92 92 92 92 92 97 97 100 100
123 123 119 119 119 114 114 110 110 110 108 108 108 108 108 108 108 108 110 110 111 111 111 110 110 109 109 109 108 108 108 110 110 110 110 110 109 109 109 110 110 109 109 109 109 109 107 107 107 103 103 103 100 100 93 93 93 85 85 76 76 76 64 64 64 55 55 52 52 52 59 59 59 72 72 82 82 82 89 89 92 92 92 92 92 92 97 97 100 100
123 123 119 119 119 114 114 110 110 110 108 108 108 108 108 108 108 108 110 110 111 111 111 110 110 109 109 109 108 108 108 110 110 110 110 110 109 109 109 110 110 109 109 109 109 109 107 107 107 103 103 103 100 100 93 93 93 85 85 76 76 76 64 64 64 55 55 52 52 52 59 59 59 72 72 82 82 82 89 89 92 92 92 92 92 92 97 97 100 100
123 123 124 124 124 125 125 122 122 122 119 119 118 118 118 116 116 116 117 117 119 119 119 120 120 121 121 121 119 119 119 119 119 118 118 118 117 117 117 119 119 119 119 119 118 118 116 116 116 114 114 114 113 113 109 109 109 104 104 99 99 99 91 91 91 85 85 81 81 81 81 81 81 86 86 92 92 92 97 97 100 100 100 101 101 101 106 106 110 110
123 123 124 124 124 125 125 122 122 122 119 119 118 118 118 116 116 116 117 117 119 119 119 120 120 121 121 121 119 119 119 119 119 118 118 118 117 117 117 119 119 119 119 119 118 118 116 116 116 114 114 114 113 113 109 109 109 104 104 99 99 99 91 91 91 85 85 81 81 81 81 81 81 86 86 92 92 92 97 97 100 100 100 101 101 101 106 106 110 110
123 123 124 124 124 125 125 122 122 122 119 119 118 118 118 116 116 116 117 117 119 119 119 120 120 121 121 121 119 119 119 119 119 118 118 118 117 117 117 119 119 119 119 119 118 118 116 116 116 114 114 114 113 113 109 109 109 104 104 99 99 99 91 91 91 85 85 81 81 81 81 81 81 86 86 92 92 92 97 97 100 100 100 101 101 101 106 106 110 110
108 108 113 113 113 118 118 120 120 120 119 119 119 119 119 118 118 118 118 118 119 119 119 121 121 122 122 122 121 121 121 121 121 120 120 120 119 119 119 122 122 122 122 122 121 121 120 120 120 118 118 118 117 117 117 117 117 116 116 115 115 115 113 113 113 109 109 101 101 101 93 93 93 92 92 92 92 92 94 94 97 97 97 100 100 100 106 106 110 110
108 108 113 113 113 118 118 120 120 120 119 119 119 119 119 118 118 118 118 118 119 119 119 121 121 122 122 122 121 121 121 121 121 120 120 120 119 119 119 122 122 122 122 122 121 121 120 120 120 118 118 118 117 117 117 117 117 116 116 115 115 115 113 113 113 109 109 101 101 101 93 93 93 92 92 92 92 92 94 94 97 97 97 100 100 100 106 106 110 110
94 94 99 99 99 106 106 111 111 111 116 116 119 119 119 121 121 121 123 123 122 122 122 122 122 122 122 122 121 121 121 122 122 123 123 123 123 123 123 126 126 127 127 127 126 126 124 124 124 121 121 121 121 121 121 121 121 122 122 123 123 123 120 120 120 116 116 107 107 107 99 99 99 96 96 94 94 94 94 94 96 96 96 99 99 99 106 106 110 110
94 94 99 99 99 106 106 111 111 111 116 116 119 119 119 121 121 121 123 123 122 122 122 122 122 122 122 122 121 121 121 122 122 123 123 123 123 123 123 126 126 127 127 127 126 126 124 124 124 121 121 121 121 121 121 121 121 122 122 123 123 123 120 120 120 116 116 107 107 107 99 99 99 96 96 94 94 94 94 94 96 96 96 99 99 99 106 106 110 110
94 94 99 99 99 106 106 111 111 111 116 116 119 119 119 121 121 121 123 123 122 122 122 122 122 122 122 122 121 121 121 122 122 123 123 123 123 123 123 126 126 127 127 127 126 126 124 124 124 121 121 121 121 121 121 121 121 122 122 123 123 123 120 120 120 116 116 107 107 107 99 99 99 96 96 94 94 94 94 94 96 96 96 99 99 99 106 106 110 110
88 88 91 91 91 98 98 106 106 106 114 114 119 119 119 122 122 122 124 124 124 124 124 122 122 122 122 122 121 121 121 125 125 128 128 128 129 129 129 132 132 132 132 132 130 130 128 128 128 124 124 124 123 123 123 123 123 124 124 125 125 125 123 123 123 119 119 114 114 114 107 107 107 103 103 99 99 99 95 95 96 96 96 99 99 99 108 108 112 112
88 88 91 91 91 98 98 106 106 106 114 114 119 119 119 122 122 122 124 124 124 124 124 122 122 122 122 122 121 121 121 125 125 128 128 128 129 129 129 132 132 132 132 132 130 130 128 128 128 124 124 124 123 123 123 123 123 124 124 125 125 125 123 123 123 119 119 114 114 114 107 107 107 103 103 99 99 99 95 95 96 96 96 99 99 99 108 108 112 112
