SEB_model/sample_data_files/historical_long/hillshade_historical_long/maynoon.txt
ncols         768
nrows         486
xllcorner     388353.95236715
yllcorner     7583725.4876181
cellsize      5
NODATA_value  -9999
[rows 320 to 359 of 486, columns 540 to 629 of 768]
115 115 111 111 111 106 106 106 106 106 105 105 105 103 103 103 103 103 101 101 101 99 99 94 94 94 87 87 87 84 84 81 81 81 77 77 73 73 73 66 66 66 64 64 62 62 62 60 60 60 65 65 69 69 69 73 73 78 78 78 84 84 84 89 89 94 94 94 96 96 96 98 98 100 100 100 102 102 103 103 103 103 103 103 103 103 104 104 104 106
131 131 130 130 130 125 125 125 121 121 118 118 118 115 115 115 116 116 115 115 115 113 113 110 110 110 104 104 104 100 100 95 95 95 89 89 85 85 85 81 81 81 81 81 77 77 77 72 72 72 76 76 78 78 78 79 79 83 83 83 89 89 89 96 96 100 100 100 102 102 102 103 103 103 103 103 105 105 108 108 108 110 110 110 112 112 112 112 112 112
131 131 130 130 130 125 125 125 121 121 118 118 118 115 115 115 116 116 115 115 115 113 113 110 110 110 104 104 104 100 100 95 95 95 89 89 85 85 85 81 81 81 81 81 77 77 77 72 72 72 76 76 78 78 78 79 79 83 83 83 89 89 89 96 96 100 100 100 102 102 102 103 103 103 103 103 105 105 108 108 108 110 110 110 112 112 112 112 112 112
138 138 139 139 139 135 135 135 129 129 123 123 123 119 119 119 119 119 118 118 118 116 116 113 113 113 107 107 107 103 103 96 96 96 87 87 79 79 79 71 71 71 69 69 68 68 68 66 66 66 70 70 72 72 72 72 72 75 75 75 79 79 79 84 84 87 87 87 89 89 89 91 91 93 93 93 96 96 99 99 99 102 102 102 106 106 107 107 107 106
138 138 139 139 139 135 135 135 129 129 123 123 123 119 119 119 119 119 118 118 118 116 116 113 113 113 107 107 107 103 103 96 96 96 87 87 79 79 79 71 71 71 69 69 68 68 68 66 66 66 70 70 72 72 72 72 72 75 75 75 79 79 79 84 84 87 87 87 89 89 89 91 91 93 93 93 96 96 99 99 99 102 102 102 106 106 107 107 107 106
138 138 139 139 139 135 135 135 129 129 123 123 123 119 119 119 119 119 118 118 118 116 116 113 113 113 107 107 107 103 103 96 96 96 87 87 79 79 79 71 71 71 69 69 68 68 68 66 66 66 70 70 72 72 72 72 72 75 75 75 79 79 79 84 84 87 87 87 89 89 89 91 91 93 93 93 96 96 99 99 99 102 102 102 106 106 107 107 107 106
149 149 150 150 150 148 148 148 145 145 140 140 140 135 135 135 134 134 133 133 133 132 132 129 129 129 124 124 124 121 121 116 116 116 108 108 98 98 98 86 86 86 83 83 82 82 82 80 80 80 87 87 90 90 90 90 90 92 92 92 96 96 96 99 99 101 101 101 103 103 103 106 106 109 109 109 112 112 114 114 114 116 116 116 118 118 119 119 119 118
149 149 150 150 150 148 148 148 145 145 140 140 140 135 135 135 134 134 133 133 133 132 132 129 129 129 124 124 124 121 121 116 116 116 108 108 98 98 98 86 86 86 83 83 82 82 82 80 80 80 87 87 90 90 90 90 90 92 92 92 96 96 96 99 99 101 101 101 103 103 103 106 106 109 109 109 112 112 114 114 114 116 116 116 118 118 119 119 119 118
149 149 150 150 150 148 148 148 145 145 140 140 140 135 135 135 134 134 133 133 133 132 132 129 129 129 124 124 124 121 121 116 116 116 108 108 98 98 98 86 86 86 83 83 82 82 82 80 80 80 87 87 90 90 90 90 90 92 92 92 96 96 96 99 99 101 101 101 103 103 103 106 106 109 109 109 112 112 114 114 114 116 116 116 118 118 119 119 119 118
155 155 156 156 156 154 154 154 154 154 152 152 152 148 148 148 146 146 143 143 143 139 139 137 137 137 133 133 133 131 131 125 125 125 118 118 111 111 111 100 100 100 92 92 85 85 85 77 77 77 78 78 83 83 83 87 87 93 93 93 98 98 98 103 103 107 107 107 109 109 109 111 111 112 112 112 112 112 114 114 114 116 116 116 119 119 121 121 121 122
155 155 156 156 156 154 154 154 154 154 152 152 152 148 148 148 146 146 143 143 143 139 139 137 137 137 133 133 133 131 131 125 125 125 118 118 111 111 111 100 100 100 92 92 85 85 85 77 77 77 78 78 83 83 83 87 87 93 93 93 98 98 98 103 103 107 107 107 109 109 109 111 111 112 112 112 112 112 114 114 114 116 116 116 119 119 121 121 121 122
156 156 158 158 158 158 158 158 160 160 160 160 160 156 156 156 154 154 150 150 150 145 145 141 141 141 137 137 137 135 135 130 130 130 127 127 124 124 124 115 115 115 103 103 90 90 90 77 77 77 75 75 78 78 78 85 85 93 93 93 99 99 99 106 106 111 111 111 113 113 113 113 113 113 113 113 112 112 112 112 112 113 113 113 117 117 120 120 120 124
156 156 158 158 158 158 158 158 160 160 160 160 160 156 156 156 154 154 150 150 150 145 145 141 141 141 137 137 137 135 135 130 130 130 127 127 124 124 124 115 115 115 103 103 90 90 90 77 77 77 75 75 78 78 78 85 85 93 93 93 99 99 99 106 106 111 111 111 113 113 113 113 113 113 113 113 112 112 112 112 112 113 113 113 117 117 120 120 120 124
156 156 158 158 158 158 158 158 160 160 160 160 160 156 156 156 154 154 150 150 150 145 145 141 141 141 137 137 137 135 135 130 130 130 127 127 124 124 124 115 115 115 103 103 90 90 90 77 77 77 75 75 78 78 78 85 85 93 93 93 99 99 99 106 106 111 111 111 113 113 113 113 113 113 113 113 112 112 112 112 112 113 113 113 117 117 120 120 120 124
157 157 159 159 159 161 161 161 164 164 165 165 165 160 160 160 157 157 155 155 155 153 153 148 148 148 140 140 140 139 139 140 140 140 138 138 137 137 137 130 130 130 120 120 104 104 104 86 86 86 80 80 81 81 81 88 88 95 95 95 102 102 102 109 109 112 112 112 115 115 115 117 117 118 118 118 117 117 116 116 116 116 116 116 121 121 125 125 125 128
157 157 159 159 159 161 161 161 164 164 165 165 165 160 160 160 157 157 155 155 155 153 153 148 148 148 140 140 140 139 139 140 140 140 138 138 137 137 137 130 130 130 120 120 104 104 104 86 86 86 80 80 81 81 81 88 88 95 95 95 102 102 102 109 109 112 112 112 115 115 115 117 117 118 118 118 117 117 116 116 116 116 116 116 121 121 125 125 125 128
157 157 160 160 160 162 162 162 164 164 164 164 164 160 160 160 156 156 155 155 155 156 156 151 151 151 142 142 142 142 142 143 143 143 141 141 139 139 139 134 134 134 127 127 112 112 112 91 91 91 80 80 78 78 78 84 84 90 90 90 96 96 96 103 103 107 107 107 111 111 111 113 113 115 115 115 116 116 117 117 117 117 117 117 120 120 123 123 123 125
157 157 160 160 160 162 162 162 164 164 164 164 164 160 160 160 156 156 155 155 155 156 156 151 151 151 142 142 142 142 142 143 143 143 141 141 139 139 139 134 134 134 127 127 112 112 112 91 91 91 80 80 78 78 78 84 84 90 90 90 96 96 96 103 103 107 107 107 111 111 111 113 113 115 115 115 116 116 117 117 117 117 117 117 120 120 123 123 123 125
157 157 160 160 160 162 162 162 164 164 164 164 164 160 160 160 156 156 155 155 155 156 156 151 151 151 142 142 142 142 142 143 143 143 141 141 139 139 139 134 134 134 127 127 112 112 112 91 91 91 80 80 78 78 78 84 84 90 90 90 96 96 96 103 103 107 107 107 111 111 111 113 113 115 115 115 116 116 117 117 117 117 117 117 120 120 123 123 123 125
158 158 160 160 160 160 160 160 162 162 162 162 162 160 160 160 159 159 156 156 156 154 154 155 155 155 154 154 154 153 153 152 152 152 150 150 148 148 148 145 145 145 143 143 136 136 136 122 122 122 110 110 105 105 105 107 107 111 111 111 114 114 114 120 120 124 124 124 127 127 127 129 129 131 131 131 135 135 137 137 137 136 136 136 134 134 134 134 134 134
158 158 160 160 160 160 160 160 162 162 162 162 162 160 160 160 159 159 156 156 156 154 154 155 155 155 154 154 154 153 153 152 152 152 150 150 148 148 148 145 145 145 143 143 136 136 136 122 122 122 110 110 105 105 105 107 107 111 111 111 114 114 114 120 120 124 124 124 127 127 127 129 129 131 131 131 135 135 137 137 137 136 136 136 134 134 134 134 134 134
158 158 160 160 160 160 160 160 162 162 162 162 162 160 160 160 159 159 156 156 156 154 154 155 155 155 154 154 154 153 153 152 152 152 150 150 148 148 148 145 145 145 143 143 136 136 136 122 122 122 110 110 105 105 105 107 107 111 111 111 114 114 114 120 120 124 124 124 127 127 127 129 129 131 131 131 135 135 137 137 137 136 136 136 134 134 134 134 134 134
158 158 159 159 159 157 157 157 158 158 159 159 159 159 159 159 158 158 153 153 153 149 149 153 153 153 158 158 158 160 160 154 154 154 149 149 149 149 149 151 151 151 153 153 152 152 152 148 148 148 140 140 130 130 130 126 126 126 126 126 125 125 125 129 129 132 132 132 135 135 135 137 137 139 139 139 143 143 145 145 145 144 144 144 142 142 139 139 139 137
158 158 159 159 159 157 157 157 158 158 159 159 159 159 159 159 158 158 153 153 153 149 149 153 153 153 158 158 158 160 160 154 154 154 149 149 149 149 149 151 151 151 153 153 152 152 152 148 148 148 140 140 130 130 130 126 126 126 126 126 125 125 125 129 129 132 132 132 135 135 135 137 137 139 139 139 143 143 145 145 145 144 144 144 142 142 139 139 139 137
154 154 157 157 157 155 155 155 155 155 156 156 156 156 156 156 156 156 153 153 153 151 151 150 150 150 149 149 149 150 150 148 148 148 149 149 150 150 150 151 151 151 157 157 161 161 161 161 161 161 157 157 144 144 144 134 134 130 130 130 128 128 128 128 128 129 129 129 132 132 132 135 135 138 138 138 141 141 142 142 142 141 141 141 140 140 138 138 138 136
154 154 157 157 157 155 155 155 155 155 156 156 156 156 156 156 156 156 153 153 153 151 151 150 150 150 149 149 149 150 150 148 148 148 149 149 150 150 150 151 151 151 157 157 161 161 161 161 161 161 157 157 144 144 144 134 134 130 130 130 128 128 128 128 128 129 129 129 132 132 132 135 135 138 138 138 141 141 142 142 142 141 141 141 140 140 138 138 138 136
154 154 157 157 157 155 155 155 155 155 156 156 156 156 156 156 156 156 153 153 153 151 151 150 150 150 149 149 149 150 150 148 148 148 149 149 150 150 150 151 151 151 157 157 161 161 161 161 161 161 157 157 144 144 144 134 134 130 130 130 128 128 128 128 128 129 129 129 132 132 132 135 135 138 138 138 141 141 142 142 142 141 141 141 140 140 138 138 138 136
150 150 156 156 156 156 156 156 156 156 155 155 155 155 155 155 156 156 157 157 157 156 156 153 153 153 145 145 145 145 145 152 152 152 157 157 157 157 157 154 154 154 158 158 163 163 163 165 165 165 165 165 156 156 156 144 144 137 137 137 134 134 134 130 130 129 129 129 136 136 136 142 142 143 143 143 145 145 145 145 145 144 144 144 144 144 143 143 143 142
150 150 156 156 156 156 156 156 156 156 155 155 155 155 155 155 156 156 157 157 157 156 156 153 153 153 145 145 145 145 145 152 152 152 157 157 157 157 157 154 154 154 158 158 163 163 163 165 165 165 165 165 156 156 156 144 144 137 137 137 134 134 134 130 130 129 129 129 136 136 136 142 142 143 143 143 145 145 145 145 145 144 144 144 144 144 143 143 143 142
150 150 156 156 156 156 156 156 156 156 155 155 155 155 155 155 156 156 157 157 157 156 156 153 153 153 145 145 145 145 145 152 152 152 157 157 157 157 157 154 154 154 158 158 163 163 163 165 165 165 165 165 156 156 156 144 144 137 137 137 134 134 134 130 130 129 129 129 136 136 136 142 142 143 143 143 145 145 145 145 145 144 144 144 144 144 143 143 143 142
146 146 150 150 150 154 154 154 156 156 155 155 155 154 154 154 155 155 156 156 156 156 156 154 154 154 149 149 149 148 148 149 149 149 152 152 156 156 156 155 155 155 156 156 159 159 159 160 160 160 161 161 155 155 155 146 146 136 136 136 129 129 129 127 127 127 127 127 136 136 136 144 144 145 145 145 145 145 145 145 145 144 144 144 144 144 142 142 142 141
146 146 150 150 150 154 154 154 156 156 155 155 155 154 154 154 155 155 156 156 156 156 156 154 154 154 149 149 149 148 148 149 149 149 152 152 156 156 156 155 155 155 156 156 159 159 159 160 160 160 161 161 155 155 155 146 146 136 136 136 129 129 129 127 127 127 127 127 136 136 136 144 144 145 145 145 145 145 145 145 145 144 144 144 144 144 142 142 142 141
147 147 146 146 146 149 149 149 155 155 155 155 155 154 154 154 155 155 155 155 155 154 154 153 153 153 152 152 152 151 151 148 148 148 146 146 149 149 149 153 153 153 156 156 155 155 155 155 155 155 155 155 151 151 151 146 146 138 138 138 132 132 132 137 137 139 139 139 140 140 140 143 143 144 144 144 145 145 145 145 145 143 143 143 143 143 141 141 141 139
147 147 146 146 146 149 149 149 155 155 155 155 155 154 154 154 155 155 155 155 155 154 154 153 153 153 152 152 152 151 151 148 148 148 146 146 149 149 149 153 153 153 156 156 155 155 155 155 155 155 155 155 151 151 151 146 146 138 138 138 132 132 132 137 137 139 139 139 140 140 140 143 143 144 144 144 145 145 145 145 145 143 143 143 143 143 141 141 141 139
147 147 146 146 146 149 149 149 155 155 155 155 155 154 154 154 155 155 155 155 155 154 154 153 153 153 152 152 152 151 151 148 148 148 146 146 149 149 149 153 153 153 156 156 155 155 155 155 155 155 155 155 151 151 151 146 146 138 138 138 132 132 132 137 137 139 139 139 140 140 140 143 143 144 144 144 145 145 145 145 145 143 143 143 143 143 141 141 141 139
148 148 145 145 145 145 145 145 150 150 153 153 153 153 153 153 154 154 153 153 153 153 153 154 154 154 154 154 154 157 157 156 156 156 152 152 151 151 151 152 152 152 154 154 152 152 152 149 149 149 150 150 148 148 148 144 144 140 140 140 138 138 138 139 139 137 137 137 134 134 134 135 135 138 138 138 143 143 144 144 144 142 142 142 140 140 138 138 138 137
148 148 145 145 145 145 145 145 150 150 153 153 153 153 153 153 154 154 153 153 153 153 153 154 154 154 154 154 154 157 157 156 156 156 152 152 151 151 151 152 152 152 154 154 152 152 152 149 149 149 150 150 148 148 148 144 144 140 140 140 138 138 138 139 139 137 137 137 134 134 134 135 135 138 138 138 143 143 144 144 144 142 142 142 140 140 138 138 138 137
146 146 144 144 144 141 141 141 144 144 147 147 147 148 148 148 150 150 151 151 151 151 151 152 152 152 152 152 152 153 153 154 154 154 155 155 154 154 154 151 151 151 150 150 147 147 147 143 143 143 143 143 145 145 145 143 143 139 139 139 134 134 134 129 129 122 122 122 120 120 120 123 123 127 127 127 131 131 135 135 135 135 135 135 133 133 130 130 130 128
146 146 144 144 144 141 141 141 144 144 147 147 147 148 148 148 150 150 151 151 151 151 151 152 152 152 152 152 152 153 153 154 154 154 155 155 154 154 154 151 151 151 150 150 147 147 147 143 143 143 143 143 145 145 145 143 143 139 139 139 134 134 134 129 129 122 122 122 120 120 120 123 123 127 127 127 131 131 135 135 135 135 135 135 133 133 130 130 130 128
146 146 144 144 144 141 141 141 144 144 147 147 147 148 148 148 150 150 151 151 151 151 151 152 152 152 152 152 152 153 153 154 154 154 155 155 154 154 154 151 151 151 150 150 147 147 147 143 143 143 143 143 145 145 145 143 143 139 139 139 134 134 134 129 129 122 122 122 120 120 120 123 123 127 127 127 131 131 135 135 135 135 135 135 133 133 130 130 130 128
