SEB_model/sample_data_files/historical_long/hillshade_historical_long/maynoon.txt
ncols         768
nrows         486
xllcorner     388353.95236715
yllcorner     7583725.4876181
cellsize      5
NODATA_value  -9999
[rows 200 to 239 of 486, columns 450 to 539 of 768]
107 111 111 111 113 113 110 110 110 111 111 109 109 109 103 103 103 102 102 101 101 101 100 100 99 99 99 97 97 97 100 100 102 102 102 104 104 104 111 111 115 115 115 119 119 121 121 121 120 120 120 120 120 119 119 119 118 118 119 119 119 119 119 119 122 122 124 124 124 125 125 125 128 128 129 129 129 129 129 129 129 129 130 130 130 133 133 134 134 134
107 111 111 111 113 113 110 110 110 111 111 109 109 109 103 103 103 102 102 101 101 101 100 100 99 99 99 97 97 97 100 100 102 102 102 104 104 104 111 111 115 115 115 119 119 121 121 121 120 120 120 120 120 119 119 119 118 118 119 119 119 119 119 119 122 122 124 124 124 125 125 125 128 128 129 129 129 129 129 129 129 129 130 130 130 133 133 134 134 134
107 111 111 111 113 113 110 110 110 111 111 109 109 109 103 103 103 102 102 101 101 101 100 100 99 99 99 97 97 97 100 100 102 102 102 104 104 104 111 111 115 115 115 119 119 121 121 121 120 120 120 120 120 119 119 119 118 118 119 119 119 119 119 119 122 122 124 124 124 125 125 125 128 128 129 129 129 129 129 129 129 129 130 130 130 133 133 134 134 134
114 116 116 116 118 118 114 114 114 114 114 112 112 112 109 109 109 111 111 112 112 112 112 112 110 110 110 106 106 106 107 107 107 107 107 107 107 107 113 113 118 118 118 122 122 124 124 124 123 123 123 125 125 125 125 125 125 125 124 124 124 122 122 122 124 124 124 124 124 122 122 122 125 125 125 125 125 127 127 128 128 128 126 126 126 127 127 127 127 127
114 116 116 116 118 118 114 114 114 114 114 112 112 112 109 109 109 111 111 112 112 112 112 112 110 110 110 106 106 106 107 107 107 107 107 107 107 107 113 113 118 118 118 122 122 124 124 124 123 123 123 125 125 125 125 125 125 125 124 124 124 122 122 122 124 124 124 124 124 122 122 122 125 125 125 125 125 127 127 128 128 128 126 126 126 127 127 127 127 127
114 116 116 116 118 118 114 114 114 114 114 112 112 112 109 109 109 111 111 112 112 112 112 112 110 110 110 106 106 106 107 107 107 107 107 107 107 107 113 113 118 118 118 122 122 124 124 124 123 123 123 125 125 125 125 125 125 125 124 124 124 122 122 122 124 124 124 124 124 122 122 122 125 125 125 125 125 127 127 128 128 128 126 126 126 127 127 127 127 127
111 109 109 109 109 109 108 108 108 109 109 109 109 109 107 107 107 111 111 113 113 113 113 113 112 112 112 108 108 108 109 109 108 108 108 105 105 105 108 108 111 111 111 114 114 117 117 117 119 119 119 122 122 123 123 123 122 122 121 121 121 118 118 118 118 118 118 118 118 116 116 116 117 117 115 115 115 113 113 111 111 111 106 106 106 103 103 102 102 102
111 109 109 109 109 109 108 108 108 109 109 109 109 109 107 107 107 111 111 113 113 113 113 113 112 112 112 108 108 108 109 109 108 108 108 105 105 105 108 108 111 111 111 114 114 117 117 117 119 119 119 122 122 123 123 123 122 122 121 121 121 118 118 118 118 118 118 118 118 116 116 116 117 117 115 115 115 113 113 111 111 111 106 106 106 103 103 102 102 102
109 105 105 105 105 105 104 104 104 107 107 107 107 107 106 106 106 109 109 111 111 111 111 111 111 111 111 109 109 109 111 111 109 109 109 105 105 105 106 106 106 106 106 108 108 112 112 112 114 114 114 118 118 119 119 119 118 118 117 117 117 114 114 114 112 112 108 108 108 102 102 102 99 99 96 96 96 93 93 90 90 90 85 85 85 82 82 80 80 80
109 105 105 105 105 105 104 104 104 107 107 107 107 107 106 106 106 109 109 111 111 111 111 111 111 111 111 109 109 109 111 111 109 109 109 105 105 105 106 106 106 106 106 108 108 112 112 112 114 114 114 118 118 119 119 119 118 118 117 117 117 114 114 114 112 112 108 108 108 102 102 102 99 99 96 96 96 93 93 90 90 90 85 85 85 82 82 80 80 80
109 105 105 105 105 105 104 104 104 107 107 107 107 107 106 106 106 109 109 111 111 111 111 111 111 111 111 109 109 109 111 111 109 109 109 105 105 105 106 106 106 106 106 108 108 112 112 112 114 114 114 118 118 119 119 119 118 118 117 117 117 114 114 114 112 112 108 108 108 102 102 102 99 99 96 96 96 93 93 90 90 90 85 85 85 82 82 80 80 80
106 102 102 102 101 101 100 100 100 103 103 104 104 104 103 103 103 106 106 106 106 106 107 107 107 107 107 105 105 105 107 107 107 107 107 103 103 103 103 103 102 102 102 103 103 105 105 105 105 105 105 108 108 108 108 108 107 107 105 105 105 99 99 99 96 96 92 92 92 87 87 87 85 85 84 84 84 84 84 82 82 82 78 78 78 74 74 71 71 71
106 102 102 102 101 101 100 100 100 103 103 104 104 104 103 103 103 106 106 106 106 106 107 107 107 107 107 105 105 105 107 107 107 107 107 103 103 103 103 103 102 102 102 103 103 105 105 105 105 105 105 108 108 108 108 108 107 107 105 105 105 99 99 99 96 96 92 92 92 87 87 87 85 85 84 84 84 84 84 82 82 82 78 78 78 74 74 71 71 71
89 88 88 88 88 88 87 87 87 91 91 93 93 93 92 92 92 94 94 93 93 93 93 93 93 93 93 91 91 91 93 93 93 93 93 90 90 90 89 89 88 88 88 89 89 90 90 90 90 90 90 93 93 91 91 91 86 86 82 82 82 77 77 77 75 75 75 75 75 75 75 75 77 77 77 77 77 78 78 85 85 85 102 102 102 99 99 69 69 69
89 88 88 88 88 88 87 87 87 91 91 93 93 93 92 92 92 94 94 93 93 93 93 93 93 93 93 91 91 91 93 93 93 93 93 90 90 90 89 89 88 88 88 89 89 90 90 90 90 90 90 93 93 91 91 91 86 86 82 82 82 77 77 77 75 75 75 75 75 75 75 75 77 77 77 77 77 78 78 85 85 85 102 102 102 99 99 69 69 69
89 88 88 88 88 88 87 87 87 91 91 93 93 93 92 92 92 94 94 93 93 93 93 93 93 93 93 91 91 91 93 93 93 93 93 90 90 90 89 89 88 88 88 89 89 90 90 90 90 90 90 93 93 91 91 91 86 86 82 82 82 77 77 77 75 75 75 75 75 75 75 75 77 77 77 77 77 78 78 85 -9999 -9999 -9999 -9999 -9999 -9999 -9999 69 69 69
92 95 95 95 96 96 95 95 95 99 99 100 100 100 99 99 99 101 101 101 101 101 100 100 100 100 100 98 98 98 101 101 102 102 102 98 98 98 98 98 97 97 97 98 98 97 97 97 93 93 93 91 91 86 86 86 81 81 78 78 78 76 76 76 77 77 77 77 77 76 76 76 77 77 77 77 77 83 83 -9999 -9999 -9999 -9999 -9999 -9999 -9999 -9999 -9999 89 89
92 95 95 95 96 96 95 95 95 99 99 100 100 100 99 99 99 101 101 101 101 101 100 100 100 100 100 98 98 98 101 101 102 102 102 98 98 98 98 98 97 97 97 98 98 97 97 97 93 93 93 91 91 86 86 86 81 81 78 78 78 76 76 76 77 77 77 77 77 76 76 76 77 77 77 77 77 83 -9999 -9999 -9999 -9999 -9999 -9999 -9999 -9999 -9999 -9999 -9999 89
92 95 95 95 96 96 95 95 95 99 99 100 100 100 99 99 99 101 101 101 101 101 100 100 100 100 100 98 98 98 101 101 102 102 102 98 98 98 98 98 97 97 97 98 98 97 97 97 93 93 93 91 91 86 86 86 81 81 78 78 78 76 76 76 77 77 77 77 77 76 76 76 77 77 77 77 77 83 -9999 -9999 -9999 -9999 -9999 -9999 -9999 -9999 -9999 -9999 -9999 89
87 91 91 91 94 94 94 94 94 98 98 99 99 99 98 98 98 100 100 100 100 100 98 98 97 97 97 96 96 96 99 99 101 101 101 99 99 99 101 101 100 100 100 98 98 93 93 93 85 85 85 81 81 79 79 79 77 77 75 75 75 73 73 73 73 73 72 72 72 70 70 70 68 68 64 64 64 66 -9999 -9999 -9999 -9999 -9999 -9999 -9999 -9999 -9999 -9999 -9999 -9999
87 91 91 91 94 94 94 94 94 98 98 99 99 99 98 98 98 100 100 100 100 100 98 98 97 97 97 96 96 96 99 99 101 101 101 99 99 99 101 101 100 100 100 98 98 93 93 93 85 85 85 81 81 79 79 79 77 77 75 75 75 73 73 73 73 73 72 72 72 70 70 70 68 68 64 64 64 66 -9999 -9999 -9999 -9999 -9999 -9999 -9999 -9999 -9999 -9999 -9999 -9999
73 78 78 78 83 83 84 84 84 88 88 88 88 88 86 86 86 88 88 88 88 88 86 86 84 84 84 82 82 82 85 85 88 88 88 91 91 91 97 97 94 94 94 85 85 76 76 76 69 69 69 66 66 66 66 66 65 65 65 65 65 64 64 64 63 63 61 61 61 58 58 58 54 54 49 49 49 42 -9999 -9999 -9999 -9999 -9999 -9999 -9999 -9999 -9999 -9999 -9999 -9999
73 78 78 78 83 83 84 84 84 88 88 88 88 88 86 86 86 88 88 88 88 88 86 86 84 84 84 82 82 82 85 85 88 88 88 91 91 91 97 97 94 94 94 85 85 76 76 76 69 69 69 66 66 66 66 66 65 65 65 65 65 64 64 64 63 63 61 61 61 58 58 58 54 54 49 49 49 42 -9999 -9999 -9999 -9999 -9999 -9999 -9999 -9999 -9999 -9999 -9999 -9999
73 78 78 78 83 83 84 84 84 88 88 88 88 88 86 86 86 88 88 88 88 88 86 86 84 84 84 82 82 82 85 85 88 88 88 91 91 91 97 97 94 94 94 85 85 76 76 76 69 69 69 66 66 66 66 66 65 65 65 65 65 64 64 64 63 63 61 61 61 58 58 58 54 54 49 49 49 42 -9999 -9999 -9999 -9999 -9999 -9999 -9999 -9999 -9999 -9999 -9999 -9999
87 90 90 90 92 92 89 89 89 89 89 90 90 90 88 88 88 91 91 94 94 94 96 96 95 95 95 91 91 91 94 94 96 96 96 94 94 94 94 94 89 89 89 81 81 76 76 76 72 72 72 69 69 68 68 68 68 68 69 69 69 69 69 69 69 69 67 67 67 64 64 64 60 60 56 56 56 47 -9999 -9999 -9999 -9999 -9999 -9999 -9999 -9999 -9999 -9999 -9999 -9999
87 90 90 90 92 92 89 89 89 89 89 90 90 90 88 88 88 91 91 94 94 94 96 96 95 95 95 91 91 91 94 94 96 96 96 94 94 94 94 94 89 89 89 81 81 76 76 76 72 72 72 69 69 68 68 68 68 68 69 69 69 69 69 69 69 69 67 67 67 64 64 64 60 60 56 56 56 47 -9999 -9999 -9999 -9999 -9999 -9999 -9999 -9999 -9999 -9999 -9999 -9999
87 90 90 90 92 92 89 89 89 89 89 90 90 90 88 88 88 91 91 94 94 94 96 96 95 95 95 91 91 91 94 94 96 96 96 94 94 94 94 94 89 89 89 81 81 76 76 76 72 72 72 69 69 68 68 68 68 68 69 69 69 69 69 69 69 69 67 67 67 64 64 64 60 60 56 56 56 47 -9999 -9999 -9999 -9999 -9999 -9999 -9999 -9999 -9999 -9999 -9999 -9999
88 87 87 87 87 87 82 82 82 82 82 82 82 82 81 81 81 83 83 86 86 86 90 90 93 93 93 91 91 91 91 91 90 90 90 83 83 83 76 76 73 73 73 72 72 73 73 73 72 72 72 71 71 69 69 69 69 69 70 70 70 71 71 71 71 71 69 69 69 65 65 65 61 61 58 58 58 49 -9999 -9999 -9999 -9999 -9999 -9999 -9999 -9999 -9999 -9999 -9999 -9999
88 87 87 87 87 87 82 82 82 82 82 82 82 82 81 81 81 83 83 86 86 86 90 90 93 93 93 91 91 91 91 91 90 90 90 83 83 83 76 76 73 73 73 72 72 73 73 73 72 72 72 71 71 69 69 69 69 69 70 70 70 71 71 71 71 71 69 69 69 65 65 65 61 61 58 58 58 49 -9999 -9999 -9999 -9999 -9999 -9999 -9999 -9999 -9999 -9999 -9999 -9999
82 78 78 78 77 77 76 76 76 77 77 78 78 78 77 77 77 77 77 77 77 77 78 78 81 81 81 80 80 80 80 80 78 78 78 74 74 74 71 71 70 70 70 69 69 70 70 70 70 70 70 71 71 71 71 71 71 71 73 73 73 73 73 73 74 74 72 72 72 68 68 68 65 65 62 62 62 53 -9999 -9999 -9999 -9999 -9999 -9999 39 0 0 -9999 -9999 -9999
82 78 78 78 77 77 76 76 76 77 77 78 78 78 77 77 77 77 77 77 77 77 78 78 81 81 81 80 80 80 80 80 78 78 78 74 74 74 71 71 70 70 70 69 69 70 70 70 70 70 70 71 71 71 71 71 71 71 73 73 73 73 73 73 74 74 72 72 72 68 68 68 65 65 62 62 62 53 -9999 -9999 -9999 -9999 -9999 39 39 0 0 31 -9999 -9999
82 78 78 78 77 77 76 76 76 77 77 78 78 78 77 77 77 77 77 77 77 77 78 78 81 81 81 80 80 80 80 80 78 78 78 74 74 74 71 71 70 70 70 69 69 70 70 70 70 70 70 71 71 71 71 71 71 71 73 73 73 73 73 73 74 74 72 72 72 68 68 68 65 65 62 62 62 53 -9999 -9999 -9999 -9999 39 39 39 0 0 -9999 -9999 -9999
77 76 76 76 75 75 74 74 74 75 75 76 76 76 76 76 76 77 77 76 76 76 75 75 75 75 75 73 73 73 73 73 72 72 72 70 70 70 69 69 67 67 67 67 67 68 68 68 69 69 69 72 72 74 74 74 76 76 76 76 76 76 76 76 76 76 74 74 74 72 72 72 70 70 74 74 74 72 -9999 -9999 -9999 -9999 0 0 0 23 23 -9999 -9999 -9999
77 76 76 76 75 75 74 74 74 75 75 76 76 76 76 76 76 77 77 76 76 76 75 75 75 75 75 73 73 73 73 73 72 72 72 70 70 70 69 69 67 67 67 67 67 68 68 68 69 69 69 72 72 74 74 74 76 76 76 76 76 76 76 76 76 76 74 74 74 72 72 72 70 70 74 74 74 -9999 -9999 -9999 -9999 -9999 0 0 0 23 -9999 -9999 -9999 -9999
65 67 67 67 68 68 68 68 68 69 69 70 70 70 69 69 69 70 70 68 68 68 67 67 65 65 65 62 62 62 61 61 60 60 60 58 58 58 58 58 58 58 58 58 58 59 59 59 60 60 60 65 65 68 68 68 70 70 70 70 70 69 69 69 69 69 68 68 68 67 67 67 66 66 68 68 68 -9999 -9999 -9999 -9999 -9999 45 45 45 48 -9999 -9999 -9999 -9999
65 67 67 67 68 68 68 68 68 69 69 70 70 70 69 69 69 70 70 68 68 68 67 67 65 65 65 62 62 62 61 61 60 60 60 58 58 58 58 58 58 58 58 58 58 59 59 59 60 60 60 65 65 68 68 68 70 70 70 70 70 69 69 69 69 69 68 68 68 67 67 67 66 66 68 68 68 -9999 -9999 -9999 -9999 57 45 45 45 48 -9999 -9999 -9999 -9999
65 67 67 67 68 68 68 68 68 69 69 70 70 70 69 69 69 70 70 68 68 68 67 67 65 65 65 62 62 62 61 61 60 60 60 58 58 58 58 58 58 58 58 58 58 59 59 59 60 60 60 65 65 68 68 68 70 70 70 70 70 69 69 69 69 69 68 68 68 67 67 67 66 66 68 68 68 -9999 -9999 -9999 -9999 57 45 45 45 48 -9999 -9999 -9999 -9999
70 72 72 72 74 74 75 75 75 77 77 77 77 77 75 75 75 74 74 72 72 72 70 70 69 69 69 66 66 66 64 64 62 62 62 62 62 62 63 63 64 64 64 65 65 67 67 67 69 69 69 72 72 74 74 74 75 75 75 75 75 74 74 74 74 74 75 75 75 75 75 75 76 76 70 70 70 -9999 -9999 58 58 58 74 74 74 78 -9999 -9999 -9999 -9999
70 72 72 72 74 74 75 75 75 77 77 77 77 77 75 75 75 74 74 72 72 72 70 70 69 69 69 66 66 66 64 64 62 62 62 62 62 62 63 63 64 64 64 65 65 67 67 67 69 69 69 72 72 74 74 74 75 75 75 75 75 74 74 74 74 74 75 75 75 75 75 75 76 76 70 70 70 59 59 58 58 58 74 74 -9999 -9999 -9999 -9999 -9999 -9999
70 72 72 72 74 74 75 75 75 77 77 77 77 77 75 75 75 74 74 72 72 72 70 70 69 69 69 66 66 66 64 64 62 62 62 62 62 62 63 63 64 64 64 65 65 67 67 67 69 69 69 72 72 74 74 74 75 75 75 75 75 74 74 74 74 74 75 75 75 75 75 75 76 76 70 70 70 59 59 58 58 58 74 -9999 -9999 -9999 -9999 -9999 -9999 -9999
