SEB_model/sample_data_files/historical_long/hillshade_historical_long/maynoon.txt
ncols         768
nrows         486
xllcorner     388353.95236715
yllcorner     7583725.4876181
cellsize      5
NODATA_value  -9999
[rows 280 to 319 of 486, columns 450 to 539 of 768]
41 38 38 38 35 35 31 31 31 28 28 24 24 24 0 0 0 0 0 0 0 0 30 30 30 30 30 0 0 0 0 0 0 0 0 0 0 0 0 0 0 0 0 0 0 0 0 0 0 0 0 0 0 0 0 0 0 0 0 0 0 0 0 0 0 0 0 0 0 0 0 0 0 0 0 0 0 0 0 0 0 0 0 0 0 0 0 0 0 0
41 38 38 38 35 35 31 31 31 28 28 24 24 24 0 0 0 0 0 0 0 0 30 30 30 30 30 0 0 0 0 0 0 0 0 0 0 0 0 0 0 0 0 0 0 0 0 0 0 0 0 0 0 0 0 0 0 0 0 0 0 0 0 0 0 0 0 0 0 0 0 0 0 0 0 0 0 0 0 0 0 0 0 0 0 0 0 0 0 0
21 17 17 17 13 13 9 9 9 0 0 0 0 0 0 0 0 0 0 0 0 0 0 0 0 0 0 0 0 0 0 0 0 0 0 0 0 0 0 0 0 0 0 0 0 0 0 0 0 0 0 0 0 0 0 0 0 0 0 0 0 0 0 0 0 0 0 0 0 0 0 0 0 0 0 0 0 0 0 0 0 0 0 0 0 0 0 0 0 0
21 17 17 17 13 13 9 9 9 0 0 0 0 0 0 0 0 0 0 0 0 0 0 0 0 0 0 0 0 0 0 0 0 0 0 0 0 0 0 0 0 0 0 0 0 0 0 0 0 0 0 0 0 0 0 0 0 0 0 0 0 0 0 0 0 0 0 0 0 0 0 0 0 0 0 0 0 0 0 0 0 0 0 0 0 0 0 0 0 0
43 38 38 38 33 33 27 27 27 25 25 22 22 22 17 17 17 16 16 15 15 15 16 16 15 15 15 0 0 0 0 0 0 0 0 0 0 0 0 0 0 0 0 0 0 0 0 0 0 0 0 0 0 0 0 0 0 0 0 0 0 0 0 0 0 0 0 0 0 0 0 0 0 0 0 0 0 0 0 0 0 0 0 0 0 0 0 0 0 0
43 38 38 38 33 33 27 27 27 25 25 22 22 22 17 17 17 16 16 15 15 15 16 16 15 15 15 0 0 0 0 0 0 0 0 0 0 0 0 0 0 0 0 0 0 0 0 0 0 0 0 0 0 0 0 0 0 0 0 0 0 0 0 0 0 0 0 0 0 0 0 0 0 0 0 0 0 0 0 0 0 0 0 0 0 0 0 0 0 0
43 38 38 38 33 33 27 27 27 25 25 22 22 22 17 17 17 16 16 15 15 15 16 16 15 15 15 0 0 0 0 0 0 0 0 0 0 0 0 0 0 0 0 0 0 0 0 0 0 0 0 0 0 0 0 0 0 0 0 0 0 0 0 0 0 0 0 0 0 0 0 0 0 0 0 0 0 0 0 0 0 0 0 0 0 0 0 0 0 0
47 42 42 42 36 36 30 30 30 27 27 25 25 25 20 20 20 0 0 0 0 0 0 0 0 0 0 0 0 0 0 0 0 0 0 0 0 0 0 0 0 0 0 0 0 0 0 0 0 0 0 0 0 0 0 0 0 0 0 0 0 0 0 0 0 0 0 0 0 0 0 0 0 0 0 0 0 0 0 0 0 0 0 0 0 0 0 0 0 0
47 42 42 42 36 36 30 30 30 27 27 25 25 25 20 20 20 0 0 0 0 0 0 0 0 0 0 0 0 0 0 0 0 0 0 0 0 0 0 0 0 0 0 0 0 0 0 0 0 0 0 0 0 0 0 0 0 0 0 0 0 0 0 0 0 0 0 0 0 0 0 0 0 0 0 0 0 0 0 0 0 0 0 0 0 0 0 0 0 0
33 29 29 29 25 25 19 19 19 14 14 9 9 9 3 3 3 0 0 0 0 0 0 0 0 0 0 0 0 0 0 0 0 0 0 0 0 0 0 0 0 0 0 0 0 0 0 0 0 0 0 0 0 0 0 0 0 0 0 0 0 0 0 0 0 0 0 0 0 0 0 0 0 0 0 0 0 0 0 0 0 0 0 0 0 0 0 0 0 0
33 29 29 29 25 25 19 19 19 14 14 9 9 9 3 3 3 0 0 0 0 0 0 0 0 0 0 0 0 0 0 0 0 0 0 0 0 0 0 0 0 0 0 0 0 0 0 0 0 0 0 0 0 0 0 0 0 0 0 0 0 0 0 0 0 0 0 0 0 0 0 0 0 0 0 0 0 0 0 0 0 0 0 0 0 0 0 0 0 0
33 29 29 29 25 25 19 19 19 14 14 9 9 9 3 3 3 0 0 0 0 0 0 0 0 0 0 0 0 0 0 0 0 0 0 0 0 0 0 0 0 0 0 0 0 0 0 0 0 0 0 0 0 0 0 0 0 0 0 0 0 0 0 0 0 0 0 0 0 0 0 0 0 0 0 0 0 0 0 0 0 0 0 0 0 0 0 0 0 0
58 56 56 56 55 55 50 50 50 44 44 38 38 38 31 31 31 26 26 20 20 20 15 15 11 11 11 8 8 8 8 8 16 16 16 29 29 29 35 35 23 23 23 4 4 0 0 0 0 0 0 0 0 4 4 4 11 11 7 7 7 0 0 0 0 0 0 0 0 0 0 0 0 0 0 0 0 0 0 2 2 2 0 0 0 0 0 0 0 0
58 56 56 56 55 55 50 50 50 44 44 38 38 38 31 31 31 26 26 20 20 20 15 15 11 11 11 8 8 8 8 8 16 16 16 29 29 29 35 35 23 23 23 4 4 0 0 0 0 0 0 0 0 4 4 4 11 11 7 7 7 0 0 0 0 0 0 0 0 0 0 0 0 0 0 0 0 0 0 2 2 2 0 0 0 0 0 0 0 0
58 56 56 56 55 55 50 50 50 44 44 38 38 38 31 31 31 26 26 20 20 20 15 15 11 11 11 8 8 8 8 8 16 16 16 29 29 29 35 35 23 23 23 4 4 0 0 0 0 0 0 0 0 4 4 4 11 11 7 7 7 0 0 0 0 0 0 0 0 0 0 0 0 0 0 0 0 0 0 2 2 2 0 0 0 0 0 0 0 0
63 63 63 63 61 61 57 57 57 54 54 51 51 51 48 48 48 45 45 42 42 42 37 37 30 30 30 25 25 25 23 23 26 26 26 27 27 27 0 0 0 0 0 0 0 0 0 0 0 0 0 18 18 32 32 32 42 42 38 38 38 22 22 22 11 11 0 0 0 0 0 0 0 0 0 0 0 0 0 0 0 0 0 0 0 0 0 0 0 0
63 63 63 63 61 61 57 57 57 54 54 51 51 51 48 48 48 45 45 42 42 42 37 37 30 30 30 25 25 25 23 23 26 26 26 27 27 27 0 0 0 0 0 0 0 0 0 0 0 0 0 18 18 32 32 32 42 42 38 38 38 22 22 22 11 11 0 0 0 0 0 0 0 0 0 0 0 0 0 0 0 0 0 0 0 0 0 0 0 0
66 65 65 65 63 63 60 60 60 60 60 60 60 60 59 59 59 59 59 57 57 57 52 52 45 45 45 38 38 38 36 36 36 36 36 32 32 32 23 23 15 15 15 16 16 20 20 20 24 24 24 31 31 43 43 43 53 53 51 51 51 37 37 37 25 25 16 16 16 10 10 10 10 10 12 12 12 14 14 13 13 13 8 8 8 2 2 0 0 0
66 65 65 65 63 63 60 60 60 60 60 60 60 60 59 59 59 59 59 57 57 57 52 52 45 45 45 38 38 38 36 36 36 36 36 32 32 32 23 23 15 15 15 16 16 20 20 20 24 24 24 31 31 43 43 43 53 53 51 51 51 37 37 37 25 25 16 16 16 10 10 10 10 10 12 12 12 14 14 13 13 13 8 8 8 2 2 0 0 0
66 65 65 65 63 63 60 60 60 60 60 60 60 60 59 59 59 59 59 57 57 57 52 52 45 45 45 38 38 38 36 36 36 36 36 32 32 32 23 23 15 15 15 16 16 20 20 20 24 24 24 31 31 43 43 43 53 53 51 51 51 37 37 37 25 25 16 16 16 10 10 10 10 10 12 12 12 14 14 13 13 13 8 8 8 2 2 0 0 0
70 69 69 69 69 69 69 69 69 69 69 70 70 70 70 70 70 70 70 68 68 68 65 65 61 61 61 56 56 56 54 54 53 53 53 52 52 52 51 51 47 47 47 45 45 45 45 45 46 46 46 50 50 55 55 55 60 60 60 60 60 51 51 51 43 43 37 37 37 33 33 33 32 32 30 30 30 29 29 28 28 28 26 26 26 25 25 24 24 24
70 69 69 69 69 69 69 69 69 69 69 70 70 70 70 70 70 70 70 68 68 68 65 65 61 61 61 56 56 56 54 54 53 53 53 52 52 52 51 51 47 47 47 45 45 45 45 45 46 46 46 50 50 55 55 55 60 60 60 60 60 51 51 51 43 43 37 37 37 33 33 33 32 32 30 30 30 29 29 28 28 28 26 26 26 25 25 24 24 24
57 58 58 58 59 59 59 59 59 60 60 58 58 58 56 56 56 56 56 56 56 56 55 55 53 53 53 50 50 50 49 49 48 48 48 49 49 49 51 51 50 50 50 47 47 48 48 48 50 50 50 51 51 50 50 50 51 51 50 50 50 45 45 45 39 39 33 33 33 29 29 29 27 27 24 24 24 23 23 24 24 24 24 24 24 25 25 22 22 22
57 58 58 58 59 59 59 59 59 60 60 58 58 58 56 56 56 56 56 56 56 56 55 55 53 53 53 50 50 50 49 49 48 48 48 49 49 49 51 51 50 50 50 47 47 48 48 48 50 50 50 51 51 50 50 50 51 51 50 50 50 45 45 45 39 39 33 33 33 29 29 29 27 27 24 24 24 23 23 24 24 24 24 24 24 25 25 22 22 22
57 58 58 58 59 59 59 59 59 60 60 58 58 58 56 56 56 56 56 56 56 56 55 55 53 53 53 50 50 50 49 49 48 48 48 49 49 49 51 51 50 50 50 47 47 48 48 48 50 50 50 51 51 50 50 50 51 51 50 50 50 45 45 45 39 39 33 33 33 29 29 29 27 27 24 24 24 23 23 24 24 24 24 24 24 25 25 22 22 22
77 80 80 80 81 81 81 81 81 81 81 80 80 80 77 77 77 77 77 78 78 78 79 79 79 79 79 77 77 77 77 77 77 77 77 77 77 77 81 81 82 82 82 83 83 84 84 84 85 85 85 87 87 85 85 85 82 82 79 79 79 75 75 75 72 72 68 68 68 63 63 63 60 60 58 58 58 59 59 61 61 61 63 63 63 63 63 61 61 61
77 80 80 80 81 81 81 81 81 81 81 80 80 80 77 77 77 77 77 78 78 78 79 79 79 79 79 77 77 77 77 77 77 77 77 77 77 77 81 81 82 82 82 83 83 84 84 84 85 85 85 87 87 85 85 85 82 82 79 79 79 75 75 75 72 72 68 68 68 63 63 63 60 60 58 58 58 59 59 61 61 61 63 63 63 63 63 61 61 61
77 80 80 80 81 81 81 81 81 81 81 80 80 80 77 77 77 77 77 78 78 78 79 79 79 79 79 77 77 77 77 77 77 77 77 77 77 77 81 81 82 82 82 83 83 84 84 84 85 85 85 87 87 85 85 85 82 82 79 79 79 75 75 75 72 72 68 68 68 63 63 63 60 60 58 58 58 59 59 61 61 61 63 63 63 63 63 61 61 61
83 84 84 84 85 85 86 86 86 88 88 88 88 88 87 87 87 87 87 87 87 87 87 87 88 88 88 88 88 88 90 90 92 92 92 92 92 92 94 94 96 96 96 97 97 98 98 98 97 97 97 98 98 99 99 99 97 97 94 94 94 90 90 90 89 89 86 86 86 82 82 82 80 80 78 78 78 77 77 77 77 77 76 76 76 77 77 76 76 76
83 84 84 84 85 85 86 86 86 88 88 88 88 88 87 87 87 87 87 87 87 87 87 87 88 88 88 88 88 88 90 90 92 92 92 92 92 92 94 94 96 96 96 97 97 98 98 98 97 97 97 98 98 99 99 99 97 97 94 94 94 90 90 90 89 89 86 86 86 82 82 82 80 80 78 78 78 77 77 77 77 77 76 76 76 77 77 76 76 76
86 88 88 88 90 90 90 90 90 92 92 93 93 93 94 94 94 96 96 96 96 96 94 94 95 95 95 96 96 96 99 99 102 102 102 103 103 103 104 104 104 104 104 105 105 105 105 105 103 103 103 103 103 103 103 103 103 103 101 101 101 98 98 98 97 97 96 96 96 93 93 93 93 93 91 91 91 88 88 87 87 87 86 86 86 85 85 84 84 84
86 88 88 88 90 90 90 90 90 92 92 93 93 93 94 94 94 96 96 96 96 96 94 94 95 95 95 96 96 96 99 99 102 102 102 103 103 103 104 104 104 104 104 105 105 105 105 105 103 103 103 103 103 103 103 103 103 103 101 101 101 98 98 98 97 97 96 96 96 93 93 93 93 93 91 91 91 88 88 87 87 87 86 86 86 85 85 84 84 84
86 88 88 88 90 90 90 90 90 92 92 93 93 93 94 94 94 96 96 96 96 96 94 94 95 95 95 96 96 96 99 99 102 102 102 103 103 103 104 104 104 104 104 105 105 105 105 105 103 103 103 103 103 103 103 103 103 103 101 101 101 98 98 98 97 97 96 96 96 93 93 93 93 93 91 91 91 88 88 87 87 87 86 86 86 85 85 84 84 84
91 95 95 95 98 98 99 99 99 101 101 102 102 102 102 102 102 104 104 105 105 105 105 105 105 105 105 107 107 107 111 111 114 114 114 114 114 114 115 115 114 114 114 114 114 114 114 114 112 112 112 111 111 109 109 109 107 107 106 106 106 104 104 104 105 105 106 106 106 106 106 106 108 108 107 107 107 105 105 103 103 103 100 100 100 99 99 96 96 96
91 95 95 95 98 98 99 99 99 101 101 102 102 102 102 102 102 104 104 105 105 105 105 105 105 105 105 107 107 107 111 111 114 114 114 114 114 114 115 115 114 114 114 114 114 114 114 114 112 112 112 111 111 109 109 109 107 107 106 106 106 104 104 104 105 105 106 106 106 106 106 106 108 108 107 107 107 105 105 103 103 103 100 100 100 99 99 96 96 96
91 95 95 95 98 98 99 99 99 101 101 102 102 102 102 102 102 104 104 105 105 105 105 105 105 105 105 107 107 107 111 111 114 114 114 114 114 114 115 115 114 114 114 114 114 114 114 114 112 112 112 111 111 109 109 109 107 107 106 106 106 104 104 104 105 105 106 106 106 106 106 106 108 108 107 107 107 105 105 103 103 103 100 100 100 99 99 96 96 96
84 87 87 87 90 90 92 92 92 97 97 99 99 99 98 98 98 99 99 100 100 100 101 101 101 101 101 102 102 102 107 107 111 111 111 112 112 112 113 113 112 112 112 111 111 111 111 111 110 110 110 108 108 105 105 105 101 101 98 98 98 97 97 97 100 100 102 102 102 105 105 105 108 108 108 108 108 108 108 106 106 106 102 102 102 100 100 97 97 97
84 87 87 87 90 90 92 92 92 97 97 99 99 99 98 98 98 99 99 100 100 100 101 101 101 101 101 102 102 102 107 107 111 111 111 112 112 112 113 113 112 112 112 111 111 111 111 111 110 110 110 108 108 105 105 105 101 101 98 98 98 97 97 97 100 100 102 102 102 105 105 105 108 108 108 108 108 108 108 106 106 106 102 102 102 100 100 97 97 97
106 106 106 106 107 107 108 108 108 114 114 117 117 117 117 117 117 117 117 117 117 117 118 118 117 117 117 118 118 118 122 122 125 125 125 125 125 125 127 127 128 128 128 127 127 126 126 126 125 125 125 126 126 125 125 125 123 123 121 121 121 118 118 118 118 118 119 119 119 120 120 120 124 124 125 125 125 126 126 126 126 126 123 123 123 122 122 119 119 119
106 106 106 106 107 107 108 108 108 114 114 117 117 117 117 117 117 117 117 117 117 117 118 118 117 117 117 118 118 118 122 122 125 125 125 125 125 125 127 127 128 128 128 127 127 126 126 126 125 125 125 126 126 125 125 125 123 123 121 121 121 118 118 118 118 118 119 119 119 120 120 120 124 124 125 125 125 126 126 126 126 126 123 123 123 122 122 119 119 119
