SEB_model/sample_data_files/historical_long/hillshade_historical_long/octnoon.txt
ncols         768
nrows         486
xllcorner     388353.95236715
yllcorner     7583725.4876181
cellsize      5
NODATA_value  -9999
[rows 440 to 483 of 486, columns 480 to 575 of 768]
66 66 68 68 68 64 64 64 60 60 55 55 55 53 53 51 51 51 49 49 49 55 55 61 61 61 68 68 76 76 76 82 82 82 79 79 56 56 56 18 18 18 0 0 0 0 0 0 0 0 0 0 0 0 0 0 0 0 0 0 0 0 0 0 0 0 0 0 0 0 0 0 0 0 0 0 0 0 0 0 0 0 0 0 0 0 0 0 0 0 0 0 0 0 0 0
60 60 59 59 59 54 54 54 52 52 48 48 48 46 46 44 44 44 44 44 44 53 53 59 59 59 63 63 67 67 67 69 69 69 69 69 56 56 56 34 34 34 17 17 7 7 7 7 7 18 18 18 20 20 20 10 10 0 0 0 0 0 6 6 6 5 5 5 0 0 0 0 0 0 0 0 0 0 0 0 0 0 0 0 0 0 0 0 0 0 0 0 0 0 0 0
60 60 59 59 59 54 54 54 52 52 48 48 48 46 46 44 44 44 44 44 44 53 53 59 59 59 63 63 67 67 67 69 69 69 69 69 56 56 56 34 34 34 17 17 7 7 7 7 7 18 18 18 20 20 20 10 10 0 0 0 0 0 6 6 6 5 5 5 0 0 0 0 0 0 0 0 0 0 0 0 0 0 0 0 0 0 0 0 0 0 0 0 0 0 0 0
60 60 59 59 59 54 54 54 52 52 48 48 48 46 46 44 44 44 44 44 44 53 53 59 59 59 63 63 67 67 67 69 69 69 69 69 56 56 56 34 34 34 17 17 7 7 7 7 7 18 18 18 20 20 20 10 10 0 0 0 0 0 6 6 6 5 5 5 0 0 0 0 0 0 0 0 0 0 0 0 0 0 0 0 0 0 0 0 0 0 0 0 0 0 0 0
54 54 50 50 50 46 46 46 47 47 46 46 46 43 43 42 42 42 40 40 40 44 44 48 48 48 51 51 51 51 51 48 48 48 51 51 49 49 49 42 42 42 40 40 40 40 40 45 45 52 52 52 47 47 47 36 36 19 19 19 7 7 0 0 0 26 26 26 29 29 15 15 15 1 1 1 0 0 0 0 0 0 0 0 0 0 0 0 0 0 0 0 0 0 0 0
54 54 50 50 50 46 46 46 47 47 46 46 46 43 43 42 42 42 40 40 40 44 44 48 48 48 51 51 51 51 51 48 48 48 51 51 49 49 49 42 42 42 40 40 40 40 40 45 45 52 52 52 47 47 47 36 36 19 19 19 7 7 0 0 0 26 26 26 29 29 15 15 15 1 1 1 0 0 0 0 0 0 0 0 0 0 0 0 0 0 0 0 0 0 0 0
56 56 52 52 52 48 48 48 47 47 44 44 44 41 41 40 40 40 40 40 40 44 44 43 43 43 40 40 38 38 38 37 37 37 41 41 42 42 42 43 43 43 45 45 49 49 49 58 58 64 64 64 57 57 57 45 45 27 27 27 12 12 11 11 11 20 20 20 27 27 18 18 18 0 0 0 0 0 0 0 0 0 0 0 0 0 0 0 0 0 0 0 0 0 1 1
56 56 52 52 52 48 48 48 47 47 44 44 44 41 41 40 40 40 40 40 40 44 44 43 43 43 40 40 38 38 38 37 37 37 41 41 42 42 42 43 43 43 45 45 49 49 49 58 58 64 64 64 57 57 57 45 45 27 27 27 12 12 11 11 11 20 20 20 27 27 18 18 18 0 0 0 0 0 0 0 0 0 0 0 0 0 0 0 0 0 0 0 0 0 1 1
56 56 52 52 52 48 48 48 47 47 44 44 44 41 41 40 40 40 40 40 40 44 44 43 43 43 40 40 38 38 38 37 37 37 41 41 42 42 42 43 43 43 45 45 49 49 49 58 58 64 64 64 57 57 57 45 45 27 27 27 12 12 11 11 11 20 20 20 27 27 18 18 18 0 0 0 0 0 0 0 0 0 0 0 0 0 0 0 0 0 0 0 0 0 1 1
56 56 58 58 58 56 56 56 50 50 44 44 44 41 41 40 40 40 41 41 41 44 44 41 41 41 37 37 36 36 36 37 37 37 41 41 41 41 41 42 42 42 50 50 54 54 54 59 59 63 63 63 57 57 57 50 50 39 39 39 31 31 29 29 29 28 28 28 29 29 24 24 24 13 13 13 7 7 0 0 0 0 0 0 0 0 0 0 0 0 0 0 0 0 0 0
56 56 58 58 58 56 56 56 50 50 44 44 44 41 41 40 40 40 41 41 41 44 44 41 41 41 37 37 36 36 36 37 37 37 41 41 41 41 41 42 42 42 50 50 54 54 54 59 59 63 63 63 57 57 57 50 50 39 39 39 31 31 29 29 29 28 28 28 29 29 24 24 24 13 13 13 7 7 0 0 0 0 0 0 0 0 0 0 0 0 0 0 0 0 0 0
56 56 58 58 58 56 56 56 50 50 44 44 44 41 41 40 40 40 41 41 41 44 44 41 41 41 37 37 36 36 36 37 37 37 41 41 41 41 41 42 42 42 50 50 54 54 54 59 59 63 63 63 57 57 57 50 50 39 39 39 31 31 29 29 29 28 28 28 29 29 24 24 24 13 13 13 7 7 0 0 0 0 0 0 0 0 0 0 0 0 0 0 0 0 0 0
49 49 56 56 56 57 57 57 55 55 48 48 48 43 43 40 40 40 37 37 37 38 38 39 39 39 41 41 39 39 39 35 35 35 37 37 40 40 40 44 44 44 54 54 56 56 56 52 52 50 50 50 47 47 47 46 46 42 42 42 39 39 36 36 36 30 30 30 27 27 22 22 22 17 17 17 14 14 8 8 8 0 0 0 0 0 0 0 0 0 0 0 0 0 0 0
49 49 56 56 56 57 57 57 55 55 48 48 48 43 43 40 40 40 37 37 37 38 38 39 39 39 41 41 39 39 39 35 35 35 37 37 40 40 40 44 44 44 54 54 56 56 56 52 52 50 50 50 47 47 47 46 46 42 42 42 39 39 36 36 36 30 30 30 27 27 22 22 22 17 17 17 14 14 8 8 8 0 0 0 0 0 0 0 0 0 0 0 0 0 0 0
49 49 51 51 51 53 53 53 55 55 50 50 50 44 44 39 39 39 37 37 37 40 40 41 41 41 42 42 40 40 40 34 34 34 37 37 41 41 41 45 45 45 52 52 51 51 51 46 46 42 42 42 40 40 40 43 43 43 43 43 42 42 40 40 40 35 35 35 33 33 31 31 31 25 25 25 21 21 14 14 14 7 7 0 0 0 0 0 0 0 0 0 0 0 0 0
49 49 51 51 51 53 53 53 55 55 50 50 50 44 44 39 39 39 37 37 37 40 40 41 41 41 42 42 40 40 40 34 34 34 37 37 41 41 41 45 45 45 52 52 51 51 51 46 46 42 42 42 40 40 40 43 43 43 43 43 42 42 40 40 40 35 35 35 33 33 31 31 31 25 25 25 21 21 14 14 14 7 7 0 0 0 0 0 0 0 0 0 0 0 0 0
49 49 51 51 51 53 53 53 55 55 50 50 50 44 44 39 39 39 37 37 37 40 40 41 41 41 42 42 40 40 40 34 34 34 37 37 41 41 41 45 45 45 52 52 51 51 51 46 46 42 42 42 40 40 40 43 43 43 43 43 42 42 40 40 40 35 35 35 33 33 31 31 31 25 25 25 21 21 14 14 14 7 7 0 0 0 0 0 0 0 0 0 0 0 0 0
59 59 52 52 52 51 51 51 54 54 52 52 52 47 47 43 43 43 42 42 42 47 47 45 45 45 42 42 42 42 42 43 43 43 48 48 50 50 50 49 49 49 51 51 49 49 49 46 46 44 44 44 43 43 43 47 47 46 46 46 45 45 44 44 44 43 43 43 46 46 46 46 46 39 39 39 32 32 22 22 22 0 0 0 0 0 0 0 0 0 0 0 0 0 0 0
59 59 52 52 52 51 51 51 54 54 52 52 52 47 47 43 43 43 42 42 42 47 47 45 45 45 42 42 42 42 42 43 43 43 48 48 50 50 50 49 49 49 51 51 49 49 49 46 46 44 44 44 43 43 43 47 47 46 46 46 45 45 44 44 44 43 43 43 46 46 46 46 46 39 39 39 32 32 22 22 22 0 0 0 0 0 0 0 0 0 0 0 0 0 0 0
76 76 64 64 64 56 56 56 61 61 65 65 65 63 63 58 58 58 53 53 53 53 53 50 50 50 47 47 48 48 48 49 49 49 55 55 54 54 54 52 52 52 54 54 53 53 53 52 52 52 52 52 49 49 49 48 48 45 45 45 42 42 42 42 42 42 42 42 46 46 46 46 46 40 40 40 28 28 13 13 13 0 0 0 0 0 0 0 0 199 199 239 239 239 241 -9999
76 76 64 64 64 56 56 56 61 61 65 65 65 63 63 58 58 58 53 53 53 53 53 50 50 50 47 47 48 48 48 49 49 49 55 55 54 54 54 52 52 52 54 54 53 53 53 52 52 52 52 52 49 49 49 48 48 45 45 45 42 42 42 42 42 42 42 42 46 46 46 46 46 40 40 40 28 28 13 13 13 0 0 0 0 0 0 0 0 199 199 239 -9999 -9999 -9999 -9999
76 76 64 64 64 56 56 56 61 61 65 65 65 63 63 58 58 58 53 53 53 53 53 50 50 50 47 47 48 48 48 49 49 49 55 55 54 54 54 52 52 52 54 54 53 53 53 52 52 52 52 52 49 49 49 48 48 45 45 45 42 42 42 42 42 42 42 42 46 46 46 46 46 40 40 40 28 28 13 13 13 0 0 0 0 0 0 0 -9999 -9999 -9999 -9999 -9999 -9999 -9999 -9999
75 75 70 70 70 64 64 64 69 69 77 77 77 79 79 74 74 74 63 63 63 59 59 57 57 57 56 56 55 55 55 53 53 53 55 55 54 54 54 51 51 51 55 55 56 56 56 57 57 58 58 58 52 52 52 48 48 43 43 43 39 39 37 37 37 37 37 37 39 39 41 41 41 38 38 38 100 100 200 200 200 236 236 238 -9999 -9999 -9999 -9999 -9999 -9999 -9999 -9999 -9999 -9999 -9999 -9999
75 75 70 70 70 64 64 64 69 69 77 77 77 79 79 74 74 74 63 63 63 59 59 57 57 57 56 56 55 55 55 53 53 53 55 55 54 54 54 51 51 51 55 55 56 56 56 57 57 58 58 58 52 52 52 48 48 43 43 43 39 39 37 37 37 37 37 37 39 39 41 41 41 38 38 38 100 100 -9999 -9999 -9999 -9999 -9999 -9999 -9999 -9999 -9999 -9999 -9999 -9999 -9999 -9999 -9999 -9999 -9999 -9999
75 75 70 70 70 64 64 64 69 69 77 77 77 79 79 74 74 74 63 63 63 59 59 57 57 57 56 56 55 55 55 53 53 53 55 55 54 54 54 51 51 51 55 55 56 56 56 57 57 58 58 58 52 52 52 48 48 43 43 43 39 39 37 37 37 37 37 37 39 -9999 -9999 -9999 -9999 -9999 -9999 -9999 -9999 -9999 -9999 -9999 -9999 -9999 -9999 -9999 -9999 -9999 -9999 -9999 -9999 -9999 -9999 -9999 -9999 -9999 -9999 -9999
58 58 64 64 64 67 67 67 71 71 78 78 78 85 85 84 84 84 74 74 74 69 69 66 66 66 66 66 63 63 63 58 58 58 58 58 58 58 58 54 54 54 57 57 57 57 57 58 58 57 57 57 50 50 50 47 47 41 41 41 34 34 26 26 26 79 79 79 -9999 -9999 -9999 -9999 -9999 -9999 -9999 -9999 -9999 -9999 -9999 -9999 -9999 -9999 -9999 -9999 -9999 -9999 -9999 -9999 -9999 -9999 -9999 -9999 -9999 -9999 -9999 -9999
58 58 64 64 64 67 67 67 71 71 78 78 78 85 85 84 84 84 74 74 74 69 69 66 66 66 66 66 63 63 63 58 58 58 58 58 58 58 58 54 54 54 57 57 57 57 57 58 58 57 57 57 50 50 50 47 47 41 41 41 34 34 26 26 26 79 79 79 -9999 -9999 -9999 -9999 -9999 -9999 -9999 -9999 -9999 -9999 -9999 -9999 -9999 -9999 -9999 -9999 -9999 -9999 -9999 -9999 -9999 -9999 -9999 -9999 -9999 -9999 -9999 -9999
61 61 64 64 64 65 65 65 69 69 74 74 74 80 80 84 84 84 80 80 80 78 78 74 74 74 71 71 68 68 68 62 62 62 61 61 61 61 61 57 57 57 58 58 57 57 57 56 56 55 55 55 50 50 50 46 46 39 39 39 30 30 19 19 19 41 41 -9999 -9999 -9999 -9999 -9999 -9999 -9999 -9999 -9999 -9999 -9999 -9999 -9999 -9999 -9999 -9999 -9999 -9999 -9999 -9999 -9999 -9999 -9999 -9999 -9999 -9999 -9999 -9999 -9999
61 61 64 64 64 65 65 65 69 69 74 74 74 80 80 84 84 84 80 80 80 78 78 74 74 74 71 71 68 68 68 62 62 62 61 61 61 61 61 57 57 57 58 58 57 57 57 56 56 55 55 55 50 50 50 46 46 39 39 39 30 30 19 19 19 41 -9999 -9999 -9999 -9999 -9999 -9999 -9999 -9999 -9999 -9999 -9999 -9999 -9999 -9999 -9999 -9999 -9999 -9999 -9999 -9999 -9999 -9999 -9999 -9999 -9999 -9999 -9999 -9999 -9999 -9999
61 61 64 64 64 65 65 65 69 69 74 74 74 80 80 84 84 84 80 80 80 78 78 74 74 74 71 71 68 68 68 62 62 62 61 61 61 61 61 57 57 57 58 58 57 57 57 56 56 55 55 55 50 50 50 46 46 39 -9999 -9999 -9999 -9999 -9999 -9999 -9999 -9999 -9999 -9999 -9999 -9999 -9999 -9999 -9999 -9999 -9999 -9999 -9999 -9999 -9999 -9999 -9999 -9999 -9999 -9999 -9999 -9999 -9999 -9999 -9999 -9999 -9999 -9999 -9999 -9999 -9999 -9999
70 70 68 68 68 65 65 65 71 71 75 75 75 80 80 84 84 84 83 83 83 83 83 80 80 80 76 76 72 72 72 66 66 66 65 65 62 62 62 57 57 57 58 58 58 58 58 58 58 57 57 57 51 51 51 102 102 -9999 -9999 -9999 -9999 -9999 -9999 -9999 -9999 -9999 -9999 -9999 -9999 -9999 -9999 -9999 -9999 -9999 -9999 -9999 -9999 -9999 -9999 -9999 -9999 -9999 -9999 -9999 -9999 -9999 -9999 -9999 -9999 -9999 -9999 -9999 -9999 -9999 -9999 -9999
70 70 68 68 68 65 65 65 71 71 75 75 75 80 80 84 84 84 83 83 83 83 83 80 80 80 76 76 72 72 72 66 66 66 65 65 62 62 62 57 57 57 58 58 58 58 58 58 58 57 57 57 51 51 51 102 102 -9999 -9999 -9999 -9999 -9999 -9999 -9999 -9999 -9999 -9999 -9999 -9999 -9999 -9999 -9999 -9999 -9999 -9999 -9999 -9999 -9999 -9999 -9999 -9999 -9999 -9999 -9999 -9999 -9999 -9999 -9999 -9999 -9999 -9999 -9999 -9999 -9999 -9999 -9999
70 70 68 68 68 65 65 65 71 71 75 75 75 80 80 84 84 84 83 83 83 83 83 80 80 80 76 76 72 72 72 66 66 66 65 65 62 62 -9999 -9999 -9999 -9999 -9999 -9999 58 58 58 58 58 57 57 57 51 51 51 102 -9999 -9999 -9999 -9999 -9999 -9999 -9999 -9999 -9999 -9999 -9999 -9999 -9999 -9999 -9999 -9999 -9999 -9999 -9999 -9999 -9999 -9999 -9999 -9999 -9999 -9999 -9999 -9999 -9999 -9999 -9999 -9999 -9999 -9999 -9999 -9999 -9999 -9999 -9999 -9999
110 110 61 61 61 67 67 67 76 76 80 80 80 84 84 89 89 89 90 90 90 133 133 -9999 -9999 -9999 -9999 -9999 -9999 -9999 219 149 149 149 114 114 189 -9999 -9999 -9999 -9999 -9999 -9999 -9999 219 -9999 -9999 -9999 -9999 -9999 220 220 221 221 221 190 -9999 -9999 -9999 -9999 -9999 -9999 -9999 -9999 -9999 -9999 -9999 -9999 -9999 -9999 -9999 -9999 -9999 -9999 -9999 -9999 -9999 -9999 -9999 -9999 -9999 -9999 -9999 -9999 -9999 -9999 -9999 -9999 -9999 -9999 -9999 -9999 -9999 -9999 -9999 -9999
110 110 61 61 61 67 67 67 76 76 80 80 80 84 84 89 89 89 90 90 90 133 -9999 -9999 -9999 -9999 -9999 -9999 -9999 -9999 219 149 149 149 114 114 -9999 -9999 -9999 -9999 -9999 -9999 -9999 -9999 -9999 -9999 -9999 -9999 -9999 -9999 -9999 -9999 -9999 221 -9999 -9999 -9999 -9999 -9999 -9999 -9999 -9999 -9999 -9999 -9999 -9999 -9999 -9999 -9999 -9999 -9999 -9999 -9999 -9999 -9999 -9999 -9999 -9999 -9999 -9999 -9999 -9999 -9999 -9999 -9999 -9999 -9999 -9999 -9999 -9999 -9999 -9999 -9999 -9999 -9999 -9999
-9999 188 121 121 121 64 64 64 73 73 75 75 75 77 77 81 81 81 122 122 -9999 -9999 -9999 -9999 -9999 -9999 -9999 -9999 -9999 -9999 208 191 191 191 147 -9999 -9999 -9999 -9999 -9999 -9999 -9999 -9999 -9999 -9999 -9999 -9999 -9999 -9999 -9999 -9999 -9999 -9999 -9999 -9999 -9999 -9999 -9999 -9999 -9999 -9999 -9999 -9999 -9999 -9999 -9999 -9999 -9999 -9999 -9999 -9999 -9999 -9999 -9999 -9999 -9999 -9999 -9999 -9999 -9999 -9999 -9999 -9999 -9999 -9999 -9999 -9999 -9999 -9999 -9999 -9999 -9999 -9999 -9999 -9999 -9999
188 188 121 121 121 64 64 64 73 73 75 75 75 77 77 81 81 81 122 -9999 -9999 -9999 -9999 -9999 -9999 -9999 -9999 -9999 -9999 208 208 191 191 191 -9999 -9999 -9999 -9999 -9999 -9999 -9999 -9999 -9999 -9999 -9999 -9999 -9999 -9999 -9999 -9999 -9999 -9999 -9999 -9999 -9999 -9999 -9999 -9999 -9999 -9999 -9999 -9999 -9999 -9999 -9999 -9999 -9999 -9999 -9999 -9999 -9999 -9999 -9999 -9999 -9999 -9999 -9999 -9999 -9999 -9999 -9999 -9999 -9999 -9999 -9999 -9999 -9999 -9999 -9999 -9999 -9999 -9999 -9999 -9999 -9999 -9999
188 188 121 121 121 64 64 64 73 73 75 75 75 77 77 81 81 -9999 -9999 -9999 -9999 -9999 -9999 -9999 -9999 -9999 -9999 -9999 208 208 208 -9999 -9999 -9999 -9999 -9999 -9999 -9999 -9999 -9999 -9999 -9999 -9999 -9999 -9999 -9999 -9999 -9999 -9999 -9999 -9999 -9999 -9999 -9999 -9999 -9999 -9999 -9999 -9999 -9999 -9999 -9999 -9999 -9999 -9999 -9999 -9999 -9999 -9999 -9999 -9999 -9999 -9999 -9999 -9999 -9999 -9999 -9999 -9999 -9999 -9999 -9999 -9999 -9999 -9999 -9999 -9999 -9999 -9999 -9999 -9999 -9999 -9999 -9999 -9999 -9999
0 0 65 65 65 62 62 62 74 74 73 73 73 112 112 186 -9999 -9999 -9999 -9999 -9999 -9999 -9999 -9999 -9999 78 0 0 -9999 -9999 -9999 -9999 -9999 -9999 -9999 -9999 -9999 -9999 -9999 -9999 -9999 -9999 -9999 -9999 -9999 -9999 -9999 -9999 -9999 -9999 -9999 -9999 -9999 -9999 -9999 -9999 -9999 -9999 -9999 -9999 -9999 -9999 -9999 -9999 -9999 -9999 -9999 -9999 -9999 -9999 -9999 -9999 -9999 -9999 -9999 -9999 -9999 -9999 -9999 -9999 -9999 -9999 -9999 -9999 -9999 -9999 -9999 -9999 -9999 -9999 -9999 -9999 -9999 -9999 -9999 -9999
0 0 65 65 65 62 62 62 74 74 73 73 73 112 112 -9999 -9999 -9999 -9999 -9999 -9999 -9999 0 78 78 78 0 -9999 -9999 -9999 -9999 -9999 -9999 -9999 -9999 -9999 -9999 -9999 -9999 -9999 -9999 -9999 -9999 -9999 -9999 -9999 -9999 -9999 -9999 -9999 -9999 -9999 -9999 -9999 -9999 -9999 -9999 -9999 -9999 -9999 -9999 -9999 -9999 -9999 -9999 -9999 -9999 -9999 -9999 -9999 -9999 -9999 -9999 -9999 -9999 -9999 -9999 -9999 -9999 -9999 -9999 -9999 -9999 -9999 -9999 -9999 -9999 -9999 -9999 -9999 -9999 -9999 -9999 -9999 -9999 -9999
159 159 191 191 191 134 134 134 64 64 107 107 107 145 -9999 -9999 -9999 -9999 -9999 -9999 0 0 0 29 29 -9999 -9999 -9999 -9999 -9999 -9999 -9999 -9999 -9999 -9999 -9999 -9999 -9999 -9999 -9999 -9999 -9999 -9999 -9999 -9999 -9999 -9999 -9999 -9999 -9999 -9999 -9999 -9999 -9999 -9999 -9999 -9999 -9999 -9999 -9999 -9999 -9999 -9999 -9999 -9999 -9999 -9999 -9999 -9999 -9999 -9999 -9999 -9999 -9999 -9999 -9999 -9999 -9999 -9999 -9999 -9999 -9999 -9999 -9999 -9999 -9999 -9999 -9999 -9999 -9999 -9999 -9999 -9999 -9999 -9999 -9999
159 159 191 191 191 134 134 134 64 64 107 107 107 -9999 -9999 -9999 -9999 -9999 0 0 0 0 0 29 -9999 -9999 -9999 -9999 -9999 -9999 -9999 -9999 -9999 -9999 -9999 -9999 -9999 -9999 -9999 -9999 -9999 -9999 -9999 -9999 -9999 -9999 -9999 -9999 -9999 -9999 -9999 -9999 -9999 -9999 -9999 -9999 -9999 -9999 -9999 -9999 -9999 -9999 -9999 -9999 -9999 -9999 -9999 -9999 -9999 -9999 -9999 -9999 -9999 -9999 -9999 -9999 -9999 -9999 -9999 -9999 -9999 -9999 -9999 -9999 -9999 -9999 -9999 -9999 -9999 -9999 -9999 -9999 -9999 -9999 -9999 -9999
-9999 -9999 -9999 191 191 134 134 134 64 64 107 -9999 -9999 -9999 -9999 -9999 -9999 0 0 0 0 0 -9999 -9999 -9999 -9999 -9999 -9999 -9999 -9999 -9999 -9999 -9999 -9999 -9999 -9999 -9999 -9999 -9999 -9999 -9999 -9999 -9999 -9999 -9999 -9999 -9999 -9999 -9999 -9999 -9999 -9999 -9999 -9999 -9999 -9999 -9999 -9999 -9999 -9999 -9999 -9999 -9999 -9999 -9999 -9999 -9999 -9999 -9999 -9999 -9999 -9999 -9999 -9999 -9999 -9999 -9999 -9999 -9999 -9999 -9999 -9999 -9999 -9999 -9999 -9999 -9999 -9999 -9999 -9999 -9999 -9999 -9999 -9999 -9999 -9999
-9999 -9999 -9999 -9999 235 233 233 233 -9999 -9999 -9999 -9999 -9999 -9999 -9999 0 0 0 0 0 0 -9999 -9999 -9999 -9999 -9999 -9999 -9999 -9999 -9999 -9999 -9999 -9999 -9999 -9999 -9999 -9999 -9999 -9999 -9999 -9999 -9999 -9999 -9999 -9999 -9999 -9999 -9999 -9999 -9999 -9999 -9999 -9999 -9999 -9999 -9999 -9999 -9999 -9999 -9999 -9999 -9999 -9999 -9999 -9999 -9999 -9999 -9999 -9999 -9999 -9999 -9999 -9999 -9999 -9999 -9999 -9999 -9999 -9999 -9999 -9999 -9999 -9999 -9999 -9999 -9999 -9999 -9999 -9999 -9999 -9999 -9999 -9999 -9999 -9999 -9999
