SEB_model/sample_data_files/historical_long/hillshade_historical_long/octnoon.txt
ncols         768
nrows         486
xllcorner     388353.95236715
yllcorner     7583725.4876181
cellsize      5
NODATA_value  -9999
[rows 264 to 307 of 486, columns 96 to 191 of 768]
-9999 -9999 -9999 -9999 -9999 -9999 -9999 -9999 53 54 54 54 54 -9999 -9999 -9999 -9999 -9999 -9999 -9999 53 53 53 53 53 53 53 53 53 53 51 51 51 50 50 50 51 51 52 52 52 53 53 53 57 57 61 61 61 67 67 68 68 68 66 66 66 66 66 67 67 67 67 67 64 64 64 61 61 61 60 60 59 59 59 58 58 58 58 58 59 59 59 63 63 66 66 66 65 65 65 67 67 71 71 71
-9999 -9999 -9999 -9999 -9999 -9999 -9999 -9999 53 54 54 -9999 -9999 -9999 -9999 -9999 -9999 -9999 -9999 53 53 53 53 53 53 53 53 53 53 53 51 51 51 50 50 50 51 51 52 52 52 53 53 53 57 57 61 61 61 67 67 68 68 68 66 66 66 66 66 67 67 67 67 67 64 64 64 61 61 61 60 60 59 59 59 58 58 58 58 58 59 59 59 63 63 66 66 66 65 65 65 67 67 71 71 71
-9999 -9999 -9999 -9999 -9999 -9999 -9999 -9999 -9999 -9999 -9999 -9999 -9999 -9999 -9999 -9999 -9999 -9999 56 56 56 56 56 55 55 53 53 53 51 51 49 49 49 47 47 47 45 45 45 45 45 49 49 49 53 53 52 52 52 53 53 57 57 57 64 64 64 70 70 70 70 70 69 69 65 65 65 60 60 60 58 58 56 56 56 53 53 53 55 55 56 56 56 58 58 60 60 60 62 62 62 65 65 68 68 68
-9999 -9999 -9999 -9999 -9999 -9999 -9999 -9999 -9999 -9999 -9999 -9999 -9999 -9999 -9999 -9999 -9999 56 56 56 56 56 56 55 55 53 53 53 51 51 49 49 49 47 47 47 45 45 45 45 45 49 49 49 53 53 52 52 52 53 53 57 57 57 64 64 64 70 70 70 70 70 69 69 65 65 65 60 60 60 58 58 56 56 56 53 53 53 55 55 56 56 56 58 58 60 60 60 62 62 62 65 65 68 68 68
-9999 -9999 -9999 -9999 -9999 -9999 -9999 -9999 -9999 -9999 -9999 -9999 -9999 -9999 -9999 57 57 58 58 58 59 59 59 59 59 58 58 58 55 55 51 51 51 47 47 47 43 43 42 42 42 45 45 45 46 46 43 43 43 44 44 53 53 53 64 64 64 70 70 67 67 67 64 64 62 62 62 58 58 58 56 56 54 54 54 51 51 51 51 51 51 51 51 56 56 60 60 60 61 61 61 63 63 64 64 64
-9999 -9999 -9999 -9999 -9999 -9999 -9999 -9999 -9999 -9999 -9999 -9999 -9999 -9999 57 57 57 58 58 58 59 59 59 59 59 58 58 58 55 55 51 51 51 47 47 47 43 43 42 42 42 45 45 45 46 46 43 43 43 44 44 53 53 53 64 64 64 70 70 67 67 67 64 64 62 62 62 58 58 58 56 56 54 54 54 51 51 51 51 51 51 51 51 56 56 60 60 60 61 61 61 63 63 64 64 64
-9999 -9999 -9999 -9999 -9999 -9999 -9999 -9999 -9999 -9999 -9999 -9999 -9999 57 57 57 57 58 58 58 59 59 59 59 59 58 58 58 55 55 51 51 51 47 47 47 43 43 42 42 42 45 45 45 46 46 43 43 43 44 44 53 53 53 64 64 64 70 70 67 67 67 64 64 62 62 62 58 58 58 56 56 54 54 54 51 51 51 51 51 51 51 51 56 56 60 60 60 61 61 61 63 63 64 64 64
-9999 -9999 -9999 -9999 -9999 -9999 -9999 -9999 -9999 -9999 -9999 -9999 58 58 58 58 58 59 59 59 60 60 60 59 59 59 59 59 59 59 56 56 56 52 52 52 47 47 44 44 44 41 41 41 38 38 36 36 36 42 42 53 53 53 62 62 62 64 64 59 59 59 56 56 56 56 56 54 54 54 54 54 53 53 53 50 50 50 48 48 47 47 47 50 50 55 55 55 55 55 55 57 57 58 58 58
-9999 -9999 -9999 -9999 -9999 -9999 -9999 -9999 -9999 -9999 -9999 -9999 58 58 58 58 58 59 59 59 60 60 60 59 59 59 59 59 59 59 56 56 56 52 52 52 47 47 44 44 44 41 41 41 38 38 36 36 36 42 42 53 53 53 62 62 62 64 64 59 59 59 56 56 56 56 56 54 54 54 54 54 53 53 53 50 50 50 48 48 47 47 47 50 50 55 55 55 55 55 55 57 57 58 58 58
-9999 -9999 -9999 -9999 -9999 -9999 -9999 -9999 -9999 -9999 -9999 58 58 58 58 58 58 59 59 59 60 60 60 59 59 59 59 59 59 59 56 56 56 52 52 52 47 47 44 44 44 41 41 41 38 38 36 36 36 42 42 53 53 53 62 62 62 64 64 59 59 59 56 56 56 56 56 54 54 54 54 54 53 53 53 50 50 50 48 48 47 47 47 50 50 55 55 55 55 55 55 57 57 58 58 58
-9999 -9999 -9999 -9999 -9999 -9999 -9999 -9999 -9999 -9999 -9999 60 59 59 59 58 58 58 58 58 57 57 57 55 55 55 55 55 55 55 55 55 55 55 55 55 53 53 49 49 49 42 42 42 35 35 34 34 34 41 41 52 52 52 59 59 59 59 59 55 55 55 53 53 54 54 54 53 53 53 53 53 52 52 52 49 49 49 48 48 46 46 46 45 45 47 47 47 50 50 50 55 55 56 56 56
-9999 -9999 -9999 -9999 -9999 -9999 -9999 -9999 -9999 -9999 60 60 59 59 59 58 58 58 58 58 57 57 57 55 55 55 55 55 55 55 55 55 55 55 55 55 53 53 49 49 49 42 42 42 35 35 34 34 34 41 41 52 52 52 59 59 59 59 59 55 55 55 53 53 54 54 54 53 53 53 53 53 52 52 52 49 49 49 48 48 46 46 46 45 45 47 47 47 50 50 50 55 55 56 56 56
-9999 -9999 -9999 -9999 -9999 -9999 -9999 -9999 -9999 61 61 61 60 60 60 59 59 57 57 57 55 55 55 52 52 52 52 52 53 53 61 61 61 70 70 70 65 65 54 54 54 48 48 48 42 42 38 38 38 41 41 47 47 47 51 51 51 54 54 54 54 54 53 53 54 54 54 53 53 53 53 53 51 51 51 48 48 48 46 46 44 44 44 44 44 45 45 45 49 49 49 55 55 53 53 53
-9999 -9999 -9999 -9999 -9999 -9999 -9999 -9999 62 61 61 61 60 60 60 59 59 57 57 57 55 55 55 52 52 52 52 52 53 53 61 -9999 -9999 -9999 -9999 70 65 65 54 54 54 48 48 48 42 42 38 38 38 41 41 47 47 47 51 51 51 54 54 54 54 54 53 53 54 54 54 53 53 53 53 53 51 51 51 48 48 48 46 46 44 44 44 44 44 45 45 45 49 49 49 55 55 53 53 53
-9999 -9999 -9999 -9999 -9999 -9999 -9999 62 62 61 61 61 60 60 60 59 59 57 57 57 55 55 55 52 52 52 52 52 53 -9999 -9999 -9999 -9999 -9999 -9999 -9999 65 65 54 54 54 48 48 48 42 42 38 38 38 41 41 47 47 47 51 51 51 54 54 54 54 54 53 53 54 54 54 53 53 53 53 53 51 51 51 48 48 48 46 46 44 44 44 44 44 45 45 45 49 49 49 55 55 53 53 53
-9999 -9999 -9999 -9999 -9999 -9999 59 55 55 54 54 54 55 55 55 55 55 54 54 54 53 53 53 53 53 59 59 59 -9999 -9999 -9999 -9999 -9999 -9999 -9999 -9999 69 69 58 58 58 55 55 55 51 51 46 46 46 42 42 43 43 43 47 47 47 52 52 55 55 55 53 53 53 53 53 51 51 51 50 50 48 48 48 45 45 45 43 43 41 41 41 42 42 44 44 44 46 46 46 47 47 42 42 42
-9999 -9999 -9999 -9999 -9999 -9999 59 55 55 54 54 54 55 55 55 55 55 54 54 54 53 53 53 53 53 59 59 -9999 -9999 -9999 -9999 -9999 -9999 -9999 -9999 81 69 69 58 58 58 55 55 55 51 51 46 46 46 42 42 43 43 43 47 47 47 52 52 55 55 55 53 53 53 53 53 51 51 51 50 50 48 48 48 45 45 45 43 43 41 41 41 42 42 44 44 44 46 46 46 47 47 42 42 42
-9999 -9999 -9999 -9999 -9999 -9999 59 55 55 54 54 54 55 55 55 55 55 54 54 54 53 53 53 53 53 -9999 -9999 -9999 -9999 -9999 -9999 -9999 -9999 81 81 81 69 69 58 58 58 55 55 55 51 51 46 46 46 42 42 43 43 43 47 47 47 52 52 55 55 55 53 53 53 53 53 51 51 51 50 50 48 48 48 45 45 45 43 43 41 41 41 42 42 44 44 44 46 46 46 47 47 42 42 42
-9999 -9999 -9999 -9999 -9999 -9999 -9999 -9999 -9999 49 49 49 46 46 46 47 47 49 49 49 55 55 55 -9999 -9999 -9999 -9999 -9999 -9999 -9999 -9999 -9999 76 0 0 0 54 54 59 59 59 60 60 60 59 59 54 54 54 47 47 44 44 44 46 46 46 50 50 51 51 51 49 49 48 48 48 46 46 46 45 45 43 43 43 41 41 41 39 39 36 36 36 38 38 39 39 39 36 36 36 32 32 26 26 26
-9999 -9999 -9999 -9999 -9999 -9999 -9999 -9999 -9999 49 49 49 46 46 46 47 47 49 49 49 55 -9999 -9999 -9999 -9999 -9999 -9999 -9999 -9999 -9999 -9999 76 76 0 0 0 54 54 59 59 59 60 60 60 59 59 54 54 54 47 47 44 44 44 46 46 46 50 50 51 51 51 49 49 48 48 48 46 46 46 45 45 43 43 43 41 41 41 39 39 36 36 36 38 38 39 39 39 36 36 36 32 32 26 26 26
-9999 -9999 -9999 -9999 -9999 -9999 -9999 -9999 -9999 -9999 65 65 52 52 52 51 51 64 64 -9999 -9999 -9999 -9999 -9999 -9999 -9999 -9999 -9999 -9999 -9999 44 44 44 41 41 41 53 53 62 62 62 65 65 65 65 65 60 60 60 53 53 47 47 47 45 45 45 47 47 45 45 45 43 43 42 42 42 42 42 42 41 41 40 40 40 37 37 37 35 35 34 34 34 35 35 34 34 34 26 26 26 21 21 19 19 19
-9999 -9999 -9999 -9999 -9999 -9999 -9999 -9999 -9999 -9999 65 65 52 52 52 51 -9999 -9999 -9999 -9999 -9999 -9999 -9999 -9999 -9999 -9999 -9999 -9999 -9999 64 44 44 44 41 41 41 53 53 62 62 62 65 65 65 65 65 60 60 60 53 53 47 47 47 45 45 45 47 47 45 45 45 43 43 42 42 42 42 42 42 41 41 40 40 40 37 37 37 35 35 34 34 34 35 35 34 34 34 26 26 26 21 21 19 19 19
-9999 -9999 -9999 -9999 -9999 -9999 -9999 -9999 -9999 -9999 -9999 -9999 52 52 52 -9999 -9999 -9999 -9999 -9999 -9999 -9999 -9999 -9999 -9999 -9999 -9999 -9999 64 64 44 44 44 41 41 41 53 53 62 62 62 65 65 65 65 65 60 60 60 53 53 47 47 47 45 45 45 47 47 45 45 45 43 43 42 42 42 42 42 42 41 41 40 40 40 37 37 37 35 35 34 34 34 35 35 34 34 34 26 26 26 21 21 19 19 19
-9999 -9999 -9999 -9999 -9999 -9999 -9999 -9999 -9999 -9999 -9999 -9999 -9999 -9999 -9999 -9999 -9999 -9999 -9999 -9999 -9999 -9999 -9999 -9999 -9999 -9999 -9999 -9999 0 0 38 38 38 54 54 54 63 63 66 66 66 66 66 66 64 64 59 59 59 55 55 51 51 51 47 47 47 46 46 44 44 44 40 40 37 37 37 36 36 36 35 35 33 33 33 30 30 30 31 31 33 33 33 36 36 32 32 32 22 22 22 17 17 18 18 18
-9999 -9999 -9999 -9999 -9999 -9999 -9999 -9999 -9999 -9999 -9999 -9999 -9999 -9999 -9999 -9999 -9999 -9999 -9999 -9999 -9999 -9999 -9999 71 71 60 60 60 0 0 38 38 38 54 54 54 63 63 66 66 66 66 66 66 64 64 59 59 59 55 55 51 51 51 47 47 47 46 46 44 44 44 40 40 37 37 37 36 36 36 35 35 33 33 33 30 30 30 31 31 33 33 33 36 36 32 32 32 22 22 22 17 17 18 18 18
-9999 -9999 -9999 -9999 -9999 -9999 -9999 -9999 -9999 -9999 -9999 -9999 -9999 -9999 -9999 -9999 -9999 -9999 -9999 -9999 -9999 57 57 37 37 0 0 0 34 34 50 50 50 62 62 62 66 66 68 68 68 66 66 66 61 61 55 55 55 51 51 48 48 48 45 45 45 44 44 42 42 42 39 39 33 33 33 28 28 28 26 26 26 26 26 26 26 26 31 31 35 35 35 35 35 29 29 29 19 19 19 15 15 14 14 14
-9999 -9999 -9999 -9999 -9999 -9999 -9999 -9999 -9999 -9999 -9999 -9999 -9999 -9999 -9999 -9999 -9999 -9999 -9999 -9999 57 57 57 37 37 0 0 0 34 34 50 50 50 62 62 62 66 66 68 68 68 66 66 66 61 61 55 55 55 51 51 48 48 48 45 45 45 44 44 42 42 42 39 39 33 33 33 28 28 28 26 26 26 26 26 26 26 26 31 31 35 35 35 35 35 29 29 29 19 19 19 15 15 14 14 14
-9999 -9999 -9999 -9999 -9999 -9999 -9999 -9999 -9999 -9999 -9999 -9999 -9999 -9999 -9999 -9999 -9999 -9999 -9999 -9999 57 57 57 37 37 0 0 0 34 34 50 50 50 62 62 62 66 66 68 68 68 66 66 66 61 61 55 55 55 51 51 48 48 48 45 45 45 44 44 42 42 42 39 39 33 33 33 28 28 28 26 26 26 26 26 26 26 26 31 31 35 35 35 35 35 29 29 29 19 19 19 15 15 14 14 14
-9999 -9999 -9999 -9999 -9999 -9999 -9999 -9999 -9999 -9999 -9999 -9999 -9999 -9999 -9999 -9999 -9999 -9999 -9999 -9999 56 56 56 32 32 28 28 28 50 50 63 63 63 68 68 68 69 69 68 68 68 66 66 66 62 62 56 56 56 50 50 46 46 46 44 44 44 44 44 43 43 43 40 40 34 34 34 27 27 27 25 25 26 26 26 30 30 30 35 35 37 37 37 34 34 27 27 27 21 21 21 20 20 20 20 20
-9999 -9999 -9999 -9999 -9999 -9999 -9999 -9999 -9999 -9999 -9999 -9999 -9999 -9999 -9999 -9999 -9999 -9999 -9999 -9999 -9999 56 56 32 32 28 28 28 50 50 63 63 63 68 68 68 69 69 68 68 68 66 66 66 62 62 56 56 56 50 50 46 46 46 44 44 44 44 44 43 43 43 40 40 34 34 34 27 27 27 25 25 26 26 26 30 30 30 35 35 37 37 37 34 34 27 27 27 21 21 21 20 20 20 20 20
-9999 -9999 -9999 -9999 -9999 -9999 -9999 -9999 -9999 -9999 -9999 -9999 -9999 -9999 -9999 -9999 -9999 -9999 -9999 62 56 56 56 32 32 28 28 28 50 50 63 63 63 68 68 68 69 69 68 68 68 66 66 66 62 62 56 56 56 50 50 46 46 46 44 44 44 44 44 43 43 43 40 40 34 34 34 27 27 27 25 25 26 26 26 30 30 30 35 35 37 37 37 34 34 27 27 27 21 21 21 20 20 20 20 20
-9999 -9999 -9999 -9999 -9999 -9999 -9999 -9999 -9999 -9999 -9999 -9999 -9999 -9999 -9999 -9999 -9999 0 0 0 0 0 0 46 46 55 55 55 57 57 61 61 61 65 65 65 67 67 67 67 67 66 66 66 66 66 62 62 62 56 56 48 48 48 42 42 42 40 40 37 37 37 35 35 32 32 32 28 28 28 27 27 28 28 28 32 32 32 35 35 31 31 31 0 0 14 14 14 0 0 0 16 16 0 0 0
-9999 -9999 -9999 -9999 -9999 -9999 -9999 -9999 -9999 -9999 -9999 -9999 -9999 -9999 -9999 -9999 48 0 0 0 0 0 0 46 46 55 55 55 57 57 61 61 61 65 65 65 67 67 67 67 67 66 66 66 66 66 62 62 62 56 56 48 48 48 42 42 42 40 40 37 37 37 35 35 32 32 32 28 28 28 27 27 28 28 28 32 32 32 35 35 31 31 31 0 0 14 14 14 0 0 0 16 16 0 0 0
-9999 -9999 -9999 -9999 -9999 -9999 -9999 -9999 -9999 -9999 -9999 -9999 -9999 -9999 -9999 0 0 8 8 8 17 17 17 39 39 49 49 49 48 48 50 50 50 57 57 57 65 65 68 68 68 67 67 67 65 65 64 64 64 60 60 51 51 51 42 42 42 36 36 32 32 32 30 30 30 30 30 31 31 31 31 31 31 31 31 31 31 31 28 28 0 0 0 10 10 8 8 8 12 12 12 0 0 0 0 0
-9999 -9999 -9999 -9999 -9999 -9999 -9999 -9999 -9999 -9999 -9999 -9999 -9999 -9999 45 0 0 8 8 8 17 17 17 39 39 49 49 49 48 48 50 50 50 57 57 57 65 65 68 68 68 67 67 67 65 65 64 64 64 60 60 51 51 51 42 42 42 36 36 32 32 32 30 30 30 30 30 31 31 31 31 31 31 31 31 31 31 31 28 28 0 0 0 10 10 8 8 8 12 12 12 0 0 0 0 0
-9999 -9999 -9999 -9999 -9999 -9999 -9999 -9999 -9999 -9999 -9999 -9999 -9999 -9999 45 0 0 8 8 8 17 17 17 39 39 49 49 49 48 48 50 50 50 57 57 57 65 65 68 68 68 67 67 67 65 65 64 64 64 60 60 51 51 51 42 42 42 36 36 32 32 32 30 30 30 30 30 31 31 31 31 31 31 31 31 31 31 31 28 28 0 0 0 10 10 8 8 8 12 12 12 0 0 0 0 0
-9999 -9999 -9999 -9999 -9999 -9999 -9999 -9999 -9999 -9999 -9999 -9999 -9999 0 0 31 31 37 37 37 47 47 47 43 43 39 39 39 37 37 38 38 38 47 47 47 60 60 67 67 67 65 65 65 61 61 58 58 58 56 56 50 50 50 41 41 41 34 34 29 29 29 26 26 26 26 26 27 27 27 29 29 27 27 27 20 20 20 0 0 0 0 0 0 0 9 9 9 0 0 0 0 0 0 0 0
-9999 -9999 -9999 -9999 -9999 -9999 -9999 -9999 -9999 -9999 -9999 -9999 -9999 0 0 31 31 37 37 37 47 47 47 43 43 39 39 39 37 37 38 38 38 47 47 47 60 60 67 67 67 65 65 65 61 61 58 58 58 56 56 50 50 50 41 41 41 34 34 29 29 29 26 26 26 26 26 27 27 27 29 29 27 27 27 20 20 20 0 0 0 0 0 0 0 9 9 9 0 0 0 0 0 0 0 0
-9999 -9999 -9999 -9999 -9999 -9999 -9999 -9999 -9999 -9999 -9999 -9999 0 0 0 33 33 42 42 42 42 42 42 40 40 38 38 38 36 36 36 36 36 38 38 38 46 46 55 55 55 59 59 59 55 55 49 49 49 46 46 42 42 42 36 36 36 30 30 23 23 23 18 18 16 16 16 16 16 16 18 18 15 15 15 5 5 5 0 0 0 0 0 0 0 2 2 2 0 0 0 0 0 0 0 0
-9999 -9999 -9999 -9999 -9999 -9999 -9999 -9999 -9999 -9999 -9999 -9999 0 0 0 33 33 42 42 42 42 42 42 40 40 38 38 38 36 36 36 36 36 38 38 38 46 46 55 55 55 59 59 59 55 55 49 49 49 46 46 42 42 42 36 36 36 30 30 23 23 23 18 18 16 16 16 16 16 16 18 18 15 15 15 5 5 5 0 0 0 0 0 0 0 2 2 2 0 0 0 0 0 0 0 0
-9999 -9999 -9999 -9999 -9999 -9999 -9999 -9999 -9999 -9999 -9999 -9999 0 0 0 33 33 42 42 42 42 42 42 40 40 38 38 38 36 36 36 36 36 38 38 38 46 46 55 55 55 59 59 59 55 55 49 49 49 46 46 42 42 42 36 36 36 30 30 23 23 23 18 18 16 16 16 16 16 16 18 18 15 15 15 5 5 5 0 0 0 0 0 0 0 2 2 2 0 0 0 0 0 0 0 0
-9999 -9999 -9999 -9999 -9999 -9999 -9999 -9999 -9999 -9999 -9999 49 23 23 23 29 29 44 44 44 44 44 44 46 46 48 48 48 49 49 46 46 46 38 38 38 32 32 33 33 33 42 42 42 48 48 47 47 47 44 44 42 42 42 38 38 38 36 36 32 32 32 28 28 23 23 23 19 19 19 16 16 11 11 11 2 2 2 0 0 2 2 2 7 7 10 10 10 0 0 0 0 0 0 0 0
-9999 -9999 -9999 -9999 -9999 -9999 -9999 -9999 -9999 -9999 -9999 49 23 23 23 29 29 44 44 44 44 44 44 46 46 48 48 48 49 49 46 46 46 38 38 38 32 32 33 33 33 42 42 42 48 48 47 47 47 44 44 42 42 42 38 38 38 36 36 32 32 32 28 28 23 23 23 19 19 19 16 16 11 11 11 2 2 2 0 0 2 2 2 7 7 10 10 10 0 0 0 0 0 0 0 0
-9999 -9999 -9999 -9999 -9999 -9999 -9999 -9999 -9999 -9999 -9999 49 23 23 23 29 29 44 44 44 44 44 44 46 46 48 48 48 49 49 46 46 46 38 38 38 32 32 33 33 33 42 42 42 48 48 47 47 47 44 44 42 42 42 38 38 38 36 36 32 32 32 28 28 23 23 23 19 19 19 16 16 11 11 11 2 2 2 0 0 2 2 2 7 7 10 10 10 0 0 0 0 0 0 0 0
