SEB_model/sample_data_files/historical_long/hillshade_historical_long/sep6am.txt
ncols         768
nrows         486
xllcorner     388353.95236715
yllcorner     7583725.4876181
cellsize      5
NODATA_value  -9999
[rows 246 to 286 of 486, columns 184 to 275 of 768]
74 74 74 69 69 69 69 69 68 68 68 68 68 74 74 74 63 63 70 70 70 91 91 91 84 84 83 83 83 83 83 81 81 81 91 91 91 82 82 87 87 87 85 85 83 83 83 98 98 98 86 86 85 85 85 102 102 102 94 94 95 95 95 92 92 90 90 90 107 107 107 91 91 86 86 86 81 81 68 68 68 79 79 79 80 80 99 99 99 116 116 116
74 74 74 69 69 69 69 69 68 68 68 68 68 74 74 74 63 63 70 70 70 91 91 91 84 84 83 83 83 83 83 81 81 81 91 91 91 82 82 87 87 87 85 85 83 83 83 98 98 98 86 86 85 85 85 102 102 102 94 94 95 95 95 92 92 90 90 90 107 107 107 91 91 86 86 86 81 81 68 68 68 79 79 79 80 80 99 99 99 116 116 116
72 72 72 67 67 69 69 69 71 71 74 74 74 80 80 80 67 67 69 69 69 85 85 85 79 79 81 81 81 81 81 78 78 78 89 89 89 85 85 90 90 90 88 88 83 83 83 100 100 100 92 92 90 90 90 97 97 97 80 80 81 81 81 82 82 83 83 83 91 91 91 68 68 76 76 76 87 87 88 88 88 99 99 99 89 89 97 97 97 112 112 112
72 72 72 67 67 69 69 69 71 71 74 74 74 80 80 80 67 67 69 69 69 85 85 85 79 79 81 81 81 81 81 78 78 78 89 89 89 85 85 90 90 90 88 88 83 83 83 100 100 100 92 92 90 90 90 97 97 97 80 80 81 81 81 82 82 83 83 83 91 91 91 68 68 76 76 76 87 87 88 88 88 99 99 99 89 89 97 97 97 112 112 112
67 67 67 59 59 64 64 64 70 70 76 76 76 84 84 84 71 71 71 71 71 84 84 84 79 79 80 80 80 79 79 77 77 77 89 89 89 83 83 89 89 89 88 88 82 82 82 98 98 98 92 92 89 89 89 90 90 90 67 67 68 68 68 71 71 73 73 73 77 77 77 58 58 81 81 81 103 103 110 110 110 119 119 119 94 94 84 84 84 92 92 92
67 67 67 59 59 64 64 64 70 70 76 76 76 84 84 84 71 71 71 71 71 84 84 84 79 79 80 80 80 79 79 77 77 77 89 89 89 83 83 89 89 89 88 88 82 82 82 98 98 98 92 92 89 89 89 90 90 90 67 67 68 68 68 71 71 73 73 73 77 77 77 58 58 81 81 81 103 103 110 110 110 119 119 119 94 94 84 84 84 92 92 92
67 67 67 59 59 64 64 64 70 70 76 76 76 84 84 84 71 71 71 71 71 84 84 84 79 79 80 80 80 79 79 77 77 77 89 89 89 83 83 89 89 89 88 88 82 82 82 98 98 98 92 92 89 89 89 90 90 90 67 67 68 68 68 71 71 73 73 73 77 77 77 58 58 81 81 81 103 103 110 110 110 119 119 119 94 94 84 84 84 92 92 92
61 61 61 53 53 59 59 59 65 65 73 73 73 85 85 85 77 77 79 79 79 89 89 89 80 80 79 79 79 78 78 78 78 78 89 89 89 82 82 85 85 85 84 84 82 82 82 93 93 93 83 83 80 80 80 79 79 79 57 57 57 57 57 63 63 70 70 70 80 80 80 67 67 93 93 93 113 113 118 118 118 122 122 122 84 84 59 59 59 61 61 61
61 61 61 53 53 59 59 59 65 65 73 73 73 85 85 85 77 77 79 79 79 89 89 89 80 80 79 79 79 78 78 78 78 78 89 89 89 82 82 85 85 85 84 84 82 82 82 93 93 93 83 83 80 80 80 79 79 79 57 57 57 57 57 63 63 70 70 70 80 80 80 67 67 93 93 93 113 113 118 118 118 122 122 122 84 84 59 59 59 61 61 61
59 59 59 53 53 56 56 56 60 60 67 67 67 84 84 84 83 83 87 87 87 95 95 95 81 81 79 79 79 79 79 78 78 78 90 90 90 83 83 82 82 82 80 80 80 80 80 86 86 86 72 72 68 68 68 70 70 70 51 51 50 50 50 61 61 75 75 75 96 96 96 88 88 98 98 98 107 107 107 107 107 101 101 101 57 57 36 36 36 43 43 43
59 59 59 53 53 56 56 56 60 60 67 67 67 84 84 84 83 83 87 87 87 95 95 95 81 81 79 79 79 79 79 78 78 78 90 90 90 83 83 82 82 82 80 80 80 80 80 86 86 86 72 72 68 68 68 70 70 70 51 51 50 50 50 61 61 75 75 75 96 96 96 88 88 98 98 98 107 107 107 107 107 101 101 101 57 57 36 36 36 43 43 43
59 59 59 53 53 56 56 56 60 60 67 67 67 84 84 84 83 83 87 87 87 95 95 95 81 81 79 79 79 79 79 78 78 78 90 90 90 83 83 82 82 82 80 80 80 80 80 86 86 86 72 72 68 68 68 70 70 70 51 51 50 50 50 61 61 75 75 75 96 96 96 88 88 98 98 98 107 107 107 107 107 101 101 101 57 57 36 36 36 43 43 43
61 61 61 55 55 57 57 57 59 59 63 63 63 82 82 82 85 85 91 91 91 98 98 98 82 82 81 81 81 80 80 79 79 79 89 89 89 81 81 78 78 78 75 75 74 74 74 81 81 81 67 67 65 65 65 68 68 68 46 46 44 44 44 58 58 80 80 80 110 110 110 103 103 95 95 95 87 87 76 76 76 66 66 66 39 39 32 32 32 41 41 41
61 61 61 55 55 57 57 57 59 59 63 63 63 82 82 82 85 85 91 91 91 98 98 98 82 82 81 81 81 80 80 79 79 79 89 89 89 81 81 78 78 78 75 75 74 74 74 81 81 81 67 67 65 65 65 68 68 68 46 46 44 44 44 58 58 80 80 80 110 110 110 103 103 95 95 95 87 87 76 76 76 66 66 66 39 39 32 32 32 41 41 41
61 61 61 55 55 57 57 57 59 59 63 63 63 82 82 82 85 85 91 91 91 98 98 98 82 82 81 81 81 80 80 79 79 79 89 89 89 81 81 78 78 78 75 75 74 74 74 81 81 81 67 67 65 65 65 68 68 68 46 46 44 44 44 58 58 80 80 80 110 110 110 103 103 95 95 95 87 87 76 76 76 66 66 66 39 39 32 32 32 41 41 41
63 63 63 58 58 60 60 60 61 61 63 63 63 80 80 80 82 82 90 90 90 98 98 98 84 84 83 83 83 82 82 79 79 79 84 84 84 71 71 69 69 69 67 67 69 69 69 80 80 80 69 69 69 69 69 69 69 69 42 42 38 38 38 53 53 78 78 78 110 110 110 100 100 79 79 79 58 58 42 42 42 42 42 42 33 33 34 34 34 42 42 42
63 63 63 58 58 60 60 60 61 61 63 63 63 80 80 80 82 82 90 90 90 98 98 98 84 84 83 83 83 82 82 79 79 79 84 84 84 71 71 69 69 69 67 67 69 69 69 80 80 80 69 69 69 69 69 69 69 69 42 42 38 38 38 53 53 78 78 78 110 110 110 100 100 79 79 79 58 58 42 42 42 42 42 42 33 33 34 34 34 42 42 42
63 63 63 61 61 63 63 63 65 65 67 67 67 81 81 81 79 79 84 84 84 95 95 95 83 83 81 81 81 79 79 75 75 75 73 73 73 56 56 57 57 57 59 59 66 66 66 78 78 78 68 68 67 67 67 68 68 68 44 44 42 42 42 54 54 74 74 74 98 98 98 79 79 53 53 53 35 35 27 27 27 32 32 32 29 29 31 31 31 37 37 37
63 63 63 61 61 63 63 63 65 65 67 67 67 81 81 81 79 79 84 84 84 95 95 95 83 83 81 81 81 79 79 75 75 75 73 73 73 56 56 57 57 57 59 59 66 66 66 78 78 78 68 68 67 67 67 68 68 68 44 44 42 42 42 54 54 74 74 74 98 98 98 79 79 53 53 53 35 35 27 27 27 32 32 32 29 29 31 31 31 37 37 37
63 63 63 61 61 63 63 63 65 65 67 67 67 81 81 81 79 79 84 84 84 95 95 95 83 83 81 81 81 79 79 75 75 75 73 73 73 56 56 57 57 57 59 59 66 66 66 78 78 78 68 68 67 67 67 68 68 68 44 44 42 42 42 54 54 74 74 74 98 98 98 79 79 53 53 53 35 35 27 27 27 32 32 32 29 29 31 31 31 37 37 37
66 66 66 64 64 67 67 67 71 71 74 74 74 84 84 84 76 76 77 77 77 87 87 87 76 76 73 73 73 71 71 66 66 66 63 63 63 46 46 49 49 49 55 55 62 62 62 72 72 72 59 59 59 59 59 66 66 66 55 55 54 54 54 57 57 69 69 69 76 76 76 46 46 31 31 31 29 29 22 22 22 22 22 22 20 20 0 0 0 29 29 29
66 66 66 64 64 67 67 67 71 71 74 74 74 84 84 84 76 76 77 77 77 87 87 87 76 76 73 73 73 71 71 66 66 66 63 63 63 46 46 49 49 49 55 55 62 62 62 72 72 72 59 59 59 59 59 66 66 66 55 55 54 54 54 57 57 69 69 69 76 76 76 46 46 31 31 31 29 29 22 22 22 22 22 22 20 20 0 0 0 29 29 29
69 69 69 66 66 70 70 70 75 75 78 78 78 86 86 86 72 72 69 69 69 75 75 75 64 64 63 63 63 62 62 55 55 55 55 55 55 44 44 48 48 48 51 51 54 54 54 60 60 60 47 47 49 49 49 65 65 65 64 64 65 65 65 61 61 59 59 59 50 50 50 22 22 22 22 22 24 24 13 13 13 11 11 11 14 14 0 0 0 25 25 25
69 69 69 66 66 70 70 70 75 75 78 78 78 86 86 86 72 72 69 69 69 75 75 75 64 64 63 63 63 62 62 55 55 55 55 55 55 44 44 48 48 48 51 51 54 54 54 60 60 60 47 47 49 49 49 65 65 65 64 64 65 65 65 61 61 59 59 59 50 50 50 22 22 22 22 22 24 24 13 13 13 11 11 11 14 14 0 0 0 25 25 25
69 69 69 66 66 70 70 70 75 75 78 78 78 86 86 86 72 72 69 69 69 75 75 75 64 64 63 63 63 62 62 55 55 55 55 55 55 44 44 48 48 48 51 51 54 54 54 60 60 60 47 47 49 49 49 65 65 65 64 64 65 65 65 61 61 59 59 59 50 50 50 22 22 22 22 22 24 24 13 13 13 11 11 11 14 14 0 0 0 25 25 25
70 70 70 68 68 72 72 72 75 75 77 77 77 83 83 83 67 67 60 60 60 64 64 64 54 54 56 56 56 57 57 49 49 49 52 52 52 45 45 48 48 48 48 48 47 47 47 51 51 51 42 42 48 48 48 68 68 68 70 70 72 72 72 65 65 45 45 45 30 30 30 15 15 15 15 15 11 11 4 4 4 7 7 7 12 12 0 0 0 20 20 20
70 70 70 68 68 72 72 72 75 75 77 77 77 83 83 83 67 67 60 60 60 64 64 64 54 54 56 56 56 57 57 49 49 49 52 52 52 45 45 48 48 48 48 48 47 47 47 51 51 51 42 42 48 48 48 68 68 68 70 70 72 72 72 65 65 45 45 45 30 30 30 15 15 15 15 15 11 11 4 4 4 7 7 7 12 12 0 0 0 20 20 20
70 70 70 68 68 72 72 72 75 75 77 77 77 83 83 83 67 67 60 60 60 64 64 64 54 54 56 56 56 57 57 49 49 49 52 52 52 45 45 48 48 48 48 48 47 47 47 51 51 51 42 42 48 48 48 68 68 68 70 70 72 72 72 65 65 45 45 45 30 30 30 15 15 15 15 15 11 11 4 4 4 7 7 7 12 12 0 0 0 20 20 20
73 73 73 70 70 73 73 73 72 72 69 69 69 72 72 72 57 57 51 51 51 57 57 57 51 51 54 54 54 56 56 49 49 49 52 52 52 45 45 46 46 46 45 45 44 44 44 49 49 49 42 42 50 50 50 70 70 70 70 70 72 72 72 57 57 26 26 26 18 18 18 0 0 0 0 0 0 0 0 0 0 4 4 4 6 6 0 0 0 13 13 13
73 73 73 70 70 73 73 73 72 72 69 69 69 72 72 72 57 57 51 51 51 57 57 57 51 51 54 54 54 56 56 49 49 49 52 52 52 45 45 46 46 46 45 45 44 44 44 49 49 49 42 42 50 50 50 70 70 70 70 70 72 72 72 57 57 26 26 26 18 18 18 0 0 0 0 0 0 0 0 0 0 4 4 4 6 6 0 0 0 13 13 13
79 79 79 72 72 71 71 71 67 67 61 61 61 60 60 60 45 45 43 43 43 53 53 53 51 51 56 56 56 57 57 51 51 51 54 54 54 46 46 43 43 43 43 43 44 44 44 52 52 52 45 45 53 53 53 69 69 69 65 65 59 59 59 0 0 0 0 0 0 0 0 0 0 0 0 0 0 0 0 0 0 0 0 0 0 0 0 0 0 7 7 7
79 79 79 72 72 71 71 71 67 67 61 61 61 60 60 60 45 45 43 43 43 53 53 53 51 51 56 56 56 57 57 51 51 51 54 54 54 46 46 43 43 43 43 43 44 44 44 52 52 52 45 45 53 53 53 69 69 69 65 65 59 59 59 0 0 0 0 0 0 0 0 0 0 0 0 0 0 0 0 0 0 0 0 0 0 0 0 0 0 7 7 7
79 79 79 72 72 71 71 71 67 67 61 61 61 60 60 60 45 45 43 43 43 53 53 53 51 51 56 56 56 57 57 51 51 51 54 54 54 46 46 43 43 43 43 43 44 44 44 52 52 52 45 45 53 53 53 69 69 69 65 65 59 59 59 0 0 0 0 0 0 0 0 0 0 0 0 0 0 0 0 0 0 0 0 0 0 0 0 0 0 7 7 7
83 83 83 70 70 62 62 62 59 59 55 55 55 54 54 54 38 38 37 37 37 50 50 50 52 52 58 58 58 59 59 53 53 53 56 56 56 46 46 42 42 42 41 41 45 45 45 53 53 53 48 48 53 53 53 65 65 65 0 0 0 0 0 0 0 0 0 0 0 0 0 0 0 0 0 0 0 0 0 0 0 0 0 0 0 0 0 0 0 1 1 1
83 83 83 70 70 62 62 62 59 59 55 55 55 54 54 54 38 38 37 37 37 50 50 50 52 52 58 58 58 59 59 53 53 53 56 56 56 46 46 42 42 42 41 41 45 45 45 53 53 53 48 48 53 53 53 65 65 65 0 0 0 0 0 0 0 0 0 0 0 0 0 0 0 0 0 0 0 0 0 0 0 0 0 0 0 0 0 0 0 1 1 1
83 83 83 70 70 62 62 62 59 59 55 55 55 54 54 54 38 38 37 37 37 50 50 50 52 52 58 58 58 59 59 53 53 53 56 56 56 46 46 42 42 42 41 41 45 45 45 53 53 53 48 48 53 53 53 65 65 65 0 0 0 0 0 0 0 0 0 0 0 0 0 0 0 0 0 0 0 0 0 0 0 0 0 0 0 0 0 0 0 1 1 1
81 81 81 63 63 53 53 53 53 53 53 53 53 53 53 53 38 38 38 38 38 50 50 50 51 51 55 55 55 56 56 53 53 53 55 55 55 44 44 41 41 41 41 41 43 43 43 53 53 53 48 48 0 0 0 0 0 0 0 0 0 0 0 0 0 0 0 0 0 0 0 0 0 0 0 0 0 0 0 0 0 0 0 0 0 0 0 0 0 0 0 0
81 81 81 63 63 53 53 53 53 53 53 53 53 53 53 53 38 38 38 38 38 50 50 50 51 51 55 55 55 56 56 53 53 53 55 55 55 44 44 41 41 41 41 41 43 43 43 53 53 53 48 48 0 0 0 0 0 0 0 0 0 0 0 0 0 0 0 0 0 0 0 0 0 0 0 0 0 0 0 0 0 0 0 0 0 0 0 0 0 0 0 0
74 74 74 55 55 50 50 50 53 53 54 54 54 57 57 57 45 45 44 44 44 52 52 52 48 48 50 50 50 50 50 49 49 49 52 52 52 43 43 41 41 41 42 42 0 0 0 0 0 0 0 0 0 0 0 0 0 0 0 0 0 0 0 0 0 0 0 0 0 0 0 0 0 0 0 0 0 0 0 0 0 0 0 0 0 0 0 0 0 0 0 0
74 74 74 55 55 50 50 50 53 53 54 54 54 57 57 57 45 45 44 44 44 52 52 52 48 48 50 50 50 50 50 49 49 49 52 52 52 43 43 41 41 41 42 42 0 0 0 0 0 0 0 0 0 0 0 0 0 0 0 0 0 0 0 0 0 0 0 0 0 0 0 0 0 0 0 0 0 0 0 0 0 0 0 0 0 0 0 0 0 0 0 0
74 74 74 55 55 50 50 50 53 53 54 54 54 57 57 57 45 45 44 44 44 52 52 52 48 48 50 50 50 50 50 49 49 49 52 52 52 43 43 41 41 41 42 42 0 0 0 0 0 0 0 0 0 0 0 0 0 0 0 0 0 0 0 0 0 0 0 0 0 0 0 0 0 0 0 0 0 0 0 0 0 0 0 0 0 0 0 0 0 0 0 0
