SEB_model/sample_data_files/historical_long/hillshade_historical_long/sep6pm.txt
ncols         768
nrows         486
xllcorner     388353.95236715
yllcorner     7583725.4876181
cellsize      5
NODATA_value  -9999
[rows 138 to 183 of 486, columns 0 to 95 of 768]
-9999 -9999 -9999 -9999 -9999 -9999 -9999 -9999 -9999 -9999 -9999 -9999 -9999 -9999 -9999 -9999 -9999 -9999 -9999 -9999 -9999 -9999 -9999 -9999 -9999 -9999 -9999 -9999 -9999 -9999 -9999 -9999 -9999 -9999 -9999 -9999 -9999 -9999 -9999 -9999 -9999 -9999 -9999 -9999 -9999 -9999 -9999 -9999 -9999 -9999 -9999 -9999 -9999 -9999 -9999 -9999 -9999 -9999 -9999 -9999 -9999 -9999 -9999 -9999 -9999 -9999 13 13 13 18 18 0 0 0 0 0 0 0 0 0 0 0 0 0 0 0 0 0 0 0 0 0 0 0 0 0
-9999 -9999 -9999 -9999 -9999 -9999 -9999 -9999 -9999 -9999 -9999 -9999 -9999 -9999 -9999 -9999 -9999 -9999 -9999 -9999 -9999 -9999 -9999 -9999 -9999 -9999 -9999 -9999 -9999 -9999 -9999 -9999 -9999 -9999 -9999 -9999 -9999 -9999 -9999 -9999 -9999 -9999 -9999 -9999 -9999 -9999 -9999 -9999 -9999 -9999 -9999 -9999 -9999 -9999 -9999 -9999 -9999 -9999 -9999 -9999 -9999 -9999 -9999 -9999 12 12 13 13 13 18 18 0 0 0 0 0 0 0 0 0 0 0 0 0 0 0 0 0 0 0 0 0 0 0 0 0
-9999 -9999 -9999 -9999 -9999 -9999 -9999 -9999 -9999 -9999 -9999 -9999 -9999 -9999 -9999 -9999 -9999 -9999 -9999 -9999 -9999 -9999 -9999 -9999 -9999 -9999 -9999 -9999 -9999 -9999 -9999 -9999 -9999 -9999 -9999 -9999 -9999 -9999 -9999 -9999 -9999 -9999 -9999 -9999 -9999 -9999 -9999 -9999 -9999 -9999 -9999 -9999 -9999 -9999 -9999 -9999 -9999 -9999 -9999 -9999 -9999 -9999 20 20 14 14 9 9 9 0 0 0 0 0 4 4 4 3 3 0 0 0 0 0 0 0 0 0 0 0 0 0 0 0 0 0
-9999 -9999 -9999 -9999 -9999 -9999 -9999 -9999 -9999 -9999 -9999 -9999 -9999 -9999 -9999 -9999 -9999 -9999 -9999 -9999 -9999 -9999 -9999 -9999 -9999 -9999 -9999 -9999 -9999 -9999 -9999 -9999 -9999 -9999 -9999 -9999 -9999 -9999 -9999 -9999 -9999 -9999 -9999 -9999 -9999 -9999 -9999 -9999 -9999 -9999 -9999 -9999 -9999 -9999 -9999 -9999 -9999 -9999 -9999 -9999 -9999 -9999 20 20 14 14 9 9 9 0 0 0 0 0 4 4 4 3 3 0 0 0 0 0 0 0 0 0 0 0 0 0 0 0 0 0
-9999 -9999 -9999 -9999 -9999 -9999 -9999 -9999 -9999 -9999 -9999 -9999 -9999 -9999 -9999 -9999 -9999 -9999 -9999 -9999 -9999 -9999 -9999 -9999 -9999 -9999 -9999 -9999 -9999 -9999 -9999 -9999 -9999 -9999 -9999 -9999 -9999 -9999 -9999 -9999 -9999 -9999 -9999 -9999 -9999 -9999 -9999 -9999 -9999 -9999 -9999 -9999 -9999 -9999 -9999 -9999 -9999 -9999 -9999 -9999 -9999 20 20 20 14 14 9 9 9 0 0 0 0 0 4 4 4 3 3 0 0 0 0 0 0 0 0 0 0 0 0 0 0 0 0 0
-9999 -9999 -9999 -9999 -9999 -9999 -9999 -9999 -9999 -9999 -9999 -9999 -9999 -9999 -9999 -9999 -9999 -9999 -9999 -9999 -9999 -9999 -9999 -9999 -9999 -9999 -9999 -9999 -9999 -9999 -9999 -9999 -9999 -9999 -9999 -9999 -9999 -9999 -9999 -9999 -9999 -9999 -9999 -9999 31 28 28 28 26 -9999 -9999 -9999 -9999 -9999 -9999 -9999 -9999 -9999 -9999 26 26 23 23 23 15 15 6 6 6 0 0 7 7 7 9 9 9 5 5 0 0 0 0 0 0 0 0 0 0 0 0 0 0 0 0 0
-9999 -9999 -9999 -9999 -9999 -9999 -9999 -9999 -9999 -9999 -9999 -9999 -9999 -9999 -9999 -9999 -9999 -9999 -9999 -9999 -9999 -9999 -9999 -9999 -9999 -9999 -9999 -9999 -9999 -9999 -9999 -9999 -9999 -9999 -9999 -9999 -9999 -9999 -9999 -9999 -9999 -9999 -9999 31 31 28 28 28 26 26 -9999 -9999 -9999 26 26 26 27 27 26 26 26 23 23 23 15 15 6 6 6 0 0 7 7 7 9 9 9 5 5 0 0 0 0 0 0 0 0 0 0 0 0 0 0 0 0 0
-9999 -9999 -9999 -9999 -9999 -9999 -9999 -9999 -9999 -9999 -9999 -9999 -9999 -9999 -9999 -9999 -9999 -9999 -9999 -9999 -9999 -9999 -9999 -9999 -9999 -9999 -9999 -9999 -9999 -9999 -9999 -9999 -9999 -9999 -9999 -9999 -9999 -9999 -9999 -9999 -9999 -9999 -9999 32 32 29 29 29 28 28 28 28 28 29 29 29 30 30 28 28 28 22 22 22 13 13 7 7 7 7 7 10 10 10 9 9 9 2 2 0 0 0 0 0 0 0 0 0 0 0 0 0 0 0 0 0
-9999 -9999 -9999 -9999 -9999 -9999 -9999 -9999 -9999 -9999 -9999 -9999 -9999 -9999 -9999 -9999 -9999 -9999 -9999 -9999 -9999 -9999 -9999 -9999 -9999 -9999 -9999 -9999 -9999 -9999 -9999 -9999 -9999 -9999 -9999 -9999 -9999 -9999 -9999 -9999 -9999 36 36 32 32 29 29 29 28 28 28 28 28 29 29 29 30 30 28 28 28 22 22 22 13 13 7 7 7 7 7 10 10 10 9 9 9 2 2 0 0 0 0 0 0 0 0 0 0 0 0 0 0 0 0 0
-9999 -9999 -9999 -9999 -9999 -9999 -9999 -9999 -9999 -9999 -9999 -9999 -9999 -9999 -9999 -9999 -9999 -9999 -9999 -9999 -9999 -9999 64 64 63 63 63 62 62 62 58 58 53 53 53 47 47 41 41 41 36 36 36 32 32 29 29 29 28 28 28 28 28 29 29 29 30 30 28 28 28 22 22 22 13 13 7 7 7 7 7 10 10 10 9 9 9 2 2 0 0 0 0 0 0 0 0 0 0 0 0 0 0 0 0 0
-9999 -9999 -9999 -9999 -9999 -9999 -9999 -9999 -9999 -9999 -9999 -9999 -9999 -9999 -9999 -9999 -9999 -9999 -9999 75 75 75 56 56 58 58 58 55 55 55 53 53 52 52 52 46 46 41 41 41 36 36 36 32 32 30 30 30 30 30 30 30 30 31 31 31 31 31 28 28 28 21 21 21 12 12 8 8 8 10 10 12 12 12 7 7 7 0 0 0 0 0 0 0 0 0 0 0 0 0 0 0 0 0 0 0
-9999 -9999 -9999 -9999 -9999 -9999 -9999 -9999 -9999 -9999 -9999 -9999 -9999 -9999 -9999 -9999 -9999 81 81 75 75 75 56 56 58 58 58 55 55 55 53 53 52 52 52 46 46 41 41 41 36 36 36 32 32 30 30 30 30 30 30 30 30 31 31 31 31 31 28 28 28 21 21 21 12 12 8 8 8 10 10 12 12 12 7 7 7 0 0 0 0 0 0 0 0 0 0 0 0 0 0 0 0 0 0 0
-9999 -9999 -9999 -9999 -9999 -9999 -9999 -9999 -9999 -9999 -9999 76 76 76 69 69 69 81 81 75 75 75 56 56 58 58 58 55 55 55 53 53 52 52 52 46 46 41 41 41 36 36 36 32 32 30 30 30 30 30 30 30 30 31 31 31 31 31 28 28 28 21 21 21 12 12 8 8 8 10 10 12 12 12 7 7 7 0 0 0 0 0 0 0 0 0 0 0 0 0 0 0 0 0 0 0
-9999 -9999 -9999 -9999 -9999 -9999 -9999 -9999 -9999 102 102 87 87 87 56 56 56 84 84 77 77 77 38 38 42 42 42 40 40 40 45 45 50 50 50 45 45 39 39 39 35 35 35 32 32 31 31 31 32 32 32 33 33 32 32 32 30 30 27 27 27 21 21 21 12 12 10 10 10 13 13 14 14 14 6 6 6 0 0 0 0 0 0 0 0 0 0 0 0 0 0 0 0 0 0 0
-9999 -9999 -9999 -9999 -9999 -9999 -9999 -9999 92 102 102 87 87 87 56 56 56 84 84 77 77 77 38 38 42 42 42 40 40 40 45 45 50 50 50 45 45 39 39 39 35 35 35 32 32 31 31 31 32 32 32 33 33 32 32 32 30 30 27 27 27 21 21 21 12 12 10 10 10 13 13 14 14 14 6 6 6 0 0 0 0 0 0 0 0 0 0 0 0 0 0 0 0 0 0 0
-9999 -9999 -9999 -9999 -9999 -9999 -9999 105 105 104 104 94 94 94 39 39 39 53 53 47 47 47 25 25 32 32 32 40 40 40 48 48 49 49 49 43 43 38 38 38 34 34 34 31 31 32 32 32 34 34 34 35 35 33 33 33 30 30 28 28 28 23 23 23 15 15 12 12 12 13 13 14 14 14 7 7 7 0 0 0 0 0 0 0 0 0 0 0 0 0 0 0 0 0 0 0
-9999 -9999 -9999 -9999 -9999 -9999 105 105 105 104 104 94 94 94 39 39 39 53 53 47 47 47 25 25 32 32 32 40 40 40 48 48 49 49 49 43 43 38 38 38 34 34 34 31 31 32 32 32 34 34 34 35 35 33 33 33 30 30 28 28 28 23 23 23 15 15 12 12 12 13 13 14 14 14 7 7 7 0 0 0 0 0 0 0 0 0 0 0 0 0 0 0 0 0 0 0
-9999 -9999 -9999 -9999 -9999 125 105 105 105 104 104 94 94 94 39 39 39 53 53 47 47 47 25 25 32 32 32 40 40 40 48 48 49 49 49 43 43 38 38 38 34 34 34 31 31 32 32 32 34 34 34 35 35 33 33 33 30 30 28 28 28 23 23 23 15 15 12 12 12 13 13 14 14 14 7 7 7 0 0 0 0 0 0 0 0 0 0 0 0 0 0 0 0 0 0 0
-9999 -9999 -9999 -9999 150 150 110 110 110 74 74 64 64 64 26 26 26 24 24 26 26 26 31 31 41 41 41 50 50 50 52 52 48 48 48 42 42 37 37 37 32 32 32 30 30 32 32 32 36 36 36 37 37 35 35 35 31 31 29 29 29 26 26 26 19 19 14 14 14 13 13 13 13 13 8 8 8 0 0 0 0 0 0 0 0 0 0 0 0 0 0 0 0 0 0 0
-9999 -9999 -9999 150 150 150 110 110 110 74 74 64 64 64 26 26 26 24 24 26 26 26 31 31 41 41 41 50 50 50 52 52 48 48 48 42 42 37 37 37 32 32 32 30 30 32 32 32 36 36 36 37 37 35 35 35 31 31 29 29 29 26 26 26 19 19 14 14 14 13 13 13 13 13 8 8 8 0 0 0 0 0 0 0 0 0 0 0 0 0 0 0 0 0 0 0
-9999 -9999 136 150 150 150 110 110 110 74 74 64 64 64 26 26 26 24 24 26 26 26 31 31 41 41 41 50 50 50 52 52 48 48 48 42 42 37 37 37 32 32 32 30 30 32 32 32 36 36 36 37 37 35 35 35 31 31 29 29 29 26 26 26 19 19 14 14 14 13 13 13 13 13 8 8 8 0 0 0 0 0 0 0 0 0 0 0 0 0 0 0 0 0 0 0
-9999 -9999 169 164 164 164 81 81 81 41 41 33 33 33 28 28 28 31 31 37 37 37 44 44 49 49 49 51 51 51 48 48 45 45 45 41 41 36 36 36 32 32 32 30 30 32 32 32 36 36 36 38 38 36 36 36 33 33 30 30 30 27 27 27 22 22 16 16 16 13 13 12 12 12 7 7 7 0 0 0 0 0 0 0 0 0 0 0 0 0 0 0 0 0 0 0
-9999 169 169 164 164 164 81 81 81 41 41 33 33 33 28 28 28 31 31 37 37 37 44 44 49 49 49 51 51 51 48 48 45 45 45 41 41 36 36 36 32 32 32 30 30 32 32 32 36 36 36 38 38 36 36 36 33 33 30 30 30 27 27 27 22 22 16 16 16 13 13 12 12 12 7 7 7 0 0 0 0 0 0 0 0 0 0 0 0 0 0 0 0 0 0 0
-9999 174 174 144 144 144 49 49 49 43 43 39 39 39 39 39 39 43 43 47 47 47 49 49 49 49 49 47 47 47 44 44 42 42 42 39 39 36 36 36 33 33 33 31 31 33 33 33 36 36 36 38 38 37 37 37 33 33 31 31 31 27 27 27 23 23 19 19 19 15 15 11 11 11 7 7 7 0 0 0 0 0 0 0 0 0 0 0 0 0 0 0 14 14 14 14
-9999 174 174 144 144 144 49 49 49 43 43 39 39 39 39 39 39 43 43 47 47 47 49 49 49 49 49 47 47 47 44 44 42 42 42 39 39 36 36 36 33 33 33 31 31 33 33 33 36 36 36 38 38 37 37 37 33 33 31 31 31 27 27 27 23 23 19 19 19 15 15 11 11 11 7 7 7 0 0 0 0 0 0 0 0 0 0 0 0 0 0 0 14 14 14 14
-9999 174 174 144 144 144 49 49 49 43 43 39 39 39 39 39 39 43 43 47 47 47 49 49 49 49 49 47 47 47 44 44 42 42 42 39 39 36 36 36 33 33 33 31 31 33 33 33 36 36 36 38 38 37 37 37 33 33 31 31 31 27 27 27 23 23 19 19 19 15 15 11 11 11 7 7 7 0 0 0 0 0 0 0 0 0 0 0 0 0 0 0 14 14 14 14
-9999 168 168 97 97 97 57 57 57 52 52 52 52 52 51 51 51 49 49 48 48 48 47 47 46 46 46 44 44 44 42 42 39 39 39 37 37 36 36 36 34 34 34 33 33 34 34 34 36 36 36 37 37 36 36 36 33 33 30 30 30 27 27 27 24 24 20 20 20 16 16 12 12 12 10 10 10 0 0 4 4 4 0 0 0 0 0 4 4 4 0 0 10 10 10 10
168 168 168 97 97 97 57 57 57 52 52 52 52 52 51 51 51 49 49 48 48 48 47 47 46 46 46 44 44 44 42 42 39 39 39 37 37 36 36 36 34 34 34 33 33 34 34 34 36 36 36 37 37 36 36 36 33 33 30 30 30 27 27 27 24 24 20 20 20 16 16 12 12 12 10 10 10 0 0 4 4 4 0 0 0 0 0 4 4 4 0 0 10 10 10 10
177 167 167 78 78 78 74 74 74 69 69 61 61 61 54 54 54 47 47 44 44 44 43 43 43 43 43 42 42 42 40 40 38 38 38 36 36 36 36 36 35 35 35 35 35 36 36 36 36 36 36 36 36 35 35 35 32 32 29 29 29 26 26 26 24 24 21 21 21 16 16 15 15 15 16 16 16 15 15 11 11 11 0 0 0 6 6 0 0 0 0 0 6 6 6 0
177 167 167 78 78 78 74 74 74 69 69 61 61 61 54 54 54 47 47 44 44 44 43 43 43 43 43 42 42 42 40 40 38 38 38 36 36 36 36 36 35 35 35 35 35 36 36 36 36 36 36 36 36 35 35 35 32 32 29 29 29 26 26 26 24 24 21 21 21 16 16 15 15 15 16 16 16 15 15 11 11 11 0 0 0 6 6 0 0 0 0 0 6 6 6 0
177 167 167 78 78 78 74 74 74 69 69 61 61 61 54 54 54 47 47 44 44 44 43 43 43 43 43 42 42 42 40 40 38 38 38 36 36 36 36 36 35 35 35 35 35 36 36 36 36 36 36 36 36 35 35 35 32 32 29 29 29 26 26 26 24 24 21 21 21 16 16 15 15 15 16 16 16 15 15 11 11 11 0 0 0 6 6 0 0 0 0 0 6 6 6 0
166 158 158 94 94 94 96 96 96 80 80 61 61 61 51 51 51 45 45 41 41 41 40 40 40 40 40 39 39 39 38 38 37 37 37 36 36 36 36 36 36 36 36 37 37 37 37 37 37 37 37 36 36 34 34 34 32 32 29 29 29 27 27 27 24 24 21 21 21 18 18 18 18 18 21 21 21 21 21 17 17 17 12 12 12 9 9 0 0 0 0 0 3 3 3 0
166 158 158 94 94 94 96 96 96 80 80 61 61 61 51 51 51 45 45 41 41 41 40 40 40 40 40 39 39 39 38 38 37 37 37 36 36 36 36 36 36 36 36 37 37 37 37 37 37 37 37 36 36 34 34 34 32 32 29 29 29 27 27 27 24 24 21 21 21 18 18 18 18 18 21 21 21 21 21 17 17 17 12 12 12 9 9 0 0 0 0 0 3 3 3 0
166 158 158 94 94 94 96 96 96 80 80 61 61 61 51 51 51 45 45 41 41 41 40 40 40 40 40 39 39 39 38 38 37 37 37 36 36 36 36 36 36 36 36 37 37 37 37 37 37 37 37 36 36 34 34 34 32 32 29 29 29 27 27 27 24 24 21 21 21 18 18 18 18 18 21 21 21 21 21 17 17 17 12 12 12 9 9 0 0 0 0 0 3 3 3 0
153 145 145 108 108 108 110 110 110 83 83 61 61 61 51 51 51 44 44 40 40 40 38 38 37 37 37 36 36 36 35 35 36 36 36 36 36 36 36 36 36 36 36 37 37 37 37 37 37 37 37 36 36 34 34 34 33 33 31 31 31 28 28 28 25 25 22 22 22 21 21 23 23 23 24 24 24 23 23 20 20 20 16 16 16 12 12 0 0 0 0 0 2 2 2 0
-9999 145 145 108 108 108 110 110 110 83 83 61 61 61 51 51 51 44 44 40 40 40 38 38 37 37 37 36 36 36 35 35 36 36 36 36 36 36 36 36 36 36 36 37 37 37 37 37 37 37 37 36 36 34 34 34 33 33 31 31 31 28 28 28 25 25 22 22 22 21 21 23 23 23 24 24 24 23 23 20 20 20 16 16 16 12 12 0 0 0 0 0 2 2 2 0
-9999 135 135 115 115 115 110 110 110 83 83 62 62 62 51 51 51 45 45 41 41 41 38 38 35 35 35 33 33 33 33 33 35 35 35 36 36 36 36 36 36 36 36 37 37 38 38 38 38 38 38 37 37 36 36 36 35 35 33 33 33 30 30 30 26 26 24 24 24 24 24 25 25 25 26 26 26 25 25 22 22 22 18 18 18 14 14 10 10 10 0 0 2 2 2 0
-9999 135 135 115 115 115 110 110 110 83 83 62 62 62 51 51 51 45 45 41 41 41 38 38 35 35 35 33 33 33 33 33 35 35 35 36 36 36 36 36 36 36 36 37 37 38 38 38 38 38 38 37 37 36 36 36 35 35 33 33 33 30 30 30 26 26 24 24 24 24 24 25 25 25 26 26 26 25 25 22 22 22 18 18 18 14 14 10 10 10 0 0 2 2 2 0
-9999 -9999 135 115 115 115 110 110 110 83 83 62 62 62 51 51 51 45 45 41 41 41 38 38 35 35 35 33 33 33 33 33 35 35 35 36 36 36 36 36 36 36 36 37 37 38 38 38 38 38 38 37 37 36 36 36 35 35 33 33 33 30 30 30 26 26 24 24 24 24 24 25 25 25 26 26 26 25 25 22 22 22 18 18 18 14 14 10 10 10 0 0 2 2 2 0
-9999 -9999 -9999 116 116 116 102 102 102 80 80 63 63 63 52 52 52 46 46 42 42 42 38 38 34 34 34 32 32 32 32 32 34 34 34 35 35 36 36 36 36 36 36 37 37 38 38 38 39 39 39 39 39 38 38 38 37 37 35 35 35 32 32 32 29 29 27 27 27 27 27 27 27 27 27 27 27 26 26 23 23 23 20 20 20 16 16 11 11 11 0 0 3 3 3 0
-9999 -9999 -9999 116 116 116 102 102 102 80 80 63 63 63 52 52 52 46 46 42 42 42 38 38 34 34 34 32 32 32 32 32 34 34 34 35 35 36 36 36 36 36 36 37 37 38 38 38 39 39 39 39 39 38 38 38 37 37 35 35 35 32 32 32 29 29 27 27 27 27 27 27 27 27 27 27 27 26 26 23 23 23 20 20 20 16 16 11 11 11 0 0 3 3 3 0
-9999 -9999 -9999 -9999 -9999 111 94 94 94 76 76 62 62 62 53 53 53 47 47 43 43 43 38 38 34 -9999 -9999 -9999 -9999 -9999 31 31 33 33 33 35 35 35 35 35 36 36 36 37 37 39 39 39 41 41 41 41 41 39 39 39 38 38 36 36 36 34 34 34 32 32 30 30 30 29 29 29 29 29 28 28 28 27 27 25 25 25 22 22 22 18 18 12 12 12 0 0 4 4 4 0
-9999 -9999 -9999 -9999 -9999 -9999 94 94 94 76 76 62 62 62 53 53 53 47 47 43 43 43 38 -9999 -9999 -9999 -9999 -9999 -9999 -9999 -9999 -9999 -9999 -9999 -9999 -9999 -9999 35 35 35 36 36 36 37 37 39 39 39 41 41 41 41 41 39 39 39 38 38 36 36 36 34 34 34 32 32 30 30 30 29 29 29 29 29 28 28 28 27 27 25 25 25 22 22 22 18 18 12 12 12 0 0 4 4 4 0
-9999 -9999 -9999 -9999 -9999 -9999 -9999 -9999 -9999 76 76 62 62 62 53 53 53 -9999 -9999 -9999 -9999 -9999 -9999 -9999 -9999 -9999 -9999 -9999 -9999 -9999 -9999 -9999 -9999 -9999 -9999 -9999 -9999 -9999 -9999 -9999 -9999 -9999 -9999 -9999 -9999 -9999 39 39 41 41 41 41 41 39 39 39 38 38 36 36 36 34 34 34 32 32 30 30 30 29 29 29 29 29 28 28 28 27 27 25 25 25 22 22 22 18 18 12 12 12 0 0 4 4 4 0
-9999 -9999 -9999 -9999 -9999 -9999 -9999 -9999 -9999 -9999 -9999 -9999 -9999 -9999 -9999 -9999 -9999 -9999 -9999 -9999 -9999 -9999 -9999 -9999 -9999 -9999 -9999 -9999 -9999 -9999 -9999 -9999 -9999 -9999 -9999 -9999 -9999 -9999 -9999 -9999 -9999 -9999 -9999 -9999 -9999 -9999 -9999 39 41 41 41 41 41 40 40 40 39 39 37 37 37 36 36 36 35 35 33 33 33 31 31 30 30 30 30 30 30 29 29 27 27 27 24 24 24 19 19 14 14 14 9 9 5 5 5 0
-9999 -9999 -9999 -9999 -9999 -9999 -9999 -9999 -9999 -9999 -9999 -9999 -9999 -9999 -9999 -9999 -9999 -9999 -9999 -9999 -9999 -9999 -9999 -9999 -9999 -9999 -9999 -9999 -9999 -9999 -9999 -9999 -9999 -9999 -9999 -9999 -9999 -9999 -9999 -9999 -9999 -9999 -9999 -9999 -9999 -9999 -9999 39 41 41 41 41 41 40 40 40 39 39 37 37 37 36 36 36 35 35 33 33 33 31 31 30 30 30 30 30 30 29 29 27 27 27 24 24 24 19 19 14 14 14 9 9 5 5 5 0
