SEB_model/sample_data_files/historical_long/hillshade_historical_long/sep6am.txt
ncols         768
nrows         486
xllcorner     388353.95236715
yllcorner     7583725.4876181
cellsize      5
NODATA_value  -9999
[rows 123 to 163 of 486, columns 460 to 551 of 768]
51 56 56 56 69 69 69 64 64 65 65 65 64 64 63 63 63 71 71 71 64 64 65 65 65 74 74 74 66 66 67 67 67 68 68 69 69 69 80 80 80 68 68 66 66 66 66 66 69 69 69 80 80 80 70 70 71 71 71 81 81 81 71 71 70 70 70 69 69 68 68 68 76 76 76 66 66 71 71 71 77 77 82 82 82 92 92 92 79 79 79 79
51 56 56 56 69 69 69 64 64 65 65 65 64 64 63 63 63 71 71 71 64 64 65 65 65 74 74 74 66 66 67 67 67 68 68 69 69 69 80 80 80 68 68 66 66 66 66 66 69 69 69 80 80 80 70 70 71 71 71 81 81 81 71 71 70 70 70 69 69 68 68 68 76 76 76 66 66 71 71 71 77 77 82 82 82 92 92 92 79 79 79 79
50 55 55 55 68 68 68 63 63 66 66 66 67 67 66 66 66 75 75 75 67 67 66 66 66 71 71 71 61 61 64 64 64 68 68 71 71 71 81 81 81 69 69 67 67 67 66 66 67 67 67 77 77 77 69 69 69 69 69 79 79 79 69 69 69 69 69 69 69 69 69 69 77 77 77 68 68 70 70 70 73 73 77 77 77 87 87 87 76 76 77 77
50 55 55 55 68 68 68 63 63 66 66 66 67 67 66 66 66 75 75 75 67 67 66 66 66 71 71 71 61 61 64 64 64 68 68 71 71 71 81 81 81 69 69 67 67 67 66 66 67 67 67 77 77 77 69 69 69 69 69 79 79 79 69 69 69 69 69 69 69 69 69 69 77 77 77 68 68 70 70 70 73 73 77 77 77 87 87 87 76 76 77 77
50 55 55 55 68 68 68 63 63 67 67 67 68 68 69 69 69 77 77 77 68 68 64 64 64 67 67 67 58 58 62 62 62 67 67 71 71 71 80 80 80 70 70 68 68 68 67 67 66 66 66 75 75 75 68 68 68 68 68 77 77 77 68 68 68 68 68 68 68 68 68 68 77 77 77 69 69 71 71 71 73 73 75 75 75 84 84 84 73 73 74 74
50 55 55 55 68 68 68 63 63 67 67 67 68 68 69 69 69 77 77 77 68 68 64 64 64 67 67 67 58 58 62 62 62 67 67 71 71 71 80 80 80 70 70 68 68 68 67 67 66 66 66 75 75 75 68 68 68 68 68 77 77 77 68 68 68 68 68 68 68 68 68 68 77 77 77 69 69 71 71 71 73 73 75 75 75 84 84 84 73 73 74 74
50 55 55 55 68 68 68 63 63 67 67 67 68 68 69 69 69 77 77 77 68 68 64 64 64 67 67 67 58 58 62 62 62 67 67 71 71 71 80 80 80 70 70 68 68 68 67 67 66 66 66 75 75 75 68 68 68 68 68 77 77 77 68 68 68 68 68 68 68 68 68 68 77 77 77 69 69 71 71 71 73 73 75 75 75 84 84 84 73 73 74 74
51 56 56 56 68 68 68 63 63 67 67 67 68 68 69 69 69 76 76 76 65 65 62 62 62 67 67 67 60 60 63 63 63 66 66 69 69 69 77 77 77 69 69 69 69 69 67 67 66 66 66 75 75 75 67 67 66 66 66 74 74 74 66 66 67 67 67 67 67 67 67 67 77 77 77 70 70 72 72 72 73 73 74 74 74 82 82 82 71 71 70 70
51 56 56 56 68 68 68 63 63 67 67 67 68 68 69 69 69 76 76 76 65 65 62 62 62 67 67 67 60 60 63 63 63 66 66 69 69 69 77 77 77 69 69 69 69 69 67 67 66 66 66 75 75 75 67 67 66 66 66 74 74 74 66 66 67 67 67 67 67 67 67 67 77 77 77 70 70 72 72 72 73 73 74 74 74 82 82 82 71 71 70 70
52 57 57 57 69 69 69 65 65 67 67 67 67 67 66 66 66 72 72 72 62 62 61 61 61 70 70 70 63 63 65 65 65 66 66 67 67 67 75 75 75 67 67 67 67 67 67 67 66 66 66 74 74 74 65 65 64 64 64 72 72 72 65 65 66 66 66 67 67 68 68 68 77 77 77 70 70 71 71 71 72 72 72 72 72 81 81 81 70 70 67 67
52 57 57 57 69 69 69 65 65 67 67 67 67 67 66 66 66 72 72 72 62 62 61 61 61 70 70 70 63 63 65 65 65 66 66 67 67 67 75 75 75 67 67 67 67 67 67 67 66 66 66 74 74 74 65 65 64 64 64 72 72 72 65 65 66 66 66 67 67 68 68 68 77 77 77 70 70 71 71 71 72 72 72 72 72 81 81 81 70 70 67 67
52 57 57 57 69 69 69 65 65 67 67 67 67 67 66 66 66 72 72 72 62 62 61 61 61 70 70 70 63 63 65 65 65 66 66 67 67 67 75 75 75 67 67 67 67 67 67 67 66 66 66 74 74 74 65 65 64 64 64 72 72 72 65 65 66 66 66 67 67 68 68 68 77 77 77 70 70 71 71 71 72 72 72 72 72 81 81 81 70 70 67 67
55 62 62 62 74 74 74 68 68 67 67 67 65 65 63 63 63 69 69 69 59 59 60 60 60 70 70 70 64 64 65 65 65 66 66 67 67 67 75 75 75 65 65 65 65 65 65 65 64 64 64 70 70 70 61 61 61 61 61 71 71 71 66 66 68 68 68 69 69 69 69 69 78 78 78 70 70 70 70 70 70 70 69 69 69 79 79 79 70 70 68 68
55 62 62 62 74 74 74 68 68 67 67 67 65 65 63 63 63 69 69 69 59 59 60 60 60 70 70 70 64 64 65 65 65 66 66 67 67 67 75 75 75 65 65 65 65 65 65 65 64 64 64 70 70 70 61 61 61 61 61 71 71 71 66 66 68 68 68 69 69 69 69 69 78 78 78 70 70 70 70 70 70 70 69 69 69 79 79 79 70 70 68 68
55 62 62 62 74 74 74 68 68 67 67 67 65 65 63 63 63 69 69 69 59 59 60 60 60 70 70 70 64 64 65 65 65 66 66 67 67 67 75 75 75 65 65 65 65 65 65 65 64 64 64 70 70 70 61 61 61 61 61 71 71 71 66 66 68 68 68 69 69 69 69 69 78 78 78 70 70 70 70 70 70 70 69 69 69 79 79 79 70 70 68 68
61 68 68 68 79 79 79 71 71 66 66 66 62 62 60 60 60 66 66 66 57 57 57 57 57 67 67 67 62 62 65 65 65 67 67 67 67 67 75 75 75 65 65 64 64 64 63 63 61 61 61 64 64 64 54 54 57 57 57 73 73 73 69 69 70 70 70 71 71 70 70 70 79 79 79 69 69 68 68 68 67 67 66 66 66 77 77 77 70 70 69 69
61 68 68 68 79 79 79 71 71 66 66 66 62 62 60 60 60 66 66 66 57 57 57 57 57 67 67 67 62 62 65 65 65 67 67 67 67 67 75 75 75 65 65 64 64 64 63 63 61 61 61 64 64 64 54 54 57 57 57 73 73 73 69 69 70 70 70 71 71 70 70 70 79 79 79 69 69 68 68 68 67 67 66 66 66 77 77 77 70 70 69 69
70 75 75 75 82 82 82 70 70 63 63 63 58 58 57 57 57 64 64 64 55 55 55 55 55 65 65 65 61 61 65 65 65 67 67 67 67 67 75 75 75 66 66 63 63 63 61 61 57 57 57 59 59 59 47 47 54 54 54 74 74 74 71 71 72 72 72 71 71 71 71 71 78 78 78 68 68 66 66 66 64 64 65 65 65 77 77 77 71 71 71 71
70 75 75 75 82 82 82 70 70 63 63 63 58 58 57 57 57 64 64 64 55 55 55 55 55 65 65 65 61 61 65 65 65 67 67 67 67 67 75 75 75 66 66 63 63 63 61 61 57 57 57 59 59 59 47 47 54 54 54 74 74 74 71 71 72 72 72 71 71 71 71 71 78 78 78 68 68 66 66 66 64 64 65 65 65 77 77 77 71 71 71 71
70 75 75 75 82 82 82 70 70 63 63 63 58 58 57 57 57 64 64 64 55 55 55 55 55 65 65 65 61 61 65 65 65 67 67 67 67 67 75 75 75 66 66 63 63 63 61 61 57 57 57 59 59 59 47 47 54 54 54 74 74 74 71 71 72 72 72 71 71 71 71 71 78 78 78 68 68 66 66 66 64 64 65 65 65 77 77 77 71 71 71 71
76 78 78 78 82 82 82 67 67 59 59 59 55 55 56 56 56 64 64 64 57 57 57 57 57 66 66 66 61 61 64 64 64 65 65 64 64 64 73 73 73 64 64 61 61 61 59 59 57 57 57 60 60 60 46 46 53 53 53 73 73 73 71 71 72 72 72 72 72 72 72 72 79 79 79 68 68 65 65 65 63 63 65 65 65 78 78 78 71 71 72 72
76 78 78 78 82 82 82 67 67 59 59 59 55 55 56 56 56 64 64 64 57 57 57 57 57 66 66 66 61 61 64 64 64 65 65 64 64 64 73 73 73 64 64 61 61 61 59 59 57 57 57 60 60 60 46 46 53 53 53 73 73 73 71 71 72 72 72 72 72 72 72 72 79 79 79 68 68 65 65 65 63 63 65 65 65 78 78 78 71 71 72 72
78 79 79 79 82 82 82 67 67 61 61 61 58 58 59 59 59 67 67 67 59 59 59 59 59 67 67 67 60 60 61 61 61 61 61 61 61 61 70 70 70 61 61 59 59 59 59 59 60 60 60 64 64 64 50 50 52 52 52 70 70 70 68 68 70 70 70 71 71 71 71 71 79 79 79 69 69 67 67 67 64 64 65 65 65 77 77 77 70 70 70 70
78 79 79 79 82 82 82 67 67 61 61 61 58 58 59 59 59 67 67 67 59 59 59 59 59 67 67 67 60 60 61 61 61 61 61 61 61 61 70 70 70 61 61 59 59 59 59 59 60 60 60 64 64 64 50 50 52 52 52 70 70 70 68 68 70 70 70 71 71 71 71 71 79 79 79 69 69 67 67 67 64 64 65 65 65 77 77 77 70 70 70 70
78 79 79 79 82 82 82 67 67 61 61 61 58 58 59 59 59 67 67 67 59 59 59 59 59 67 67 67 60 60 61 61 61 61 61 61 61 61 70 70 70 61 61 59 59 59 59 59 60 60 60 64 64 64 50 50 52 52 52 70 70 70 68 68 70 70 70 71 71 71 71 71 79 79 79 69 69 67 67 67 64 64 65 65 65 77 77 77 70 70 70 70
73 76 76 76 84 84 84 73 73 69 69 69 65 65 64 64 64 71 71 71 60 60 58 58 58 65 65 65 58 58 58 58 58 58 58 59 59 59 67 67 67 58 58 58 58 58 60 60 61 61 61 64 64 64 52 52 53 53 53 68 68 68 66 66 69 69 69 71 71 70 70 70 78 78 78 70 70 68 68 68 67 67 65 65 65 75 75 75 68 68 70 70
73 76 76 76 84 84 84 73 73 69 69 69 65 65 64 64 64 71 71 71 60 60 58 58 58 65 65 65 58 58 58 58 58 58 58 59 59 59 67 67 67 58 58 58 58 58 60 60 61 61 61 64 64 64 52 52 53 53 53 68 68 68 66 66 69 69 69 71 71 70 70 70 78 78 78 70 70 68 68 68 67 67 65 65 65 75 75 75 68 68 70 70
73 76 76 76 84 84 84 73 73 69 69 69 65 65 64 64 64 71 71 71 60 60 58 58 58 65 65 65 58 58 58 58 58 58 58 59 59 59 67 67 67 58 58 58 58 58 60 60 61 61 61 64 64 64 52 52 53 53 53 68 68 68 66 66 69 69 69 71 71 70 70 70 78 78 78 70 70 68 68 68 67 67 65 65 65 75 75 75 68 68 70 70
67 73 73 73 86 86 86 81 81 78 78 78 72 72 68 68 68 73 73 73 61 61 58 58 58 64 64 64 57 57 58 58 58 58 58 58 58 58 65 65 65 57 57 58 58 58 59 59 58 58 58 59 59 59 51 51 56 56 56 70 70 70 66 66 68 68 68 69 69 69 69 69 77 77 77 69 69 69 69 69 67 67 64 64 64 74 74 74 69 69 72 72
67 73 73 73 86 86 86 81 81 78 78 78 72 72 68 68 68 73 73 73 61 61 58 58 58 64 64 64 57 57 58 58 58 58 58 58 58 58 65 65 65 57 57 58 58 58 59 59 58 58 58 59 59 59 51 51 56 56 56 70 70 70 66 66 68 68 68 69 69 69 69 69 77 77 77 69 69 69 69 69 67 67 64 64 64 74 74 74 69 69 72 72
64 71 71 71 87 87 87 86 86 86 86 86 80 80 72 72 72 75 75 75 64 64 60 60 60 66 66 66 58 58 57 57 57 56 56 56 56 56 64 64 64 58 58 58 58 58 56 56 52 52 52 54 54 54 48 48 59 59 59 74 74 74 68 68 68 68 68 67 67 68 68 68 77 77 77 68 68 68 68 68 66 66 63 63 63 74 74 74 71 71 74 74
64 71 71 71 87 87 87 86 86 86 86 86 80 80 72 72 72 75 75 75 64 64 60 60 60 66 66 66 58 58 57 57 57 56 56 56 56 56 64 64 64 58 58 58 58 58 56 56 52 52 52 54 54 54 48 48 59 59 59 74 74 74 68 68 68 68 68 67 67 68 68 68 77 77 77 68 68 68 68 68 66 66 63 63 63 74 74 74 71 71 74 74
64 71 71 71 87 87 87 86 86 86 86 86 80 80 72 72 72 75 75 75 64 64 60 60 60 66 66 66 58 58 57 57 57 56 56 56 56 56 64 64 64 58 58 58 58 58 56 56 52 52 52 54 54 54 48 48 59 59 59 74 74 74 68 68 68 68 68 67 67 68 68 68 77 77 77 68 68 68 68 68 66 66 63 63 63 74 74 74 71 71 74 74
65 71 71 71 86 86 86 84 84 88 88 88 87 87 79 79 79 79 79 79 67 67 62 62 62 68 68 68 60 60 56 56 56 54 54 54 54 54 63 63 63 57 57 56 56 56 53 53 49 49 49 53 53 53 49 49 60 60 60 75 75 75 69 69 68 68 68 66 66 68 68 68 77 77 77 68 68 67 67 67 65 65 63 63 63 74 74 74 70 70 72 72
65 71 71 71 86 86 86 84 84 88 88 88 87 87 79 79 79 79 79 79 67 67 62 62 62 68 68 68 60 60 56 56 56 54 54 54 54 54 63 63 63 57 57 56 56 56 53 53 49 49 49 53 53 53 49 49 60 60 60 75 75 75 69 69 68 68 68 66 66 68 68 68 77 77 77 68 68 67 67 67 65 65 63 63 63 74 74 74 70 70 72 72
65 71 71 71 86 86 86 84 84 88 88 88 87 87 79 79 79 79 79 79 67 67 62 62 62 68 68 68 60 60 56 56 56 54 54 54 54 54 63 63 63 57 57 56 56 56 53 53 49 49 49 53 53 53 49 49 60 60 60 75 75 75 69 69 68 68 68 66 66 68 68 68 77 77 77 68 68 67 67 67 65 65 63 63 63 74 74 74 70 70 72 72
68 72 72 72 83 83 83 79 79 85 85 85 89 89 85 85 85 86 86 86 70 70 64 64 64 69 69 69 60 60 56 56 56 53 53 53 53 53 61 61 61 55 55 54 54 54 51 51 49 49 49 57 57 57 54 54 59 59 59 72 72 72 67 67 68 68 68 67 67 68 68 68 76 76 76 67 67 66 66 66 66 66 66 66 66 75 75 75 68 68 68 68
68 72 72 72 83 83 83 79 79 85 85 85 89 89 85 85 85 86 86 86 70 70 64 64 64 69 69 69 60 60 56 56 56 53 53 53 53 53 61 61 61 55 55 54 54 54 51 51 49 49 49 57 57 57 54 54 59 59 59 72 72 72 67 67 68 68 68 67 67 68 68 68 76 76 76 67 67 66 66 66 66 66 66 66 66 75 75 75 68 68 68 68
67 70 70 70 79 79 79 71 71 75 75 75 83 83 86 86 86 91 91 91 75 75 66 66 66 69 69 69 59 59 58 58 58 56 56 54 54 54 61 61 61 54 54 52 52 52 52 52 53 53 53 63 63 63 58 58 60 60 60 69 69 69 64 64 67 67 67 68 68 67 67 67 74 74 74 66 66 66 66 66 67 67 67 67 67 75 75 75 65 65 64 64
67 70 70 70 79 79 79 71 71 75 75 75 83 83 86 86 86 91 91 91 75 75 66 66 66 69 69 69 59 59 58 58 58 56 56 54 54 54 61 61 61 54 54 52 52 52 52 52 53 53 53 63 63 63 58 58 60 60 60 69 69 69 64 64 67 67 67 68 68 67 67 67 74 74 74 66 66 66 66 66 67 67 67 67 67 75 75 75 65 65 64 64
67 70 70 70 79 79 79 71 71 75 75 75 83 83 86 86 86 91 91 91 75 75 66 66 66 69 69 69 59 59 58 58 58 56 56 54 54 54 61 61 61 54 54 52 52 52 52 52 53 53 53 63 63 63 58 58 60 60 60 69 69 69 64 64 67 67 67 68 68 67 67 67 74 74 74 66 66 66 66 66 67 67 67 67 67 75 75 75 65 65 64 64
