SEB_model/sample_data_files/historical_long/hillshade_historical_long/sep6am.txt
ncols         768
nrows         486
xllcorner     388353.95236715
yllcorner     7583725.4876181
cellsize      5
NODATA_value  -9999
[rows 164 to 204 of 486, columns 368 to 459 of 768]
48 48 49 49 47 47 47 54 54 54 48 48 45 45 45 39 39 33 33 33 0 0 0 23 23 36 36 36 68 68 68 81 81 80 80 80 67 67 52 52 52 47 47 47 29 29 29 29 29 44 44 58 58 58 72 72 72 64 64 67 67 67 85 85 85 83 83 78 78 78 69 69 61 61 61 67 67 67 63 63 65 65 65 66 66 66 64 64 71 71 71 65
48 48 49 49 47 47 47 54 54 54 48 48 45 45 45 39 39 33 33 33 0 0 0 23 23 36 36 36 68 68 68 81 81 80 80 80 67 67 52 52 52 47 47 47 29 29 29 29 29 44 44 58 58 58 72 72 72 64 64 67 67 67 85 85 85 83 83 78 78 78 69 69 61 61 61 67 67 67 63 63 65 65 65 66 66 66 64 64 71 71 71 65
41 41 40 40 40 40 40 48 48 48 36 36 22 22 22 9 9 12 12 12 36 36 36 62 62 90 90 90 109 109 109 101 101 87 87 87 71 71 58 58 58 54 54 54 28 28 19 19 19 27 27 47 47 47 76 76 76 80 80 86 86 86 95 95 95 88 88 83 83 83 75 75 66 66 66 65 65 65 61 61 67 67 67 64 64 64 59 59 67 67 67 62
41 41 40 40 40 40 40 48 48 48 36 36 22 22 22 9 9 12 12 12 36 36 36 62 62 90 90 90 109 109 109 101 101 87 87 87 71 71 58 58 58 54 54 54 28 28 19 19 19 27 27 47 47 47 76 76 76 80 80 86 86 86 95 95 95 88 88 83 83 83 75 75 66 66 66 65 65 65 61 61 67 67 67 64 64 64 59 59 67 67 67 62
41 41 40 40 40 40 40 48 48 48 36 36 22 22 22 9 9 12 12 12 36 36 36 62 62 90 90 90 109 109 109 101 101 87 87 87 71 71 58 58 58 54 54 54 28 28 19 19 19 27 27 47 47 47 76 76 76 80 80 86 86 86 95 95 95 88 88 83 83 83 75 75 66 66 66 65 65 65 61 61 67 67 67 64 64 64 59 59 67 67 67 62
40 40 38 38 37 37 37 41 41 41 0 0 0 0 0 0 0 13 13 13 66 66 66 111 111 130 130 130 126 126 126 99 99 79 79 79 68 68 65 65 65 70 70 70 51 51 41 41 41 36 36 41 41 41 63 63 63 71 71 81 81 81 86 86 86 77 77 76 76 76 74 74 70 70 70 69 69 69 62 62 64 64 64 58 58 58 51 51 60 60 60 57
40 40 38 38 37 37 37 41 41 41 0 0 0 0 0 0 0 13 13 13 66 66 66 111 111 130 130 130 126 126 126 99 99 79 79 79 68 68 65 65 65 70 70 70 51 51 41 41 41 36 36 41 41 41 63 63 63 71 71 81 81 81 86 86 86 77 77 76 76 76 74 74 70 70 70 69 69 69 62 62 64 64 64 58 58 58 51 51 60 60 60 57
40 40 38 38 37 37 37 41 41 41 0 0 0 0 0 0 0 13 13 13 66 66 66 111 111 130 130 130 126 126 126 99 99 79 79 79 68 68 65 65 65 70 70 70 51 51 41 41 41 36 36 41 41 41 63 63 63 71 71 81 81 81 86 86 86 77 77 76 76 76 74 74 70 70 70 69 69 69 62 62 64 64 64 58 58 58 51 51 60 60 60 57
46 46 43 43 38 38 38 37 37 37 23 23 16 16 16 15 15 36 36 36 88 88 88 119 119 127 127 127 112 112 112 78 78 65 65 65 63 63 67 67 67 80 80 80 71 71 68 68 68 61 61 56 56 56 65 65 65 63 63 68 68 68 72 72 72 63 63 64 64 64 67 67 67 67 67 73 73 73 65 65 65 65 65 58 58 58 47 47 53 53 53 52
46 46 43 43 38 38 38 37 37 37 23 23 16 16 16 15 15 36 36 36 88 88 88 119 119 127 127 127 112 112 112 78 78 65 65 65 63 63 67 67 67 80 80 80 71 71 68 68 68 61 61 56 56 56 65 65 65 63 63 68 68 68 72 72 72 63 63 64 64 64 67 67 67 67 67 73 73 73 65 65 65 65 65 58 58 58 47 47 53 53 53 52
52 52 49 49 44 44 44 46 46 46 37 37 37 37 37 41 41 57 57 57 91 91 91 104 104 99 99 99 82 82 82 58 58 58 58 58 61 61 68 68 68 82 82 82 74 74 76 76 76 76 76 73 73 73 77 77 77 64 64 59 59 59 60 60 60 52 52 55 55 55 59 59 63 63 63 74 74 74 69 69 70 70 70 63 63 63 46 46 51 51 51 49
52 52 49 49 44 44 44 46 46 46 37 37 37 37 37 41 41 57 57 57 91 91 91 104 104 99 99 99 82 82 82 58 58 58 58 58 61 61 68 68 68 82 82 82 74 74 76 76 76 76 76 73 73 73 77 77 77 64 64 59 59 59 60 60 60 52 52 55 55 55 59 59 63 63 63 74 74 74 69 69 70 70 70 63 63 63 46 46 51 51 51 49
52 52 49 49 44 44 44 46 46 46 37 37 37 37 37 41 41 57 57 57 91 91 91 104 104 99 99 99 82 82 82 58 58 58 58 58 61 61 68 68 68 82 82 82 74 74 76 76 76 76 76 73 73 73 77 77 77 64 64 59 59 59 60 60 60 52 52 55 55 55 59 59 63 63 63 74 74 74 69 69 70 70 70 63 63 63 46 46 51 51 51 49
54 54 53 53 51 51 51 57 57 57 52 52 53 53 53 55 55 61 61 61 79 79 79 76 76 67 67 67 64 64 64 54 54 57 57 57 61 61 68 68 68 81 81 81 72 72 74 74 74 77 77 77 77 77 84 84 84 68 68 59 59 59 56 56 56 46 46 50 50 50 54 54 61 61 61 75 75 75 70 70 71 71 71 64 64 64 50 50 55 55 55 52
54 54 53 53 51 51 51 57 57 57 52 52 53 53 53 55 55 61 61 61 79 79 79 76 76 67 67 67 64 64 64 54 54 57 57 57 61 61 68 68 68 81 81 81 72 72 74 74 74 77 77 77 77 77 84 84 84 68 68 59 59 59 56 56 56 46 46 50 50 50 54 54 61 61 61 75 75 75 70 70 71 71 71 64 64 64 50 50 55 55 55 52
53 53 53 53 52 52 52 58 58 58 53 53 54 54 54 53 53 54 54 54 62 62 62 55 55 55 55 55 61 61 61 55 55 57 57 57 61 61 66 66 66 76 76 76 68 68 69 69 69 71 71 75 75 75 87 87 87 76 76 65 65 65 54 54 54 39 39 44 44 44 51 51 61 61 61 74 74 74 69 69 69 69 69 65 65 65 56 56 62 62 62 58
53 53 53 53 52 52 52 58 58 58 53 53 54 54 54 53 53 54 54 54 62 62 62 55 55 55 55 55 61 61 61 55 55 57 57 57 61 61 66 66 66 76 76 76 68 68 69 69 69 71 71 75 75 75 87 87 87 76 76 65 65 65 54 54 54 39 39 44 44 44 51 51 61 61 61 74 74 74 69 69 69 69 69 65 65 65 56 56 62 62 62 58
53 53 53 53 52 52 52 58 58 58 53 53 54 54 54 53 53 54 54 54 62 62 62 55 55 55 55 55 61 61 61 55 55 57 57 57 61 61 66 66 66 76 76 76 68 68 69 69 69 71 71 75 75 75 87 87 87 76 76 65 65 65 54 54 54 39 39 44 44 44 51 51 61 61 61 74 74 74 69 69 69 69 69 65 65 65 56 56 62 62 62 58
51 51 50 50 49 49 49 54 54 54 49 49 50 50 50 50 50 51 51 51 58 58 58 53 53 55 55 55 63 63 63 57 57 59 59 59 61 61 63 63 63 73 73 73 65 65 66 66 66 67 67 72 72 72 88 88 88 82 82 72 72 72 54 54 54 34 34 41 41 41 51 51 64 64 64 78 78 78 71 71 70 70 70 67 67 67 62 62 69 69 69 62
51 51 50 50 49 49 49 54 54 54 49 49 50 50 50 50 50 51 51 51 58 58 58 53 53 55 55 55 63 63 63 57 57 59 59 59 61 61 63 63 63 73 73 73 65 65 66 66 66 67 67 72 72 72 88 88 88 82 82 72 72 72 54 54 54 34 34 41 41 41 51 51 64 64 64 78 78 78 71 71 70 70 70 67 67 67 62 62 69 69 69 62
51 51 50 50 49 49 49 54 54 54 49 49 50 50 50 50 50 51 51 51 58 58 58 53 53 55 55 55 63 63 63 57 57 59 59 59 61 61 63 63 63 73 73 73 65 65 66 66 66 67 67 72 72 72 88 88 88 82 82 72 72 72 54 54 54 34 34 41 41 41 51 51 64 64 64 78 78 78 71 71 70 70 70 67 67 67 62 62 69 69 69 62
47 47 47 47 46 46 46 52 52 52 46 46 47 47 47 49 49 52 52 52 60 60 60 53 53 54 54 54 63 63 63 58 58 59 59 59 60 60 60 60 60 68 68 68 61 61 61 61 61 61 61 64 64 64 80 80 80 77 77 72 72 72 59 59 59 38 38 43 43 43 53 53 66 66 66 80 80 80 72 72 72 72 72 70 70 70 66 66 74 74 74 65
47 47 47 47 46 46 46 52 52 52 46 46 47 47 47 49 49 52 52 52 60 60 60 53 53 54 54 54 63 63 63 58 58 59 59 59 60 60 60 60 60 68 68 68 61 61 61 61 61 61 61 64 64 64 80 80 80 77 77 72 72 72 59 59 59 38 38 43 43 43 53 53 66 66 66 80 80 80 72 72 72 72 72 70 70 70 66 66 74 74 74 65
44 44 45 45 46 46 46 52 52 52 46 46 46 46 46 47 47 51 51 51 60 60 60 53 53 53 53 53 62 62 62 57 57 59 59 59 59 59 57 57 57 62 62 62 54 54 53 53 53 52 52 53 53 53 66 66 66 68 68 70 70 70 67 67 67 49 49 49 49 49 57 57 67 67 67 81 81 81 73 73 74 74 74 73 73 73 70 70 79 79 79 69
44 44 45 45 46 46 46 52 52 52 46 46 46 46 46 47 47 51 51 51 60 60 60 53 53 53 53 53 62 62 62 57 57 59 59 59 59 59 57 57 57 62 62 62 54 54 53 53 53 52 52 53 53 53 66 66 66 68 68 70 70 70 67 67 67 49 49 49 49 49 57 57 67 67 67 81 81 81 73 73 74 74 74 73 73 73 70 70 79 79 79 69
44 44 45 45 46 46 46 52 52 52 46 46 46 46 46 47 47 51 51 51 60 60 60 53 53 53 53 53 62 62 62 57 57 59 59 59 59 59 57 57 57 62 62 62 54 54 53 53 53 52 52 53 53 53 66 66 66 68 68 70 70 70 67 67 67 49 49 49 49 49 57 57 67 67 67 81 81 81 73 73 74 74 74 73 73 73 70 70 79 79 79 69
42 42 45 45 46 46 46 53 53 53 48 48 48 48 48 49 49 52 52 52 61 61 61 54 54 54 54 54 64 64 64 59 59 59 59 59 58 58 56 56 56 60 60 60 51 51 48 48 48 47 47 47 47 47 60 60 60 68 68 76 76 76 77 77 77 60 60 59 59 59 63 63 71 71 71 86 86 86 78 78 79 79 79 78 78 78 77 77 86 86 86 75
42 42 45 45 46 46 46 53 53 53 48 48 48 48 48 49 49 52 52 52 61 61 61 54 54 54 54 54 64 64 64 59 59 59 59 59 58 58 56 56 56 60 60 60 51 51 48 48 48 47 47 47 47 47 60 60 60 68 68 76 76 76 77 77 77 60 60 59 59 59 63 63 71 71 71 86 86 86 78 78 79 79 79 78 78 78 77 77 86 86 86 75
42 42 45 45 46 46 46 53 53 53 48 48 48 48 48 49 49 52 52 52 61 61 61 54 54 54 54 54 64 64 64 59 59 59 59 59 58 58 56 56 56 60 60 60 51 51 48 48 48 47 47 47 47 47 60 60 60 68 68 76 76 76 77 77 77 60 60 59 59 59 63 63 71 71 71 86 86 86 78 78 79 79 79 78 78 78 77 77 86 86 86 75
40 40 44 44 46 46 46 53 53 53 49 49 50 50 50 51 51 53 53 53 60 60 60 53 53 54 54 54 66 66 66 60 60 59 59 59 57 57 54 54 54 58 58 58 49 49 46 46 46 44 44 45 45 45 59 59 59 66 66 73 73 73 77 77 77 63 63 64 64 64 68 68 75 75 75 91 91 91 82 82 83 83 83 83 83 83 81 81 91 91 91 80
40 40 44 44 46 46 46 53 53 53 49 49 50 50 50 51 51 53 53 53 60 60 60 53 53 54 54 54 66 66 66 60 60 59 59 59 57 57 54 54 54 58 58 58 49 49 46 46 46 44 44 45 45 45 59 59 59 66 66 73 73 73 77 77 77 63 63 64 64 64 68 68 75 75 75 91 91 91 82 82 83 83 83 83 83 83 81 81 91 91 91 80
42 42 46 46 47 47 47 55 55 55 50 50 51 51 51 52 52 53 53 53 59 59 59 53 53 55 55 55 69 69 69 62 62 58 58 58 55 55 52 52 52 56 56 56 48 48 46 46 46 45 45 47 47 47 59 59 59 60 60 65 65 65 71 71 71 61 61 65 65 65 71 71 80 80 80 97 97 97 87 87 88 88 88 87 87 87 85 85 95 95 95 83
42 42 46 46 47 47 47 55 55 55 50 50 51 51 51 52 52 53 53 53 59 59 59 53 53 55 55 55 69 69 69 62 62 58 58 58 55 55 52 52 52 56 56 56 48 48 46 46 46 45 45 47 47 47 59 59 59 60 60 65 65 65 71 71 71 61 61 65 65 65 71 71 80 80 80 97 97 97 87 87 88 88 88 87 87 87 85 85 95 95 95 83
42 42 46 46 47 47 47 55 55 55 50 50 51 51 51 52 52 53 53 53 59 59 59 53 53 55 55 55 69 69 69 62 62 58 58 58 55 55 52 52 52 56 56 56 48 48 46 46 46 45 45 47 47 47 59 59 59 60 60 65 65 65 71 71 71 61 61 65 65 65 71 71 80 80 80 97 97 97 87 87 88 88 88 87 87 87 85 85 95 95 95 83
50 50 52 52 52 52 52 57 57 57 50 50 50 50 50 52 52 53 53 53 61 61 61 55 55 59 59 59 72 72 72 64 64 57 57 57 53 53 50 50 50 54 54 54 47 47 47 47 47 47 47 48 48 48 57 57 57 54 54 58 58 58 66 66 66 58 58 63 63 63 72 72 86 86 86 104 104 104 92 92 92 92 92 91 91 91 88 88 97 97 97 84
50 50 52 52 52 52 52 57 57 57 50 50 50 50 50 52 52 53 53 53 61 61 61 55 55 59 59 59 72 72 72 64 64 57 57 57 53 53 50 50 50 54 54 54 47 47 47 47 47 47 47 48 48 48 57 57 57 54 54 58 58 58 66 66 66 58 58 63 63 63 72 72 86 86 86 104 104 104 92 92 92 92 92 91 91 91 88 88 97 97 97 84
58 58 57 57 54 54 54 58 58 58 50 50 49 49 49 50 50 52 52 52 61 61 61 58 58 63 63 63 75 75 75 65 65 54 54 54 48 48 46 46 46 50 50 50 46 46 46 46 46 47 47 47 47 47 53 53 53 49 49 53 53 53 61 61 61 54 54 61 61 61 73 73 91 91 91 109 109 109 96 96 95 95 95 93 93 93 88 88 96 96 96 82
58 58 57 57 54 54 54 58 58 58 50 50 49 49 49 50 50 52 52 52 61 61 61 58 58 63 63 63 75 75 75 65 65 54 54 54 48 48 46 46 46 50 50 50 46 46 46 46 46 47 47 47 47 47 53 53 53 49 49 53 53 53 61 61 61 54 54 61 61 61 73 73 91 91 91 109 109 109 96 96 95 95 95 93 93 93 88 88 96 96 96 82
58 58 57 57 54 54 54 58 58 58 50 50 49 49 49 50 50 52 52 52 61 61 61 58 58 63 63 63 75 75 75 65 65 54 54 54 48 48 46 46 46 50 50 50 46 46 46 46 46 47 47 47 47 47 53 53 53 49 49 53 53 53 61 61 61 54 54 61 61 61 73 73 91 91 91 109 109 109 96 96 95 95 95 93 93 93 88 88 96 96 96 82
63 63 59 59 56 56 56 59 59 59 51 51 50 50 50 50 50 52 52 52 63 63 63 60 60 66 66 66 79 79 79 66 66 51 51 51 45 45 44 44 44 50 50 50 46 46 47 47 47 48 48 46 46 46 51 51 51 48 48 51 51 51 60 60 60 56 56 64 64 64 76 76 95 95 95 113 113 113 100 100 98 98 98 96 96 96 87 87 93 93 93 80
63 63 59 59 56 56 56 59 59 59 51 51 50 50 50 50 50 52 52 52 63 63 63 60 60 66 66 66 79 79 79 66 66 51 51 51 45 45 44 44 44 50 50 50 46 46 47 47 47 48 48 46 46 46 51 51 51 48 48 51 51 51 60 60 60 56 56 64 64 64 76 76 95 95 95 113 113 113 100 100 98 98 98 96 96 96 87 87 93 93 93 80
