SEB_model/sample_data_files/historical_long/hillshade_historical_long/sep6am.txt
ncols         768
nrows         486
xllcorner     388353.95236715
yllcorner     7583725.4876181
cellsize      5
NODATA_value  -9999
[rows 246 to 286 of 486, columns 368 to 459 of 768]
56 56 57 57 58 58 58 56 56 56 51 51 49 49 49 50 50 52 52 52 44 44 44 34 34 36 36 36 40 40 40 45 45 53 53 53 57 57 55 55 55 50 50 50 40 40 31 31 31 21 21 20 20 20 30 30 30 0 0 37 37 37 52 52 52 58 58 79 79 79 93 93 109 109 109 120 120 120 100 100 97 97 97 93 93 93 86 86 88 88 88 77
56 56 57 57 58 58 58 56 56 56 51 51 49 49 49 50 50 52 52 52 44 44 44 34 34 36 36 36 40 40 40 45 45 53 53 53 57 57 55 55 55 50 50 50 40 40 31 31 31 21 21 20 20 20 30 30 30 0 0 37 37 37 52 52 52 58 58 79 79 79 93 93 109 109 109 120 120 120 100 100 97 97 97 93 93 93 86 86 88 88 88 77
56 56 58 58 58 58 58 56 56 56 52 52 49 49 49 51 51 46 46 46 31 31 31 28 28 36 36 36 43 43 43 46 46 52 52 52 55 55 52 52 52 45 45 45 0 0 18 18 18 9 9 14 14 14 29 29 29 32 32 31 31 31 43 43 43 49 49 75 75 75 97 97 119 119 119 130 130 130 106 106 99 99 99 93 93 93 84 84 87 87 87 75
56 56 58 58 58 58 58 56 56 56 52 52 49 49 49 51 51 46 46 46 31 31 31 28 28 36 36 36 43 43 43 46 46 52 52 52 55 55 52 52 52 45 45 45 0 0 18 18 18 9 9 14 14 14 29 29 29 32 32 31 31 31 43 43 43 49 49 75 75 75 97 97 119 119 119 130 130 130 106 106 99 99 99 93 93 93 84 84 87 87 87 75
57 57 58 58 58 58 58 56 56 56 52 52 51 51 51 53 53 0 0 0 20 20 20 23 23 39 39 39 50 50 50 50 50 54 54 54 56 56 52 52 52 44 44 44 0 0 10 10 10 7 7 18 18 18 33 33 33 35 35 33 33 33 44 44 44 51 51 87 87 87 119 119 140 140 140 145 145 145 114 114 104 104 104 95 95 95 84 84 87 87 87 75
57 57 58 58 58 58 58 56 56 56 52 52 51 51 51 53 53 0 0 0 20 20 20 23 23 39 39 39 50 50 50 50 50 54 54 54 56 56 52 52 52 44 44 44 0 0 10 10 10 7 7 18 18 18 33 33 33 35 35 33 33 33 44 44 44 51 51 87 87 87 119 119 140 140 140 145 145 145 114 114 104 104 104 95 95 95 84 84 87 87 87 75
57 57 58 58 58 58 58 56 56 56 52 52 51 51 51 53 53 0 0 0 20 20 20 23 23 39 39 39 50 50 50 50 50 54 54 54 56 56 52 52 52 44 44 44 0 0 10 10 10 7 7 18 18 18 33 33 33 35 35 33 33 33 44 44 44 51 51 87 87 87 119 119 140 140 140 145 145 145 114 114 104 104 104 95 95 95 84 84 87 87 87 75
57 57 58 58 59 59 59 57 57 57 53 53 52 52 52 56 56 0 0 0 16 16 16 22 22 40 40 40 51 51 51 50 50 54 54 54 55 55 48 48 48 39 39 39 0 0 9 9 9 11 11 22 22 22 35 35 35 36 36 34 34 34 45 45 45 57 57 102 102 102 133 133 145 145 145 147 147 147 116 116 103 103 103 93 93 93 83 83 87 87 87 76
-9999 -9999 -9999 -9999 -9999 59 59 57 57 57 53 53 52 52 52 56 56 0 0 0 16 16 16 22 22 40 40 40 51 51 51 50 50 54 54 54 55 55 48 48 48 39 39 39 0 0 9 9 9 11 11 22 22 22 35 35 35 36 36 34 34 34 45 45 45 57 57 102 102 102 133 133 145 145 145 147 147 147 116 116 103 103 103 93 93 93 83 83 87 87 87 76
-9999 -9999 -9999 -9999 -9999 60 60 58 58 58 54 54 54 54 54 53 53 0 0 0 17 17 17 24 24 37 37 37 44 44 44 47 47 51 51 51 50 50 39 39 39 0 0 0 0 0 9 9 9 15 15 26 26 26 38 38 38 35 35 32 32 32 44 44 44 56 56 96 96 96 119 119 130 130 130 141 141 141 116 116 97 97 97 86 86 86 80 80 87 87 87 78
-9999 -9999 -9999 -9999 60 60 60 58 58 58 54 54 54 54 54 53 53 0 0 0 17 17 17 24 24 37 37 37 44 44 44 47 47 51 51 51 50 50 39 39 39 0 0 0 0 0 9 9 9 15 15 26 26 26 38 38 38 35 35 32 32 32 44 44 44 56 56 96 96 96 119 119 130 130 130 141 141 141 116 116 97 97 97 86 86 86 80 80 87 87 87 78
-9999 -9999 59 59 60 60 60 58 58 58 54 54 54 54 54 53 53 0 0 0 17 17 17 24 24 37 37 37 44 44 44 47 47 51 51 51 50 50 39 39 39 0 0 0 0 0 9 9 9 15 15 26 26 26 38 38 38 35 35 32 32 32 44 44 44 56 56 96 96 96 119 119 130 130 130 141 141 141 116 116 97 97 97 86 86 86 80 80 87 87 87 78
58 58 60 60 60 60 60 57 57 57 55 55 55 55 55 48 48 30 30 30 24 24 24 32 32 35 35 35 39 39 39 45 45 52 52 52 50 50 32 32 32 0 0 0 0 0 10 10 10 23 23 38 38 38 49 49 49 42 42 36 36 36 48 48 48 55 55 86 86 86 111 111 132 132 132 150 150 150 124 124 94 94 94 84 84 84 83 83 94 94 94 85
58 58 60 60 60 60 60 57 57 57 55 55 55 55 55 48 48 30 30 30 24 24 24 32 32 35 35 35 39 39 39 45 45 52 52 52 50 50 32 32 32 0 0 0 0 0 10 10 10 23 23 38 38 38 49 49 49 42 42 36 36 36 48 48 48 55 55 86 86 86 111 111 132 132 132 150 150 150 124 124 94 94 94 84 84 84 83 83 94 94 94 85
58 58 60 60 60 60 60 57 57 57 55 55 55 55 55 48 48 30 30 30 24 24 24 32 32 35 35 35 39 39 39 45 45 52 52 52 50 50 32 32 32 0 0 0 0 0 10 10 10 23 23 38 38 38 49 49 49 42 42 36 36 36 48 48 48 55 55 86 86 86 111 111 132 132 132 150 150 150 124 124 94 94 94 84 84 84 83 83 94 94 94 85
59 59 61 61 60 60 60 56 56 56 54 54 52 52 52 40 40 0 0 0 32 32 32 39 39 34 34 34 32 32 32 40 40 48 48 48 49 49 0 0 0 0 0 0 0 0 10 10 10 28 28 45 45 45 56 56 56 46 46 39 39 39 49 49 49 53 53 80 80 80 111 111 136 136 136 148 148 148 117 117 87 87 87 82 82 82 85 85 97 97 97 85
59 59 61 61 60 60 60 56 56 56 54 54 52 52 52 40 40 0 0 0 32 32 32 39 39 34 34 34 32 32 32 40 40 48 48 48 49 49 0 0 0 0 0 0 0 0 10 10 10 28 28 45 45 45 56 56 56 46 46 39 39 39 49 49 49 53 53 80 80 80 111 111 136 136 136 148 148 148 117 117 87 87 87 82 82 82 85 85 97 97 97 85
60 60 61 61 60 60 60 55 55 55 51 51 42 42 42 31 31 28 28 28 37 37 37 44 44 33 33 33 27 27 27 33 33 40 40 40 43 43 0 0 0 0 0 0 0 0 15 15 15 35 35 51 51 51 63 63 63 51 51 43 43 43 53 53 53 59 59 86 86 86 109 109 128 128 128 139 139 139 108 108 88 88 88 86 86 86 92 92 102 102 102 85
60 60 61 61 60 60 60 55 55 55 51 51 42 42 42 31 31 28 28 28 37 37 37 44 44 33 33 33 27 27 27 33 33 40 40 40 43 43 0 0 0 0 0 0 0 0 15 15 15 35 35 51 51 51 63 63 63 51 51 43 43 43 53 53 53 59 59 86 86 86 109 109 128 128 128 139 139 139 108 108 88 88 88 86 86 86 92 92 102 102 102 85
60 60 61 61 60 60 60 55 55 55 51 51 42 42 42 31 31 28 28 28 37 37 37 44 44 33 33 33 27 27 27 33 33 40 40 40 43 43 0 0 0 0 0 0 0 0 15 15 15 35 35 51 51 51 63 63 63 51 51 43 43 43 53 53 53 59 59 86 86 86 109 109 128 128 128 139 139 139 108 108 88 88 88 86 86 86 92 92 102 102 102 85
57 57 52 52 46 46 46 46 46 46 46 46 35 35 35 27 27 0 0 0 37 37 37 42 42 31 31 31 22 22 22 0 0 24 24 24 28 28 0 0 0 0 0 0 0 0 25 25 25 43 43 58 58 58 70 70 70 56 56 48 48 48 61 61 61 70 70 93 93 93 105 105 115 115 115 125 125 125 99 99 88 88 88 88 88 88 97 97 108 108 108 85
57 57 52 52 46 46 46 46 46 46 46 46 35 35 35 27 27 0 0 0 37 37 37 42 42 31 31 31 22 22 22 0 0 24 24 24 28 28 0 0 0 0 0 0 0 0 25 25 25 43 43 58 58 58 70 70 70 56 56 48 48 48 61 61 61 70 70 93 93 93 105 105 115 115 115 125 125 125 99 99 88 88 88 88 88 88 97 97 108 108 108 85
45 45 34 34 0 0 0 35 35 35 45 45 36 36 36 27 27 0 0 0 27 27 27 27 27 23 23 23 0 0 0 0 0 16 16 16 17 17 19 19 19 0 0 0 15 15 37 37 37 49 49 62 62 62 75 75 75 60 60 53 53 53 69 69 69 76 76 92 92 92 96 96 97 97 97 105 105 105 84 84 82 82 82 84 84 84 91 91 101 101 101 77
45 45 34 34 0 0 0 35 35 35 45 45 36 36 36 27 27 0 0 0 27 27 27 27 27 23 23 23 0 0 0 0 0 16 16 16 17 17 19 19 19 0 0 0 15 15 37 37 37 49 49 62 62 62 75 75 75 60 60 53 53 53 69 69 69 76 76 92 92 92 96 96 97 97 97 105 105 105 84 84 82 82 82 84 84 84 91 91 101 101 101 77
45 45 34 34 0 0 0 35 35 35 45 45 36 36 36 27 27 0 0 0 27 27 27 27 27 23 23 23 0 0 0 0 0 16 16 16 17 17 19 19 19 0 0 0 15 15 37 37 37 49 49 62 62 62 75 75 75 60 60 53 53 53 69 69 69 76 76 92 92 92 96 96 97 97 97 105 105 105 84 84 82 82 82 84 84 84 91 91 101 101 101 77
38 38 26 26 0 0 0 36 36 36 51 51 38 38 38 28 28 0 0 0 20 20 20 17 17 25 25 25 33 33 33 29 29 26 26 26 26 26 32 32 32 38 38 38 37 37 54 54 54 63 63 77 77 77 90 90 90 69 69 64 64 64 81 81 81 83 83 92 92 92 92 92 90 90 90 98 98 98 83 83 85 85 85 87 87 87 89 89 99 99 99 78
38 38 26 26 0 0 0 36 36 36 51 51 38 38 38 28 28 0 0 0 20 20 20 17 17 25 25 25 33 33 33 29 29 26 26 26 26 26 32 32 32 38 38 38 37 37 54 54 54 63 63 77 77 77 90 90 90 69 69 64 64 64 81 81 81 83 83 92 92 92 92 92 90 90 90 98 98 98 83 83 85 85 85 87 87 87 89 89 99 99 99 78
38 38 26 26 0 0 0 36 36 36 51 51 38 38 38 28 28 0 0 0 20 20 20 17 17 25 25 25 33 33 33 29 29 26 26 26 26 26 32 32 32 38 38 38 37 37 54 54 54 63 63 77 77 77 90 90 90 69 69 64 64 64 81 81 81 83 83 92 92 92 92 92 90 90 90 98 98 98 83 83 85 85 85 87 87 87 89 89 99 99 99 78
36 36 28 28 0 0 0 33 33 33 41 41 30 30 30 24 24 0 0 0 21 21 21 17 17 34 34 34 53 53 53 45 45 40 40 40 40 40 44 44 44 54 54 54 53 53 63 63 63 71 71 84 84 84 90 90 90 66 66 66 66 66 84 84 84 80 80 85 85 85 85 85 83 83 83 91 91 91 77 77 79 79 79 79 79 79 79 79 90 90 90 77
36 36 28 28 0 0 0 33 33 33 41 41 30 30 30 24 24 0 0 0 21 21 21 17 17 34 34 34 53 53 53 45 45 40 40 40 40 40 44 44 44 54 54 54 53 53 63 63 63 71 71 84 84 84 90 90 90 66 66 66 66 66 84 84 84 80 80 85 85 85 85 85 83 83 83 91 91 91 77 77 79 79 79 79 79 79 79 79 90 90 90 77
38 38 33 33 0 0 0 23 23 23 26 26 24 24 24 23 23 83 -9999 -9999 -9999 -9999 -9999 -9999 -9999 -9999 -9999 -9999 -9999 -9999 -9999 9 9 0 0 0 53 53 55 55 55 66 66 66 63 63 69 69 69 75 75 83 83 83 83 83 83 59 59 66 66 66 84 84 84 75 75 78 78 78 79 79 78 78 78 85 85 85 71 71 72 72 72 71 71 71 71 71 84 84 84 76
38 38 33 33 0 0 0 23 23 23 26 26 24 24 24 23 23 83 -9999 -9999 -9999 -9999 -9999 -9999 -9999 -9999 -9999 -9999 -9999 -9999 -9999 -9999 9 0 0 0 53 53 55 55 55 66 66 66 63 63 69 69 69 75 75 83 83 83 83 83 83 59 59 66 66 66 84 84 84 75 75 78 78 78 79 79 78 78 78 85 85 85 71 71 72 72 72 71 71 71 71 71 84 84 84 76
38 38 33 33 0 0 0 23 23 23 26 26 24 24 24 23 23 -9999 -9999 -9999 -9999 -9999 -9999 -9999 -9999 -9999 -9999 -9999 -9999 -9999 -9999 -9999 9 0 0 0 53 53 55 55 55 66 66 66 63 63 69 69 69 75 75 83 83 83 83 83 83 59 59 66 66 66 84 84 84 75 75 78 78 78 79 79 78 78 78 85 85 85 71 71 72 72 72 71 71 71 71 71 84 84 84 76
39 39 33 33 0 0 0 18 18 18 21 21 25 25 25 86 86 -9999 -9999 -9999 -9999 -9999 -9999 -9999 -9999 -9999 -9999 -9999 -9999 0 0 0 0 0 0 0 62 62 64 64 64 76 76 76 70 70 73 73 73 75 75 76 76 76 76 76 76 59 59 66 66 66 80 80 80 69 69 71 71 71 73 73 72 72 72 78 78 78 65 65 66 66 66 66 66 66 67 67 81 81 81 74
39 39 33 33 0 0 0 18 18 18 21 21 25 25 25 86 -9999 -9999 -9999 -9999 -9999 -9999 -9999 -9999 -9999 -9999 -9999 -9999 -9999 0 0 0 0 0 0 0 62 62 64 64 64 76 76 76 70 70 73 73 73 75 75 76 76 76 76 76 76 59 59 66 66 66 80 80 80 69 69 71 71 71 73 73 72 72 72 78 78 78 65 65 66 66 66 66 66 66 67 67 81 81 81 74
39 39 33 33 0 0 0 18 18 18 -9999 -9999 25 25 25 -9999 -9999 -9999 -9999 -9999 -9999 -9999 -9999 -9999 -9999 -9999 -9999 -9999 -9999 -9999 0 0 0 0 0 0 62 62 64 64 64 76 76 76 70 70 73 73 73 75 75 76 76 76 76 76 76 59 59 66 66 66 80 80 80 69 69 71 71 71 73 73 72 72 72 78 78 78 65 65 66 66 66 66 66 66 67 67 81 81 81 74
8 8 0 0 73 73 73 93 -9999 -9999 -9999 -9999 -9999 48 -9999 -9999 -9999 -9999 -9999 -9999 -9999 -9999 -9999 -9999 -9999 -9999 -9999 -9999 0 0 0 0 0 10 10 10 7 7 66 66 66 80 80 80 72 72 72 72 72 71 71 66 66 66 70 70 70 59 59 62 62 62 71 71 71 60 60 62 62 62 63 63 62 62 62 68 68 68 57 57 57 57 57 58 58 58 59 59 71 71 71 64
-9999 -9999 0 0 73 73 73 -9999 -9999 -9999 -9999 -9999 -9999 -9999 -9999 -9999 -9999 -9999 -9999 -9999 -9999 -9999 -9999 -9999 0 0 0 0 0 0 0 0 -9999 -9999 -9999 10 7 7 66 66 66 80 80 80 72 72 72 72 72 71 71 66 66 66 70 70 70 59 59 62 62 62 71 71 71 60 60 62 62 62 63 63 62 62 62 68 68 68 57 57 57 57 57 58 58 58 59 59 71 71 71 64
-9999 -9999 -9999 -9999 -9999 -9999 -9999 -9999 -9999 -9999 -9999 -9999 -9999 -9999 -9999 -9999 -9999 -9999 -9999 -9999 -9999 -9999 -9999 -9999 0 0 0 0 -9999 -9999 -9999 -9999 0 0 0 0 0 0 73 73 73 87 87 87 78 78 76 76 76 71 71 64 64 64 70 70 70 62 62 62 62 62 70 70 70 60 60 61 61 61 61 61 60 60 60 67 67 67 57 57 56 56 56 56 56 56 59 59 72 72 72 65
-9999 -9999 -9999 -9999 -9999 -9999 -9999 -9999 -9999 -9999 -9999 -9999 -9999 -9999 -9999 -9999 -9999 -9999 -9999 0 0 0 -9999 -9999 -9999 -9999 -9999 -9999 -9999 -9999 0 0 0 0 0 0 0 0 73 73 73 87 87 87 78 78 76 76 76 71 71 64 64 64 70 70 70 62 62 62 62 62 70 70 70 60 60 61 61 61 61 61 60 60 60 67 67 67 57 57 56 56 56 56 56 56 59 59 72 72 72 65
-9999 -9999 -9999 -9999 -9999 -9999 -9999 -9999 -9999 -9999 -9999 -9999 -9999 -9999 -9999 -9999 -9999 -9999 -9999 0 0 0 0 0 -9999 -9999 -9999 -9999 0 0 0 0 0 0 0 0 0 0 73 73 73 87 87 87 78 78 76 76 76 71 71 64 64 64 70 70 70 62 62 62 62 62 70 70 70 60 60 61 61 61 61 61 60 60 60 67 67 67 57 57 56 56 56 56 56 56 59 59 72 72 72 65
