SEB_model/sample_data_files/historical_long/hillshade_historical_long/sepnoon.txt
ncols         768
nrows         486
xllcorner     388353.95236715
yllcorner     7583725.4876181
cellsize      5
NODATA_value  -9999
[rows 129 to 171 of 486, columns 384 to 479 of 768]
65 61 61 61 53 53 53 47 47 50 50 50 63 63 63 82 82 91 91 91 93 93 91 91 91 90 90 90 92 92 95 95 95 97 97 94 94 94 88 88 88 88 88 95 95 95 100 100 100 102 102 100 100 100 100 100 100 100 100 99 99 99 100 100 102 102 102 103 103 103 103 103 102 102 102 103 103 102 102 102 101 101 101 101 101 100 100 100 100 100 101 101 101 101 101 101
69 66 66 66 60 60 60 58 58 64 64 64 76 76 76 86 86 87 87 87 85 85 86 86 86 89 89 89 93 93 95 95 95 97 97 97 97 97 93 93 93 89 89 89 89 89 95 95 95 103 103 103 103 103 102 102 101 101 101 101 101 101 103 103 104 104 104 105 105 105 105 105 105 105 105 106 106 106 106 106 104 104 104 104 104 103 103 103 102 102 101 101 101 97 97 97
69 66 66 66 60 60 60 58 58 64 64 64 76 76 76 86 86 87 87 87 85 85 86 86 86 89 89 89 93 93 95 95 95 97 97 97 97 97 93 93 93 89 89 89 89 89 95 95 95 103 103 103 103 103 102 102 101 101 101 101 101 101 103 103 104 104 104 105 105 105 105 105 105 105 105 106 106 106 106 106 104 104 104 104 104 103 103 103 102 102 101 101 101 97 97 97
52 53 53 53 55 55 55 60 60 69 69 69 78 78 78 83 83 85 85 85 88 88 93 93 93 99 99 99 103 103 101 101 101 99 99 99 99 99 99 99 99 97 97 94 94 94 95 95 95 102 102 105 105 105 104 104 103 103 103 103 103 103 104 104 103 103 103 103 103 103 104 104 104 104 104 105 105 106 106 106 107 107 107 111 111 112 112 112 111 111 108 108 108 102 102 102
52 53 53 53 55 55 55 60 60 69 69 69 78 78 78 83 83 85 85 85 88 88 93 93 93 99 99 99 103 103 101 101 101 99 99 99 99 99 99 99 99 97 97 94 94 94 95 95 95 102 102 105 105 105 104 104 103 103 103 103 103 103 104 104 103 103 103 103 103 103 104 104 104 104 104 105 105 106 106 106 107 107 107 111 111 112 112 112 111 111 108 108 108 102 102 102
52 53 53 53 55 55 55 60 60 69 69 69 78 78 78 83 83 85 85 85 88 88 93 93 93 99 99 99 103 103 101 101 101 99 99 99 99 99 99 99 99 97 97 94 94 94 95 95 95 102 102 105 105 105 104 104 103 103 103 103 103 103 104 104 103 103 103 103 103 103 104 104 104 104 104 105 105 106 106 106 107 107 107 111 111 112 112 112 111 111 108 108 108 102 102 102
49 58 58 58 69 69 69 81 81 88 88 88 90 90 90 92 92 94 94 94 98 98 103 103 103 106 106 106 108 108 106 106 106 102 102 100 100 100 101 101 101 103 103 101 101 101 98 98 98 100 100 102 102 102 101 101 101 101 101 99 99 99 99 99 98 98 98 98 98 98 98 98 98 98 98 102 102 106 106 106 110 110 110 116 116 118 118 118 117 117 115 115 115 111 111 111
49 58 58 58 69 69 69 81 81 88 88 88 90 90 90 92 92 94 94 94 98 98 103 103 103 106 106 106 108 108 106 106 106 102 102 100 100 100 101 101 101 103 103 101 101 101 98 98 98 100 100 102 102 102 101 101 101 101 101 99 99 99 99 99 98 98 98 98 98 98 98 98 98 98 98 102 102 106 106 106 110 110 110 116 116 118 118 118 117 117 115 115 115 111 111 111
49 58 58 58 69 69 69 81 81 88 88 88 90 90 90 92 92 94 94 94 98 98 103 103 103 106 106 106 108 108 106 106 106 102 102 100 100 100 101 101 101 103 103 101 101 101 98 98 98 100 100 102 102 102 101 101 101 101 101 99 99 99 99 99 98 98 98 98 98 98 98 98 98 98 98 102 102 106 106 106 110 110 110 116 116 118 118 118 117 117 115 115 115 111 111 111
64 76 76 76 87 87 87 97 97 101 101 101 101 101 101 104 104 107 107 107 109 109 108 108 108 107 107 107 107 107 106 106 106 104 104 102 102 102 101 101 101 103 103 103 103 103 101 101 101 100 100 99 99 99 100 100 100 100 100 98 98 98 98 98 97 97 97 97 97 97 98 98 100 100 100 106 106 112 112 112 115 115 115 119 119 120 120 120 118 118 115 115 115 111 111 111
64 76 76 76 87 87 87 97 97 101 101 101 101 101 101 104 104 107 107 107 109 109 108 108 108 107 107 107 107 107 106 106 106 104 104 102 102 102 101 101 101 103 103 103 103 103 101 101 101 100 100 99 99 99 100 100 100 100 100 98 98 98 98 98 97 97 97 97 97 97 98 98 100 100 100 106 106 112 112 112 115 115 115 119 119 120 120 120 118 118 115 115 115 111 111 111
88 92 92 92 97 97 97 102 102 103 103 103 102 102 102 103 103 104 104 104 104 104 101 101 101 99 99 99 100 100 102 102 102 103 103 102 102 102 99 99 99 100 100 101 101 101 100 100 100 99 99 98 98 98 98 98 96 96 96 93 93 93 93 93 92 92 92 93 93 93 96 96 101 101 101 109 109 115 115 115 116 116 116 117 117 114 114 114 111 111 109 109 109 106 106 106
88 92 92 92 97 97 97 102 102 103 103 103 102 102 102 103 103 104 104 104 104 104 101 101 101 99 99 99 100 100 102 102 102 103 103 102 102 102 99 99 99 100 100 101 101 101 100 100 100 99 99 98 98 98 98 98 96 96 96 93 93 93 93 93 92 92 92 93 93 93 96 96 101 101 101 109 109 115 115 115 116 116 116 117 117 114 114 114 111 111 109 109 109 106 106 106
88 92 92 92 97 97 97 102 102 103 103 103 102 102 102 103 103 104 104 104 104 104 101 101 101 99 99 99 100 100 102 102 102 103 103 102 102 102 99 99 99 100 100 101 101 101 100 100 100 99 99 98 98 98 98 98 96 96 96 93 93 93 93 93 92 92 92 93 93 93 96 96 101 101 101 109 109 115 115 115 116 116 116 117 117 114 114 114 111 111 109 109 109 106 106 106
106 103 103 103 101 101 101 101 101 100 100 100 97 97 97 93 93 87 87 87 81 81 81 81 81 85 85 85 92 92 96 96 96 97 97 95 95 95 93 93 93 95 95 96 96 96 96 96 96 97 97 96 96 96 94 94 88 88 88 83 83 83 81 81 81 81 81 83 83 83 87 87 91 91 91 97 97 101 101 101 102 102 102 104 104 103 103 103 103 103 103 103 103 104 104 104
106 103 103 103 101 101 101 101 101 100 100 100 97 97 97 93 93 87 87 87 81 81 81 81 81 85 85 85 92 92 96 96 96 97 97 95 95 95 93 93 93 95 95 96 96 96 96 96 96 97 97 96 96 96 94 94 88 88 88 83 83 83 81 81 81 81 81 83 83 83 87 87 91 91 91 97 97 101 101 101 102 102 102 104 104 103 103 103 103 103 103 103 103 104 104 104
112 110 110 110 104 104 104 98 98 93 93 93 85 85 85 75 75 65 65 65 58 58 57 57 57 64 64 64 76 76 83 83 83 85 85 85 85 85 85 85 85 87 87 88 88 88 87 87 87 88 88 88 88 88 85 85 79 79 79 74 74 74 73 73 75 75 75 79 79 79 82 82 82 82 82 82 82 81 81 81 83 83 83 89 89 95 95 95 101 101 106 106 106 108 108 108
112 110 110 110 104 104 104 98 98 93 93 93 85 85 85 75 75 65 65 65 58 58 57 57 57 64 64 64 76 76 83 83 83 85 85 85 85 85 85 85 85 87 87 88 88 88 87 87 87 88 88 88 88 88 85 85 79 79 79 74 74 74 73 73 75 75 75 79 79 79 82 82 82 82 82 82 82 81 81 81 83 83 83 89 89 95 95 95 101 101 106 106 106 108 108 108
112 110 110 110 104 104 104 98 98 93 93 93 85 85 85 75 75 65 65 65 58 58 57 57 57 64 64 64 76 76 83 83 83 85 85 85 85 85 85 85 85 87 87 88 88 88 87 87 87 88 88 88 88 88 85 85 79 79 79 74 74 74 73 73 75 75 75 79 79 79 82 82 82 82 82 82 82 81 81 81 83 83 83 89 89 95 95 95 101 101 106 106 106 108 108 108
102 104 104 104 98 98 98 90 90 81 81 81 72 72 72 64 64 58 58 58 54 54 49 49 49 48 48 48 58 58 71 71 71 80 80 85 85 85 86 86 86 87 87 85 85 85 81 81 81 79 79 75 75 75 74 74 74 74 74 73 73 73 75 75 78 78 78 81 81 81 83 83 79 79 79 74 74 68 68 68 67 67 67 75 75 85 85 85 94 94 101 101 101 104 104 104
102 104 104 104 98 98 98 90 90 81 81 81 72 72 72 64 64 58 58 58 54 54 49 49 49 48 48 48 58 58 71 71 71 80 80 85 85 85 86 86 86 87 87 85 85 85 81 81 81 79 79 75 75 75 74 74 74 74 74 73 73 73 75 75 78 78 78 81 81 81 83 83 79 79 79 74 74 68 68 68 67 67 67 75 75 85 85 85 94 94 101 101 101 104 104 104
102 104 104 104 98 98 98 90 90 81 81 81 72 72 72 64 64 58 58 58 54 54 49 49 49 48 48 48 58 58 71 71 71 80 80 85 85 85 86 86 86 87 87 85 85 85 81 81 81 79 79 75 75 75 74 74 74 74 74 73 73 73 75 75 78 78 78 81 81 81 83 83 79 79 79 74 74 68 68 68 67 67 67 75 75 85 85 85 94 94 101 101 101 104 104 104
78 81 81 81 80 80 80 75 75 66 66 66 59 59 59 60 60 66 66 66 71 71 69 69 69 61 61 61 59 59 69 69 69 85 85 95 95 95 98 98 98 97 97 94 94 94 89 89 89 84 84 78 78 78 78 78 84 84 84 87 87 87 89 89 89 89 89 89 89 89 88 88 82 82 82 77 77 71 71 71 68 68 68 73 73 82 82 82 91 91 98 98 98 100 100 100
78 81 81 81 80 80 80 75 75 66 66 66 59 59 59 60 60 66 66 66 71 71 69 69 69 61 61 61 59 59 69 69 69 85 85 95 95 95 98 98 98 97 97 94 94 94 89 89 89 84 84 78 78 78 78 78 84 84 84 87 87 87 89 89 89 89 89 89 89 89 88 88 82 82 82 77 77 71 71 71 68 68 68 73 73 82 82 82 91 91 98 98 98 100 100 100
62 67 67 67 72 72 72 70 70 62 62 62 59 59 59 63 63 69 69 69 73 73 74 74 74 69 69 69 65 65 71 71 71 90 90 106 106 106 107 107 107 102 102 95 95 95 88 88 88 85 85 83 83 83 87 87 94 94 94 99 99 99 101 101 100 100 100 96 96 96 90 90 84 84 84 82 82 80 80 80 76 76 76 76 76 80 80 80 88 88 95 95 95 98 98 98
62 67 67 67 72 72 72 70 70 62 62 62 59 59 59 63 63 69 69 69 73 73 74 74 74 69 69 69 65 65 71 71 71 90 90 106 106 106 107 107 107 102 102 95 95 95 88 88 88 85 85 83 83 83 87 87 94 94 94 99 99 99 101 101 100 100 100 96 96 96 90 90 84 84 84 82 82 80 80 80 76 76 76 76 76 80 80 80 88 88 95 95 95 98 98 98
62 67 67 67 72 72 72 70 70 62 62 62 59 59 59 63 63 69 69 69 73 73 74 74 74 69 69 69 65 65 71 71 71 90 90 106 106 106 107 107 107 102 102 95 95 95 88 88 88 85 85 83 83 83 87 87 94 94 94 99 99 99 101 101 100 100 100 96 96 96 90 90 84 84 84 82 82 80 80 80 76 76 76 76 76 80 80 80 88 88 95 95 95 98 98 98
62 68 68 68 71 71 71 69 69 63 63 63 60 60 60 62 62 63 63 63 63 63 62 62 62 59 59 59 57 57 59 59 59 71 71 0 0 0 86 86 86 79 79 70 70 70 67 67 67 72 72 76 76 76 80 80 85 85 85 91 91 91 95 95 94 94 94 90 90 90 85 85 80 80 80 80 80 82 82 82 80 80 80 77 77 75 75 75 79 79 88 88 88 95 95 95
62 68 68 68 71 71 71 69 69 63 63 63 60 60 60 62 62 63 63 63 63 63 62 62 62 59 59 59 57 57 59 59 59 71 71 0 0 0 86 86 86 79 79 70 70 70 67 67 67 72 72 76 76 76 80 80 85 85 85 91 91 91 95 95 94 94 94 90 90 90 85 85 80 80 80 80 80 82 82 82 80 80 80 77 77 75 75 75 79 79 88 88 88 95 95 95
62 68 68 68 71 71 71 69 69 63 63 63 60 60 60 62 62 63 63 63 63 63 62 62 62 59 59 59 57 57 59 59 59 71 71 0 0 0 86 86 86 79 79 70 70 70 67 67 67 72 72 76 76 76 80 80 85 85 85 91 91 91 95 95 94 94 94 90 90 90 85 85 80 80 80 80 80 82 82 82 80 80 80 77 77 75 75 75 79 79 88 88 88 95 95 95
48 0 0 0 0 0 0 0 0 60 60 60 56 56 56 58 58 61 61 61 63 63 61 61 61 53 53 53 41 41 25 25 25 0 0 0 0 0 0 0 0 38 38 40 40 40 44 44 44 56 56 68 68 68 72 72 71 71 71 72 72 72 77 77 80 80 80 83 83 83 89 89 92 92 92 93 93 91 91 91 86 86 86 81 81 72 72 72 67 67 71 71 71 80 80 80
48 0 0 0 0 0 0 0 0 60 60 60 56 56 56 58 58 61 61 61 63 63 61 61 61 53 53 53 41 41 25 25 25 0 0 0 0 0 0 0 0 38 38 40 40 40 44 44 44 56 56 68 68 68 72 72 71 71 71 72 72 72 77 77 80 80 80 83 83 83 89 89 92 92 92 93 93 91 91 91 86 86 86 81 81 72 72 72 67 67 71 71 71 80 80 80
0 0 0 0 0 0 0 0 0 40 40 40 52 52 52 67 67 82 82 82 93 93 94 94 94 83 83 83 62 62 26 26 26 0 0 0 0 0 0 0 0 0 0 19 19 19 36 36 36 54 54 71 71 71 82 82 83 83 83 80 80 80 82 82 84 84 84 88 88 88 95 95 98 98 98 99 99 95 95 95 90 90 90 86 86 75 75 75 62 62 55 55 55 57 57 57
0 0 0 0 0 0 0 0 0 40 40 40 52 52 52 67 67 82 82 82 93 93 94 94 94 83 83 83 62 62 26 26 26 0 0 0 0 0 0 0 0 0 0 19 19 19 36 36 36 54 54 71 71 71 82 82 83 83 83 80 80 80 82 82 84 84 84 88 88 88 95 95 98 98 98 99 99 95 95 95 90 90 90 86 86 75 75 75 62 62 55 55 55 57 57 57
0 0 0 0 0 0 0 0 0 40 40 40 52 52 52 67 67 82 82 82 93 93 94 94 94 83 83 83 62 62 26 26 26 0 0 0 0 0 0 0 0 0 0 19 19 19 36 36 36 54 54 71 71 71 82 82 83 83 83 80 80 80 82 82 84 84 84 88 88 88 95 95 98 98 98 99 99 95 95 95 90 90 90 86 86 75 75 75 62 62 55 55 55 57 57 57
0 0 0 0 0 0 0 0 0 9 9 9 50 50 50 85 85 107 107 107 120 120 128 128 128 130 130 130 121 121 96 96 96 59 59 29 29 29 18 18 18 30 30 51 51 51 68 68 68 82 82 93 93 93 103 103 110 110 110 108 108 108 103 103 103 103 103 105 105 105 105 105 102 102 102 102 102 99 99 99 96 96 96 94 94 88 88 88 77 77 64 64 64 55 55 55
0 0 0 0 0 0 0 0 0 9 9 9 50 50 50 85 85 107 107 107 120 120 128 128 128 130 130 130 121 121 96 96 96 59 59 29 29 29 18 18 18 30 30 51 51 51 68 68 68 82 82 93 93 93 103 103 110 110 110 108 108 108 103 103 103 103 103 105 105 105 105 105 102 102 102 102 102 99 99 99 96 96 96 94 94 88 88 88 77 77 64 64 64 55 55 55
0 0 0 0 0 0 0 0 0 34 34 34 78 78 78 103 103 110 110 110 112 112 118 118 118 131 131 131 148 148 158 158 158 158 158 147 147 147 129 129 129 121 121 121 121 121 121 121 121 119 119 117 117 117 119 119 124 124 124 128 128 128 128 128 126 126 126 123 123 123 117 117 109 109 109 105 105 102 102 102 97 97 97 97 97 97 97 97 94 94 88 88 88 79 79 79
0 0 0 0 0 0 0 0 0 34 34 34 78 78 78 103 103 110 110 110 112 112 118 118 118 131 131 131 148 148 158 158 158 158 158 147 147 147 129 129 129 121 121 121 121 121 121 121 121 119 119 117 117 117 119 119 124 124 124 128 128 128 128 128 126 126 126 123 123 123 117 117 109 109 109 105 105 102 102 102 97 97 97 97 97 97 97 97 94 94 88 88 88 79 79 79
0 0 0 0 0 0 0 0 0 34 34 34 78 78 78 103 103 110 110 110 112 112 118 118 118 131 131 131 148 148 158 158 158 158 158 147 147 147 129 129 129 121 121 121 121 121 121 121 121 119 119 117 117 117 119 119 124 124 124 128 128 128 128 128 126 126 126 123 123 123 117 117 109 109 109 105 105 102 102 102 97 97 97 97 97 97 97 97 94 94 88 88 88 79 79 79
52 55 55 55 65 65 65 83 83 100 100 100 110 110 110 111 111 102 102 102 95 95 96 96 96 107 107 107 131 131 159 159 159 180 180 188 188 188 183 183 183 174 174 163 163 163 151 151 151 141 141 129 129 129 121 121 120 120 120 124 124 124 129 129 128 128 128 125 125 125 120 120 112 112 112 106 106 101 101 101 98 98 98 99 99 101 101 101 103 103 104 104 104 100 100 100
52 55 55 55 65 65 65 83 83 100 100 100 110 110 110 111 111 102 102 102 95 95 96 96 96 107 107 107 131 131 159 159 159 180 180 188 188 188 183 183 183 174 174 163 163 163 151 151 151 141 141 129 129 129 121 121 120 120 120 124 124 124 129 129 128 128 128 125 125 125 120 120 112 112 112 106 106 101 101 101 98 98 98 99 99 101 101 101 103 103 104 104 104 100 100 100
52 55 55 55 65 65 65 83 83 100 100 100 110 110 110 111 111 102 102 102 95 95 96 96 96 107 107 107 131 131 159 159 159 180 180 188 188 188 183 183 183 174 174 163 163 163 151 151 151 141 141 129 129 129 121 121 120 120 120 124 124 124 129 129 128 128 128 125 125 125 120 120 112 112 112 106 106 101 101 101 98 98 98 99 99 101 101 101 103 103 104 104 104 100 100 100
