SEB_model/sample_data_files/historical_long/hillshade_historical_long/sepnoon.txt
ncols         768
nrows         486
xllcorner     388353.95236715
yllcorner     7583725.4876181
cellsize      5
NODATA_value  -9999
[rows 215 to 257 of 486, columns 192 to 287 of 768]
-9999 -9999 -9999 -9999 -9999 -9999 -9999 -9999 -9999 -9999 -9999 -9999 -9999 -9999 -9999 -9999 -9999 -9999 -9999 -9999 -9999 0 0 0 0 0 0 0 0 0 0 0 0 0 0 0 0 0 -9999 -9999 -9999 -9999 -9999 -9999 0 0 0 0 0 0 0 0 0 0 0 0 0 0 0 0 0 0 0 0 0 0 0 0 0 0 0 0 0 0 0 0 0 0 0 0 0 0 0 0 0 0 0 0 0 0 0 0 0 0 0 0
-9999 -9999 -9999 -9999 -9999 -9999 -9999 -9999 -9999 -9999 -9999 -9999 -9999 -9999 -9999 -9999 -9999 -9999 -9999 0 0 0 0 0 0 0 0 0 0 0 0 0 0 0 0 0 0 0 0 -9999 -9999 -9999 0 0 0 0 0 0 0 0 0 0 0 0 0 0 0 0 0 0 0 0 0 0 0 0 0 0 0 0 0 0 0 0 0 0 0 0 0 0 0 0 0 0 5 5 8 8 8 0 0 0 0 0 0 0
-9999 -9999 -9999 -9999 -9999 -9999 -9999 -9999 -9999 -9999 -9999 -9999 -9999 -9999 -9999 -9999 -9999 -9999 0 0 0 0 0 0 0 0 0 0 0 0 0 0 0 0 0 0 0 0 0 0 -9999 -9999 0 0 0 0 0 0 0 0 0 0 0 0 0 0 0 0 0 0 0 0 0 0 0 0 0 0 0 0 0 0 0 0 0 0 0 0 0 0 0 0 0 0 5 5 8 8 8 0 0 0 0 0 0 0
-9999 -9999 -9999 -9999 -9999 -9999 -9999 -9999 -9999 -9999 -9999 -9999 -9999 -9999 -9999 -9999 -9999 0 0 0 0 0 0 0 0 0 0 0 0 0 0 0 0 0 0 0 0 0 0 0 0 0 0 0 0 0 0 0 0 0 0 0 0 0 0 0 0 0 0 0 0 0 0 0 0 0 0 0 0 0 0 0 0 0 0 0 0 0 0 0 0 0 0 0 5 5 8 8 8 0 0 0 0 0 0 0
-9999 0 0 0 0 0 -9999 -9999 -9999 -9999 -9999 -9999 -9999 -9999 -9999 -9999 -9999 0 0 0 0 2 2 74 74 74 73 73 73 76 76 68 68 68 0 0 0 0 0 0 0 0 0 0 0 0 0 0 0 0 0 0 0 0 0 0 0 0 0 0 0 0 0 0 0 15 15 15 30 30 29 29 29 19 19 19 19 19 27 27 27 33 33 33 37 37 34 34 34 0 0 0 0 0 0 0
0 0 0 0 0 0 0 -9999 -9999 -9999 -9999 -9999 -9999 0 -9999 -9999 -9999 0 0 0 0 2 2 74 74 74 73 73 73 76 76 68 68 68 0 0 0 0 0 0 0 0 0 0 0 0 0 0 0 0 0 0 0 0 0 0 0 0 0 0 0 0 0 0 0 15 15 15 30 30 29 29 29 19 19 19 19 19 27 27 27 33 33 33 37 37 34 34 34 0 0 0 0 0 0 0
0 0 0 0 0 0 0 0 0 0 0 0 0 0 0 0 0 0 39 39 39 103 103 100 100 100 99 99 99 103 103 95 95 95 79 79 0 0 0 0 0 0 0 0 0 0 0 0 0 0 0 0 0 0 0 0 0 0 0 0 0 0 0 1 1 21 21 21 35 35 38 38 38 31 31 31 29 29 27 27 27 26 26 26 28 28 0 0 0 0 0 0 0 0 0 0
0 0 0 0 0 0 0 0 0 0 0 0 0 0 0 0 0 0 39 39 39 103 103 100 100 100 99 99 99 103 103 95 95 95 79 79 0 0 0 0 0 0 0 0 0 0 0 0 0 0 0 0 0 0 0 0 0 0 0 0 0 0 0 1 1 21 21 21 35 35 38 38 38 31 31 31 29 29 27 27 27 26 26 26 28 28 0 0 0 0 0 0 0 0 0 0
0 0 0 0 0 0 0 0 0 0 0 0 0 0 0 0 0 0 39 39 39 103 103 100 100 100 99 99 99 103 103 95 95 95 79 79 0 0 0 0 0 0 0 0 0 0 0 0 0 0 0 0 0 0 0 0 0 0 0 0 0 0 0 1 1 21 21 21 35 35 38 38 38 31 31 31 29 29 27 27 27 26 26 26 28 28 0 0 0 0 0 0 0 0 0 0
0 0 0 0 0 0 0 0 0 0 0 0 0 0 0 0 0 0 48 48 48 119 119 119 119 119 115 115 115 115 115 106 106 106 93 93 77 77 77 57 57 57 50 50 52 52 52 55 55 55 55 55 36 36 36 17 17 12 12 12 18 18 18 34 34 45 45 45 52 52 56 56 56 53 53 53 50 50 44 44 44 38 38 38 39 39 0 0 0 0 0 0 0 0 0 0
0 0 0 0 0 0 0 0 0 0 0 0 0 0 0 0 0 0 48 48 48 119 119 119 119 119 115 115 115 115 115 106 106 106 93 93 77 77 77 57 57 57 50 50 52 52 52 55 55 55 55 55 36 36 36 17 17 12 12 12 18 18 18 34 34 45 45 45 52 52 56 56 56 53 53 53 50 50 44 44 44 38 38 38 39 39 0 0 0 0 0 0 0 0 0 0
0 0 0 0 0 0 0 0 0 0 0 0 0 0 0 0 0 0 48 48 48 119 119 119 119 119 115 115 115 115 115 106 106 106 93 93 77 77 77 57 57 57 50 50 52 52 52 55 55 55 55 55 36 36 36 17 17 12 12 12 18 18 18 34 34 45 45 45 52 52 56 56 56 53 53 53 50 50 44 44 44 38 38 38 39 39 0 0 0 0 0 0 0 0 0 0
111 111 110 110 110 107 107 107 109 109 110 110 110 109 109 109 111 111 114 114 114 121 121 127 127 127 125 125 125 122 122 109 109 109 94 94 81 81 81 65 65 65 58 58 58 58 58 67 67 67 87 87 93 93 93 80 80 58 58 58 43 43 43 44 44 44 44 44 48 48 52 52 52 50 50 50 50 50 47 47 47 42 42 42 0 0 0 0 0 0 0 0 0 0 0 0
111 111 110 110 110 107 107 107 109 109 110 110 110 109 109 109 111 111 114 114 114 121 121 127 127 127 125 125 125 122 122 109 109 109 94 94 81 81 81 65 65 65 58 58 58 58 58 67 67 67 87 87 93 93 93 80 80 58 58 58 43 43 43 44 44 44 44 44 48 48 52 52 52 50 50 50 50 50 47 47 47 42 42 42 0 0 0 0 0 0 0 0 0 0 0 0
115 115 112 112 112 106 106 106 105 105 104 104 104 104 104 104 109 109 113 113 113 119 119 124 124 124 124 124 124 124 124 112 112 112 95 95 80 80 80 66 66 66 62 62 60 60 60 61 61 61 74 74 80 80 80 76 76 58 58 58 39 39 39 36 36 37 37 37 41 41 45 45 45 45 45 45 49 49 50 50 50 47 47 47 0 0 0 0 0 0 0 0 0 0 0 0
115 115 112 112 112 106 106 106 105 105 104 104 104 104 104 104 109 109 113 113 113 119 119 124 124 124 124 124 124 124 124 112 112 112 95 95 80 80 80 66 66 66 62 62 60 60 60 61 61 61 74 74 80 80 80 76 76 58 58 58 39 39 39 36 36 37 37 37 41 41 45 45 45 45 45 45 49 49 50 50 50 47 47 47 0 0 0 0 0 0 0 0 0 0 0 0
115 115 112 112 112 106 106 106 105 105 104 104 104 104 104 104 109 109 113 113 113 119 119 124 124 124 124 124 124 124 124 112 112 112 95 95 80 80 80 66 66 66 62 62 60 60 60 61 61 61 74 74 80 80 80 76 76 58 58 58 39 39 39 36 36 37 37 37 41 41 45 45 45 45 45 45 49 49 50 50 50 47 47 47 0 0 0 0 0 0 0 0 0 0 0 0
119 119 116 116 116 109 109 109 104 104 101 101 101 100 100 100 106 106 112 112 112 117 117 119 119 119 113 113 113 111 111 104 104 104 95 95 84 84 84 73 73 73 72 72 67 67 67 59 59 59 57 57 53 53 53 51 51 41 41 41 0 0 0 0 0 32 32 32 39 39 43 43 43 41 41 41 43 43 46 46 46 0 0 0 0 0 0 0 0 0 0 0 0 0 0 0
119 119 116 116 116 109 109 109 104 104 101 101 101 100 100 100 106 106 112 112 112 117 117 119 119 119 113 113 113 111 111 104 104 104 95 95 84 84 84 73 73 73 72 72 67 67 67 59 59 59 57 57 53 53 53 51 51 41 41 41 0 0 0 0 0 32 32 32 39 39 43 43 43 41 41 41 43 43 46 46 46 0 0 0 0 0 0 0 0 0 0 0 0 0 0 0
116 116 114 114 114 109 109 109 105 105 100 100 100 97 97 97 104 104 110 110 110 116 116 118 118 118 114 114 114 112 112 107 107 107 103 103 94 94 94 79 79 79 72 72 64 64 64 52 52 52 45 45 36 36 36 28 28 18 18 18 8 8 8 15 15 29 29 29 40 40 38 38 38 25 25 25 0 0 0 0 0 0 0 0 0 0 0 0 0 0 0 0 0 0 0 0
116 116 114 114 114 109 109 109 105 105 100 100 100 97 97 97 104 104 110 110 110 116 116 118 118 118 114 114 114 112 112 107 107 107 103 103 94 94 94 79 79 79 72 72 64 64 64 52 52 52 45 45 36 36 36 28 28 18 18 18 8 8 8 15 15 29 29 29 40 40 38 38 38 25 25 25 0 0 0 0 0 0 0 0 0 0 0 0 0 0 0 0 0 0 0 0
116 116 114 114 114 109 109 109 105 105 100 100 100 97 97 97 104 104 110 110 110 116 116 118 118 118 114 114 114 112 112 107 107 107 103 103 94 94 94 79 79 79 72 72 64 64 64 52 52 52 45 45 36 36 36 28 28 18 18 18 8 8 8 15 15 29 29 29 40 40 38 38 38 25 25 25 0 0 0 0 0 0 0 0 0 0 0 0 0 0 0 0 0 0 0 0
103 103 104 104 104 104 104 104 102 102 98 98 98 95 95 95 101 101 104 104 104 105 105 108 108 108 111 111 111 115 115 112 112 112 108 108 101 101 101 87 87 87 77 77 67 67 67 55 55 55 52 52 47 47 47 39 39 29 29 29 21 21 21 30 30 46 46 46 54 54 48 48 48 30 30 30 22 22 0 0 0 0 0 0 0 0 0 0 0 0 0 0 0 0 0 0
103 103 104 104 104 104 104 104 102 102 98 98 98 95 95 95 101 101 104 104 104 105 105 108 108 108 111 111 111 115 115 112 112 112 108 108 101 101 101 87 87 87 77 77 67 67 67 55 55 55 52 52 47 47 47 39 39 29 29 29 21 21 21 30 30 46 46 46 54 54 48 48 48 30 30 30 22 22 0 0 0 0 0 0 0 0 0 0 0 0 0 0 0 0 0 0
103 103 104 104 104 104 104 104 102 102 98 98 98 95 95 95 101 101 104 104 104 105 105 108 108 108 111 111 111 115 115 112 112 112 108 108 101 101 101 87 87 87 77 77 67 67 67 55 55 55 52 52 47 47 47 39 39 29 29 29 21 21 21 30 30 46 46 46 54 54 48 48 48 30 30 30 22 22 0 0 0 0 0 0 0 0 0 0 0 0 0 0 0 0 0 0
95 95 98 98 98 100 100 100 103 103 101 101 101 97 97 97 100 100 97 97 97 94 94 94 94 94 97 97 97 105 105 105 105 105 102 102 99 99 99 94 94 94 89 89 78 78 78 65 65 65 60 60 56 56 56 52 52 51 51 51 46 46 46 43 43 38 38 38 0 0 28 28 28 22 22 22 21 21 0 0 0 0 0 0 0 0 0 0 0 0 0 0 0 0 0 0
95 95 98 98 98 100 100 100 103 103 101 101 101 97 97 97 100 100 97 97 97 94 94 94 94 94 97 97 97 105 105 105 105 105 102 102 99 99 99 94 94 94 89 89 78 78 78 65 65 65 60 60 56 56 56 52 52 51 51 51 46 46 46 43 43 38 38 38 0 0 28 28 28 22 22 22 21 21 0 0 0 0 0 0 0 0 0 0 0 0 0 0 0 0 0 0
94 94 98 98 98 100 100 100 105 105 105 105 105 98 98 98 96 96 92 92 92 89 89 85 85 85 82 82 82 88 88 94 94 94 98 98 100 100 100 100 100 100 106 106 103 103 103 88 88 88 78 78 71 71 71 68 68 69 69 69 62 62 62 48 48 27 27 27 14 14 17 17 17 21 21 21 25 25 0 0 0 0 0 0 0 0 0 0 0 0 0 0 0 0 0 0
94 94 98 98 98 100 100 100 105 105 105 105 105 98 98 98 96 96 92 92 92 89 89 85 85 85 82 82 82 88 88 94 94 94 98 98 100 100 100 100 100 100 106 106 103 103 103 88 88 88 78 78 71 71 71 68 68 69 69 69 62 62 62 48 48 27 27 27 14 14 17 17 17 21 21 21 25 25 0 0 0 0 0 0 0 0 0 0 0 0 0 0 0 0 0 0
94 94 98 98 98 100 100 100 105 105 105 105 105 98 98 98 96 96 92 92 92 89 89 85 85 85 82 82 82 88 88 94 94 94 98 98 100 100 100 100 100 100 106 106 103 103 103 88 88 88 78 78 71 71 71 68 68 69 69 69 62 62 62 48 48 27 27 27 14 14 17 17 17 21 21 21 25 25 0 0 0 0 0 0 0 0 0 0 0 0 0 0 0 0 0 0
94 94 98 98 98 103 103 103 110 110 111 111 111 102 102 102 95 95 90 90 90 88 88 85 85 85 78 78 78 81 81 86 86 86 93 93 95 95 95 94 94 94 103 103 110 110 110 106 106 106 99 99 85 85 85 76 76 71 71 71 59 59 59 43 43 24 24 24 17 17 27 27 27 42 42 42 0 0 0 0 0 0 0 0 0 0 0 0 0 0 0 0 0 0 0 0
94 94 98 98 98 103 103 103 110 110 111 111 111 102 102 102 95 95 90 90 90 88 88 85 85 85 78 78 78 81 81 86 86 86 93 93 95 95 95 94 94 94 103 103 110 110 110 106 106 106 99 99 85 85 85 76 76 71 71 71 59 59 59 43 43 24 24 24 17 17 27 27 27 42 42 42 0 0 0 0 0 0 0 0 0 0 0 0 0 0 0 0 0 0 0 0
94 94 98 98 98 103 103 103 110 110 111 111 111 102 102 102 95 95 90 90 90 88 88 85 85 85 78 78 78 81 81 86 86 86 93 93 95 95 95 94 94 94 103 103 110 110 110 106 106 106 99 99 85 85 85 76 76 71 71 71 59 59 59 43 43 24 24 24 17 17 27 27 27 42 42 42 0 0 0 0 0 0 0 0 0 0 0 0 0 0 0 0 0 0 0 0
88 88 91 91 91 97 97 97 105 105 106 106 106 101 101 101 99 99 97 97 97 95 95 93 93 93 89 89 89 89 89 88 88 88 89 89 91 91 91 88 88 88 93 93 99 99 99 97 97 97 91 91 77 77 77 65 65 55 55 55 41 41 41 26 26 14 14 14 18 18 35 35 35 0 0 0 0 0 0 0 0 0 0 0 0 0 0 0 0 0 0 0 0 0 0 0
88 88 91 91 91 97 97 97 105 105 106 106 106 101 101 101 99 99 97 97 97 95 95 93 93 93 89 89 89 89 89 88 88 88 89 89 91 91 91 88 88 88 93 93 99 99 99 97 97 97 91 91 77 77 77 65 65 55 55 55 41 41 41 26 26 14 14 14 18 18 35 35 35 0 0 0 0 0 0 0 0 0 0 0 0 0 0 0 0 0 0 0 0 0 0 0
81 81 78 78 78 79 79 79 85 85 91 91 91 93 93 93 97 97 97 97 97 96 96 96 96 96 95 95 95 94 94 89 89 89 86 86 86 86 86 80 80 80 77 77 75 75 75 70 70 70 67 67 58 58 58 49 49 41 41 41 32 32 32 29 29 29 29 29 38 38 54 54 54 0 0 0 0 0 0 0 0 0 0 0 0 0 0 0 0 0 0 0 0 0 0 0
81 81 78 78 78 79 79 79 85 85 91 91 91 93 93 93 97 97 97 97 97 96 96 96 96 96 95 95 95 94 94 89 89 89 86 86 86 86 86 80 80 80 77 77 75 75 75 70 70 70 67 67 58 58 58 49 49 41 41 41 32 32 32 29 29 29 29 29 38 38 54 54 54 0 0 0 0 0 0 0 0 0 0 0 0 0 0 0 0 0 0 0 0 0 0 0
81 81 78 78 78 79 79 79 85 85 91 91 91 93 93 93 97 97 97 97 97 96 96 96 96 96 95 95 95 94 94 89 89 89 86 86 86 86 86 80 80 80 77 77 75 75 75 70 70 70 67 67 58 58 58 49 49 41 41 41 32 32 32 29 29 29 29 29 38 38 54 54 54 0 0 0 0 0 0 0 0 0 0 0 0 0 0 0 0 0 0 0 0 0 0 0
88 88 80 80 80 74 74 74 78 78 86 86 86 93 93 93 98 98 98 98 98 98 98 97 97 97 96 96 96 98 98 95 95 95 91 91 89 89 89 83 83 83 74 74 61 61 61 49 49 49 43 43 36 36 36 29 29 29 29 29 36 36 36 52 52 60 60 60 60 60 0 0 0 0 0 0 0 0 0 0 0 0 0 0 0 0 0 0 0 0 0 0 0 0 0 0
88 88 80 80 80 74 74 74 78 78 86 86 86 93 93 93 98 98 98 98 98 98 98 97 97 97 96 96 96 98 98 95 95 95 91 91 89 89 89 83 83 83 74 74 61 61 61 49 49 49 43 43 36 36 36 29 29 29 29 29 36 36 36 52 52 60 60 60 60 60 0 0 0 0 0 0 0 0 0 0 0 0 0 0 0 0 0 0 0 0 0 0 0 0 0 0
103 103 97 97 97 89 89 89 89 89 94 94 94 98 98 98 104 104 105 105 105 106 106 106 106 106 104 104 104 106 106 106 106 106 102 102 98 98 98 91 91 91 85 85 74 74 74 62 62 62 54 54 46 46 46 39 39 37 37 37 46 46 46 69 69 78 78 78 69 69 0 0 0 0 0 0 0 0 0 0 0 0 0 0 0 0 0 0 0 0 0 0 0 0 0 0
103 103 97 97 97 89 89 89 89 89 94 94 94 98 98 98 104 104 105 105 105 106 106 106 106 106 104 104 104 106 106 106 106 106 102 102 98 98 98 91 91 91 85 85 74 74 74 62 62 62 54 54 46 46 46 39 39 37 37 37 46 46 46 69 69 78 78 78 69 69 0 0 0 0 0 0 0 0 0 0 0 0 0 0 0 0 0 0 0 0 0 0 0 0 0 0
103 103 97 97 97 89 89 89 89 89 94 94 94 98 98 98 104 104 105 105 105 106 106 106 106 106 104 104 104 106 106 106 106 106 102 102 98 98 98 91 91 91 85 85 74 74 74 62 62 62 54 54 46 46 46 39 39 37 37 37 46 46 46 69 69 78 78 78 69 69 0 0 0 0 0 0 0 0 0 0 0 0 0 0 0 0 0 0 0 0 0 0 0 0 0 0
