SEB_model/sample_data_files/historical_long/hillshade_historical_long/sepnoon.txt
ncols         768
nrows         486
xllcorner     388353.95236715
yllcorner     7583725.4876181
cellsize      5
NODATA_value  -9999
[rows 344 to 386 of 486, columns 576 to 671 of 768]
90 90 90 93 93 93 99 99 103 103 103 103 103 103 99 99 86 86 86 74 74 69 69 69 66 66 66 66 66 67 67 67 70 70 70 73 73 76 76 76 79 79 80 80 80 79 79 79 78 78 76 76 76 73 73 71 71 71 69 69 69 68 68 67 67 67 66 66 66 66 66 64 64 64 61 61 60 60 60 58 58 58 55 55 51 51 51 48 48 47 47 47 44 44 44 42
90 90 90 93 93 93 99 99 103 103 103 103 103 103 99 99 86 86 86 74 74 69 69 69 66 66 66 66 66 67 67 67 70 70 70 73 73 76 76 76 79 79 80 80 80 79 79 79 78 78 76 76 76 73 73 71 71 71 69 69 69 68 68 67 67 67 66 66 66 66 66 64 64 64 61 61 60 60 60 58 58 58 55 55 51 51 51 48 48 47 47 47 44 44 44 42
90 90 90 93 93 93 99 99 103 103 103 103 103 103 99 99 86 86 86 74 74 69 69 69 66 66 66 66 66 67 67 67 70 70 70 73 73 76 76 76 79 79 80 80 80 79 79 79 78 78 76 76 76 73 73 71 71 71 69 69 69 68 68 67 67 67 66 66 66 66 66 64 64 64 61 61 60 60 60 58 58 58 55 55 51 51 51 48 48 47 47 47 44 44 44 42
99 99 99 96 96 96 100 100 106 106 106 109 109 109 108 108 98 98 98 84 84 77 77 77 73 73 73 68 68 66 66 66 74 74 74 81 81 82 82 82 84 84 84 84 84 83 83 83 83 83 82 82 82 80 80 78 78 78 75 75 75 75 75 74 74 74 72 72 72 70 70 68 68 68 67 67 66 66 66 66 66 66 66 66 64 64 64 60 60 58 58 58 55 55 55 52
99 99 99 96 96 96 100 100 106 106 106 109 109 109 108 108 98 98 98 84 84 77 77 77 73 73 73 68 68 66 66 66 74 74 74 81 81 82 82 82 84 84 84 84 84 83 83 83 83 83 82 82 82 80 80 78 78 78 75 75 75 75 75 74 74 74 72 72 72 70 70 68 68 68 67 67 66 66 66 66 66 66 66 66 64 64 64 60 60 58 58 58 55 55 55 52
99 99 99 96 96 96 100 100 106 106 106 109 109 109 108 108 98 98 98 84 84 77 77 77 73 73 73 68 68 66 66 66 74 74 74 81 81 82 82 82 84 84 84 84 84 83 83 83 83 83 82 82 82 80 80 78 78 78 75 75 75 75 75 74 74 74 72 72 72 70 70 68 68 68 67 67 66 66 66 66 66 66 66 66 64 64 64 60 60 58 58 58 55 55 55 52
97 97 97 97 97 97 98 98 101 101 101 103 103 103 103 103 97 97 97 87 87 75 75 75 66 66 66 63 63 65 65 65 74 74 74 83 83 84 84 84 84 84 84 84 84 83 83 83 83 83 81 81 81 79 79 78 78 78 76 76 76 76 76 75 75 75 73 73 73 70 70 68 68 68 66 66 64 64 64 63 63 63 64 64 62 62 62 57 57 54 54 54 50 50 50 47
97 97 97 97 97 97 98 98 101 101 101 103 103 103 103 103 97 97 97 87 87 75 75 75 66 66 66 63 63 65 65 65 74 74 74 83 83 84 84 84 84 84 84 84 84 83 83 83 83 83 81 81 81 79 79 78 78 78 76 76 76 76 76 75 75 75 73 73 73 70 70 68 68 68 66 66 64 64 64 63 63 63 64 64 62 62 62 57 57 54 54 54 50 50 50 47
90 90 90 95 95 95 99 99 97 97 97 97 97 97 97 97 92 92 92 85 85 77 77 77 70 70 70 75 75 79 79 79 79 79 79 81 81 83 83 83 84 84 84 84 84 82 82 82 82 82 80 80 80 78 78 76 76 76 75 75 75 74 74 73 73 73 72 72 72 71 71 69 69 69 67 67 64 64 64 59 59 59 54 54 50 50 50 47 47 43 43 43 40 40 40 37
90 90 90 95 95 95 99 99 97 97 97 97 97 97 97 97 92 92 92 85 85 77 77 77 70 70 70 75 75 79 79 79 79 79 79 81 81 83 83 83 84 84 84 84 84 82 82 82 82 82 80 80 80 78 78 76 76 76 75 75 75 74 74 73 73 73 72 72 72 71 71 69 69 69 67 67 64 64 64 59 59 59 54 54 50 50 50 47 47 43 43 43 40 40 40 37
90 90 90 95 95 95 99 99 97 97 97 97 97 97 97 97 92 92 92 85 85 77 77 77 70 70 70 75 75 79 79 79 79 79 79 81 81 83 83 83 84 84 84 84 84 82 82 82 82 82 80 80 80 78 78 76 76 76 75 75 75 74 74 73 73 73 72 72 72 71 71 69 69 69 67 67 64 64 64 59 59 59 54 54 50 50 50 47 47 43 43 43 40 40 40 37
93 93 93 95 95 95 96 96 93 93 93 90 90 90 90 90 88 88 88 84 84 79 79 79 77 77 77 78 78 76 76 76 73 73 73 73 73 77 77 77 82 82 83 83 83 81 81 81 79 79 77 77 77 75 75 73 73 73 72 72 72 70 70 70 70 70 69 69 69 68 68 66 66 66 63 63 59 59 59 54 54 54 48 48 46 46 46 46 46 44 44 44 41 41 41 37
93 93 93 95 95 95 96 96 93 93 93 90 90 90 90 90 88 88 88 84 84 79 79 79 77 77 77 78 78 76 76 76 73 73 73 73 73 77 77 77 82 82 83 83 83 81 81 81 79 79 77 77 77 75 75 73 73 73 72 72 72 70 70 70 70 70 69 69 69 68 68 66 66 66 63 63 59 59 59 54 54 54 48 48 46 46 46 46 46 44 44 44 41 41 41 37
97 97 97 93 93 93 91 91 87 87 87 82 82 82 83 83 84 84 84 82 82 78 78 78 72 72 72 66 66 59 59 59 56 56 56 60 60 64 64 64 69 69 72 72 72 73 73 73 70 70 67 67 67 65 65 63 63 63 60 60 60 58 58 56 56 56 54 54 54 52 52 50 50 50 47 47 45 45 45 43 43 43 42 42 42 42 42 42 42 42 42 42 38 38 38 33
97 97 97 93 93 93 91 91 87 87 87 82 82 82 83 83 84 84 84 82 82 78 78 78 72 72 72 66 66 59 59 59 56 56 56 60 60 64 64 64 69 69 72 72 72 73 73 73 70 70 67 67 67 65 65 63 63 63 60 60 60 58 58 56 56 56 54 54 54 52 52 50 50 50 47 47 45 45 45 43 43 43 42 42 42 42 42 42 42 42 42 42 38 38 38 33
97 97 97 93 93 93 91 91 87 87 87 82 82 82 83 83 84 84 84 82 82 78 78 78 72 72 72 66 66 59 59 59 56 56 56 60 60 64 64 64 69 69 72 72 72 73 73 73 70 70 67 67 67 65 65 63 63 63 60 60 60 58 58 56 56 56 54 54 54 52 52 50 50 50 47 47 45 45 45 43 43 43 42 42 42 42 42 42 42 42 42 42 38 38 38 33
90 90 90 90 90 90 90 90 87 87 87 83 83 83 84 84 87 87 87 87 87 85 85 85 80 80 80 76 76 71 71 71 64 64 64 63 63 67 67 67 68 68 69 69 69 69 69 69 68 68 66 66 66 63 63 61 61 61 58 58 58 56 56 53 53 53 51 51 51 49 49 49 49 49 49 49 48 48 48 47 47 47 46 46 46 46 46 47 47 47 47 47 45 45 45 41
90 90 90 90 90 90 90 90 87 87 87 83 83 83 84 84 87 87 87 87 87 85 85 85 80 80 80 76 76 71 71 71 64 64 64 63 63 67 67 67 68 68 69 69 69 69 69 69 68 68 66 66 66 63 63 61 61 61 58 58 58 56 56 53 53 53 51 51 51 49 49 49 49 49 49 49 48 48 48 47 47 47 46 46 46 46 46 47 47 47 47 47 45 45 45 41
90 90 90 90 90 90 90 90 87 87 87 83 83 83 84 84 87 87 87 87 87 85 85 85 80 80 80 76 76 71 71 71 64 64 64 63 63 67 67 67 68 68 69 69 69 69 69 69 68 68 66 66 66 63 63 61 61 61 58 58 58 56 56 53 53 53 51 51 51 49 49 49 49 49 49 49 48 48 48 47 47 47 46 46 46 46 46 47 47 47 47 47 45 45 45 41
79 79 79 79 79 79 84 84 86 86 86 87 87 87 87 87 86 86 86 85 85 84 84 84 82 82 82 79 79 76 76 76 70 70 70 63 63 63 63 63 66 66 64 64 64 61 61 61 60 60 58 58 58 56 56 54 54 54 52 52 52 51 51 49 49 49 48 48 48 48 48 48 48 48 48 48 48 48 48 47 47 47 46 46 44 44 44 42 42 41 41 41 42 42 42 42
79 79 79 79 79 79 84 84 86 86 86 87 87 87 87 87 86 86 86 85 85 84 84 84 82 82 82 79 79 76 76 76 70 70 70 63 63 63 63 63 66 66 64 64 64 61 61 61 60 60 58 58 58 56 56 54 54 54 52 52 52 51 51 49 49 49 48 48 48 48 48 48 48 48 48 48 48 48 48 47 47 47 46 46 44 44 44 42 42 41 41 41 42 42 42 42
79 79 79 76 76 76 82 82 88 88 88 88 88 88 85 85 82 82 82 82 82 83 83 83 82 82 82 79 79 75 75 75 74 74 74 70 70 63 63 63 60 60 58 58 58 54 54 54 53 53 52 52 52 51 51 50 50 50 49 49 49 49 49 49 49 49 48 48 48 48 48 48 48 48 48 48 48 48 48 48 48 48 47 47 44 44 44 42 42 40 40 40 42 42 42 44
79 79 79 76 76 76 82 82 88 88 88 88 88 88 85 85 82 82 82 82 82 83 83 83 82 82 82 79 79 75 75 75 74 74 74 70 70 63 63 63 60 60 58 58 58 54 54 54 53 53 52 52 52 51 51 50 50 50 49 49 49 49 49 49 49 49 48 48 48 48 48 48 48 48 48 48 48 48 48 48 48 48 47 47 44 44 44 42 42 40 40 40 42 42 42 44
79 79 79 76 76 76 82 82 88 88 88 88 88 88 85 85 82 82 82 82 82 83 83 83 82 82 82 79 79 75 75 75 74 74 74 70 70 63 63 63 60 60 58 58 58 54 54 54 53 53 52 52 52 51 51 50 50 50 49 49 49 49 49 49 49 49 48 48 48 48 48 48 48 48 48 48 48 48 48 48 48 48 47 47 44 44 44 42 42 40 40 40 42 42 42 44
81 81 81 78 78 78 79 79 79 79 79 76 76 76 75 75 77 77 77 78 78 79 79 79 79 79 79 79 79 75 75 75 72 72 72 68 68 62 62 62 56 56 54 54 54 52 52 52 51 51 51 51 51 49 49 48 48 48 48 48 48 48 48 48 48 48 49 49 49 49 49 49 49 49 48 48 48 48 48 47 47 47 46 46 44 44 44 43 43 42 42 42 41 41 41 69
81 81 81 78 78 78 79 79 79 79 79 76 76 76 75 75 77 77 77 78 78 79 79 79 79 79 79 79 79 75 75 75 72 72 72 68 68 62 62 62 56 56 54 54 54 52 52 52 51 51 51 51 51 49 49 48 48 48 48 48 48 48 48 48 48 48 49 49 49 49 49 49 49 49 48 48 48 48 48 47 47 47 46 46 44 44 44 43 43 42 42 42 41 41 41 69
69 69 69 63 63 63 58 58 56 56 56 59 59 59 63 63 66 66 66 67 67 66 66 66 65 65 65 65 65 64 64 64 61 61 61 56 56 51 51 51 49 49 48 48 48 46 46 46 45 45 44 44 44 42 42 41 41 41 40 40 40 40 40 41 41 41 43 43 43 44 44 44 44 44 43 43 42 42 42 40 40 40 39 39 37 37 37 33 33 60 60 60 128 -9999 -9999 -9999
69 69 69 63 63 63 58 58 56 56 56 59 59 59 63 63 66 66 66 67 67 66 66 66 65 65 65 65 65 64 64 64 61 61 61 56 56 51 51 51 49 49 48 48 48 46 46 46 45 45 44 44 44 42 42 41 41 41 40 40 40 40 40 41 41 41 43 43 43 44 44 44 44 44 43 43 42 42 42 40 40 40 39 39 37 37 37 33 33 60 60 -9999 -9999 -9999 -9999 -9999
69 69 69 63 63 63 58 58 56 56 56 59 59 59 63 63 66 66 66 67 67 66 66 66 65 65 65 65 65 64 64 64 61 61 61 56 56 51 51 51 49 49 48 48 48 46 46 46 45 45 44 44 44 42 42 41 41 41 40 40 40 40 40 41 41 41 43 43 43 44 44 44 44 44 43 43 42 42 42 40 40 40 39 39 37 37 37 33 33 60 -9999 -9999 -9999 -9999 -9999 -9999
63 63 63 58 58 58 55 55 56 56 56 57 57 57 58 58 59 59 59 59 59 60 60 60 60 60 60 59 59 59 59 59 60 60 60 59 59 56 56 56 53 53 52 52 52 51 51 51 49 49 47 47 47 46 46 45 45 45 45 45 45 46 46 46 46 46 48 48 48 50 50 50 50 50 50 50 48 48 48 46 46 46 43 43 41 41 41 70 70 -9999 -9999 -9999 -9999 -9999 -9999 -9999
63 63 63 58 58 58 55 55 56 56 56 57 57 57 58 58 59 59 59 59 59 60 60 60 60 60 60 59 59 59 59 59 60 60 60 59 59 56 56 56 53 53 52 52 52 51 51 51 49 49 47 47 47 46 46 45 45 45 45 45 45 46 46 46 46 46 48 48 48 50 50 50 50 50 50 50 48 48 48 46 46 46 43 43 41 41 41 70 -9999 -9999 -9999 -9999 -9999 -9999 -9999 -9999
63 63 63 58 58 58 55 55 56 56 56 57 57 57 58 58 59 59 59 59 59 60 60 60 60 60 60 59 59 59 59 59 60 60 60 59 59 56 56 56 53 53 52 52 52 51 51 51 49 49 47 47 47 46 46 45 45 45 45 45 45 46 46 46 46 46 48 48 48 50 50 50 50 50 50 50 48 48 48 46 46 46 43 43 41 41 -9999 -9999 -9999 -9999 -9999 -9999 -9999 -9999 -9999 -9999
61 61 61 59 59 59 58 58 55 55 55 51 51 51 49 49 50 50 50 54 54 57 57 57 57 57 57 56 56 55 55 55 56 56 56 57 57 56 56 56 54 54 52 52 52 50 50 50 48 48 46 46 46 45 45 43 43 43 41 41 41 41 41 42 42 42 45 45 45 48 48 48 48 48 44 44 40 40 40 69 69 69 136 136 -9999 -9999 -9999 -9999 -9999 -9999 -9999 -9999 -9999 -9999 -9999 -9999
61 61 61 59 59 59 58 58 55 55 55 51 51 51 49 49 50 50 50 54 54 57 57 57 57 57 57 56 56 55 55 55 56 56 56 57 57 56 56 56 54 54 52 52 52 50 50 50 48 48 46 46 46 45 45 43 43 43 41 41 41 41 41 42 42 42 45 45 45 48 48 48 48 48 44 44 40 40 40 69 -9999 -9999 -9999 -9999 -9999 -9999 -9999 -9999 -9999 -9999 -9999 -9999 -9999 -9999 -9999 -9999
58 58 58 56 56 56 55 55 52 52 52 50 50 50 50 50 51 51 51 49 49 46 46 46 46 46 46 48 48 50 50 50 49 49 49 48 48 46 46 46 45 45 44 44 44 42 42 42 39 39 37 37 37 33 33 28 28 28 24 24 24 22 22 22 22 22 23 23 23 23 23 23 23 23 56 56 131 -9999 -9999 -9999 -9999 -9999 -9999 -9999 -9999 -9999 -9999 -9999 -9999 -9999 -9999 -9999 -9999 -9999 -9999 -9999
58 58 58 56 56 56 55 55 52 52 52 50 50 50 50 50 51 51 51 49 49 46 46 46 46 46 46 48 48 50 50 50 49 49 49 48 48 46 46 46 45 45 44 44 44 42 42 42 39 39 37 37 37 33 33 28 28 28 24 24 24 22 22 22 22 22 23 23 23 23 23 23 23 23 56 56 -9999 -9999 -9999 -9999 -9999 -9999 -9999 -9999 -9999 -9999 -9999 -9999 -9999 -9999 -9999 -9999 -9999 -9999 -9999 -9999
58 58 58 56 56 56 55 55 52 52 52 50 50 50 50 50 51 51 51 49 49 46 46 46 46 46 46 48 48 50 50 50 49 49 49 48 48 46 46 46 45 45 44 44 44 42 42 42 39 39 37 37 37 33 33 28 28 28 24 24 24 22 22 22 22 22 23 23 23 23 23 23 23 23 56 -9999 -9999 -9999 -9999 -9999 -9999 -9999 -9999 -9999 -9999 -9999 -9999 -9999 -9999 -9999 -9999 -9999 -9999 -9999 -9999 -9999
62 62 62 60 60 60 60 60 60 60 60 59 59 59 58 58 56 56 56 52 52 49 49 49 50 50 50 54 54 55 55 55 49 49 49 44 44 43 43 43 44 44 45 45 45 44 44 44 43 43 41 41 41 36 36 32 32 32 29 29 29 27 27 24 24 24 21 21 21 19 19 56 56 56 -9999 -9999 -9999 -9999 -9999 -9999 -9999 -9999 -9999 -9999 -9999 -9999 -9999 -9999 -9999 -9999 -9999 -9999 -9999 -9999 -9999 -9999
62 62 62 60 60 60 60 60 60 60 60 59 59 59 58 58 56 56 56 52 52 49 49 49 50 50 50 54 54 55 55 55 49 49 49 44 44 43 43 43 44 44 45 45 45 44 44 44 43 43 41 41 41 36 36 32 32 32 29 29 29 27 27 24 24 24 21 21 21 19 19 56 56 56 -9999 -9999 -9999 -9999 -9999 -9999 -9999 -9999 -9999 -9999 -9999 -9999 -9999 -9999 -9999 -9999 -9999 -9999 -9999 -9999 -9999 -9999
62 62 62 60 60 60 60 60 60 60 60 59 59 59 58 58 56 56 56 52 52 49 49 49 50 50 50 54 54 55 55 55 49 49 49 44 44 43 43 43 44 44 45 45 45 44 44 44 43 43 41 41 41 36 36 32 32 32 29 29 29 27 27 24 24 24 21 21 21 19 19 56 56 -9999 -9999 -9999 -9999 -9999 -9999 -9999 -9999 -9999 -9999 -9999 -9999 -9999 -9999 -9999 -9999 -9999 -9999 -9999 -9999 -9999 -9999 -9999
64 64 64 62 62 62 61 61 60 60 60 58 58 58 55 55 53 53 53 55 55 58 58 58 60 60 60 59 59 54 54 54 47 47 47 45 45 45 45 45 44 44 43 43 43 42 42 42 39 39 34 34 34 28 28 25 25 25 24 24 24 22 22 19 19 19 0 0 0 0 0 0 0 -9999 -9999 -9999 -9999 -9999 -9999 -9999 -9999 -9999 -9999 -9999 -9999 -9999 -9999 -9999 -9999 -9999 -9999 -9999 -9999 -9999 -9999 -9999
64 64 64 62 62 62 61 61 60 60 60 58 58 58 55 55 53 53 53 55 55 58 58 58 60 60 60 59 59 54 54 54 47 47 47 45 45 45 45 45 44 44 43 43 43 42 42 42 39 39 34 34 34 28 28 25 25 25 24 24 24 22 22 19 19 19 0 0 0 0 0 0 0 -9999 -9999 -9999 -9999 -9999 -9999 -9999 -9999 -9999 -9999 -9999 -9999 -9999 -9999 -9999 -9999 -9999 -9999 -9999 -9999 -9999 -9999 -9999
66 66 66 64 64 64 62 62 61 61 61 60 60 60 59 59 57 57 57 56 56 56 56 56 55 55 55 52 52 51 51 51 52 52 52 54 54 53 53 53 48 48 43 43 43 41 41 41 38 38 33 33 33 25 25 22 22 22 22 22 22 22 22 19 19 19 15 15 15 14 14 0 0 0 0 -9999 -9999 -9999 -9999 -9999 -9999 -9999 -9999 -9999 -9999 -9999 -9999 -9999 -9999 -9999 -9999 -9999 -9999 -9999 -9999 -9999
