SEB_model/sample_data_files/historical_long/hillshade_historical_long/sepnoon.txt
ncols         768
nrows         486
xllcorner     388353.95236715
yllcorner     7583725.4876181
cellsize      5
NODATA_value  -9999
[rows 86 to 128 of 486, columns 288 to 383 of 768]
198 202 202 202 202 202 201 201 201 198 198 191 191 191 185 185 173 173 173 160 160 160 154 154 145 145 145 137 137 129 129 129 120 120 120 120 120 121 121 121 119 119 119 119 119 118 118 118 118 118 116 116 116 110 110 110 107 107 103 103 103 98 98 97 97 97 98 98 98 98 98 97 97 97 97 97 97 100 100 102 102 102 103 103 104 104 104 104 104 104 105 105 106 106 106 108
198 202 202 202 202 202 201 201 201 198 198 191 191 191 185 185 173 173 173 160 160 160 154 154 145 145 145 137 137 129 129 129 120 120 120 120 120 121 121 121 119 119 119 119 119 118 118 118 118 118 116 116 116 110 110 110 107 107 103 103 103 98 98 97 97 97 98 98 98 98 98 97 97 97 97 97 97 100 100 102 102 102 103 103 104 104 104 104 104 104 105 105 106 106 106 108
193 196 196 196 196 196 195 195 195 192 192 183 183 183 174 174 163 163 163 152 152 152 148 148 140 140 140 131 131 125 125 125 117 117 117 115 115 114 114 114 112 112 112 114 114 113 113 113 111 111 108 108 108 104 104 104 102 102 101 101 101 100 100 98 98 98 96 96 96 97 97 97 97 97 97 97 97 99 99 101 101 101 101 101 102 102 102 101 101 101 102 102 103 103 103 104
193 196 196 196 196 196 195 195 195 192 192 183 183 183 174 174 163 163 163 152 152 152 148 148 140 140 140 131 131 125 125 125 117 117 117 115 115 114 114 114 112 112 112 114 114 113 113 113 111 111 108 108 108 104 104 104 102 102 101 101 101 100 100 98 98 98 96 96 96 97 97 97 97 97 97 97 97 99 99 101 101 101 101 101 102 102 102 101 101 101 102 102 103 103 103 104
193 196 196 196 196 196 195 195 195 192 192 183 183 183 174 174 163 163 163 152 152 152 148 148 140 140 140 131 131 125 125 125 117 117 117 115 115 114 114 114 112 112 112 114 114 113 113 113 111 111 108 108 108 104 104 104 102 102 101 101 101 100 100 98 98 98 96 96 96 97 97 97 97 97 97 97 97 99 99 101 101 101 101 101 102 102 102 101 101 101 102 102 103 103 103 104
191 193 193 192 192 192 189 189 189 183 183 174 174 174 169 169 162 162 162 153 153 153 149 149 141 141 141 134 134 129 129 129 122 122 122 116 116 112 112 112 109 109 109 110 110 108 108 108 105 105 102 102 102 100 100 100 100 100 100 100 100 99 99 98 98 98 95 95 95 96 96 97 97 97 97 97 97 98 98 98 98 98 98 98 97 97 97 96 96 96 97 97 100 100 100 102
191 193 193 192 192 192 189 189 189 183 183 174 174 174 169 169 162 162 162 153 153 153 149 149 141 141 141 134 134 129 129 129 122 122 122 116 116 112 112 112 109 109 109 110 110 108 108 108 105 105 102 102 102 100 100 100 100 100 100 100 100 99 99 98 98 98 95 95 95 96 96 97 97 97 97 97 97 98 98 98 98 98 98 98 97 97 97 96 96 96 97 97 100 100 100 102
163 161 161 157 157 157 152 152 152 147 147 144 144 144 144 144 141 141 141 134 134 134 131 131 125 125 125 121 121 118 118 118 113 113 113 110 110 105 105 105 100 100 100 98 98 98 98 98 97 97 96 96 96 94 94 94 96 96 96 96 96 96 96 95 95 95 95 95 95 95 95 96 96 96 97 97 97 97 97 97 97 97 96 96 94 94 94 94 94 94 96 96 98 98 98 100
163 161 161 157 157 157 152 152 152 147 147 144 144 144 144 144 141 141 141 134 134 134 131 131 125 125 125 121 121 118 118 118 113 113 113 110 110 105 105 105 100 100 100 98 98 98 98 98 97 97 96 96 96 94 94 94 96 96 96 96 96 96 96 95 95 95 95 95 95 95 95 96 96 96 97 97 97 97 97 97 97 97 96 96 94 94 94 94 94 94 96 96 98 98 98 100
163 161 161 157 157 157 152 152 152 147 147 144 144 144 144 144 141 141 141 134 134 134 131 131 125 125 125 121 121 118 118 118 113 113 113 110 110 105 105 105 100 100 100 98 98 98 98 98 97 97 96 96 96 94 94 94 96 96 96 96 96 96 96 95 95 95 95 95 95 95 95 96 96 96 97 97 97 97 97 97 97 97 96 96 94 94 94 94 94 94 96 96 98 98 98 100
127 124 124 122 122 122 121 121 121 122 122 123 123 123 127 127 127 127 127 123 123 123 123 123 120 120 120 114 114 110 110 110 110 110 110 112 112 106 106 106 97 97 97 94 94 92 92 92 92 92 92 92 92 90 90 90 88 88 89 89 89 92 92 94 94 94 95 95 95 95 95 95 95 95 95 95 95 96 96 95 95 95 93 93 95 95 95 98 98 98 100 100 99 99 99 100
127 124 124 122 122 122 121 121 121 122 122 123 123 123 127 127 127 127 127 123 123 123 123 123 120 120 120 114 114 110 110 110 110 110 110 112 112 106 106 106 97 97 97 94 94 92 92 92 92 92 92 92 92 90 90 90 88 88 89 89 89 92 92 94 94 94 95 95 95 95 95 95 95 95 95 95 95 96 96 95 95 95 93 93 95 95 95 98 98 98 100 100 99 99 99 100
121 119 119 120 120 120 122 122 122 122 122 120 120 120 124 124 126 126 126 124 124 124 122 122 120 120 120 116 116 113 113 113 116 116 116 128 128 137 137 137 139 139 139 138 138 129 129 129 119 119 116 116 116 129 129 129 154 154 166 166 166 151 151 117 117 117 92 92 92 91 91 94 94 94 94 94 94 94 94 92 92 92 94 94 98 98 98 100 100 100 101 101 101 101 101 101
121 119 119 120 120 120 122 122 122 122 122 120 120 120 124 124 126 126 126 124 124 124 122 122 120 120 120 116 116 113 113 113 116 116 116 128 128 137 137 137 139 139 139 138 138 129 129 129 119 119 116 116 116 129 129 129 154 154 166 166 166 151 151 117 117 117 92 92 92 91 91 94 94 94 94 94 94 94 94 92 92 92 94 94 98 98 98 100 100 100 101 101 101 101 101 101
121 119 119 120 120 120 122 122 122 122 122 120 120 120 124 124 126 126 126 124 124 124 122 122 120 120 120 116 116 113 113 113 116 116 116 128 128 137 137 137 139 139 139 138 138 129 129 129 119 119 116 116 116 129 129 129 154 154 166 166 166 151 151 117 117 117 92 92 92 91 91 94 94 94 94 94 94 94 94 92 92 92 94 94 98 98 98 100 100 100 101 101 101 101 101 101
121 116 116 114 114 114 115 115 115 116 116 114 114 114 114 114 115 115 115 114 114 114 111 111 109 109 109 112 112 114 114 114 117 117 117 134 134 156 156 156 172 172 172 181 181 178 178 178 172 172 173 173 173 178 178 178 191 191 195 195 195 177 177 148 148 148 126 126 126 120 120 120 120 120 115 115 115 106 106 99 99 99 99 99 101 101 101 100 100 100 100 100 101 101 101 101
121 116 116 114 114 114 115 115 115 116 116 114 114 114 114 114 115 115 115 114 114 114 111 111 109 109 109 112 112 114 114 114 117 117 117 134 134 156 156 156 172 172 172 181 181 178 178 178 172 172 173 173 173 178 178 178 191 191 195 195 195 177 177 148 148 148 126 126 126 120 120 120 120 120 115 115 115 106 106 99 99 99 99 99 101 101 101 100 100 100 100 100 101 101 101 101
121 116 116 114 114 114 115 115 115 116 116 114 114 114 114 114 115 115 115 114 114 114 111 111 109 109 109 112 112 114 114 114 117 117 117 134 134 156 156 156 172 172 172 181 181 178 178 178 172 172 173 173 173 178 178 178 191 191 195 195 195 177 177 148 148 148 126 126 126 120 120 120 120 120 115 115 115 106 106 99 99 99 99 99 101 101 101 100 100 100 100 100 101 101 101 101
129 128 128 129 129 129 135 135 135 142 142 141 141 141 135 135 123 123 123 114 114 114 111 111 111 111 111 114 114 119 119 119 120 120 120 124 124 131 131 131 142 142 142 158 158 168 168 168 175 175 181 181 181 178 178 178 178 178 180 180 180 187 187 199 199 199 200 200 200 194 194 184 184 184 163 163 163 136 136 114 114 114 103 103 101 101 101 101 101 101 101 101 100 100 100 100
129 128 128 129 129 129 135 135 135 142 142 141 141 141 135 135 123 123 123 114 114 114 111 111 111 111 111 114 114 119 119 119 120 120 120 124 124 131 131 131 142 142 142 158 158 168 168 168 175 175 181 181 181 178 178 178 178 178 180 180 180 187 187 199 199 199 200 200 200 194 194 184 184 184 163 163 163 136 136 114 114 114 103 103 101 101 101 101 101 101 101 101 100 100 100 100
138 144 144 149 149 149 159 159 159 170 170 174 174 174 168 168 153 153 153 135 135 135 127 127 123 123 123 121 121 117 117 117 109 109 109 96 96 76 76 76 62 62 62 72 72 98 98 98 123 123 129 129 129 113 113 113 0 0 0 0 0 0 0 186 186 186 208 208 208 212 212 206 206 206 191 191 191 169 169 143 143 143 119 119 106 106 106 106 106 106 111 111 111 111 111 109
138 144 144 149 149 149 159 159 159 170 170 174 174 174 168 168 153 153 153 135 135 135 127 127 123 123 123 121 121 117 117 117 109 109 109 96 96 76 76 76 62 62 62 72 72 98 98 98 123 123 129 129 129 113 113 113 0 0 0 0 0 0 0 186 186 186 208 208 208 212 212 206 206 206 191 191 191 169 169 143 143 143 119 119 106 106 106 106 106 106 111 111 111 111 111 109
138 144 144 149 149 149 159 159 159 170 170 174 174 174 168 168 153 153 153 135 135 135 127 127 123 123 123 121 121 117 117 117 109 109 109 96 96 76 76 76 62 62 62 72 72 98 98 98 123 123 129 129 129 113 113 113 0 0 0 0 0 0 0 186 186 186 208 208 208 212 212 206 206 206 191 191 191 169 169 143 143 143 119 119 106 106 106 106 106 106 111 111 111 111 111 109
141 145 145 148 148 148 152 152 152 161 161 167 167 167 168 168 162 162 162 152 152 152 144 144 135 135 135 123 123 110 110 110 94 94 94 74 74 45 45 45 20 20 20 16 16 32 32 32 48 48 42 42 42 0 0 0 0 0 6 6 6 44 44 95 95 95 0 0 0 0 0 152 152 152 159 159 159 167 167 167 167 167 154 154 137 137 137 127 127 127 126 126 128 128 128 126
141 145 145 148 148 148 152 152 152 161 161 167 167 167 168 168 162 162 162 152 152 152 144 144 135 135 135 123 123 110 110 110 94 94 94 74 74 45 45 45 20 20 20 16 16 32 32 32 48 48 42 42 42 0 0 0 0 0 6 6 6 44 44 95 95 95 0 0 0 0 0 152 152 152 159 159 159 167 167 167 167 167 154 154 137 137 137 127 127 127 126 126 128 128 128 126
158 147 147 130 130 130 116 116 116 110 110 113 113 113 126 126 140 140 140 149 149 149 151 151 144 144 144 129 129 113 113 113 97 97 97 88 88 77 77 77 61 61 61 46 46 34 34 34 23 23 7 7 7 2 2 2 14 14 26 26 26 0 0 0 0 0 0 0 0 0 0 0 0 0 68 68 68 120 120 157 157 157 170 170 166 166 166 152 152 152 141 141 139 139 139 140
158 147 147 130 130 130 116 116 116 110 110 113 113 113 126 126 140 140 140 149 149 149 151 151 144 144 144 129 129 113 113 113 97 97 97 88 88 77 77 77 61 61 61 46 46 34 34 34 23 23 7 7 7 2 2 2 14 14 26 26 26 0 0 0 0 0 0 0 0 0 0 0 0 0 68 68 68 120 120 157 157 157 170 170 166 166 166 152 152 152 141 141 139 139 139 140
158 147 147 130 130 130 116 116 116 110 110 113 113 113 126 126 140 140 140 149 149 149 151 151 144 144 144 129 129 113 113 113 97 97 97 88 88 77 77 77 61 61 61 46 46 34 34 34 23 23 7 7 7 2 2 2 14 14 26 26 26 0 0 0 0 0 0 0 0 0 0 0 0 0 68 68 68 120 120 157 157 157 170 170 166 166 166 152 152 152 141 141 139 139 139 140
151 134 134 108 108 108 81 81 81 60 60 56 56 56 74 74 103 103 103 124 124 124 137 137 140 140 140 134 134 118 118 118 101 101 101 95 95 96 96 96 94 94 94 81 81 60 60 60 41 41 34 34 34 37 37 37 41 41 30 30 30 8 8 0 0 0 0 0 0 0 0 0 0 0 0 0 0 0 0 92 92 92 133 133 160 160 160 164 164 164 153 153 143 143 143 142
151 134 134 108 108 108 81 81 81 60 60 56 56 56 74 74 103 103 103 124 124 124 137 137 140 140 140 134 134 118 118 118 101 101 101 95 95 96 96 96 94 94 94 81 81 60 60 60 41 41 34 34 34 37 37 37 41 41 30 30 30 8 8 0 0 0 0 0 0 0 0 0 0 0 0 0 0 0 0 92 92 92 133 133 160 160 160 164 164 164 153 153 143 143 143 142
151 134 134 108 108 108 81 81 81 60 60 56 56 56 74 74 103 103 103 124 124 124 137 137 140 140 140 134 134 118 118 118 101 101 101 95 95 96 96 96 94 94 94 81 81 60 60 60 41 41 34 34 34 37 37 37 41 41 30 30 30 8 8 0 0 0 0 0 0 0 0 0 0 0 0 0 0 0 0 92 92 92 133 133 160 160 160 164 164 164 153 153 143 143 143 142
122 119 119 110 110 110 90 90 90 67 67 58 58 58 73 73 93 93 93 103 103 103 110 110 119 119 119 129 129 127 127 127 114 114 114 102 102 95 95 95 89 89 89 79 79 65 65 65 56 56 56 56 56 60 60 60 63 63 59 59 59 49 49 34 34 34 20 20 20 16 16 21 21 21 30 30 30 38 38 49 49 49 75 75 113 113 113 143 143 143 152 152 151 151 151 151
122 119 119 110 110 110 90 90 90 67 67 58 58 58 73 73 93 93 93 103 103 103 110 110 119 119 119 129 129 127 127 127 114 114 114 102 102 95 95 95 89 89 89 79 79 65 65 65 56 56 56 56 56 60 60 60 63 63 59 59 59 49 49 34 34 34 20 20 20 16 16 21 21 21 30 30 30 38 38 49 49 49 75 75 113 113 113 143 143 143 152 152 151 151 151 151
89 102 102 109 109 109 103 103 103 90 90 81 81 81 84 84 93 93 93 96 96 96 93 93 95 95 95 109 109 125 125 125 129 129 129 121 121 104 104 104 88 88 88 82 82 81 81 81 82 82 79 79 79 77 77 77 77 77 72 72 72 64 64 59 59 59 63 63 63 73 73 77 77 77 83 83 83 90 90 87 87 87 75 75 74 74 74 98 98 98 126 126 139 139 139 140
89 102 102 109 109 109 103 103 103 90 90 81 81 81 84 84 93 93 93 96 96 96 93 93 95 95 95 109 109 125 125 125 129 129 129 121 121 104 104 104 88 88 88 82 82 81 81 81 82 82 79 79 79 77 77 77 77 77 72 72 72 64 64 59 59 59 63 63 63 73 73 77 77 77 83 83 83 90 90 87 87 87 75 75 74 74 74 98 98 98 126 126 139 139 139 140
89 102 102 109 109 109 103 103 103 90 90 81 81 81 84 84 93 93 93 96 96 96 93 93 95 95 95 109 109 125 125 125 129 129 129 121 121 104 104 104 88 88 88 82 82 81 81 81 82 82 79 79 79 77 77 77 77 77 72 72 72 64 64 59 59 59 63 63 63 73 73 77 77 77 83 83 83 90 90 87 87 87 75 75 74 74 74 98 98 98 126 126 139 139 139 140
78 85 85 88 88 88 90 90 90 91 91 83 83 83 73 73 73 73 73 83 83 83 88 88 83 83 83 85 85 103 103 103 119 119 119 118 118 107 107 107 100 100 100 101 101 104 104 104 104 104 99 99 99 90 90 90 80 80 72 72 72 73 73 82 82 82 92 92 92 99 99 98 98 98 99 99 99 114 114 125 125 125 114 114 87 87 87 75 75 75 91 91 106 106 106 109
78 85 85 88 88 88 90 90 90 91 91 83 83 83 73 73 73 73 73 83 83 83 88 88 83 83 83 85 85 103 103 103 119 119 119 118 118 107 107 107 100 100 100 101 101 104 104 104 104 104 99 99 99 90 90 90 80 80 72 72 72 73 73 82 82 82 92 92 92 99 99 98 98 98 99 99 99 114 114 125 125 125 114 114 87 87 87 75 75 75 91 91 106 106 106 109
78 85 85 88 88 88 90 90 90 91 91 83 83 83 73 73 73 73 73 83 83 83 88 88 83 83 83 85 85 103 103 103 119 119 119 118 118 107 107 107 100 100 100 101 101 104 104 104 104 104 99 99 99 90 90 90 80 80 72 72 72 73 73 82 82 82 92 92 92 99 99 98 98 98 99 99 99 114 114 125 125 125 114 114 87 87 87 75 75 75 91 91 106 106 106 109
94 82 82 74 74 74 79 79 79 87 87 82 82 82 66 66 56 56 56 66 66 66 88 88 97 97 97 93 93 88 88 88 93 93 93 100 100 106 106 106 112 112 112 115 115 113 113 113 108 108 103 103 103 95 95 95 86 86 81 81 81 86 86 97 97 97 104 104 104 107 107 102 102 102 93 93 93 98 98 112 112 112 120 120 107 107 107 84 84 84 76 76 77 77 77 77
94 82 82 74 74 74 79 79 79 87 87 82 82 82 66 66 56 56 56 66 66 66 88 88 97 97 97 93 93 88 88 88 93 93 93 100 100 106 106 106 112 112 112 115 115 113 113 113 108 108 103 103 103 95 95 95 86 86 81 81 81 86 86 97 97 97 104 104 104 107 107 102 102 102 93 93 93 98 98 112 112 112 120 120 107 107 107 84 84 84 76 76 77 77 77 77
86 80 80 79 79 79 88 88 88 96 96 94 94 94 80 80 62 62 62 56 56 56 74 74 95 95 95 98 98 86 86 86 79 79 79 92 92 113 113 113 122 122 122 118 118 107 107 107 98 98 94 94 94 91 91 91 91 91 94 94 94 97 97 98 98 98 98 98 98 99 99 96 96 96 80 80 80 68 68 71 71 71 90 90 104 104 104 97 97 97 83 83 71 71 71 65
86 80 80 79 79 79 88 88 88 96 96 94 94 94 80 80 62 62 62 56 56 56 74 74 95 95 95 98 98 86 86 86 79 79 79 92 92 113 113 113 122 122 122 118 118 107 107 107 98 98 94 94 94 91 91 91 91 91 94 94 94 97 97 98 98 98 98 98 98 99 99 96 96 96 80 80 80 68 68 71 71 71 90 90 104 104 104 97 97 97 83 83 71 71 71 65
