SEB_model/sample_data_files/historical/Historical_Surfaces/1943surface.txt
ncols         559
nrows         351
xllcorner     388608.08691406
yllcorner     7584381.3441773
cellsize      5
NODATA_value  -9999
[rows 60 to 89 of 351, columns 330 to 395 of 559]
1071.68 1071.056 1070.434 1069.81 1069.173 1068.522 1067.85 1067.168 1066.468 1065.751 1064.954 1064.032 1063.069 1062.117 1061.219 1060.275 1059.28 1058.223 1057.119 1055.984 1054.85 1053.725 1052.602 1051.5 1050.428 1049.396 1048.384 1047.386 1046.405 1045.497 1044.547 1043.553 1042.449 1041.321 1040.149 1038.921 1037.66 1036.384 1035.003 1033.581 1032.182 1030.877 1029.582 1028.25 1026.905 1025.52 1024.12 1022.826 1021.764 1020.938 1020.253 1019.639 1019.069 1018.602 1018.198 1017.81 1017.397 1016.953 1016.405 1015.867 1015.376 1015.169 1015.009 1014.83 1014.438 1013.971
1071.044 1070.442 1069.841 1069.238 1068.629 1068.005 1067.368 1066.72 1066.064 1065.379 1064.564 1063.664 1062.731 1061.857 1060.984 1060.059 1059.056 1057.997 1056.886 1055.8 1054.661 1053.568 1052.441 1051.38 1050.318 1049.303 1048.306 1047.329 1046.35 1045.439 1044.481 1043.499 1042.408 1041.3 1040.146 1038.951 1037.714 1036.456 1035.08 1033.68 1032.269 1030.963 1029.653 1028.359 1027.02 1025.594 1024.133 1022.833 1021.817 1021.021 1020.323 1019.683 1019.101 1018.592 1018.157 1017.705 1017.247 1016.727 1016.197 1015.647 1015.146 1014.865 1014.613 1014.341 1013.811 1013.25
1070.4 1069.819 1069.241 1068.663 1068.081 1067.483 1066.88 1066.267 1065.644 1064.988 1064.193 1063.318 1062.419 1061.588 1060.749 1059.821 1058.793 1057.71 1056.624 1055.566 1054.467 1053.383 1052.296 1051.256 1050.221 1049.212 1048.233 1047.272 1046.314 1045.373 1044.394 1043.398 1042.342 1041.266 1040.142 1038.977 1037.773 1036.554 1035.189 1033.782 1032.347 1030.998 1029.686 1028.389 1027.146 1025.678 1024.205 1022.849 1021.871 1021.07 1020.34 1019.672 1019.071 1018.515 1018.089 1017.647 1017.224 1016.721 1016.162 1015.535 1014.941 1014.528 1014.166 1013.751 1013.146 1012.538
1069.753 1069.19 1068.632 1068.078 1067.523 1066.949 1066.376 1065.795 1065.21 1064.528 1063.707 1062.857 1062.041 1061.301 1060.495 1059.566 1058.519 1057.441 1056.376 1055.329 1054.238 1053.186 1052.128 1051.117 1050.093 1049.119 1048.156 1047.207 1046.252 1045.283 1044.293 1043.292 1042.269 1041.225 1040.133 1039.001 1037.825 1036.625 1035.251 1033.843 1032.403 1031.069 1029.735 1028.44 1027.191 1025.694 1024.235 1022.881 1021.934 1021.088 1020.322 1019.625 1019 1018.44 1018.024 1017.61 1017.189 1016.66 1016.109 1015.453 1014.821 1014.249 1013.756 1013.216 1012.573 1011.922
1069.093 1068.552 1068.011 1067.479 1066.95 1066.408 1065.863 1065.312 1064.753 1064.049 1063.249 1062.422 1061.681 1060.967 1060.167 1059.237 1058.202 1057.139 1056.097 1055.038 1053.983 1052.951 1051.957 1050.97 1049.985 1049.019 1048.076 1047.142 1046.209 1045.224 1044.222 1043.209 1042.214 1041.197 1040.133 1039.021 1037.86 1036.681 1035.311 1033.9 1032.457 1031.135 1029.802 1028.481 1027.224 1025.829 1024.445 1023.119 1022.051 1021.113 1020.276 1019.562 1018.925 1018.354 1017.901 1017.505 1017.086 1016.567 1015.943 1015.276 1014.591 1013.972 1013.377 1012.764 1012.089 1011.381
1068.428 1067.894 1067.376 1066.861 1066.349 1065.839 1065.329 1064.816 1064.279 1063.551 1062.777 1061.971 1061.291 1060.577 1059.762 1058.83 1057.837 1056.814 1055.797 1054.736 1053.71 1052.732 1051.772 1050.823 1049.853 1048.922 1047.986 1047.062 1046.134 1045.172 1044.193 1043.194 1042.205 1041.194 1040.144 1039.041 1037.889 1036.706 1035.352 1033.952 1032.514 1031.211 1029.879 1028.584 1027.303 1026.001 1024.68 1023.378 1022.207 1021.156 1020.24 1019.464 1018.774 1018.136 1017.561 1017.05 1016.669 1016.239 1015.73 1015.053 1014.337 1013.657 1013.014 1012.374 1011.656 1010.92
1067.761 1067.229 1066.717 1066.224 1065.726 1065.244 1064.769 1064.296 1063.788 1063.094 1062.349 1061.566 1060.88 1060.133 1059.282 1058.369 1057.417 1056.443 1055.437 1054.419 1053.444 1052.503 1051.578 1050.653 1049.724 1048.807 1047.899 1046.993 1046.085 1045.137 1044.172 1043.189 1042.21 1041.208 1040.162 1039.063 1037.91 1036.719 1035.373 1033.978 1032.556 1031.249 1029.937 1028.651 1027.396 1026.178 1024.919 1023.635 1022.364 1021.21 1020.216 1019.393 1018.677 1017.99 1017.299 1016.647 1016.144 1015.79 1015.363 1014.76 1013.981 1013.292 1012.638 1011.967 1011.241 1010.466
1067.098 1066.555 1066.043 1065.554 1065.079 1064.621 1064.181 1063.745 1063.23 1062.575 1061.866 1061.149 1060.453 1059.669 1058.813 1057.911 1057.003 1056.06 1055.09 1054.122 1053.193 1052.298 1051.385 1050.486 1049.572 1048.693 1047.795 1046.915 1046.016 1045.094 1044.148 1043.188 1042.22 1041.225 1040.185 1039.09 1037.938 1036.746 1035.411 1034.024 1032.609 1031.304 1030.015 1028.759 1027.528 1026.312 1025.07 1023.783 1022.517 1021.314 1020.286 1019.416 1018.667 1017.934 1017.171 1016.406 1015.793 1015.321 1014.975 1014.425 1013.735 1012.926 1012.245 1011.551 1010.822 1009.993
1066.432 1065.881 1065.355 1064.865 1064.404 1063.972 1063.56 1063.15 1062.632 1062.026 1061.371 1060.722 1060.01 1059.205 1058.347 1057.488 1056.604 1055.697 1054.761 1053.841 1052.946 1052.078 1051.192 1050.307 1049.422 1048.559 1047.699 1046.836 1045.961 1045.057 1044.13 1043.185 1042.226 1041.239 1040.208 1039.121 1037.972 1036.778 1035.442 1034.059 1032.665 1031.377 1030.117 1028.877 1027.672 1026.465 1025.242 1023.98 1022.732 1021.538 1020.5 1019.626 1018.872 1018.135 1017.37 1016.594 1015.793 1015.113 1014.66 1014.158 1013.52 1012.637 1011.912 1011.162 1010.395 1009.448
1065.766 1065.199 1064.66 1064.156 1063.702 1063.287 1062.902 1062.509 1061.995 1061.453 1060.857 1060.259 1059.539 1058.729 1057.904 1057.068 1056.223 1055.355 1054.477 1053.597 1052.728 1051.879 1051.014 1050.148 1049.278 1048.44 1047.594 1046.757 1045.89 1045.014 1044.106 1043.182 1042.233 1041.253 1040.233 1039.153 1038.009 1036.819 1035.495 1034.13 1032.743 1031.465 1030.212 1029.017 1027.841 1026.674 1025.474 1024.254 1023.051 1021.898 1020.872 1019.982 1019.19 1018.423 1017.634 1016.846 1016.022 1015.157 1014.492 1013.899 1013.308 1012.423 1011.559 1010.755 1009.916 1008.918
1065.107 1064.512 1063.95 1063.436 1062.973 1062.568 1062.19 1061.797 1061.333 1060.863 1060.341 1059.761 1059.034 1058.252 1057.442 1056.649 1055.833 1055.013 1054.18 1053.343 1052.501 1051.664 1050.817 1049.977 1049.142 1048.317 1047.495 1046.664 1045.823 1044.969 1044.091 1043.18 1042.24 1041.266 1040.259 1039.186 1038.051 1036.866 1035.546 1034.185 1032.808 1031.555 1030.326 1029.171 1028.026 1026.901 1025.735 1024.571 1023.426 1022.332 1021.325 1020.42 1019.588 1018.784 1017.964 1017.144 1016.287 1015.397 1014.556 1013.78 1013.086 1012.226 1011.312 1010.337 1009.393 1008.359
1064.462 1063.828 1063.231 1062.695 1062.226 1061.817 1061.44 1061.05 1060.635 1060.204 1059.709 1059.154 1058.466 1057.737 1056.968 1056.215 1055.458 1054.681 1053.895 1053.1 1052.301 1051.485 1050.651 1049.821 1049.006 1048.203 1047.392 1046.58 1045.748 1044.923 1044.061 1043.176 1042.243 1041.281 1040.28 1039.216 1038.086 1036.906 1035.589 1034.25 1032.895 1031.665 1030.448 1029.33 1028.232 1027.159 1026.035 1024.914 1023.82 1022.772 1021.792 1020.886 1020.032 1019.197 1018.35 1017.484 1016.595 1015.67 1014.693 1013.763 1012.956 1012.09 1011.107 1010.012 1008.967 1007.894
1063.841 1063.161 1062.512 1061.94 1061.459 1061.052 1060.682 1060.291 1059.892 1059.468 1059.013 1058.495 1057.871 1057.202 1056.483 1055.78 1055.059 1054.335 1053.589 1052.838 1052.075 1051.287 1050.474 1049.657 1048.867 1048.089 1047.299 1046.497 1045.682 1044.878 1044.037 1043.169 1042.243 1041.297 1040.304 1039.252 1038.133 1036.964 1035.656 1034.323 1032.983 1031.766 1030.587 1029.48 1028.43 1027.393 1026.337 1025.26 1024.209 1023.198 1022.245 1021.348 1020.49 1019.644 1018.779 1017.885 1016.954 1015.988 1014.973 1013.91 1012.993 1012.034 1011.055 1009.849 1008.667 1007.488
1063.267 1062.534 1061.812 1061.192 1060.697 1060.306 1059.941 1059.558 1059.155 1058.74 1058.292 1057.803 1057.227 1056.624 1055.979 1055.332 1054.664 1053.989 1053.3 1052.588 1051.866 1051.109 1050.323 1049.518 1048.735 1047.975 1047.219 1046.445 1045.635 1044.843 1044.007 1043.163 1042.243 1041.309 1040.325 1039.287 1038.182 1037.026 1035.768 1034.445 1033.114 1031.872 1030.714 1029.65 1028.655 1027.67 1026.651 1025.603 1024.585 1023.611 1022.691 1021.809 1020.951 1020.102 1019.235 1018.314 1017.343 1016.325 1015.27 1014.164 1013.156 1012.113 1011.049 1009.812 1008.533 1007.237
1062.766 1061.995 1061.22 1060.556 1060.033 1059.636 1059.266 1058.873 1058.449 1058.046 1057.633 1057.17 1056.632 1056.061 1055.492 1054.89 1054.264 1053.63 1052.979 1052.32 1051.633 1050.901 1050.147 1049.37 1048.614 1047.865 1047.124 1046.366 1045.579 1044.813 1044.003 1043.163 1042.245 1041.319 1040.349 1039.321 1038.231 1037.091 1035.834 1034.502 1033.177 1031.961 1030.857 1029.809 1028.859 1027.905 1026.944 1025.929 1024.937 1023.99 1023.09 1022.234 1021.394 1020.559 1019.697 1018.767 1017.758 1016.688 1015.57 1014.425 1013.315 1012.207 1011.062 1009.798 1008.448 1007.076
1062.361 1061.581 1060.793 1060.122 1059.561 1059.12 1058.682 1058.253 1057.835 1057.458 1057.054 1056.592 1056.064 1055.54 1055.006 1054.457 1053.882 1053.288 1052.678 1052.055 1051.419 1050.715 1049.986 1049.233 1048.497 1047.765 1047.035 1046.292 1045.52 1044.751 1043.964 1043.143 1042.256 1041.33 1040.371 1039.351 1038.272 1037.148 1035.951 1034.632 1033.316 1032.086 1031.002 1029.981 1029.061 1028.154 1027.234 1026.24 1025.27 1024.334 1023.465 1022.632 1021.82 1020.993 1020.144 1019.213 1018.179 1017.048 1015.881 1014.682 1013.503 1012.313 1011.111 1009.814 1008.457 1007.034
1062.036 1061.281 1060.536 1059.862 1059.255 1058.726 1058.217 1057.733 1057.313 1056.932 1056.55 1056.077 1055.581 1055.076 1054.576 1054.046 1053.507 1052.946 1052.362 1051.773 1051.168 1050.513 1049.813 1049.087 1048.379 1047.666 1046.953 1046.215 1045.46 1044.715 1043.959 1043.147 1042.264 1041.338 1040.392 1039.387 1038.322 1037.215 1035.981 1034.669 1033.376 1032.208 1031.149 1030.119 1029.235 1028.365 1027.496 1026.523 1025.559 1024.634 1023.774 1022.972 1022.186 1021.382 1020.541 1019.614 1018.565 1017.409 1016.194 1014.962 1013.713 1012.476 1011.217 1009.883 1008.501 1007.063
1061.761 1061.048 1060.345 1059.674 1059.031 1058.42 1057.828 1057.271 1056.864 1056.485 1056.122 1055.625 1055.141 1054.657 1054.17 1053.669 1053.156 1052.635 1052.083 1051.513 1050.94 1050.309 1049.647 1048.943 1048.256 1047.57 1046.879 1046.168 1045.419 1044.662 1043.917 1043.13 1042.276 1041.355 1040.411 1039.421 1038.372 1037.277 1036.102 1034.813 1033.533 1032.332 1031.276 1030.27 1029.412 1028.576 1027.737 1026.778 1025.831 1024.919 1024.093 1023.309 1022.535 1021.723 1020.876 1019.947 1018.903 1017.74 1016.508 1015.243 1013.967 1012.685 1011.388 1010.013 1008.608 1007.145
1061.508 1060.832 1060.163 1059.49 1058.812 1058.138 1057.498 1056.891 1056.468 1056.088 1055.728 1055.232 1054.747 1054.28 1053.815 1053.335 1052.835 1052.323 1051.777 1051.213 1050.652 1050.069 1049.457 1048.796 1048.136 1047.469 1046.805 1046.109 1045.383 1044.669 1043.952 1043.173 1042.296 1041.371 1040.435 1039.456 1038.418 1037.329 1036.122 1034.841 1033.58 1032.433 1031.4 1030.405 1029.578 1028.768 1027.949 1027.003 1026.07 1025.18 1024.347 1023.579 1022.817 1022.022 1021.156 1020.22 1019.184 1018.044 1016.817 1015.541 1014.239 1012.927 1011.602 1010.204 1008.751 1007.247
1061.275 1060.646 1059.984 1059.313 1058.594 1057.877 1057.188 1056.54 1056.11 1055.726 1055.376 1054.874 1054.398 1053.931 1053.456 1052.999 1052.503 1052.016 1051.46 1050.922 1050.373 1049.799 1049.224 1048.623 1048.023 1047.385 1046.733 1046.056 1045.341 1044.622 1043.913 1043.15 1042.311 1041.393 1040.462 1039.485 1038.454 1037.382 1036.25 1034.985 1033.736 1032.542 1031.516 1030.532 1029.718 1028.933 1028.138 1027.217 1026.304 1025.422 1024.595 1023.845 1023.093 1022.3 1021.415 1020.472 1019.444 1018.322 1017.112 1015.833 1014.512 1013.175 1011.833 1010.413 1008.919 1007.373
1061.053 1060.466 1059.838 1059.144 1058.387 1057.639 1056.926 1056.309 1055.86 1055.469 1055.068 1054.573 1054.078 1053.597 1053.099 1052.648 1052.163 1051.691 1051.15 1050.624 1050.087 1049.536 1048.981 1048.438 1047.891 1047.307 1046.675 1046.004 1045.304 1044.616 1043.925 1043.166 1042.318 1041.407 1040.486 1039.52 1038.501 1037.466 1036.313 1035.069 1033.834 1032.698 1031.671 1030.664 1029.858 1029.093 1028.326 1027.411 1026.51 1025.638 1024.8 1024.034 1023.294 1022.527 1021.666 1020.721 1019.698 1018.589 1017.396 1016.116 1014.789 1013.434 1012.058 1010.606 1009.064 1007.538
1060.836 1060.325 1059.688 1058.945 1058.154 1057.383 1056.651 1056.014 1055.559 1055.166 1054.762 1054.251 1053.77 1053.288 1052.795 1052.322 1051.856 1051.407 1050.896 1050.393 1049.858 1049.304 1048.749 1048.222 1047.731 1047.2 1046.614 1045.958 1045.262 1044.564 1043.862 1043.117 1042.303 1041.419 1040.506 1039.557 1038.565 1037.56 1036.492 1035.282 1034.057 1032.878 1031.844 1030.845 1030.019 1029.255 1028.493 1027.603 1026.71 1025.853 1025.026 1024.272 1023.537 1022.777 1021.915 1020.973 1019.955 1018.854 1017.668 1016.403 1015.073 1013.688 1012.255 1010.764 1009.246 1007.773
1060.618 1060.13 1059.486 1058.71 1057.909 1057.134 1056.399 1055.819 1055.364 1054.97 1054.503 1053.986 1053.488 1052.997 1052.529 1052.066 1051.619 1051.158 1050.672 1050.174 1049.658 1049.123 1048.576 1048.044 1047.546 1047.061 1046.52 1045.906 1045.224 1044.54 1043.843 1043.1 1042.284 1041.413 1040.514 1039.597 1038.642 1037.667 1036.576 1035.409 1034.195 1033.073 1032.036 1031.042 1030.206 1029.416 1028.654 1027.77 1026.894 1026.054 1025.236 1024.455 1023.727 1022.98 1022.158 1021.22 1020.211 1019.116 1017.94 1016.69 1015.358 1013.96 1012.478 1010.988 1009.497 1008.084
1060.316 1059.845 1059.17 1058.387 1057.594 1056.826 1056.095 1055.463 1055.028 1054.65 1054.25 1053.728 1053.245 1052.765 1052.316 1051.87 1051.445 1050.992 1050.5 1050.001 1049.49 1048.971 1048.436 1047.898 1047.397 1046.902 1046.402 1045.824 1045.186 1044.5 1043.793 1043.054 1042.26 1041.41 1040.526 1039.633 1038.716 1037.764 1036.753 1035.618 1034.439 1033.267 1032.22 1031.219 1030.372 1029.583 1028.817 1027.956 1027.088 1026.255 1025.442 1024.663 1023.944 1023.206 1022.396 1021.467 1020.467 1019.383 1018.216 1016.984 1015.666 1014.252 1012.771 1011.299 1009.856 1008.458
1059.853 1059.367 1058.724 1057.984 1057.235 1056.506 1055.804 1055.261 1054.844 1054.482 1054.041 1053.567 1053.099 1052.624 1052.148 1051.699 1051.26 1050.798 1050.304 1049.828 1049.333 1048.832 1048.311 1047.79 1047.284 1046.771 1046.257 1045.715 1045.121 1044.478 1043.775 1043.004 1042.193 1041.349 1040.516 1039.667 1038.786 1037.869 1036.874 1035.743 1034.579 1033.419 1032.385 1031.38 1030.505 1029.704 1028.939 1028.114 1027.267 1026.441 1025.636 1024.83 1024.085 1023.355 1022.591 1021.705 1020.72 1019.649 1018.494 1017.27 1015.951 1014.551 1013.097 1011.664 1010.249 1008.863
1059.21 1058.748 1058.158 1057.485 1056.809 1056.14 1055.493 1054.986 1054.597 1054.253 1053.825 1053.406 1052.997 1052.571 1052.066 1051.584 1051.119 1050.663 1050.177 1049.698 1049.208 1048.717 1048.21 1047.7 1047.19 1046.665 1046.137 1045.592 1045.036 1044.426 1043.709 1042.91 1042.09 1041.298 1040.512 1039.697 1038.847 1037.957 1037.036 1035.902 1034.755 1033.548 1032.521 1031.497 1030.604 1029.828 1029.086 1028.296 1027.452 1026.63 1025.83 1025.029 1024.297 1023.579 1022.828 1021.947 1020.974 1019.917 1018.779 1017.565 1016.274 1014.874 1013.446 1012.019 1010.641 1009.274
1058.507 1058.07 1057.549 1056.966 1056.363 1055.757 1055.158 1054.767 1054.412 1054.095 1053.612 1053.257 1052.903 1052.538 1052.035 1051.52 1051.013 1050.524 1050.043 1049.566 1049.076 1048.583 1048.082 1047.586 1047.084 1046.569 1046.03 1045.485 1044.923 1044.35 1043.627 1042.828 1041.992 1041.242 1040.503 1039.721 1038.889 1038.011 1037.104 1035.955 1034.81 1033.622 1032.637 1031.642 1030.714 1029.929 1029.179 1028.431 1027.604 1026.8 1026.01 1025.22 1024.459 1023.755 1023.016 1022.181 1021.217 1020.178 1019.059 1017.862 1016.581 1015.185 1013.761 1012.339 1011 1009.666
1057.844 1057.437 1056.965 1056.443 1055.912 1055.364 1054.817 1054.468 1054.15 1053.864 1053.401 1053.094 1052.784 1052.472 1051.993 1051.497 1050.983 1050.477 1049.985 1049.486 1048.987 1048.488 1047.995 1047.49 1046.98 1046.474 1045.954 1045.399 1044.831 1044.191 1043.46 1042.678 1041.929 1041.233 1040.513 1039.738 1038.917 1038.049 1037.085 1035.942 1034.807 1033.701 1032.726 1031.729 1030.817 1030.049 1029.326 1028.585 1027.767 1026.97 1026.187 1025.407 1024.651 1023.957 1023.232 1022.411 1021.458 1020.436 1019.34 1018.162 1016.917 1015.565 1014.151 1012.725 1011.366 1010.06
1057.242 1056.865 1056.439 1055.968 1055.484 1054.986 1054.474 1054.166 1053.88 1053.622 1053.185 1052.924 1052.659 1052.387 1051.921 1051.448 1050.952 1050.447 1049.94 1049.42 1048.912 1048.405 1047.918 1047.411 1046.899 1046.38 1045.858 1045.316 1044.747 1044.113 1043.365 1042.611 1041.882 1041.22 1040.514 1039.751 1038.931 1038.06 1037.094 1035.952 1034.832 1033.768 1032.83 1031.859 1030.93 1030.151 1029.425 1028.703 1027.905 1027.126 1026.358 1025.588 1024.794 1024.068 1023.349 1022.584 1021.682 1020.685 1019.612 1018.459 1017.233 1015.89 1014.49 1013.077 1011.74 1010.454
1056.687 1056.339 1055.951 1055.523 1055.089 1054.64 1054.183 1053.901 1053.634 1053.385 1052.967 1052.759 1052.536 1052.309 1051.85 1051.387 1050.913 1050.425 1049.913 1049.378 1048.865 1048.369 1047.893 1047.367 1046.835 1046.294 1045.773 1045.236 1044.677 1043.974 1043.217 1042.455 1041.807 1041.173 1040.495 1039.746 1038.938 1038.077 1037.051 1035.915 1034.786 1033.798 1032.866 1031.909 1031.004 1030.248 1029.553 1028.838 1028.049 1027.282 1026.523 1025.766 1024.975 1024.257 1023.548 1022.798 1021.911 1020.933 1019.882 1018.754 1017.55 1016.267 1014.882 1013.483 1012.121 1010.851
