SEB_model/sample_data_files/historical/Historical_Surfaces/1943surface.txt
ncols         559
nrows         351
xllcorner     388608.08691406
yllcorner     7584381.3441773
cellsize      5
NODATA_value  -9999
[rows 150 to 179 of 351, columns 462 to 527 of 559]
951.1215 950.0641 949.0387 948.018 947.0033 945.8714 944.688 943.5092 942.431 941.4122 940.3863 939.3325 938.2474 937.1359 935.9885 934.8332 933.689 932.5555 931.4368 930.3337 929.2636 928.2253 927.1978 926.2161 925.2254 924.2112 923.1326 921.9924 920.7598 919.3889 917.8799 916.2726 914.5645 912.8306 911.0864 909.4001 907.7369 906.09 904.4564 902.8195 901.1808 899.533 897.8784 896.225 894.5909 892.9455 891.2594 889.452 887.5842 885.977 884.5264 883.2051 881.6689 880.0601 878.4382 876.8436 875.2746 873.6763 871.9528 870.1154 868.1614 866.1953 864.261 862.4474 860.9519 -9999
951.0816 950.0251 949.01 947.9978 946.9933 945.9022 944.7206 943.5455 942.4347 941.4307 940.4171 939.3729 938.2856 937.1732 936.0269 934.8804 933.7436 932.6264 931.516 930.4205 929.3462 928.3079 927.2789 926.2816 925.2994 924.2964 923.2445 922.1094 920.888 919.5356 918.0485 916.4595 914.7826 913.0638 911.3317 909.64 907.9918 906.3678 904.7534 903.1273 901.491 899.847 898.2 896.5565 894.907 893.2524 891.5575 889.7742 888.0071 886.4329 885.0059 883.5819 881.9863 880.2945 878.5795 876.8807 875.1983 873.5177 871.7328 869.8312 867.7578 865.6593 863.5899 861.721 860.215 859.1894
951.0314 949.977 948.9581 947.938 946.9311 945.8021 944.6342 943.4707 942.4171 941.4222 940.4175 939.3748 938.2856 937.1685 936.0195 934.877 933.7521 932.6572 931.5612 930.4697 929.3889 928.3364 927.3134 926.3216 925.3566 924.3602 923.3187 922.1959 920.9924 919.6609 918.1932 916.6188 914.9564 913.254 911.5412 909.8702 908.2359 906.6313 905.0392 903.4364 901.8116 900.1737 898.5351 896.8977 895.2482 893.5909 891.9277 890.2139 888.5005 886.9293 885.4387 883.9496 882.2845 880.5388 878.757 876.9855 875.222 873.4561 871.6193 869.6766 867.5782 865.3908 863.25 861.3444 859.8915 858.8802
950.9822 949.9068 948.9069 947.8944 946.8966 945.8073 944.6478 943.4948 942.4003 941.4014 940.3877 939.3408 938.2456 937.1316 935.9636 934.8177 933.6938 932.6371 931.573 930.4991 929.4085 928.3395 927.3212 926.3439 925.3928 924.3929 923.3548 922.2432 921.0596 919.7485 918.3013 916.7455 915.1226 913.4409 911.7491 910.0826 908.4685 906.8924 905.3268 903.7521 902.1433 900.5198 898.8928 897.2645 895.618 893.9832 892.3533 890.6982 889.0182 887.4163 885.8667 884.2927 882.5862 880.8012 878.9925 877.1773 875.3593 873.5331 871.6541 869.6835 867.5627 865.3448 863.1759 861.2822 859.8397 858.8193
950.9543 949.861 948.8348 947.8232 946.8174 945.7057 944.5711 943.4409 942.3821 941.3623 940.3329 939.275 938.1873 937.0814 935.9182 934.7722 933.6531 932.6096 931.5855 930.5483 929.462 928.3505 927.29 926.3201 925.3882 924.4029 923.3574 922.2475 921.0788 919.7885 918.3661 916.8365 915.2466 913.5931 911.9313 910.2924 908.7053 907.1454 905.6063 904.0627 902.4891 900.8843 899.2685 897.6395 895.9957 894.3618 892.7327 891.1055 889.4069 887.8199 886.2183 884.6364 882.8889 881.0934 879.2648 877.4056 875.543 873.6554 871.7565 869.7696 867.6813 865.4615 863.3123 861.4104 859.9694 858.9089
950.9583 949.8291 948.7964 947.7706 946.7748 945.6945 944.5682 943.4452 942.3448 941.3079 940.2631 939.2044 938.1218 937.0289 935.8654 934.7159 933.6 932.5887 931.6035 930.5984 929.5187 928.392 927.2817 926.2861 925.3438 924.3699 923.3135 922.196 921.0298 919.759 918.3702 916.8858 915.3608 913.7482 912.1245 910.5099 908.9587 907.4214 905.9002 904.3823 902.8397 901.2553 899.6531 898.0333 896.3964 894.7596 893.1317 891.49 889.8244 888.2169 886.6055 884.9711 883.2172 881.4197 879.5812 877.7097 875.8142 873.9039 871.9786 869.9748 867.8715 865.6858 863.6039 861.7632 860.2889 859.1473
950.8998 949.7659 948.7455 947.7219 946.7325 945.623 944.4989 943.3752 942.2944 941.2411 940.1911 939.1334 938.0668 936.9878 935.8374 934.6951 933.6093 932.6277 931.6693 930.6943 929.6304 928.507 927.3359 926.2833 925.3077 924.3289 923.2655 922.1218 920.9407 919.6824 918.3359 916.91 915.4509 913.8877 912.3271 910.7618 909.2543 907.7269 906.2095 904.7126 903.1975 901.6384 900.0482 898.4415 896.8306 895.2177 893.5888 891.9298 890.2352 888.5814 886.9464 885.2925 883.5592 881.7667 879.9384 878.0621 876.147 874.1966 872.2456 870.2415 868.1837 866.0817 864.1151 862.338 860.8387 859.5715
950.7882 949.6393 948.639 947.6287 946.6664 945.5706 944.4317 943.2955 942.2074 941.1565 940.1094 939.0587 937.9998 936.9326 935.7906 934.6671 933.6116 932.6628 931.7331 930.7726 929.7123 928.5866 927.3814 926.2797 925.2612 924.2543 923.1812 922.0095 920.8197 919.5878 918.3039 916.968 915.5894 914.0912 912.5814 911.0594 909.6066 908.1061 906.5978 905.0968 903.5938 902.0514 900.4713 898.8894 897.3096 895.7139 894.07 892.3802 890.6679 888.9896 887.3273 885.6428 883.9019 882.121 880.3069 878.4399 876.5137 874.554 872.6115 870.6284 868.6333 866.6308 864.7975 863.1044 861.5741 860.1661
950.6087 949.4694 948.4788 947.4839 946.5447 945.4664 944.3627 943.2153 942.1419 941.0829 940.0376 938.9929 937.9491 936.9023 935.8007 934.7114 933.6866 932.7578 931.8477 930.9037 929.8567 928.711 927.4766 926.2896 925.2032 924.1575 923.0843 921.9225 920.7287 919.526 918.3103 917.0588 915.7747 914.3391 912.8895 911.4088 910.017 908.553 907.0403 905.5289 904.0233 902.5112 900.9536 899.4027 897.8499 896.2714 894.617 892.9097 891.1591 889.4078 887.6906 885.968 884.2372 882.4599 880.6623 878.8069 876.8857 874.936 873.0303 871.1339 869.2296 867.3333 865.5909 863.9506 862.3945 860.868
950.4727 949.3433 948.323 947.3159 946.3552 945.3055 944.2462 943.1375 942.0623 941.0065 939.9687 938.938 937.9134 936.9064 935.8466 934.7997 933.8076 932.9045 932.0363 931.0677 930.0151 928.7885 927.5349 926.2704 925.1336 924.0558 922.9958 921.8708 920.6962 919.5282 918.3739 917.2111 916.015 914.6965 913.3051 911.8741 910.4898 909.0577 907.5408 906.003 904.4931 903.014 901.5121 899.9965 898.4515 896.8542 895.1796 893.4497 891.6879 889.8918 888.1141 886.3206 884.5438 882.7506 880.9539 879.1084 877.2117 875.3053 873.4908 871.6951 869.9156 868.106 866.4103 864.7887 863.2195 861.6415
950.3821 949.2674 948.2488 947.221 946.2289 945.1703 944.1485 943.0825 942.0189 940.9504 939.9141 938.9058 937.9247 936.9678 935.9822 934.9782 934.0069 933.1261 932.2642 931.2689 930.174 928.8763 927.6187 926.2955 925.1161 923.9888 922.9384 921.8694 920.7388 919.6012 918.4965 917.4033 916.2896 915.058 913.7429 912.3879 911.0192 909.5985 908.0591 906.517 905.0347 903.5944 902.1595 900.6642 899.1254 897.5089 895.8151 894.0717 892.2836 890.4207 888.5513 886.666 884.8228 882.9771 881.1494 879.3102 877.4652 875.6483 873.9164 872.2625 870.597 868.9061 867.2252 865.6312 864.0582 862.4715
950.3239 949.2336 948.1986 947.1688 946.134 945.0522 944.0134 942.9862 941.9438 940.8962 939.8712 938.9007 937.9704 937.0666 936.1353 935.1824 934.2703 933.4058 932.5436 931.4645 930.2972 928.9301 927.6563 926.3336 925.1426 923.9964 922.9351 921.8967 920.8173 919.7396 918.6943 917.6863 916.6565 915.5411 914.3141 913.0143 911.6391 910.1995 908.6539 907.0841 905.5881 904.1768 902.8018 901.3652 899.8339 898.2042 896.4874 894.7114 892.8907 890.9902 889.0434 887.0577 885.0995 883.1613 881.269 879.4255 877.6541 875.9568 874.3784 872.858 871.3268 869.7144 868.0621 866.4592 864.881 863.2999
950.2912 949.2286 948.2098 947.1666 946.1199 945.0201 943.9593 942.9058 941.8732 940.8367 939.8541 938.9352 938.0733 937.2354 936.3785 935.5023 934.6089 933.7296 932.7807 931.6364 930.3981 929.0293 927.7271 926.4017 925.2104 924.0806 923.0177 921.9899 920.9608 919.9598 918.9965 918.0829 917.1342 916.0714 914.8959 913.6309 912.2844 910.8322 909.282 907.6972 906.2331 904.8337 903.4836 902.0479 900.5316 898.914 897.186 895.3845 893.5309 891.6063 889.6016 887.5198 885.4309 883.366 881.3795 879.53 877.8432 876.2988 874.8453 873.4604 872.033 870.5229 868.9177 867.309 865.7303 864.1278
950.2323 949.2172 948.2073 947.1577 946.0879 944.9874 943.9195 942.8478 941.8093 940.7964 939.8788 939.0347 938.2581 937.4894 936.6924 935.8573 934.9856 934.0817 933.0305 931.7858 930.4745 929.1199 927.8278 926.5246 925.3513 924.2446 923.1848 922.1799 921.2059 920.3022 919.4392 918.6159 917.7421 916.7305 915.5807 914.3234 912.9505 911.4922 909.8875 908.2813 906.7409 905.3726 904.0428 902.6765 901.1887 899.6008 897.8858 896.0667 894.1945 892.2377 890.1981 888.0368 885.8531 883.6804 881.6157 879.7551 878.1439 876.7325 875.4098 874.133 872.7973 871.3558 869.7819 868.1563 866.5414 864.9348
950.149 949.1685 948.1949 947.1492 946.0842 944.9929 943.9555 942.8984 941.8693 940.8849 940.0298 939.2679 938.5706 937.8727 937.1245 936.3022 935.3957 934.4401 933.2552 931.9191 930.5328 929.2241 927.9588 926.6949 925.5304 924.4479 923.4144 922.4584 921.5648 920.754 920.0028 919.2725 918.4496 917.4486 916.2849 915.0215 913.5941 912.0797 910.4138 908.7989 907.2473 905.8889 904.5704 903.2321 901.7816 900.2429 898.5686 896.7598 894.8997 892.9417 890.8783 888.663 886.4031 884.1738 882.0484 880.1815 878.6196 877.3118 876.064 874.8323 873.5505 872.1843 870.6467 869.0043 867.3346 865.7241
950.0569 949.1041 948.1505 947.134 946.074 945.0057 943.999 942.985 942.0028 941.0856 940.3057 939.624 938.9864 938.3024 937.5383 936.6422 935.6603 934.6983 933.4536 932.1167 930.6292 929.3312 928.0704 926.8499 925.7128 924.6392 923.6449 922.7466 921.9443 921.2288 920.5859 919.9362 919.168 918.189 917.0196 915.7384 914.2135 912.6023 910.8525 909.225 907.6302 906.2798 904.988 903.7259 902.3196 900.8391 899.2277 897.4663 895.6039 893.6445 891.5598 889.3483 887.0787 884.8549 882.7418 880.8896 879.3661 878.1069 876.9144 875.6854 874.4206 873.054 871.4999 869.816 868.0723 866.4482
949.9968 949.0552 948.1027 947.0984 946.066 945.0327 944.0787 943.1603 942.3 941.4839 940.7455 940.0965 939.473 938.7794 937.9467 936.9743 935.9027 934.8429 933.5643 932.2332 930.7778 929.4848 928.2098 927.0035 925.8706 924.8269 923.8645 923.0218 922.2808 921.6469 921.078 920.5046 919.7987 918.8745 917.7243 916.3544 914.714 912.9609 911.2054 909.5807 908.0096 906.6521 905.3667 904.1387 902.7764 901.3709 899.8494 898.1609 896.3184 894.3501 892.2614 890.079 887.8356 885.6615 883.6071 881.8231 880.3399 879.1047 877.9277 876.655 875.3539 873.9237 872.3327 870.5731 868.7909 867.1418
949.9748 949.0494 948.1094 947.1151 946.087 945.0789 944.1609 943.3024 942.5479 941.8419 941.1873 940.5622 939.9465 939.2352 938.3475 937.2817 936.0994 934.9325 933.6456 932.3563 930.9348 929.6349 928.3467 927.167 926.0461 925.0224 924.0887 923.3626 922.7423 922.2025 921.6154 921.0255 920.3414 919.4474 918.2755 916.7832 915.043 913.2166 911.4587 909.8235 908.2663 906.9137 905.647 904.4383 903.1389 901.8206 900.4109 898.8189 897.0057 895.0029 892.9023 890.7358 888.5754 886.4792 884.5461 882.8517 881.423 880.2139 879.0336 877.7318 876.3346 874.7881 873.1022 871.2734 869.4606 867.7618
949.9634 949.0424 948.0751 947.0845 946.0674 945.1166 944.2499 943.4973 942.8365 942.2195 941.5987 941.0024 940.399 939.689 938.7662 937.6395 936.3726 935.0444 933.7157 932.3856 931.0405 929.7352 928.4762 927.3061 926.1873 925.1584 924.2354 923.6308 923.1204 922.6811 922.0555 921.4381 920.7617 919.8883 918.6714 917.059 915.2206 913.3562 911.5934 909.9443 908.3773 906.993 905.7376 904.5696 903.3644 902.1467 900.8749 899.4055 897.6614 895.6317 893.5178 891.3543 889.253 887.2377 885.4066 883.8033 882.4188 881.2302 880.062 878.7498 877.2822 875.5937 873.7932 871.8858 870.0455 868.3178
949.8831 948.9893 948.0624 947.1016 946.0963 945.155 944.3047 943.5515 942.9272 942.3776 941.8445 941.2993 940.7356 940.0662 939.1442 937.9406 936.5588 935.1408 933.769 932.4202 931.071 929.7615 928.5065 927.3442 926.235 925.217 924.3989 923.8961 923.4839 923.0175 922.3668 921.707 921.0018 920.0754 918.7785 917.096 915.2158 913.3444 911.563 909.894 908.3243 906.9443 905.7176 904.5773 903.4337 902.2925 901.1404 899.7796 898.0797 896.0735 893.9469 -9999 -9999 -9999 -9999 -9999 -9999 -9999 -9999 -9999 -9999 -9999 -9999 -9999 -9999 868.7654
949.822 948.9096 947.9868 947.0554 946.0815 945.1624 944.3033 943.5922 942.9784 942.4515 941.9313 941.4299 940.9119 940.2569 939.2994 938.0251 936.5784 935.1154 933.71 932.3391 931.0052 929.6984 928.429 927.2363 926.1407 925.133 924.3243 923.8106 923.3984 922.9481 922.3191 921.668 920.9359 919.9483 918.5872 916.8839 915.0011 913.1398 911.345 -9999 -9999 -9999 -9999 -9999 -9999 -9999 -9999 -9999 -9999 -9999 -9999 -9999 -9999 -9999 -9999 -9999 -9999 -9999 -9999 -9999 -9999 -9999 -9999 -9999 -9999 -9999
949.7131 948.7836 947.8802 946.9579 946.0287 945.1036 944.2382 943.4977 942.8682 942.3342 941.8154 941.3317 940.8431 940.192 939.2072 937.8815 936.399 934.9384 933.5248 932.1545 930.8229 929.5176 928.2504 927.0396 925.9419 924.9454 924.1343 923.5961 923.1529 922.6782 922.0498 921.371 920.556 919.4581 918.0347 916.3336 -9999 -9999 -9999 -9999 -9999 -9999 -9999 -9999 -9999 -9999 -9999 -9999 -9999 -9999 -9999 -9999 -9999 -9999 -9999 -9999 -9999 -9999 -9999 -9999 -9999 -9999 -9999 -9999 -9999 -9999
949.6094 948.6521 947.7361 946.8323 945.9269 945.0175 944.125 943.36 942.6663 942.0721 941.516 941.0257 940.5251 939.8326 938.8151 937.4944 936.0521 934.624 933.2446 931.8827 930.5704 929.2626 927.9977 926.7753 925.6554 924.6379 923.7169 923.1331 922.6432 922.2109 921.5457 920.8024 919.8798 918.6918 917.2287 915.564 -9999 -9999 -9999 -9999 -9999 -9999 -9999 -9999 -9999 -9999 -9999 -9999 -9999 -9999 -9999 -9999 -9999 -9999 -9999 -9999 -9999 -9999 -9999 -9999 -9999 -9999 -9999 -9999 -9999 -9999
949.4564 948.5027 947.5765 946.6715 945.7933 944.8973 943.9962 943.1594 942.3871 941.6838 941.0546 940.5213 939.9953 939.2748 938.2629 936.9975 935.6072 934.2156 932.8827 931.5636 930.2922 928.9824 927.7178 926.4628 925.2998 924.2354 923.2816 922.5954 922.0418 921.534 920.8471 920.013 918.9841 917.7251 916.2475 914.6292 -9999 -9999 -9999 -9999 -9999 -9999 -9999 -9999 -9999 -9999 -9999 -9999 -9999 -9999 -9999 -9999 -9999 -9999 -9999 -9999 -9999 -9999 -9999 -9999 -9999 -9999 -9999 -9999 -9999 -9999
949.3355 948.3946 947.5116 946.6491 945.7641 944.8183 943.8478 942.9276 942.0598 941.241 940.538 939.9351 939.3604 938.6172 937.6285 936.4358 935.1191 933.7603 932.471 931.1888 929.9471 928.6459 927.3612 926.0875 924.8728 923.7555 922.7585 921.9784 921.3389 920.7241 919.9619 919.0421 917.9459 916.6581 915.1865 -9999 -9999 -9999 -9999 -9999 -9999 -9999 -9999 -9999 -9999 -9999 -9999 -9999 -9999 -9999 -9999 -9999 -9999 -9999 -9999 -9999 -9999 -9999 -9999 -9999 -9999 -9999 -9999 -9999 -9999 -9999
949.3362 948.3698 947.4456 946.5522 945.6896 944.7486 943.7477 942.7526 941.8062 940.8953 940.0992 939.4115 938.7683 937.9938 937.0263 935.8922 934.6389 933.3224 932.0327 930.7696 929.5612 928.3022 927.001 925.671 924.3915 923.212 922.1533 921.2631 920.5227 919.8043 918.9739 918.0067 916.8789 -9999 -9999 -9999 -9999 -9999 -9999 -9999 -9999 -9999 -9999 -9999 -9999 -9999 -9999 -9999 -9999 -9999 -9999 -9999 -9999 -9999 -9999 -9999 -9999 -9999 -9999 -9999 -9999 -9999 -9999 -9999 -9999 -9999
949.3727 948.4113 947.4681 946.5866 945.6829 944.713 943.6383 942.6057 941.6097 940.6671 939.8151 939.0466 938.3076 937.486 936.525 935.4198 934.209 932.9219 931.6196 930.3511 929.1298 927.8963 926.5858 925.2238 -9999 -9999 -9999 -9999 -9999 -9999 -9999 -9999 -9999 -9999 -9999 -9999 -9999 -9999 -9999 -9999 -9999 -9999 -9999 -9999 -9999 -9999 -9999 -9999 -9999 -9999 -9999 -9999 -9999 -9999 -9999 -9999 -9999 -9999 -9999 -9999 -9999 -9999 -9999 -9999 -9999 -9999
949.4052 948.4354 947.4473 946.5317 945.6027 944.6223 943.527 942.4893 941.4921 940.5554 939.6714 938.8582 938.0547 937.1881 -9999 -9999 -9999 -9999 -9999 -9999 -9999 -9999 -9999 -9999 -9999 -9999 -9999 -9999 -9999 -9999 -9999 -9999 -9999 -9999 -9999 -9999 -9999 -9999 -9999 -9999 -9999 -9999 -9999 -9999 -9999 -9999 -9999 -9999 -9999 -9999 -9999 -9999 -9999 -9999 -9999 -9999 -9999 -9999 -9999 -9999 -9999 -9999 -9999 -9999 -9999 -9999
949.3394 948.3924 947.3955 946.454 -9999 -9999 -9999 -9999 -9999 -9999 -9999 -9999 -9999 -9999 -9999 -9999 -9999 -9999 -9999 -9999 -9999 -9999 -9999 -9999 -9999 -9999 -9999 -9999 -9999 -9999 -9999 -9999 -9999 -9999 -9999 -9999 -9999 -9999 -9999 -9999 -9999 -9999 -9999 -9999 -9999 -9999 -9999 -9999 -9999 -9999 -9999 -9999 -9999 -9999 -9999 -9999 -9999 -9999 -9999 -9999 -9999 -9999 -9999 -9999 -9999 -9999
-9999 -9999 -9999 -9999 -9999 -9999 -9999 -9999 -9999 -9999 -9999 -9999 -9999 -9999 -9999 -9999 -9999 -9999 -9999 -9999 -9999 -9999 -9999 -9999 -9999 -9999 -9999 -9999 -9999 -9999 -9999 -9999 -9999 -9999 -9999 -9999 -9999 -9999 -9999 -9999 -9999 -9999 -9999 -9999 -9999 -9999 -9999 -9999 -9999 -9999 -9999 -9999 -9999 -9999 -9999 -9999 -9999 -9999 -9999 -9999 -9999 -9999 -9999 -9999 -9999 -9999
