SEB_model/sample_data_files/historical/Historical_Surfaces/1943surface.txt
ncols         559
nrows         351
xllcorner     388608.08691406
yllcorner     7584381.3441773
cellsize      5
NODATA_value  -9999
[rows 90 to 119 of 351, columns 396 to 461 of 559]
1010.016 1008.794 1007.574 1006.374 1005.229 1004.175 1003.124 1002.031 1000.842 999.6022 998.298 996.9376 995.5253 994.0567 992.5179 990.9566 989.3857 987.8391 986.2652 984.6371 983.0757 981.6589 980.4915 979.4825 978.6249 977.8173 977.2131 976.5543 975.974 975.3016 974.7709 974.3875 -9999 -9999 -9999 -9999 -9999 -9999 -9999 -9999 -9999 -9999 -9999 -9999 -9999 -9999 -9999 -9999 -9999 -9999 -9999 -9999 -9999 -9999 -9999 -9999 -9999 -9999 -9999 -9999 -9999 -9999 -9999 -9999 -9999 -9999
1010.422 1009.218 1008.023 1006.84 1005.672 1004.6 1003.573 1002.544 1001.421 1000.209 998.9269 997.5692 996.1594 994.6907 993.161 991.5856 990.0081 988.4563 986.9288 985.3347 983.7418 982.2358 980.9638 979.8983 978.9468 978.0335 977.2923 976.6221 976.0634 975.4246 974.8304 974.3548 974.0007 -9999 -9999 -9999 -9999 -9999 -9999 -9999 -9999 -9999 -9999 -9999 -9999 -9999 -9999 -9999 -9999 -9999 -9999 -9999 -9999 -9999 -9999 -9999 -9999 -9999 -9999 -9999 -9999 -9999 -9999 -9999 -9999 -9999
1010.816 1009.634 1008.461 1007.292 1006.136 1005.03 1004.029 1003.029 1001.981 1000.801 999.5478 998.2028 996.7892 995.3158 993.7969 992.2216 990.6492 989.0923 987.5646 986.0057 984.3827 982.8408 981.4628 980.3346 979.2981 978.2866 977.4518 976.7717 976.2198 975.6112 974.9864 974.4373 973.9863 -9999 -9999 -9999 -9999 -9999 -9999 -9999 -9999 -9999 -9999 -9999 -9999 -9999 -9999 -9999 -9999 -9999 -9999 -9999 -9999 -9999 -9999 -9999 -9999 -9999 -9999 -9999 -9999 -9999 -9999 -9999 -9999 -9999
1011.203 1010.033 1008.876 1007.719 1006.569 1005.434 1004.411 1003.447 1002.472 1001.368 1000.144 998.8198 997.4031 995.9285 994.4186 992.8577 991.2893 989.7317 988.2035 986.6866 985.0922 983.545 982.0864 980.8505 979.7141 978.6622 977.7449 977.0467 976.4399 975.8189 975.1673 974.5584 974.0685 973.6532 973.2722 -9999 -9999 -9999 -9999 -9999 -9999 -9999 -9999 -9999 -9999 -9999 -9999 -9999 -9999 -9999 -9999 -9999 -9999 -9999 -9999 -9999 -9999 -9999 -9999 -9999 -9999 -9999 -9999 -9999 -9999 -9999
1011.575 1010.419 1009.275 1008.125 1006.985 1005.859 1004.863 1003.918 1002.966 1001.885 1000.69 999.3919 997.986 996.5124 995.0112 993.4745 991.92 990.3651 988.8329 987.3148 985.7639 984.2243 982.7499 981.4199 980.2289 979.1412 978.1365 977.3226 976.6498 976.0376 975.3774 974.723 974.1639 973.7335 973.3188 972.9034 -9999 -9999 -9999 -9999 -9999 -9999 -9999 -9999 -9999 -9999 -9999 -9999 -9999 -9999 -9999 -9999 -9999 -9999 -9999 -9999 -9999 -9999 -9999 -9999 -9999 -9999 -9999 -9999 -9999 -9999
1011.937 1010.787 1009.649 1008.514 1007.384 1006.277 1005.242 1004.309 1003.365 1002.347 1001.176 999.9087 998.5305 997.0728 995.5806 994.0641 992.5249 990.9853 989.4616 987.9512 986.4526 984.9401 983.4653 982.0629 980.8022 979.671 978.6331 977.7242 976.9949 976.3149 975.6342 974.8965 974.285 973.8165 973.3809 972.9009 972.3053 -9999 -9999 -9999 -9999 -9999 -9999 -9999 -9999 -9999 -9999 -9999 -9999 -9999 -9999 -9999 -9999 -9999 -9999 -9999 -9999 -9999 -9999 -9999 -9999 -9999 -9999 -9999 -9999 -9999
1012.287 1011.146 1010.019 1008.902 1007.781 1006.679 1005.644 1004.714 1003.775 1002.765 1001.611 1000.375 999.0367 997.6061 996.1299 994.6318 993.1187 991.5975 990.08 988.5762 987.0745 985.5825 984.1191 982.713 981.4097 980.2272 979.1579 978.1562 977.3826 976.6622 975.9805 975.1743 974.4709 973.9326 973.4491 972.9153 972.288 971.6624 -9999 -9999 -9999 -9999 -9999 -9999 -9999 -9999 -9999 -9999 -9999 -9999 -9999 -9999 -9999 -9999 -9999 -9999 -9999 -9999 -9999 -9999 -9999 -9999 -9999 -9999 -9999 -9999
1012.635 1011.496 1010.375 1009.268 1008.156 1007.062 1005.978 1005.004 1004.068 1003.112 1002.018 1000.811 999.5094 998.1132 996.6613 995.1765 993.6874 992.1833 990.6835 989.1877 987.7039 986.2363 984.7924 983.3757 982.0373 980.8036 979.6987 978.6702 977.8086 977.05 976.3294 975.5208 974.7525 974.1226 973.5686 972.9765 972.2912 971.6146 970.9064 -9999 -9999 -9999 -9999 -9999 -9999 -9999 -9999 -9999 -9999 -9999 -9999 -9999 -9999 -9999 -9999 -9999 -9999 -9999 -9999 -9999 -9999 -9999 -9999 -9999 -9999 -9999
1012.972 1011.833 1010.716 1009.616 1008.519 1007.428 1006.347 1005.325 1004.394 1003.444 1002.411 1001.224 999.9587 998.6014 997.1794 995.7107 994.2404 992.755 991.2714 989.7877 988.3207 986.8727 985.4495 984.0425 982.6882 981.4118 980.2566 979.1959 978.251 977.4567 976.7017 975.9193 975.0855 974.3628 973.7112 973.0757 972.3544 971.5955 970.813 970.0438 -9999 -9999 -9999 -9999 -9999 -9999 -9999 -9999 -9999 -9999 -9999 -9999 -9999 -9999 -9999 -9999 -9999 -9999 -9999 -9999 -9999 -9999 -9999 -9999 -9999 -9999
1013.305 1012.153 1011.035 1009.944 1008.862 1007.78 1006.699 1005.624 1004.653 1003.716 1002.747 1001.627 1000.388 999.0713 997.6822 996.2429 994.7796 993.3107 991.8408 990.3809 988.9348 987.5038 986.0881 984.6913 983.3253 982.0298 980.827 979.7336 978.7095 977.8384 977.0519 976.2911 975.4573 974.6282 973.9014 973.2078 972.4648 971.6403 970.7629 969.9242 969.0502 -9999 -9999 -9999 -9999 -9999 -9999 -9999 -9999 -9999 -9999 -9999 -9999 -9999 -9999 -9999 -9999 -9999 -9999 -9999 -9999 -9999 -9999 -9999 -9999 -9999
1013.623 1012.466 1011.336 1010.249 1009.181 1008.11 1007.034 1005.96 1004.952 1004.023 1003.068 1002.014 1000.807 999.5252 998.1709 996.7577 995.3066 993.8538 992.3999 990.9623 989.528 988.1177 986.7083 985.3316 983.9575 982.6544 981.415 980.2877 979.2346 978.2855 977.4708 976.681 975.8458 974.9287 974.0901 973.3442 972.5936 971.7545 970.8185 969.8717 968.9219 967.9539 -9999 -9999 -9999 -9999 -9999 -9999 -9999 -9999 -9999 -9999 -9999 -9999 -9999 -9999 -9999 -9999 -9999 -9999 -9999 -9999 -9999 -9999 -9999 -9999
1013.973 1012.767 1011.635 1010.549 1009.479 1008.419 1007.353 1006.286 1005.235 1004.312 1003.373 1002.383 1001.208 999.9617 998.6441 997.2676 995.8412 994.3975 992.9521 991.5233 990.1089 988.7095 987.3192 985.9459 984.5845 983.2753 982.0259 980.8622 979.7749 978.7502 977.858 977.0261 976.2021 975.2958 974.389 973.5378 972.7339 971.8789 970.9329 969.9176 968.8715 967.8246 966.7574 -9999 -9999 -9999 -9999 -9999 -9999 -9999 -9999 -9999 -9999 -9999 -9999 -9999 -9999 -9999 -9999 -9999 -9999 -9999 -9999 -9999 -9999 -9999
1014.322 1013.058 1011.914 1010.814 1009.753 1008.711 1007.663 1006.603 1005.553 1004.635 1003.707 1002.741 1001.596 1000.383 999.1038 997.7574 996.3588 994.9209 993.4855 992.0654 990.6719 989.29 987.9125 986.549 985.2072 983.908 982.6536 981.4611 980.3414 979.2902 978.3224 977.4509 976.59 975.6989 974.7179 973.7682 972.8901 972.0082 971.0676 970.0056 968.8846 967.7505 966.6097 965.486 964.3521 -9999 -9999 -9999 -9999 -9999 -9999 -9999 -9999 -9999 -9999 -9999 -9999 -9999 -9999 -9999 -9999 -9999 -9999 -9999 -9999 -9999
1014.631 1013.32 1012.182 1011.084 1010.025 1008.988 1007.953 1006.895 1005.852 1004.903 1003.991 1003.045 1001.964 1000.785 999.5419 998.2314 996.8682 995.4409 994.0112 992.5923 991.2179 989.8494 988.4927 987.1421 985.8262 984.5355 983.2905 982.0834 980.939 979.8597 978.8264 977.8842 976.9826 976.0972 975.1252 974.0958 973.1185 972.1659 971.2006 970.139 968.9706 967.7653 966.5382 965.3273 964.1218 962.9084 -9999 -9999 -9999 -9999 -9999 -9999 -9999 -9999 -9999 -9999 -9999 -9999 -9999 -9999 -9999 -9999 -9999 -9999 -9999 -9999
1014.886 1013.567 1012.42 1011.31 1010.265 1009.243 1008.224 1007.175 1006.145 1005.17 1004.267 1003.336 1002.314 1001.17 999.9616 998.6896 997.3524 995.9499 994.5255 993.1141 991.7401 990.3913 989.0524 987.7256 986.4248 985.1532 983.9186 982.7162 981.5594 980.4633 979.4142 978.419 977.4841 976.5491 975.5701 974.5065 973.4503 972.4096 971.3769 970.2913 969.1103 967.858 966.5651 965.2712 963.982 962.6924 961.4545 960.3451 -9999 -9999 -9999 -9999 -9999 -9999 -9999 -9999 -9999 -9999 -9999 -9999 -9999 -9999 -9999 -9999 -9999 -9999
1015.08 1013.783 1012.65 1011.55 1010.507 1009.487 1008.48 1007.443 1006.424 1005.42 1004.53 1003.614 1002.652 1001.533 1000.361 999.1261 997.8187 996.4491 995.0332 993.625 992.2504 990.9185 989.6022 988.2965 987.0132 985.756 984.5353 983.3398 982.1865 981.0776 980.019 978.977 977.9882 977.0189 976.0387 974.9819 973.8665 972.7543 971.6384 970.5114 969.3188 968.0388 966.6888 965.3185 963.9462 962.5988 961.2978 960.1561 959.2047 958.4204 -9999 -9999 -9999 -9999 -9999 -9999 -9999 -9999 -9999 -9999 -9999 -9999 -9999 -9999 -9999 -9999
1015.33 1014.042 1012.851 1011.746 1010.713 1009.708 1008.722 1007.7 1006.693 1005.697 1004.814 1003.908 1002.968 1001.879 1000.745 999.5443 998.2666 996.9285 995.5242 994.1218 992.7417 991.4261 990.1307 988.8505 987.5856 986.3457 985.1296 983.9471 982.8018 981.6968 980.6293 979.5776 978.5494 977.5469 976.5291 975.4666 974.3338 973.1616 971.9822 970.7975 969.5818 968.2934 966.8969 965.4725 964.0267 962.6382 961.2974 960.1296 959.1577 958.3685 957.6614 956.9525 -9999 -9999 -9999 -9999 -9999 -9999 -9999 -9999 -9999 -9999 -9999 -9999 -9999 -9999
1015.468 1014.205 1013.035 1011.955 1010.925 1009.926 1008.95 1007.944 1006.941 1005.955 1005.047 1004.156 1003.232 1002.198 1001.095 999.9223 998.6765 997.3688 995.9851 994.594 993.2189 991.9187 990.6406 989.3818 988.1356 986.909 985.7057 984.5364 983.4075 982.3096 981.2407 980.1869 979.1265 978.0791 977.0215 975.9428 974.8004 973.61 972.386 971.1599 969.9 968.5884 967.1563 965.6894 964.2191 962.8283 961.4834 960.2995 959.2977 958.4865 957.7434 956.994 956.2108 955.3793 -9999 -9999 -9999 -9999 -9999 -9999 -9999 -9999 -9999 -9999 -9999 -9999
1015.663 1014.409 1013.189 1012.11 1011.101 1010.122 1009.165 1008.164 1007.172 1006.2 1005.266 1004.383 1003.468 1002.489 1001.41 1000.265 999.0541 997.78 996.435 995.0569 993.6911 992.3864 991.1277 989.8882 988.6611 987.4512 986.2646 985.1107 983.9888 982.9024 981.8409 980.7948 979.7341 978.6558 977.5497 976.4268 975.2698 974.0748 972.8403 971.5859 970.2833 968.9065 967.4444 965.9716 964.5356 963.1694 961.8546 960.667 959.6436 958.7778 957.9796 957.1742 956.3406 955.4551 954.5146 953.5035 -9999 -9999 -9999 -9999 -9999 -9999 -9999 -9999 -9999 -9999
1015.768 1014.534 1013.339 1012.286 1011.287 1010.314 1009.358 1008.369 1007.386 1006.428 1005.472 1004.598 1003.688 1002.75 1001.684 1000.567 999.3875 998.1499 996.8526 995.5002 994.1487 992.8409 991.5972 990.3736 989.1627 987.9707 986.8015 985.6582 984.5443 983.4713 982.4221 981.3867 980.3295 979.2281 978.0843 976.9257 975.7537 974.5542 973.3101 972.0214 970.6555 969.2186 967.7631 966.3373 964.9679 963.6439 962.3797 961.2137 960.1717 959.2481 958.3752 957.5104 956.6168 955.6729 954.6624 953.5798 952.4338 -9999 -9999 -9999 -9999 -9999 -9999 -9999 -9999 -9999
1015.941 1014.715 1013.47 1012.424 1011.445 1010.489 1009.539 1008.557 1007.587 1006.642 1005.696 1004.826 1003.919 1002.988 1001.939 1000.845 999.6956 998.4935 997.2442 995.934 994.601 993.2885 992.0418 990.8319 989.6386 988.4634 987.3088 986.1777 985.069 984.0082 982.9709 981.9451 980.8911 979.7914 978.63 977.4421 976.244 975.037 973.775 972.4277 970.9999 969.5457 968.1375 966.7941 965.488 964.2113 962.9897 961.8635 960.8256 959.8564 958.9165 957.9788 957.021 956.0081 954.9317 953.7804 952.5642 951.275 949.9237 948.5173 -9999 -9999 -9999 -9999 -9999 -9999
1016.037 1014.842 1013.62 1012.583 1011.592 1010.64 1009.694 1008.731 1007.771 1006.835 1005.902 1005.018 1004.117 1003.19 1002.176 1001.105 999.9836 998.8117 997.5942 996.3337 995.0195 993.7225 992.4641 991.2684 990.0884 988.9284 987.7878 986.6676 985.5672 984.5106 983.4802 982.4592 981.409 980.313 979.1586 977.9596 976.7447 975.5071 974.2156 972.8102 971.3625 969.937 968.6107 967.3281 966.066 964.8252 963.6396 962.5616 961.5367 960.557 959.5599 958.5678 957.5411 956.4646 955.3173 954.1001 952.8095 951.4522 950.0269 948.5411 947.0031 945.4225 943.8177 942.2547 940.9451 940.0773
1016.134 1014.946 1013.729 1012.701 1011.727 1010.783 1009.847 1008.891 1007.944 1007.022 1006.103 1005.203 1004.302 1003.381 1002.405 1001.356 1000.26 999.1166 997.9302 996.7138 995.4225 994.1334 992.8618 991.6741 990.5087 989.3669 988.2381 987.1294 986.0353 984.9771 983.9529 982.9322 981.8903 980.8008 979.6624 978.4655 977.2433 975.9818 974.665 973.2291 971.795 970.418 969.1432 967.8944 966.6611 965.4613 964.3169 963.2563 962.2567 961.2758 960.2732 959.2383 958.1658 957.0228 955.8115 954.525 953.1692 951.7438 950.2588 948.7104 947.1163 945.4716 943.7947 942.1524 940.7673 939.8315
1016.22 1015.062 1013.856 1012.834 1011.853 1010.909 1009.982 1009.035 1008.102 1007.191 1006.288 1005.379 1004.485 1003.568 1002.625 1001.596 1000.527 999.4081 998.2502 997.0636 995.7909 994.5089 993.2356 992.054 990.9063 989.7803 988.667 987.5642 986.4747 985.4132 984.3939 983.3787 982.3492 981.269 980.1479 978.9672 977.7429 976.4594 975.1342 973.729 972.3314 970.9701 969.6923 968.4593 967.2584 966.1016 964.9874 963.9368 962.9562 961.9915 961.0095 959.9625 958.8548 957.6657 956.3874 955.0434 953.6274 952.1494 950.6144 949.0268 947.3944 945.7268 944.0127 942.3519 940.915 939.8955
1016.296 1015.131 1013.939 1012.942 1011.989 1011.042 1010.115 1009.174 1008.263 1007.365 1006.474 1005.568 1004.684 1003.77 1002.837 1001.821 1000.779 999.6865 998.5616 997.3984 996.1637 994.8841 993.6116 992.408 991.2678 990.1589 989.0609 987.9679 986.8813 985.8213 984.8119 983.8064 982.7889 981.7173 980.6163 979.4563 978.2353 976.9484 975.6254 974.2614 972.873 971.5214 970.2303 969.0187 967.8557 966.7299 965.6439 964.5815 963.5968 962.6502 961.7046 960.6837 959.5674 958.355 957.0483 955.6649 954.2203 952.7157 951.16 949.556 947.8795 946.1591 944.4152 942.7593 941.31 940.1995
1016.377 1015.231 1014.051 1013.055 1012.091 1011.143 1010.229 1009.306 1008.416 1007.528 1006.643 1005.74 1004.856 1003.947 1003.022 1002.033 1001.019 999.957 998.8539 997.7105 996.5099 995.2403 993.9683 992.741 991.6038 990.5059 989.4223 988.3407 987.255 986.1959 985.1813 984.19 983.1857 982.137 981.053 979.9117 978.6989 977.4172 976.102 974.78 973.4277 972.0846 970.781 969.5815 968.4428 967.342 966.2557 965.2034 964.2055 963.2781 962.3509 961.3678 960.2592 959.0483 957.7297 956.3341 954.874 953.3611 951.7958 950.1909 948.4828 946.7416 944.9791 943.3317 941.8621 940.6679
1016.434 1015.288 1014.126 1013.151 1012.201 1011.258 1010.344 1009.433 1008.559 1007.683 1006.806 1005.905 1005.025 1004.118 1003.197 1002.227 1001.242 1000.212 999.1311 998.0041 996.8342 995.5715 994.3004 993.0512 991.9041 990.8152 989.7402 988.6738 987.5934 986.5429 985.5273 984.5487 983.5485 982.5214 981.4451 980.3256 979.1285 977.8622 976.5549 975.2488 973.9262 972.5984 971.3255 970.1268 969.0123 967.9113 966.8358 965.7866 964.7667 963.8242 962.9074 961.9629 960.8982 959.7078 958.4127 957.0244 955.5699 954.0581 952.4979 950.8683 949.1413 947.3657 945.6217 943.9689 942.5139 941.2617
1016.505 1015.373 1014.209 1013.229 1012.273 1011.346 1010.448 1009.549 1008.682 1007.813 1006.946 1006.05 1005.164 1004.267 1003.351 1002.407 1001.443 1000.448 999.392 998.274 997.1144 995.8548 994.5894 993.338 992.1929 991.1091 990.0331 988.9778 987.9047 986.8586 985.8353 984.8586 983.8708 982.8589 981.7866 980.6735 979.4953 978.254 976.9702 975.6774 974.3913 973.0949 971.8453 970.6508 969.5356 968.4476 967.3778 966.3311 965.3092 964.3436 963.4401 962.5109 961.4902 960.325 959.0569 957.6889 956.2384 954.725 953.1381 951.4825 949.7476 948.0042 946.3013 944.705 943.2795 942.0059
1016.557 1015.434 1014.282 1013.317 1012.373 1011.457 1010.559 1009.664 1008.797 1007.937 1007.072 1006.184 1005.303 1004.413 1003.497 1002.557 1001.607 1000.643 999.6152 998.5139 997.3574 996.1051 994.8461 993.5969 992.4462 991.3604 990.294 989.2519 988.19 987.1558 986.1353 985.1605 984.168 983.1574 982.0823 980.9722 979.8074 978.592 977.3444 976.0739 974.8083 973.5349 972.3134 971.1348 970.0228 968.9437 967.8828 966.8405 965.8151 964.8227 963.9255 963.0106 962.0397 960.9088 959.6818 958.3507 956.9193 955.3927 953.7828 952.0864 950.3535 948.622 946.9944 945.4667 944.0819 942.795
1016.615 1015.501 1014.353 1013.394 1012.456 1011.547 1010.653 1009.756 1008.897 1008.041 1007.184 1006.297 1005.412 1004.506 1003.583 1002.644 1001.718 1000.78 999.781 998.6962 997.5558 996.3419 995.0964 993.8534 992.684 991.5986 990.536 989.4978 988.4467 987.411 986.3958 985.4082 984.4238 983.408 982.3384 981.2251 980.0731 978.89 977.6747 976.4434 975.192 973.9548 972.7441 971.5886 970.4778 969.4028 968.35 967.3105 966.2857 965.2914 964.4022 963.5086 962.5667 961.4702 960.2855 958.997 957.5958 956.0563 954.4096 952.6866 950.9559 949.2892 947.7198 946.2689 944.9117 943.6205
