SEB_model/sample_data_files/historical/Historical_Surfaces/1943surface.txt
ncols         559
nrows         351
xllcorner     388608.08691406
yllcorner     7584381.3441773
cellsize      5
NODATA_value  -9999
[rows 30 to 59 of 351, columns 330 to 395 of 559]
1093.981 1092.125 1090.197 1088.257 1086.257 1084.248 1082.24 1080.306 1078.464 1076.726 1075.082 1073.653 1072.259 1070.868 1069.289 1067.673 1066.022 1064.38 1062.776 1061.263 1059.897 1058.667 1057.537 1056.446 1055.375 1054.318 1053.272 1052.251 1051.241 1050.231 1049.286 1048.448 1047.708 1046.998 1046.292 1045.613 1044.972 1044.316 1043.648 1042.981 -9999 -9999 -9999 -9999 -9999 -9999 -9999 -9999 -9999 -9999 -9999 -9999 -9999 -9999 -9999 -9999 -9999 -9999 -9999 -9999 -9999 -9999 -9999 -9999 -9999 -9999
1093.174 1091.359 1089.508 1087.641 1085.728 1083.799 1081.872 1080.001 1078.204 1076.489 1074.899 1073.459 1072.044 1070.581 1068.992 1067.366 1065.714 1064.08 1062.49 1060.988 1059.617 1058.377 1057.229 1056.129 1055.048 1053.971 1052.896 1051.828 1050.777 1049.722 1048.741 1047.843 1047.052 1046.305 1045.583 1044.872 1044.19 1043.556 1042.931 1042.315 1041.722 -9999 -9999 -9999 -9999 -9999 -9999 -9999 -9999 -9999 -9999 -9999 -9999 -9999 -9999 -9999 -9999 -9999 -9999 -9999 -9999 -9999 -9999 -9999 -9999 -9999
1092.392 1090.657 1088.886 1087.08 1085.245 1083.387 1081.533 1079.716 1077.958 1076.274 1074.695 1073.254 1071.824 1070.343 1068.754 1067.123 1065.49 1063.871 1062.311 1060.819 1059.438 1058.168 1056.98 1055.844 1054.736 1053.636 1052.527 1051.416 1050.293 1049.21 1048.187 1047.273 1046.41 1045.614 1044.845 1044.103 1043.374 1042.696 1042.092 1041.513 1040.963 -9999 -9999 -9999 -9999 -9999 -9999 -9999 -9999 -9999 -9999 -9999 -9999 -9999 -9999 -9999 -9999 -9999 -9999 -9999 -9999 -9999 -9999 -9999 -9999 -9999
1091.633 1089.969 1088.281 1086.54 1084.783 1082.991 1081.209 1079.443 1077.723 1076.059 1074.538 1073.095 1071.658 1070.119 1068.533 1066.928 1065.331 1063.748 1062.208 1060.73 1059.334 1058.026 1056.782 1055.605 1054.466 1053.327 1052.178 1051.013 1049.86 1048.736 1047.676 1046.701 1045.787 1044.925 1044.104 1043.299 1042.519 1041.791 1041.161 1040.62 1040.115 1039.622 -9999 -9999 -9999 -9999 -9999 -9999 -9999 -9999 -9999 -9999 -9999 -9999 -9999 -9999 -9999 -9999 -9999 -9999 -9999 -9999 -9999 -9999 -9999 -9999
1090.921 1089.326 1087.698 1086.03 1084.339 1082.62 1080.897 1079.183 1077.493 1075.86 1074.343 1072.909 1071.46 1069.938 1068.366 1066.79 1065.219 1063.656 1062.136 1060.663 1059.26 1057.918 1056.628 1055.386 1054.2 1053.024 1051.838 1050.63 1049.417 1048.256 1047.157 1046.147 1045.18 1044.253 1043.358 1042.496 1041.657 1040.899 1040.26 1039.729 1039.243 1038.648 1038.026 -9999 -9999 -9999 -9999 -9999 -9999 -9999 -9999 -9999 -9999 -9999 -9999 -9999 -9999 -9999 -9999 -9999 -9999 -9999 -9999 -9999 -9999 -9999
1090.21 1088.687 1087.126 1085.538 1083.915 1082.264 1080.603 1078.936 1077.278 1075.668 1074.206 1072.77 1071.32 1069.763 1068.207 1066.66 1065.116 1063.588 1062.085 1060.619 1059.2 1057.825 1056.483 1055.199 1053.964 1052.751 1051.522 1050.267 1049.022 1047.819 1046.672 1045.593 1044.561 1043.58 1042.636 1041.721 1040.855 1040.081 1039.451 1038.917 1038.314 1037.574 1036.8 1036.188 -9999 -9999 -9999 -9999 -9999 -9999 -9999 -9999 -9999 -9999 -9999 -9999 -9999 -9999 -9999 -9999 -9999 -9999 -9999 -9999 -9999 -9999
1089.545 1088.078 1086.574 1085.061 1083.509 1081.93 1080.322 1078.694 1077.071 1075.515 1074.058 1072.62 1071.144 1069.615 1068.091 1066.571 1065.045 1063.525 1062.031 1060.569 1059.143 1057.74 1056.358 1055.025 1053.733 1052.471 1051.196 1049.909 1048.626 1047.378 1046.178 1045.033 1043.946 1042.919 1041.942 1041.008 1040.14 1039.378 1038.651 1037.978 1037.214 1036.403 1035.579 1034.905 1034.46 -9999 -9999 -9999 -9999 -9999 -9999 -9999 -9999 -9999 -9999 -9999 -9999 -9999 -9999 -9999 -9999 -9999 -9999 -9999 -9999 -9999
1088.864 1087.458 1086.031 1084.577 1083.109 1081.602 1080.052 1078.463 1076.899 1075.389 1073.937 1072.462 1070.965 1069.452 1067.949 1066.454 1064.956 1063.463 1061.982 1060.526 1059.087 1057.661 1056.24 1054.877 1053.536 1052.221 1050.887 1049.558 1048.243 1046.941 1045.677 1044.466 1043.325 1042.262 1041.269 1040.344 1039.46 1038.655 1037.807 1037.01 1036.125 1035.338 1034.554 1033.809 1033.218 1032.783 -9999 -9999 -9999 -9999 -9999 -9999 -9999 -9999 -9999 -9999 -9999 -9999 -9999 -9999 -9999 -9999 -9999 -9999 -9999 -9999
1088.188 1086.823 1085.455 1084.069 1082.689 1081.265 1079.773 1078.222 1076.709 1075.24 1073.789 1072.283 1070.766 1069.272 1067.797 1066.333 1064.859 1063.389 1061.924 1060.476 1059.033 1057.584 1056.137 1054.74 1053.356 1051.986 1050.592 1049.214 1047.857 1046.508 1045.187 1043.906 1042.706 1041.607 1040.598 1039.67 1038.765 1037.911 1036.953 1036.046 1035.148 1034.408 1033.67 1032.901 1032.133 1031.549 1031.176 -9999 -9999 -9999 -9999 -9999 -9999 -9999 -9999 -9999 -9999 -9999 -9999 -9999 -9999 -9999 -9999 -9999 -9999 -9999
1087.454 1086.126 1084.802 1083.509 1082.224 1080.89 1079.462 1077.959 1076.476 1075.015 1073.546 1072.034 1070.53 1069.059 1067.613 1066.182 1064.74 1063.298 1061.86 1060.426 1058.979 1057.509 1056.035 1054.603 1053.189 1051.777 1050.34 1048.907 1047.499 1046.098 1044.712 1043.351 1042.077 1040.938 1039.932 1039.008 1038.083 1037.157 1036.197 1035.288 1034.415 1033.616 1032.83 1031.991 1031.159 1030.406 1029.907 1029.586 1029.342 -9999 -9999 -9999 -9999 -9999 -9999 -9999 -9999 -9999 -9999 -9999 -9999 -9999 -9999 -9999 -9999 -9999
1086.701 1085.38 1084.083 1082.865 1081.664 1080.401 1079.048 1077.602 1076.147 1074.694 1073.229 1071.74 1070.263 1068.817 1067.401 1066.006 1064.598 1063.193 1061.78 1060.363 1058.911 1057.423 1055.924 1054.466 1053.022 1051.586 1050.116 1048.645 1047.184 1045.733 1044.285 1042.847 1041.492 1040.319 1039.309 1038.395 1037.476 1036.545 1035.589 1034.657 1033.745 1032.889 1032.043 1031.131 1030.23 1029.403 1028.766 1028.323 1028.008 1027.753 -9999 -9999 -9999 -9999 -9999 -9999 -9999 -9999 -9999 -9999 -9999 -9999 -9999 -9999 -9999 -9999
1085.911 1084.607 1083.322 1082.153 1080.988 1079.78 1078.496 1077.129 1075.713 1074.293 1072.836 1071.398 1069.952 1068.552 1067.166 1065.806 1064.434 1063.058 1061.674 1060.271 1058.819 1057.315 1055.805 1054.33 1052.872 1051.411 1049.928 1048.432 1046.94 1045.441 1043.943 1042.448 1041.05 1039.846 1038.833 1037.914 1036.998 1036.035 1035.062 1034.085 1033.145 1032.227 1031.323 1030.346 1029.367 1028.472 1027.757 1027.181 1026.753 1026.442 1026.184 1025.83 -9999 -9999 -9999 -9999 -9999 -9999 -9999 -9999 -9999 -9999 -9999 -9999 -9999 -9999
1085.097 1083.795 1082.552 1081.381 1080.23 1079.053 1077.832 1076.541 1075.199 1073.831 1072.434 1071.03 1069.623 1068.249 1066.9 1065.575 1064.236 1062.886 1061.521 1060.13 1058.678 1057.165 1055.647 1054.174 1052.718 1051.262 1049.773 1048.278 1046.768 1045.249 1043.726 1042.22 1040.81 1039.587 1038.541 1037.592 1036.642 1035.655 1034.638 1033.616 1032.618 1031.644 1030.668 1029.647 1028.622 1027.672 1026.877 1026.211 1025.637 1025.214 1024.904 1024.663 1024.355 1023.995 -9999 -9999 -9999 -9999 -9999 -9999 -9999 -9999 -9999 -9999 -9999 -9999
1084.283 1082.995 1081.758 1080.593 1079.45 1078.306 1077.135 1075.912 1074.636 1073.339 1071.987 1070.628 1069.253 1067.931 1066.624 1065.325 1064.003 1062.661 1061.311 1059.926 1058.484 1056.983 1055.487 1054.032 1052.593 1051.141 1049.663 1048.163 1046.649 1045.129 1043.632 1042.163 1040.783 1039.542 1038.445 1037.415 1036.41 1035.355 1034.298 1033.219 1032.174 1031.128 1030.074 1029.021 1027.947 1026.951 1026.061 1025.318 1024.657 1024.097 1023.693 1023.422 1023.2 1022.916 1022.598 1022.271 -9999 -9999 -9999 -9999 -9999 -9999 -9999 -9999 -9999 -9999
1083.433 1082.153 1080.954 1079.809 1078.695 1077.585 1076.447 1075.268 1074.052 1072.816 1071.517 1070.195 1068.862 1067.572 1066.305 1065.028 1063.726 1062.394 1061.048 1059.67 1058.243 1056.765 1055.302 1053.877 1052.466 1051.037 1049.57 1048.076 1046.575 1045.09 1043.643 1042.225 1040.877 1039.626 1038.472 1037.373 1036.281 1035.168 1034.045 1032.927 1031.816 1030.69 1029.558 1028.417 1027.315 1026.265 1025.33 1024.484 1023.735 1023.085 1022.576 1022.239 1022.004 1021.802 1021.57 1021.35 1021.149 1020.958 -9999 -9999 -9999 -9999 -9999 -9999 -9999 -9999
1082.591 1081.335 1080.164 1079.05 1077.968 1076.883 1075.776 1074.636 1073.472 1072.269 1071.011 1069.729 1068.453 1067.221 1065.989 1064.726 1063.424 1062.094 1060.755 1059.385 1057.974 1056.526 1055.095 1053.704 1052.334 1050.931 1049.482 1047.996 1046.53 1045.099 1043.714 1042.354 1041.039 1039.785 1038.585 1037.413 1036.245 1035.063 1033.877 1032.695 1031.516 1030.319 1029.11 1027.906 1026.735 1025.623 1024.601 1023.671 1022.839 1022.119 1021.544 1021.156 1020.916 1020.769 1020.642 1020.518 1020.396 1020.282 1020.161 -9999 -9999 -9999 -9999 -9999 -9999 -9999
1081.715 1080.514 1079.4 1078.326 1077.268 1076.207 1075.121 1074.014 1072.884 1071.712 1070.496 1069.26 1068.033 1066.833 1065.631 1064.396 1063.11 1061.79 1060.454 1059.095 1057.695 1056.276 1054.886 1053.54 1052.204 1050.826 1049.386 1047.929 1046.521 1045.162 1043.833 1042.506 1041.215 1039.965 1038.734 1037.513 1036.285 1035.04 1033.783 1032.521 1031.272 1030.012 1028.743 1027.466 1026.221 1025.03 1023.917 1022.895 1021.983 1021.216 1020.628 1020.247 1020.039 1019.935 1019.863 1019.797 1019.737 1019.685 1019.651 -9999 -9999 -9999 -9999 -9999 -9999 -9999
1080.884 1079.742 1078.666 1077.619 1076.586 1075.545 1074.49 1073.418 1072.326 1071.175 1070 1068.795 1067.62 1066.457 1065.28 1064.066 1062.786 1061.484 1060.161 1058.815 1057.435 1056.038 1054.681 1053.364 1052.058 1050.698 1049.292 1047.885 1046.53 1045.232 1043.955 1042.674 1041.401 1040.15 1038.906 1037.647 1036.376 1035.073 1033.751 1032.406 1031.083 1029.765 1028.437 1027.089 1025.758 1024.481 1023.286 1022.188 1021.229 1020.456 1019.89 1019.546 1019.365 1019.284 1019.232 1019.202 1019.182 1019.202 1019.239 1019.335 -9999 -9999 -9999 -9999 -9999 -9999
1080.087 1079.006 1077.954 1076.932 1075.92 1074.913 1073.884 1072.841 1071.769 1070.658 1069.515 1068.359 1067.205 1066.06 1064.895 1063.707 1062.46 1061.182 1059.873 1058.542 1057.178 1055.796 1054.482 1053.198 1051.921 1050.586 1049.216 1047.865 1046.568 1045.328 1044.095 1042.838 1041.584 1040.341 1039.085 1037.802 1036.493 1035.137 1033.766 1032.362 1030.98 1029.601 1028.224 1026.817 1025.4 1024.014 1022.715 1021.555 1020.594 1019.87 1019.365 1019.043 1018.853 1018.767 1018.742 1018.748 1018.777 1018.827 1018.949 1019.098 -9999 -9999 -9999 -9999 -9999 -9999
1079.347 1078.297 1077.269 1076.256 1075.269 1074.287 1073.299 1072.29 1071.254 1070.172 1069.062 1067.93 1066.807 1065.682 1064.535 1063.358 1062.133 1060.881 1059.598 1058.288 1056.953 1055.588 1054.301 1053.028 1051.779 1050.466 1049.148 1047.847 1046.593 1045.395 1044.208 1042.994 1041.764 1040.53 1039.273 1037.972 1036.626 1035.24 1033.821 1032.382 1030.949 1029.523 1028.098 1026.645 1025.167 1023.687 1022.261 1021.038 1020.1 1019.461 1019.015 1018.695 1018.501 1018.364 1018.296 1018.27 1018.308 1018.422 1018.574 1018.803 -9999 -9999 -9999 -9999 -9999 -9999
1078.621 1077.608 1076.605 1075.616 1074.64 1073.688 1072.727 1071.755 1070.737 1069.693 1068.611 1067.52 1066.414 1065.308 1064.179 1063.021 1061.822 1060.589 1059.326 1058.033 1056.716 1055.36 1054.1 1052.859 1051.651 1050.378 1049.088 1047.832 1046.635 1045.495 1044.347 1043.15 1041.94 1040.724 1039.465 1038.149 1036.779 1035.359 1033.911 1032.444 1030.985 1029.529 1028.069 1026.591 1025.078 1023.53 1022.023 1020.748 1019.825 1019.196 1018.77 1018.4 1018.179 1017.986 1017.922 1017.883 1017.963 1018.083 1018.292 1018.508 1018.72 -9999 -9999 -9999 -9999 -9999
1077.898 1076.923 1075.955 1074.991 1074.04 1073.097 1072.168 1071.23 1070.259 1069.242 1068.191 1067.122 1066.045 1064.956 1063.843 1062.698 1061.516 1060.307 1059.07 1057.803 1056.514 1055.214 1053.984 1052.76 1051.547 1050.285 1049.032 1047.809 1046.646 1045.543 1044.439 1043.289 1042.106 1040.906 1039.656 1038.333 1036.94 1035.503 1034.027 1032.548 1031.066 1029.602 1028.125 1026.637 1025.111 1023.54 1022.019 1020.729 1019.786 1019.11 1018.626 1018.219 1017.973 1017.77 1017.658 1017.619 1017.674 1017.842 1018.023 1018.212 1018.344 -9999 -9999 -9999 -9999 -9999
1077.163 1076.236 1075.313 1074.391 1073.47 1072.55 1071.625 1070.713 1069.765 1068.795 1067.772 1066.743 1065.679 1064.607 1063.504 1062.379 1061.22 1060.035 1058.818 1057.567 1056.291 1055.016 1053.803 1052.607 1051.42 1050.196 1048.969 1047.782 1046.682 1045.635 1044.569 1043.425 1042.256 1041.072 1039.832 1038.506 1037.1 1035.637 1034.149 1032.664 1031.19 1029.728 1028.255 1026.774 1025.247 1023.694 1022.221 1020.954 1019.97 1019.192 1018.623 1018.169 1017.884 1017.686 1017.604 1017.583 1017.656 1017.77 1017.909 1017.996 1018.061 1018.085 -9999 -9999 -9999 -9999
1076.429 1075.551 1074.671 1073.791 1072.91 1072.017 1071.122 1070.22 1069.306 1068.361 1067.382 1066.379 1065.342 1064.281 1063.183 1062.072 1060.937 1059.78 1058.586 1057.359 1056.092 1054.871 1053.677 1052.503 1051.301 1050.087 1048.896 1047.736 1046.66 1045.654 1044.624 1043.525 1042.368 1041.198 1039.969 1038.649 1037.238 1035.775 1034.277 1032.803 1031.338 1029.898 1028.435 1026.964 1025.437 1023.918 1022.489 1021.262 1020.239 1019.414 1018.767 1018.313 1017.997 1017.82 1017.69 1017.657 1017.667 1017.714 1017.735 1017.756 1017.762 1017.752 -9999 -9999 -9999 -9999
1075.702 1074.874 1074.041 1073.206 1072.366 1071.51 1070.638 1069.756 1068.859 1067.947 1067 1066.036 1065.005 1063.951 1062.855 1061.774 1060.667 1059.536 1058.368 1057.167 1055.902 1054.699 1053.502 1052.351 1051.154 1049.973 1048.818 1047.694 1046.654 1045.685 1044.686 1043.603 1042.449 1041.286 1040.063 1038.748 1037.343 1035.893 1034.411 1032.958 1031.516 1030.094 1028.634 1027.146 1025.62 1024.143 1022.779 1021.586 1020.547 1019.687 1019.017 1018.53 1018.197 1017.966 1017.827 1017.732 1017.69 1017.612 1017.543 1017.506 1017.455 1017.399 -9999 -9999 -9999 -9999
1074.995 1074.209 1073.417 1072.62 1071.818 1071.003 1070.173 1069.324 1068.454 1067.558 1066.644 1065.677 1064.656 1063.597 1062.538 1061.486 1060.411 1059.303 1058.155 1056.977 1055.716 1054.545 1053.357 1052.231 1051.021 1049.856 1048.733 1047.65 1046.61 1045.666 1044.684 1043.647 1042.494 1041.331 1040.112 1038.81 1037.426 1036.004 1034.538 1033.114 1031.685 1030.274 1028.801 1027.322 1025.852 1024.424 1023.096 1021.897 1020.848 1019.972 1019.272 1018.761 1018.376 1018.127 1017.947 1017.812 1017.665 1017.502 1017.366 1017.247 1017.125 1017.008 -9999 -9999 -9999 -9999
1074.3 1073.56 1072.807 1072.05 1071.287 1070.504 1069.705 1068.89 1068.06 1067.199 1066.311 1065.366 1064.341 1063.284 1062.232 1061.215 1060.166 1059.078 1057.953 1056.771 1055.524 1054.366 1053.201 1052.085 1050.884 1049.753 1048.663 1047.608 1046.587 1045.648 1044.687 1043.662 1042.523 1041.354 1040.136 1038.846 1037.484 1036.087 1034.647 1033.234 1031.818 1030.405 1028.948 1027.495 1026.081 1024.684 1023.379 1022.16 1021.113 1020.216 1019.516 1018.968 1018.575 1018.289 1018.071 1017.847 1017.62 1017.4 1017.23 1017.003 1016.791 1016.598 1016.506 -9999 -9999 -9999
1073.624 1072.919 1072.207 1071.487 1070.755 1070.007 1069.242 1068.464 1067.67 1066.844 1065.993 1065.031 1064.015 1062.959 1061.958 1060.962 1059.935 1058.865 1057.757 1056.597 1055.374 1054.232 1053.061 1051.945 1050.757 1049.662 1048.59 1047.556 1046.536 1045.614 1044.654 1043.652 1042.521 1041.358 1040.143 1038.867 1037.528 1036.15 1034.707 1033.291 1031.884 1030.501 1029.088 1027.692 1026.31 1024.934 1023.621 1022.396 1021.347 1020.446 1019.745 1019.177 1018.73 1018.41 1018.136 1017.875 1017.596 1017.332 1017.12 1016.762 1016.453 1016.158 1016.065 1016.046 -9999 -9999
1072.96 1072.288 1071.615 1070.935 1070.235 1069.517 1068.781 1068.034 1067.27 1066.483 1065.667 1064.728 1063.724 1062.685 1061.705 1060.728 1059.71 1058.654 1057.563 1056.396 1055.219 1054.076 1052.928 1051.793 1050.638 1049.577 1048.528 1047.497 1046.492 1045.573 1044.629 1043.629 1042.509 1041.354 1040.147 1038.878 1037.565 1036.216 1034.793 1033.355 1031.962 1030.612 1029.268 1027.899 1026.543 1025.158 1023.842 1022.589 1021.546 1020.644 1019.958 1019.371 1018.88 1018.507 1018.191 1017.905 1017.596 1017.307 1016.971 1016.507 1016.074 1015.76 1015.656 1015.643 1015.526 -9999
1072.318 1071.67 1071.026 1070.377 1069.708 1069.022 1068.317 1067.604 1066.87 1066.122 1065.294 1064.347 1063.359 1062.382 1061.459 1060.499 1059.496 1058.455 1057.357 1056.227 1055.062 1053.934 1052.766 1051.64 1050.521 1049.489 1048.457 1047.443 1046.439 1045.529 1044.575 1043.588 1042.475 1041.34 1040.146 1038.896 1037.605 1036.286 1034.873 1033.446 1032.061 1030.757 1029.439 1028.089 1026.692 1025.313 1023.971 1022.738 1021.687 1020.815 1020.131 1019.532 1018.98 1018.573 1018.21 1017.889 1017.513 1017.123 1016.685 1016.171 1015.722 1015.451 1015.335 1015.248 1015.02 1014.707
