SEB_model/sample_data_files/historical_long/thickness_historical_long/mean26_5mfx_ascii.txt
ncols         768
nrows         486
xllcorner     388353.95236715
yllcorner     7583725.4876181
cellsize      5
NODATA_value  -9999
[rows 192 to 223 of 486, columns 292 to 364 of 768]
61.44495 62.99097 62.99097 62.99097 65.35229 65.35229 68.15723 68.15723 68.15723 71.13708 71.13708 71.13708 73.26257 73.26257 72.99915 72.99915 72.99915 70.81042 70.81042 68.78003 68.78003 68.78003 66.78479 66.78479 66.78479 66.28467 66.28467 66.26172 66.26172 66.26172 67.04578 67.04578 68.73975 68.73975 68.73975 69.05725 69.05725 69.05725 67.58569 67.58569 64.27185 64.27185 64.27185 58.05127 58.05127 58.05127 52.85217 52.85217 48.47046 48.47046 48.47046 46.03882 46.03882 45.23853 45.23853 45.23853 44.18689 44.18689 44.18689 43.46375 43.46375 41.69763 41.69763 41.69763 39.40332 39.40332 37.52148 37.52148 37.52148 35.69971 35.69971 35.69971 34.46326
61.87927 62.5354 62.5354 62.5354 64.00867 64.00867 66.0675 66.0675 66.0675 68.89099 68.89099 68.89099 71.38623 71.38623 71.22778 71.22778 71.22778 68.9696 68.9696 66.78491 66.78491 66.78491 64.64124 64.64124 64.64124 64.25061 64.25061 64.50049 64.50049 64.50049 65.5415 65.5415 67.58313 67.58313 67.58313 68.51611 68.51611 68.51611 67.58276 67.58276 64.17969 64.17969 64.17969 57.75928 57.75928 57.75928 52.93738 52.93738 49.73608 49.73608 49.73608 48.44861 48.44861 48.55811 48.55811 48.55811 47.79944 47.79944 47.79944 46.99292 46.99292 44.32153 44.32153 44.32153 41.01282 41.01282 38.25684 38.25684 38.25684 35.75244 35.75244 35.75244 33.84802
61.87927 62.5354 62.5354 62.5354 64.00867 64.00867 66.0675 66.0675 66.0675 68.89099 68.89099 68.89099 71.38623 71.38623 71.22778 71.22778 71.22778 68.9696 68.9696 66.78491 66.78491 66.78491 64.64124 64.64124 64.64124 64.25061 64.25061 64.50049 64.50049 64.50049 65.5415 65.5415 67.58313 67.58313 67.58313 68.51611 68.51611 68.51611 67.58276 67.58276 64.17969 64.17969 64.17969 57.75928 57.75928 57.75928 52.93738 52.93738 49.73608 49.73608 49.73608 48.44861 48.44861 48.55811 48.55811 48.55811 47.79944 47.79944 47.79944 46.99292 46.99292 44.32153 44.32153 44.32153 41.01282 41.01282 38.25684 38.25684 38.25684 35.75244 35.75244 35.75244 33.84802
61.87927 62.5354 62.5354 62.5354 64.00867 64.00867 66.0675 66.0675 66.0675 68.89099 68.89099 68.89099 71.38623 71.38623 71.22778 71.22778 71.22778 68.9696 68.9696 66.78491 66.78491 66.78491 64.64124 64.64124 64.64124 64.25061 64.25061 64.50049 64.50049 64.50049 65.5415 65.5415 67.58313 67.58313 67.58313 68.51611 68.51611 68.51611 67.58276 67.58276 64.17969 64.17969 64.17969 57.75928 57.75928 57.75928 52.93738 52.93738 49.73608 49.73608 49.73608 48.44861 48.44861 48.55811 48.55811 48.55811 47.79944 47.79944 47.79944 46.99292 46.99292 44.32153 44.32153 44.32153 41.01282 41.01282 38.25684 38.25684 38.25684 35.75244 35.75244 35.75244 33.84802
61.57764 61.1156 61.1156 61.1156 61.42102 61.42102 62.62122 62.62122 62.62122 65.11523 65.11523 65.11523 67.82031 67.82031 68.07935 68.07935 68.07935 66.55225 66.55225 64.86255 64.86255 64.86255 62.9259 62.9259 62.9259 62.65771 62.65771 62.98389 62.98389 62.98389 63.8844 63.8844 65.75793 65.75793 65.75793 67.10828 67.10828 67.10828 66.45129 66.45129 62.93384 62.93384 62.93384 56.74963 56.74963 56.74963 52.48877 52.48877 50.09766 50.09766 50.09766 49.08276 49.08276 49.41577 49.41577 49.41577 48.84558 48.84558 48.84558 47.59192 47.59192 44.03015 44.03015 44.03015 39.87793 39.87793 36.90686 36.90686 36.90686 34.26257 34.26257 34.26257 31.97522
61.57764 61.1156 61.1156 61.1156 61.42102 61.42102 62.62122 62.62122 62.62122 65.11523 65.11523 65.11523 67.82031 67.82031 68.07935 68.07935 68.07935 66.55225 66.55225 64.86255 64.86255 64.86255 62.9259 62.9259 62.9259 62.65771 62.65771 62.98389 62.98389 62.98389 63.8844 63.8844 65.75793 65.75793 65.75793 67.10828 67.10828 67.10828 66.45129 66.45129 62.93384 62.93384 62.93384 56.74963 56.74963 56.74963 52.48877 52.48877 50.09766 50.09766 50.09766 49.08276 49.08276 49.41577 49.41577 49.41577 48.84558 48.84558 48.84558 47.59192 47.59192 44.03015 44.03015 44.03015 39.87793 39.87793 36.90686 36.90686 36.90686 34.26257 34.26257 34.26257 31.97522
63.47644 62.13062 62.13062 62.13062 61.57629 61.57629 62.08801 62.08801 62.08801 64.12195 64.12195 64.12195 66.99353 66.99353 68.07629 68.07629 68.07629 67.08594 67.08594 65.77283 65.77283 65.77283 63.86011 63.86011 63.86011 63.83789 63.83789 64.23108 64.23108 64.23108 64.52832 64.52832 65.85767 65.85767 65.85767 66.78052 66.78052 66.78052 66.22681 66.22681 63.41345 63.41345 63.41345 57.88269 57.88269 57.88269 53.73975 53.73975 50.74963 50.74963 50.74963 48.87329 48.87329 48.62634 48.62634 48.62634 47.43091 47.43091 47.43091 45.60071 45.60071 41.59229 41.59229 41.59229 37.22253 37.22253 34.32813 34.32813 34.32813 31.6272 31.6272 31.6272 29.36316
63.47644 62.13062 62.13062 62.13062 61.57629 61.57629 62.08801 62.08801 62.08801 64.12195 64.12195 64.12195 66.99353 66.99353 68.07629 68.07629 68.07629 67.08594 67.08594 65.77283 65.77283 65.77283 63.86011 63.86011 63.86011 63.83789 63.83789 64.23108 64.23108 64.23108 64.52832 64.52832 65.85767 65.85767 65.85767 66.78052 66.78052 66.78052 66.22681 66.22681 63.41345 63.41345 63.41345 57.88269 57.88269 57.88269 53.73975 53.73975 50.74963 50.74963 50.74963 48.87329 48.87329 48.62634 48.62634 48.62634 47.43091 47.43091 47.43091 45.60071 45.60071 41.59229 41.59229 41.59229 37.22253 37.22253 34.32813 34.32813 34.32813 31.6272 31.6272 31.6272 29.36316
63.47644 62.13062 62.13062 62.13062 61.57629 61.57629 62.08801 62.08801 62.08801 64.12195 64.12195 64.12195 66.99353 66.99353 68.07629 68.07629 68.07629 67.08594 67.08594 65.77283 65.77283 65.77283 63.86011 63.86011 63.86011 63.83789 63.83789 64.23108 64.23108 64.23108 64.52832 64.52832 65.85767 65.85767 65.85767 66.78052 66.78052 66.78052 66.22681 66.22681 63.41345 63.41345 63.41345 57.88269 57.88269 57.88269 53.73975 53.73975 50.74963 50.74963 50.74963 48.87329 48.87329 48.62634 48.62634 48.62634 47.43091 47.43091 47.43091 45.60071 45.60071 41.59229 41.59229 41.59229 37.22253 37.22253 34.32813 34.32813 34.32813 31.6272 31.6272 31.6272 29.36316
67.0802 64.90295 64.90295 64.90295 64.19287 64.19287 64.63245 64.63245 64.63245 66.18701 66.18701 66.18701 68.70142 68.70142 69.23877 69.23877 69.23877 68.29211 68.29211 67.43237 67.43237 67.43237 66.18225 66.18225 66.18225 66.30371 66.30371 66.31433 66.31433 66.31433 66.11353 66.11353 66.48669 66.48669 66.48669 65.99548 65.99548 65.99548 64.7854 64.7854 62.61743 62.61743 62.61743 57.9613 57.9613 57.9613 53.61548 53.61548 49.15161 49.15161 49.15161 45.7356 45.7356 44.09387 44.09387 44.09387 42.04895 42.04895 42.04895 39.88477 39.88477 36.09521 36.09521 36.09521 32.33203 32.33203 29.79529 29.79529 29.79529 27.39917 27.39917 27.39917 25.32654
67.0802 64.90295 64.90295 64.90295 64.19287 64.19287 64.63245 64.63245 64.63245 66.18701 66.18701 66.18701 68.70142 68.70142 69.23877 69.23877 69.23877 68.29211 68.29211 67.43237 67.43237 67.43237 66.18225 66.18225 66.18225 66.30371 66.30371 66.31433 66.31433 66.31433 66.11353 66.11353 66.48669 66.48669 66.48669 65.99548 65.99548 65.99548 64.7854 64.7854 62.61743 62.61743 62.61743 57.9613 57.9613 57.9613 53.61548 53.61548 49.15161 49.15161 49.15161 45.7356 45.7356 44.09387 44.09387 44.09387 42.04895 42.04895 42.04895 39.88477 39.88477 36.09521 36.09521 36.09521 32.33203 32.33203 29.79529 29.79529 29.79529 27.39917 27.39917 27.39917 25.32654
70.36499 68.31873 68.31873 68.31873 67.84155 67.84155 68.07153 68.07153 68.07153 68.80261 68.80261 68.80261 70.13208 70.13208 69.68274 69.68274 69.68274 68.54297 68.54297 68.03467 68.03467 68.03467 67.06543 67.06543 67.06543 67.15405 67.15405 66.70337 66.70337 66.70337 65.80127 65.80127 65.28699 65.28699 65.28699 63.29248 63.29248 63.29248 61.15527 61.15527 59.01929 59.01929 59.01929 54.61768 54.61768 54.61768 49.95337 49.95337 44.24927 44.24927 44.24927 39.55371 39.55371 36.5741 36.5741 36.5741 33.44531 33.44531 33.44531 30.96863 30.96863 27.65588 27.65588 27.65588 24.76733 24.76733 23.02307 23.02307 23.02307 21.4353 21.4353 21.4353 20.14404
70.36499 68.31873 68.31873 68.31873 67.84155 67.84155 68.07153 68.07153 68.07153 68.80261 68.80261 68.80261 70.13208 70.13208 69.68274 69.68274 69.68274 68.54297 68.54297 68.03467 68.03467 68.03467 67.06543 67.06543 67.06543 67.15405 67.15405 66.70337 66.70337 66.70337 65.80127 65.80127 65.28699 65.28699 65.28699 63.29248 63.29248 63.29248 61.15527 61.15527 59.01929 59.01929 59.01929 54.61768 54.61768 54.61768 49.95337 49.95337 44.24927 44.24927 44.24927 39.55371 39.55371 36.5741 36.5741 36.5741 33.44531 33.44531 33.44531 30.96863 30.96863 27.65588 27.65588 27.65588 24.76733 24.76733 23.02307 23.02307 23.02307 21.4353 21.4353 21.4353 20.14404
70.36499 68.31873 68.31873 68.31873 67.84155 67.84155 68.07153 68.07153 68.07153 68.80261 68.80261 68.80261 70.13208 70.13208 69.68274 69.68274 69.68274 68.54297 68.54297 68.03467 68.03467 68.03467 67.06543 67.06543 67.06543 67.15405 67.15405 66.70337 66.70337 66.70337 65.80127 65.80127 65.28699 65.28699 65.28699 63.29248 63.29248 63.29248 61.15527 61.15527 59.01929 59.01929 59.01929 54.61768 54.61768 54.61768 49.95337 49.95337 44.24927 44.24927 44.24927 39.55371 39.55371 36.5741 36.5741 36.5741 33.44531 33.44531 33.44531 30.96863 30.96863 27.65588 27.65588 27.65588 24.76733 24.76733 23.02307 23.02307 23.02307 21.4353 21.4353 21.4353 20.14404
72.04114 71.31104 71.31104 71.31104 72.56641 72.56641 71.94934 71.94934 71.94934 71.37329 71.37329 71.37329 71.2605 71.2605 69.45593 69.45593 69.45593 67.70813 67.70813 67.30481 67.30481 67.30481 66.60315 66.60315 66.60315 66.45715 66.45715 65.57129 65.57129 65.57129 64.12024 64.12024 62.8822 62.8822 62.8822 59.97473 59.97473 59.97473 56.98022 56.98022 54.17554 54.17554 54.17554 49.41382 49.41382 49.41382 44.43506 44.43506 38.39465 38.39465 38.39465 33.11853 33.11853 29.25635 29.25635 29.25635 25.39636 25.39636 25.39636 22.65076 22.65076 20.06836 20.06836 20.06836 18.297 18.297 17.71887 17.71887 17.71887 17.06506 17.06506 17.06506 16.52539
72.04114 71.31104 71.31104 71.31104 72.56641 72.56641 71.94934 71.94934 71.94934 71.37329 71.37329 71.37329 71.2605 71.2605 69.45593 69.45593 69.45593 67.70813 67.70813 67.30481 67.30481 67.30481 66.60315 66.60315 66.60315 66.45715 66.45715 65.57129 65.57129 65.57129 64.12024 64.12024 62.8822 62.8822 62.8822 59.97473 59.97473 59.97473 56.98022 56.98022 54.17554 54.17554 54.17554 49.41382 49.41382 49.41382 44.43506 44.43506 38.39465 38.39465 38.39465 33.11853 33.11853 29.25635 29.25635 29.25635 25.39636 25.39636 25.39636 22.65076 22.65076 20.06836 20.06836 20.06836 18.297 18.297 17.71887 17.71887 17.71887 17.06506 17.06506 17.06506 16.52539
72.04114 71.31104 71.31104 71.31104 72.56641 72.56641 71.94934 71.94934 71.94934 71.37329 71.37329 71.37329 71.2605 71.2605 69.45593 69.45593 69.45593 67.70813 67.70813 67.30481 67.30481 67.30481 66.60315 66.60315 66.60315 66.45715 66.45715 65.57129 65.57129 65.57129 64.12024 64.12024 62.8822 62.8822 62.8822 59.97473 59.97473 59.97473 56.98022 56.98022 54.17554 54.17554 54.17554 49.41382 49.41382 49.41382 44.43506 44.43506 38.39465 38.39465 38.39465 33.11853 33.11853 29.25635 29.25635 29.25635 25.39636 25.39636 25.39636 22.65076 22.65076 20.06836 20.06836 20.06836 18.297 18.297 17.71887 17.71887 17.71887 17.06506 17.06506 17.06506 16.52539
68.8999 69.96875 69.96875 69.96875 72.41785 72.41785 71.68689 71.68689 71.68689 70.20471 70.20471 70.20471 69.09937 69.09937 66.71521 66.71521 66.71521 64.56335 64.56335 63.99036 63.99036 63.99036 62.9845 62.9845 62.9845 62.52661 62.52661 61.29456 61.29456 61.29456 59.48401 59.48401 57.99756 57.99756 57.99756 54.73279 54.73279 54.73279 50.91968 50.91968 47.38501 47.38501 47.38501 42.16711 42.16711 42.16711 37.30164 37.30164 31.19739 31.19739 31.19739 25.71423 25.71423 21.37854 21.37854 21.37854 17.1637 17.1637 17.1637 14.64709 14.64709 12.95068 12.95068 12.95068 12.60822 12.60822 12.85254 12.85254 12.85254 12.88867 12.88867 12.88867 12.86945
68.8999 69.96875 69.96875 69.96875 72.41785 72.41785 71.68689 71.68689 71.68689 70.20471 70.20471 70.20471 69.09937 69.09937 66.71521 66.71521 66.71521 64.56335 64.56335 63.99036 63.99036 63.99036 62.9845 62.9845 62.9845 62.52661 62.52661 61.29456 61.29456 61.29456 59.48401 59.48401 57.99756 57.99756 57.99756 54.73279 54.73279 54.73279 50.91968 50.91968 47.38501 47.38501 47.38501 42.16711 42.16711 42.16711 37.30164 37.30164 31.19739 31.19739 31.19739 25.71423 25.71423 21.37854 21.37854 21.37854 17.1637 17.1637 17.1637 14.64709 14.64709 12.95068 12.95068 12.95068 12.60822 12.60822 12.85254 12.85254 12.85254 12.88867 12.88867 12.88867 12.86945
64.78979 65.8689 65.8689 65.8689 69.41077 69.41077 68.7196 68.7196 68.7196 67.40027 67.40027 67.40027 66.08203 66.08203 63.49011 63.49011 63.49011 61.03625 61.03625 60.06091 60.06091 60.06091 58.46472 58.46472 58.46472 57.61963 57.61963 56.1853 56.1853 56.1853 54.56384 54.56384 52.77087 52.77087 52.77087 49.19543 49.19543 49.19543 44.68982 44.68982 40.74878 40.74878 40.74878 35.50684 35.50684 35.50684 30.66626 30.66626 24.75305 24.75305 24.75305 19.0354 19.0354 14.74036 14.74036 14.74036 11.85401 11.85401 11.85401 11.04743 11.04743 10.84223 10.84223 10.84223 11.08014 11.08014 11.6308 11.6308 11.6308 11.73822 11.73822 11.73822 11.70276
64.78979 65.8689 65.8689 65.8689 69.41077 69.41077 68.7196 68.7196 68.7196 67.40027 67.40027 67.40027 66.08203 66.08203 63.49011 63.49011 63.49011 61.03625 61.03625 60.06091 60.06091 60.06091 58.46472 58.46472 58.46472 57.61963 57.61963 56.1853 56.1853 56.1853 54.56384 54.56384 52.77087 52.77087 52.77087 49.19543 49.19543 49.19543 44.68982 44.68982 40.74878 40.74878 40.74878 35.50684 35.50684 35.50684 30.66626 30.66626 24.75305 24.75305 24.75305 19.0354 19.0354 14.74036 14.74036 14.74036 11.85401 11.85401 11.85401 11.04743 11.04743 10.84223 10.84223 10.84223 11.08014 11.08014 11.6308 11.6308 11.6308 11.73822 11.73822 11.73822 11.70276
64.78979 65.8689 65.8689 65.8689 69.41077 69.41077 68.7196 68.7196 68.7196 67.40027 67.40027 67.40027 66.08203 66.08203 63.49011 63.49011 63.49011 61.03625 61.03625 60.06091 60.06091 60.06091 58.46472 58.46472 58.46472 57.61963 57.61963 56.1853 56.1853 56.1853 54.56384 54.56384 52.77087 52.77087 52.77087 49.19543 49.19543 49.19543 44.68982 44.68982 40.74878 40.74878 40.74878 35.50684 35.50684 35.50684 30.66626 30.66626 24.75305 24.75305 24.75305 19.0354 19.0354 14.74036 14.74036 14.74036 11.85401 11.85401 11.85401 11.04743 11.04743 10.84223 10.84223 10.84223 11.08014 11.08014 11.6308 11.6308 11.6308 11.73822 11.73822 11.73822 11.70276
61.48718 61.84509 61.84509 61.84509 64.2395 64.2395 64.13171 64.13171 64.13171 62.72412 62.72412 62.72412 61.92883 61.92883 59.17932 59.17932 59.17932 56.69836 56.69836 55.41418 55.41418 55.41418 53.39075 53.39075 53.39075 52.18176 52.18176 50.50232 50.50232 50.50232 48.58398 48.58398 46.6228 46.6228 46.6228 43.01343 43.01343 43.01343 38.76733 38.76733 34.86731 34.86731 34.86731 29.82751 29.82751 29.82751 25.05774 25.05774 19.14465 19.14465 19.14465 13.24097 13.24097 10.9289 10.9289 10.9289 9.203554 9.203554 9.203554 8.978762 8.978762 9.386293 9.386293 9.386293 10.00983 10.00983 10.659 10.659 10.659 10.64923 10.64923 10.64923 10.49292
61.48718 61.84509 61.84509 61.84509 64.2395 64.2395 64.13171 64.13171 64.13171 62.72412 62.72412 62.72412 61.92883 61.92883 59.17932 59.17932 59.17932 56.69836 56.69836 55.41418 55.41418 55.41418 53.39075 53.39075 53.39075 52.18176 52.18176 50.50232 50.50232 50.50232 48.58398 48.58398 46.6228 46.6228 46.6228 43.01343 43.01343 43.01343 38.76733 38.76733 34.86731 34.86731 34.86731 29.82751 29.82751 29.82751 25.05774 25.05774 19.14465 19.14465 19.14465 13.24097 13.24097 10.9289 10.9289 10.9289 9.203554 9.203554 9.203554 8.978762 8.978762 9.386293 9.386293 9.386293 10.00983 10.00983 10.659 10.659 10.659 10.64923 10.64923 10.64923 10.49292
57.27222 56.23572 56.23572 56.23572 57.71313 57.71313 57.28601 57.28601 57.28601 55.98767 55.98767 55.98767 55.49292 55.49292 53.38855 53.38855 53.38855 50.62 50.62 49.28882 49.28882 49.28882 47.08716 47.08716 47.08716 45.54407 45.54407 43.30566 43.30566 43.30566 40.9989 40.9989 38.80334 38.80334 38.80334 35.61353 35.61353 35.61353 32.10132 32.10132 28.65039 28.65039 28.65039 23.96338 23.96338 23.96338 19.28027 19.28027 13.40259 13.40259 13.40259 10.29334 10.29334 8.382753 8.382753 8.382753 6.973025 6.973025 6.973025 6.988955 6.988955 7.548098 7.548098 7.548098 8.347414 8.347414 9.090273 9.090273 9.090273 8.914675 8.914675 8.914675 8.684572
57.27222 56.23572 56.23572 56.23572 57.71313 57.71313 57.28601 57.28601 57.28601 55.98767 55.98767 55.98767 55.49292 55.49292 53.38855 53.38855 53.38855 50.62 50.62 49.28882 49.28882 49.28882 47.08716 47.08716 47.08716 45.54407 45.54407 43.30566 43.30566 43.30566 40.9989 40.9989 38.80334 38.80334 38.80334 35.61353 35.61353 35.61353 32.10132 32.10132 28.65039 28.65039 28.65039 23.96338 23.96338 23.96338 19.28027 19.28027 13.40259 13.40259 13.40259 10.29334 10.29334 8.382753 8.382753 8.382753 6.973025 6.973025 6.973025 6.988955 6.988955 7.548098 7.548098 7.548098 8.347414 8.347414 9.090273 9.090273 9.090273 8.914675 8.914675 8.914675 8.684572
57.27222 56.23572 56.23572 56.23572 57.71313 57.71313 57.28601 57.28601 57.28601 55.98767 55.98767 55.98767 55.49292 55.49292 53.38855 53.38855 53.38855 50.62 50.62 49.28882 49.28882 49.28882 47.08716 47.08716 47.08716 45.54407 45.54407 43.30566 43.30566 43.30566 40.9989 40.9989 38.80334 38.80334 38.80334 35.61353 35.61353 35.61353 32.10132 32.10132 28.65039 28.65039 28.65039 23.96338 23.96338 23.96338 19.28027 19.28027 13.40259 13.40259 13.40259 10.29334 10.29334 8.382753 8.382753 8.382753 6.973025 6.973025 6.973025 6.988955 6.988955 7.548098 7.548098 7.548098 8.347414 8.347414 9.090273 9.090273 9.090273 8.914675 8.914675 8.914675 8.684572
54.21936 52.17664 52.17664 52.17664 51.91223 51.91223 50.77759 50.77759 50.77759 48.59839 48.59839 48.59839 48.70605 48.70605 46.90295 46.90295 46.90295 44.80872 44.80872 43.56604 43.56604 43.56604 41.12097 41.12097 41.12097 39.26758 39.26758 36.88965 36.88965 36.88965 34.33813 34.33813 32.41931 32.41931 32.41931 30.07446 30.07446 30.07446 27.41565 27.41565 24.66504 24.66504 24.66504 20.40076 20.40076 20.40076 15.7428 15.7428 11.41767 11.41767 11.41767 8.604067 8.604067 6.897341 6.897341 6.897341 5.68793 5.68793 5.68793 5.629153 5.629153 5.961794 5.961794 5.961794 6.557803 6.557803 7.255129 7.255129 7.255129 7.132998 7.132998 7.132998 6.988955
54.21936 52.17664 52.17664 52.17664 51.91223 51.91223 50.77759 50.77759 50.77759 48.59839 48.59839 48.59839 48.70605 48.70605 46.90295 46.90295 46.90295 44.80872 44.80872 43.56604 43.56604 43.56604 41.12097 41.12097 41.12097 39.26758 39.26758 36.88965 36.88965 36.88965 34.33813 34.33813 32.41931 32.41931 32.41931 30.07446 30.07446 30.07446 27.41565 27.41565 24.66504 24.66504 24.66504 20.40076 20.40076 20.40076 15.7428 15.7428 11.41767 11.41767 11.41767 8.604067 8.604067 6.897341 6.897341 6.897341 5.68793 5.68793 5.68793 5.629153 5.629153 5.961794 5.961794 5.961794 6.557803 6.557803 7.255129 7.255129 7.255129 7.132998 7.132998 7.132998 6.988955
54.21936 52.17664 52.17664 52.17664 51.91223 51.91223 50.77759 50.77759 50.77759 48.59839 48.59839 48.59839 48.70605 48.70605 46.90295 46.90295 46.90295 44.80872 44.80872 43.56604 43.56604 43.56604 41.12097 41.12097 41.12097 39.26758 39.26758 36.88965 36.88965 36.88965 34.33813 34.33813 32.41931 32.41931 32.41931 30.07446 30.07446 30.07446 27.41565 27.41565 24.66504 24.66504 24.66504 20.40076 20.40076 20.40076 15.7428 15.7428 11.41767 11.41767 11.41767 8.604067 8.604067 6.897341 6.897341 6.897341 5.68793 5.68793 5.68793 5.629153 5.629153 5.961794 5.961794 5.961794 6.557803 6.557803 7.255129 7.255129 7.255129 7.132998 7.132998 7.132998 6.988955
51.83008 48.61292 48.61292 48.61292 45.646 45.646 42.20984 42.20984 42.20984 40.81311 40.81311 40.81311 40.44373 40.44373 39.46814 39.46814 39.46814 38.16528 38.16528 37.54797 37.54797 37.54797 35.17725 35.17725 35.17725 33.37317 33.37317 30.94983 30.94983 30.94983 28.53467 28.53467 26.72253 26.72253 26.72253 24.37061 24.37061 24.37061 22.23132 22.23132 20.25964 20.25964 20.25964 16.31824 16.31824 16.31824 12.37592 12.37592 9.580873 9.580873 9.580873 7.052065 7.052065 5.477541 5.477541 5.477541 4.283999 4.283999 4.283999 4.100527 4.100527 4.129702 4.129702 4.129702 4.367251 4.367251 4.862612 4.862612 4.862612 4.84479 4.84479 4.84479 4.982668
51.83008 48.61292 48.61292 48.61292 45.646 45.646 42.20984 42.20984 42.20984 40.81311 40.81311 40.81311 40.44373 40.44373 39.46814 39.46814 39.46814 38.16528 38.16528 37.54797 37.54797 37.54797 35.17725 35.17725 35.17725 33.37317 33.37317 30.94983 30.94983 30.94983 28.53467 28.53467 26.72253 26.72253 26.72253 24.37061 24.37061 24.37061 22.23132 22.23132 20.25964 20.25964 20.25964 16.31824 16.31824 16.31824 12.37592 12.37592 9.580873 9.580873 9.580873 7.052065 7.052065 5.477541 5.477541 5.477541 4.283999 4.283999 4.283999 4.100527 4.100527 4.129702 4.129702 4.129702 4.367251 4.367251 4.862612 4.862612 4.862612 4.84479 4.84479 4.84479 4.982668
