SEB_model/sample_data_files/historical_long/thickness_historical_long/mean26_5mfx_ascii.txt
ncols         768
nrows         486
xllcorner     388353.95236715
yllcorner     7583725.4876181
cellsize      5
NODATA_value  -9999
[rows 160 to 191 of 486, columns 584 to 656 of 768]
64.76978 64.76978 61.71899 61.71899 61.71899 58.90594 58.90594 58.20239 58.20239 58.20239 56.83075 56.83075 56.83075 57.13574 57.13574 55.88702 55.88702 55.88702 54.01373 54.01373 53.14441 53.14441 53.14441 50.26648 50.26648 50.26648 48.60724 48.60724 45.64929 45.64929 45.64929 43.19244 43.19244 43.19244 42.47107 42.47107 40.51501 40.51501 40.51501 38.11914 38.11914 37.0788 37.0788 37.0788 34.22424 34.22424 34.22424 33.52173 33.52173 31.05432 31.05432 31.05432 28.90558 28.90558 29.04108 29.04108 29.04108 28.67108 28.67108 28.67108 28.07501 28.07501 27.64447 27.64447 27.64447 25.15753 25.15753 25.15753 0 0 0 0 0
64.76978 64.76978 61.71899 61.71899 61.71899 58.90594 58.90594 58.20239 58.20239 58.20239 56.83075 56.83075 56.83075 57.13574 57.13574 55.88702 55.88702 55.88702 54.01373 54.01373 53.14441 53.14441 53.14441 50.26648 50.26648 50.26648 48.60724 48.60724 45.64929 45.64929 45.64929 43.19244 43.19244 43.19244 42.47107 42.47107 40.51501 40.51501 40.51501 38.11914 38.11914 37.0788 37.0788 37.0788 34.22424 34.22424 34.22424 33.52173 33.52173 31.05432 31.05432 31.05432 28.90558 28.90558 29.04108 29.04108 29.04108 28.67108 28.67108 28.67108 28.07501 28.07501 27.64447 27.64447 27.64447 25.15753 25.15753 25.15753 0 0 0 0 0
66.88586 66.88586 63.68585 63.68585 63.68585 61.24078 61.24078 60.90808 60.90808 60.90808 60.33386 60.33386 60.33386 60.87488 60.87488 59.54877 59.54877 59.54877 57.68726 57.68726 56.72491 56.72491 56.72491 53.70398 53.70398 53.70398 51.8371 51.8371 48.97437 48.97437 48.97437 46.56091 46.56091 46.56091 45.96466 45.96466 44.30975 44.30975 44.30975 42.30438 42.30438 41.09869 41.09869 41.09869 38.14124 38.14124 38.14124 37.33191 37.33191 34.83051 34.83051 34.83051 32.47461 32.47461 32.00806 32.00806 32.00806 30.56195 30.56195 30.56195 28.83551 28.83551 27.42078 27.42078 27.42078 24.05457 24.05457 24.05457 22.12091 22.12091 18.3006 18.3006 18.3006
66.88586 66.88586 63.68585 63.68585 63.68585 61.24078 61.24078 60.90808 60.90808 60.90808 60.33386 60.33386 60.33386 60.87488 60.87488 59.54877 59.54877 59.54877 57.68726 57.68726 56.72491 56.72491 56.72491 53.70398 53.70398 53.70398 51.8371 51.8371 48.97437 48.97437 48.97437 46.56091 46.56091 46.56091 45.96466 45.96466 44.30975 44.30975 44.30975 42.30438 42.30438 41.09869 41.09869 41.09869 38.14124 38.14124 38.14124 37.33191 37.33191 34.83051 34.83051 34.83051 32.47461 32.47461 32.00806 32.00806 32.00806 30.56195 30.56195 30.56195 28.83551 28.83551 27.42078 27.42078 27.42078 24.05457 24.05457 24.05457 22.12091 22.12091 18.3006 18.3006 18.3006
68.59027 68.59027 65.74585 65.74585 65.74585 63.55792 63.55792 63.62769 63.62769 63.62769 63.14191 63.14191 63.14191 63.60229 63.60229 62.18909 62.18909 62.18909 60.18433 60.18433 59.02502 59.02502 59.02502 55.92493 55.92493 55.92493 54.35382 54.35382 51.92773 51.92773 51.92773 49.75165 49.75165 49.75165 49.29907 49.29907 47.94482 47.94482 47.94482 46.11066 46.11066 45.08142 45.08142 45.08142 42.1756 42.1756 42.1756 41.29095 41.29095 38.56897 38.56897 38.56897 36.06812 36.06812 35.18018 35.18018 35.18018 32.75378 32.75378 32.75378 29.8421 29.8421 27.57428 27.57428 27.57428 23.02954 23.02954 23.02954 20.66986 20.66986 16.79187 16.79187 16.79187
68.59027 68.59027 65.74585 65.74585 65.74585 63.55792 63.55792 63.62769 63.62769 63.62769 63.14191 63.14191 63.14191 63.60229 63.60229 62.18909 62.18909 62.18909 60.18433 60.18433 59.02502 59.02502 59.02502 55.92493 55.92493 55.92493 54.35382 54.35382 51.92773 51.92773 51.92773 49.75165 49.75165 49.75165 49.29907 49.29907 47.94482 47.94482 47.94482 46.11066 46.11066 45.08142 45.08142 45.08142 42.1756 42.1756 42.1756 41.29095 41.29095 38.56897 38.56897 38.56897 36.06812 36.06812 35.18018 35.18018 35.18018 32.75378 32.75378 32.75378 29.8421 29.8421 27.57428 27.57428 27.57428 23.02954 23.02954 23.02954 20.66986 20.66986 16.79187 16.79187 16.79187
68.59027 68.59027 65.74585 65.74585 65.74585 63.55792 63.55792 63.62769 63.62769 63.62769 63.14191 63.14191 63.14191 63.60229 63.60229 62.18909 62.18909 62.18909 60.18433 60.18433 59.02502 59.02502 59.02502 55.92493 55.92493 55.92493 54.35382 54.35382 51.92773 51.92773 51.92773 49.75165 49.75165 49.75165 49.29907 49.29907 47.94482 47.94482 47.94482 46.11066 46.11066 45.08142 45.08142 45.08142 42.1756 42.1756 42.1756 41.29095 41.29095 38.56897 38.56897 38.56897 36.06812 36.06812 35.18018 35.18018 35.18018 32.75378 32.75378 32.75378 29.8421 29.8421 27.57428 27.57428 27.57428 23.02954 23.02954 23.02954 20.66986 20.66986 16.79187 16.79187 16.79187
69.71851 69.71851 67.21161 67.21161 67.21161 65.19849 65.19849 65.40387 65.40387 65.40387 64.43085 64.43085 64.43085 64.58221 64.58221 63.30798 63.30798 63.30798 61.41357 61.41357 60.11212 60.11212 60.11212 57.30011 57.30011 57.30011 56.24768 56.24768 54.56915 54.56915 54.56915 52.73376 52.73376 52.73376 52.50092 52.50092 51.23755 51.23755 51.23755 49.7533 49.7533 48.70813 48.70813 48.70813 45.58472 45.58472 45.58472 44.49023 44.49023 41.71942 41.71942 41.71942 39.05408 39.05408 37.64398 37.64398 37.64398 34.57965 34.57965 34.57965 30.6991 30.6991 27.99109 27.99109 27.99109 23.23926 23.23926 23.23926 20.38757 20.38757 16.97223 16.97223 16.97223
69.71851 69.71851 67.21161 67.21161 67.21161 65.19849 65.19849 65.40387 65.40387 65.40387 64.43085 64.43085 64.43085 64.58221 64.58221 63.30798 63.30798 63.30798 61.41357 61.41357 60.11212 60.11212 60.11212 57.30011 57.30011 57.30011 56.24768 56.24768 54.56915 54.56915 54.56915 52.73376 52.73376 52.73376 52.50092 52.50092 51.23755 51.23755 51.23755 49.7533 49.7533 48.70813 48.70813 48.70813 45.58472 45.58472 45.58472 44.49023 44.49023 41.71942 41.71942 41.71942 39.05408 39.05408 37.64398 37.64398 37.64398 34.57965 34.57965 34.57965 30.6991 30.6991 27.99109 27.99109 27.99109 23.23926 23.23926 23.23926 20.38757 20.38757 16.97223 16.97223 16.97223
70.7226 70.7226 68.6424 68.6424 68.6424 66.4209 66.4209 66.21777 66.21777 66.21777 64.8819 64.8819 64.8819 64.98035 64.98035 63.76575 63.76575 63.76575 61.98419 61.98419 61.01227 61.01227 61.01227 58.44922 58.44922 58.44922 57.95953 57.95953 56.58618 56.58618 56.58618 55.5354 55.5354 55.5354 55.6142 55.6142 54.4718 54.4718 54.4718 52.71979 52.71979 51.47052 51.47052 51.47052 48.0957 48.0957 48.0957 46.71588 46.71588 43.54022 43.54022 43.54022 40.42078 40.42078 38.64417 38.64417 38.64417 35.3866 35.3866 35.3866 31.37817 31.37817 28.45801 28.45801 28.45801 23.54968 23.54968 23.54968 20.46552 20.46552 17.33313 17.33313 17.33313
70.7226 70.7226 68.6424 68.6424 68.6424 66.4209 66.4209 66.21777 66.21777 66.21777 64.8819 64.8819 64.8819 64.98035 64.98035 63.76575 63.76575 63.76575 61.98419 61.98419 61.01227 61.01227 61.01227 58.44922 58.44922 58.44922 57.95953 57.95953 56.58618 56.58618 56.58618 55.5354 55.5354 55.5354 55.6142 55.6142 54.4718 54.4718 54.4718 52.71979 52.71979 51.47052 51.47052 51.47052 48.0957 48.0957 48.0957 46.71588 46.71588 43.54022 43.54022 43.54022 40.42078 40.42078 38.64417 38.64417 38.64417 35.3866 35.3866 35.3866 31.37817 31.37817 28.45801 28.45801 28.45801 23.54968 23.54968 23.54968 20.46552 20.46552 17.33313 17.33313 17.33313
70.7226 70.7226 68.6424 68.6424 68.6424 66.4209 66.4209 66.21777 66.21777 66.21777 64.8819 64.8819 64.8819 64.98035 64.98035 63.76575 63.76575 63.76575 61.98419 61.98419 61.01227 61.01227 61.01227 58.44922 58.44922 58.44922 57.95953 57.95953 56.58618 56.58618 56.58618 55.5354 55.5354 55.5354 55.6142 55.6142 54.4718 54.4718 54.4718 52.71979 52.71979 51.47052 51.47052 51.47052 48.0957 48.0957 48.0957 46.71588 46.71588 43.54022 43.54022 43.54022 40.42078 40.42078 38.64417 38.64417 38.64417 35.3866 35.3866 35.3866 31.37817 31.37817 28.45801 28.45801 28.45801 23.54968 23.54968 23.54968 20.46552 20.46552 17.33313 17.33313 17.33313
69.31726 69.31726 67.64709 67.64709 67.64709 65.63434 65.63434 65.19525 65.19525 65.19525 63.79358 63.79358 63.79358 63.99188 63.99188 62.97205 62.97205 62.97205 61.78302 61.78302 61.34479 61.34479 61.34479 59.7525 59.7525 59.7525 59.67078 59.67078 58.63782 58.63782 58.63782 57.95886 57.95886 57.95886 58.36896 58.36896 57.02527 57.02527 57.02527 54.80194 54.80194 53.24658 53.24658 53.24658 49.82794 49.82794 49.82794 48.078 48.078 44.66919 44.66919 44.66919 41.26282 41.26282 39.19434 39.19434 39.19434 35.73376 35.73376 35.73376 31.90875 31.90875 29.20514 29.20514 29.20514 24.44391 24.44391 24.44391 21.73541 21.73541 18.07935 18.07935 18.07935
69.31726 69.31726 67.64709 67.64709 67.64709 65.63434 65.63434 65.19525 65.19525 65.19525 63.79358 63.79358 63.79358 63.99188 63.99188 62.97205 62.97205 62.97205 61.78302 61.78302 61.34479 61.34479 61.34479 59.7525 59.7525 59.7525 59.67078 59.67078 58.63782 58.63782 58.63782 57.95886 57.95886 57.95886 58.36896 58.36896 57.02527 57.02527 57.02527 54.80194 54.80194 53.24658 53.24658 53.24658 49.82794 49.82794 49.82794 48.078 48.078 44.66919 44.66919 44.66919 41.26282 41.26282 39.19434 39.19434 39.19434 35.73376 35.73376 35.73376 31.90875 31.90875 29.20514 29.20514 29.20514 24.44391 24.44391 24.44391 21.73541 21.73541 18.07935 18.07935 18.07935
69.31726 69.31726 67.64709 67.64709 67.64709 65.63434 65.63434 65.19525 65.19525 65.19525 63.79358 63.79358 63.79358 63.99188 63.99188 62.97205 62.97205 62.97205 61.78302 61.78302 61.34479 61.34479 61.34479 59.7525 59.7525 59.7525 59.67078 59.67078 58.63782 58.63782 58.63782 57.95886 57.95886 57.95886 58.36896 58.36896 57.02527 57.02527 57.02527 54.80194 54.80194 53.24658 53.24658 53.24658 49.82794 49.82794 49.82794 48.078 48.078 44.66919 44.66919 44.66919 41.26282 41.26282 39.19434 39.19434 39.19434 35.73376 35.73376 35.73376 31.90875 31.90875 29.20514 29.20514 29.20514 24.44391 24.44391 24.44391 21.73541 21.73541 18.07935 18.07935 18.07935
66.4765 66.4765 65.43011 65.43011 65.43011 63.95917 63.95917 63.85437 63.85437 63.85437 62.72675 62.72675 62.72675 63.16736 63.16736 62.50421 62.50421 62.50421 61.79572 61.79572 62.08301 62.08301 62.08301 61.23621 61.23621 61.23621 61.44354 61.44354 60.53101 60.53101 60.53101 59.96417 59.96417 59.96417 60.36377 60.36377 58.68518 58.68518 58.68518 55.98114 55.98114 54.13403 54.13403 54.13403 50.75055 50.75055 50.75055 49.03735 49.03735 45.41083 45.41083 45.41083 41.72388 41.72388 39.58661 39.58661 39.58661 35.94678 35.94678 35.94678 32.1557 32.1557 29.51141 29.51141 29.51141 25.03387 25.03387 25.03387 22.46045 22.46045 18.50287 18.50287 18.50287
66.4765 66.4765 65.43011 65.43011 65.43011 63.95917 63.95917 63.85437 63.85437 63.85437 62.72675 62.72675 62.72675 63.16736 63.16736 62.50421 62.50421 62.50421 61.79572 61.79572 62.08301 62.08301 62.08301 61.23621 61.23621 61.23621 61.44354 61.44354 60.53101 60.53101 60.53101 59.96417 59.96417 59.96417 60.36377 60.36377 58.68518 58.68518 58.68518 55.98114 55.98114 54.13403 54.13403 54.13403 50.75055 50.75055 50.75055 49.03735 49.03735 45.41083 45.41083 45.41083 41.72388 41.72388 39.58661 39.58661 39.58661 35.94678 35.94678 35.94678 32.1557 32.1557 29.51141 29.51141 29.51141 25.03387 25.03387 25.03387 22.46045 22.46045 18.50287 18.50287 18.50287
61.19812 61.19812 60.37347 60.37347 60.37347 59.60547 59.60547 60.33435 60.33435 60.33435 60.26984 60.26984 60.26984 61.32666 61.32666 61.27045 61.27045 61.27045 60.92993 60.92993 61.69598 61.69598 61.69598 61.38428 61.38428 61.38428 62.11554 62.11554 61.5686 61.5686 61.5686 60.83124 60.83124 60.83124 60.70837 60.70837 58.75458 58.75458 58.75458 55.72839 55.72839 53.8667 53.8667 53.8667 50.67163 50.67163 50.67163 48.89227 48.89227 45.50104 45.50104 45.50104 42.03064 42.03064 39.97974 39.97974 39.97974 36.48315 36.48315 36.48315 32.68457 32.68457 30.10907 30.10907 30.10907 25.90625 25.90625 25.90625 23.40723 23.40723 19.78656 19.78656 19.78656
61.19812 61.19812 60.37347 60.37347 60.37347 59.60547 59.60547 60.33435 60.33435 60.33435 60.26984 60.26984 60.26984 61.32666 61.32666 61.27045 61.27045 61.27045 60.92993 60.92993 61.69598 61.69598 61.69598 61.38428 61.38428 61.38428 62.11554 62.11554 61.5686 61.5686 61.5686 60.83124 60.83124 60.83124 60.70837 60.70837 58.75458 58.75458 58.75458 55.72839 55.72839 53.8667 53.8667 53.8667 50.67163 50.67163 50.67163 48.89227 48.89227 45.50104 45.50104 45.50104 42.03064 42.03064 39.97974 39.97974 39.97974 36.48315 36.48315 36.48315 32.68457 32.68457 30.10907 30.10907 30.10907 25.90625 25.90625 25.90625 23.40723 23.40723 19.78656 19.78656 19.78656
61.19812 61.19812 60.37347 60.37347 60.37347 59.60547 59.60547 60.33435 60.33435 60.33435 60.26984 60.26984 60.26984 61.32666 61.32666 61.27045 61.27045 61.27045 60.92993 60.92993 61.69598 61.69598 61.69598 61.38428 61.38428 61.38428 62.11554 62.11554 61.5686 61.5686 61.5686 60.83124 60.83124 60.83124 60.70837 60.70837 58.75458 58.75458 58.75458 55.72839 55.72839 53.8667 53.8667 53.8667 50.67163 50.67163 50.67163 48.89227 48.89227 45.50104 45.50104 45.50104 42.03064 42.03064 39.97974 39.97974 39.97974 36.48315 36.48315 36.48315 32.68457 32.68457 30.10907 30.10907 30.10907 25.90625 25.90625 25.90625 23.40723 23.40723 19.78656 19.78656 19.78656
54.78302 54.78302 54.10175 54.10175 54.10175 53.79218 53.79218 55.79395 55.79395 55.79395 56.96643 56.96643 56.96643 58.98962 58.98962 59.45929 59.45929 59.45929 59.51172 59.51172 60.58459 60.58459 60.58459 60.45636 60.45636 60.45636 61.3667 61.3667 61.05878 61.05878 61.05878 60.43573 60.43573 60.43573 60.05829 60.05829 57.9527 57.9527 57.9527 54.92664 54.92664 53.12543 53.12543 53.12543 49.98273 49.98273 49.98273 48.09436 48.09436 45.09076 45.09076 45.09076 42.14197 42.14197 40.37903 40.37903 40.37903 37.2196 37.2196 37.2196 33.31726 33.31726 30.6709 30.6709 30.6709 26.33807 26.33807 26.33807 24.00092 24.00092 20.29596 20.29596 20.29596
54.78302 54.78302 54.10175 54.10175 54.10175 53.79218 53.79218 55.79395 55.79395 55.79395 56.96643 56.96643 56.96643 58.98962 58.98962 59.45929 59.45929 59.45929 59.51172 59.51172 60.58459 60.58459 60.58459 60.45636 60.45636 60.45636 61.3667 61.3667 61.05878 61.05878 61.05878 60.43573 60.43573 60.43573 60.05829 60.05829 57.9527 57.9527 57.9527 54.92664 54.92664 53.12543 53.12543 53.12543 49.98273 49.98273 49.98273 48.09436 48.09436 45.09076 45.09076 45.09076 42.14197 42.14197 40.37903 40.37903 40.37903 37.2196 37.2196 37.2196 33.31726 33.31726 30.6709 30.6709 30.6709 26.33807 26.33807 26.33807 24.00092 24.00092 20.29596 20.29596 20.29596
48.72083 48.72083 48.33655 48.33655 48.33655 48.59058 48.59058 51.49445 51.49445 51.49445 53.61237 53.61237 53.61237 56.5459 56.5459 57.53198 57.53198 57.53198 58.03534 58.03534 59.20001 59.20001 59.20001 59.21313 59.21313 59.21313 60.1394 60.1394 60.02661 60.02661 60.02661 59.45978 59.45978 59.45978 59.08057 59.08057 56.97778 56.97778 56.97778 54.04919 54.04919 52.30292 52.30292 52.30292 49.078 49.078 49.078 47.38647 47.38647 44.64398 44.64398 44.64398 42.12115 42.12115 40.6189 40.6189 40.6189 37.68182 37.68182 37.68182 33.7113 33.7113 30.94696 30.94696 30.94696 27.03534 27.03534 27.03534 24.56885 24.56885 20.67828 20.67828 20.67828
48.72083 48.72083 48.33655 48.33655 48.33655 48.59058 48.59058 51.49445 51.49445 51.49445 53.61237 53.61237 53.61237 56.5459 56.5459 57.53198 57.53198 57.53198 58.03534 58.03534 59.20001 59.20001 59.20001 59.21313 59.21313 59.21313 60.1394 60.1394 60.02661 60.02661 60.02661 59.45978 59.45978 59.45978 59.08057 59.08057 56.97778 56.97778 56.97778 54.04919 54.04919 52.30292 52.30292 52.30292 49.078 49.078 49.078 47.38647 47.38647 44.64398 44.64398 44.64398 42.12115 42.12115 40.6189 40.6189 40.6189 37.68182 37.68182 37.68182 33.7113 33.7113 30.94696 30.94696 30.94696 27.03534 27.03534 27.03534 24.56885 24.56885 20.67828 20.67828 20.67828
48.72083 48.72083 48.33655 48.33655 48.33655 48.59058 48.59058 51.49445 51.49445 51.49445 53.61237 53.61237 53.61237 56.5459 56.5459 57.53198 57.53198 57.53198 58.03534 58.03534 59.20001 59.20001 59.20001 59.21313 59.21313 59.21313 60.1394 60.1394 60.02661 60.02661 60.02661 59.45978 59.45978 59.45978 59.08057 59.08057 56.97778 56.97778 56.97778 54.04919 54.04919 52.30292 52.30292 52.30292 49.078 49.078 49.078 47.38647 47.38647 44.64398 44.64398 44.64398 42.12115 42.12115 40.6189 40.6189 40.6189 37.68182 37.68182 37.68182 33.7113 33.7113 30.94696 30.94696 30.94696 27.03534 27.03534 27.03534 24.56885 24.56885 20.67828 20.67828 20.67828
42.35645 42.35645 42.32788 42.32788 42.32788 42.9151 42.9151 46.07709 46.07709 46.07709 48.24634 48.24634 48.24634 51.74658 51.74658 53.27869 53.27869 53.27869 54.20752 54.20752 55.91833 55.91833 55.91833 56.25769 56.25769 56.25769 57.41998 57.41998 57.26434 57.26434 57.26434 56.88165 56.88165 56.88165 56.68964 56.68964 54.41449 54.41449 54.41449 51.71521 51.71521 50.24207 50.24207 50.24207 47.45386 47.45386 47.45386 45.76239 45.76239 43.63098 43.63098 43.63098 41.53979 41.53979 40.32935 40.32935 40.32935 37.56378 37.56378 37.56378 33.56165 33.56165 31.03729 31.03729 31.03729 27.19147 27.19147 27.19147 24.67188 24.67188 21.00079 21.00079 21.00079
42.35645 42.35645 42.32788 42.32788 42.32788 42.9151 42.9151 46.07709 46.07709 46.07709 48.24634 48.24634 48.24634 51.74658 51.74658 53.27869 53.27869 53.27869 54.20752 54.20752 55.91833 55.91833 55.91833 56.25769 56.25769 56.25769 57.41998 57.41998 57.26434 57.26434 57.26434 56.88165 56.88165 56.88165 56.68964 56.68964 54.41449 54.41449 54.41449 51.71521 51.71521 50.24207 50.24207 50.24207 47.45386 47.45386 47.45386 45.76239 45.76239 43.63098 43.63098 43.63098 41.53979 41.53979 40.32935 40.32935 40.32935 37.56378 37.56378 37.56378 33.56165 33.56165 31.03729 31.03729 31.03729 27.19147 27.19147 27.19147 24.67188 24.67188 21.00079 21.00079 21.00079
42.35645 42.35645 42.32788 42.32788 42.32788 42.9151 42.9151 46.07709 46.07709 46.07709 48.24634 48.24634 48.24634 51.74658 51.74658 53.27869 53.27869 53.27869 54.20752 54.20752 55.91833 55.91833 55.91833 56.25769 56.25769 56.25769 57.41998 57.41998 57.26434 57.26434 57.26434 56.88165 56.88165 56.88165 56.68964 56.68964 54.41449 54.41449 54.41449 51.71521 51.71521 50.24207 50.24207 50.24207 47.45386 47.45386 47.45386 45.76239 45.76239 43.63098 43.63098 43.63098 41.53979 41.53979 40.32935 40.32935 40.32935 37.56378 37.56378 37.56378 33.56165 33.56165 31.03729 31.03729 31.03729 27.19147 27.19147 27.19147 24.67188 24.67188 21.00079 21.00079 21.00079
36.59113 36.59113 36.46082 36.46082 36.46082 36.7655 36.7655 39.66528 39.66528 39.66528 41.73193 41.73193 41.73193 45.32239 45.32239 47.3363 47.3363 47.3363 48.42133 48.42133 50.49158 50.49158 50.49158 51.75812 51.75812 51.75812 53.8551 53.8551 54.09143 54.09143 54.09143 53.40576 53.40576 53.40576 53.12061 53.12061 50.83575 50.83575 50.83575 48.41473 48.41473 47.28851 47.28851 47.28851 44.97504 44.97504 44.97504 43.84961 43.84961 42.26251 42.26251 42.26251 40.9375 40.9375 39.91614 39.91614 39.91614 37.26721 37.26721 37.26721 32.92365 32.92365 30.11328 30.11328 30.11328 26.23279 26.23279 26.23279 24.21844 24.21844 21.13403 21.13403 21.13403
36.59113 36.59113 36.46082 36.46082 36.46082 36.7655 36.7655 39.66528 39.66528 39.66528 41.73193 41.73193 41.73193 45.32239 45.32239 47.3363 47.3363 47.3363 48.42133 48.42133 50.49158 50.49158 50.49158 51.75812 51.75812 51.75812 53.8551 53.8551 54.09143 54.09143 54.09143 53.40576 53.40576 53.40576 53.12061 53.12061 50.83575 50.83575 50.83575 48.41473 48.41473 47.28851 47.28851 47.28851 44.97504 44.97504 44.97504 43.84961 43.84961 42.26251 42.26251 42.26251 40.9375 40.9375 39.91614 39.91614 39.91614 37.26721 37.26721 37.26721 32.92365 32.92365 30.11328 30.11328 30.11328 26.23279 26.23279 26.23279 24.21844 24.21844 21.13403 21.13403 21.13403
31.41956 31.41956 30.80121 30.80121 30.80121 30.73871 30.73871 33.22333 33.22333 33.22333 35.22748 35.22748 35.22748 38.73444 38.73444 41.14233 41.14233 41.14233 42.65918 42.65918 45.47186 45.47186 45.47186 47.31714 47.31714 47.31714 50.47186 50.47186 51.15411 51.15411 51.15411 50.41986 50.41986 50.41986 49.96399 49.96399 47.88348 47.88348 47.88348 45.61328 45.61328 44.77374 44.77374 44.77374 42.79736 42.79736 42.79736 42.06873 42.06873 41.00964 41.00964 41.00964 39.99664 39.99664 39.16345 39.16345 39.16345 36.56042 36.56042 36.56042 31.81476 31.81476 28.77313 28.77313 28.77313 25.18378 25.18378 25.18378 23.43756 23.43756 20.25903 20.25903 20.25903
31.41956 31.41956 30.80121 30.80121 30.80121 30.73871 30.73871 33.22333 33.22333 33.22333 35.22748 35.22748 35.22748 38.73444 38.73444 41.14233 41.14233 41.14233 42.65918 42.65918 45.47186 45.47186 45.47186 47.31714 47.31714 47.31714 50.47186 50.47186 51.15411 51.15411 51.15411 50.41986 50.41986 50.41986 49.96399 49.96399 47.88348 47.88348 47.88348 45.61328 45.61328 44.77374 44.77374 44.77374 42.79736 42.79736 42.79736 42.06873 42.06873 41.00964 41.00964 41.00964 39.99664 39.99664 39.16345 39.16345 39.16345 36.56042 36.56042 36.56042 31.81476 31.81476 28.77313 28.77313 28.77313 25.18378 25.18378 25.18378 23.43756 23.43756 20.25903 20.25903 20.25903
