SEB_model/sample_data_files/historical_long/thickness_historical_long/mean26_5mfx_ascii.txt
ncols         768
nrows         486
xllcorner     388353.95236715
yllcorner     7583725.4876181
cellsize      5
NODATA_value  -9999
[rows 320 to 351 of 486, columns 292 to 364 of 768]
-9999 -9999 -9999 -9999 -9999 -9999 -9999 -9999 -9999 -9999 -9999 -9999 -9999 -9999 -9999 -9999 -9999 -9999 -9999 -9999 -9999 -9999 -9999 -9999 -9999 -9999 -9999 -9999 -9999 -9999 -9999 -9999 -9999 -9999 -9999 -9999 25.8739 25.8739 24.29443 24.29443 23.92554 23.92554 23.92554 21.79004 21.79004 21.79004 22.01636 22.01636 20.87842 20.87842 20.87842 19.72034 19.72034 20.33069 20.33069 20.33069 18.91736 18.91736 18.91736 19.04883 19.04883 16.55127 16.55127 16.55127 13.42981 13.42981 12.47199 12.47199 12.47199 10.75488 10.75488 10.75488 9.273012
-9999 -9999 -9999 -9999 -9999 -9999 -9999 -9999 -9999 -9999 -9999 -9999 -9999 -9999 -9999 -9999 -9999 -9999 -9999 -9999 -9999 -9999 -9999 -9999 -9999 -9999 -9999 -9999 -9999 -9999 -9999 -9999 -9999 -9999 -9999 -9999 21.76099 21.76099 20.15796 20.15796 20.26294 20.26294 20.26294 18.51965 18.51965 18.51965 18.91895 18.91895 17.98889 17.98889 17.98889 17.00049 17.00049 17.58948 17.58948 17.58948 16.20361 16.20361 16.20361 16.40332 16.40332 14.09387 14.09387 14.09387 12.06659 12.06659 11.49292 11.49292 11.49292 9.774477 9.774477 9.774477 8.40851
-9999 -9999 -9999 -9999 -9999 -9999 -9999 -9999 -9999 -9999 -9999 -9999 -9999 -9999 -9999 -9999 -9999 -9999 -9999 -9999 -9999 -9999 -9999 -9999 -9999 -9999 -9999 -9999 -9999 -9999 -9999 -9999 -9999 -9999 -9999 -9999 21.76099 21.76099 20.15796 20.15796 20.26294 20.26294 20.26294 18.51965 18.51965 18.51965 18.91895 18.91895 17.98889 17.98889 17.98889 17.00049 17.00049 17.58948 17.58948 17.58948 16.20361 16.20361 16.20361 16.40332 16.40332 14.09387 14.09387 14.09387 12.06659 12.06659 11.49292 11.49292 11.49292 9.774477 9.774477 9.774477 8.40851
-9999 -9999 -9999 -9999 -9999 -9999 -9999 -9999 -9999 -9999 -9999 -9999 -9999 -9999 -9999 -9999 -9999 -9999 -9999 -9999 -9999 -9999 -9999 -9999 -9999 -9999 -9999 -9999 -9999 -9999 -9999 -9999 -9999 -9999 -9999 -9999 -9999 21.76099 20.15796 20.15796 20.26294 20.26294 20.26294 18.51965 18.51965 18.51965 18.91895 18.91895 17.98889 17.98889 17.98889 17.00049 17.00049 17.58948 17.58948 17.58948 16.20361 16.20361 16.20361 16.40332 16.40332 14.09387 14.09387 14.09387 12.06659 12.06659 11.49292 11.49292 11.49292 9.774477 9.774477 9.774477 8.40851
-9999 -9999 -9999 -9999 -9999 -9999 -9999 -9999 -9999 -9999 -9999 -9999 -9999 -9999 -9999 -9999 -9999 -9999 -9999 -9999 -9999 -9999 -9999 -9999 -9999 -9999 -9999 -9999 -9999 -9999 -9999 -9999 -9999 -9999 -9999 -9999 -9999 -9999 -9999 -9999 17.00366 17.00366 17.00366 15.96558 15.96558 15.96558 16.57532 16.57532 15.73474 15.73474 15.73474 14.69031 14.69031 15.26843 15.26843 15.26843 13.74939 13.74939 13.74939 13.83972 13.83972 12.2768 12.2768 12.2768 11.06061 11.06061 10.6659 10.6659 10.6659 9.16321 9.16321 9.16321 7.846133
-9999 -9999 -9999 -9999 -9999 -9999 -9999 -9999 -9999 -9999 -9999 -9999 -9999 -9999 -9999 -9999 -9999 -9999 -9999 -9999 -9999 -9999 -9999 -9999 -9999 -9999 -9999 -9999 -9999 -9999 -9999 -9999 -9999 -9999 -9999 -9999 -9999 -9999 -9999 -9999 17.00366 17.00366 17.00366 15.96558 15.96558 15.96558 16.57532 16.57532 15.73474 15.73474 15.73474 14.69031 14.69031 15.26843 15.26843 15.26843 13.74939 13.74939 13.74939 13.83972 13.83972 12.2768 12.2768 12.2768 11.06061 11.06061 10.6659 10.6659 10.6659 9.16321 9.16321 9.16321 7.846133
-9999 -9999 -9999 -9999 -9999 -9999 -9999 -9999 -9999 -9999 -9999 -9999 -9999 -9999 -9999 -9999 -9999 -9999 -9999 -9999 -9999 -9999 -9999 -9999 -9999 -9999 -9999 -9999 -9999 -9999 -9999 -9999 -9999 -9999 -9999 -9999 -9999 -9999 -9999 -9999 -9999 13.84424 13.84424 12.89966 12.89966 12.89966 13.82861 13.82861 13.14282 13.14282 13.14282 12.52533 12.52533 12.78711 12.78711 12.78711 11.97937 11.97937 11.97937 11.96991 11.96991 10.92395 10.92395 10.92395 9.846804 9.846804 9.586061 9.586061 9.586061 8.250612 8.250612 8.250612 6.98102
-9999 -9999 -9999 -9999 -9999 -9999 -9999 -9999 -9999 -9999 -9999 -9999 -9999 -9999 -9999 -9999 -9999 -9999 -9999 -9999 -9999 -9999 -9999 -9999 -9999 -9999 -9999 -9999 -9999 -9999 -9999 -9999 -9999 -9999 -9999 -9999 -9999 -9999 -9999 -9999 13.84424 13.84424 13.84424 12.89966 12.89966 12.89966 13.82861 13.82861 13.14282 13.14282 13.14282 12.52533 12.52533 12.78711 12.78711 12.78711 11.97937 11.97937 11.97937 11.96991 11.96991 10.92395 10.92395 10.92395 9.846804 9.846804 9.586061 9.586061 9.586061 8.250612 8.250612 8.250612 6.98102
-9999 -9999 -9999 -9999 -9999 -9999 -9999 -9999 -9999 -9999 -9999 -9999 -9999 -9999 -9999 -9999 -9999 -9999 -9999 -9999 -9999 -9999 -9999 -9999 -9999 -9999 -9999 -9999 -9999 -9999 -9999 -9999 -9999 -9999 -9999 -9999 -9999 -9999 -9999 -9999 13.84424 13.84424 13.84424 12.89966 12.89966 12.89966 13.82861 13.82861 13.14282 13.14282 13.14282 12.52533 12.52533 12.78711 12.78711 12.78711 11.97937 11.97937 11.97937 11.96991 11.96991 10.92395 10.92395 10.92395 9.846804 9.846804 9.586061 9.586061 9.586061 8.250612 8.250612 8.250612 6.98102
-9999 -9999 -9999 -9999 -9999 -9999 -9999 -9999 -9999 -9999 -9999 -9999 -9999 -9999 -9999 -9999 -9999 -9999 -9999 -9999 -9999 -9999 -9999 -9999 -9999 -9999 -9999 -9999 -9999 -9999 -9999 -9999 -9999 0 0 12.21759 12.21759 12.21759 0 0 12.01953 12.01953 12.01953 11.77674 11.77674 11.77674 12.26221 12.26221 12.18427 12.18427 12.18427 11.77393 11.77393 12.03949 12.03949 12.03949 11.24878 11.24878 11.24878 11.29511 11.29511 10.32739 10.32739 10.32739 9.295046 9.295046 9.138247 9.138247 9.138247 7.966616 7.966616 7.966616 6.764712
-9999 -9999 -9999 -9999 -9999 -9999 -9999 -9999 -9999 -9999 -9999 -9999 -9999 -9999 -9999 -9999 -9999 -9999 -9999 -9999 -9999 -9999 -9999 -9999 -9999 -9999 -9999 -9999 -9999 -9999 0 0 0 0 0 12.21759 12.21759 12.21759 0 0 12.01953 12.01953 12.01953 11.77674 11.77674 11.77674 12.26221 12.26221 12.18427 12.18427 12.18427 11.77393 11.77393 12.03949 12.03949 12.03949 11.24878 11.24878 11.24878 11.29511 11.29511 10.32739 10.32739 10.32739 9.295046 9.295046 9.138247 9.138247 9.138247 7.966616 7.966616 7.966616 6.764712
-9999 -9999 -9999 -9999 -9999 -9999 -9999 -9999 -9999 -9999 -9999 -9999 -9999 -9999 -9999 -9999 -9999 -9999 -9999 -9999 -9999 -9999 -9999 -9999 -9999 -9999 -9999 -9999 0 0 0 0 0 0 0 12.21759 12.21759 12.21759 0 0 12.01953 12.01953 12.01953 11.77674 11.77674 11.77674 12.26221 12.26221 12.18427 12.18427 12.18427 11.77393 11.77393 12.03949 12.03949 12.03949 11.24878 11.24878 11.24878 11.29511 11.29511 10.32739 10.32739 10.32739 9.295046 9.295046 9.138247 9.138247 9.138247 7.966616 7.966616 7.966616 6.764712
-9999 -9999 -9999 -9999 -9999 -9999 -9999 -9999 -9999 -9999 -9999 -9999 -9999 -9999 -9999 -9999 -9999 0 0 0 0 0 0 0 0 0 0 12.06488 12.06488 12.06488 11.09314 11.09314 11.07874 11.07874 11.07874 10.65589 10.65589 10.65589 10.31006 10.31006 10.67584 10.67584 10.67584 10.54584 10.54584 10.54584 11.12006 11.12006 11.12274 11.12274 11.12274 10.81818 10.81818 11.09278 11.09278 11.09278 10.34235 10.34235 10.34235 10.39252 10.39252 9.476748 9.476748 9.476748 8.471926 8.471926 8.362429 8.362429 8.362429 7.28406 7.28406 7.28406 6.212771
-9999 -9999 -9999 -9999 -9999 -9999 -9999 -9999 -9999 -9999 -9999 -9999 -9999 -9999 -9999 -9999 0 0 0 0 0 0 0 0 0 0 0 12.06488 12.06488 12.06488 11.09314 11.09314 11.07874 11.07874 11.07874 10.65589 10.65589 10.65589 10.31006 10.31006 10.67584 10.67584 10.67584 10.54584 10.54584 10.54584 11.12006 11.12006 11.12274 11.12274 11.12274 10.81818 10.81818 11.09278 11.09278 11.09278 10.34235 10.34235 10.34235 10.39252 10.39252 9.476748 9.476748 9.476748 8.471926 8.471926 8.362429 8.362429 8.362429 7.28406 7.28406 7.28406 6.212771
-9999 -9999 -9999 -9999 -9999 -9999 -9999 -9999 -9999 -9999 -9999 -9999 -9999 -9999 -9999 -9999 0 16.9873 16.9873 15.64673 15.64673 15.64673 12.86286 12.86286 12.86286 11.95294 11.95294 10.41101 10.41101 10.41101 9.497561 9.497561 9.600954 9.600954 9.600954 9.314272 9.314272 9.314272 9.193789 9.193789 9.708193 9.708193 9.708193 9.702822 9.702822 9.702822 10.41413 10.41413 10.53601 10.53601 10.53601 10.4856 10.4856 10.80829 10.80829 10.80829 10.07318 10.07318 10.07318 10.16431 10.16431 9.316835 9.316835 9.316835 8.367983 8.367983 8.315371 8.315371 8.315371 7.372195 7.372195 7.372195 6.529788
-9999 -9999 -9999 -9999 -9999 -9999 -9999 -9999 -9999 -9999 -9999 -9999 -9999 -9999 -9999 -9999 -9999 16.9873 16.9873 15.64673 15.64673 15.64673 12.86286 12.86286 12.86286 11.95294 11.95294 10.41101 10.41101 10.41101 9.497561 9.497561 9.600954 9.600954 9.600954 9.314272 9.314272 9.314272 9.193789 9.193789 9.708193 9.708193 9.708193 9.702822 9.702822 9.702822 10.41413 10.41413 10.53601 10.53601 10.53601 10.4856 10.4856 10.80829 10.80829 10.80829 10.07318 10.07318 10.07318 10.16431 10.16431 9.316835 9.316835 9.316835 8.367983 8.367983 8.315371 8.315371 8.315371 7.372195 7.372195 7.372195 6.529788
-9999 -9999 -9999 -9999 -9999 -9999 -9999 -9999 -9999 -9999 -9999 -9999 -9999 -9999 -9999 -9999 -9999 16.9873 16.9873 15.64673 15.64673 15.64673 12.86286 12.86286 12.86286 11.95294 11.95294 10.41101 10.41101 10.41101 9.497561 9.497561 9.600954 9.600954 9.600954 9.314272 9.314272 9.314272 9.193789 9.193789 9.708193 9.708193 9.708193 9.702822 9.702822 9.702822 10.41413 10.41413 10.53601 10.53601 10.53601 10.4856 10.4856 10.80829 10.80829 10.80829 10.07318 10.07318 10.07318 10.16431 10.16431 9.316835 9.316835 9.316835 8.367983 8.367983 8.315371 8.315371 8.315371 7.372195 7.372195 7.372195 6.529788
-9999 -9999 -9999 -9999 -9999 -9999 -9999 -9999 -9999 -9999 -9999 -9999 -9999 -9999 -9999 -9999 -9999 15.29858 15.29858 13.81348 13.81348 13.81348 11.67139 11.67139 11.67139 10.86133 10.86133 9.339357 9.339357 9.339357 8.308901 8.308901 8.472475 8.472475 8.472475 8.388857 8.388857 8.388857 8.343752 8.343752 8.937136 8.937136 8.937136 9.05237 9.05237 9.05237 9.790468 9.790468 10.01221 10.01221 10.01221 10.13581 10.13581 10.48609 10.48609 10.48609 9.844301 9.844301 9.844301 9.982241 9.982241 9.270998 9.270998 9.270998 8.427858 8.427858 8.435854 8.435854 8.435854 7.653201 7.653201 7.653201 6.989504
-9999 -9999 -9999 -9999 -9999 -9999 -9999 -9999 -9999 -9999 -9999 -9999 -9999 -9999 -9999 -9999 -9999 15.29858 15.29858 13.81348 13.81348 13.81348 11.67139 11.67139 11.67139 10.86133 10.86133 9.339357 9.339357 9.339357 8.308901 8.308901 8.472475 8.472475 8.472475 8.388857 8.388857 8.388857 8.343752 8.343752 8.937136 8.937136 8.937136 9.05237 9.05237 9.05237 9.790468 9.790468 10.01221 10.01221 10.01221 10.13581 10.13581 10.48609 10.48609 10.48609 9.844301 9.844301 9.844301 9.982241 9.982241 9.270998 9.270998 9.270998 8.427858 8.427858 8.435854 8.435854 8.435854 7.653201 7.653201 7.653201 6.989504
-9999 -9999 -9999 -9999 -9999 -9999 -9999 -9999 -9999 -9999 -9999 -9999 -9999 -9999 -9999 -9999 -9999 13.57971 13.57971 12.57379 12.57379 12.57379 10.8595 10.8595 10.8595 9.946901 9.946901 8.546877 8.546877 8.546877 7.43262 7.43262 7.560977 7.560977 7.560977 7.499575 7.499575 7.499575 7.494875 7.494875 8.100039 8.100039 8.100039 8.247683 8.247683 8.247683 8.977663 8.977663 9.172548 9.172548 9.172548 9.227724 9.227724 9.65497 9.65497 9.65497 9.163942 9.163942 9.163942 9.362978 9.362978 8.746828 8.746828 8.746828 8.01642 8.01642 8.072634 8.072634 8.072634 7.367556 7.367556 7.367556 6.796633
-9999 -9999 -9999 -9999 -9999 -9999 -9999 -9999 -9999 -9999 -9999 -9999 -9999 -9999 -9999 -9999 0 13.57971 13.57971 12.57379 12.57379 12.57379 10.8595 10.8595 10.8595 9.946901 9.946901 8.546877 8.546877 8.546877 7.43262 7.43262 7.560977 7.560977 7.560977 7.499575 7.499575 7.499575 7.494875 7.494875 8.100039 8.100039 8.100039 8.247683 8.247683 8.247683 8.977663 8.977663 9.172548 9.172548 9.172548 9.227724 9.227724 9.65497 9.65497 9.65497 9.163942 9.163942 9.163942 9.362978 9.362978 8.746828 8.746828 8.746828 8.01642 8.01642 8.072634 8.072634 8.072634 7.367556 7.367556 7.367556 6.796633
-9999 -9999 -9999 -9999 -9999 -9999 -9999 -9999 -9999 -9999 -9999 -9999 -9999 -9999 -9999 -9999 0 13.57971 13.57971 12.57379 12.57379 12.57379 10.8595 10.8595 10.8595 9.946901 9.946901 8.546877 8.546877 8.546877 7.43262 7.43262 7.560977 7.560977 7.560977 7.499575 7.499575 7.499575 7.494875 7.494875 8.100039 8.100039 8.100039 8.247683 8.247683 8.247683 8.977663 8.977663 9.172548 9.172548 9.172548 9.227724 9.227724 9.65497 9.65497 9.65497 9.163942 9.163942 9.163942 9.362978 9.362978 8.746828 8.746828 8.746828 8.01642 8.01642 8.072634 8.072634 8.072634 7.367556 7.367556 7.367556 6.796633
-9999 -9999 -9999 -9999 -9999 -9999 -9999 -9999 -9999 -9999 -9999 -9999 -9999 -9999 -9999 14.70496 14.70496 12.62702 12.62702 11.94885 11.94885 11.94885 10.5603 10.5603 10.5603 9.666018 9.666018 8.225161 8.225161 8.225161 7.188601 7.188601 7.223635 7.223635 7.223635 7.097231 7.097231 7.097231 7.119143 7.119143 7.704104 7.704104 7.704104 7.843569 7.843569 7.843569 8.581911 8.581911 8.792238 8.792238 8.792238 8.811769 8.811769 9.310671 9.310671 9.310671 8.988588 8.988588 8.988588 9.349062 9.349062 8.958742 8.958742 8.958742 8.50342 8.50342 8.643496 8.643496 8.643496 7.981387 7.981387 7.981387 7.452151
-9999 -9999 -9999 -9999 -9999 -9999 -9999 -9999 -9999 -9999 -9999 -9999 -9999 -9999 14.70496 14.70496 14.70496 12.62702 12.62702 11.94885 11.94885 11.94885 10.5603 10.5603 10.5603 9.666018 9.666018 8.225161 8.225161 8.225161 7.188601 7.188601 7.223635 7.223635 7.223635 7.097231 7.097231 7.097231 7.119143 7.119143 7.704104 7.704104 7.704104 7.843569 7.843569 7.843569 8.581911 8.581911 8.792238 8.792238 8.792238 8.811769 8.811769 9.310671 9.310671 9.310671 8.988588 8.988588 8.988588 9.349062 9.349062 8.958742 8.958742 8.958742 8.50342 8.50342 8.643496 8.643496 8.643496 7.981387 7.981387 7.981387 7.452151
-9999 -9999 -9999 -9999 -9999 -9999 -9999 -9999 -9999 -9999 -9999 -9999 0 0 14.70496 14.70496 14.70496 12.62702 12.62702 11.94885 11.94885 11.94885 10.5603 10.5603 10.5603 9.666018 9.666018 8.225161 8.225161 8.225161 7.188601 7.188601 7.223635 7.223635 7.223635 7.097231 7.097231 7.097231 7.119143 7.119143 7.704104 7.704104 7.704104 7.843569 7.843569 7.843569 8.581911 8.581911 8.792238 8.792238 8.792238 8.811769 8.811769 9.310671 9.310671 9.310671 8.988588 8.988588 8.988588 9.349062 9.349062 8.958742 8.958742 8.958742 8.50342 8.50342 8.643496 8.643496 8.643496 7.981387 7.981387 7.981387 7.452151
-9999 -9999 -9999 -9999 -9999 -9999 -9999 -9999 0 0 0 0 15.85644 15.85644 14.18542 14.18542 14.18542 12.48505 12.48505 11.74188 11.74188 11.74188 10.32825 10.32825 10.32825 9.573122 9.573122 8.287355 8.287355 8.287355 7.23688 7.23688 7.237063 7.237063 7.237063 7.059329 7.059329 7.059329 7.017886 7.017886 7.567996 7.567996 7.567996 7.757937 7.757937 7.757937 8.46509 8.46509 8.569094 8.569094 8.569094 8.614992 8.614992 9.145571 9.145571 9.145571 9.026003 9.026003 9.026003 9.513552 9.513552 9.503176 9.503176 9.503176 9.150515 9.150515 9.371889 9.371889 9.371889 8.696779 8.696779 8.696779 8.178957
-9999 0 0 0 0 0 0 0 0 0 0 0 15.85644 15.85644 14.18542 14.18542 14.18542 12.48505 12.48505 11.74188 11.74188 11.74188 10.32825 10.32825 10.32825 9.573122 9.573122 8.287355 8.287355 8.287355 7.23688 7.23688 7.237063 7.237063 7.237063 7.059329 7.059329 7.059329 7.017886 7.017886 7.567996 7.567996 7.567996 7.757937 7.757937 7.757937 8.46509 8.46509 8.569094 8.569094 8.569094 8.614992 8.614992 9.145571 9.145571 9.145571 9.026003 9.026003 9.026003 9.513552 9.513552 9.503176 9.503176 9.503176 9.150515 9.150515 9.371889 9.371889 9.371889 8.696779 8.696779 8.696779 8.178957
18.25989 18.41968 18.41968 18.41968 18.13428 18.13428 17.60583 17.60583 17.60583 16.61548 16.61548 16.61548 15.70898 15.70898 13.89184 13.89184 13.89184 12.41638 12.41638 11.73578 11.73578 11.73578 10.23956 10.23956 10.23956 9.494265 9.494265 8.306276 8.306276 8.306276 7.297183 7.297183 7.242007 7.242007 7.242007 6.964419 6.964419 6.964419 6.794131 6.794131 7.242495 7.242495 7.242495 7.338198 7.338198 7.338198 7.921084 7.921084 8.041933 8.041933 8.041933 8.115114 8.115114 8.655947 8.655947 8.655947 8.735964 8.735964 8.735964 9.425478 9.425478 9.42676 9.42676 9.42676 9.087648 9.087648 9.324221 9.324221 9.324221 8.724794 8.724794 8.724794 8.187807
18.25989 18.41968 18.41968 18.41968 18.13428 18.13428 17.60583 17.60583 17.60583 16.61548 16.61548 16.61548 15.70898 15.70898 13.89184 13.89184 13.89184 12.41638 12.41638 11.73578 11.73578 11.73578 10.23956 10.23956 10.23956 9.494265 9.494265 8.306276 8.306276 8.306276 7.297183 7.297183 7.242007 7.242007 7.242007 6.964419 6.964419 6.964419 6.794131 6.794131 7.242495 7.242495 7.242495 7.338198 7.338198 7.338198 7.921084 7.921084 8.041933 8.041933 8.041933 8.115114 8.115114 8.655947 8.655947 8.655947 8.735964 8.735964 8.735964 9.425478 9.425478 9.42676 9.42676 9.42676 9.087648 9.087648 9.324221 9.324221 9.324221 8.724794 8.724794 8.724794 8.187807
18.25989 18.41968 18.41968 18.41968 18.13428 18.13428 17.60583 17.60583 17.60583 16.61548 16.61548 16.61548 15.70898 15.70898 13.89184 13.89184 13.89184 12.41638 12.41638 11.73578 11.73578 11.73578 10.23956 10.23956 10.23956 9.494265 9.494265 8.306276 8.306276 8.306276 7.297183 7.297183 7.242007 7.242007 7.242007 6.964419 6.964419 6.964419 6.794131 6.794131 7.242495 7.242495 7.242495 7.338198 7.338198 7.338198 7.921084 7.921084 8.041933 8.041933 8.041933 8.115114 8.115114 8.655947 8.655947 8.655947 8.735964 8.735964 8.735964 9.425478 9.425478 9.42676 9.42676 9.42676 9.087648 9.087648 9.324221 9.324221 9.324221 8.724794 8.724794 8.724794 8.187807
0 20.22449 20.22449 20.22449 19.3634 19.3634 18.55005 18.55005 18.55005 17.30164 17.30164 17.30164 16.15735 16.15735 14.48267 14.48267 14.48267 12.65485 12.65485 11.91254 11.91254 11.91254 10.63159 10.63159 10.63159 9.816774 9.816774 8.660219 8.660219 8.660219 7.692324 7.692324 7.554141 7.554141 7.554141 7.219912 7.219912 7.219912 7.013125 7.013125 7.28876 7.28876 7.28876 7.120791 7.120791 7.120791 7.685671 7.685671 7.908694 7.908694 7.908694 8.095461 8.095461 8.685366 8.685366 8.685366 9.063173 9.063173 9.063173 9.837893 9.837893 9.855898 9.855898 9.855898 9.701296 9.701296 10.00293 10.00293 10.00293 9.398867 9.398867 9.398867 8.806765
-9999 20.22449 20.22449 20.22449 19.3634 19.3634 18.55005 18.55005 18.55005 17.30164 17.30164 17.30164 16.15735 16.15735 14.48267 14.48267 14.48267 12.65485 12.65485 11.91254 11.91254 11.91254 10.63159 10.63159 10.63159 9.816774 9.816774 8.660219 8.660219 8.660219 7.692324 7.692324 7.554141 7.554141 7.554141 7.219912 7.219912 7.219912 7.013125 7.013125 7.28876 7.28876 7.28876 7.120791 7.120791 7.120791 7.685671 7.685671 7.908694 7.908694 7.908694 8.095461 8.095461 8.685366 8.685366 8.685366 9.063173 9.063173 9.063173 9.837893 9.837893 9.855898 9.855898 9.855898 9.701296 9.701296 10.00293 10.00293 10.00293 9.398867 9.398867 9.398867 8.806765
