SEB_model/sample_data_files/historical_long/thickness_historical_long/mean26_5mfx_ascii.txt
ncols         768
nrows         486
xllcorner     388353.95236715
yllcorner     7583725.4876181
cellsize      5
NODATA_value  -9999
[rows 192 to 223 of 486, columns 438 to 510 of 768]
38.80652 38.80652 39.71411 39.71411 39.21655 39.21655 39.21655 38.51904 38.51904 39.11438 39.11438 39.11438 38.2887 38.2887 38.2887 38.96912 38.96912 38.44727 38.44727 38.44727 38.19635 38.19635 38.19635 39.26886 39.26886 38.83386 38.83386 38.83386 38.23419 38.23419 39.1416 39.1416 39.1416 38.49237 38.49237 38.49237 39.31665 39.31665 38.66681 38.66681 38.66681 38.54016 38.54016 40.08636 40.08636 40.08636 40.47931 40.47931 40.47931 40.46112 40.46112 40.93127 40.93127 40.93127 40.24628 40.24628 40.24628 40.4115 40.4115 39.57764 39.57764 39.57764 38.65778 38.65778 38.50647 38.50647 38.50647 37.35748 37.35748 37.35748 37.0769 37.0769 36.02014
39.04846 39.04846 39.71289 39.71289 38.78162 38.78162 38.78162 37.698 37.698 38.07104 38.07104 38.07104 36.86621 36.86621 36.86621 37.32922 37.32922 36.50952 36.50952 36.50952 35.91528 35.91528 35.91528 36.81586 36.81586 36.20233 36.20233 36.20233 35.71735 35.71735 37.00061 37.00061 37.00061 36.93726 36.93726 36.93726 37.98785 37.98785 37.59296 37.59296 37.59296 37.44995 37.44995 38.73041 38.73041 38.73041 38.74207 38.74207 38.74207 38.38184 38.38184 38.79553 38.79553 38.79553 38.06421 38.06421 38.06421 38.25171 38.25171 37.36908 37.36908 37.36908 36.50354 36.50354 36.49298 36.49298 36.49298 35.20837 35.20837 35.20837 34.72015 34.72015 33.44769
39.04846 39.04846 39.71289 39.71289 38.78162 38.78162 38.78162 37.698 37.698 38.07104 38.07104 38.07104 36.86621 36.86621 36.86621 37.32922 37.32922 36.50952 36.50952 36.50952 35.91528 35.91528 35.91528 36.81586 36.81586 36.20233 36.20233 36.20233 35.71735 35.71735 37.00061 37.00061 37.00061 36.93726 36.93726 36.93726 37.98785 37.98785 37.59296 37.59296 37.59296 37.44995 37.44995 38.73041 38.73041 38.73041 38.74207 38.74207 38.74207 38.38184 38.38184 38.79553 38.79553 38.79553 38.06421 38.06421 38.06421 38.25171 38.25171 37.36908 37.36908 37.36908 36.50354 36.50354 36.49298 36.49298 36.49298 35.20837 35.20837 35.20837 34.72015 34.72015 33.44769
39.04846 39.04846 39.71289 39.71289 38.78162 38.78162 38.78162 37.698 37.698 38.07104 38.07104 38.07104 36.86621 36.86621 36.86621 37.32922 37.32922 36.50952 36.50952 36.50952 35.91528 35.91528 35.91528 36.81586 36.81586 36.20233 36.20233 36.20233 35.71735 35.71735 37.00061 37.00061 37.00061 36.93726 36.93726 36.93726 37.98785 37.98785 37.59296 37.59296 37.59296 37.44995 37.44995 38.73041 38.73041 38.73041 38.74207 38.74207 38.74207 38.38184 38.38184 38.79553 38.79553 38.79553 38.06421 38.06421 38.06421 38.25171 38.25171 37.36908 37.36908 37.36908 36.50354 36.50354 36.49298 36.49298 36.49298 35.20837 35.20837 35.20837 34.72015 34.72015 33.44769
37.5791 37.5791 38.10474 38.10474 36.80786 36.80786 36.80786 35.44824 35.44824 35.71143 35.71143 35.71143 34.26379 34.26379 34.26379 34.63928 34.63928 33.66833 33.66833 33.66833 32.99817 32.99817 32.99817 33.7854 33.7854 33.19482 33.19482 33.19482 32.76953 32.76953 34.35797 34.35797 34.35797 34.68292 34.68292 34.68292 35.90222 35.90222 35.57056 35.57056 35.57056 35.33575 35.33575 36.45734 36.45734 36.45734 36.21948 36.21948 36.21948 35.67096 35.67096 35.94482 35.94482 35.94482 35.14948 35.14948 35.14948 35.32977 35.32977 34.45728 34.45728 34.45728 33.63171 33.63171 33.63892 33.63892 33.63892 32.3941 32.3941 32.3941 31.80164 31.80164 30.40674
37.5791 37.5791 38.10474 38.10474 36.80786 36.80786 36.80786 35.44824 35.44824 35.71143 35.71143 35.71143 34.26379 34.26379 34.26379 34.63928 34.63928 33.66833 33.66833 33.66833 32.99817 32.99817 32.99817 33.7854 33.7854 33.19482 33.19482 33.19482 32.76953 32.76953 34.35797 34.35797 34.35797 34.68292 34.68292 34.68292 35.90222 35.90222 35.57056 35.57056 35.57056 35.33575 35.33575 36.45734 36.45734 36.45734 36.21948 36.21948 36.21948 35.67096 35.67096 35.94482 35.94482 35.94482 35.14948 35.14948 35.14948 35.32977 35.32977 34.45728 34.45728 34.45728 33.63171 33.63171 33.63892 33.63892 33.63892 32.3941 32.3941 32.3941 31.80164 31.80164 30.40674
37.43799 37.43799 37.58569 37.58569 35.62793 35.62793 35.62793 33.73779 33.73779 33.74988 33.74988 33.74988 32.13928 32.13928 32.13928 32.4292 32.4292 31.50635 31.50635 31.50635 30.83459 30.83459 30.83459 31.72266 31.72266 31.42786 31.42786 31.42786 31.5025 31.5025 33.29742 33.29742 33.29742 33.61377 33.61377 33.61377 34.69073 34.69073 34.33069 34.33069 34.33069 33.99371 33.99371 35.02997 35.02997 35.02997 34.48828 34.48828 34.48828 33.6441 33.6441 33.64856 33.64856 33.64856 32.49176 32.49176 32.49176 32.60089 32.60089 31.63666 31.63666 31.63666 30.84985 30.84985 30.83618 30.83618 30.83618 29.60748 29.60748 29.60748 28.9187 28.9187 27.40302
37.43799 37.43799 37.58569 37.58569 35.62793 35.62793 35.62793 33.73779 33.73779 33.74988 33.74988 33.74988 32.13928 32.13928 32.13928 32.4292 32.4292 31.50635 31.50635 31.50635 30.83459 30.83459 30.83459 31.72266 31.72266 31.42786 31.42786 31.42786 31.5025 31.5025 33.29742 33.29742 33.29742 33.61377 33.61377 33.61377 34.69073 34.69073 34.33069 34.33069 34.33069 33.99371 33.99371 35.02997 35.02997 35.02997 34.48828 34.48828 34.48828 33.6441 33.6441 33.64856 33.64856 33.64856 32.49176 32.49176 32.49176 32.60089 32.60089 31.63666 31.63666 31.63666 30.84985 30.84985 30.83618 30.83618 30.83618 29.60748 29.60748 29.60748 28.9187 28.9187 27.40302
37.43799 37.43799 37.58569 37.58569 35.62793 35.62793 35.62793 33.73779 33.73779 33.74988 33.74988 33.74988 32.13928 32.13928 32.13928 32.4292 32.4292 31.50635 31.50635 31.50635 30.83459 30.83459 30.83459 31.72266 31.72266 31.42786 31.42786 31.42786 31.5025 31.5025 33.29742 33.29742 33.29742 33.61377 33.61377 33.61377 34.69073 34.69073 34.33069 34.33069 34.33069 33.99371 33.99371 35.02997 35.02997 35.02997 34.48828 34.48828 34.48828 33.6441 33.6441 33.64856 33.64856 33.64856 32.49176 32.49176 32.49176 32.60089 32.60089 31.63666 31.63666 31.63666 30.84985 30.84985 30.83618 30.83618 30.83618 29.60748 29.60748 29.60748 28.9187 28.9187 27.40302
35.39148 35.39148 35.59973 35.59973 33.63831 33.63831 33.63831 31.66406 31.66406 31.52551 31.52551 31.52551 29.69434 29.69434 29.69434 29.9176 29.9176 29.35205 29.35205 29.35205 29.00208 29.00208 29.00208 30.02161 30.02161 29.95093 29.95093 29.95093 30.18298 30.18298 31.82599 31.82599 31.82599 31.96661 31.96661 31.96661 33.03888 33.03888 32.69025 32.69025 32.69025 32.42596 32.42596 33.43109 33.43109 33.43109 32.63806 32.63806 32.63806 31.39392 31.39392 31.13464 31.13464 31.13464 29.73224 29.73224 29.73224 29.65778 29.65778 28.64789 28.64789 28.64789 27.7251 27.7251 27.58435 27.58435 27.58435 26.19885 26.19885 26.19885 25.58514 25.58514 24.19647
35.39148 35.39148 35.59973 35.59973 33.63831 33.63831 33.63831 31.66406 31.66406 31.52551 31.52551 31.52551 29.69434 29.69434 29.69434 29.9176 29.9176 29.35205 29.35205 29.35205 29.00208 29.00208 29.00208 30.02161 30.02161 29.95093 29.95093 29.95093 30.18298 30.18298 31.82599 31.82599 31.82599 31.96661 31.96661 31.96661 33.03888 33.03888 32.69025 32.69025 32.69025 32.42596 32.42596 33.43109 33.43109 33.43109 32.63806 32.63806 32.63806 31.39392 31.39392 31.13464 31.13464 31.13464 29.73224 29.73224 29.73224 29.65778 29.65778 28.64789 28.64789 28.64789 27.7251 27.7251 27.58435 27.58435 27.58435 26.19885 26.19885 26.19885 25.58514 25.58514 24.19647
31.65332 31.65332 31.9613 31.9613 30.24841 30.24841 30.24841 28.42334 28.42334 28.41443 28.41443 28.41443 26.65527 26.65527 26.65527 26.88428 26.88428 26.41003 26.41003 26.41003 26.25427 26.25427 26.25427 27.42041 27.42041 27.36877 27.36877 27.36877 27.5376 27.5376 28.95044 28.95044 28.95044 28.93524 28.93524 28.93524 30.03192 30.03192 29.68109 29.68109 29.68109 29.3775 29.3775 30.3316 30.3316 30.3316 29.45227 29.45227 29.45227 28.0943 28.0943 27.67645 27.67645 27.67645 26.15656 26.15656 26.15656 26.0144 26.0144 24.84595 24.84595 24.84595 23.71313 23.71313 23.49084 23.49084 23.49084 22.0224 22.0224 22.0224 21.51611 21.51611 20.20026
31.65332 31.65332 31.9613 31.9613 30.24841 30.24841 30.24841 28.42334 28.42334 28.41443 28.41443 28.41443 26.65527 26.65527 26.65527 26.88428 26.88428 26.41003 26.41003 26.41003 26.25427 26.25427 26.25427 27.42041 27.42041 27.36877 27.36877 27.36877 27.5376 27.5376 28.95044 28.95044 28.95044 28.93524 28.93524 28.93524 30.03192 30.03192 29.68109 29.68109 29.68109 29.3775 29.3775 30.3316 30.3316 30.3316 29.45227 29.45227 29.45227 28.0943 28.0943 27.67645 27.67645 27.67645 26.15656 26.15656 26.15656 26.0144 26.0144 24.84595 24.84595 24.84595 23.71313 23.71313 23.49084 23.49084 23.49084 22.0224 22.0224 22.0224 21.51611 21.51611 20.20026
31.65332 31.65332 31.9613 31.9613 30.24841 30.24841 30.24841 28.42334 28.42334 28.41443 28.41443 28.41443 26.65527 26.65527 26.65527 26.88428 26.88428 26.41003 26.41003 26.41003 26.25427 26.25427 26.25427 27.42041 27.42041 27.36877 27.36877 27.36877 27.5376 27.5376 28.95044 28.95044 28.95044 28.93524 28.93524 28.93524 30.03192 30.03192 29.68109 29.68109 29.68109 29.3775 29.3775 30.3316 30.3316 30.3316 29.45227 29.45227 29.45227 28.0943 28.0943 27.67645 27.67645 27.67645 26.15656 26.15656 26.15656 26.0144 26.0144 24.84595 24.84595 24.84595 23.71313 23.71313 23.49084 23.49084 23.49084 22.0224 22.0224 22.0224 21.51611 21.51611 20.20026
28.79834 28.79834 29.05933 29.05933 27.53748 27.53748 27.53748 26.04175 26.04175 26.34058 26.34058 26.34058 25.07153 25.07153 25.07153 25.50745 25.50745 24.85205 24.85205 24.85205 24.64612 24.64612 24.64612 25.84363 25.84363 25.797 25.797 25.797 25.79944 25.79944 27.05115 27.05115 27.05115 26.89795 26.89795 26.89795 27.9303 27.9303 27.52747 27.52747 27.52747 27.12531 27.12531 28.00928 28.00928 28.00928 27.17059 27.17059 27.17059 25.8822 25.8822 25.5788 25.5788 25.5788 23.93329 23.93329 23.93329 23.57788 23.57788 22.00903 22.00903 22.00903 20.56769 20.56769 20.22125 20.22125 20.22125 18.94586 18.94586 18.94586 18.50342 18.50342 17.2005
28.79834 28.79834 29.05933 29.05933 27.53748 27.53748 27.53748 26.04175 26.04175 26.34058 26.34058 26.34058 25.07153 25.07153 25.07153 25.50745 25.50745 24.85205 24.85205 24.85205 24.64612 24.64612 24.64612 25.84363 25.84363 25.797 25.797 25.797 25.79944 25.79944 27.05115 27.05115 27.05115 26.89795 26.89795 26.89795 27.9303 27.9303 27.52747 27.52747 27.52747 27.12531 27.12531 28.00928 28.00928 28.00928 27.17059 27.17059 27.17059 25.8822 25.8822 25.5788 25.5788 25.5788 23.93329 23.93329 23.93329 23.57788 23.57788 22.00903 22.00903 22.00903 20.56769 20.56769 20.22125 20.22125 20.22125 18.94586 18.94586 18.94586 18.50342 18.50342 17.2005
28.79834 28.79834 29.05933 29.05933 27.53748 27.53748 27.53748 26.04175 26.04175 26.34058 26.34058 26.34058 25.07153 25.07153 25.07153 25.50745 25.50745 24.85205 24.85205 24.85205 24.64612 24.64612 24.64612 25.84363 25.84363 25.797 25.797 25.797 25.79944 25.79944 27.05115 27.05115 27.05115 26.89795 26.89795 26.89795 27.9303 27.9303 27.52747 27.52747 27.52747 27.12531 27.12531 28.00928 28.00928 28.00928 27.17059 27.17059 27.17059 25.8822 25.8822 25.5788 25.5788 25.5788 23.93329 23.93329 23.93329 23.57788 23.57788 22.00903 22.00903 22.00903 20.56769 20.56769 20.22125 20.22125 20.22125 18.94586 18.94586 18.94586 18.50342 18.50342 17.2005
25.40784 25.40784 25.63464 25.63464 24.03235 24.03235 24.03235 22.75793 22.75793 23.3363 23.3363 23.3363 22.39111 22.39111 22.39111 23.0072 23.0072 22.3241 22.3241 22.3241 21.95093 21.95093 21.95093 23.09192 23.09192 23.03711 23.03711 23.03711 23.02966 23.02966 24.1991 24.1991 24.1991 23.94763 23.94763 23.94763 24.88879 24.88879 24.32349 24.32349 24.32349 23.85602 23.85602 24.62762 24.62762 24.62762 23.81262 23.81262 23.81262 22.65094 22.65094 22.43964 22.43964 22.43964 20.72626 20.72626 20.72626 20.18945 20.18945 18.41827 18.41827 18.41827 16.86346 16.86346 16.45898 16.45898 16.45898 15.28638 15.28638 15.28638 14.88995 14.88995 13.35724
25.40784 25.40784 25.63464 25.63464 24.03235 24.03235 24.03235 22.75793 22.75793 23.3363 23.3363 23.3363 22.39111 22.39111 22.39111 23.0072 23.0072 22.3241 22.3241 22.3241 21.95093 21.95093 21.95093 23.09192 23.09192 23.03711 23.03711 23.03711 23.02966 23.02966 24.1991 24.1991 24.1991 23.94763 23.94763 23.94763 24.88879 24.88879 24.32349 24.32349 24.32349 23.85602 23.85602 24.62762 24.62762 24.62762 23.81262 23.81262 23.81262 22.65094 22.65094 22.43964 22.43964 22.43964 20.72626 20.72626 20.72626 20.18945 20.18945 18.41827 18.41827 18.41827 16.86346 16.86346 16.45898 16.45898 16.45898 15.28638 15.28638 15.28638 14.88995 14.88995 13.35724
23.66577 23.66577 23.79883 23.79883 21.89917 21.89917 21.89917 20.95972 20.95972 21.7981 21.7981 21.7981 21.13623 21.13623 21.13623 21.84351 21.84351 21.10486 21.10486 21.10486 20.57678 20.57678 20.57678 21.55823 21.55823 21.42493 21.42493 21.42493 21.40356 21.40356 22.61963 22.61963 22.61963 22.31372 22.31372 22.31372 23.24536 23.24536 22.69934 22.69934 22.69934 22.1814 22.1814 22.90015 22.90015 22.90015 22.10846 22.10846 22.10846 21.02832 21.02832 20.85468 20.85468 20.85468 18.99658 18.99658 18.99658 18.29279 18.29279 16.31537 16.31537 16.31537 14.68329 14.68329 14.20142 14.20142 14.20142 12.84326 12.84326 12.84326 12.66318 12.66318 11.8822
23.66577 23.66577 23.79883 23.79883 21.89917 21.89917 21.89917 20.95972 20.95972 21.7981 21.7981 21.7981 21.13623 21.13623 21.13623 21.84351 21.84351 21.10486 21.10486 21.10486 20.57678 20.57678 20.57678 21.55823 21.55823 21.42493 21.42493 21.42493 21.40356 21.40356 22.61963 22.61963 22.61963 22.31372 22.31372 22.31372 23.24536 23.24536 22.69934 22.69934 22.69934 22.1814 22.1814 22.90015 22.90015 22.90015 22.10846 22.10846 22.10846 21.02832 21.02832 20.85468 20.85468 20.85468 18.99658 18.99658 18.99658 18.29279 18.29279 16.31537 16.31537 16.31537 14.68329 14.68329 14.20142 14.20142 14.20142 12.84326 12.84326 12.84326 12.66318 12.66318 11.8822
23.66577 23.66577 23.79883 23.79883 21.89917 21.89917 21.89917 20.95972 20.95972 21.7981 21.7981 21.7981 21.13623 21.13623 21.13623 21.84351 21.84351 21.10486 21.10486 21.10486 20.57678 20.57678 20.57678 21.55823 21.55823 21.42493 21.42493 21.42493 21.40356 21.40356 22.61963 22.61963 22.61963 22.31372 22.31372 22.31372 23.24536 23.24536 22.69934 22.69934 22.69934 22.1814 22.1814 22.90015 22.90015 22.90015 22.10846 22.10846 22.10846 21.02832 21.02832 20.85468 20.85468 20.85468 18.99658 18.99658 18.99658 18.29279 18.29279 16.31537 16.31537 16.31537 14.68329 14.68329 14.20142 14.20142 14.20142 12.84326 12.84326 12.84326 12.66318 12.66318 11.8822
22.97339 22.97339 23.21753 23.21753 21.58533 21.58533 21.58533 20.35217 20.35217 20.90369 20.90369 20.90369 20.01538 20.01538 20.01538 20.64478 20.64478 19.86414 19.86414 19.86414 19.21948 19.21948 19.21948 20.06274 20.06274 19.84265 19.84265 19.84265 19.87341 19.87341 21.11523 21.11523 21.11523 20.92041 20.92041 20.92041 21.92041 21.92041 21.44666 21.44666 21.44666 20.91223 20.91223 21.54431 21.54431 21.54431 20.82874 20.82874 20.82874 19.72815 19.72815 19.46204 19.46204 19.46204 17.47571 17.47571 17.47571 16.75092 16.75092 14.74756 14.74756 14.74756 12.8616 12.8616 12.5434 12.5434 12.5434 11.76984 11.76984 11.76984 11.55326 11.55326 10.81095
22.97339 22.97339 23.21753 23.21753 21.58533 21.58533 21.58533 20.35217 20.35217 20.90369 20.90369 20.90369 20.01538 20.01538 20.01538 20.64478 20.64478 19.86414 19.86414 19.86414 19.21948 19.21948 19.21948 20.06274 20.06274 19.84265 19.84265 19.84265 19.87341 19.87341 21.11523 21.11523 21.11523 20.92041 20.92041 20.92041 21.92041 21.92041 21.44666 21.44666 21.44666 20.91223 20.91223 21.54431 21.54431 21.54431 20.82874 20.82874 20.82874 19.72815 19.72815 19.46204 19.46204 19.46204 17.47571 17.47571 17.47571 16.75092 16.75092 14.74756 14.74756 14.74756 12.8616 12.8616 12.5434 12.5434 12.5434 11.76984 11.76984 11.76984 11.55326 11.55326 10.81095
21.26514 21.26514 21.71167 21.71167 20.1665 20.1665 20.1665 18.56641 18.56641 18.83081 18.83081 18.83081 17.6012 17.6012 17.6012 18.0481 18.0481 17.18396 17.18396 17.18396 16.39526 16.39526 16.39526 17.22852 17.22852 16.97424 16.97424 16.97424 16.92834 16.92834 18.32898 18.32898 18.32898 18.24988 18.24988 18.24988 19.29883 19.29883 18.88184 18.88184 18.88184 18.37537 18.37537 18.99146 18.99146 18.99146 18.27185 18.27185 18.27185 17.24072 17.24072 16.7052 16.7052 16.7052 14.53686 14.53686 14.53686 13.82013 13.82013 12.42908 12.42908 12.42908 11.51239 11.51239 11.11008 11.11008 11.11008 10.24817 10.24817 10.24817 9.892946 9.892946 9.136324
21.26514 21.26514 21.71167 21.71167 20.1665 20.1665 20.1665 18.56641 18.56641 18.83081 18.83081 18.83081 17.6012 17.6012 17.6012 18.0481 18.0481 17.18396 17.18396 17.18396 16.39526 16.39526 16.39526 17.22852 17.22852 16.97424 16.97424 16.97424 16.92834 16.92834 18.32898 18.32898 18.32898 18.24988 18.24988 18.24988 19.29883 19.29883 18.88184 18.88184 18.88184 18.37537 18.37537 18.99146 18.99146 18.99146 18.27185 18.27185 18.27185 17.24072 17.24072 16.7052 16.7052 16.7052 14.53686 14.53686 14.53686 13.82013 13.82013 12.42908 12.42908 12.42908 11.51239 11.51239 11.11008 11.11008 11.11008 10.24817 10.24817 10.24817 9.892946 9.892946 9.136324
21.26514 21.26514 21.71167 21.71167 20.1665 20.1665 20.1665 18.56641 18.56641 18.83081 18.83081 18.83081 17.6012 17.6012 17.6012 18.0481 18.0481 17.18396 17.18396 17.18396 16.39526 16.39526 16.39526 17.22852 17.22852 16.97424 16.97424 16.97424 16.92834 16.92834 18.32898 18.32898 18.32898 18.24988 18.24988 18.24988 19.29883 19.29883 18.88184 18.88184 18.88184 18.37537 18.37537 18.99146 18.99146 18.99146 18.27185 18.27185 18.27185 17.24072 17.24072 16.7052 16.7052 16.7052 14.53686 14.53686 14.53686 13.82013 13.82013 12.42908 12.42908 12.42908 11.51239 11.51239 11.11008 11.11008 11.11008 10.24817 10.24817 10.24817 9.892946 9.892946 9.136324
21.60474 21.60474 22.46448 22.46448 20.60254 20.60254 20.60254 18.51172 18.51172 18.32471 18.32471 18.32471 16.66772 16.66772 16.66772 16.82617 16.82617 15.64807 15.64807 15.64807 14.76514 14.76514 14.76514 15.59265 15.59265 15.31958 15.31958 15.31958 15.25439 15.25439 16.70068 16.70068 16.70068 16.9502 16.9502 16.9502 18.15161 18.15161 17.84338 17.84338 17.84338 17.328 17.328 17.8717 17.8717 17.8717 16.86975 16.86975 16.86975 15.50342 15.50342 14.65527 14.65527 14.65527 12.73548 12.73548 12.73548 12.53894 12.53894 11.82489 11.82489 11.82489 11.11713 11.11713 10.63159 10.63159 10.63159 9.684572 9.684572 9.684572 9.214785 9.214785 8.437014
21.60474 21.60474 22.46448 22.46448 20.60254 20.60254 20.60254 18.51172 18.51172 18.32471 18.32471 18.32471 16.66772 16.66772 16.66772 16.82617 16.82617 15.64807 15.64807 15.64807 14.76514 14.76514 14.76514 15.59265 15.59265 15.31958 15.31958 15.31958 15.25439 15.25439 16.70068 16.70068 16.70068 16.9502 16.9502 16.9502 18.15161 18.15161 17.84338 17.84338 17.84338 17.328 17.328 17.8717 17.8717 17.8717 16.86975 16.86975 16.86975 15.50342 15.50342 14.65527 14.65527 14.65527 12.73548 12.73548 12.73548 12.53894 12.53894 11.82489 11.82489 11.82489 11.11713 11.11713 10.63159 10.63159 10.63159 9.684572 9.684572 9.684572 9.214785 9.214785 8.437014
21.60474 21.60474 22.46448 22.46448 20.60254 20.60254 20.60254 18.51172 18.51172 18.32471 18.32471 18.32471 16.66772 16.66772 16.66772 16.82617 16.82617 15.64807 15.64807 15.64807 14.76514 14.76514 14.76514 15.59265 15.59265 15.31958 15.31958 15.31958 15.25439 15.25439 16.70068 16.70068 16.70068 16.9502 16.9502 16.9502 18.15161 18.15161 17.84338 17.84338 17.84338 17.328 17.328 17.8717 17.8717 17.8717 16.86975 16.86975 16.86975 15.50342 15.50342 14.65527 14.65527 14.65527 12.73548 12.73548 12.73548 12.53894 12.53894 11.82489 11.82489 11.82489 11.11713 11.11713 10.63159 10.63159 10.63159 9.684572 9.684572 9.684572 9.214785 9.214785 8.437014
21.15613 21.15613 22.1908 22.1908 20.21533 20.21533 20.21533 17.98633 17.98633 17.60815 17.60815 17.60815 15.60168 15.60168 15.60168 15.48913 15.48913 13.96179 13.96179 13.96179 13.0094 13.0094 13.0094 13.89734 13.89734 13.70361 13.70361 13.70361 13.77258 13.77258 15.20703 15.20703 15.20703 15.50268 15.50268 15.50268 17.0144 17.0144 16.85181 16.85181 16.85181 16.2334 16.2334 16.61011 16.61011 16.61011 15.10998 15.10998 15.10998 12.85578 12.85578 12.26874 12.26874 12.26874 11.69202 11.69202 11.69202 11.71594 11.71594 11.32038 11.32038 11.32038 10.8357 10.8357 10.45056 10.45056 10.45056 9.415834 9.415834 9.415834 8.792543 8.792543 7.928408
21.15613 21.15613 22.1908 22.1908 20.21533 20.21533 20.21533 17.98633 17.98633 17.60815 17.60815 17.60815 15.60168 15.60168 15.60168 15.48913 15.48913 13.96179 13.96179 13.96179 13.0094 13.0094 13.0094 13.89734 13.89734 13.70361 13.70361 13.70361 13.77258 13.77258 15.20703 15.20703 15.20703 15.50268 15.50268 15.50268 17.0144 17.0144 16.85181 16.85181 16.85181 16.2334 16.2334 16.61011 16.61011 16.61011 15.10998 15.10998 15.10998 12.85578 12.85578 12.26874 12.26874 12.26874 11.69202 11.69202 11.69202 11.71594 11.71594 11.32038 11.32038 11.32038 10.8357 10.8357 10.45056 10.45056 10.45056 9.415834 9.415834 9.415834 8.792543 8.792543 7.928408
