SEB_model/sample_data_files/historical_long/elevation_historical_long/1926surface.txt
ncols         768
nrows         486
xllcorner     388353.95236715
yllcorner     7583725.4876181
cellsize      5
NODATA_value  -9999
[rows 120 to 149 of 486, columns 476 to 543 of 768]
1036.426 1035.542 1034.656 1033.769 1032.892 1032.024 1031.171 1030.321 1029.473 1028.625 1027.787 1026.954 1026.112 1025.248 1024.346 1023.404 1022.429 1021.435 1020.429 1019.412 1018.39 1017.367 1016.318 1015.275 1014.237 1013.259 1012.306 1011.375 1010.428 1009.475 1008.514 1007.586 1006.653 1005.661 1004.597 1003.52 1002.483 1001.474 1000.455 999.4248 998.3851 997.3362 996.2795 995.2092 994.1274 993.0362 991.9526 990.8787 989.8005 988.7106 987.6087 986.5286 985.4735 984.4464 983.4296 982.4232 981.4274 980.4452 979.4739 978.5092 977.539 976.5364 975.4539 974.2536 972.9419 971.5593 970.1595 968.7456
1036.463 1035.58 1034.684 1033.801 1032.93 1032.077 1031.239 1030.402 1029.564 1028.727 1027.903 1027.087 1026.269 1025.428 1024.538 1023.587 1022.59 1021.571 1020.547 1019.518 1018.488 1017.459 1016.395 1015.339 1014.31 1013.354 1012.419 1011.471 1010.504 1009.537 1008.587 1007.672 1006.747 1005.763 1004.688 1003.609 1002.563 1001.563 1000.553 999.5345 998.5065 997.47 996.4258 995.3754 994.3137 993.2514 992.1756 991.1086 990.0408 988.9739 987.8943 986.8069 985.7432 984.7081 983.6918 982.6837 981.6824 980.6945 979.7154 978.7356 977.7502 976.7233 975.6349 974.4559 973.1959 971.8709 970.5118 969.1343
1036.465 1035.583 1034.691 1033.812 1032.954 1032.117 1031.292 1030.464 1029.634 1028.806 1027.989 1027.187 1026.391 1025.583 1024.705 1023.749 1022.72 1021.677 1020.631 1019.595 1018.561 1017.53 1016.478 1015.429 1014.415 1013.459 1012.508 1011.538 1010.559 1009.602 1008.658 1007.72 1006.78 1005.816 1004.777 1003.711 1002.655 1001.648 1000.649 999.6413 998.6246 997.5993 996.5664 995.5273 994.4917 993.4563 992.408 991.3362 990.262 989.2015 988.1443 987.0779 986.0067 984.9613 983.9288 982.9183 981.9113 980.9197 979.9315 978.9467 977.9487 976.9061 975.8068 974.6385 973.4175 972.1423 970.8358 969.4932
1036.443 1035.571 1034.679 1033.809 1032.966 1032.142 1031.317 1030.493 1029.669 1028.85 1028.04 1027.244 1026.456 1025.658 1024.787 1023.832 1022.8 1021.743 1020.686 1019.637 1018.603 1017.574 1016.548 1015.518 1014.521 1013.54 1012.564 1011.582 1010.611 1009.666 1008.711 1007.747 1006.788 1005.836 1004.834 1003.794 1002.742 1001.735 1000.742 999.7453 998.7393 997.7245 996.7018 995.68 994.6624 993.652 992.6201 991.5643 990.4824 989.4139 988.3618 987.3087 986.249 985.1957 984.1559 983.1358 982.121 981.1263 980.1412 979.1565 978.1462 977.0865 975.9727 974.8139 973.6151 972.3859 971.1268 969.8414
1036.429 1035.553 1034.67 1033.803 1032.966 1032.139 1031.311 1030.485 1029.667 1028.86 1028.058 1027.259 1026.459 1025.649 1024.775 1023.828 1022.811 1021.771 1020.711 1019.656 1018.613 1017.598 1016.596 1015.592 1014.589 1013.583 1012.593 1011.617 1010.659 1009.705 1008.742 1007.771 1006.8 1005.855 1004.886 1003.883 1002.846 1001.826 1000.836 999.8465 998.851 997.8458 996.8386 995.8329 994.8323 993.8242 992.8074 991.7661 990.7068 989.6259 988.5659 987.5078 986.4607 985.4088 984.3613 983.3343 982.3187 981.3327 980.3509 979.3606 978.3245 977.2463 976.1255 974.9827 973.8069 972.6074 971.3945 970.1779
1036.404 1035.526 1034.647 1033.784 1032.942 1032.107 1031.275 1030.45 1029.64 1028.84 1028.041 1027.228 1026.406 1025.564 1024.682 1023.744 1022.763 1021.739 1020.694 1019.637 1018.606 1017.595 1016.598 1015.597 1014.594 1013.598 1012.613 1011.648 1010.681 1009.719 1008.75 1007.783 1006.831 1005.888 1004.937 1003.953 1002.94 1001.928 1000.932 999.9475 998.9597 997.9683 996.9752 995.9847 994.9868 993.9801 992.9632 991.9436 990.9058 989.8471 988.7773 987.6978 986.6378 985.587 984.5706 983.5436 982.536 981.5352 980.5518 979.538 978.4813 977.3913 976.2787 975.1503 973.9958 972.8269 971.6602 970.5063
1036.346 1035.47 1034.601 1033.742 1032.891 1032.048 1031.215 1030.4 1029.597 1028.799 1027.988 1027.159 1026.318 1025.456 1024.566 1023.627 1022.656 1021.654 1020.636 1019.608 1018.584 1017.576 1016.568 1015.567 1014.565 1013.581 1012.61 1011.644 1010.678 1009.709 1008.745 1007.798 1006.864 1005.94 1004.997 1004.026 1003.03 1002.028 1001.037 1000.055 999.0746 998.0919 997.1097 996.1228 995.1272 994.1211 993.1106 992.0965 991.0798 990.0417 988.9919 987.8951 986.8159 985.7674 984.7875 983.7905 982.7752 981.7457 980.7298 979.6908 978.6208 977.5309 976.4308 975.3164 974.1868 973.056 971.9314 970.8135
1036.298 1035.415 1034.54 1033.686 1032.837 1031.986 1031.156 1030.341 1029.543 1028.73 1027.902 1027.058 1026.206 1025.334 1024.433 1023.493 1022.528 1021.537 1020.547 1019.54 1018.54 1017.524 1016.518 1015.514 1014.523 1013.546 1012.574 1011.611 1010.645 1009.685 1008.743 1007.817 1006.903 1005.971 1005.023 1004.06 1003.087 1002.109 1001.129 1000.157 999.1834 998.211 997.2316 996.2484 995.2549 994.2552 993.2503 992.2402 991.2264 990.2104 989.1761 988.0946 987.0151 985.984 985.0215 984.0375 983.0156 981.9552 980.9042 979.8339 978.7593 977.6713 976.5816 975.4853 974.3877 973.2932 972.199 971.0903
1036.276 1035.367 1034.466 1033.606 1032.761 1031.925 1031.099 1030.285 1029.465 1028.635 1027.79 1026.938 1026.078 1025.2 1024.3 1023.359 1022.394 1021.414 1020.438 1019.452 1018.46 1017.457 1016.452 1015.453 1014.462 1013.482 1012.51 1011.547 1010.593 1009.66 1008.744 1007.841 1006.918 1005.98 1005.028 1004.076 1003.123 1002.167 1001.208 1000.25 999.2896 998.3216 997.345 996.3635 995.3769 994.3832 993.3818 992.374 991.3613 990.3456 989.3272 988.283 987.2525 986.236 985.2517 984.2484 983.2139 982.1506 981.0716 979.9857 978.9019 977.8168 976.7388 975.6638 974.5944 973.5226 972.437 971.338
1036.254 1035.329 1034.404 1033.516 1032.679 1031.859 1031.041 1030.204 1029.361 1028.515 1027.666 1026.809 1025.943 1025.06 1024.156 1023.219 1022.263 1021.291 1020.319 1019.333 1018.354 1017.365 1016.379 1015.38 1014.39 1013.408 1012.437 1011.476 1010.531 1009.632 1008.743 1007.845 1006.908 1005.965 1005.025 1004.086 1003.148 1002.208 1001.268 1000.329 999.3856 998.4307 997.4587 996.4782 995.494 994.5038 993.5044 992.4971 991.4853 990.47 989.465 988.4714 987.4858 986.4789 985.4496 984.4107 983.3716 982.3197 981.2455 980.1463 979.0526 977.9712 976.9095 975.8539 974.7952 973.7285 972.6508 971.5656
1036.179 1035.268 1034.333 1033.433 1032.583 1031.773 1030.945 1030.103 1029.245 1028.393 1027.533 1026.672 1025.8 1024.913 1024.01 1023.08 1022.132 1021.164 1020.188 1019.206 1018.231 1017.259 1016.284 1015.298 1014.314 1013.331 1012.359 1011.399 1010.464 1009.575 1008.698 1007.805 1006.876 1005.939 1005.012 1004.089 1003.167 1002.246 1001.325 1000.405 999.4808 998.5432 997.5826 996.6018 995.6111 994.6171 993.6178 992.6119 991.6009 990.6003 989.6215 988.6577 987.6824 986.6609 985.6169 984.5574 983.5106 982.459 981.3953 980.3048 979.2142 978.142 977.0937 976.0408 974.9781 973.9122 972.8478 971.7856
1036.046 1035.166 1034.259 1033.361 1032.501 1031.674 1030.838 1029.994 1029.143 1028.28 1027.405 1026.529 1025.653 1024.763 1023.855 1022.93 1021.988 1021.031 1020.059 1019.081 1018.105 1017.135 1016.168 1015.195 1014.223 1013.247 1012.287 1011.341 1010.411 1009.502 1008.605 1007.721 1006.817 1005.906 1004.989 1004.083 1003.18 1002.279 1001.379 1000.477 999.5713 998.6535 997.7122 996.7477 995.7483 994.7408 993.7255 992.7204 991.7246 990.746 989.7885 988.8195 987.82 986.7924 985.7495 984.7021 983.645 982.5884 981.5309 980.4578 979.3829 978.3181 977.2671 976.2102 975.143 974.0843 973.038 972.007
1035.875 1035.016 1034.139 1033.267 1032.398 1031.552 1030.707 1029.874 1029.031 1028.167 1027.279 1026.391 1025.504 1024.611 1023.703 1022.782 1021.846 1020.895 1019.929 1018.952 1017.974 1017 1016.033 1015.071 1014.111 1013.157 1012.21 1011.278 1010.346 1009.418 1008.5 1007.607 1006.731 1005.846 1004.957 1004.065 1003.182 1002.303 1001.425 1000.544 999.6553 998.7556 997.8372 996.8951 995.91 994.8863 993.8505 992.8391 991.8615 990.9007 989.9371 988.9463 987.9312 986.8978 985.8663 984.8256 983.7754 982.7155 981.6595 980.5998 979.5422 978.4805 977.4202 976.3563 975.2964 974.251 973.2305 972.2298
1035.688 1034.83 1033.971 1033.112 1032.256 1031.408 1030.568 1029.739 1028.9 1028.04 1027.151 1026.253 1025.358 1024.462 1023.554 1022.632 1021.697 1020.749 1019.788 1018.818 1017.839 1016.862 1015.89 1014.928 1013.982 1013.049 1012.123 1011.199 1010.265 1009.336 1008.404 1007.504 1006.625 1005.771 1004.906 1004.039 1003.172 1002.317 1001.463 1000.605 999.7361 998.8525 997.9527 997.0335 996.071 995.0596 994.0159 992.9963 992.0109 991.0389 990.0522 989.0445 988.0273 987.0003 985.9704 984.9375 983.8958 982.8456 981.7926 980.7396 979.6848 978.6228 977.5572 976.4927 975.4399 974.416 973.4246 972.4584
1035.486 1034.626 1033.771 1032.918 1032.073 1031.234 1030.398 1029.572 1028.738 1027.89 1027.008 1026.115 1025.215 1024.315 1023.405 1022.481 1021.543 1020.594 1019.637 1018.671 1017.698 1016.719 1015.743 1014.786 1013.849 1012.929 1012.003 1011.076 1010.147 1009.228 1008.311 1007.402 1006.518 1005.664 1004.829 1003.989 1003.152 1002.318 1001.491 1000.66 999.8148 998.9501 998.0626 997.1494 996.209 995.2119 994.1878 993.1577 992.1528 991.1468 990.1418 989.1309 988.1195 987.0938 986.0662 985.0369 984.006 982.966 981.9238 980.8709 979.8196 978.7612 977.7026 976.6399 975.5938 974.5903 973.6327 972.6931
1035.286 1034.418 1033.556 1032.712 1031.877 1031.046 1030.227 1029.409 1028.581 1027.731 1026.86 1025.976 1025.08 1024.174 1023.259 1022.329 1021.386 1020.432 1019.473 1018.511 1017.542 1016.576 1015.608 1014.656 1013.718 1012.79 1011.862 1010.931 1010.006 1009.091 1008.187 1007.291 1006.407 1005.55 1004.72 1003.912 1003.106 1002.306 1001.508 1000.709 999.8922 999.0488 998.1714 997.2603 996.3125 995.3359 994.334 993.3161 992.2792 991.2407 990.2144 989.2048 988.1954 987.1771 986.1528 985.1342 984.1129 983.0887 982.0532 981.0085 979.9611 978.913 977.868 976.8205 975.7905 974.809 973.8713 972.9513
1035.073 1034.197 1033.333 1032.497 1031.67 1030.847 1030.047 1029.241 1028.425 1027.576 1026.716 1025.842 1024.95 1024.039 1023.114 1022.176 1021.227 1020.269 1019.305 1018.34 1017.373 1016.422 1015.471 1014.535 1013.592 1012.658 1011.722 1010.795 1009.876 1008.965 1008.055 1007.157 1006.273 1005.416 1004.592 1003.799 1003.031 1002.269 1001.513 1000.751 999.969 999.1481 998.2803 997.3625 996.4037 995.4163 994.4261 993.4177 992.3974 991.3397 990.294 989.2651 988.2584 987.2488 986.235 985.2254 984.2141 983.194 982.1689 981.1397 980.1114 979.0828 978.0591 977.039 976.0377 975.0754 974.1484 973.2339
1034.838 1033.958 1033.101 1032.272 1031.451 1030.635 1029.852 1029.061 1028.262 1027.423 1026.579 1025.715 1024.823 1023.904 1022.965 1022.015 1021.058 1020.096 1019.129 1018.163 1017.204 1016.266 1015.329 1014.392 1013.447 1012.508 1011.578 1010.656 1009.739 1008.826 1007.913 1007.008 1006.121 1005.266 1004.445 1003.662 1002.916 1002.201 1001.495 1000.785 1000.044 999.2498 998.388 997.4602 996.4844 995.4879 994.4875 993.4893 992.4762 991.4404 990.381 989.3383 988.319 987.3194 986.3143 985.3075 984.299 983.2883 982.2758 981.2661 980.2596 979.2557 978.2597 977.2762 976.3126 975.3738 974.4528 973.5371
1034.566 1033.701 1032.859 1032.034 1031.217 1030.417 1029.642 1028.865 1028.074 1027.258 1026.433 1025.583 1024.692 1023.76 1022.803 1021.839 1020.874 1019.908 1018.941 1017.981 1017.031 1016.096 1015.159 1014.221 1013.281 1012.348 1011.425 1010.508 1009.589 1008.671 1007.752 1006.847 1005.953 1005.094 1004.272 1003.494 1002.765 1002.089 1001.444 1000.801 1000.116 999.3532 998.4915 997.5431 996.5507 995.5377 994.5259 993.5149 992.5171 991.5006 990.4683 989.4109 988.3856 987.371 986.3755 985.3644 984.3594 983.3555 982.361 981.3738 980.3932 979.4185 978.4534 977.5071 976.5791 975.6656 974.757 973.8436
1034.302 1033.436 1032.605 1031.782 1030.98 1030.196 1029.426 1028.646 1027.858 1027.06 1026.26 1025.426 1024.537 1023.59 1022.614 1021.637 1020.664 1019.697 1018.739 1017.792 1016.855 1015.915 1014.973 1014.027 1013.088 1012.155 1011.24 1010.323 1009.401 1008.473 1007.562 1006.662 1005.771 1004.898 1004.067 1003.286 1002.573 1001.929 1001.34 1000.777 1000.172 999.4481 998.5777 997.5988 996.5855 995.5625 994.5371 993.5171 992.5057 991.5117 990.5048 989.4828 988.4479 987.423 986.4089 985.3998 984.3993 983.4094 982.4304 981.4605 980.5014 979.5534 978.6224 977.7141 976.8223 975.9391 975.0511 974.1476
1034.069 1033.198 1032.352 1031.537 1030.743 1029.968 1029.189 1028.403 1027.609 1026.817 1026.027 1025.202 1024.315 1023.364 1022.384 1021.405 1020.431 1019.466 1018.521 1017.586 1016.654 1015.714 1014.77 1013.829 1012.891 1011.962 1011.046 1010.127 1009.2 1008.272 1007.361 1006.463 1005.569 1004.687 1003.833 1003.043 1002.326 1001.701 1001.15 1000.656 1000.131 999.4492 998.5822 997.5861 996.5663 995.5429 994.5189 993.4952 992.4799 991.4755 990.4987 989.4979 988.4843 987.4397 986.4196 985.4127 984.4236 983.4453 982.4783 981.5237 980.5831 979.6616 978.7621 977.8898 977.0347 976.1865 975.3282 974.4431
1033.85 1032.961 1032.104 1031.279 1030.493 1029.708 1028.921 1028.121 1027.323 1026.528 1025.733 1024.908 1024.027 1023.088 1022.124 1021.158 1020.195 1019.238 1018.308 1017.386 1016.468 1015.531 1014.596 1013.664 1012.733 1011.796 1010.866 1009.932 1009.006 1008.076 1007.161 1006.254 1005.352 1004.458 1003.587 1002.765 1002.021 1001.38 1000.85 1000.398 999.9227 999.2838 998.4512 997.4824 996.4832 995.4761 994.4643 993.45 992.4348 991.437 990.451 989.4739 988.467 987.4477 986.4206 985.4165 984.4279 983.4575 982.5001 981.5577 980.6353 979.7364 978.8641 978.0212 977.2023 976.396 975.5812 974.7252
1033.603 1032.714 1031.846 1031.013 1030.218 1029.421 1028.619 1027.813 1027.008 1026.204 1025.393 1024.558 1023.683 1022.769 1021.83 1020.883 1019.934 1018.999 1018.084 1017.176 1016.265 1015.34 1014.417 1013.493 1012.56 1011.619 1010.678 1009.746 1008.821 1007.895 1006.973 1006.056 1005.14 1004.24 1003.343 1002.473 1001.654 1000.976 1000.451 1000.029 999.5732 998.9722 998.1998 997.2989 996.3453 995.3672 994.3772 993.3782 992.3754 991.3778 990.389 989.3972 988.4096 987.4106 986.4161 985.4102 984.4193 983.4447 982.4937 981.5622 980.6531 979.7714 978.9183 978.098 977.3105 976.5463 975.7881 974.9755
1033.308 1032.419 1031.558 1030.716 1029.917 1029.106 1028.3 1027.484 1026.67 1025.857 1025.034 1024.194 1023.327 1022.433 1021.516 1020.586 1019.654 1018.744 1017.848 1016.957 1016.052 1015.141 1014.231 1013.309 1012.375 1011.43 1010.492 1009.565 1008.647 1007.725 1006.799 1005.877 1004.955 1004.042 1003.123 1002.192 1001.293 1000.568 1000.047 999.6534 999.2007 998.6249 997.909 997.0823 996.1794 995.2305 994.2571 993.2775 992.2926 991.3098 990.3083 989.313 988.3204 987.3508 986.3752 985.3858 984.3923 983.4145 982.4655 981.5394 980.6378 979.7634 978.9195 978.1103 977.3411 976.6052 975.888 975.109
1032.984 1032.089 1031.239 1030.401 1029.598 1028.775 1027.963 1027.14 1026.32 1025.497 1024.667 1023.823 1022.962 1022.08 1021.177 1020.261 1019.339 1018.457 1017.58 1016.707 1015.803 1014.902 1013.993 1013.073 1012.14 1011.214 1010.296 1009.389 1008.48 1007.567 1006.648 1005.735 1004.819 1003.903 1002.964 1002.008 1001.08 1000.338 999.7968 999.3854 998.9174 998.3455 997.6597 996.8719 996.0054 995.0789 994.1306 993.1687 992.2012 991.2175 990.222 989.2225 988.2331 987.257 986.2944 985.3164 984.3376 983.3605 982.4127 981.4843 980.5815 979.7064 978.8624 978.0538 977.2864 976.5542 975.8409 975.0687
1032.641 1031.746 1030.899 1030.064 1029.26 1028.432 1027.616 1026.785 1025.958 1025.129 1024.295 1023.453 1022.595 1021.72 1020.828 1019.927 1019.023 1018.159 1017.299 1016.443 1015.551 1014.652 1013.744 1012.827 1011.916 1011.012 1010.116 1009.22 1008.323 1007.423 1006.525 1005.633 1004.735 1003.819 1002.886 1001.95 1001.057 1000.318 999.7404 999.2654 998.7505 998.1566 997.4725 996.6968 995.8466 994.9325 994.0007 993.0534 992.0991 991.1218 990.1307 989.1358 988.1401 987.1567 986.1829 985.2156 984.2473 983.2846 982.3334 981.3989 980.486 979.6018 978.7475 977.9273 977.1479 976.3972 975.6545 974.8614
1032.324 1031.412 1030.565 1029.723 1028.911 1028.084 1027.266 1026.425 1025.59 1024.758 1023.924 1023.08 1022.224 1021.355 1020.477 1019.593 1018.706 1017.86 1017.016 1016.176 1015.289 1014.393 1013.488 1012.591 1011.702 1010.822 1009.941 1009.059 1008.176 1007.301 1006.431 1005.568 1004.688 1003.793 1002.888 1002.007 1001.187 1000.466 999.842 999.2733 998.691 998.0558 997.3514 996.5688 995.7138 994.8044 993.8787 992.9418 991.9917 991.0176 990.0309 989.0389 988.0456 987.0535 986.0698 985.0937 984.1322 983.1745 982.2249 981.2797 980.3533 979.4509 978.5791 977.7437 976.9433 976.1658 975.3854 974.5715
1032.044 1031.121 1030.24 1029.389 1028.564 1027.737 1026.909 1026.061 1025.22 1024.386 1023.55 1022.706 1021.852 1020.993 1020.13 1019.261 1018.389 1017.56 1016.734 1015.903 1015.02 1014.129 1013.243 1012.366 1011.499 1010.643 1009.786 1008.921 1008.066 1007.22 1006.388 1005.534 1004.67 1003.796 1002.938 1002.112 1001.341 1000.634 999.982 999.3546 998.7136 998.0289 997.2888 996.4892 995.6325 994.7263 993.7851 992.8318 991.872 990.9047 989.9241 988.9343 987.9426 986.9512 985.9613 984.9786 984.0051 983.0455 982.0896 981.1391 980.1937 979.2682 978.3747 977.5163 976.6909 975.883 975.0804 974.2591
1031.782 1030.849 1029.957 1029.091 1028.237 1027.391 1026.547 1025.694 1024.852 1024.014 1023.175 1022.331 1021.485 1020.637 1019.789 1018.932 1018.089 1017.278 1016.466 1015.63 1014.765 1013.904 1013.049 1012.178 1011.311 1010.456 1009.624 1008.799 1007.983 1007.168 1006.349 1005.51 1004.666 1003.828 1003.016 1002.234 1001.498 1000.8 1000.134 999.472 998.7849 998.0526 997.2689 996.4401 995.5683 994.6604 993.7102 992.7476 991.7773 990.8035 989.8181 988.824 987.8333 986.8412 985.8492 984.8587 983.8756 982.9011 981.9384 980.9764 980.0175 979.0718 978.1508 977.2615 976.3994 975.5685 974.7552 973.9413
1031.499 1030.581 1029.673 1028.79 1027.905 1027.034 1026.176 1025.324 1024.483 1023.643 1022.804 1021.964 1021.127 1020.292 1019.454 1018.607 1017.794 1016.994 1016.197 1015.355 1014.509 1013.677 1012.852 1012.004 1011.149 1010.307 1009.502 1008.706 1007.922 1007.118 1006.31 1005.484 1004.667 1003.866 1003.094 1002.352 1001.643 1000.961 1000.292 999.6072 998.8831 998.1047 997.2726 996.4033 995.514 994.5993 993.6491 992.6748 991.6976 990.713 989.7175 988.7137 987.7183 986.7253 985.7313 984.7375 983.7447 982.7579 981.7833 980.8104 979.837 978.8695 977.9142 976.9795 976.0789 975.2312 974.4266 973.6317
