SEB_model/sample_data_files/historical_long/elevation_historical_long/1926surface.txt
ncols         768
nrows         486
xllcorner     388353.95236715
yllcorner     7583725.4876181
cellsize      5
NODATA_value  -9999
[rows 420 to 449 of 486, columns 544 to 611 of 768]
1325.168 1324.343 1323.497 1322.512 1321.498 1320.437 1319.488 1318.573 1317.719 1316.92 1316.154 1315.373 1314.586 1313.821 1313.133 1312.49 1311.886 1311.326 1310.824 1310.411 1310.072 1309.753 1309.372 1308.912 1308.397 1307.84 1307.244 1306.659 1306.118 1305.639 1305.18 1304.764 1304.398 1304.079 1303.755 1303.379 1302.939 1302.447 1301.946 1301.433 1300.961 1300.587 1300.333 1300.175 1300.039 1299.898 1299.699 1299.43 1299.096 1298.716 1298.268 1297.745 1297.172 1296.592 1296.065 1295.689 1295.458 1295.225 1294.944 1294.6 1294.291 1293.967 1293.667 1293.419 1293.187 1292.921 1292.676 1292.654
1327.098 1326.183 1325.269 1324.242 1323.189 1322.09 1321.072 1320.101 1319.183 1318.349 1317.517 1316.682 1315.844 1315.06 1314.359 1313.713 1313.13 1312.62 1312.216 1311.888 1311.595 1311.243 1310.819 1310.355 1309.89 1309.396 1308.843 1308.236 1307.672 1307.164 1306.733 1306.352 1306.023 1305.708 1305.362 1304.971 1304.531 1304.059 1303.57 1303.082 1302.625 1302.254 1301.976 1301.762 1301.569 1301.401 1301.252 1301.052 1300.772 1300.368 1299.878 1299.301 1298.679 1298.032 1297.506 1297.193 1297.107 1296.961 1296.734 1296.397 1296.091 1295.747 1295.394 1295.079 1294.85 1294.681 1294.545 1294.492
1329.142 1328.128 1327.147 1326.086 1325.016 1323.888 1322.864 1321.8 1320.79 1319.813 1318.906 1318.011 1317.139 1316.339 1315.631 1314.999 1314.464 1314.047 1313.74 1313.462 1313.135 1312.727 1312.294 1311.863 1311.445 1311.003 1310.497 1309.925 1309.33 1308.811 1308.38 1308.043 1307.724 1307.391 1307.016 1306.61 1306.201 1305.765 1305.317 1304.857 1304.434 1304.067 1303.748 1303.462 1303.186 1302.96 1302.784 1302.678 1302.469 1302.126 1301.594 1301.014 1300.365 1299.706 1299.174 1298.919 1298.871 1298.804 1298.63 1298.358 1298.06 1297.695 1297.286 1296.891 1296.627 1296.539 1296.57 -9999
1331.355 1330.252 1329.184 1328.029 1326.891 1325.778 1324.731 1323.646 1322.49 1321.381 1320.34 1319.396 1318.484 1317.668 1316.959 1316.364 1315.919 1315.601 1315.354 1315.046 1314.667 1314.244 1313.842 1313.453 1313.038 1312.599 1312.141 1311.631 1311.094 1310.564 1310.14 1309.792 1309.462 1309.104 1308.716 1308.341 1307.96 1307.568 1307.139 1306.707 1306.282 1305.905 1305.55 1305.241 1304.935 1304.665 1304.446 1304.256 1304.11 1303.836 1303.471 1302.935 1302.358 1301.727 1301.237 1300.977 1300.938 1300.893 1300.761 1300.517 1300.213 1299.832 1299.387 1298.928 1298.667 1298.665 -9999 -9999
1333.75 1332.597 1331.388 1330.133 1328.92 1327.748 1326.672 1325.52 1324.3 1323.08 1321.919 1320.869 1319.887 1319.048 1318.356 1317.837 1317.482 1317.222 1316.957 1316.609 1316.224 1315.829 1315.466 1315.077 1314.662 1314.224 1313.781 1313.343 1312.87 1312.416 1311.968 1311.582 1311.202 1310.838 1310.496 1310.16 1309.816 1309.423 1309.007 1308.588 1308.181 1307.789 1307.418 1307.082 1306.766 1306.477 1306.153 1305.865 1305.664 1305.585 1305.428 1305.106 1304.613 1304.089 1303.659 1303.415 1303.336 1303.266 1303.116 1302.873 1302.557 1302.172 1301.751 1301.338 -9999 -9999 -9999 -9999
1336.347 1335.099 1333.771 1332.394 1331.086 1329.838 1328.623 1327.407 1326.12 1324.856 1323.579 1322.413 1321.346 1320.483 1319.834 1319.401 1319.116 1318.859 1318.563 1318.211 1317.853 1317.496 1317.131 1316.734 1316.311 1315.884 1315.468 1315.068 1314.676 1314.272 1313.849 1313.413 1312.999 1312.639 1312.337 1312.037 1311.691 1311.296 1310.89 1310.494 1310.106 1309.731 1309.364 1309.035 1308.725 1308.42 1308.066 1307.667 1307.432 1307.339 1307.417 1307.309 1307.069 1306.685 1306.37 1306.152 1306.013 1305.871 1305.674 1305.405 1305.076 1304.74 1304.413 1304.135 -9999 -9999 -9999 -9999
1338.996 1337.697 1336.268 1334.854 1333.433 1332.045 1330.658 1329.313 1327.996 1326.684 1325.34 1324.041 1322.869 1321.978 1321.384 1321.036 1320.783 1320.519 1320.22 1319.894 1319.566 1319.206 1318.829 1318.422 1318.008 1317.602 1317.21 1316.843 1316.47 1316.101 1315.692 1315.272 1314.872 1314.538 1314.26 1313.944 1313.581 1313.179 1312.793 1312.424 1312.078 1311.741 1311.41 1311.07 1310.722 1310.37 1310.003 1309.681 1309.42 1309.33 1309.368 1309.485 1309.479 1309.347 1309.143 1308.975 1308.817 1308.629 1308.38 1308.073 1307.763 1307.489 1307.288 -9999 -9999 -9999 -9999 -9999
1341.717 1340.31 1338.86 1337.404 1335.906 1334.389 1332.838 1331.364 1329.96 1328.58 1327.176 1325.788 1324.493 1323.562 1323.01 1322.753 1322.527 1322.271 1321.985 1321.679 1321.34 1320.971 1320.575 1320.168 1319.766 1319.373 1319.008 1318.646 1318.283 1317.901 1317.515 1317.12 1316.775 1316.474 1316.189 1315.851 1315.458 1315.073 1314.709 1314.377 1314.063 1313.768 1313.472 1313.139 1312.761 1312.385 1312.074 1311.835 1311.641 1311.473 1311.459 1311.57 1311.803 1311.915 1311.927 1311.82 1311.681 1311.486 1311.214 1310.881 1310.575 1310.344 -9999 -9999 -9999 -9999 -9999 -9999
1344.48 1343.031 1341.549 1340.056 1338.456 1336.839 1335.184 1333.6 1332.101 1330.665 1329.23 1327.811 1326.471 1325.506 1324.93 1324.67 1324.463 1324.202 1323.911 1323.556 1323.192 1322.798 1322.387 1321.974 1321.573 1321.187 1320.824 1320.458 1320.088 1319.702 1319.324 1318.984 1318.693 1318.413 1318.108 1317.748 1317.365 1317.004 1316.666 1316.362 1316.066 1315.792 1315.516 1315.203 1314.85 1314.504 1314.225 1314.022 1313.905 1313.834 1313.808 1313.902 1314.129 1314.44 1314.633 1314.684 1314.595 1314.401 -9999 -9999 -9999 -9999 -9999 -9999 -9999 -9999 -9999 -9999
1347.4 1345.864 1344.339 1342.718 1341.047 1339.339 1337.646 1335.994 1334.435 1332.96 1331.556 1330.179 1328.875 1327.878 1327.232 1326.904 1326.646 1326.332 1325.969 1325.54 1325.129 1324.699 1324.264 1323.836 1323.428 1323.022 1322.648 1322.268 1321.9 1321.518 1321.175 1320.869 1320.588 1320.293 1319.968 1319.609 1319.256 1318.939 1318.646 1318.361 1318.08 1317.81 1317.549 1317.275 1317.008 1316.74 1316.486 1316.309 1316.234 1316.246 1316.286 1316.347 1316.565 1316.886 1317.257 1317.48 1317.512 -9999 -9999 -9999 -9999 -9999 -9999 -9999 -9999 -9999 -9999 -9999
1350.417 1348.857 1347.2 1345.442 1343.642 1341.87 1340.143 1338.492 1336.925 1335.487 1334.142 1332.859 1331.647 1330.65 1329.918 1329.426 1329.051 1328.618 1328.149 1327.622 1327.148 1326.669 1326.198 1325.743 1325.302 1324.867 1324.472 1324.087 1323.726 1323.373 1323.06 1322.774 1322.474 1322.145 1321.804 1321.462 1321.161 1320.889 1320.634 1320.368 1320.099 1319.851 1319.615 1319.399 1319.203 1319.008 1318.784 1318.632 1318.587 1318.65 1318.745 1318.879 1319.082 1319.403 1319.802 1320.2 1320.346 -9999 -9999 -9999 -9999 -9999 -9999 -9999 -9999 -9999 -9999 -9999
1353.551 1351.91 1350.136 1348.236 1346.309 1344.425 1342.664 1341.039 1339.541 1338.154 1336.881 1335.67 1334.538 1333.539 1332.736 1332.111 1331.574 1331.002 1330.404 1329.787 1329.232 1328.69 1328.17 1327.672 1327.19 1326.725 1326.31 1325.926 1325.586 1325.258 1324.96 1324.65 1324.313 1323.963 1323.626 1323.324 1323.071 1322.839 1322.61 1322.377 1322.151 1321.94 1321.75 1321.578 1321.423 1321.269 1321.082 1320.963 1320.896 1320.951 1321.063 1321.265 1321.547 1321.885 1322.315 1322.771 1322.95 -9999 -9999 -9999 -9999 -9999 -9999 -9999 -9999 -9999 -9999 -9999
1356.672 1355.011 1353.154 1351.162 1349.072 1347.04 1345.219 1343.647 1342.237 1340.929 1339.678 1338.516 1337.417 1336.439 1335.582 1334.84 1334.165 1333.45 1332.731 1332.006 1331.357 1330.739 1330.156 1329.604 1329.08 1328.587 1328.164 1327.793 1327.471 1327.151 1326.825 1326.474 1326.109 1325.759 1325.458 1325.201 1324.984 1324.773 1324.594 1324.427 1324.271 1324.108 1323.946 1323.8 1323.664 1323.534 1323.398 1323.284 1323.212 1323.237 1323.37 1323.618 1323.948 1324.327 1324.742 1325.181 1325.352 -9999 -9999 -9999 -9999 -9999 -9999 -9999 -9999 -9999 -9999 -9999
1359.781 1358.13 1356.31 1354.268 1352.04 1349.849 1347.953 1346.4 1345.053 1343.751 1342.507 1341.339 1340.277 1339.304 1338.415 1337.58 1336.783 1335.957 1335.106 1334.264 1333.491 1332.788 1332.134 1331.526 1330.964 1330.456 1330.039 1329.679 1329.357 1329.006 1328.634 1328.25 1327.881 1327.565 1327.297 1327.075 1326.874 1326.752 1326.666 1326.595 1326.472 1326.33 1326.188 1326.075 1325.979 1325.888 1325.784 1325.66 1325.57 1325.565 1325.706 1325.965 1326.298 1326.665 1327.047 1327.404 -9999 -9999 -9999 -9999 -9999 -9999 -9999 -9999 -9999 -9999 -9999 -9999
1362.841 1361.338 1359.631 1357.619 1355.342 1353.055 1351.046 1349.408 1347.996 1346.651 1345.362 1344.172 1343.088 1342.118 1341.203 1340.31 1339.401 1338.457 1337.49 1336.521 1335.623 1334.807 1334.084 1333.427 1332.841 1332.363 1331.951 1331.585 1331.199 1330.798 1330.391 1329.999 1329.664 1329.38 1329.161 1328.955 1328.88 1328.868 1328.914 1328.822 1328.704 1328.561 1328.469 1328.378 1328.302 1328.229 1328.145 1328.043 1327.966 1327.961 1328.089 1328.323 1328.615 1328.928 1329.238 -9999 -9999 -9999 -9999 -9999 -9999 -9999 -9999 -9999 -9999 -9999 -9999 -9999
1365.876 1364.61 1363.106 1361.211 1358.966 1356.614 1354.455 1352.616 1351.023 1349.554 1348.195 1346.948 1345.839 1344.846 1343.929 1342.994 1341.986 1340.911 1339.81 1338.736 1337.711 1336.793 1335.986 1335.3 1334.735 1334.287 1333.865 1333.438 1332.972 1332.536 1332.118 1331.76 1331.457 1331.229 1331.041 1330.979 1331.017 1331.121 1331.133 1331.021 1330.884 1330.8 1330.761 1330.727 1330.659 1330.593 1330.507 1330.419 1330.366 1330.382 1330.502 1330.7 1330.927 -9999 -9999 -9999 -9999 -9999 -9999 -9999 -9999 -9999 -9999 -9999 -9999 -9999 -9999 -9999
1368.761 1367.838 1366.659 1364.958 1362.746 1360.287 1357.927 1355.833 1353.999 1352.368 1350.905 1349.605 1348.456 1347.456 1346.548 1345.601 1344.495 1343.246 1341.989 1340.803 1339.715 1338.714 1337.856 1337.16 1336.623 1336.189 1335.713 1335.212 1334.686 1334.238 1333.855 1333.532 1333.338 1333.19 1333.212 1333.261 1333.414 1333.431 1333.375 1333.199 1333.082 1333.022 1333.049 1333.047 1333.011 1332.926 1332.841 1332.775 1332.76 1332.803 1332.446 1332.108 1331.751 -9999 -9999 -9999 -9999 -9999 -9999 -9999 -9999 -9999 -9999 -9999 -9999 -9999 -9999 -9999
1371.244 1370.806 1370.104 1368.635 1366.366 1363.665 1361.095 1358.793 1356.769 1354.99 1353.422 1352.05 1350.862 1349.84 1348.963 1348.002 1346.801 1345.367 1343.932 1342.665 1341.541 1340.541 1339.685 1338.999 1338.465 1337.985 1337.444 1336.891 1336.359 1336.014 1335.729 1335.542 1335.391 1335.436 1335.588 1335.77 1335.794 1335.701 1335.535 1335.41 1335.316 1335.282 1335.284 1335.341 1335.354 1335.322 1335.238 1335.185 1335.176 1334.66 1333.689 1332.695 1332.187 -9999 -9999 -9999 -9999 -9999 -9999 -9999 -9999 -9999 -9999 -9999 -9999 -9999 -9999 -9999
1373.116 1373.072 1372.764 1371.507 1369.248 1366.435 1363.76 1361.352 1359.218 1357.337 1355.684 1354.235 1352.975 1351.91 1350.978 1349.947 1348.636 1347.097 1345.581 1344.269 1343.166 1342.216 1341.421 1340.758 1340.195 1339.658 1339.153 1338.673 1338.259 1337.948 1337.739 1337.601 1337.681 1337.889 1338.208 1338.247 1338.156 1337.949 1337.815 1337.711 1337.635 1337.561 1337.532 1337.546 1337.62 1337.651 1337.647 1337.607 1336.959 1335.75 1334.036 1332.88 1332.215 -9999 -9999 -9999 -9999 -9999 -9999 -9999 -9999 -9999 -9999 -9999 -9999 -9999 -9999 -9999
1374.298 1374.443 1374.281 1373.179 1371.086 1368.416 1365.825 1363.444 1361.295 1359.372 1357.657 1356.141 1354.822 1353.657 1352.575 1351.373 1349.956 1348.392 1346.903 1345.639 1344.6 1343.746 1343.031 1342.404 1341.887 1341.396 1340.97 1340.542 1340.177 1339.949 1339.797 1339.927 1340.156 1340.521 1340.655 1340.585 1340.38 1340.205 1340.102 1340.025 1339.948 1339.872 1339.786 1339.754 1339.782 1339.826 1339.837 1339.148 1337.797 1335.845 1334.455 1333.639 1333.32 -9999 -9999 -9999 -9999 -9999 -9999 -9999 -9999 -9999 -9999 -9999 -9999 -9999 -9999 -9999
1375.029 1375.065 1374.764 1373.74 1371.949 1369.67 1367.325 1365.08 1362.999 1361.088 1359.345 1357.777 1356.399 1355.117 1353.827 1352.404 1350.869 1349.333 1347.951 1346.815 1345.906 1345.161 1344.521 1343.925 1343.425 1343.022 1342.729 1342.429 1342.16 1341.932 1342.025 1342.321 1342.786 1342.992 1343.006 1342.807 1342.637 1342.493 1342.42 1342.342 1342.226 1342.134 1342.042 1341.984 1341.275 1340.545 1339.844 1339.086 1337.653 1336.111 1335.162 1334.803 -9999 -9999 -9999 -9999 -9999 -9999 -9999 -9999 -9999 -9999 -9999 -9999 -9999 -9999 -9999 -9999
1375.641 1375.42 1374.905 1373.896 1372.366 1370.462 1368.406 1366.354 1364.384 1362.526 1360.773 1359.182 1357.735 1356.33 1354.885 1353.315 1351.689 1350.131 1348.846 1347.924 1347.242 1346.666 1346.105 1345.564 1345.107 1344.78 1344.486 1344.224 1343.968 1344.094 1344.458 1345.028 1345.309 1345.367 1345.226 1345.064 1344.927 1344.288 1343.656 1342.987 1342.739 1342.52 1342.292 1342.135 1341.259 1340.381 1339.514 1338.672 1337.76 1336.761 1336.354 1335.94 -9999 -9999 -9999 -9999 -9999 -9999 -9999 -9999 -9999 -9999 -9999 -9999 -9999 -9999 -9999 -9999
1376.344 1375.834 1375.112 1374.073 1372.69 1371.032 1369.218 1367.357 1365.518 1363.726 1361.999 1360.385 1358.869 1357.384 1355.859 1354.245 1352.592 1351.056 1349.873 1349.093 1348.592 1348.136 1347.67 1347.174 1346.727 1346.4 1346.146 1345.975 1346.122 1346.567 1347.246 1347.607 1347.713 1347.587 1346.972 1346.318 1345.653 1344.932 1344.199 1343.391 1343.009 1342.647 1342.313 1342.044 1341.074 1340.088 1339.105 1338.772 1338.423 1338.001 1337.542 1337.029 -9999 -9999 -9999 -9999 -9999 -9999 -9999 -9999 -9999 -9999 -9999 -9999 -9999 -9999 -9999 -9999
1377.165 1376.34 1375.424 1374.323 1373.008 1371.505 1369.873 1368.18 1366.475 1364.782 1363.105 1361.495 1359.924 1358.398 1356.853 1355.317 1353.758 1352.327 1351.208 1350.484 1350.007 1349.613 1349.209 1348.824 1348.444 1348.146 1347.908 1348.104 1348.649 1349.484 1349.934 1350.067 1349.936 1349.312 1348.163 1346.954 1346.201 1345.387 1344.508 1343.561 1343.067 1342.593 1342.141 1341.738 1341.35 1340.974 1340.559 1340.128 1339.746 1339.282 1338.757 -9999 -9999 -9999 -9999 -9999 -9999 -9999 -9999 -9999 -9999 -9999 -9999 -9999 -9999 -9999 -9999 -9999
1377.98 1376.899 1375.804 1374.634 1373.342 1371.934 1370.435 1368.884 1367.311 1365.728 1364.141 1362.555 1360.996 1359.474 1357.977 1356.516 1355.124 1353.864 1352.848 1352.04 1351.444 1350.957 1350.611 1350.307 1350.051 1349.818 1350.047 1350.649 1351.604 1352.206 1352.45 1352.364 1351.715 1350.536 1348.794 1347.486 1346.63 1346.206 1345.74 1345.228 1344.711 1344.216 1343.769 1343.131 1342.513 1341.862 1341.401 1340.827 1340.373 1339.831 1339.519 -9999 -9999 -9999 -9999 -9999 -9999 -9999 -9999 -9999 -9999 -9999 -9999 -9999 -9999 -9999 -9999 -9999
1378.684 1377.453 1376.212 1374.977 1373.691 1372.348 1370.958 1369.531 1368.078 1366.61 1365.115 1363.608 1362.094 1360.622 1359.197 1357.84 1356.569 1355.458 1354.486 1353.665 1352.946 1352.41 1352.031 1351.821 1351.664 1351.978 1352.662 1353.718 1354.384 1354.712 1354.702 1354.111 1352.918 1351.125 1349.775 1348.887 1348.45 1347.973 1347.449 1346.609 1345.771 1345.014 1344.607 1344.008 1343.352 1342.661 1342.09 1341.427 1340.902 1340.351 -9999 -9999 -9999 -9999 -9999 -9999 -9999 -9999 -9999 -9999 -9999 -9999 -9999 -9999 -9999 -9999 -9999 -9999
1379.217 1377.924 1376.623 1375.331 1374.045 1372.762 1371.47 1370.157 1368.808 1367.426 1366.024 1364.606 1363.188 1361.799 1360.464 1359.159 1357.958 1356.857 1355.953 1355.151 1354.503 1353.949 1353.58 1353.362 1353.33 1353.721 1354.483 1355.183 1355.484 1355.438 1354.975 1354.34 1353.066 1352.099 1351.189 1350.359 1349.494 1348.589 1348.081 1347.26 1346.497 1345.785 1345.422 1344.79 1344.036 1343.242 1342.589 1341.904 1341.335 -9999 -9999 -9999 -9999 -9999 -9999 -9999 -9999 -9999 -9999 -9999 -9999 -9999 -9999 -9999 -9999 -9999 -9999 -9999
1379.601 1378.316 1376.997 1375.682 1374.397 1373.179 1371.992 1370.783 1369.522 1368.217 1366.888 1365.554 1364.237 1362.955 1361.708 1360.479 1359.252 1358.139 1357.205 1356.536 1356.002 1355.578 1354.978 1354.558 1354.243 1354.617 1354.905 1355.145 1354.954 1354.78 1354.192 1353.434 1352.608 1352.123 1351.707 1350.851 1349.956 1349.071 1348.661 1347.918 1347.225 1346.508 1346.137 1345.639 1345.005 1344.345 1343.652 1343.042 1342.499 -9999 -9999 -9999 -9999 -9999 -9999 -9999 -9999 -9999 -9999 -9999 -9999 -9999 -9999 -9999 -9999 -9999 -9999 -9999
1379.96 1378.651 1377.356 1376.034 1374.778 1373.618 1372.532 1371.415 1370.237 1369.002 1367.736 1366.468 1365.233 1364.043 1362.889 1361.664 1360.449 1359.302 1358.448 1357.835 1357.262 1356.731 1355.99 1355.443 1354.965 1354.814 1354.656 1354.453 1354.175 1353.898 1353.18 1352.836 1352.461 1352.49 1352.072 1351.276 1350.474 1349.688 1349.291 1348.861 1348.471 1348.02 1347.519 1346.883 1346.159 1345.464 1344.8 1344.309 -9999 -9999 -9999 -9999 -9999 -9999 -9999 -9999 -9999 -9999 -9999 -9999 -9999 -9999 -9999 -9999 -9999 -9999 -9999 -9999
1380.327 1379.024 1377.728 1376.455 1375.253 1374.16 1373.136 1372.086 1370.969 1369.79 1368.576 1367.362 1366.185 1365.057 1363.903 1362.703 1361.508 1360.505 1359.72 1359.011 1358.252 1357.594 1356.832 1356.25 1355.611 1355.285 1354.947 1354.74 1354.483 1354.224 1353.859 1353.484 1353.106 1352.754 1352.402 1352.093 1351.741 1351.346 1350.924 1350.464 1349.956 1349.381 1348.749 1348.086 1347.395 1346.775 1346.187 -9999 -9999 -9999 -9999 -9999 -9999 -9999 -9999 -9999 -9999 -9999 -9999 -9999 -9999 -9999 -9999 -9999 -9999 -9999 -9999 -9999
