SEB_model/sample_data_files/historical_long/elevation_historical_long/1926surface.txt
ncols         768
nrows         486
xllcorner     388353.95236715
yllcorner     7583725.4876181
cellsize      5
NODATA_value  -9999
[rows 360 to 389 of 486, columns 544 to 611 of 768]
1283.676 1282.869 1281.916 1280.996 1280.171 1279.514 1278.827 1278.125 1277.398 1276.698 1276.049 1275.469 1274.937 1274.426 1273.92 1273.408 1272.887 1272.384 1271.921 1271.459 1270.973 1270.423 1269.845 1269.258 1268.68 1268.113 1267.506 1266.857 1266.16 1265.489 1264.798 1263.7 1262.363 1261.041 1260.138 1259.448 1258.766 1258.079 1257.388 1256.69 1256.013 1255.35 1254.7 1254.042 1253.393 1252.699 1251.994 1251.322 1250.783 1250.343 1249.948 1249.525 1249.042 1248.641 1248.328 1248.029 1247.604 1247.09 1246.545 1246.002 1245.36 1244.756 1244.176 1243.796 1243.218 1242.38 1241.209 1240.229
1283.938 1283.236 1282.291 1281.353 1280.427 1279.768 1279.113 1278.442 1277.749 1277.046 1276.381 1275.774 1275.223 1274.701 1274.196 1273.701 1273.208 1272.73 1272.233 1271.726 1271.186 1270.638 1270.084 1269.531 1268.983 1268.395 1267.762 1267.079 1266.417 1265.781 1265.109 1264.182 1263.011 1261.682 1260.584 1259.708 1259.036 1258.36 1257.693 1257.036 1256.393 1255.747 1255.101 1254.459 1253.747 1252.997 1252.245 1251.634 1251.137 1250.725 1250.323 1249.91 1249.459 1249.132 1248.812 1248.522 1248.073 1247.593 1247.06 1246.504 1245.888 1245.264 1244.684 1244.228 1243.861 1243.338 1242.533 1241.398
1284.229 1283.551 1282.586 1281.628 1280.681 1280.031 1279.386 1278.731 1278.057 1277.383 1276.73 1276.12 1275.544 1275.005 1274.499 1274.02 1273.552 1273.064 1272.547 1271.996 1271.437 1270.888 1270.361 1269.837 1269.274 1268.662 1268.005 1267.365 1266.739 1266.136 1265.426 1264.674 1263.686 1262.567 1261.269 1260.191 1259.322 1258.668 1258.025 1257.399 1256.768 1256.134 1255.499 1254.778 1253.993 1253.177 1252.509 1251.969 1251.537 1251.125 1250.724 1250.319 1249.904 1249.564 1249.227 1248.905 1248.506 1248.084 1247.607 1247.068 1246.47 1245.865 1245.262 1244.725 1244.315 1244.071 1243.609 1242.783
1284.774 1284.021 1282.958 1281.902 1280.943 1280.302 1279.668 1279.027 1278.369 1277.718 1277.087 1276.488 1275.902 1275.351 1274.84 1274.362 1273.886 1273.388 1272.851 1272.294 1271.744 1271.206 1270.684 1270.132 1269.549 1268.919 1268.303 1267.707 1267.125 1266.495 1265.746 1264.969 1264.19 1263.285 1262.183 1260.895 1259.838 1259.005 1258.391 1257.771 1257.147 1256.519 1255.792 1254.983 1254.118 1253.403 1252.825 1252.377 1251.955 1251.551 1251.146 1250.746 1250.342 1249.98 1249.626 1249.286 1248.918 1248.549 1248.142 1247.657 1247.108 1246.509 1245.918 1245.358 1244.914 1244.63 1244.395 1243.864
1285.326 1284.568 1283.473 1282.396 1281.415 1280.716 1280.027 1279.332 1278.696 1278.073 1277.473 1276.89 1276.307 1275.747 1275.219 1274.718 1274.22 1273.708 1273.167 1272.633 1272.108 1271.578 1271.002 1270.39 1269.787 1269.21 1268.652 1268.099 1267.501 1266.857 1266.081 1265.302 1264.521 1263.823 1262.918 1261.637 1260.389 1259.378 1258.765 1258.147 1257.524 1256.793 1255.968 1255.066 1254.314 1253.704 1253.237 1252.84 1252.468 1252.088 1251.666 1251.242 1250.829 1250.431 1250.049 1249.682 1249.323 1248.978 1248.619 1248.206 1247.712 1247.172 1246.601 1246.071 1245.599 1245.222 1244.885 1244.567
1285.998 1285.232 1284.179 1283.139 1282.121 1281.259 1280.416 1279.658 1279.044 1278.439 1277.848 1277.327 1276.797 1276.241 1275.653 1275.094 1274.578 1274.055 1273.526 1273.009 1272.508 1271.942 1271.316 1270.65 1270.073 1269.545 1269.04 1268.475 1267.863 1267.208 1266.444 1265.662 1264.875 1264.173 1263.505 1262.233 1260.999 1259.758 1259.144 1258.522 1257.789 1256.952 1256.025 1255.243 1254.605 1254.167 1253.761 1253.425 1253.035 1252.639 1252.193 1251.756 1251.328 1250.909 1250.489 1250.094 1249.725 1249.385 1249.042 1248.672 1248.261 1247.79 1247.292 1246.786 1246.296 1245.81 1245.38 1244.822
1286.445 1285.76 1284.83 1283.834 1282.781 1281.835 1280.973 1280.196 1279.578 1278.97 1278.396 1277.877 1277.352 1276.745 1276.101 1275.492 1274.965 1274.443 1273.916 1273.406 1272.88 1272.296 1271.635 1270.991 1270.427 1269.925 1269.407 1268.829 1268.211 1267.572 1266.819 1266.046 1265.25 1264.579 1263.943 1262.688 1261.42 1260.144 1259.521 1258.786 1257.942 1256.997 1256.192 1255.53 1255.112 1254.776 1254.44 1254.052 1253.609 1253.187 1252.729 1252.281 1251.844 1251.389 1250.93 1250.496 1250.119 1249.78 1249.445 1249.101 1248.745 1248.361 1247.931 1247.457 1246.946 1246.443 1245.854 1245.155
1286.901 1286.221 1285.282 1284.271 1283.194 1282.295 1281.48 1280.748 1280.112 1279.516 1278.951 1278.439 1277.854 1277.198 1276.511 1275.898 1275.369 1274.843 1274.319 1273.778 1273.228 1272.632 1272.014 1271.414 1270.861 1270.318 1269.756 1269.169 1268.567 1267.945 1267.202 1266.434 1265.683 1265.045 1264.216 1262.917 1261.613 1260.53 1259.903 1259.167 1258.32 1257.498 1256.813 1256.27 1255.849 1255.516 1255.164 1254.72 1254.214 1253.714 1253.223 1252.743 1252.321 1251.881 1251.406 1250.94 1250.525 1250.182 1249.852 1249.523 1249.193 1248.859 1248.494 1248.068 1247.593 1247.107 1246.546 1245.702
1287.25 1286.508 1285.5 1284.418 1283.401 1282.653 1281.98 1281.315 1280.697 1280.116 1279.563 1278.977 1278.282 1277.564 1276.873 1276.303 1275.772 1275.24 1274.691 1274.129 1273.559 1272.997 1272.42 1271.866 1271.292 1270.714 1270.115 1269.522 1268.934 1268.324 1267.588 1266.866 1266.163 1265.621 1264.524 1263.179 1261.787 1260.923 1260.292 1259.555 1258.835 1258.133 1257.567 1257.021 1256.618 1256.224 1255.812 1255.287 1254.779 1254.278 1253.789 1253.285 1252.837 1252.37 1251.91 1251.453 1251.035 1250.664 1250.306 1249.961 1249.63 1249.312 1248.99 1248.628 1248.209 1247.777 1247.228 1246.582
1287.552 1286.748 1285.664 1284.64 1283.681 1283.003 1282.334 1281.716 1281.143 1280.604 1280.026 1279.416 1278.645 1277.91 1277.219 1276.697 1276.173 1275.625 1275.065 1274.488 1273.924 1273.37 1272.83 1272.276 1271.702 1271.109 1270.507 1269.909 1269.312 1268.665 1267.961 1267.286 1266.72 1266.21 1265.096 1263.664 1262.213 1261.326 1260.691 1260.078 1259.481 1258.902 1258.334 1257.806 1257.315 1256.836 1256.337 1255.833 1255.345 1254.847 1254.33 1253.798 1253.321 1252.884 1252.448 1252.011 1251.582 1251.193 1250.813 1250.448 1250.096 1249.77 1249.458 1249.137 1248.779 1248.392 1247.985 1247.448
1287.811 1286.944 1285.909 1284.936 1284.033 1283.358 1282.741 1282.174 1281.65 1281.079 1280.469 1279.83 1279.041 1278.298 1277.597 1277.091 1276.565 1276.019 1275.453 1274.885 1274.322 1273.778 1273.229 1272.677 1272.103 1271.523 1270.928 1270.325 1269.718 1269.064 1268.394 1267.809 1267.289 1266.808 1265.865 1264.637 1263.373 1262.471 1261.833 1261.213 1260.61 1259.799 1259.029 1258.301 1257.829 1257.342 1256.835 1256.315 1255.82 1255.315 1254.803 1254.276 1253.796 1253.358 1252.954 1252.553 1252.164 1251.768 1251.375 1250.984 1250.617 1250.267 1249.939 1249.616 1249.288 1248.931 1248.547 1248.137
1288.028 1287.221 1286.233 1285.308 1284.392 1283.774 1283.213 1282.702 1282.138 1281.529 1280.883 1280.246 1279.45 1278.699 1277.987 1277.471 1276.945 1276.406 1275.881 1275.327 1274.778 1274.209 1273.654 1273.09 1272.522 1271.949 1271.364 1270.763 1270.152 1269.495 1268.896 1268.351 1267.874 1267.328 1266.597 1265.575 1264.549 1263.648 1263.006 1262.378 1261.758 1260.734 1259.755 1258.825 1258.334 1257.836 1257.321 1256.812 1256.27 1255.718 1255.16 1254.667 1254.222 1253.819 1253.425 1253.05 1252.69 1252.325 1251.942 1251.556 1251.184 1250.807 1250.439 1250.082 1249.749 1249.414 1249.071 1248.699
1288.321 1287.571 1286.628 1285.689 1284.819 1284.263 1283.763 1283.206 1282.597 1281.944 1281.299 1280.677 1279.874 1279.114 1278.369 1277.842 1277.309 1276.822 1276.343 1275.836 1275.264 1274.677 1274.1 1273.536 1272.963 1272.392 1271.815 1271.254 1270.649 1270.065 1269.477 1268.965 1268.413 1267.826 1267.059 1266.283 1265.505 1264.851 1264.205 1263.563 1262.719 1261.475 1260.284 1259.334 1258.823 1258.304 1257.8 1257.309 1256.786 1256.183 1255.6 1255.082 1254.673 1254.277 1253.908 1253.561 1253.229 1252.876 1252.507 1252.126 1251.789 1251.432 1251.036 1250.603 1250.213 1249.88 1249.567 1249.237
1288.705 1287.99 1287.032 1286.172 1285.379 1284.913 1284.334 1283.699 1283.015 1282.363 1281.744 1281.146 1280.342 1279.542 1278.758 1278.22 1277.746 1277.301 1276.865 1276.34 1275.753 1275.148 1274.564 1273.999 1273.43 1272.857 1272.307 1271.779 1271.213 1270.64 1270.064 1269.515 1268.941 1268.318 1267.551 1266.771 1265.994 1265.347 1264.702 1263.847 1262.794 1261.563 1260.574 1259.821 1259.288 1258.771 1258.274 1257.803 1257.3 1256.748 1256.138 1255.593 1255.124 1254.754 1254.412 1254.092 1253.759 1253.415 1253.056 1252.731 1252.425 1252.105 1251.697 1251.218 1250.759 1250.374 1250.065 1249.775
1289.411 1288.676 1287.777 1287.008 1286.305 1285.785 1285.151 1284.459 1283.774 1283.054 1282.365 1281.58 1280.715 1279.858 1279.136 1278.674 1278.264 1277.872 1277.385 1276.812 1276.191 1275.589 1275.021 1274.477 1273.92 1273.365 1272.833 1272.327 1271.779 1271.223 1270.624 1270.052 1269.45 1268.837 1268.072 1267.287 1266.501 1265.849 1265.238 1264.421 1263.157 1262.143 1261.363 1261.061 1260.511 1259.983 1259.474 1258.99 1258.515 1257.991 1257.407 1256.766 1256.049 1255.44 1254.942 1254.614 1254.276 1253.929 1253.635 1253.369 1253.118 1252.799 1252.402 1251.929 1251.423 1250.974 1250.615 1250.33
1290.152 1289.398 1288.566 1287.86 1287.188 1286.61 1285.915 1285.225 1284.475 1283.687 1282.927 1282.057 1281.186 1280.32 1279.715 1279.284 1278.893 1278.428 1277.899 1277.289 1276.69 1276.085 1275.526 1274.975 1274.43 1273.888 1273.376 1272.861 1272.331 1271.76 1271.164 1270.57 1269.974 1269.393 1268.702 1267.914 1267.094 1266.446 1265.866 1265.089 1264.003 1263.209 1262.64 1262.324 1261.764 1261.225 1260.707 1260.198 1259.696 1259.203 1258.658 1257.877 1256.899 1256.039 1255.461 1255.123 1254.776 1254.49 1254.252 1254.051 1253.784 1253.455 1253.071 1252.651 1252.151 1251.669 1251.245 1250.945
1290.875 1290.161 1289.402 1288.668 1287.966 1287.3 1286.635 1285.909 1285.119 1284.262 1283.468 1282.497 1281.616 1280.824 1280.353 1279.981 1279.526 1279.015 1278.42 1277.801 1277.196 1276.583 1276.028 1275.475 1274.936 1274.413 1273.901 1273.386 1272.838 1272.273 1271.679 1271.094 1270.518 1269.963 1269.346 1268.549 1267.784 1267.14 1266.635 1266.068 1265.163 1264.542 1263.936 1263.614 1263.047 1262.499 1261.959 1261.426 1260.898 1260.384 1259.684 1258.758 1257.645 1256.724 1256.086 1255.664 1255.354 1255.102 1254.924 1254.692 1254.41 1254.073 1253.729 1253.381 1252.904 1252.432 1251.96 1251.641
1291.343 1290.667 1289.944 1289.176 1288.438 1287.737 1287.012 1286.224 1285.369 1284.572 1283.84 1282.975 1282.202 1281.507 1281.111 1280.661 1280.142 1279.546 1278.95 1278.34 1277.731 1277.117 1276.543 1275.985 1275.446 1274.922 1274.414 1273.903 1273.381 1272.832 1272.241 1271.638 1271.066 1270.529 1269.984 1269.248 1268.542 1267.91 1267.37 1266.763 1266.036 1265.375 1264.741 1264.164 1263.606 1263.051 1262.509 1261.973 1261.451 1260.729 1259.831 1258.787 1257.933 1257.264 1256.746 1256.312 1256.165 1256.114 1256.051 1255.752 1255.41 1255.074 1254.641 1254.219 1253.639 1253.18 1252.715 1252.424
1291.787 1291.142 1290.452 1289.718 1288.948 1288.155 1287.336 1286.485 1285.686 1284.948 1284.278 1283.477 1282.765 1282.161 1281.734 1281.257 1280.685 1280.089 1279.476 1278.83 1278.202 1277.589 1277.032 1276.483 1275.951 1275.438 1274.927 1274.418 1273.912 1273.396 1272.833 1272.233 1271.655 1271.094 1270.529 1269.847 1269.224 1268.589 1268.017 1267.368 1266.648 1265.955 1265.292 1264.727 1264.161 1263.598 1263.048 1262.516 1261.77 1260.832 1259.976 1259.383 1259.032 1258.602 1258.167 1257.687 1257.49 1257.304 1257.169 1256.803 1256.449 1255.988 1255.458 1254.954 1254.384 1253.925 1253.56 1253.402
1292.235 1291.582 1290.922 1290.224 1289.406 1288.525 1287.613 1286.813 1286.07 1285.39 1284.721 1283.99 1283.382 1282.815 1282.355 1281.786 1281.189 1280.563 1279.944 1279.299 1278.68 1278.08 1277.529 1276.99 1276.465 1275.953 1275.454 1274.945 1274.457 1273.96 1273.436 1272.866 1272.27 1271.673 1271.065 1270.443 1269.812 1269.172 1268.526 1267.889 1267.184 1266.507 1265.852 1265.283 1264.712 1264.144 1263.592 1262.819 1261.84 1260.944 1260.569 1260.445 1260.283 1259.913 1259.537 1259.141 1258.832 1258.537 1258.271 1257.891 1257.387 1256.791 1256.135 1255.664 1255.109 1254.773 1254.517 1254.517
1292.704 1292.027 1291.362 1290.621 1289.755 1288.823 1287.958 1287.208 1286.518 1285.868 1285.2 1284.586 1283.989 1283.461 1282.895 1282.297 1281.663 1281.029 1280.419 1279.796 1279.203 1278.61 1278.064 1277.524 1276.99 1276.481 1275.982 1275.492 1274.989 1274.495 1273.995 1273.474 1272.899 1272.275 1271.632 1271.004 1270.359 1269.707 1269.043 1268.429 1267.778 1267.107 1266.436 1265.826 1265.25 1264.687 1264.128 1263.112 1262.171 1261.537 1261.658 1261.74 1261.592 1261.233 1260.917 1260.52 1260.038 1259.47 1258.973 1258.392 1257.764 1257.057 1256.561 1256.243 1255.934 1255.736 1255.619 1255.752
1293.203 1292.501 1291.744 1290.925 1290.012 1289.153 1288.366 1287.665 1287.006 1286.388 1285.767 1285.166 1284.579 1284.013 1283.412 1282.771 1282.129 1281.504 1280.928 1280.334 1279.748 1279.147 1278.599 1278.06 1277.524 1277.01 1276.514 1276.025 1275.514 1275.011 1274.521 1274.034 1273.493 1272.865 1272.215 1271.577 1270.949 1270.282 1269.61 1268.986 1268.378 1267.734 1267.048 1266.391 1265.781 1265.261 1264.706 1263.806 1263.096 1262.728 1262.744 1262.599 1262.23 1261.906 1261.563 1261.202 1260.762 1260.274 1259.554 1258.762 1257.935 1257.406 1257.081 1257.119 1257.104 1257.196 1257.084 1257.154
1293.728 1292.953 1292.107 1291.194 1290.337 1289.547 1288.834 1288.164 1287.537 1286.969 1286.361 1285.771 1285.143 1284.537 1283.888 1283.238 1282.602 1282.021 1281.488 1280.905 1280.301 1279.685 1279.136 1278.597 1278.058 1277.54 1277.03 1276.538 1276.012 1275.508 1275.011 1274.533 1274.018 1273.429 1272.808 1272.176 1271.547 1270.895 1270.216 1269.574 1268.968 1268.351 1267.738 1267.044 1266.499 1266.011 1265.577 1264.938 1264.471 1263.995 1263.686 1263.22 1262.883 1262.53 1262.162 1261.781 1261.418 1260.745 1259.851 1258.839 1258.209 1257.871 1257.944 1258.22 1258.514 1258.587 1258.481 1258.474
1294.188 1293.365 1292.437 1291.565 1290.754 1290.029 1289.345 1288.708 1288.131 1287.547 1286.954 1286.322 1285.682 1285.034 1284.385 1283.753 1283.15 1282.601 1282.045 1281.43 1280.798 1280.188 1279.642 1279.102 1278.573 1278.049 1277.543 1277.044 1276.521 1276.008 1275.506 1275.022 1274.505 1273.943 1273.353 1272.737 1272.122 1271.489 1270.847 1270.172 1269.534 1268.916 1268.396 1267.826 1267.347 1266.886 1266.452 1266.08 1265.593 1265.162 1264.517 1263.992 1263.488 1263.109 1262.72 1262.35 1261.783 1260.914 1259.836 1259.031 1258.611 1258.717 1259.054 1259.576 1259.843 1259.895 1259.776 1259.682
1294.714 1293.926 1293.091 1292.274 1291.522 1290.826 1290.195 1289.609 1289.018 1288.415 1287.683 1286.939 1286.183 1285.534 1284.903 1284.305 1283.735 1283.193 1282.608 1281.991 1281.359 1280.771 1280.218 1279.674 1279.13 1278.592 1278.072 1277.572 1277.042 1276.518 1275.998 1275.506 1274.983 1274.441 1273.863 1273.292 1272.692 1272.102 1271.475 1270.824 1270.15 1269.529 1269.062 1268.614 1268.217 1267.74 1267.304 1266.826 1266.424 1266.038 1265.557 1264.869 1264.198 1263.65 1263.27 1262.898 1262.119 1261.05 1259.972 1259.379 1259.381 1259.772 1260.384 1260.759 1260.842 1260.728 1260.589 1260.477
1295.235 1294.522 1293.773 1293.05 1292.343 1291.687 1291.088 1290.483 1289.867 1289.134 1288.299 1287.446 1286.689 1286.057 1285.458 1284.893 1284.334 1283.762 1283.149 1282.531 1281.924 1281.359 1280.802 1280.243 1279.684 1279.131 1278.6 1278.113 1277.58 1277.056 1276.509 1276.008 1275.47 1274.917 1274.354 1273.817 1273.266 1272.694 1272.089 1271.453 1270.803 1270.189 1269.677 1269.284 1268.861 1268.394 1267.868 1267.446 1267.113 1266.885 1266.478 1265.867 1265.03 1264.34 1263.847 1263.477 1262.709 1261.667 1260.661 1260.295 1260.464 1261.008 1261.444 1261.664 1261.611 1261.447 1261.259 1261.119
1295.828 1295.166 1294.5 1293.842 1293.206 1292.59 1291.962 1291.318 1290.666 1289.836 1288.899 1287.954 1287.208 1286.599 1286.023 1285.457 1284.88 1284.292 1283.694 1283.094 1282.513 1281.946 1281.385 1280.81 1280.236 1279.673 1279.152 1278.673 1278.135 1277.587 1277.016 1276.522 1275.987 1275.442 1274.873 1274.348 1273.819 1273.28 1272.695 1272.09 1271.473 1270.902 1270.348 1269.866 1269.375 1268.896 1268.462 1268.104 1267.848 1267.554 1267.229 1266.701 1266.026 1265.31 1264.786 1264.398 1263.879 1263 1262.191 1261.764 1261.905 1262.094 1262.249 1262.279 1262.231 1262.04 1261.792 1261.55
1296.349 1295.659 1295.006 1294.4 1293.812 1293.185 1292.508 1291.819 1291.15 1290.226 1289.296 1288.377 1287.755 1287.167 1286.625 1286.076 1285.483 1284.845 1284.202 1283.592 1283.019 1282.452 1281.892 1281.307 1280.733 1280.182 1279.693 1279.227 1278.706 1278.148 1277.577 1277.062 1276.511 1275.964 1275.407 1274.867 1274.332 1273.801 1273.257 1272.684 1272.11 1271.547 1270.985 1270.442 1269.933 1269.491 1269.122 1268.816 1268.5 1268.145 1267.756 1267.388 1266.919 1266.417 1265.879 1265.445 1265.087 1264.348 1263.721 1263.254 1263.225 1263.067 1262.887 1262.819 1262.75 1262.54 1262.172 1261.873
1296.881 1296.195 1295.555 1294.96 1294.357 1293.71 1293.026 1292.332 1291.576 1290.646 1289.737 1288.927 1288.325 1287.773 1287.251 1286.725 1286.08 1285.394 1284.702 1284.106 1283.552 1283.005 1282.448 1281.864 1281.284 1280.753 1280.276 1279.807 1279.282 1278.714 1278.148 1277.598 1277.036 1276.482 1275.923 1275.374 1274.826 1274.302 1273.786 1273.258 1272.713 1272.155 1271.595 1271.05 1270.556 1270.128 1269.79 1269.443 1269.082 1268.67 1268.282 1267.957 1267.697 1267.413 1267.025 1266.541 1266.098 1265.515 1265.001 1264.5 1264.224 1263.906 1263.622 1263.445 1263.266 1262.936 1262.469 1262.072
1297.445 1296.773 1296.133 1295.497 1294.849 1294.193 1293.528 1292.859 1292.019 1291.105 1290.21 1289.504 1288.935 1288.405 1287.908 1287.37 1286.692 1285.972 1285.253 1284.659 1284.108 1283.564 1283.008 1282.42 1281.866 1281.354 1280.874 1280.371 1279.838 1279.281 1278.721 1278.134 1277.546 1276.965 1276.415 1275.865 1275.32 1274.787 1274.282 1273.781 1273.258 1272.71 1272.158 1271.667 1271.234 1270.844 1270.44 1270.022 1269.6 1269.212 1268.861 1268.578 1268.347 1268.126 1267.805 1267.349 1266.798 1266.242 1265.661 1265.201 1264.862 1264.625 1264.36 1264.092 1263.747 1263.303 1262.741 1262.479
