SEB_model/sample_data_files/historical_long/elevation_historical_long/1926surface.txt
ncols         768
nrows         486
xllcorner     388353.95236715
yllcorner     7583725.4876181
cellsize      5
NODATA_value  -9999
[rows 90 to 119 of 486, columns 272 to 339 of 768]
1206.563 1204.136 1202.268 1200.807 1199.479 1198.103 1196.616 1194.69 1192.738 1190.747 1188.995 1187.271 1185.557 1183.952 1182.331 1180.739 1179.2 1177.748 1176.36 1175.021 1173.763 1172.61 1171.569 1170.588 1169.615 1168.619 1167.661 1166.691 1165.803 1164.803 1163.77 1162.568 1161.333 1160.049 1158.795 1157.55 1156.319 1155.12 1153.908 1152.67 1151.401 1150.16 1148.979 1147.896 1146.776 1145.609 1144.357 1143.169 1142.043 1140.923 1139.882 1138.901 1137.926 1136.851 1135.701 1134.508 1133.352 1132.188 1131.151 1130.184 1129.283 1128.339 1127.389 1126.46 1125.576 1124.712 1123.883 1123.084
1203.468 1201.115 1199.473 1198.241 1197.018 1195.685 1194.202 1192.381 1190.526 1188.667 1186.986 1185.33 1183.678 1182.135 1180.573 1179.023 1177.542 1176.151 1174.828 1173.532 1172.286 1171.138 1170.079 1169.077 1168.085 1167.078 1166.067 1165.068 1164.137 1163.224 1162.242 1161.147 1159.951 1158.728 1157.493 1156.275 1155.112 1153.974 1152.878 1151.697 1150.617 1149.387 1148.236 1147.077 1146.003 1144.882 1143.654 1142.471 1141.349 1140.351 1139.479 1138.625 1137.661 1136.566 1135.437 1134.272 1133.137 1132.013 1130.999 1130.002 1129.062 1128.099 1127.222 1126.341 1125.51 1124.654 1123.847 1123.065
1200.909 1198.642 1197.07 1195.827 1194.616 1193.277 1191.858 1190.128 1188.416 1186.702 1185.153 1183.54 1181.925 1180.394 1178.904 1177.427 1176.017 1174.688 1173.407 1172.141 1170.918 1169.79 1168.722 1167.699 1166.67 1165.658 1164.644 1163.657 1162.673 1161.736 1160.776 1159.752 1158.665 1157.497 1156.318 1155.135 1154.011 1152.941 1151.855 1150.857 1149.901 1148.837 1147.614 1146.408 1145.316 1144.262 1143.076 1141.884 1140.82 1139.91 1139.161 1138.266 1137.257 1136.105 1135.013 1133.948 1132.935 1131.938 1130.994 1130.005 1129.063 1128.054 1127.156 1126.262 1125.452 1124.619 1123.822 1123.067
1198.897 1196.723 1195.07 1193.711 1192.4 1191.064 1189.672 1188.059 1186.447 1184.859 1183.405 1181.885 1180.304 1178.783 1177.319 1175.958 1174.657 1173.385 1172.102 1170.839 1169.639 1168.527 1167.46 1166.42 1165.379 1164.352 1163.339 1162.363 1161.355 1160.393 1159.401 1158.43 1157.418 1156.351 1155.254 1154.121 1153.034 1151.96 1150.982 1150.057 1149.208 1148.179 1147.019 1145.818 1144.711 1143.667 1142.546 1141.4 1140.409 1139.527 1138.752 1137.797 1136.782 1135.692 1134.638 1133.633 1132.68 1131.845 1131.02 1130.12 1129.157 1128.129 1127.178 1126.247 1125.407 1124.603 1123.822 1123.074
1197.171 1195.062 1193.321 1191.82 1190.42 1189.033 1187.664 1186.136 1184.628 1183.098 1181.726 1180.291 1178.819 1177.309 1175.909 1174.626 1173.422 1172.176 1170.88 1169.627 1168.444 1167.341 1166.271 1165.23 1164.194 1163.176 1162.168 1161.199 1160.203 1159.211 1158.194 1157.196 1156.235 1155.24 1154.255 1153.193 1152.134 1151.103 1150.178 1149.345 1148.466 1147.499 1146.4 1145.359 1144.237 1143.177 1142.015 1140.911 1139.933 1139.028 1138.225 1137.297 1136.344 1135.318 1134.331 1133.391 1132.544 1131.745 1130.955 1130.097 1129.19 1128.222 1127.253 1126.292 1125.438 1124.643 1123.883 1123.125
1195.475 1193.442 1191.679 1190.117 1188.647 1187.232 1185.856 1184.391 1182.917 1181.43 1180.081 1178.744 1177.366 1176.025 1174.693 1173.482 1172.246 1171.017 1169.738 1168.496 1167.312 1166.199 1165.136 1164.1 1163.08 1162.07 1161.065 1160.076 1159.091 1158.106 1157.096 1156.078 1155.11 1154.182 1153.278 1152.34 1151.338 1150.335 1149.414 1148.555 1147.677 1146.707 1145.762 1144.845 1143.845 1142.695 1141.5 1140.361 1139.358 1138.401 1137.621 1136.803 1135.957 1135 1134.081 1133.254 1132.458 1131.694 1130.858 1129.985 1129.079 1128.192 1127.286 1126.381 1125.503 1124.716 1123.96 1123.228
1193.794 1191.853 1190.103 1188.515 1187.02 1185.587 1184.205 1182.781 1181.334 1179.884 1178.545 1177.262 1176.036 1174.84 1173.645 1172.387 1171.107 1169.842 1168.617 1167.417 1166.258 1165.154 1164.093 1163.063 1162.051 1161.054 1160.051 1159.062 1158.057 1157.069 1156.063 1155.052 1154.099 1153.192 1152.33 1151.488 1150.581 1149.639 1148.65 1147.749 1146.87 1145.964 1145.11 1144.311 1143.469 1142.422 1141.142 1139.893 1138.729 1137.799 1136.998 1136.288 1135.55 1134.73 1133.927 1133.16 1132.42 1131.606 1130.749 1129.859 1128.988 1128.134 1127.299 1126.45 1125.624 1124.818 1124.065 1123.332
1192.126 1190.277 1188.567 1186.987 1185.487 1184.047 1182.644 1181.252 1179.831 1178.435 1177.12 1175.931 1174.806 1173.753 1172.604 1171.334 1169.984 1168.703 1167.529 1166.381 1165.257 1164.163 1163.106 1162.078 1161.069 1160.073 1159.085 1158.094 1157.094 1156.083 1155.096 1154.104 1153.168 1152.27 1151.423 1150.662 1149.833 1148.956 1147.927 1146.98 1146.093 1145.247 1144.502 1143.771 1143.079 1142.104 1140.927 1139.573 1138.355 1137.306 1136.483 1135.749 1135.115 1134.48 1133.815 1133.103 1132.317 1131.485 1130.611 1129.753 1128.913 1128.111 1127.324 1126.552 1125.749 1124.963 1124.177 1123.45
1190.469 1188.718 1187.065 1185.496 1184.002 1182.556 1181.159 1179.796 1178.412 1177.073 1175.817 1174.703 1173.661 1172.6 1171.493 1170.253 1168.998 1167.713 1166.532 1165.382 1164.295 1163.228 1162.183 1161.156 1160.15 1159.157 1158.17 1157.182 1156.181 1155.171 1154.193 1153.214 1152.298 1151.406 1150.58 1149.848 1149.083 1148.268 1147.304 1146.331 1145.436 1144.579 1143.921 1143.255 1142.599 1141.727 1140.649 1139.439 1138.144 1137.023 1136.052 1135.297 1134.777 1134.331 1133.843 1133.12 1132.302 1131.441 1130.591 1129.754 1128.932 1128.149 1127.382 1126.629 1125.87 1125.103 1124.348 1123.577
1188.837 1187.169 1185.594 1184.064 1182.587 1181.137 1179.743 1178.389 1177.044 1175.771 1174.593 1173.534 1172.49 1171.429 1170.335 1169.19 1168.028 1166.802 1165.61 1164.446 1163.36 1162.311 1161.279 1160.261 1159.261 1158.27 1157.285 1156.294 1155.303 1154.304 1153.344 1152.387 1151.474 1150.593 1149.774 1149.046 1148.324 1147.597 1146.731 1145.793 1144.868 1144.029 1143.41 1142.778 1142.085 1141.176 1140.239 1139.21 1138.093 1136.898 1135.856 1135.096 1134.644 1134.321 1133.823 1133.11 1132.245 1131.408 1130.582 1129.767 1128.964 1128.198 1127.447 1126.713 1125.969 1125.238 1124.512 1123.764
1187.244 1185.654 1184.157 1182.688 1181.251 1179.804 1178.416 1177.075 1175.784 1174.568 1173.448 1172.382 1171.327 1170.256 1169.198 1168.147 1167.09 1165.939 1164.77 1163.589 1162.504 1161.452 1160.435 1159.43 1158.439 1157.453 1156.469 1155.476 1154.498 1153.503 1152.537 1151.589 1150.697 1149.849 1149.034 1148.292 1147.61 1146.933 1146.187 1145.329 1144.465 1143.619 1142.963 1142.269 1141.538 1140.638 1139.755 1138.901 1137.99 1136.995 1136.017 1135.252 1134.718 1134.325 1133.771 1133.068 1132.213 1131.384 1130.58 1129.787 1129.005 1128.235 1127.482 1126.747 1126.026 1125.314 1124.635 1123.92
1185.701 1184.182 1182.751 1181.345 1179.962 1178.55 1177.184 1175.893 1174.671 1173.518 1172.395 1171.309 1170.24 1169.192 1168.171 1167.163 1166.15 1165.061 1163.945 1162.817 1161.729 1160.674 1159.652 1158.66 1157.68 1156.703 1155.72 1154.726 1153.757 1152.764 1151.787 1150.848 1149.999 1149.189 1148.38 1147.586 1146.944 1146.311 1145.655 1144.87 1144.062 1143.256 1142.52 1141.765 1141.008 1140.157 1139.324 1138.556 1137.848 1137.043 1136.177 1135.401 1134.732 1134.231 1133.578 1132.912 1132.078 1131.268 1130.483 1129.72 1128.968 1128.228 1127.5 1126.788 1126.088 1125.396 1124.717 1124.044
1184.208 1182.762 1181.388 1180.038 1178.711 1177.359 1176.072 1174.849 1173.688 1172.554 1171.438 1170.342 1169.271 1168.232 1167.242 1166.264 1165.279 1164.225 1163.162 1162.086 1161.04 1159.981 1158.954 1157.956 1156.987 1156.015 1155.036 1154.048 1153.103 1152.128 1151.166 1150.241 1149.414 1148.641 1147.832 1147.029 1146.368 1145.742 1145.131 1144.397 1143.648 1142.845 1142.061 1141.281 1140.528 1139.731 1138.933 1138.25 1137.614 1136.966 1136.205 1135.407 1134.621 1134 1133.38 1132.749 1131.958 1131.167 1130.399 1129.654 1128.931 1128.22 1127.521 1126.832 1126.154 1125.482 1124.806 1124.135
1182.77 1181.393 1180.08 1178.779 1177.507 1176.24 1175.036 1173.892 1172.762 1171.661 1170.556 1169.48 1168.405 1167.377 1166.396 1165.439 1164.47 1163.443 1162.413 1161.392 1160.387 1159.367 1158.334 1157.331 1156.349 1155.387 1154.418 1153.463 1152.535 1151.597 1150.66 1149.774 1148.983 1148.22 1147.445 1146.631 1145.973 1145.316 1144.701 1143.944 1143.179 1142.385 1141.6 1140.825 1140.073 1139.328 1138.583 1137.966 1137.333 1136.689 1135.907 1135.141 1134.387 1133.784 1133.181 1132.581 1131.828 1131.075 1130.324 1129.597 1128.892 1128.208 1127.536 1126.875 1126.223 1125.575 1124.917 1124.247
1181.509 1180.173 1178.915 1177.664 1176.442 1175.226 1174.074 1172.949 1171.836 1170.76 1169.711 1168.678 1167.636 1166.609 1165.623 1164.654 1163.698 1162.712 1161.72 1160.732 1159.759 1158.775 1157.776 1156.768 1155.784 1154.818 1153.876 1152.959 1152.063 1151.167 1150.271 1149.425 1148.649 1147.911 1147.137 1146.351 1145.638 1144.96 1144.292 1143.533 1142.751 1141.952 1141.155 1140.385 1139.677 1138.979 1138.315 1137.686 1137.053 1136.385 1135.634 1134.899 1134.214 1133.676 1133.136 1132.55 1131.82 1131.089 1130.36 1129.611 1128.888 1128.19 1127.542 1126.907 1126.283 1125.663 1125.028 1124.36
1180.333 1179.033 1177.806 1176.613 1175.447 1174.277 1173.129 1172.009 1170.943 1169.929 1168.932 1167.925 1166.912 1165.913 1164.913 1163.937 1162.968 1162.008 1161.044 1160.091 1159.142 1158.201 1157.238 1156.265 1155.282 1154.332 1153.416 1152.541 1151.674 1150.803 1149.935 1149.111 1148.355 1147.627 1146.905 1146.147 1145.429 1144.675 1143.94 1143.15 1142.373 1141.569 1140.77 1140.024 1139.359 1138.777 1138.146 1137.5 1136.791 1136.105 1135.387 1134.719 1134.1 1133.624 1133.097 1132.522 1131.803 1131.091 1130.38 1129.648 1128.906 1128.193 1127.535 1126.921 1126.321 1125.729 1125.114 1124.449
1179.241 1177.99 1176.795 1175.635 1174.504 1173.354 1172.217 1171.141 1170.143 1169.183 1168.205 1167.203 1166.22 1165.241 1164.263 1163.27 1162.292 1161.337 1160.408 1159.494 1158.575 1157.653 1156.724 1155.787 1154.851 1153.929 1153.041 1152.178 1151.328 1150.476 1149.639 1148.831 1148.073 1147.362 1146.657 1145.961 1145.198 1144.415 1143.587 1142.799 1142.011 1141.227 1140.469 1139.768 1139.197 1138.676 1138.106 1137.387 1136.61 1135.857 1135.205 1134.601 1134.043 1133.579 1133.062 1132.497 1131.788 1131.085 1130.388 1129.668 1128.938 1128.209 1127.537 1126.913 1126.325 1125.747 1125.142 1124.487
1178.098 1177.016 1175.855 1174.72 1173.525 1172.42 1171.323 1170.332 1169.4 1168.522 1167.571 1166.575 1165.567 1164.583 1163.629 1162.666 1161.681 1160.721 1159.804 1158.926 1158.047 1157.149 1156.245 1155.352 1154.47 1153.602 1152.735 1151.874 1151.028 1150.191 1149.375 1148.579 1147.821 1147.108 1146.438 1145.761 1145.035 1144.212 1143.391 1142.541 1141.747 1140.971 1140.276 1139.698 1139.152 1138.665 1138.028 1137.304 1136.512 1135.779 1135.14 1134.548 1133.951 1133.446 1132.891 1132.336 1131.645 1130.961 1130.281 1129.61 1128.922 1128.229 1127.541 1126.901 1126.305 1125.727 1125.123 1124.469
1177.072 1176.146 1175.028 1173.831 1172.575 1171.514 1170.464 1169.552 1168.701 1167.897 1166.979 1165.998 1165 1164.022 1163.092 1162.156 1161.207 1160.232 1159.304 1158.414 1157.561 1156.69 1155.814 1154.963 1154.135 1153.311 1152.464 1151.605 1150.763 1149.94 1149.139 1148.351 1147.599 1146.887 1146.208 1145.54 1144.829 1144.071 1143.263 1142.426 1141.588 1140.815 1140.189 1139.675 1139.152 1138.552 1137.882 1137.153 1136.431 1135.717 1135.096 1134.47 1133.839 1133.294 1132.746 1132.197 1131.522 1130.852 1130.187 1129.528 1128.877 1128.215 1127.551 1126.904 1126.295 1125.699 1125.081 1124.428
1176.225 1175.455 1174.387 1173.118 1171.779 1170.641 1169.637 1168.812 1168.036 1167.299 1166.4 1165.441 1164.461 1163.498 1162.581 1161.68 1160.772 1159.836 1158.883 1157.973 1157.104 1156.268 1155.437 1154.627 1153.832 1153.028 1152.203 1151.365 1150.536 1149.723 1148.926 1148.151 1147.406 1146.69 1145.987 1145.291 1144.61 1143.899 1143.176 1142.343 1141.562 1140.801 1140.212 1139.682 1139.067 1138.388 1137.636 1136.974 1136.319 1135.67 1135.015 1134.355 1133.692 1133.152 1132.611 1132.067 1131.405 1130.747 1130.095 1129.448 1128.806 1128.171 1127.52 1126.882 1126.262 1125.658 1125.036 1124.384
1175.478 1174.673 1173.664 1172.378 1171.102 1169.887 1168.931 1168.143 1167.442 1166.691 1165.784 1164.847 1163.923 1163.01 1162.109 1161.225 1160.357 1159.481 1158.573 1157.641 1156.74 1155.898 1155.105 1154.329 1153.544 1152.75 1151.948 1151.147 1150.346 1149.54 1148.746 1147.973 1147.234 1146.509 1145.784 1145.071 1144.379 1143.714 1143.01 1142.253 1141.482 1140.736 1140.126 1139.534 1138.907 1138.173 1137.441 1136.769 1136.128 1135.485 1134.841 1134.197 1133.554 1133.022 1132.486 1131.946 1131.295 1130.648 1130.006 1129.369 1128.736 1128.099 1127.461 1126.832 1126.219 1125.609 1124.985 1124.343
1174.676 1173.833 1172.896 1171.752 1170.535 1169.26 1168.279 1167.531 1166.847 1166.078 1165.161 1164.253 1163.359 1162.47 1161.599 1160.739 1159.896 1159.094 1158.256 1157.385 1156.463 1155.607 1154.808 1154.04 1153.266 1152.486 1151.712 1150.945 1150.169 1149.377 1148.583 1147.811 1147.066 1146.333 1145.606 1144.884 1144.182 1143.49 1142.805 1142.091 1141.417 1140.685 1140.032 1139.348 1138.71 1137.978 1137.264 1136.582 1135.951 1135.312 1134.672 1134.038 1133.409 1132.883 1132.353 1131.818 1131.179 1130.544 1129.912 1129.284 1128.669 1128.048 1127.41 1126.769 1126.146 1125.543 1124.93 1124.298
1173.76 1172.856 1171.963 1170.993 1169.852 1168.642 1167.602 1166.869 1166.201 1165.445 1164.564 1163.69 1162.822 1161.992 1161.177 1160.377 1159.522 1158.725 1157.925 1157.124 1156.253 1155.378 1154.55 1153.758 1152.995 1152.24 1151.494 1150.755 1150 1149.218 1148.427 1147.649 1146.899 1146.167 1145.444 1144.728 1144.004 1143.286 1142.599 1141.962 1141.317 1140.602 1139.883 1139.183 1138.521 1137.791 1137.086 1136.407 1135.786 1135.151 1134.519 1133.892 1133.271 1132.751 1132.227 1131.699 1131.071 1130.445 1129.823 1129.214 1128.617 1128.011 1127.37 1126.741 1126.124 1125.533 1124.915 1124.278
1172.824 1171.967 1171.122 1170.237 1169.172 1168.011 1166.935 1166.152 1165.495 1164.8 1163.994 1163.153 1162.352 1161.579 1160.821 1160.036 1159.197 1158.383 1157.582 1156.822 1156.017 1155.181 1154.324 1153.509 1152.74 1152.006 1151.282 1150.56 1149.818 1149.049 1148.262 1147.487 1146.733 1146 1145.286 1144.567 1143.838 1143.119 1142.453 1141.84 1141.238 1140.557 1139.854 1139.131 1138.447 1137.694 1136.969 1136.273 1135.653 1135.031 1134.407 1133.778 1133.154 1132.626 1132.107 1131.585 1130.969 1130.353 1129.751 1129.161 1128.58 1127.992 1127.366 1126.752 1126.131 1125.533 1124.91 1124.273
1171.957 1171.167 1170.32 1169.418 1168.408 1167.323 1166.285 1165.456 1164.785 1164.147 1163.409 1162.673 1161.937 1161.22 1160.473 1159.699 1158.871 1158.104 1157.308 1156.555 1155.746 1154.946 1154.122 1153.295 1152.517 1151.778 1151.07 1150.36 1149.63 1148.871 1148.097 1147.327 1146.575 1145.841 1145.117 1144.396 1143.67 1142.974 1142.33 1141.715 1141.1 1140.454 1139.743 1139.023 1138.314 1137.627 1136.907 1136.195 1135.534 1134.923 1134.307 1133.685 1133.067 1132.538 1132.02 1131.494 1130.881 1130.28 1129.697 1129.124 1128.546 1127.96 1127.349 1126.751 1126.142 1125.543 1124.915 1124.277
1171.155 1170.451 1169.669 1168.819 1167.858 1166.825 1165.781 1164.881 1164.14 1163.487 1162.854 1162.218 1161.577 1160.841 1160.075 1159.283 1158.553 1157.863 1157.139 1156.332 1155.488 1154.683 1153.9 1153.109 1152.319 1151.575 1150.861 1150.157 1149.433 1148.691 1147.929 1147.165 1146.413 1145.676 1144.946 1144.22 1143.526 1142.867 1142.233 1141.59 1140.943 1140.299 1139.588 1138.87 1138.18 1137.554 1136.891 1136.171 1135.471 1134.827 1134.217 1133.603 1132.992 1132.462 1131.943 1131.416 1130.818 1130.23 1129.66 1129.09 1128.515 1127.932 1127.336 1126.737 1126.127 1125.516 1124.891 1124.265
1170.435 1169.777 1169.041 1168.261 1167.375 1166.477 1165.476 1164.532 1163.646 1162.979 1162.408 1161.867 1161.198 1160.442 1159.657 1158.931 1158.268 1157.653 1156.943 1156.141 1155.265 1154.443 1153.665 1152.906 1152.158 1151.407 1150.685 1149.961 1149.244 1148.513 1147.77 1147.012 1146.263 1145.514 1144.783 1144.066 1143.397 1142.75 1142.117 1141.465 1140.81 1140.158 1139.44 1138.736 1138.06 1137.451 1136.822 1136.136 1135.431 1134.752 1134.111 1133.512 1132.916 1132.396 1131.875 1131.358 1130.773 1130.198 1129.629 1129.061 1128.489 1127.902 1127.301 1126.696 1126.094 1125.488 1124.872 1124.245
1169.776 1169.147 1168.48 1167.784 1166.982 1166.169 1165.249 1164.356 1163.448 1162.72 1162.11 1161.504 1160.809 1160.039 1159.321 1158.661 1158.056 1157.402 1156.695 1155.897 1155.072 1154.232 1153.44 1152.705 1151.998 1151.28 1150.534 1149.792 1149.065 1148.346 1147.616 1146.875 1146.128 1145.376 1144.642 1143.933 1143.281 1142.642 1142.011 1141.361 1140.709 1140.049 1139.357 1138.678 1138.018 1137.385 1136.781 1136.123 1135.451 1134.721 1134.052 1133.421 1132.831 1132.312 1131.802 1131.302 1130.738 1130.173 1129.609 1129.044 1128.467 1127.875 1127.27 1126.666 1126.067 1125.465 1124.857 1124.229
1169.177 1168.54 1167.879 1167.188 1166.486 1165.772 1165.004 1164.145 1163.268 1162.513 1161.834 1161.162 1160.41 1159.708 1159.058 1158.454 1157.808 1157.115 1156.373 1155.627 1154.853 1154.046 1153.257 1152.526 1151.845 1151.135 1150.395 1149.64 1148.91 1148.189 1147.476 1146.755 1146.019 1145.266 1144.528 1143.815 1143.158 1142.514 1141.888 1141.251 1140.614 1139.966 1139.301 1138.649 1138.015 1137.359 1136.731 1136.09 1135.447 1134.747 1134.034 1133.372 1132.753 1132.245 1131.746 1131.255 1130.702 1130.148 1129.593 1129.022 1128.439 1127.842 1127.244 1126.642 1126.045 1125.448 1124.844 1124.221
1168.61 1167.974 1167.313 1166.642 1165.96 1165.267 1164.529 1163.778 1162.998 1162.249 1161.499 1160.77 1160.084 1159.447 1158.856 1158.218 1157.532 1156.801 1156.071 1155.342 1154.614 1153.865 1153.127 1152.399 1151.693 1150.978 1150.244 1149.509 1148.775 1148.053 1147.342 1146.64 1145.914 1145.179 1144.431 1143.715 1143.044 1142.401 1141.777 1141.145 1140.52 1139.884 1139.232 1138.566 1137.918 1137.288 1136.678 1136.055 1135.428 1134.753 1134.066 1133.361 1132.743 1132.213 1131.723 1131.218 1130.673 1130.129 1129.568 1128.992 1128.403 1127.814 1127.223 1126.627 1126.033 1125.44 1124.837 1124.221
