SEB_model/sample_data_files/historical/hillshade/april6am.txt
ncols         559
nrows         351
xllcorner     388608.08691406
yllcorner     7584381.3441773
cellsize      5
NODATA_value  -9999
[rows 168 to 209 of 351, columns 94 to 187 of 559]
69 69 69 62 62 59 59 59 64 64 69 69 69 72 72 72 77 77 74 74 74 75 75 79 79 79 79 79 79 82 82 85 85 85 86 86 86 86 86 75 75 75 65 65 61 61 61 64 64 64 73 73 75 75 75 79 79 86 86 86 82 82 82 78 78 74 74 74 75 75 75 84 84 81 81 81 84 84 95 95 95 96 96 96 95 95 99 99 99 114 114 126 126 126
69 69 69 62 62 59 59 59 64 64 69 69 69 72 72 72 77 77 74 74 74 75 75 79 79 79 79 79 79 82 82 85 85 85 86 86 86 86 86 75 75 75 65 65 61 61 61 64 64 64 73 73 75 75 75 79 79 86 86 86 82 82 82 78 78 74 74 74 75 75 75 84 84 81 81 81 84 84 95 95 95 96 96 96 95 95 99 99 99 114 114 126 126 126
69 69 69 62 62 59 59 59 62 62 66 66 66 70 70 70 72 72 72 72 72 78 78 85 85 85 86 86 86 87 87 88 88 88 87 87 87 84 84 73 73 73 66 66 63 63 63 66 66 66 74 74 76 76 76 79 79 85 85 85 84 84 84 83 83 82 82 82 84 84 84 91 91 88 88 88 93 93 106 106 106 103 103 103 97 97 97 97 97 111 111 125 125 125
69 69 69 62 62 59 59 59 62 62 66 66 66 70 70 70 72 72 72 72 72 78 78 85 85 85 86 86 86 87 87 88 88 88 87 87 87 84 84 73 73 73 66 66 63 63 63 66 66 66 74 74 76 76 76 79 79 85 85 85 84 84 84 83 83 82 82 82 84 84 84 91 91 88 88 88 93 93 106 106 106 103 103 103 97 97 97 97 97 111 111 125 125 125
69 69 69 62 62 59 59 59 62 62 66 66 66 70 70 70 72 72 72 72 72 78 78 85 85 85 86 86 86 87 87 88 88 88 87 87 87 84 84 73 73 73 66 66 63 63 63 66 66 66 74 74 76 76 76 79 79 85 85 85 84 84 84 83 83 82 82 82 84 84 84 91 91 88 88 88 93 93 106 106 106 103 103 103 97 97 97 97 97 111 111 125 125 125
66 66 66 63 63 60 60 60 61 61 65 65 65 69 69 69 70 70 73 73 73 80 80 87 87 87 89 89 89 90 90 89 89 89 86 86 86 82 82 74 74 74 70 70 68 68 68 70 70 70 75 75 76 76 76 79 79 84 84 84 84 84 84 86 86 88 88 88 89 89 89 94 94 91 91 91 98 98 113 113 113 105 105 105 96 96 96 96 96 111 111 129 129 129
66 66 66 63 63 60 60 60 61 61 65 65 65 69 69 69 70 70 73 73 73 80 80 87 87 87 89 89 89 90 90 89 89 89 86 86 86 82 82 74 74 74 70 70 68 68 68 70 70 70 75 75 76 76 76 79 79 84 84 84 84 84 84 86 86 88 88 88 89 89 89 94 94 91 91 91 98 98 113 113 113 105 105 105 96 96 96 96 96 111 111 129 129 129
66 66 66 63 63 60 60 60 61 61 65 65 65 69 69 69 70 70 73 73 73 80 80 87 87 87 89 89 89 90 90 89 89 89 86 86 86 82 82 74 74 74 70 70 68 68 68 70 70 70 75 75 76 76 76 79 79 84 84 84 84 84 84 86 86 88 88 88 89 89 89 94 94 91 91 91 98 98 113 113 113 105 105 105 96 96 96 96 96 111 111 129 129 129
63 63 63 62 62 60 60 60 62 62 67 67 67 71 71 71 73 73 76 76 76 81 81 86 86 86 89 89 89 89 89 87 87 87 83 83 83 79 79 76 76 76 74 74 72 72 72 74 74 74 77 77 78 78 78 80 80 84 84 84 84 84 84 86 86 90 90 90 91 91 91 94 94 92 92 92 101 101 115 115 115 106 106 106 97 97 102 102 102 118 118 136 136 136
63 63 63 62 62 60 60 60 62 62 67 67 67 71 71 71 73 73 76 76 76 81 81 86 86 86 89 89 89 89 89 87 87 87 83 83 83 79 79 76 76 76 74 74 72 72 72 74 74 74 77 77 78 78 78 80 80 84 84 84 84 84 84 86 86 90 90 90 91 91 91 94 94 92 92 92 101 101 115 115 115 106 106 106 97 97 102 102 102 118 118 136 136 136
60 60 60 61 61 61 61 61 64 64 69 69 69 74 74 74 78 78 80 80 80 82 82 83 83 83 86 86 86 86 86 84 84 84 80 80 80 78 78 77 77 77 77 77 76 76 76 77 77 77 79 79 81 81 81 84 84 87 87 87 87 87 87 89 89 91 91 91 92 92 92 94 94 92 92 92 102 102 115 115 115 107 107 107 104 104 113 113 113 127 127 140 140 140
60 60 60 61 61 61 61 61 64 64 69 69 69 74 74 74 78 78 80 80 80 82 82 83 83 83 86 86 86 86 86 84 84 84 80 80 80 78 78 77 77 77 77 77 76 76 76 77 77 77 79 79 81 81 81 84 84 87 87 87 87 87 87 89 89 91 91 91 92 92 92 94 94 92 92 92 102 102 115 115 115 107 107 107 104 104 113 113 113 127 127 140 140 140
60 60 60 61 61 61 61 61 64 64 69 69 69 74 74 74 78 78 80 80 80 82 82 83 83 83 86 86 86 86 86 84 84 84 80 80 80 78 78 77 77 77 77 77 76 76 76 77 77 77 79 79 81 81 81 84 84 87 87 87 87 87 87 89 89 91 91 91 92 92 92 94 94 92 92 92 102 102 115 115 115 107 107 107 104 104 113 113 113 127 127 140 140 140
58 58 58 60 60 62 62 62 65 65 71 71 71 76 76 76 81 81 83 83 83 81 81 80 80 80 81 81 81 82 82 81 81 81 78 78 78 77 77 77 77 77 78 78 79 79 79 81 81 81 82 82 84 84 84 87 87 90 90 90 89 89 89 91 91 91 91 91 92 92 92 95 95 93 93 93 100 100 112 112 112 109 109 109 113 113 124 124 124 132 132 139 139 139
58 58 58 60 60 62 62 62 65 65 71 71 71 76 76 76 81 81 83 83 83 81 81 80 -9999 -9999 -9999 81 81 82 82 81 81 81 78 78 78 77 77 77 77 77 78 78 79 79 79 81 81 81 82 82 84 84 84 87 87 90 90 90 89 89 89 91 91 91 91 91 92 92 92 95 95 93 93 93 100 100 112 112 112 109 109 109 113 113 124 124 124 132 132 139 139 139
58 58 58 60 60 62 62 62 65 65 71 71 71 76 76 76 81 81 83 83 -9999 -9999 -9999 -9999 -9999 -9999 -9999 -9999 -9999 -9999 -9999 81 81 81 -9999 -9999 -9999 -9999 -9999 -9999 -9999 -9999 78 78 79 79 79 81 81 81 82 82 84 84 84 87 87 90 90 90 89 89 89 91 91 91 91 91 92 92 92 95 95 93 93 93 100 100 112 112 112 109 109 109 113 113 124 124 124 132 132 139 139 139
-9999 -9999 -9999 -9999 -9999 -9999 -9999 -9999 -9999 -9999 -9999 70 70 77 77 77 82 -9999 -9999 -9999 -9999 -9999 -9999 -9999 -9999 -9999 -9999 -9999 -9999 -9999 -9999 -9999 -9999 -9999 -9999 -9999 -9999 -9999 -9999 -9999 -9999 -9999 -9999 -9999 -9999 -9999 -9999 -9999 -9999 -9999 -9999 -9999 88 88 88 89 89 95 95 95 95 95 95 94 94 95 95 95 97 97 97 101 101 97 97 97 99 99 108 108 108 112 112 112 124 124 134 134 134 137 137 138 138 138
-9999 -9999 -9999 -9999 -9999 -9999 -9999 -9999 -9999 -9999 -9999 -9999 -9999 -9999 -9999 -9999 -9999 -9999 -9999 -9999 -9999 -9999 -9999 -9999 -9999 -9999 -9999 -9999 -9999 -9999 -9999 -9999 -9999 -9999 -9999 -9999 -9999 -9999 -9999 -9999 -9999 -9999 -9999 -9999 -9999 -9999 -9999 -9999 -9999 -9999 -9999 -9999 -9999 -9999 -9999 -9999 -9999 -9999 -9999 -9999 -9999 -9999 -9999 -9999 -9999 -9999 -9999 -9999 -9999 -9999 -9999 -9999 -9999 -9999 -9999 97 99 99 108 108 108 112 112 112 124 124 134 134 134 137 137 138 138 138
-9999 -9999 -9999 -9999 -9999 -9999 -9999 -9999 -9999 -9999 -9999 -9999 -9999 -9999 -9999 -9999 -9999 -9999 -9999 -9999 -9999 -9999 -9999 -9999 -9999 -9999 -9999 -9999 -9999 -9999 -9999 -9999 -9999 -9999 -9999 -9999 -9999 -9999 -9999 -9999 -9999 -9999 -9999 -9999 -9999 -9999 -9999 -9999 -9999 -9999 -9999 -9999 -9999 -9999 -9999 -9999 -9999 -9999 -9999 -9999 -9999 -9999 -9999 -9999 -9999 -9999 -9999 -9999 -9999 -9999 -9999 -9999 -9999 -9999 -9999 101 100 100 105 105 105 115 115 115 131 131 141 141 141 140 140 137 137 137
-9999 -9999 -9999 -9999 -9999 -9999 -9999 -9999 -9999 -9999 -9999 -9999 -9999 -9999 -9999 -9999 -9999 -9999 -9999 -9999 -9999 -9999 -9999 -9999 -9999 -9999 -9999 -9999 -9999 -9999 -9999 -9999 -9999 -9999 -9999 -9999 -9999 -9999 -9999 -9999 -9999 -9999 -9999 -9999 -9999 -9999 -9999 -9999 -9999 -9999 -9999 -9999 -9999 -9999 -9999 -9999 -9999 -9999 -9999 -9999 -9999 -9999 -9999 -9999 -9999 -9999 -9999 -9999 -9999 -9999 -9999 -9999 -9999 -9999 -9999 -9999 100 100 105 105 105 115 115 115 131 131 141 141 141 140 140 137 137 137
-9999 -9999 -9999 -9999 -9999 -9999 -9999 -9999 -9999 -9999 -9999 -9999 -9999 -9999 -9999 -9999 -9999 -9999 -9999 -9999 -9999 -9999 -9999 -9999 -9999 -9999 -9999 -9999 -9999 -9999 -9999 -9999 -9999 -9999 -9999 -9999 -9999 -9999 -9999 -9999 -9999 -9999 -9999 -9999 -9999 -9999 -9999 -9999 -9999 -9999 -9999 -9999 -9999 -9999 -9999 -9999 -9999 -9999 -9999 -9999 -9999 -9999 -9999 -9999 -9999 -9999 -9999 -9999 -9999 -9999 -9999 -9999 -9999 -9999 -9999 -9999 100 100 105 105 105 115 115 115 131 131 141 141 141 140 140 137 137 137
-9999 -9999 -9999 -9999 -9999 -9999 -9999 -9999 -9999 -9999 -9999 -9999 -9999 -9999 -9999 -9999 -9999 -9999 -9999 -9999 -9999 -9999 -9999 -9999 -9999 -9999 -9999 -9999 -9999 -9999 -9999 -9999 -9999 -9999 -9999 -9999 -9999 -9999 -9999 -9999 -9999 -9999 -9999 -9999 -9999 -9999 -9999 -9999 -9999 -9999 -9999 -9999 -9999 -9999 -9999 -9999 -9999 -9999 -9999 -9999 -9999 -9999 -9999 -9999 -9999 -9999 -9999 -9999 -9999 -9999 -9999 -9999 -9999 -9999 -9999 -9999 -9999 104 107 107 107 120 120 120 136 136 144 144 144 142 142 139 139 139
-9999 -9999 -9999 -9999 -9999 -9999 -9999 -9999 -9999 -9999 -9999 -9999 -9999 -9999 -9999 -9999 -9999 -9999 -9999 -9999 -9999 -9999 -9999 -9999 -9999 -9999 -9999 -9999 -9999 -9999 -9999 -9999 -9999 -9999 -9999 -9999 -9999 -9999 -9999 -9999 -9999 -9999 -9999 -9999 -9999 -9999 -9999 -9999 -9999 -9999 -9999 -9999 -9999 -9999 -9999 -9999 -9999 -9999 -9999 -9999 -9999 -9999 -9999 -9999 -9999 -9999 -9999 -9999 -9999 -9999 -9999 -9999 -9999 -9999 -9999 -9999 -9999 -9999 -9999 -9999 -9999 120 120 120 136 136 144 144 144 142 142 139 139 139
-9999 -9999 -9999 -9999 -9999 -9999 -9999 -9999 -9999 -9999 -9999 -9999 -9999 -9999 -9999 -9999 -9999 -9999 -9999 -9999 -9999 -9999 -9999 -9999 -9999 -9999 -9999 -9999 -9999 -9999 -9999 -9999 82 82 79 79 79 77 77 76 -9999 -9999 -9999 -9999 -9999 -9999 -9999 -9999 -9999 -9999 -9999 -9999 -9999 -9999 -9999 -9999 -9999 -9999 -9999 -9999 -9999 -9999 -9999 -9999 -9999 -9999 -9999 -9999 -9999 -9999 -9999 -9999 -9999 -9999 -9999 -9999 -9999 -9999 -9999 -9999 -9999 127 127 127 139 139 143 143 143 143 143 146 146 146
-9999 -9999 -9999 -9999 -9999 -9999 -9999 -9999 -9999 -9999 -9999 -9999 -9999 -9999 -9999 -9999 -9999 -9999 -9999 -9999 -9999 -9999 -9999 -9999 -9999 -9999 -9999 74 74 75 75 82 82 82 79 79 79 77 77 76 76 76 81 81 -9999 -9999 -9999 -9999 -9999 -9999 -9999 -9999 -9999 -9999 -9999 -9999 -9999 -9999 -9999 -9999 -9999 -9999 -9999 -9999 -9999 -9999 -9999 -9999 -9999 -9999 -9999 -9999 -9999 -9999 -9999 -9999 -9999 -9999 -9999 -9999 -9999 127 127 127 139 139 143 143 143 143 143 146 146 146
-9999 -9999 -9999 -9999 -9999 -9999 -9999 -9999 -9999 -9999 -9999 -9999 -9999 -9999 -9999 -9999 -9999 -9999 -9999 -9999 -9999 -9999 -9999 82 82 82 74 74 74 75 75 82 82 82 79 79 79 77 77 76 76 76 81 81 94 94 -9999 -9999 -9999 -9999 -9999 -9999 -9999 -9999 -9999 -9999 -9999 -9999 -9999 -9999 -9999 -9999 -9999 -9999 -9999 -9999 -9999 -9999 -9999 -9999 -9999 -9999 -9999 -9999 -9999 -9999 -9999 111 114 114 114 127 127 127 139 139 143 143 143 143 143 146 146 146
-9999 -9999 -9999 -9999 -9999 -9999 -9999 -9999 -9999 -9999 -9999 -9999 -9999 -9999 -9999 -9999 -9999 -9999 -9999 71 71 68 68 77 77 77 69 69 69 80 80 92 92 92 80 80 80 76 76 74 74 74 79 79 94 94 94 98 -9999 -9999 -9999 -9999 -9999 -9999 -9999 -9999 -9999 -9999 -9999 -9999 -9999 -9999 -9999 -9999 -9999 -9999 -9999 -9999 -9999 -9999 -9999 -9999 -9999 -9999 -9999 -9999 -9999 109 114 114 114 132 132 132 138 138 139 139 139 141 141 153 153 153
-9999 -9999 -9999 -9999 -9999 -9999 -9999 -9999 -9999 -9999 -9999 -9999 -9999 -9999 -9999 -9999 -9999 -9999 71 71 71 68 68 77 77 77 69 69 69 80 80 92 92 92 80 80 80 76 76 74 74 74 79 79 94 94 94 98 98 -9999 -9999 -9999 -9999 -9999 -9999 -9999 -9999 -9999 -9999 -9999 -9999 -9999 -9999 -9999 -9999 -9999 -9999 -9999 -9999 -9999 -9999 -9999 -9999 -9999 -9999 -9999 109 109 114 114 114 132 132 132 138 138 139 139 139 141 141 153 153 153
-9999 -9999 -9999 -9999 -9999 -9999 -9999 -9999 -9999 -9999 -9999 -9999 -9999 -9999 -9999 -9999 -9999 -9999 71 71 71 68 68 77 77 77 69 69 69 80 80 92 92 92 80 80 80 76 76 74 74 74 79 79 94 94 94 98 98 -9999 -9999 -9999 -9999 -9999 -9999 -9999 -9999 -9999 -9999 -9999 -9999 -9999 -9999 -9999 -9999 -9999 -9999 -9999 -9999 -9999 -9999 -9999 -9999 -9999 -9999 -9999 109 109 114 114 114 132 132 132 138 138 139 139 139 141 141 153 153 153
-9999 -9999 -9999 -9999 -9999 -9999 -9999 -9999 -9999 -9999 -9999 -9999 -9999 -9999 -9999 -9999 -9999 78 0 0 0 50 50 83 83 83 85 85 85 100 100 105 105 105 88 88 88 80 80 82 -9999 -9999 -9999 92 100 100 100 103 -9999 -9999 -9999 -9999 -9999 -9999 -9999 -9999 -9999 -9999 -9999 -9999 -9999 -9999 -9999 -9999 -9999 -9999 -9999 -9999 -9999 -9999 -9999 -9999 -9999 -9999 -9999 -9999 98 98 108 108 108 135 135 135 136 136 138 138 138 141 141 158 158 158
-9999 -9999 -9999 -9999 -9999 -9999 -9999 -9999 -9999 -9999 -9999 -9999 -9999 -9999 -9999 -9999 -9999 78 0 0 0 50 50 83 83 83 85 85 85 100 100 105 105 105 88 88 88 -9999 -9999 -9999 -9999 -9999 -9999 -9999 -9999 -9999 -9999 -9999 -9999 -9999 -9999 -9999 -9999 -9999 -9999 -9999 -9999 -9999 -9999 -9999 -9999 -9999 -9999 -9999 -9999 -9999 -9999 -9999 -9999 -9999 -9999 -9999 -9999 -9999 -9999 -9999 98 98 108 108 108 135 135 135 136 136 138 138 138 141 141 158 158 158
-9999 -9999 -9999 -9999 -9999 -9999 -9999 -9999 -9999 -9999 -9999 -9999 -9999 -9999 -9999 -9999 -9999 -9999 40 40 40 49 49 96 96 96 102 102 102 110 110 106 106 106 96 -9999 -9999 -9999 -9999 -9999 -9999 -9999 -9999 -9999 -9999 -9999 -9999 -9999 -9999 -9999 -9999 -9999 -9999 -9999 -9999 -9999 -9999 -9999 -9999 -9999 -9999 -9999 -9999 -9999 -9999 -9999 -9999 -9999 -9999 -9999 -9999 -9999 -9999 -9999 -9999 -9999 -9999 -9999 102 102 102 123 123 123 130 130 137 137 137 145 145 163 163 163
-9999 -9999 -9999 -9999 -9999 -9999 -9999 -9999 -9999 -9999 -9999 -9999 -9999 -9999 -9999 -9999 -9999 -9999 -9999 40 40 49 49 96 96 96 102 102 102 110 110 106 106 106 -9999 -9999 -9999 -9999 -9999 -9999 -9999 -9999 -9999 -9999 -9999 -9999 -9999 -9999 -9999 -9999 -9999 -9999 -9999 -9999 -9999 -9999 -9999 -9999 -9999 -9999 -9999 -9999 -9999 -9999 -9999 -9999 -9999 -9999 -9999 -9999 -9999 -9999 -9999 -9999 -9999 -9999 -9999 -9999 -9999 102 102 123 123 123 130 130 137 137 137 145 145 163 163 163
-9999 -9999 -9999 -9999 -9999 -9999 -9999 -9999 -9999 -9999 -9999 -9999 -9999 -9999 -9999 -9999 -9999 -9999 -9999 40 40 49 49 96 96 96 102 102 102 110 110 106 106 -9999 -9999 -9999 -9999 -9999 -9999 -9999 -9999 -9999 -9999 -9999 -9999 -9999 -9999 -9999 -9999 -9999 -9999 -9999 -9999 -9999 -9999 -9999 -9999 -9999 -9999 -9999 -9999 -9999 -9999 -9999 -9999 -9999 -9999 -9999 -9999 -9999 -9999 -9999 -9999 -9999 -9999 -9999 -9999 -9999 -9999 -9999 102 123 123 123 130 130 137 137 137 145 145 163 163 163
-9999 -9999 -9999 -9999 -9999 -9999 -9999 -9999 -9999 -9999 -9999 -9999 -9999 -9999 -9999 -9999 -9999 -9999 -9999 35 35 48 48 103 103 103 108 108 108 106 106 101 -9999 -9999 -9999 -9999 -9999 -9999 -9999 -9999 -9999 -9999 -9999 -9999 -9999 -9999 -9999 -9999 -9999 -9999 -9999 -9999 -9999 -9999 -9999 -9999 -9999 -9999 -9999 -9999 -9999 -9999 -9999 -9999 -9999 -9999 -9999 -9999 -9999 -9999 -9999 -9999 -9999 -9999 -9999 -9999 -9999 -9999 -9999 -9999 -9999 108 108 108 121 121 127 127 127 152 152 168 168 168
-9999 -9999 -9999 -9999 -9999 -9999 -9999 -9999 -9999 -9999 -9999 -9999 -9999 -9999 -9999 -9999 -9999 -9999 -9999 35 35 48 48 103 103 -9999 -9999 -9999 -9999 -9999 -9999 -9999 -9999 -9999 -9999 -9999 -9999 -9999 -9999 -9999 -9999 -9999 -9999 -9999 -9999 -9999 -9999 -9999 -9999 -9999 -9999 -9999 -9999 -9999 -9999 -9999 -9999 -9999 -9999 -9999 -9999 -9999 -9999 -9999 -9999 -9999 -9999 -9999 -9999 -9999 -9999 -9999 -9999 -9999 -9999 -9999 -9999 -9999 -9999 -9999 -9999 -9999 -9999 108 121 121 127 127 127 152 152 168 168 168
-9999 -9999 -9999 -9999 -9999 -9999 -9999 -9999 -9999 -9999 -9999 -9999 -9999 -9999 -9999 -9999 -9999 -9999 -9999 0 0 40 40 116 -9999 -9999 -9999 -9999 -9999 -9999 -9999 -9999 -9999 -9999 -9999 -9999 -9999 -9999 -9999 -9999 -9999 -9999 -9999 -9999 -9999 -9999 -9999 -9999 -9999 -9999 -9999 -9999 -9999 -9999 -9999 -9999 -9999 -9999 -9999 -9999 -9999 -9999 -9999 -9999 -9999 -9999 -9999 -9999 -9999 -9999 -9999 -9999 -9999 109 109 -9999 -9999 -9999 -9999 -9999 -9999 -9999 -9999 113 87 87 98 98 98 158 158 174 174 174
-9999 -9999 -9999 -9999 -9999 -9999 -9999 -9999 -9999 -9999 -9999 -9999 -9999 -9999 -9999 -9999 -9999 -9999 -9999 0 0 40 40 116 -9999 -9999 -9999 -9999 -9999 -9999 -9999 -9999 -9999 -9999 -9999 -9999 -9999 -9999 -9999 -9999 -9999 -9999 -9999 -9999 -9999 -9999 -9999 -9999 -9999 -9999 -9999 -9999 -9999 -9999 -9999 -9999 -9999 -9999 -9999 -9999 -9999 -9999 -9999 -9999 -9999 -9999 -9999 -9999 -9999 -9999 -9999 -9999 -9999 109 109 109 120 -9999 -9999 -9999 -9999 -9999 -9999 -9999 87 87 98 98 98 158 158 174 174 174
-9999 -9999 -9999 -9999 -9999 -9999 -9999 -9999 -9999 -9999 -9999 -9999 -9999 -9999 -9999 -9999 -9999 69 0 0 0 40 40 116 -9999 -9999 -9999 -9999 -9999 -9999 -9999 -9999 -9999 -9999 -9999 -9999 -9999 -9999 -9999 -9999 -9999 -9999 -9999 -9999 -9999 -9999 -9999 -9999 -9999 -9999 -9999 -9999 -9999 -9999 -9999 -9999 -9999 -9999 -9999 -9999 -9999 -9999 -9999 -9999 -9999 -9999 -9999 -9999 -9999 -9999 -9999 -9999 -9999 109 109 109 120 120 134 -9999 -9999 -9999 -9999 -9999 87 87 98 98 98 158 158 174 174 174
-9999 -9999 -9999 -9999 -9999 -9999 -9999 -9999 -9999 -9999 -9999 -9999 -9999 -9999 -9999 -9999 53 53 0 0 0 45 45 126 -9999 -9999 -9999 -9999 -9999 -9999 -9999 -9999 -9999 -9999 -9999 -9999 -9999 -9999 -9999 -9999 -9999 -9999 -9999 -9999 -9999 -9999 -9999 -9999 -9999 -9999 -9999 -9999 -9999 -9999 -9999 -9999 -9999 -9999 -9999 -9999 -9999 -9999 -9999 -9999 -9999 -9999 -9999 -9999 -9999 117 -9999 -9999 -9999 -9999 0 0 113 113 145 145 145 -9999 -9999 -9999 -9999 -9999 -9999 -9999 92 164 164 175 175 175
-9999 -9999 -9999 -9999 -9999 -9999 -9999 -9999 -9999 -9999 -9999 -9999 -9999 -9999 -9999 -9999 53 53 0 0 0 45 45 126 -9999 -9999 -9999 -9999 -9999 -9999 -9999 -9999 -9999 -9999 -9999 -9999 -9999 -9999 -9999 -9999 -9999 -9999 -9999 -9999 -9999 -9999 -9999 -9999 -9999 -9999 -9999 -9999 -9999 -9999 -9999 -9999 -9999 -9999 -9999 -9999 -9999 -9999 -9999 -9999 -9999 -9999 -9999 -9999 -9999 117 117 107 107 -9999 0 0 113 113 145 145 145 125 -9999 -9999 -9999 -9999 -9999 -9999 -9999 164 -9999 175 175 175
-9999 -9999 -9999 -9999 -9999 -9999 -9999 -9999 -9999 -9999 -9999 -9999 -9999 -9999 -9999 -9999 53 53 0 0 0 45 45 126 -9999 -9999 -9999 -9999 -9999 -9999 -9999 -9999 -9999 -9999 -9999 -9999 -9999 -9999 -9999 -9999 -9999 -9999 -9999 -9999 -9999 -9999 -9999 -9999 -9999 -9999 -9999 -9999 -9999 -9999 -9999 -9999 -9999 -9999 -9999 -9999 -9999 -9999 -9999 -9999 -9999 -9999 -9999 -9999 -9999 117 117 107 107 0 0 0 113 113 145 145 145 125 125 125 0 -9999 -9999 -9999 -9999 -9999 -9999 175 175 175
