SEB_model/sample_data_files/historical/hillshade/april6am.txt
ncols         559
nrows         351
xllcorner     388608.08691406
yllcorner     7584381.3441773
cellsize      5
NODATA_value  -9999
[rows 210 to 251 of 351, columns 188 to 281 of 559]
143 143 143 167 167 166 166 166 161 161 161 160 160 147 147 147 142 142 139 139 139 114 114 114 100 100 89 89 89 79 79 79 91 91 85 85 85 86 86 87 87 87 79 79 79 80 80 80 80 80 114 114 131 131 131 99 99 99 65 65 63 63 63 83 83 83 93 93 89 89 89 94 94 92 92 92 78 78 78 75 75 62 62 62 53 53 53 53 53 43 43 43 38 38
143 143 143 167 167 166 166 166 161 161 161 160 160 147 147 147 142 142 139 139 139 114 114 114 100 100 89 89 89 79 79 79 91 91 85 85 85 86 86 87 87 87 79 79 79 80 80 80 80 80 114 114 131 131 131 99 99 99 65 65 63 63 63 83 83 83 93 93 89 89 89 94 94 92 92 92 78 78 78 75 75 62 62 62 53 53 53 53 53 43 43 43 38 38
136 136 136 176 176 174 174 174 165 165 165 162 162 146 146 146 135 135 130 130 130 108 108 108 101 101 94 94 94 87 87 87 103 103 101 101 101 106 106 107 107 107 98 98 98 93 93 86 86 86 109 109 119 119 119 88 88 88 65 65 75 75 75 87 87 87 93 93 87 87 87 92 92 90 90 90 76 76 76 71 71 55 55 55 44 44 46 46 46 42 42 42 41 41
136 136 136 176 176 174 174 174 165 165 165 162 162 146 146 146 135 135 130 130 130 108 108 108 101 101 94 94 94 87 87 87 103 103 101 101 101 106 106 107 107 107 98 98 98 93 93 86 86 86 109 109 119 119 119 88 88 88 65 65 75 75 75 87 87 87 93 93 87 87 87 92 92 90 90 90 76 76 76 71 71 55 55 55 44 44 46 46 46 42 42 42 41 41
136 136 136 176 176 174 174 174 165 165 165 162 162 146 146 146 135 135 130 130 130 108 108 108 101 101 94 94 94 87 87 87 103 103 101 101 101 106 106 107 107 107 98 98 98 93 93 86 86 86 109 109 119 119 119 88 88 88 65 65 75 75 75 87 87 87 93 93 87 87 87 92 92 90 90 90 76 76 76 71 71 55 55 55 44 44 46 46 46 42 42 42 41 41
152 152 152 177 177 176 176 176 166 166 166 162 162 141 141 141 127 127 126 126 126 103 103 103 99 99 98 98 98 100 100 100 119 119 110 110 110 109 109 110 110 110 108 108 108 106 106 93 93 93 102 102 109 109 109 83 83 83 69 69 83 83 83 85 85 85 88 88 83 83 83 86 86 81 81 81 65 65 65 62 62 51 51 51 45 45 49 49 49 47 47 47 47 47
152 152 152 177 177 176 176 176 166 166 166 162 162 141 141 141 127 127 126 126 126 103 103 103 99 99 98 98 98 100 100 100 119 119 110 110 110 109 109 110 110 110 108 108 108 106 106 93 93 93 102 102 109 109 109 83 83 83 69 69 83 83 83 85 85 85 88 88 83 83 83 86 86 81 81 81 65 65 65 62 62 51 51 51 45 45 49 49 49 47 47 47 47 47
152 152 152 177 177 176 176 176 166 166 166 162 162 141 141 141 127 127 126 126 126 103 103 103 99 99 98 98 98 100 100 100 119 119 110 110 110 109 109 110 110 110 108 108 108 106 106 93 93 93 102 102 109 109 109 83 83 83 69 69 83 83 83 85 85 85 88 88 83 83 83 86 86 81 81 81 65 65 65 62 62 51 51 51 45 45 49 49 49 47 47 47 47 47
156 156 156 170 170 174 174 174 167 167 167 163 163 136 136 136 123 123 128 128 128 101 101 101 95 95 101 101 101 110 110 110 127 127 108 108 108 100 100 104 104 104 114 114 114 115 115 101 101 101 103 103 105 105 105 79 79 79 67 67 80 80 80 77 77 77 81 81 78 78 78 78 78 71 71 71 58 58 58 58 58 55 55 55 51 51 53 53 53 49 49 49 47 47
156 156 156 170 170 174 174 174 167 167 167 163 163 136 136 136 123 123 128 128 128 101 101 101 95 95 101 101 101 110 110 110 127 127 108 108 108 100 100 104 104 104 114 114 114 115 115 101 101 101 103 103 105 105 105 79 79 79 67 67 80 80 80 77 77 77 81 81 78 78 78 78 78 71 71 71 58 58 58 58 58 55 55 55 51 51 53 53 53 49 49 49 47 47
146 146 146 160 160 167 167 167 163 163 163 163 163 134 134 134 122 122 131 131 131 104 104 104 99 99 105 105 105 111 111 111 122 122 99 99 99 94 94 105 105 105 120 120 120 117 117 101 101 101 105 105 104 104 104 76 76 76 60 60 70 70 70 70 70 70 77 77 77 77 77 77 77 70 70 70 59 59 59 62 62 60 60 60 56 56 53 53 53 46 46 46 42 42
146 146 146 160 160 167 167 167 163 163 163 163 163 134 134 134 122 122 131 131 131 104 104 104 99 99 105 105 105 111 111 111 122 122 99 99 99 94 94 105 105 105 120 120 120 117 117 101 101 101 105 105 104 104 104 76 76 76 60 60 70 70 70 70 70 70 77 77 77 77 77 77 77 70 70 70 59 59 59 62 62 60 60 60 56 56 53 53 53 46 46 46 42 42
146 146 146 160 160 167 167 167 163 163 163 163 163 134 134 134 122 122 131 131 131 104 104 104 99 99 105 105 105 111 111 111 122 122 99 99 99 94 94 105 105 105 120 120 120 117 117 101 101 101 105 105 104 104 104 76 76 76 60 60 70 70 70 70 70 70 77 77 77 77 77 77 77 70 70 70 59 59 59 62 62 60 60 60 56 56 53 53 53 46 46 46 42 42
140 140 140 151 151 157 157 157 155 155 155 157 157 130 130 130 119 119 132 132 132 111 111 111 106 106 106 106 106 100 100 100 103 103 84 84 84 93 93 110 110 110 118 118 118 110 110 95 95 95 105 105 101 101 101 71 71 71 54 54 63 63 63 67 67 67 76 76 76 76 76 78 78 72 72 72 63 63 63 63 63 60 60 60 57 57 48 48 48 36 36 36 28 28
140 140 140 151 151 157 157 157 155 155 155 157 157 130 130 130 119 119 132 132 132 111 111 111 106 106 106 106 106 100 100 100 103 103 84 84 84 93 93 110 110 110 118 118 118 110 110 95 95 95 105 105 101 101 101 71 71 71 54 54 63 63 63 67 67 67 76 76 76 76 76 78 78 72 72 72 63 63 63 63 63 60 60 60 57 57 48 48 48 36 36 36 28 28
139 139 139 145 145 148 148 148 146 146 146 149 149 126 126 126 120 120 137 137 137 120 120 120 112 112 104 104 104 89 89 89 87 87 74 74 74 100 100 119 119 119 114 114 114 102 102 94 94 94 104 104 99 99 99 68 68 68 53 53 64 64 64 69 69 69 76 76 76 76 76 78 78 73 73 73 63 63 63 58 58 54 54 54 51 51 37 37 37 19 19 19 14 14
139 139 139 145 145 148 148 148 146 146 146 149 149 126 126 126 120 120 137 137 137 120 120 120 112 112 104 104 104 89 89 89 87 87 74 74 74 100 100 119 119 119 114 114 114 102 102 94 94 94 104 104 99 99 99 68 68 68 53 53 64 64 64 69 69 69 76 76 76 76 76 78 78 73 73 73 63 63 63 58 58 54 54 54 51 51 37 37 37 19 19 19 14 14
139 139 139 145 145 148 148 148 146 146 146 149 149 126 126 126 120 120 137 137 137 120 120 120 112 112 104 104 104 89 89 89 87 87 74 74 74 100 100 119 119 119 114 114 114 102 102 94 94 94 104 104 99 99 99 68 68 68 53 53 64 64 64 69 69 69 76 76 76 76 76 78 78 73 73 73 63 63 63 58 58 54 54 54 51 51 37 37 37 19 19 19 14 14
138 138 138 142 142 143 143 143 139 139 139 140 140 120 120 120 121 121 138 138 138 122 122 122 112 112 96 96 96 77 77 77 80 80 74 74 74 105 105 118 118 118 102 102 102 93 93 94 94 94 101 101 96 96 96 67 67 67 55 55 67 67 67 71 71 71 74 74 69 69 69 69 69 65 65 65 56 56 56 48 48 45 45 45 39 39 23 23 23 0 0 0 11 11
138 138 138 142 142 143 143 143 139 139 139 140 140 120 120 120 121 121 138 138 138 122 122 122 112 112 96 96 96 77 77 77 80 80 74 74 74 105 105 118 118 118 102 102 102 93 93 94 94 94 101 101 96 96 96 67 67 67 55 55 67 67 67 71 71 71 74 74 69 69 69 69 69 65 65 65 56 56 56 48 48 45 45 45 39 39 23 23 23 0 0 0 11 11
138 138 138 142 142 143 143 143 139 139 139 140 140 120 120 120 121 121 138 138 138 122 122 122 112 112 96 96 96 77 77 77 80 80 74 74 74 105 105 118 118 118 102 102 102 93 93 94 94 94 101 101 96 96 96 67 67 67 55 55 67 67 67 71 71 71 74 74 69 69 69 69 69 65 65 65 56 56 56 48 48 45 45 45 39 39 23 23 23 0 0 0 11 11
137 137 137 139 139 139 139 139 134 134 134 133 133 114 114 114 117 117 135 135 135 118 118 118 106 106 87 87 87 70 70 70 84 84 85 85 85 100 100 102 102 102 88 88 88 90 90 95 95 95 100 100 93 93 93 67 67 67 58 58 68 68 68 65 65 65 62 62 54 54 54 52 52 52 52 52 49 49 49 45 45 40 40 40 29 29 14 14 14 8 8 8 20 20
137 137 137 139 139 139 139 139 134 134 134 133 133 114 114 114 117 117 135 135 135 118 118 118 106 106 87 87 87 70 70 70 84 84 85 85 85 100 100 102 102 102 88 88 88 90 90 95 95 95 100 100 93 93 93 67 67 67 58 58 68 68 68 65 65 65 62 62 54 54 54 52 52 52 52 52 49 49 49 45 45 40 40 40 29 29 14 14 14 8 8 8 20 20
136 136 136 138 138 139 139 139 131 131 131 127 127 107 107 107 112 112 129 129 129 108 108 108 93 93 80 80 80 73 73 73 95 95 91 91 91 86 86 83 83 83 82 82 82 90 90 96 96 96 98 98 88 88 88 65 65 65 56 56 60 60 60 52 52 52 46 46 41 41 41 41 41 45 45 45 48 48 48 47 47 37 37 37 22 22 14 14 14 20 20 20 35 35
136 136 136 138 138 139 139 139 131 131 131 127 127 107 107 107 112 112 129 129 129 108 108 108 93 93 80 80 80 73 73 73 95 95 91 91 91 86 86 83 83 83 82 82 82 90 90 96 96 96 98 98 88 88 88 65 65 65 56 56 60 60 60 52 52 52 46 46 41 41 41 41 41 45 45 45 48 48 48 47 47 37 37 37 22 22 14 14 14 20 20 20 35 35
136 136 136 138 138 139 139 139 131 131 131 127 127 107 107 107 112 112 129 129 129 108 108 108 93 93 80 80 80 73 73 73 95 95 91 91 91 86 86 83 83 83 82 82 82 90 90 96 96 96 98 98 88 88 88 65 65 65 56 56 60 60 60 52 52 52 46 46 41 41 41 41 41 45 45 45 48 48 48 47 47 37 37 37 22 22 14 14 14 20 20 20 35 35
133 133 133 139 139 140 140 140 129 129 129 120 120 100 100 100 103 103 117 117 117 93 93 93 80 80 78 78 78 82 82 82 98 98 86 86 86 76 76 75 75 75 79 79 79 88 88 90 90 90 86 86 75 75 75 58 58 58 49 49 49 49 49 44 44 44 38 38 36 36 36 38 38 43 43 43 47 47 47 43 43 30 30 30 22 22 26 26 26 39 39 39 50 50
133 133 133 139 139 140 140 140 129 129 129 120 120 100 100 100 103 103 117 117 117 93 93 93 80 80 78 78 78 82 82 82 98 98 86 86 86 76 76 75 75 75 79 79 79 88 88 90 90 90 86 86 75 75 75 58 58 58 49 49 49 49 49 44 44 44 38 38 36 36 36 38 38 43 43 43 47 47 47 43 43 30 30 30 22 22 26 26 26 39 39 39 50 50
129 129 129 141 141 143 143 143 129 129 129 113 113 91 91 91 92 92 101 101 101 81 81 81 74 74 80 80 80 83 83 83 91 91 81 81 81 77 77 76 76 76 78 78 78 81 81 74 74 74 68 68 63 63 63 53 53 53 44 44 44 44 44 42 42 42 38 38 37 37 37 39 39 43 43 43 44 44 44 36 36 27 27 27 29 29 42 42 42 54 54 54 56 56
129 129 129 141 141 143 143 143 129 129 129 113 113 91 91 91 92 92 101 101 101 81 81 81 74 74 80 80 80 83 83 83 91 91 81 81 81 77 77 76 76 76 78 78 78 81 81 74 74 74 68 68 63 63 63 53 53 53 44 44 44 44 44 42 42 42 38 38 37 37 37 39 39 43 43 43 44 44 44 36 36 27 27 27 29 29 42 42 42 54 54 54 56 56
129 129 129 141 141 143 143 143 129 129 129 113 113 91 91 91 92 92 101 101 101 81 81 81 74 74 80 80 80 83 83 83 91 91 81 81 81 77 77 76 76 76 78 78 78 81 81 74 74 74 68 68 63 63 63 53 53 53 44 44 44 44 44 42 42 42 38 38 37 37 37 39 39 43 43 43 44 44 44 36 36 27 27 27 29 29 42 42 42 54 54 54 56 56
122 122 122 141 141 144 144 144 126 126 126 105 105 80 80 80 79 79 88 88 88 73 73 73 70 70 75 75 75 75 75 75 83 83 79 79 79 79 79 79 79 79 75 75 75 65 65 53 53 53 53 53 54 54 54 49 49 49 42 42 42 42 42 41 41 41 41 41 41 41 41 42 42 44 44 44 41 41 41 31 31 27 27 27 37 37 53 53 53 61 61 61 60 60
122 122 122 141 141 144 144 144 126 126 126 105 105 80 80 80 79 79 88 88 88 73 73 73 70 70 75 75 75 75 75 75 83 83 79 79 79 79 79 79 79 79 75 75 75 65 65 53 53 53 53 53 54 54 54 49 49 49 42 42 42 42 42 41 41 41 41 41 41 41 41 42 42 44 44 44 41 41 41 31 31 27 27 27 37 37 53 53 53 61 61 61 60 60
122 122 122 141 141 144 144 144 126 126 126 105 105 80 80 80 79 79 88 88 88 73 73 73 70 70 75 75 75 75 75 75 83 83 79 79 79 79 79 79 79 79 75 75 75 65 65 53 53 53 53 53 54 54 54 49 49 49 42 42 42 42 42 41 41 41 41 41 41 41 41 42 42 44 44 44 41 41 41 31 31 27 27 27 37 37 53 53 53 61 61 61 60 60
111 111 111 136 136 139 139 139 119 119 119 99 99 68 68 68 67 67 79 79 79 67 67 67 65 65 68 68 68 69 69 69 78 78 76 76 76 78 78 76 76 76 64 64 64 48 48 40 40 40 45 45 49 49 49 47 47 47 43 43 42 42 42 43 43 43 44 44 45 45 45 45 45 45 45 45 39 39 39 31 31 31 31 31 43 43 57 57 57 63 63 63 62 62
111 111 111 136 136 139 139 139 119 119 119 99 99 68 68 68 67 67 79 79 79 67 67 67 65 65 68 68 68 69 69 69 78 78 76 76 76 78 78 76 76 76 64 64 64 48 48 40 40 40 45 45 49 49 49 47 47 47 43 43 42 42 42 43 43 43 44 44 45 45 45 45 45 45 45 45 39 39 39 31 31 31 31 31 43 43 57 57 57 63 63 63 62 62
94 94 94 124 124 131 131 131 114 114 114 100 100 63 63 63 57 57 72 72 72 63 63 63 64 64 65 65 65 67 67 67 74 74 68 68 68 68 68 64 64 64 52 52 52 43 43 39 39 39 42 42 46 46 46 48 48 48 47 47 45 45 45 45 45 45 46 46 46 46 46 46 46 45 45 45 41 41 41 37 37 38 38 38 47 47 58 58 58 63 63 63 64 64
94 94 94 124 124 131 131 131 114 114 114 100 100 63 63 63 57 57 72 72 72 63 63 63 64 64 65 65 65 67 67 67 74 74 68 68 68 68 68 64 64 64 52 52 52 43 43 39 39 39 42 42 46 46 46 48 48 48 47 47 45 45 45 45 45 45 46 46 46 46 46 46 46 45 45 45 41 41 41 37 37 38 38 38 47 47 58 58 58 63 63 63 64 64
94 94 94 124 124 131 131 131 114 114 114 100 100 63 63 63 57 57 72 72 72 63 63 63 64 64 65 65 65 67 67 67 74 74 68 68 68 68 68 64 64 64 52 52 52 43 43 39 39 39 42 42 46 46 46 48 48 48 47 47 45 45 45 45 45 45 46 46 46 46 46 46 46 45 45 45 41 41 41 37 37 38 38 38 47 47 58 58 58 63 63 63 64 64
77 77 77 103 103 119 119 119 111 111 111 104 104 64 64 64 48 48 63 63 63 63 63 63 65 65 65 65 65 62 62 62 63 63 53 53 53 51 51 52 52 52 48 48 48 45 45 43 43 43 43 43 46 46 46 50 50 50 51 51 49 49 49 46 46 46 45 45 44 44 44 45 45 46 46 46 46 46 46 45 45 46 46 46 50 50 57 57 57 63 63 63 65 65
77 77 77 103 103 119 119 119 111 111 111 104 104 64 64 64 48 48 63 63 63 63 63 63 65 65 65 65 65 62 62 62 63 63 53 53 53 51 51 52 52 52 48 48 48 45 45 43 43 43 43 43 46 46 46 50 50 50 51 51 49 49 49 46 46 46 45 45 44 44 44 45 45 46 46 46 46 46 46 45 45 46 46 46 50 50 57 57 57 63 63 63 65 65
77 77 77 103 103 119 119 119 111 111 111 104 104 64 64 64 48 48 63 63 63 63 63 63 65 65 65 65 65 62 62 62 63 63 53 53 53 51 51 52 52 52 48 48 48 45 45 43 43 43 43 43 46 46 46 50 50 50 51 51 49 49 49 46 46 46 45 45 44 44 44 45 45 46 46 46 46 46 46 45 45 46 46 46 50 50 57 57 57 63 63 63 65 65
