SEB_model/sample_data_files/historical/hillshade/april6am.txt
ncols         559
nrows         351
xllcorner     388608.08691406
yllcorner     7584381.3441773
cellsize      5
NODATA_value  -9999
[rows 126 to 167 of 351, columns 282 to 375 of 559]
76 76 76 20 20 20 36 36 60 60 60 64 64 81 81 81 93 93 93 106 106 98 98 98 84 84 101 101 101 82 82 82 76 76 100 100 100 126 126 126 130 130 77 77 77 45 45 55 55 55 61 61 61 65 65 50 50 50 20 20 5 5 5 16 16 16 41 41 51 51 51 57 57 57 76 76 83 83 83 87 87 98 98 98 86 86 86 70 70 69 69 69 69 69
76 76 76 20 20 20 36 36 60 60 60 64 64 81 81 81 93 93 93 106 106 98 98 98 84 84 101 101 101 82 82 82 76 76 100 100 100 126 126 126 130 130 77 77 77 45 45 55 55 55 61 61 61 65 65 50 50 50 20 20 5 5 5 16 16 16 41 41 51 51 51 57 57 57 76 76 83 83 83 87 87 98 98 98 86 86 86 70 70 69 69 69 69 69
76 76 76 20 20 20 36 36 60 60 60 64 64 81 81 81 93 93 93 106 106 98 98 98 84 84 101 101 101 82 82 82 76 76 100 100 100 126 126 126 130 130 77 77 77 45 45 55 55 55 61 61 61 65 65 50 50 50 20 20 5 5 5 16 16 16 41 41 51 51 51 57 57 57 76 76 83 83 83 87 87 98 98 98 86 86 86 70 70 69 69 69 69 69
56 56 56 14 14 14 41 41 72 72 72 88 88 99 99 99 94 94 94 96 96 89 89 89 87 87 98 98 98 82 82 82 75 75 90 90 90 109 109 109 114 114 73 73 73 45 45 49 49 49 57 57 57 60 60 41 41 41 18 18 19 19 19 36 36 36 54 54 56 56 56 64 64 64 82 82 89 89 89 96 96 101 101 101 82 82 82 67 67 68 68 68 68 68
56 56 56 14 14 14 41 41 72 72 72 88 88 99 99 99 94 94 94 96 96 89 89 89 87 87 98 98 98 82 82 82 75 75 90 90 90 109 109 109 114 114 73 73 73 45 45 49 49 49 57 57 57 60 60 41 41 41 18 18 19 19 19 36 36 36 54 54 56 56 56 64 64 64 82 82 89 89 89 96 96 101 101 101 82 82 82 67 67 68 68 68 68 68
50 50 50 25 25 25 57 57 88 88 88 104 104 102 102 102 85 85 85 84 84 84 84 84 86 86 93 93 93 78 78 78 72 72 78 78 78 88 88 88 95 95 69 69 69 50 50 54 54 54 60 60 60 62 62 44 44 44 30 30 37 37 37 48 48 48 58 58 61 61 61 76 76 76 92 92 93 93 93 100 100 98 98 98 75 75 75 65 65 67 67 67 66 66
50 50 50 25 25 25 57 57 88 88 88 104 104 102 102 102 85 85 85 84 84 84 84 84 86 86 93 93 93 78 78 78 72 72 78 78 78 88 88 88 95 95 69 69 69 50 50 54 54 54 60 60 60 62 62 44 44 44 30 30 37 37 37 48 48 48 58 58 61 61 61 76 76 76 92 92 93 93 93 100 100 98 98 98 75 75 75 65 65 67 67 67 66 66
50 50 50 25 25 25 57 57 88 88 88 104 104 102 102 102 85 85 85 84 84 84 84 84 86 86 93 93 93 78 78 78 72 72 78 78 78 88 88 88 95 95 69 69 69 50 50 54 54 54 60 60 60 62 62 44 44 44 30 30 37 37 37 48 48 48 58 58 61 61 61 76 76 76 92 92 93 93 93 100 100 98 98 98 75 75 75 65 65 67 67 67 66 66
59 59 59 46 46 46 75 75 96 96 96 106 106 96 96 96 72 72 72 73 73 77 77 77 82 82 86 86 86 73 73 73 68 68 69 69 69 76 76 76 87 87 73 73 73 60 60 64 64 64 68 68 68 70 70 55 55 55 42 42 47 47 47 52 52 52 61 61 71 71 71 88 88 88 98 98 94 94 94 98 98 91 91 91 70 70 70 65 65 67 67 67 64 64
59 59 59 46 46 46 75 75 96 96 96 106 106 96 96 96 72 72 72 73 73 77 77 77 82 82 86 86 86 73 73 73 68 68 69 69 69 76 76 76 87 87 73 73 73 60 60 64 64 64 68 68 68 70 70 55 55 55 42 42 47 47 47 52 52 52 61 61 71 71 71 88 88 88 98 98 94 94 94 98 98 91 91 91 70 70 70 65 65 67 67 67 64 64
77 77 77 66 66 66 85 85 99 99 99 104 104 87 87 87 61 61 61 64 64 70 70 70 78 78 83 83 83 72 72 72 67 67 66 66 66 73 73 73 88 88 83 83 83 71 71 71 71 71 72 72 72 77 77 63 63 63 46 46 48 48 48 52 52 52 67 67 82 82 82 95 95 95 100 100 94 94 94 93 93 83 83 83 68 68 68 67 67 66 66 66 61 61
77 77 77 66 66 66 85 85 99 99 99 104 104 87 87 87 61 61 61 64 64 70 70 70 78 78 83 83 83 72 72 72 67 67 66 66 66 73 73 73 88 88 83 83 83 71 71 71 71 71 72 72 72 77 77 63 63 63 46 46 48 48 48 52 52 52 67 67 82 82 82 95 95 95 100 100 94 94 94 93 93 83 83 83 68 68 68 67 67 66 66 66 61 61
77 77 77 66 66 66 85 85 99 99 99 104 104 87 87 87 61 61 61 64 64 70 70 70 78 78 83 83 83 72 72 72 67 67 66 66 66 73 73 73 88 88 83 83 83 71 71 71 71 71 72 72 72 77 77 63 63 63 46 46 48 48 48 52 52 52 67 67 82 82 82 95 95 95 100 100 94 94 94 93 93 83 83 83 68 68 68 67 67 66 66 66 61 61
96 96 96 77 77 77 88 88 98 98 98 97 97 77 77 77 53 53 53 60 60 67 67 67 77 77 84 84 84 75 75 75 70 70 69 69 69 77 77 77 93 93 90 90 90 77 77 73 73 73 72 72 72 78 78 63 63 63 42 42 43 43 43 51 51 51 70 70 88 88 88 98 98 98 103 103 97 97 97 90 90 79 79 79 67 67 67 68 68 67 67 67 59 59
96 96 96 77 77 77 88 88 98 98 98 97 97 77 77 77 53 53 53 60 60 67 67 67 77 77 84 84 84 75 75 75 70 70 69 69 69 77 77 77 93 93 90 90 90 77 77 73 73 73 72 72 72 78 78 63 63 63 42 42 43 43 43 51 51 51 70 70 88 88 88 98 98 98 103 103 97 97 97 90 90 79 79 79 67 67 67 68 68 67 67 67 59 59
96 96 96 77 77 77 88 88 98 98 98 97 97 77 77 77 53 53 53 60 60 67 67 67 77 77 84 84 84 75 75 75 70 70 69 69 69 77 77 77 93 93 90 90 90 77 77 73 73 73 72 72 72 78 78 63 63 63 42 42 43 43 43 51 51 51 70 70 88 88 88 98 98 98 103 103 97 97 97 90 90 79 79 79 67 67 67 68 68 67 67 67 59 59
105 105 105 77 77 77 87 87 95 95 95 87 87 67 67 67 52 52 52 65 65 72 72 72 81 81 89 89 89 82 82 82 76 76 74 74 74 82 82 82 98 98 94 94 94 81 81 74 74 74 73 73 73 75 75 57 57 57 33 33 32 32 32 44 44 44 67 67 86 86 86 100 100 100 110 110 104 104 104 91 91 75 75 75 65 65 65 67 67 69 69 69 60 60
105 105 105 77 77 77 87 87 95 95 95 87 87 67 67 67 52 52 52 65 65 72 72 72 81 81 89 89 89 82 82 82 76 76 74 74 74 82 82 82 98 98 94 94 94 81 81 74 74 74 73 73 73 75 75 57 57 57 33 33 32 32 32 44 44 44 67 67 86 86 86 100 100 100 110 110 104 104 104 91 91 75 75 75 65 65 65 67 67 69 69 69 60 60
101 101 101 73 73 73 84 84 86 86 86 78 78 68 68 68 61 61 61 75 75 78 78 78 85 85 94 94 94 88 88 88 83 83 79 79 79 86 86 86 101 101 95 95 95 85 85 79 79 79 77 77 77 69 69 45 45 45 19 19 18 18 18 34 34 34 62 62 84 84 84 105 105 105 121 121 112 112 112 93 93 73 73 73 64 64 64 69 69 73 73 73 60 60
101 101 101 73 73 73 84 84 86 86 86 78 78 68 68 68 61 61 61 75 75 78 78 78 85 85 94 94 94 88 88 88 83 83 79 79 79 86 86 86 101 101 95 95 95 85 85 79 79 79 77 77 77 69 69 45 45 45 19 19 18 18 18 34 34 34 62 62 84 84 84 105 105 105 121 121 112 112 112 93 93 73 73 73 64 64 64 69 69 73 73 73 60 60
101 101 101 73 73 73 84 84 86 86 86 78 78 68 68 68 61 61 61 75 75 78 78 78 85 85 94 94 94 88 88 88 83 83 79 79 79 86 86 86 101 101 95 95 95 85 85 79 79 79 77 77 77 69 69 45 45 45 19 19 18 18 18 34 34 34 62 62 84 84 84 105 105 105 121 121 112 112 112 93 93 73 73 73 64 64 64 69 69 73 73 73 60 60
90 90 90 67 67 67 77 77 78 78 78 83 83 81 81 81 74 74 74 84 84 83 83 83 86 86 98 98 98 94 94 94 90 90 85 85 85 87 87 87 100 100 95 95 95 86 86 83 83 83 79 79 79 62 62 30 30 30 0 0 5 5 5 28 28 28 63 63 93 93 93 115 115 115 130 130 119 119 119 96 96 74 74 74 65 65 65 73 73 75 75 75 57 57
90 90 90 67 67 67 77 77 78 78 78 83 83 81 81 81 74 74 74 84 84 83 83 83 86 86 98 98 98 94 94 94 90 90 85 85 85 87 87 87 100 100 95 95 95 86 86 83 83 83 79 79 79 62 62 30 30 30 0 0 5 5 5 28 28 28 63 63 93 93 93 115 115 115 130 130 119 119 119 96 96 74 74 74 65 65 65 73 73 75 75 75 57 57
75 75 75 60 60 60 75 75 84 84 84 99 99 97 97 97 81 81 81 86 86 84 84 84 85 85 99 99 99 97 97 97 94 94 88 88 88 85 85 85 98 98 92 92 92 85 85 86 86 86 81 81 81 55 55 0 0 0 0 0 0 0 0 30 30 30 75 75 110 110 110 125 125 125 135 135 122 122 122 101 101 81 81 81 72 72 72 75 75 68 68 68 47 47
75 75 75 60 60 60 75 75 84 84 84 99 99 97 97 97 81 81 81 86 86 84 84 84 85 85 99 99 99 97 97 97 94 94 88 88 88 85 85 85 98 98 92 92 92 85 85 86 86 86 81 81 81 55 55 0 0 0 0 0 0 0 0 30 30 30 75 75 110 110 110 125 125 125 135 135 122 122 122 101 101 81 81 81 72 72 72 75 75 68 68 68 47 47
75 75 75 60 60 60 75 75 84 84 84 99 99 97 97 97 81 81 81 86 86 84 84 84 85 85 99 99 99 97 97 97 94 94 88 88 88 85 85 85 98 98 92 92 92 85 85 86 86 86 81 81 81 55 55 0 0 0 0 0 0 0 0 30 30 30 75 75 110 110 110 125 125 125 135 135 122 122 122 101 101 81 81 81 72 72 72 75 75 68 68 68 47 47
61 61 61 58 58 58 87 87 102 102 102 113 113 101 101 101 79 79 79 84 84 83 83 83 83 83 99 99 99 98 98 98 96 96 89 89 89 83 83 83 96 96 90 90 90 85 85 91 91 91 88 88 88 0 0 0 0 0 0 0 0 0 0 41 41 41 92 92 122 122 122 129 129 129 136 136 125 125 125 110 110 98 98 98 80 80 80 66 66 46 46 46 29 29
61 61 61 58 58 58 87 87 102 102 102 113 113 101 101 101 79 79 79 84 84 83 83 83 83 83 99 99 99 98 98 98 96 96 89 89 89 83 83 83 96 96 90 90 90 85 85 91 91 91 88 88 88 0 0 0 0 0 0 0 0 0 0 41 41 41 92 92 122 122 122 129 129 129 136 136 125 125 125 110 110 98 98 98 80 80 80 66 66 46 46 46 29 29
61 61 61 58 58 58 87 87 102 102 102 113 113 101 101 101 79 79 79 84 84 83 83 83 83 83 99 99 99 98 98 98 96 96 89 89 89 83 83 83 96 96 90 90 90 85 85 91 91 91 88 88 88 0 0 0 0 0 0 0 0 0 0 41 41 41 92 92 122 122 122 129 129 129 136 136 125 125 125 110 110 98 98 98 80 80 80 66 66 46 46 46 29 29
50 50 50 65 65 65 104 104 114 114 114 115 115 98 98 98 76 76 76 83 83 83 83 83 82 82 100 100 100 97 97 97 94 94 90 90 90 86 86 86 96 96 86 86 86 85 85 99 99 99 0 0 0 0 0 0 0 0 0 0 0 0 0 57 57 57 109 109 130 130 130 132 132 132 134 134 122 122 122 113 113 107 107 107 78 78 78 42 42 0 0 0 13 13
50 50 50 65 65 65 104 104 114 114 114 115 115 98 98 98 76 76 76 83 83 83 83 83 82 82 100 100 100 97 97 97 94 94 90 90 90 86 86 86 96 96 86 86 86 85 85 99 99 99 0 0 0 0 0 0 0 0 0 0 0 0 0 57 57 57 109 109 130 130 130 132 132 132 134 134 122 122 122 113 113 107 107 107 78 78 78 42 42 0 0 0 13 13
49 49 49 76 76 76 112 112 113 113 113 108 108 96 96 96 80 80 80 86 86 84 84 84 84 84 99 99 99 92 92 92 90 90 89 89 89 89 89 89 97 97 84 84 84 87 87 108 108 108 0 0 0 0 0 0 0 0 0 0 0 0 0 82 82 82 131 131 141 141 141 132 132 132 126 126 115 115 115 107 107 94 94 94 56 56 56 17 17 0 0 0 12 12
49 49 49 76 76 76 112 112 113 113 113 108 108 96 96 96 80 80 80 86 86 84 84 84 84 84 99 99 99 92 92 92 90 90 89 89 89 89 89 89 97 97 84 84 84 87 87 108 108 108 0 0 0 0 0 0 0 0 0 0 0 0 0 82 82 82 131 131 141 141 141 132 132 132 126 126 115 115 115 107 107 94 94 94 56 56 56 17 17 0 0 0 12 12
49 49 49 76 76 76 112 112 113 113 113 108 108 96 96 96 80 80 80 86 86 84 84 84 84 84 99 99 99 92 92 92 90 90 89 89 89 89 89 89 97 97 84 84 84 87 87 108 108 108 0 0 0 0 0 0 0 0 0 0 0 0 0 82 82 82 131 131 141 141 141 132 132 132 126 126 115 115 115 107 107 94 94 94 56 56 56 17 17 0 0 0 12 12
56 56 56 81 81 81 106 106 103 103 103 102 102 98 98 98 90 90 90 95 95 87 87 87 85 85 95 95 95 87 87 87 86 86 86 86 86 86 86 86 95 95 85 85 85 88 88 0 0 0 0 0 0 0 0 0 0 0 0 0 21 21 21 127 127 127 157 157 146 146 146 124 124 124 113 113 105 105 105 96 96 79 79 79 0 0 0 0 0 0 0 0 20 20
56 56 56 81 81 81 106 106 103 103 103 102 102 98 98 98 90 90 90 95 95 87 87 87 85 85 95 95 95 87 87 87 86 86 86 86 86 86 86 86 95 95 85 85 85 88 88 0 0 0 0 0 0 0 0 0 0 0 0 0 21 21 21 127 127 127 157 157 146 146 146 124 124 124 113 113 105 105 105 96 96 79 79 79 0 0 0 0 0 0 0 0 20 20
56 56 56 81 81 81 106 106 103 103 103 102 102 98 98 98 90 90 90 95 95 87 87 87 85 85 95 95 95 87 87 87 86 86 86 86 86 86 86 86 95 95 85 85 85 88 88 0 0 0 0 0 0 0 0 0 0 0 0 0 21 21 21 127 127 127 157 157 146 146 146 124 124 124 113 113 105 105 105 96 96 79 79 79 0 0 0 0 0 0 0 0 20 20
65 65 65 78 78 78 94 94 93 93 93 100 100 101 101 101 101 101 101 107 107 93 93 93 85 85 91 91 91 84 84 84 83 83 80 80 80 79 79 79 92 92 87 87 87 0 0 0 0 0 0 0 0 0 0 0 0 0 0 0 86 86 86 164 164 164 162 162 133 133 133 111 111 111 102 102 94 94 94 87 87 78 78 78 0 0 0 0 0 10 10 10 30 30
65 65 65 78 78 78 94 94 93 93 93 100 100 101 101 101 101 101 101 107 107 93 93 93 85 85 91 91 91 84 84 84 83 83 80 80 80 79 79 79 92 92 87 87 87 0 0 0 0 0 0 0 0 0 0 0 0 0 0 0 86 86 86 164 164 164 162 162 133 133 133 111 111 111 102 102 94 94 94 87 87 78 78 78 0 0 0 0 0 10 10 10 30 30
71 71 71 72 72 72 84 84 86 86 86 96 96 100 100 100 107 107 107 112 112 94 94 94 85 85 86 86 86 81 81 81 78 78 72 72 72 74 74 74 86 86 83 83 83 0 0 0 0 0 0 0 0 0 0 0 0 0 7 7 125 125 125 161 161 161 143 143 113 113 113 100 100 100 97 97 88 88 88 83 83 80 80 80 64 64 64 45 45 37 37 37 45 45
71 71 71 72 72 72 84 84 86 86 86 96 96 100 100 100 107 107 107 112 112 94 94 94 85 85 86 86 86 81 81 81 78 78 72 72 72 74 74 74 86 86 83 83 83 0 0 0 0 0 0 0 0 0 0 0 0 0 7 7 125 125 125 161 161 161 143 143 113 113 113 100 100 100 97 97 88 88 88 83 83 80 80 80 64 64 64 45 45 37 37 37 45 45
71 71 71 72 72 72 84 84 86 86 86 96 96 100 100 100 107 107 107 112 112 94 94 94 85 85 86 86 86 81 81 81 78 78 72 72 72 74 74 74 86 86 83 83 83 0 0 0 0 0 0 0 0 0 0 0 0 0 7 7 125 125 125 161 161 161 143 143 113 113 113 100 100 100 97 97 88 88 88 83 83 80 80 80 64 64 64 45 45 37 37 37 45 45
