SEB_model/sample_data_files/historical/hillshade/aprilnoon.txt
ncols         559
nrows         351
xllcorner     388608.08691406
yllcorner     7584381.3441773
cellsize      5
NODATA_value  -9999
[rows 86 to 128 of 351, columns 96 to 191 of 559]
-9999 -9999 -9999 -9999 -9999 207 207 207 206 206 206 206 206 206 207 207 207 207 207 208 208 209 209 209 210 210 210 211 211 213 -9999 -9999 -9999 -9999 -9999 -9999 -9999 -9999 -9999 -9999 -9999 -9999 -9999 -9999 -9999 -9999 -9999 -9999 -9999 -9999 -9999 -9999 -9999 -9999 -9999 -9999 -9999 -9999 -9999 -9999 -9999 -9999 -9999 -9999 -9999 -9999 -9999 -9999 -9999 -9999 -9999 -9999 -9999 -9999 -9999 -9999 -9999 -9999 -9999 -9999 -9999 -9999 222 222 221 221 221 217 217 213 213 213 217 217 217 219
-9999 -9999 -9999 -9999 207 207 207 207 207 207 207 207 207 207 207 207 208 208 208 208 208 208 208 208 209 209 209 210 210 212 212 -9999 -9999 -9999 -9999 -9999 -9999 -9999 -9999 -9999 -9999 -9999 -9999 -9999 -9999 -9999 -9999 -9999 -9999 -9999 -9999 -9999 -9999 -9999 -9999 -9999 -9999 -9999 -9999 -9999 -9999 -9999 -9999 -9999 -9999 -9999 -9999 -9999 -9999 -9999 -9999 -9999 -9999 -9999 -9999 -9999 -9999 -9999 -9999 -9999 -9999 -9999 -9999 -9999 223 223 223 220 220 215 215 215 213 213 213 213
-9999 -9999 205 207 207 207 207 207 207 207 207 207 207 207 207 207 208 208 208 208 208 208 208 208 209 209 209 210 210 212 212 -9999 -9999 -9999 -9999 -9999 -9999 -9999 -9999 -9999 -9999 -9999 -9999 -9999 -9999 -9999 -9999 -9999 -9999 -9999 -9999 -9999 -9999 -9999 -9999 -9999 -9999 -9999 -9999 -9999 -9999 -9999 -9999 -9999 -9999 -9999 -9999 -9999 -9999 -9999 -9999 -9999 -9999 -9999 -9999 -9999 -9999 -9999 -9999 -9999 -9999 -9999 -9999 -9999 -9999 -9999 -9999 -9999 220 215 215 215 213 213 213 213
202 203 203 205 205 205 207 207 208 208 208 208 208 208 207 207 207 207 207 208 208 208 208 208 208 208 208 209 209 208 -9999 -9999 -9999 -9999 -9999 -9999 -9999 -9999 -9999 -9999 -9999 -9999 -9999 -9999 -9999 -9999 -9999 -9999 -9999 -9999 -9999 -9999 -9999 -9999 -9999 -9999 -9999 -9999 -9999 -9999 -9999 -9999 -9999 -9999 -9999 -9999 -9999 -9999 -9999 -9999 -9999 -9999 -9999 -9999 -9999 -9999 -9999 -9999 -9999 -9999 -9999 -9999 -9999 -9999 -9999 -9999 -9999 -9999 213 210 210 210 208 208 208 208
202 203 203 205 205 205 207 207 208 208 208 208 208 208 207 207 207 207 207 208 208 208 208 208 208 208 208 209 209 208 -9999 -9999 -9999 -9999 -9999 -9999 -9999 -9999 -9999 -9999 -9999 -9999 -9999 -9999 -9999 -9999 -9999 -9999 -9999 -9999 -9999 -9999 -9999 -9999 -9999 -9999 -9999 -9999 -9999 -9999 -9999 -9999 -9999 -9999 -9999 -9999 -9999 -9999 -9999 -9999 -9999 -9999 -9999 -9999 -9999 -9999 -9999 -9999 -9999 -9999 -9999 -9999 -9999 -9999 -9999 -9999 -9999 -9999 213 210 210 210 208 208 208 208
202 203 203 205 205 205 207 207 208 208 208 208 208 208 207 207 207 207 207 208 208 208 208 208 208 208 208 209 -9999 -9999 -9999 -9999 -9999 -9999 -9999 -9999 -9999 -9999 -9999 -9999 -9999 -9999 -9999 -9999 -9999 -9999 -9999 -9999 -9999 -9999 -9999 -9999 -9999 -9999 -9999 -9999 -9999 -9999 -9999 -9999 -9999 -9999 -9999 -9999 -9999 -9999 -9999 -9999 -9999 -9999 -9999 -9999 -9999 -9999 -9999 -9999 -9999 -9999 -9999 -9999 -9999 -9999 -9999 -9999 -9999 -9999 -9999 -9999 213 210 210 210 208 208 208 208
202 204 204 205 205 205 206 206 207 207 207 208 208 208 208 208 207 207 207 207 207 207 207 207 207 207 207 207 -9999 -9999 -9999 -9999 -9999 -9999 -9999 -9999 -9999 -9999 -9999 -9999 -9999 -9999 -9999 -9999 -9999 -9999 -9999 -9999 -9999 -9999 -9999 -9999 -9999 -9999 -9999 -9999 -9999 -9999 -9999 -9999 -9999 -9999 -9999 -9999 -9999 -9999 -9999 -9999 -9999 -9999 -9999 -9999 -9999 -9999 -9999 -9999 -9999 -9999 -9999 -9999 -9999 -9999 -9999 -9999 -9999 -9999 -9999 -9999 209 208 208 208 206 206 206 205
202 204 204 205 205 205 206 206 207 207 207 208 208 208 208 208 207 207 207 207 207 207 207 207 -9999 -9999 -9999 -9999 -9999 -9999 -9999 -9999 -9999 -9999 -9999 -9999 -9999 -9999 -9999 -9999 -9999 -9999 -9999 -9999 -9999 -9999 -9999 -9999 -9999 -9999 -9999 -9999 -9999 -9999 -9999 -9999 -9999 -9999 -9999 -9999 -9999 -9999 -9999 -9999 -9999 -9999 -9999 -9999 -9999 -9999 -9999 -9999 -9999 -9999 -9999 -9999 -9999 -9999 -9999 -9999 -9999 -9999 -9999 -9999 -9999 -9999 -9999 -9999 209 208 208 208 206 206 206 205
202 204 204 205 205 205 206 206 207 207 207 208 208 208 208 208 207 207 207 207 207 207 207 207 -9999 -9999 -9999 -9999 -9999 -9999 -9999 -9999 -9999 -9999 -9999 -9999 -9999 -9999 -9999 -9999 -9999 -9999 -9999 -9999 -9999 -9999 -9999 -9999 -9999 -9999 -9999 -9999 -9999 -9999 -9999 -9999 -9999 -9999 -9999 -9999 -9999 -9999 -9999 -9999 -9999 -9999 -9999 -9999 -9999 -9999 -9999 -9999 -9999 -9999 -9999 -9999 -9999 -9999 -9999 -9999 -9999 -9999 -9999 -9999 -9999 -9999 -9999 209 209 208 208 208 206 206 206 205
197 199 199 202 202 202 204 204 207 207 207 208 208 208 209 209 208 208 208 207 207 206 206 206 -9999 -9999 -9999 -9999 -9999 -9999 -9999 -9999 -9999 -9999 206 206 -9999 -9999 -9999 -9999 -9999 -9999 -9999 -9999 -9999 -9999 -9999 -9999 -9999 -9999 -9999 -9999 -9999 -9999 -9999 -9999 -9999 -9999 -9999 -9999 -9999 -9999 -9999 -9999 -9999 -9999 -9999 -9999 -9999 -9999 -9999 -9999 -9999 -9999 -9999 -9999 -9999 -9999 -9999 -9999 -9999 -9999 -9999 207 207 207 207 207 207 206 206 206 205 205 205 203
197 199 199 202 202 202 204 204 207 207 207 208 208 208 209 209 208 208 208 207 207 206 206 -9999 -9999 -9999 -9999 -9999 -9999 -9999 -9999 206 206 206 206 206 206 207 207 -9999 -9999 -9999 -9999 -9999 -9999 -9999 -9999 -9999 -9999 -9999 -9999 -9999 -9999 -9999 -9999 -9999 -9999 -9999 -9999 -9999 -9999 -9999 -9999 -9999 -9999 -9999 -9999 -9999 -9999 -9999 -9999 -9999 -9999 -9999 -9999 -9999 -9999 -9999 -9999 -9999 -9999 -9999 207 207 207 207 207 207 207 206 206 206 205 205 205 203
195 196 196 198 198 198 200 200 201 201 201 203 203 203 206 206 208 208 208 208 208 206 -9999 -9999 -9999 -9999 -9999 -9999 -9999 205 205 205 205 205 205 206 206 206 206 206 -9999 -9999 -9999 -9999 -9999 -9999 -9999 -9999 -9999 -9999 -9999 -9999 -9999 -9999 -9999 -9999 -9999 -9999 -9999 -9999 -9999 -9999 -9999 -9999 -9999 -9999 -9999 -9999 -9999 -9999 -9999 -9999 -9999 -9999 -9999 -9999 -9999 -9999 -9999 -9999 207 207 207 207 206 206 206 205 205 205 205 205 203 203 203 202
195 196 196 198 198 198 200 200 201 201 201 203 203 203 206 206 208 208 208 208 208 206 206 206 -9999 -9999 -9999 204 204 205 205 205 205 205 205 206 206 206 206 206 208 208 -9999 -9999 -9999 -9999 -9999 -9999 -9999 -9999 -9999 -9999 -9999 -9999 -9999 -9999 -9999 -9999 -9999 -9999 -9999 -9999 -9999 -9999 -9999 -9999 -9999 -9999 -9999 -9999 -9999 -9999 -9999 -9999 -9999 -9999 -9999 -9999 -9999 207 207 207 207 207 206 206 206 205 205 205 205 205 203 203 203 202
195 196 196 198 198 198 200 200 201 201 201 203 203 203 206 206 208 208 208 208 208 206 206 206 205 205 205 204 204 205 205 205 205 205 205 206 206 206 206 206 208 208 210 210 210 -9999 -9999 -9999 -9999 -9999 -9999 -9999 -9999 -9999 -9999 -9999 -9999 -9999 -9999 -9999 -9999 -9999 -9999 -9999 -9999 -9999 -9999 -9999 -9999 -9999 -9999 -9999 -9999 -9999 -9999 -9999 -9999 -9999 207 207 207 207 207 207 206 206 206 205 205 205 205 205 203 203 203 202
197 196 196 195 195 195 196 196 198 198 198 200 200 200 204 204 208 208 208 208 208 206 206 206 205 205 205 204 204 204 204 204 205 205 205 206 206 206 206 206 207 207 208 208 208 210 210 -9999 -9999 -9999 -9999 -9999 -9999 -9999 -9999 -9999 -9999 -9999 -9999 -9999 -9999 -9999 -9999 -9999 -9999 -9999 -9999 -9999 -9999 -9999 -9999 -9999 -9999 -9999 -9999 208 207 207 207 207 207 207 207 207 206 206 206 205 205 204 204 204 202 202 202 200
197 196 196 195 195 195 196 196 198 198 198 200 200 200 204 204 208 208 208 208 208 206 206 206 205 205 205 204 204 204 204 204 205 205 205 206 206 206 206 206 207 207 208 208 208 210 210 210 211 -9999 -9999 -9999 -9999 -9999 -9999 -9999 -9999 -9999 -9999 -9999 -9999 -9999 -9999 -9999 -9999 -9999 -9999 -9999 -9999 -9999 -9999 -9999 -9999 -9999 208 208 207 207 207 207 207 207 207 207 206 206 206 205 205 204 204 204 202 202 202 200
191 191 191 193 193 193 196 196 200 200 200 203 203 203 204 204 207 207 207 208 208 207 207 207 206 206 206 205 205 205 205 205 205 205 205 206 206 207 207 207 206 206 207 207 207 209 209 209 211 211 212 -9999 -9999 -9999 -9999 -9999 -9999 -9999 -9999 -9999 -9999 -9999 -9999 -9999 -9999 -9999 -9999 -9999 -9999 -9999 -9999 -9999 -9999 208 208 208 207 207 207 207 207 207 206 206 204 204 204 202 202 198 198 198 195 195 195 191
191 191 191 193 193 193 196 196 200 200 200 203 203 203 204 204 207 207 207 208 208 207 207 207 206 206 206 205 205 205 205 205 205 205 205 206 206 207 207 207 206 206 207 207 207 209 209 209 211 211 212 212 212 213 213 212 212 212 212 212 212 211 211 -9999 -9999 -9999 -9999 -9999 -9999 -9999 -9999 -9999 -9999 208 208 208 207 207 207 207 207 207 206 206 204 204 204 202 202 198 198 198 195 195 195 191
191 191 191 193 193 193 196 196 200 200 200 203 203 203 204 204 207 207 207 208 208 207 207 207 206 206 206 205 205 205 205 205 205 205 205 206 206 207 207 207 206 206 207 207 207 209 209 209 211 211 212 212 212 213 213 212 212 212 212 212 212 211 211 210 210 -9999 -9999 -9999 -9999 -9999 -9999 -9999 208 208 208 208 207 207 207 207 207 207 206 206 204 204 204 202 202 198 198 198 195 195 195 191
196 199 199 203 203 203 205 205 208 208 208 209 209 209 209 209 210 210 210 211 211 210 210 210 209 209 209 207 207 206 206 206 206 206 206 206 206 207 207 207 207 207 208 208 208 209 209 209 210 210 212 212 212 213 213 212 212 212 212 212 212 211 211 210 210 210 210 -9999 -9999 -9999 -9999 208 208 208 208 208 207 207 207 206 206 206 203 203 200 200 200 196 196 192 192 192 190 190 190 188
196 199 199 203 203 203 205 205 208 208 208 209 209 209 209 209 210 210 210 211 211 210 210 210 209 209 209 207 207 206 206 206 206 206 206 206 206 207 207 207 207 207 208 208 208 209 209 209 210 210 212 212 212 213 213 212 212 212 212 212 212 211 211 210 210 210 210 210 210 209 209 208 208 208 208 208 207 207 207 206 206 206 203 203 200 200 200 196 196 192 192 192 190 190 190 188
196 199 199 203 203 203 205 205 208 208 208 209 209 209 209 209 210 210 210 211 211 210 210 210 209 209 209 207 207 206 206 206 206 206 206 206 206 207 207 207 207 207 208 208 208 209 209 209 210 210 212 212 212 213 213 212 212 212 212 212 212 211 211 210 210 210 210 210 210 209 209 208 208 208 208 208 207 207 207 206 206 206 203 203 200 200 200 196 196 192 192 192 190 190 190 188
203 205 205 207 207 207 209 209 210 210 210 212 212 212 212 212 212 212 212 212 212 211 211 211 211 211 211 209 209 207 207 207 206 206 206 206 206 207 207 207 208 208 209 209 209 210 210 210 211 211 212 212 212 212 212 211 211 211 209 209 209 207 207 205 205 205 203 203 203 202 202 201 201 201 200 200 198 198 198 197 197 197 194 194 192 192 192 189 189 187 187 187 188 188 188 188
203 205 205 207 207 207 209 209 210 210 210 212 212 212 212 212 212 212 212 212 212 211 211 211 211 211 211 209 209 207 207 207 206 206 206 206 206 207 207 207 208 208 209 209 209 210 210 210 211 211 212 212 212 212 212 211 211 211 209 209 209 207 207 205 205 205 203 203 203 202 202 201 201 201 200 200 198 198 198 197 197 197 194 194 192 192 192 189 189 187 187 187 188 188 188 188
208 209 209 211 211 211 212 212 213 213 213 214 214 214 213 213 212 212 212 210 210 209 209 209 209 209 209 207 207 205 205 205 203 203 203 203 203 204 204 204 206 206 208 208 208 209 209 209 209 209 208 208 208 206 206 203 203 203 200 200 200 197 197 195 195 195 193 193 193 191 191 190 190 190 188 188 186 186 186 186 186 186 186 186 186 186 186 186 186 184 184 184 185 185 185 186
208 209 209 211 211 211 212 212 213 213 213 214 214 214 213 213 212 212 212 210 210 209 209 209 209 209 209 207 207 205 205 205 203 203 203 203 203 204 204 204 206 206 208 208 208 209 209 209 209 209 208 208 208 206 206 203 203 203 200 200 200 197 197 195 195 195 193 193 193 191 191 190 190 190 188 188 186 186 186 186 186 186 186 186 186 186 186 186 186 184 184 184 185 185 185 186
208 209 209 211 211 211 212 212 213 213 213 214 214 214 213 213 212 212 212 210 210 209 209 209 209 209 209 207 207 205 205 205 203 203 203 203 203 204 204 204 206 206 208 208 208 209 209 209 209 209 208 208 208 206 206 203 203 203 200 200 200 197 197 195 195 195 193 193 193 191 191 190 190 190 188 188 186 186 186 186 186 186 186 186 186 186 186 186 186 184 184 184 185 185 185 186
210 210 210 212 212 212 213 213 214 214 214 215 215 215 214 214 211 211 211 209 209 206 206 206 204 204 204 202 202 202 202 202 202 202 202 203 203 204 204 204 205 205 205 205 205 204 204 204 203 203 200 200 200 196 196 192 192 192 190 190 190 189 189 188 188 188 187 187 187 186 186 186 186 186 184 184 182 182 182 183 183 183 183 183 184 184 184 183 183 181 181 181 181 181 181 182
210 210 210 212 212 212 213 213 214 214 214 215 215 215 214 214 211 211 211 209 209 206 206 206 204 204 204 202 202 202 202 202 202 202 202 203 203 204 204 204 205 205 205 205 205 204 204 204 203 203 200 200 200 196 196 192 192 192 190 190 190 189 189 188 188 188 187 187 187 186 186 186 186 186 184 184 182 182 182 183 183 183 183 183 184 184 184 183 183 181 181 181 181 181 181 182
190 192 192 195 195 195 198 198 200 200 200 198 198 198 194 194 191 191 191 190 190 190 190 190 191 191 191 192 192 194 194 194 197 197 197 200 200 202 202 202 201 201 199 199 199 195 195 195 191 191 188 188 188 185 185 182 182 182 181 181 181 180 180 180 180 180 180 180 180 180 180 179 179 179 178 178 176 176 176 176 176 176 175 175 174 174 174 172 172 169 169 169 168 168 168 168
190 192 192 195 195 195 198 198 200 200 200 198 198 198 194 194 191 191 191 190 190 190 190 190 191 191 191 192 192 194 194 194 197 197 197 200 200 202 202 202 201 201 199 199 199 195 195 195 191 191 188 188 188 185 185 182 182 182 181 181 181 180 180 180 180 180 180 180 180 180 180 179 179 179 178 178 176 176 176 176 176 176 175 175 174 174 174 172 172 169 169 169 168 168 168 168
190 192 192 195 195 195 198 198 200 200 200 198 198 198 194 194 191 191 191 190 190 190 190 190 191 191 191 192 192 194 194 194 197 197 197 200 200 202 202 202 201 201 199 199 199 195 195 195 191 191 188 188 188 185 185 182 182 182 181 181 181 180 180 180 180 180 180 180 180 180 180 179 179 179 178 178 176 176 176 176 176 176 175 175 174 174 174 172 172 169 169 169 168 168 168 168
163 167 167 171 171 171 175 175 173 173 173 165 165 165 158 158 158 158 158 162 162 167 167 167 174 174 174 179 179 184 184 184 190 190 190 194 194 197 197 197 195 195 190 190 190 184 184 184 178 178 175 175 175 173 173 172 172 172 172 172 172 173 173 175 175 175 176 176 176 176 176 176 176 176 173 173 170 170 170 168 168 168 166 166 164 164 164 162 162 159 159 159 156 156 156 153
163 167 167 171 171 171 175 175 173 173 173 165 165 165 158 158 158 158 158 162 162 167 167 167 174 174 174 179 179 184 184 184 190 190 190 194 194 197 197 197 195 195 190 190 190 184 184 184 178 178 175 175 175 173 173 172 172 172 172 172 172 173 173 175 175 175 176 176 176 176 176 176 176 176 173 173 170 170 170 168 168 168 166 166 164 164 164 162 162 159 159 159 156 156 156 153
163 167 167 171 171 171 175 175 173 173 173 165 165 165 158 158 158 158 158 162 162 167 167 167 174 174 174 179 179 184 184 184 190 190 190 194 194 197 197 197 195 195 190 190 190 184 184 184 178 178 175 175 175 173 173 172 172 172 172 172 172 173 173 175 175 175 176 176 176 176 176 176 176 176 173 173 170 170 170 168 168 168 166 166 164 164 164 162 162 159 159 159 156 156 156 153
144 144 144 143 143 143 138 138 131 131 131 127 127 127 129 129 136 136 136 143 143 152 152 152 162 162 162 169 169 176 176 176 181 181 181 184 184 184 184 184 181 181 174 174 174 168 168 168 163 163 161 161 161 161 161 162 162 162 163 163 163 165 165 168 168 168 170 170 170 171 171 170 170 170 167 167 163 163 163 161 161 161 159 159 157 157 157 155 155 151 151 151 146 146 146 141
144 144 144 143 143 143 138 138 131 131 131 127 127 127 129 129 136 136 136 143 143 152 152 152 162 162 162 169 169 176 176 176 181 181 181 184 184 184 184 184 181 181 174 174 174 168 168 168 163 163 161 161 161 161 161 162 162 162 163 163 163 165 165 168 168 168 170 170 170 171 171 170 170 170 167 167 163 163 163 161 161 161 159 159 157 157 157 155 155 151 151 151 146 146 146 141
126 123 123 118 118 118 112 112 109 109 109 114 114 114 122 122 128 128 128 132 132 137 137 137 145 145 145 151 151 154 154 154 154 154 154 151 151 149 149 149 145 145 143 143 143 141 141 141 139 139 140 140 140 142 142 144 144 144 146 146 146 148 148 150 150 150 151 151 151 152 152 152 152 152 151 151 149 149 149 148 148 148 147 147 146 146 146 144 144 141 141 141 135 135 135 126
126 123 123 118 118 118 112 112 109 109 109 114 114 114 122 122 128 128 128 132 132 137 137 137 145 145 145 151 151 154 154 154 154 154 154 151 151 149 149 149 145 145 143 143 143 141 141 141 139 139 140 140 140 142 142 144 144 144 146 146 146 148 148 150 150 150 151 151 151 152 152 152 152 152 151 151 149 149 149 148 148 148 147 147 146 146 146 144 144 141 141 141 135 135 135 126
126 123 123 118 118 118 112 112 109 109 109 114 114 114 122 122 128 128 128 132 132 137 137 137 145 145 145 151 151 154 154 154 154 154 154 151 151 149 149 149 145 145 143 143 143 141 141 141 139 139 140 140 140 142 142 144 144 144 146 146 146 148 148 150 150 150 151 151 151 152 152 152 152 152 151 151 149 149 149 148 148 148 147 147 146 146 146 144 144 141 141 141 135 135 135 126
110 107 107 104 104 104 107 107 113 113 113 117 117 117 119 119 122 122 122 125 125 126 126 126 129 129 129 130 130 128 128 128 123 123 123 116 116 112 112 112 112 112 114 114 114 117 117 117 120 120 123 123 123 127 127 130 130 130 132 132 132 133 133 132 132 132 131 131 131 132 132 134 134 134 136 136 137 137 137 139 139 139 140 140 139 139 139 138 138 135 135 135 132 132 132 125
110 107 107 104 104 104 107 107 113 113 113 117 117 117 119 119 122 122 122 125 125 126 126 126 129 129 129 130 130 128 128 128 123 123 123 116 116 112 112 112 112 112 114 114 114 117 117 117 120 120 123 123 123 127 127 130 130 130 132 132 132 133 133 132 132 132 131 131 131 132 132 134 134 134 136 136 137 137 137 139 139 139 140 140 139 139 139 138 138 135 135 135 132 132 132 125
110 107 107 104 104 104 107 107 113 113 113 117 117 117 119 119 122 122 122 125 125 126 126 126 129 129 129 130 130 128 128 128 123 123 123 116 116 112 112 112 112 112 114 114 114 117 117 117 120 120 123 123 123 127 127 130 130 130 132 132 132 133 133 132 132 132 131 131 131 132 132 134 134 134 136 136 137 137 137 139 139 139 140 140 139 139 139 138 138 135 135 135 132 132 132 125
