SEB_model/sample_data_files/historical/hillshade/aprilnoon.txt
ncols         559
nrows         351
xllcorner     388608.08691406
yllcorner     7584381.3441773
cellsize      5
NODATA_value  -9999
[rows 215 to 257 of 351, columns 96 to 191 of 559]
54 0 0 0 0 0 0 0 0 0 0 21 21 21 34 34 65 65 65 80 80 71 71 -9999 -9999 -9999 -9999 -9999 -9999 -9999 -9999 -9999 -9999 -9999 -9999 -9999 -9999 -9999 -9999 -9999 -9999 -9999 -9999 -9999 -9999 -9999 -9999 75 0 0 -9999 -9999 -9999 -9999 -9999 -9999 -9999 -9999 -9999 -9999 -9999 -9999 72 0 0 0 0 0 0 6 6 63 63 63 90 90 93 93 93 100 100 100 100 100 100 100 100 77 77 48 48 48 48 48 48 44
54 0 0 0 0 0 0 0 0 0 0 21 21 21 34 34 65 65 65 80 80 71 -9999 -9999 -9999 -9999 -9999 -9999 -9999 -9999 -9999 -9999 -9999 -9999 -9999 -9999 -9999 -9999 -9999 -9999 -9999 -9999 -9999 -9999 -9999 75 75 75 0 0 0 0 -9999 -9999 -9999 -9999 -9999 -9999 -9999 95 95 72 72 0 0 0 0 0 0 6 6 63 63 63 90 90 93 93 93 100 100 100 100 100 100 100 100 77 77 48 48 48 48 48 48 44
54 0 0 0 0 0 0 0 0 0 0 21 21 21 34 34 65 65 65 80 80 71 -9999 -9999 -9999 -9999 -9999 -9999 -9999 -9999 -9999 -9999 -9999 -9999 -9999 -9999 -9999 -9999 -9999 75 80 80 88 88 88 75 75 75 0 0 0 0 0 0 0 67 67 67 95 95 95 72 72 0 0 0 0 0 0 6 6 63 63 63 90 90 93 93 93 100 100 100 100 100 100 100 100 77 77 48 48 48 48 48 48 44
58 36 36 25 25 25 27 27 44 44 44 78 78 78 91 91 85 85 85 81 81 71 -9999 -9999 -9999 -9999 -9999 -9999 -9999 -9999 -9999 -9999 -9999 -9999 -9999 -9999 -9999 -9999 -9999 87 80 80 0 0 0 0 0 0 35 35 32 32 32 25 25 0 0 0 0 0 0 0 0 44 44 44 88 88 88 100 100 99 99 99 100 100 102 102 102 109 109 109 110 110 110 110 110 110 110 101 101 101 86 86 86 65
58 36 36 25 25 25 27 27 44 44 44 78 78 78 91 91 85 85 85 81 81 -9999 -9999 -9999 -9999 -9999 -9999 -9999 -9999 -9999 -9999 -9999 -9999 -9999 -9999 -9999 -9999 -9999 -9999 -9999 80 80 0 0 0 0 0 0 35 35 32 32 32 25 25 0 0 0 0 0 0 0 0 44 44 44 88 88 88 100 100 99 99 99 100 100 102 102 102 109 109 109 110 110 110 110 110 110 110 101 101 101 86 86 86 65
75 84 84 87 87 87 89 89 89 89 89 90 90 90 91 91 91 91 91 -9999 -9999 -9999 -9999 -9999 -9999 -9999 -9999 -9999 -9999 -9999 -9999 -9999 -9999 -9999 -9999 -9999 -9999 -9999 -9999 -9999 106 106 73 73 73 71 71 71 117 117 139 139 139 112 112 61 61 61 37 37 37 61 61 110 110 110 125 125 125 116 116 113 113 113 108 108 107 107 107 114 114 114 116 116 114 114 114 112 112 109 109 109 102 102 102 86
75 84 84 87 87 87 89 89 89 89 89 90 90 90 91 91 91 91 -9999 -9999 -9999 -9999 -9999 -9999 -9999 -9999 -9999 -9999 -9999 -9999 -9999 -9999 -9999 -9999 -9999 -9999 -9999 -9999 -9999 104 106 106 73 73 73 71 71 71 117 117 139 139 139 112 112 61 61 61 37 37 37 61 61 110 110 110 125 125 125 116 116 113 113 113 108 108 107 107 107 114 114 114 116 116 114 114 114 112 112 109 109 109 102 102 102 86
75 84 84 87 87 87 89 89 89 89 89 90 90 90 91 91 91 91 -9999 -9999 -9999 -9999 -9999 -9999 -9999 -9999 -9999 -9999 -9999 -9999 -9999 -9999 -9999 -9999 83 93 93 104 104 104 106 106 73 73 73 71 71 71 117 117 139 139 139 112 112 61 61 61 37 37 37 61 61 110 110 110 125 125 125 116 116 113 113 113 108 108 107 107 107 114 114 114 116 116 114 114 114 112 112 109 109 109 102 102 102 86
0 75 75 88 88 88 89 89 90 90 90 92 92 92 94 94 95 95 95 -9999 -9999 -9999 -9999 -9999 -9999 -9999 -9999 -9999 -9999 -9999 -9999 -9999 -9999 -9999 95 100 100 87 87 87 100 100 133 133 133 140 140 140 139 139 141 141 141 144 144 143 143 143 142 142 142 138 138 135 135 135 133 133 133 128 128 126 126 126 117 117 111 111 111 115 115 115 115 115 111 111 111 106 106 104 104 104 104 104 104 94
0 75 75 88 88 88 89 89 90 90 90 92 92 92 94 94 95 95 95 -9999 -9999 -9999 -9999 -9999 -9999 -9999 -9999 -9999 -9999 -9999 -9999 -9999 -9999 -9999 95 100 100 87 87 87 100 100 133 133 133 140 140 140 139 139 141 141 141 144 144 143 143 143 142 142 142 138 138 135 135 135 133 133 133 128 128 126 126 126 117 117 111 111 111 115 115 115 115 115 111 111 111 106 106 104 104 104 104 104 104 94
63 85 85 94 94 94 94 94 94 94 94 96 96 96 98 98 104 104 104 -9999 -9999 -9999 -9999 -9999 -9999 -9999 -9999 -9999 -9999 -9999 -9999 -9999 -9999 115 115 125 125 112 112 112 112 112 140 140 140 150 150 150 147 147 146 146 146 144 144 141 141 141 139 139 139 137 137 136 136 136 135 135 135 134 134 135 135 135 127 127 117 117 117 116 116 116 113 113 108 108 108 104 104 102 102 102 104 104 104 99
63 85 85 94 94 94 94 94 94 94 94 96 96 96 98 98 104 104 -9999 -9999 -9999 -9999 -9999 -9999 -9999 -9999 -9999 -9999 -9999 -9999 -9999 -9999 -9999 -9999 115 125 125 112 112 112 112 112 140 140 140 150 150 150 147 147 146 146 146 144 144 141 141 141 139 139 139 137 137 136 136 136 135 135 135 134 134 135 135 135 127 127 117 117 117 116 116 116 113 113 108 108 108 104 104 102 102 102 104 104 104 99
63 85 85 94 94 94 94 94 94 94 94 96 96 96 98 98 104 -9999 -9999 -9999 -9999 -9999 -9999 -9999 -9999 -9999 -9999 -9999 -9999 -9999 -9999 -9999 -9999 115 115 125 125 112 112 112 112 112 140 140 140 150 150 150 147 147 146 146 146 144 144 141 141 141 139 139 139 137 137 136 136 136 135 135 135 134 134 135 135 135 127 127 117 117 117 116 116 116 113 113 108 108 108 104 104 102 102 102 104 104 104 99
109 105 105 100 100 100 98 98 97 97 97 98 98 98 99 99 100 -9999 -9999 -9999 -9999 -9999 -9999 -9999 -9999 -9999 -9999 -9999 -9999 -9999 123 123 124 124 124 139 139 158 158 158 160 160 160 160 160 159 159 159 155 155 149 149 149 142 142 136 136 136 136 136 136 135 135 136 136 136 137 137 137 137 137 137 137 137 131 131 121 121 121 116 116 116 111 111 107 107 107 103 103 101 101 101 102 102 102 99
109 105 105 100 100 100 98 98 97 97 97 98 98 98 99 99 100 100 -9999 -9999 -9999 -9999 -9999 -9999 -9999 -9999 -9999 -9999 -9999 123 123 123 124 124 124 139 139 158 158 158 160 160 160 160 160 159 159 159 155 155 149 149 149 142 142 136 136 136 136 136 136 135 135 136 136 136 137 137 137 137 137 137 137 137 131 131 121 121 121 116 116 116 111 111 107 107 107 103 103 101 101 101 102 102 102 99
109 105 105 100 100 100 98 98 97 97 97 98 98 98 99 99 100 100 100 94 -9999 -9999 -9999 -9999 -9999 -9999 95 111 111 123 123 123 124 124 124 139 139 158 158 158 160 160 160 160 160 159 159 159 155 155 149 149 149 142 142 136 136 136 136 136 136 135 135 136 136 136 137 137 137 137 137 137 137 137 131 131 121 121 121 116 116 116 111 111 107 107 107 103 103 101 101 101 102 102 102 99
113 105 105 96 96 96 91 91 88 88 88 87 87 87 88 88 87 87 87 84 84 92 -9999 -9999 111 111 111 128 128 138 138 138 137 137 137 141 141 157 157 157 162 162 162 162 162 157 157 157 147 147 139 139 139 130 130 125 125 125 131 131 131 134 134 137 137 137 138 138 138 135 135 135 135 135 129 129 121 121 121 117 117 117 113 113 108 108 108 103 103 98 98 98 99 99 99 97
113 105 105 96 96 96 91 91 88 88 88 87 87 87 88 88 87 87 87 84 84 92 92 92 111 111 111 128 128 138 138 138 137 137 137 141 141 157 157 157 162 162 162 162 162 157 157 157 147 147 139 139 139 130 130 125 125 125 131 131 131 134 134 137 137 137 138 138 138 135 135 135 135 135 129 129 121 121 121 117 117 117 113 113 108 108 108 103 103 98 98 98 99 99 99 97
114 105 105 95 95 95 87 87 83 83 83 79 79 79 78 78 84 84 84 93 93 105 105 105 121 121 121 134 134 145 145 145 147 147 147 148 148 153 153 153 155 155 152 152 152 141 141 141 127 127 121 121 121 116 116 114 114 114 124 124 124 134 134 136 136 136 135 135 135 129 129 128 128 128 125 125 121 121 121 120 120 120 116 116 111 111 111 103 103 96 96 96 96 96 96 95
114 105 105 95 95 95 87 87 83 83 83 79 79 79 78 78 84 84 84 93 93 105 105 105 121 121 121 134 134 145 145 145 147 147 147 148 148 153 153 153 155 155 152 152 152 141 141 141 127 127 121 121 121 116 116 114 114 114 124 124 124 134 134 136 136 136 135 135 135 129 129 128 128 128 125 125 121 121 121 120 120 120 116 116 111 111 111 103 103 96 96 96 96 96 96 95
114 105 105 95 95 95 87 87 83 83 83 79 79 79 78 78 84 84 84 93 93 105 105 105 121 121 121 134 134 145 145 145 147 147 147 148 148 153 153 153 155 155 152 152 152 141 141 141 127 127 121 121 121 116 116 114 114 114 124 124 124 134 134 136 136 136 135 135 135 129 129 128 128 128 125 125 121 121 121 120 120 120 116 116 111 111 111 103 103 96 96 96 96 96 96 95
114 109 109 104 104 104 97 97 91 91 91 86 86 86 85 85 90 90 90 101 101 111 111 111 119 119 119 128 128 136 136 136 137 137 137 137 137 141 141 141 140 140 135 135 135 126 126 126 118 118 116 116 116 116 116 112 112 112 122 122 122 132 132 134 134 134 130 130 130 122 122 122 122 122 122 122 120 120 120 119 119 119 114 114 110 110 110 103 103 93 93 93 89 89 89 87
114 109 109 104 104 104 97 97 91 91 91 86 86 86 85 85 90 90 90 101 101 111 111 111 119 119 119 128 128 136 136 136 137 137 137 137 137 141 141 141 140 140 135 135 135 126 126 126 118 118 116 116 116 116 116 112 112 112 122 122 122 132 132 134 134 134 130 130 130 122 122 122 122 122 122 122 120 120 120 119 119 119 114 114 110 110 110 103 103 93 93 93 89 89 89 87
117 117 117 115 115 115 111 111 106 106 106 102 102 102 102 102 107 107 107 113 113 114 114 114 113 113 113 116 116 122 122 122 125 125 125 124 124 126 126 126 125 125 122 122 122 120 120 120 117 117 117 117 117 118 118 110 110 110 114 114 114 121 121 123 123 123 122 122 122 117 117 118 118 118 119 119 118 118 118 118 118 118 114 114 114 114 114 112 112 103 103 103 94 94 94 88
117 117 117 115 115 115 111 111 106 106 106 102 102 102 102 102 107 107 107 113 113 114 114 114 113 113 113 116 116 122 122 122 125 125 125 124 124 126 126 126 125 125 122 122 122 120 120 120 117 117 117 117 117 118 118 110 110 110 114 114 114 121 121 123 123 123 122 122 122 117 117 118 118 118 119 119 118 118 118 118 118 118 114 114 114 114 114 112 112 103 103 103 94 94 94 88
117 117 117 115 115 115 111 111 106 106 106 102 102 102 102 102 107 107 107 113 113 114 114 114 113 113 113 116 116 122 122 122 125 125 125 124 124 126 126 126 125 125 122 122 122 120 120 120 117 117 117 117 117 118 118 110 110 110 114 114 114 121 121 123 123 123 122 122 122 117 117 118 118 118 119 119 118 118 118 118 118 118 114 114 114 114 114 112 112 103 103 103 94 94 94 88
124 126 126 127 127 127 127 127 126 126 126 125 125 125 125 125 125 125 125 123 123 118 118 118 112 112 112 110 110 115 115 115 117 117 117 115 115 114 114 114 116 116 120 120 120 121 121 121 117 117 117 117 117 116 116 104 104 104 100 100 100 100 100 105 105 105 112 112 112 111 111 112 112 112 113 113 113 113 113 114 114 114 110 110 108 108 108 106 106 97 97 97 88 88 88 81
124 126 126 127 127 127 127 127 126 126 126 125 125 125 125 125 125 125 125 123 123 118 118 118 112 112 112 110 110 115 115 115 117 117 117 115 115 114 114 114 116 116 120 120 120 121 121 121 117 117 117 117 117 116 116 104 104 104 100 100 100 100 100 105 105 105 112 112 112 111 111 112 112 112 113 113 113 113 113 114 114 114 110 110 108 108 108 106 106 97 97 97 88 88 88 81
124 126 126 127 127 127 127 127 126 126 126 125 125 125 125 125 125 125 125 123 123 118 118 118 112 112 112 110 110 115 115 115 117 117 117 115 115 114 114 114 116 116 120 120 120 121 121 121 117 117 117 117 117 116 116 104 104 104 100 100 100 100 100 105 105 105 112 112 112 111 111 112 112 112 113 113 113 113 113 114 114 114 110 110 108 108 108 106 106 97 97 97 88 88 88 81
131 134 134 137 137 137 140 140 143 143 143 146 146 146 145 145 139 139 139 131 131 123 123 123 116 116 116 113 113 115 115 115 114 114 114 110 110 109 109 109 112 112 118 118 118 118 118 118 114 114 111 111 111 107 107 92 92 92 84 84 84 84 84 92 92 92 103 103 103 105 105 105 105 105 103 103 101 101 101 100 100 100 95 95 90 90 90 89 89 83 83 83 70 70 70 56
131 134 134 137 137 137 140 140 143 143 143 146 146 146 145 145 139 139 139 131 131 123 123 123 116 116 116 113 113 115 115 115 114 114 114 110 110 109 109 109 112 112 118 118 118 118 118 118 114 114 111 111 111 107 107 92 92 92 84 84 84 84 84 92 92 92 103 103 103 105 105 105 105 105 103 103 101 101 101 100 100 100 95 95 90 90 90 89 89 83 83 83 70 70 70 56
137 140 140 144 144 144 148 148 153 153 153 157 157 157 155 155 147 147 147 136 136 127 127 127 121 121 121 118 118 117 117 117 114 114 114 108 108 105 105 105 105 105 110 110 110 111 111 111 110 110 109 109 109 104 104 88 88 88 81 81 81 82 82 87 87 87 97 97 97 100 100 99 99 99 95 95 91 91 91 90 90 90 84 84 78 78 78 77 77 74 74 74 63 63 63 41
137 140 140 144 144 144 148 148 153 153 153 157 157 157 155 155 147 147 147 136 136 127 127 127 121 121 121 118 118 117 117 117 114 114 114 108 108 105 105 105 105 105 110 110 110 111 111 111 110 110 109 109 109 104 104 88 88 88 81 81 81 82 82 87 87 87 97 97 97 100 100 99 99 99 95 95 91 91 91 90 90 90 84 84 78 78 78 77 77 74 74 74 63 63 63 41
137 140 140 144 144 144 148 148 153 153 153 157 157 157 155 155 147 147 147 136 136 127 127 127 121 121 121 118 118 117 117 117 114 114 114 108 108 105 105 105 105 105 110 110 110 111 111 111 110 110 109 109 109 104 104 88 88 88 81 81 81 82 82 87 87 87 97 97 97 100 100 99 99 99 95 95 91 91 91 90 90 90 84 84 78 78 78 77 77 74 74 74 63 63 63 41
140 143 143 147 147 147 152 152 156 156 156 158 158 158 157 157 151 151 151 141 141 131 131 131 123 123 123 118 118 117 117 117 114 114 114 109 109 104 104 104 101 101 106 106 106 113 113 113 117 117 118 118 118 114 114 99 99 99 89 89 89 84 84 83 83 83 87 87 87 92 92 94 94 94 91 91 88 88 88 90 90 90 87 87 82 82 82 77 77 71 71 71 60 60 60 36
140 143 143 147 147 147 152 152 156 156 156 158 158 158 157 157 151 151 151 141 141 131 131 131 123 123 123 118 118 117 117 117 114 114 114 109 109 104 104 104 101 101 106 106 106 113 113 113 117 117 118 118 118 114 114 99 99 99 89 89 89 84 84 83 83 83 87 87 87 92 92 94 94 94 91 91 88 88 88 90 90 90 87 87 82 82 82 77 77 71 71 71 60 60 60 36
140 143 143 147 147 147 152 152 156 156 156 158 158 158 157 157 151 151 151 141 141 131 131 131 123 123 123 118 118 117 117 117 114 114 114 109 109 104 104 104 101 101 106 106 106 113 113 113 117 117 118 118 118 114 114 99 99 99 89 89 89 84 84 83 83 83 87 87 87 92 92 94 94 94 91 91 88 88 88 90 90 90 87 87 82 82 82 77 77 71 71 71 60 60 60 36
145 148 148 150 150 150 151 151 152 152 152 154 154 154 155 155 153 153 153 146 146 137 137 137 127 127 127 119 119 117 117 117 114 114 114 110 110 106 106 106 102 102 105 105 105 116 116 116 125 125 128 128 128 125 125 111 111 111 98 98 98 88 88 82 82 82 82 82 82 86 86 93 93 93 95 95 95 95 95 99 99 99 99 99 94 94 94 88 88 83 83 83 76 76 76 57
145 148 148 150 150 150 151 151 152 152 152 154 154 154 155 155 153 153 153 146 146 137 137 137 127 127 127 119 119 117 117 117 114 114 114 110 110 106 106 106 102 102 105 105 105 116 116 116 125 125 128 128 128 125 125 111 111 111 98 98 98 88 88 82 82 82 82 82 82 86 86 93 93 93 95 95 95 95 95 99 99 99 99 99 94 94 94 88 88 83 83 83 76 76 76 57
154 157 157 153 153 153 146 146 146 146 146 150 150 150 153 153 153 153 153 149 149 143 143 143 133 133 133 124 124 120 120 120 117 117 117 113 113 110 110 110 106 106 106 106 106 111 111 111 118 118 129 129 129 136 136 127 127 127 109 109 109 92 92 81 81 81 79 79 79 81 81 91 91 91 94 94 93 93 93 94 94 94 92 92 90 90 90 88 88 90 90 90 95 95 95 89
154 157 157 153 153 153 146 146 146 146 146 150 150 150 153 153 153 153 153 149 149 143 143 143 133 133 133 124 124 120 120 120 117 117 117 113 113 110 110 110 106 106 106 106 106 111 111 111 118 118 129 129 129 136 136 127 127 127 109 109 109 92 92 81 81 81 79 79 79 81 81 91 91 91 94 94 93 93 93 94 94 94 92 92 90 90 90 88 88 90 90 90 95 95 95 89
154 157 157 153 153 153 146 146 146 146 146 150 150 150 153 153 153 153 153 149 149 143 143 143 133 133 133 124 124 120 120 120 117 117 117 113 113 110 110 110 106 106 106 106 106 111 111 111 118 118 129 129 129 136 136 127 127 127 109 109 109 92 92 81 81 81 79 79 79 81 81 91 91 91 94 94 93 93 93 94 94 94 92 92 90 90 90 88 88 90 90 90 95 95 95 89
159 162 162 153 153 153 144 144 143 143 143 148 148 148 151 151 151 151 151 148 148 144 144 144 136 136 136 127 127 121 121 121 118 118 118 116 116 114 114 114 112 112 112 112 112 112 112 112 115 115 125 125 125 137 137 137 137 137 121 121 121 98 98 83 83 83 76 76 76 74 74 81 81 81 80 80 74 74 74 72 72 72 71 71 75 75 75 80 80 86 86 86 90 90 90 85
