SEB_model/sample_data_files/historical/hillshade/aprilnoon.txt
ncols         559
nrows         351
xllcorner     388608.08691406
yllcorner     7584381.3441773
cellsize      5
NODATA_value  -9999
[rows 129 to 171 of 351, columns 384 to 479 of 559]
127 127 127 128 128 128 129 129 130 130 130 128 128 124 124 124 124 124 124 122 122 119 119 119 118 118 118 117 117 120 120 120 123 123 126 126 126 127 127 127 125 125 122 122 122 116 116 111 111 111 110 110 110 109 109 108 108 108 109 109 109 109 109 111 111 111 112 112 110 110 110 105 105 105 100 100 104 104 104 111 111 119 119 119 128 128 128 133 133 135 135 135 134 134 134 133
127 127 127 128 128 128 129 129 130 130 130 128 128 124 124 124 124 124 124 122 122 119 119 119 118 118 118 117 117 120 120 120 123 123 126 126 126 127 127 127 125 125 122 122 122 116 116 111 111 111 110 110 110 109 109 108 108 108 109 109 109 109 109 111 111 111 112 112 110 110 110 105 105 105 100 100 104 104 104 111 111 119 119 119 128 128 128 133 133 135 135 135 134 134 134 133
128 128 128 126 126 126 125 125 126 126 126 124 124 121 121 121 121 121 121 119 119 117 117 117 118 118 118 120 120 127 127 127 132 132 134 134 134 134 134 134 130 130 128 128 128 124 124 120 120 120 120 120 120 117 117 114 114 114 113 113 113 111 111 114 114 114 115 115 114 114 114 111 111 111 105 105 103 103 103 99 99 96 96 96 102 102 102 112 112 123 123 123 130 130 130 130
128 128 128 126 126 126 125 125 126 126 126 124 124 121 121 121 121 121 121 119 119 117 117 117 118 118 118 120 120 127 127 127 132 132 134 134 134 134 134 134 130 130 128 128 128 124 124 120 120 120 120 120 120 117 117 114 114 114 113 113 113 111 111 114 114 114 115 115 114 114 114 111 111 111 105 105 103 103 103 99 99 96 96 96 102 102 102 112 112 123 123 123 130 130 130 130
128 128 128 126 126 126 125 125 126 126 126 124 124 121 121 121 121 121 121 119 119 117 117 117 118 118 118 120 120 127 127 127 132 132 134 134 134 134 134 134 130 130 128 128 128 124 124 120 120 120 120 120 120 117 117 114 114 114 113 113 113 111 111 114 114 114 115 115 114 114 114 111 111 111 105 105 103 103 103 99 99 96 96 96 102 102 102 112 112 123 123 123 130 130 130 130
130 130 130 126 126 126 124 124 125 125 125 123 123 120 120 120 121 121 121 120 120 121 121 121 126 126 126 131 131 139 139 139 141 141 140 140 140 136 136 136 129 129 125 125 125 122 122 119 119 119 119 119 119 117 117 115 115 115 114 114 114 113 113 115 115 115 116 116 114 114 114 111 111 111 104 104 100 100 100 95 95 90 90 90 90 90 90 93 93 104 104 104 118 118 118 125
130 130 130 126 126 126 124 124 125 125 125 123 123 120 120 120 121 121 121 120 120 121 121 121 126 126 126 131 131 139 139 139 141 141 140 140 140 136 136 136 129 129 125 125 125 122 122 119 119 119 119 119 119 117 117 115 115 115 114 114 114 113 113 115 115 115 116 116 114 114 114 111 111 111 104 104 100 100 100 95 95 90 90 90 90 90 90 93 93 104 104 104 118 118 118 125
127 127 127 123 123 123 120 120 119 119 119 117 117 114 114 114 116 116 116 118 118 125 125 125 133 133 133 140 140 145 145 145 143 143 137 137 137 128 128 128 121 121 119 119 119 118 118 117 117 117 120 120 120 120 120 119 119 119 118 118 118 116 116 116 116 116 116 116 114 114 114 109 109 109 101 101 98 98 98 97 97 96 96 96 99 99 99 99 99 100 100 100 109 109 109 120
127 127 127 123 123 123 120 120 119 119 119 117 117 114 114 114 116 116 116 118 118 125 125 125 133 133 133 140 140 145 145 145 143 143 137 137 137 128 128 128 121 121 119 119 119 118 118 117 117 117 120 120 120 120 120 119 119 119 118 118 118 116 116 116 116 116 116 116 114 114 114 109 109 109 101 101 98 98 98 97 97 96 96 96 99 99 99 99 99 100 100 100 109 109 109 120
127 127 127 123 123 123 120 120 119 119 119 117 117 114 114 114 116 116 116 118 118 125 125 125 133 133 133 140 140 145 145 145 143 143 137 137 137 128 128 128 121 121 119 119 119 118 118 117 117 117 120 120 120 120 120 119 119 119 118 118 118 116 116 116 116 116 116 116 114 114 114 109 109 109 101 101 98 98 98 97 97 96 96 96 99 99 99 99 99 100 100 100 109 109 109 120
122 122 122 116 116 116 109 109 106 106 106 104 104 103 103 103 107 107 107 113 113 121 121 121 129 129 129 132 132 135 135 135 130 130 122 122 122 116 116 116 113 113 115 115 115 118 118 120 120 120 124 124 124 124 124 123 123 123 121 121 121 117 117 116 116 116 113 113 109 109 109 104 104 104 98 98 98 98 98 100 100 102 102 102 107 107 107 107 107 104 104 104 105 105 105 111
122 122 122 116 116 116 109 109 106 106 106 104 104 103 103 103 107 107 107 113 113 121 121 121 129 129 129 132 132 135 135 135 130 130 122 122 122 116 116 116 113 113 115 115 115 118 118 120 120 120 124 124 124 124 124 123 123 123 121 121 121 117 117 116 116 116 113 113 109 109 109 104 104 104 98 98 98 98 98 100 100 102 102 102 107 107 107 107 107 104 104 104 105 105 105 111
122 122 122 116 116 116 109 109 106 106 106 104 104 103 103 103 107 107 107 113 113 121 121 121 129 129 129 132 132 135 135 135 130 130 122 122 122 116 116 116 113 113 115 115 115 118 118 120 120 120 124 124 124 124 124 123 123 123 121 121 121 117 117 116 116 116 113 113 109 109 109 104 104 104 98 98 98 98 98 100 100 102 102 102 107 107 107 107 107 104 104 104 105 105 105 111
108 108 108 101 101 101 94 94 93 93 93 94 94 96 96 96 103 103 103 110 110 115 115 115 119 119 119 118 118 118 118 118 114 114 110 110 110 111 111 111 113 113 118 118 118 121 121 121 121 121 123 123 123 121 121 119 119 119 116 116 116 113 113 112 112 112 110 110 108 108 108 107 107 107 105 105 107 107 107 110 110 110 110 110 112 112 112 110 110 107 107 107 104 104 104 104
108 108 108 101 101 101 94 94 93 93 93 94 94 96 96 96 103 103 103 110 110 115 115 115 119 119 119 118 118 118 118 118 114 114 110 110 110 111 111 111 113 113 118 118 118 121 121 121 121 121 123 123 123 121 121 119 119 119 116 116 116 113 113 112 112 112 110 110 108 108 108 107 107 107 105 105 107 107 107 110 110 110 110 110 112 112 112 110 110 107 107 107 104 104 104 104
95 95 95 90 90 90 88 88 92 92 92 99 99 104 104 104 111 111 111 115 115 116 116 116 115 115 115 110 110 107 107 107 106 106 110 110 110 114 114 114 116 116 120 120 120 122 122 120 120 120 119 119 119 116 116 114 114 114 114 114 114 113 113 114 114 114 113 113 114 114 114 116 116 116 115 115 117 117 117 117 117 114 114 114 114 114 114 112 112 109 109 109 107 107 107 103
95 95 95 90 90 90 88 88 92 92 92 99 99 104 104 104 111 111 111 115 115 116 116 116 115 115 115 110 110 107 107 107 106 106 110 110 110 114 114 114 116 116 120 120 120 122 122 120 120 120 119 119 119 116 116 114 114 114 114 114 114 113 113 114 114 114 113 113 114 114 114 116 116 116 115 115 117 117 117 117 117 114 114 114 114 114 114 112 112 109 109 109 107 107 107 103
95 95 95 90 90 90 88 88 92 92 92 99 99 104 104 104 111 111 111 115 115 116 116 116 115 115 115 110 110 107 107 107 106 106 110 110 110 114 114 114 116 116 120 120 120 122 122 120 120 120 119 119 119 116 116 114 114 114 114 114 114 113 113 114 114 114 113 113 114 114 114 116 116 116 115 115 117 117 117 117 117 114 114 114 114 114 114 112 112 109 109 109 107 107 107 103
99 99 99 98 98 98 100 100 107 107 107 114 114 119 119 119 125 125 125 126 126 123 123 123 117 117 117 110 110 109 109 109 113 113 119 119 119 122 122 122 121 121 122 122 122 121 121 118 118 118 119 119 119 119 119 119 119 119 120 120 120 118 118 119 119 119 120 120 122 122 122 123 123 123 120 120 117 117 117 114 114 110 110 110 111 111 111 110 110 109 109 109 106 106 106 101
99 99 99 98 98 98 100 100 107 107 107 114 114 119 119 119 125 125 125 126 126 123 123 123 117 117 117 110 110 109 109 109 113 113 119 119 119 122 122 122 121 121 122 122 122 121 121 118 118 118 119 119 119 119 119 119 119 119 120 120 120 118 118 119 119 119 120 120 122 122 122 123 123 123 120 120 117 117 117 114 114 110 110 110 111 111 111 110 110 109 109 109 106 106 106 101
100 100 100 105 105 105 112 112 120 120 120 125 125 128 128 128 131 131 131 129 129 122 122 122 116 116 116 112 112 114 114 114 119 119 124 124 124 127 127 127 124 124 122 122 122 120 120 119 119 119 123 123 123 125 125 126 126 126 126 126 126 123 123 123 123 123 123 123 124 124 124 123 123 123 118 118 115 115 115 112 112 109 109 109 111 111 111 113 113 113 113 113 110 110 110 106
100 100 100 105 105 105 112 112 120 120 120 125 125 128 128 128 131 131 131 129 129 122 122 122 116 116 116 112 112 114 114 114 119 119 124 124 124 127 127 127 124 124 122 122 122 120 120 119 119 119 123 123 123 125 125 126 126 126 126 126 126 123 123 123 123 123 123 123 124 124 124 123 123 123 118 118 115 115 115 112 112 109 109 109 111 111 111 113 113 113 113 113 110 110 110 106
100 100 100 105 105 105 112 112 120 120 120 125 125 128 128 128 131 131 131 129 129 122 122 122 116 116 116 112 112 114 114 114 119 119 124 124 124 127 127 127 124 124 122 122 122 120 120 119 119 119 123 123 123 125 125 126 126 126 126 126 126 123 123 123 123 123 123 123 124 124 124 123 123 123 118 118 115 115 115 112 112 109 109 109 111 111 111 113 113 113 113 113 110 110 110 106
87 87 87 98 98 98 109 109 118 118 118 123 123 122 122 122 121 121 121 114 114 108 108 108 106 106 106 108 108 113 113 113 118 118 123 123 123 126 126 126 124 124 124 124 124 125 125 125 125 125 128 128 128 129 129 129 129 129 127 127 127 123 123 123 123 123 123 123 122 122 122 120 120 120 114 114 114 114 114 114 114 113 113 113 115 115 115 117 117 117 117 117 116 116 116 114
87 87 87 98 98 98 109 109 118 118 118 123 123 122 122 122 121 121 121 114 114 108 108 108 106 106 106 108 108 113 113 113 118 118 123 123 123 126 126 126 124 124 124 124 124 125 125 125 125 125 128 128 128 129 129 129 129 129 127 127 127 123 123 123 123 123 123 123 122 122 122 120 120 120 114 114 114 114 114 114 114 113 113 113 115 115 115 117 117 117 117 117 116 116 116 114
87 87 87 98 98 98 109 109 118 118 118 123 123 122 122 122 121 121 121 114 114 108 108 108 106 106 106 108 108 113 113 113 118 118 123 123 123 126 126 126 124 124 124 124 124 125 125 125 125 125 128 128 128 129 129 129 129 129 127 127 127 123 123 123 123 123 123 123 122 122 122 120 120 120 114 114 114 114 114 114 114 113 113 113 115 115 115 117 117 117 117 117 116 116 116 114
80 80 80 94 94 94 104 104 110 110 110 110 110 107 107 107 107 107 107 107 107 110 110 110 114 114 114 116 116 117 117 117 117 117 118 118 118 120 120 120 119 119 119 119 119 119 119 119 119 119 121 121 121 120 120 118 118 118 117 117 117 115 115 117 117 117 118 118 117 117 117 116 116 116 114 114 116 116 116 118 118 118 118 118 121 121 121 121 121 121 121 121 121 121 121 118
80 80 80 94 94 94 104 104 110 110 110 110 110 107 107 107 107 107 107 107 107 110 110 110 114 114 114 116 116 117 117 117 117 117 118 118 118 120 120 120 119 119 119 119 119 119 119 119 119 119 121 121 121 120 120 118 118 118 117 117 117 115 115 117 117 117 118 118 117 117 117 116 116 116 114 114 116 116 116 118 118 118 118 118 121 121 121 121 121 121 121 121 121 121 121 118
96 96 96 108 108 108 114 114 117 117 117 115 115 112 112 112 114 114 114 118 118 122 122 122 123 123 123 121 121 119 119 119 116 116 114 114 114 112 112 112 108 108 107 107 107 106 106 104 104 104 104 104 104 104 104 105 105 105 106 106 106 107 107 110 110 110 110 110 110 110 110 111 111 111 112 112 116 116 116 120 120 121 121 121 123 123 123 123 123 124 124 124 122 122 122 116
96 96 96 108 108 108 114 114 117 117 117 115 115 112 112 112 114 114 114 118 118 122 122 122 123 123 123 121 121 119 119 119 116 116 114 114 114 112 112 112 108 108 107 107 107 106 106 104 104 104 104 104 104 104 104 105 105 105 106 106 106 107 107 110 110 110 110 110 110 110 110 111 111 111 112 112 116 116 116 120 120 121 121 121 123 123 123 123 123 124 124 124 122 122 122 116
96 96 96 108 108 108 114 114 117 117 117 115 115 112 112 112 114 114 114 118 118 122 122 122 123 123 123 121 121 119 119 119 116 116 114 114 114 112 112 112 108 108 107 107 107 106 106 104 104 104 104 104 104 104 104 105 105 105 106 106 106 107 107 110 110 110 110 110 110 110 110 111 111 111 112 112 116 116 116 120 120 121 121 121 123 123 123 123 123 124 124 124 122 122 122 116
132 132 132 139 139 139 139 139 138 138 138 135 135 133 133 133 135 135 135 136 136 135 135 135 131 131 131 125 125 124 124 124 121 121 117 117 117 114 114 114 111 111 109 109 109 105 105 100 100 100 100 100 100 102 102 104 104 104 106 106 106 106 106 108 108 108 108 108 110 110 110 113 113 113 115 115 120 120 120 122 122 122 122 122 123 123 123 122 122 120 120 120 115 115 115 108
132 132 132 139 139 139 139 139 138 138 138 135 135 133 133 133 135 135 135 136 136 135 135 135 131 131 131 125 125 124 124 124 121 121 117 117 117 114 114 114 111 111 109 109 109 105 105 100 100 100 100 100 100 102 102 104 104 104 106 106 106 106 106 108 108 108 108 108 110 110 110 113 113 113 115 115 120 120 120 122 122 122 122 122 123 123 123 122 122 120 120 120 115 115 115 108
132 132 132 139 139 139 139 139 138 138 138 135 135 133 133 133 135 135 135 136 136 135 135 135 131 131 131 125 125 124 124 124 121 121 117 117 117 114 114 114 111 111 109 109 109 105 105 100 100 100 100 100 100 102 102 104 104 104 106 106 106 106 106 108 108 108 108 108 110 110 110 113 113 113 115 115 120 120 120 122 122 122 122 122 123 123 123 122 122 120 120 120 115 115 115 108
160 160 160 155 155 155 146 146 140 140 140 135 135 134 134 134 136 136 136 136 136 135 135 135 131 131 131 127 127 126 126 126 122 122 120 120 120 121 121 121 122 122 123 123 123 120 120 114 114 114 112 112 112 111 111 112 112 112 113 113 113 111 111 112 112 112 114 114 117 117 117 120 120 120 120 120 123 123 123 124 124 122 122 122 123 123 123 119 119 111 111 111 105 105 105 102
160 160 160 155 155 155 146 146 140 140 140 135 135 134 134 134 136 136 136 136 136 135 135 135 131 131 131 127 127 126 126 126 122 122 120 120 120 121 121 121 122 122 123 123 123 120 120 114 114 114 112 112 112 111 111 112 112 112 113 113 113 111 111 112 112 112 114 114 117 117 117 120 120 120 120 120 123 123 123 124 124 122 122 122 123 123 123 119 119 111 111 111 105 105 105 102
135 135 135 124 124 124 116 116 112 112 112 110 110 107 107 107 104 104 104 102 102 105 105 105 113 113 113 121 121 126 126 126 125 125 125 125 125 128 128 128 130 130 134 134 134 134 134 132 132 132 129 129 129 125 125 122 122 122 121 121 121 118 118 118 118 118 119 119 121 121 121 122 122 122 120 120 121 121 121 120 120 113 113 113 106 106 106 100 100 96 96 96 95 95 95 96
135 135 135 124 124 124 116 116 112 112 112 110 110 107 107 107 104 104 104 102 102 105 105 105 113 113 113 121 121 126 126 126 125 125 125 125 125 128 128 128 130 130 134 134 134 134 134 132 132 132 129 129 129 125 125 122 122 122 121 121 121 118 118 118 118 118 119 119 121 121 121 122 122 122 120 120 121 121 121 120 120 113 113 113 106 106 106 100 100 96 96 96 95 95 95 96
135 135 135 124 124 124 116 116 112 112 112 110 110 107 107 107 104 104 104 102 102 105 105 105 113 113 113 121 121 126 126 126 125 125 125 125 125 128 128 128 130 130 134 134 134 134 134 132 132 132 129 129 129 125 125 122 122 122 121 121 121 118 118 118 118 118 119 119 121 121 121 122 122 122 120 120 121 121 121 120 120 113 113 113 106 106 106 100 100 96 96 96 95 95 95 96
93 93 93 90 90 90 91 91 94 94 94 92 92 87 87 87 85 85 85 83 83 85 85 85 94 94 94 103 103 114 114 114 122 122 129 129 129 134 134 134 135 135 139 139 139 142 142 142 142 142 143 143 143 140 140 137 137 137 134 134 134 131 131 129 129 129 129 129 128 128 128 128 128 128 125 125 121 121 121 113 113 100 100 100 91 91 91 87 87 85 85 85 84 84 84 85
93 93 93 90 90 90 91 91 94 94 94 92 92 87 87 87 85 85 85 83 83 85 85 85 94 94 94 103 103 114 114 114 122 122 129 129 129 134 134 134 135 135 139 139 139 142 142 142 142 142 143 143 143 140 140 137 137 137 134 134 134 131 131 129 129 129 129 129 128 128 128 128 128 128 125 125 121 121 121 113 113 100 100 100 91 91 91 87 87 85 85 85 84 84 84 85
82 82 82 83 83 83 85 85 90 90 90 91 91 89 89 89 89 89 89 88 88 87 87 87 86 86 86 86 86 93 93 93 101 101 111 111 111 120 120 120 125 125 133 133 133 141 141 145 145 145 149 149 149 148 148 146 146 146 145 145 145 141 141 139 139 139 136 136 132 132 132 126 126 126 118 118 110 110 110 102 102 95 95 95 93 93 93 92 92 90 90 90 87 87 87 85
82 82 82 83 83 83 85 85 90 90 90 91 91 89 89 89 89 89 89 88 88 87 87 87 86 86 86 86 86 93 93 93 101 101 111 111 111 120 120 120 125 125 133 133 133 141 141 145 145 145 149 149 149 148 148 146 146 146 145 145 145 141 141 139 139 139 136 136 132 132 132 126 126 126 118 118 110 110 110 102 102 95 95 95 93 93 93 92 92 90 90 90 87 87 87 85
