SEB_model/sample_data_files/historical/hillshade/april6am.txt
ncols         559
nrows         351
xllcorner     388608.08691406
yllcorner     7584381.3441773
cellsize      5
NODATA_value  -9999
[rows 168 to 209 of 351, columns 282 to 375 of 559]
70 70 70 67 67 67 76 76 77 77 77 88 88 95 95 95 100 100 100 101 101 88 88 88 85 85 85 85 85 77 77 77 71 71 67 67 67 69 69 69 77 77 73 73 73 68 68 64 64 64 48 48 48 22 22 11 11 11 60 60 122 122 122 136 136 136 119 119 97 97 97 92 92 92 95 95 88 88 88 83 83 80 80 80 70 70 70 62 62 58 58 58 65 65
70 70 70 67 67 67 76 76 77 77 77 88 88 95 95 95 100 100 100 101 101 88 88 88 85 85 85 85 85 77 77 77 71 71 67 67 67 69 69 69 77 77 73 73 73 68 68 64 64 64 48 48 48 22 22 11 11 11 60 60 122 122 122 136 136 136 119 119 97 97 97 92 92 92 95 95 88 88 88 83 83 80 80 80 70 70 70 62 62 58 58 58 65 65
69 69 69 67 67 67 76 76 73 73 73 82 82 88 88 88 86 86 86 92 92 91 91 91 93 93 92 92 92 80 80 80 73 73 69 69 69 69 69 69 75 75 72 72 72 70 70 75 75 75 70 70 70 65 65 66 66 66 86 86 108 108 108 108 108 108 97 97 86 86 86 89 89 89 95 95 90 90 90 85 85 81 81 81 71 71 71 65 65 67 67 67 74 74
69 69 69 67 67 67 76 76 73 73 73 82 82 88 88 88 86 86 86 92 92 91 91 91 93 93 92 92 92 80 80 80 73 73 69 69 69 69 69 69 75 75 72 72 72 70 70 75 75 75 70 70 70 65 65 66 66 66 86 86 108 108 108 108 108 108 97 97 86 86 86 89 89 89 95 95 90 90 90 85 85 81 81 81 71 71 71 65 65 67 67 67 74 74
69 69 69 67 67 67 76 76 73 73 73 82 82 88 88 88 86 86 86 92 92 91 91 91 93 93 92 92 92 80 80 80 73 73 69 69 69 69 69 69 75 75 72 72 72 70 70 75 75 75 70 70 70 65 65 66 66 66 86 86 108 108 108 108 108 108 97 97 86 86 86 89 89 89 95 95 90 90 90 85 85 81 81 81 71 71 71 65 65 67 67 67 74 74
67 67 67 69 69 69 79 79 75 75 75 78 78 74 74 74 71 71 71 90 90 97 97 97 97 97 95 95 95 84 84 84 77 77 74 74 74 72 72 72 77 77 75 75 75 76 76 83 83 83 82 82 82 85 85 88 88 88 91 91 96 96 96 89 89 89 85 85 85 85 85 88 88 88 94 94 89 89 89 85 85 80 80 80 71 71 71 68 68 70 70 70 74 74
67 67 67 69 69 69 79 79 75 75 75 78 78 74 74 74 71 71 71 90 90 97 97 97 97 97 95 95 95 84 84 84 77 77 74 74 74 72 72 72 77 77 75 75 75 76 76 83 83 83 82 82 82 85 85 88 88 88 91 91 96 96 96 89 89 89 85 85 85 85 85 88 88 88 94 94 89 89 89 85 85 80 80 80 71 71 71 68 68 70 70 70 74 74
67 67 67 69 69 69 79 79 75 75 75 78 78 74 74 74 71 71 71 90 90 97 97 97 97 97 95 95 95 84 84 84 77 77 74 74 74 72 72 72 77 77 75 75 75 76 76 83 83 83 82 82 82 85 85 88 88 88 91 91 96 96 96 89 89 89 85 85 85 85 85 88 88 88 94 94 89 89 89 85 85 80 80 80 71 71 71 68 68 70 70 70 74 74
66 66 66 72 72 72 85 85 83 83 83 73 73 61 61 61 66 66 66 89 89 97 97 97 96 96 95 95 95 86 86 86 82 82 79 79 79 76 76 76 79 79 77 77 77 79 79 84 84 84 83 83 83 86 86 89 89 89 90 90 93 93 93 85 85 85 83 83 84 84 84 86 86 86 91 91 87 87 87 84 84 79 79 79 71 71 71 70 70 71 71 71 74 74
66 66 66 72 72 72 85 85 83 83 83 73 73 61 61 61 66 66 66 89 89 97 97 97 96 96 95 95 95 86 86 86 82 82 79 79 79 76 76 76 79 79 77 77 77 79 79 84 84 84 83 83 83 86 86 89 89 89 90 90 93 93 93 85 85 85 83 83 84 84 84 86 86 86 91 91 87 87 87 84 84 79 79 79 71 71 71 70 70 71 71 71 74 74
63 63 63 74 74 74 88 88 89 89 89 73 73 61 61 61 70 70 70 85 85 89 89 89 87 87 91 91 91 86 86 86 84 84 80 80 80 77 77 77 79 79 75 75 75 76 76 81 81 81 79 79 79 82 82 85 85 85 89 89 96 96 96 90 90 90 85 85 83 83 83 84 84 84 88 88 83 83 83 81 81 78 78 78 71 71 71 70 70 71 71 71 73 73
63 63 63 74 74 74 88 88 89 89 89 73 73 61 61 61 70 70 70 85 85 89 89 89 87 87 91 91 91 86 86 86 84 84 80 80 80 77 77 77 79 79 75 75 75 76 76 81 81 81 79 79 79 82 82 85 85 85 89 89 96 96 96 90 90 90 85 85 83 83 83 84 84 84 88 88 83 83 83 81 81 78 78 78 71 71 71 70 70 71 71 71 73 73
63 63 63 74 74 74 88 88 89 89 89 73 73 61 61 61 70 70 70 85 85 89 89 89 87 87 91 91 91 86 86 86 84 84 80 80 80 77 77 77 79 79 75 75 75 76 76 81 81 81 79 79 79 82 82 85 85 85 89 89 96 96 96 90 90 90 85 85 83 83 83 84 84 84 88 88 83 83 83 81 81 78 78 78 71 71 71 70 70 71 71 71 73 73
58 58 58 68 68 68 85 85 91 91 91 77 77 70 70 70 75 75 75 82 82 78 78 78 73 73 78 78 78 79 79 79 81 81 78 78 78 75 75 75 78 78 73 73 73 72 72 77 77 77 76 76 76 79 79 81 81 81 86 86 96 96 96 93 93 93 88 88 85 85 85 82 82 82 84 84 80 80 80 78 78 76 76 76 70 70 70 68 68 69 69 69 71 71
58 58 58 68 68 68 85 85 91 91 91 77 77 70 70 70 75 75 75 82 82 78 78 78 73 73 78 78 78 79 79 79 81 81 78 78 78 75 75 75 78 78 73 73 73 72 72 77 77 77 76 76 76 79 79 81 81 81 86 86 96 96 96 93 93 93 88 88 85 85 85 82 82 82 84 84 80 80 80 78 78 76 76 76 70 70 70 68 68 69 69 69 71 71
58 58 58 68 68 68 85 85 91 91 91 77 77 70 70 70 75 75 75 82 82 78 78 78 73 73 78 78 78 79 79 79 81 81 78 78 78 75 75 75 78 78 73 73 73 72 72 77 77 77 76 76 76 79 79 81 81 81 86 86 96 96 96 93 93 93 88 88 85 85 85 82 82 82 84 84 80 80 80 78 78 76 76 76 70 70 70 68 68 69 69 69 71 71
53 53 53 60 60 60 84 84 94 94 94 85 85 81 81 81 78 78 78 78 78 69 69 69 59 59 64 64 64 69 69 69 75 75 75 75 75 74 74 74 79 79 75 75 75 73 73 77 77 77 74 74 74 76 76 78 78 78 84 84 94 94 94 93 93 93 92 92 89 89 89 85 85 85 85 85 80 80 80 77 77 76 76 76 69 69 69 67 67 67 67 67 71 71
53 53 53 60 60 60 84 84 94 94 94 85 85 81 81 81 78 78 78 78 78 69 69 69 59 59 64 64 64 69 69 69 75 75 75 75 75 74 74 74 79 79 75 75 75 73 73 77 77 77 74 74 74 76 76 78 78 78 84 84 94 94 94 93 93 93 92 92 89 89 89 85 85 85 85 85 80 80 80 77 77 76 76 76 69 69 69 67 67 67 67 67 71 71
44 44 44 57 57 57 93 93 100 100 100 90 90 86 86 86 79 79 79 71 71 56 56 56 47 47 54 54 54 60 60 60 68 68 69 69 69 70 70 70 78 78 75 75 75 75 75 78 78 78 75 75 75 75 75 77 77 77 80 80 88 88 88 89 89 89 92 92 92 92 92 88 88 88 88 88 81 81 81 78 78 75 75 75 68 68 68 80 80 85 85 85 -9999 -9999
44 44 44 57 57 57 93 93 100 100 100 90 90 86 86 86 79 79 79 71 71 56 56 56 47 47 54 54 54 60 60 60 68 68 69 69 69 70 70 70 78 78 75 75 75 75 75 78 78 78 75 75 75 75 75 77 77 77 80 80 88 88 88 89 89 89 92 92 92 92 92 88 88 88 88 88 81 81 81 78 78 75 75 75 68 68 -9999 -9999 -9999 -9999 -9999 -9999 -9999 -9999
44 44 44 57 57 57 93 93 100 100 100 90 90 86 86 86 79 79 79 71 71 56 56 56 47 47 54 54 54 60 60 60 68 68 69 69 69 70 70 70 78 78 75 75 75 75 75 78 78 78 75 75 75 75 75 77 77 77 80 80 88 88 88 89 89 89 92 92 92 92 92 88 88 88 88 88 81 81 81 78 78 -9999 -9999 -9999 -9999 -9999 -9999 -9999 -9999 -9999 -9999 -9999 -9999 -9999
33 33 33 61 61 61 106 106 106 106 106 91 91 85 85 85 73 73 73 59 59 41 41 41 38 38 51 51 51 58 58 58 62 62 63 63 63 65 65 65 74 74 73 73 73 75 75 81 81 81 78 78 78 77 77 78 78 78 77 77 81 81 81 82 82 82 88 88 89 89 89 88 88 88 90 90 84 84 84 79 79 -9999 -9999 -9999 -9999 -9999 -9999 -9999 -9999 -9999 -9999 -9999 -9999 -9999
33 33 33 61 61 61 106 106 106 106 106 91 91 85 85 85 73 73 73 59 59 41 41 41 38 38 51 51 51 58 58 58 62 62 63 63 63 65 65 65 74 74 73 73 73 75 75 81 81 81 78 78 78 77 77 78 78 78 77 77 81 81 81 82 82 82 88 88 89 89 89 88 88 88 90 90 84 84 84 79 79 84 -9999 -9999 -9999 -9999 -9999 -9999 -9999 -9999 -9999 -9999 -9999 -9999
31 31 31 70 70 70 111 111 102 102 102 83 83 76 76 76 61 61 61 44 44 30 30 30 36 36 54 54 54 59 59 59 60 60 61 61 61 65 65 65 72 72 72 72 72 76 76 84 84 84 81 81 81 80 80 79 79 79 77 77 80 80 80 79 79 79 83 83 85 85 85 88 88 88 94 94 88 88 88 82 82 94 94 94 90 90 -9999 -9999 -9999 -9999 -9999 -9999 -9999 -9999
31 31 31 70 70 70 111 111 102 102 102 83 83 76 76 76 61 61 61 44 44 30 30 30 36 36 54 54 54 59 59 59 60 60 61 61 61 65 65 65 72 72 72 72 72 76 76 84 84 84 81 81 81 80 80 79 79 79 77 77 80 80 80 79 79 79 83 83 85 85 85 88 88 88 94 94 88 88 88 82 82 94 94 94 90 90 -9999 -9999 -9999 -9999 -9999 -9999 -9999 -9999
31 31 31 70 70 70 111 111 102 102 102 83 83 76 76 76 61 61 61 44 44 30 30 30 36 36 54 54 54 59 59 59 60 60 61 61 61 65 65 65 72 72 72 72 72 76 76 84 84 84 81 81 81 80 80 79 79 79 77 77 80 80 80 79 79 79 83 83 85 85 85 88 88 88 94 94 88 88 88 82 82 94 94 94 90 90 -9999 -9999 -9999 -9999 -9999 -9999 -9999 -9999
38 38 38 74 74 74 101 101 82 82 82 66 66 61 61 61 47 47 47 35 35 28 28 28 41 41 58 58 58 60 60 60 61 61 65 65 65 70 70 70 74 74 72 72 72 75 75 83 83 83 81 81 81 80 80 79 79 79 78 78 80 80 80 79 79 79 80 80 81 81 81 85 85 85 92 92 93 -9999 -9999 -9999 90 91 91 91 86 -9999 -9999 -9999 -9999 -9999 -9999 -9999 -9999 -9999
38 38 38 74 74 74 101 101 82 82 82 66 66 61 61 61 47 47 47 35 35 28 28 28 41 41 58 58 58 60 60 60 61 61 65 65 65 70 70 70 74 74 72 72 72 75 75 83 83 83 81 81 81 80 80 79 79 79 78 78 80 80 80 79 79 79 80 80 -9999 81 81 85 85 85 92 92 -9999 -9999 -9999 -9999 -9999 -9999 -9999 -9999 -9999 -9999 -9999 -9999 -9999 -9999 -9999 -9999 -9999 -9999
38 38 38 74 74 74 101 101 82 82 82 66 66 61 61 61 47 47 47 35 35 28 28 28 41 41 58 58 58 60 60 60 61 61 65 65 65 70 70 70 74 74 72 72 72 75 75 83 83 83 81 81 81 80 80 79 79 79 78 78 80 80 80 79 79 79 80 80 81 -9999 -9999 85 85 85 -9999 -9999 -9999 -9999 -9999 -9999 -9999 -9999 -9999 -9999 -9999 -9999 -9999 -9999 -9999 -9999 -9999 -9999 -9999 -9999
44 44 44 68 68 68 80 80 57 57 57 47 47 47 47 47 39 39 39 33 33 35 35 35 50 50 65 65 65 65 65 65 67 67 72 72 72 74 74 74 76 76 72 72 72 73 73 78 78 78 78 78 78 78 78 77 77 77 78 78 80 80 80 80 80 80 81 81 81 81 -9999 -9999 -9999 -9999 -9999 -9999 -9999 -9999 -9999 -9999 -9999 -9999 -9999 -9999 -9999 -9999 -9999 -9999 -9999 -9999 -9999 -9999 -9999 -9999
44 44 44 68 68 68 80 80 57 57 57 47 47 47 47 47 39 39 39 33 33 35 35 35 50 50 65 65 65 65 65 65 67 67 72 72 72 74 74 74 76 76 72 72 72 73 73 78 78 78 78 78 78 78 78 77 77 77 78 78 80 80 80 80 80 80 81 81 81 81 81 84 84 84 90 -9999 -9999 -9999 -9999 -9999 -9999 -9999 -9999 -9999 -9999 -9999 -9999 -9999 -9999 -9999 -9999 -9999 -9999 -9999
48 48 48 57 57 57 57 57 38 38 38 36 36 38 38 38 36 36 36 39 39 46 46 46 61 61 72 72 72 70 70 70 72 72 76 76 76 75 75 75 74 74 70 70 70 71 71 74 74 74 76 76 76 76 76 77 77 77 78 78 80 80 80 80 80 80 81 81 83 83 83 87 87 87 90 90 94 94 94 91 91 85 85 85 82 82 82 81 81 81 -9999 -9999 -9999 -9999
48 48 48 57 57 57 57 57 38 38 38 36 36 38 38 38 36 36 36 39 39 46 46 46 61 61 72 72 72 70 70 70 72 72 76 76 76 75 75 75 74 74 70 70 70 71 71 74 74 74 76 76 76 76 76 77 77 77 78 78 80 80 80 80 80 80 81 81 83 83 83 87 87 87 90 90 94 94 94 91 91 85 85 85 82 82 82 81 81 81 81 81 -9999 -9999
48 48 48 57 57 57 57 57 38 38 38 36 36 38 38 38 36 36 36 39 39 46 46 46 61 61 72 72 72 70 70 70 72 72 76 76 76 75 75 75 74 74 70 70 70 71 71 74 74 74 76 76 76 76 76 77 77 77 78 78 80 80 80 80 80 80 81 81 83 83 83 87 87 87 90 90 94 94 94 91 91 85 85 85 82 82 82 81 81 81 81 81 88 88
50 50 50 44 44 44 38 38 27 27 27 31 31 34 34 34 37 37 37 47 47 57 57 57 68 68 74 74 74 71 71 71 74 74 77 77 77 76 76 76 73 73 70 70 70 70 70 73 73 73 75 75 75 75 75 76 76 76 78 78 80 80 80 81 81 81 82 82 84 84 84 88 88 88 91 91 90 90 90 85 85 79 79 79 75 75 75 76 76 80 80 80 97 97
50 50 50 44 44 44 38 38 27 27 27 31 31 34 34 34 37 37 37 47 47 57 57 57 68 68 74 74 74 71 71 71 74 74 77 77 77 76 76 76 73 73 70 70 70 70 70 73 73 73 75 75 75 75 75 76 76 76 78 78 80 80 80 81 81 81 82 82 84 84 84 88 88 88 91 91 90 90 90 85 85 79 79 79 75 75 75 76 76 80 80 80 97 97
46 46 46 33 33 33 28 28 24 24 24 29 29 32 32 32 37 37 37 51 51 61 61 61 68 68 74 74 74 74 74 74 77 77 79 79 79 78 78 78 75 75 71 71 71 70 70 73 73 73 75 75 75 76 76 76 76 76 78 78 80 80 80 81 81 81 81 81 84 84 84 88 88 88 91 91 91 91 91 85 85 77 77 77 73 73 73 79 79 89 89 89 102 102
46 46 46 33 33 33 28 28 24 24 24 29 29 32 32 32 37 37 37 51 51 61 61 61 68 68 74 74 74 74 74 74 77 77 79 79 79 78 78 78 75 75 71 71 71 70 70 73 73 73 75 75 75 76 76 76 76 76 78 78 80 80 80 81 81 81 81 81 84 84 84 88 88 88 91 91 91 91 91 85 85 77 77 77 73 73 73 79 79 89 89 89 102 102
46 46 46 33 33 33 28 28 24 24 24 29 29 32 32 32 37 37 37 51 51 61 61 61 68 68 74 74 74 74 74 74 77 77 79 79 79 78 78 78 75 75 71 71 71 70 70 73 73 73 75 75 75 76 76 76 76 76 78 78 80 80 80 81 81 81 81 81 84 84 84 88 88 88 91 91 91 91 91 85 85 77 77 77 73 73 73 79 79 89 89 89 102 102
37 37 37 28 28 28 28 28 24 24 24 24 24 26 26 26 34 34 34 50 50 65 65 65 73 73 78 78 78 78 78 78 79 79 79 79 79 78 78 78 76 76 73 73 73 71 71 72 72 72 75 75 75 76 76 76 76 76 78 78 80 80 80 81 81 81 82 82 85 85 85 88 88 88 92 92 92 92 92 86 86 76 76 76 71 71 71 82 82 94 94 94 99 99
37 37 37 28 28 28 28 28 24 24 24 24 24 26 26 26 34 34 34 50 50 65 65 65 73 73 78 78 78 78 78 78 79 79 79 79 79 78 78 78 76 76 73 73 73 71 71 72 72 72 75 75 75 76 76 76 76 76 78 78 80 80 80 81 81 81 82 82 85 85 85 88 88 88 92 92 92 92 92 86 86 76 76 76 71 71 71 82 82 94 94 94 99 99
37 37 37 28 28 28 28 28 24 24 24 24 24 26 26 26 34 34 34 50 50 65 65 65 73 73 78 78 78 78 78 78 79 79 79 79 79 78 78 78 76 76 73 73 73 71 71 72 72 72 75 75 75 76 76 76 76 76 78 78 80 80 80 81 81 81 82 82 85 85 85 88 88 88 92 92 92 92 92 86 86 76 76 76 71 71 71 82 82 94 94 94 99 -9999
