SEB_model/sample_data_files/historical/hillshade/aprilnoon.txt
ncols         559
nrows         351
xllcorner     388608.08691406
yllcorner     7584381.3441773
cellsize      5
NODATA_value  -9999
[rows 129 to 171 of 351, columns 96 to 191 of 559]
98 96 96 95 95 95 100 100 108 108 108 113 113 113 115 115 117 117 117 118 118 116 116 116 114 114 114 111 111 108 108 108 106 106 106 101 101 99 99 99 102 102 106 106 106 110 110 110 113 113 117 117 117 120 120 122 122 122 123 123 123 121 121 118 118 118 115 115 115 116 116 121 121 121 126 126 130 130 130 133 133 133 134 134 133 133 133 131 131 129 129 129 129 129 129 128
98 96 96 95 95 95 100 100 108 108 108 113 113 113 115 115 117 117 117 118 118 116 116 116 114 114 114 111 111 108 108 108 106 106 106 101 101 99 99 99 102 102 106 106 106 110 110 110 113 113 117 117 117 120 120 122 122 122 123 123 123 121 121 118 118 118 115 115 115 116 116 121 121 121 126 126 130 130 130 133 133 133 134 134 133 133 133 131 131 129 129 129 129 129 129 128
90 89 89 88 88 88 90 90 96 96 96 103 103 103 107 107 109 109 109 108 108 104 104 104 99 99 99 95 95 94 94 94 95 95 95 97 97 99 99 99 103 103 107 107 107 110 110 110 111 111 113 113 113 115 115 114 114 114 113 113 113 110 110 108 108 108 106 106 106 107 107 114 114 114 121 121 125 125 125 128 128 128 128 128 126 126 126 124 124 122 122 122 122 122 122 125
90 89 89 88 88 88 90 90 96 96 96 103 103 103 107 107 109 109 109 108 108 104 104 104 99 99 99 95 95 94 94 94 95 95 95 97 97 99 99 99 103 103 107 107 107 110 110 110 111 111 113 113 113 115 115 114 114 114 113 113 113 110 110 108 108 108 106 106 106 107 107 114 114 114 121 121 125 125 125 128 128 128 128 128 126 126 126 124 124 122 122 122 122 122 122 125
90 89 89 88 88 88 90 90 96 96 96 103 103 103 107 107 109 109 109 108 108 104 104 104 99 99 99 95 95 94 94 94 95 95 95 97 97 99 99 99 103 103 107 107 107 110 110 110 111 111 113 113 113 115 115 114 114 114 113 113 113 110 110 108 108 108 106 106 106 107 107 114 114 114 121 121 125 125 125 128 128 128 128 128 126 126 126 124 124 122 122 122 122 122 122 125
88 86 86 85 85 85 85 85 88 88 88 92 92 92 96 96 98 98 98 98 98 95 95 95 92 92 92 89 89 86 86 86 87 87 87 93 93 99 99 99 101 101 103 103 103 105 105 105 107 107 108 108 108 108 108 107 107 107 105 105 105 103 103 102 102 102 102 102 102 104 104 110 110 110 116 116 121 121 121 124 124 124 123 123 121 121 121 119 119 124 124 124 142 142 142 169
88 86 86 85 85 85 85 85 88 88 88 92 92 92 96 96 98 98 98 98 98 95 95 95 92 92 92 89 89 86 86 86 87 87 87 93 93 99 99 99 101 101 103 103 103 105 105 105 107 107 108 108 108 108 108 107 107 107 105 105 105 103 103 102 102 102 102 102 102 104 104 110 110 110 116 116 121 121 121 124 124 124 123 123 121 121 121 119 119 124 124 124 142 142 142 169
87 85 85 84 84 84 85 85 86 86 86 88 88 88 89 89 91 91 91 92 92 92 92 92 91 91 91 87 87 83 83 83 81 81 81 86 86 95 95 95 100 100 101 101 101 102 102 102 103 103 103 103 103 102 102 100 100 100 98 98 98 97 97 97 97 97 98 98 98 99 99 103 103 103 106 106 110 110 110 113 113 113 113 113 112 112 112 112 112 116 116 116 134 134 134 160
87 85 85 84 84 84 85 85 86 86 86 88 88 88 89 89 91 91 91 92 92 92 92 92 91 91 91 87 87 83 83 83 81 81 81 86 86 95 95 95 100 100 101 101 101 102 102 102 103 103 103 103 103 102 102 100 100 100 98 98 98 97 97 97 97 97 98 98 98 99 99 103 103 103 106 106 110 110 110 113 113 113 113 113 112 112 112 112 112 116 116 116 134 134 134 160
87 85 85 84 84 84 85 85 86 86 86 88 88 88 89 89 91 91 91 92 92 92 92 92 91 91 91 87 87 83 83 83 81 81 81 86 86 95 95 95 100 100 101 101 101 102 102 102 103 103 103 103 103 102 102 100 100 100 98 98 98 97 97 97 97 97 98 98 98 99 99 103 103 103 106 106 110 110 110 113 113 113 113 113 112 112 112 112 112 116 116 116 134 134 134 160
87 84 84 83 83 83 84 84 85 85 85 87 87 87 89 89 91 91 91 92 92 92 92 92 91 91 91 87 87 83 83 83 79 79 79 80 80 86 86 86 93 93 98 98 98 100 100 100 100 100 100 100 100 100 100 98 98 98 96 96 96 95 95 95 95 95 96 96 96 96 96 97 97 97 97 97 98 98 98 101 101 101 103 103 104 104 104 104 104 102 102 102 102 102 102 109
87 84 84 83 83 83 84 84 85 85 85 87 87 87 89 89 91 91 91 92 92 92 92 92 91 91 91 87 87 83 83 83 79 79 79 80 80 86 86 86 93 93 98 98 98 100 100 100 100 100 100 100 100 100 100 98 98 98 96 96 96 95 95 95 95 95 96 96 96 96 96 97 97 97 97 97 98 98 98 101 101 101 103 103 104 104 104 104 104 102 102 102 102 102 102 109
87 84 84 83 83 83 84 84 85 85 85 87 87 87 89 89 91 91 91 92 92 92 92 92 91 91 91 87 87 83 83 83 79 79 79 80 80 86 86 86 93 93 98 98 98 100 100 100 100 100 100 100 100 100 100 98 98 98 96 96 96 95 95 95 95 95 96 96 96 96 96 97 97 97 97 97 98 98 98 101 101 101 103 103 104 104 104 104 104 102 102 102 102 102 102 109
86 84 84 83 83 83 83 83 84 84 84 86 86 86 89 89 91 91 91 92 92 92 92 92 91 91 91 88 88 85 85 85 82 82 82 79 79 80 80 80 86 86 92 92 92 97 97 97 98 98 98 98 98 98 98 98 98 98 98 98 98 97 97 97 97 97 96 96 96 94 94 93 93 93 92 92 91 91 91 93 93 93 96 96 97 97 97 98 98 89 89 89 71 71 71 57
86 84 84 83 83 83 83 83 84 84 84 86 86 86 89 89 91 91 91 92 92 92 92 92 91 91 91 88 88 85 85 85 82 82 82 79 79 80 80 80 86 86 92 92 92 97 97 97 98 98 98 98 98 98 98 98 98 98 98 98 98 97 97 97 97 97 96 96 96 94 94 93 93 93 92 92 91 91 91 93 93 93 96 96 97 97 97 98 98 89 89 89 71 71 71 57
85 84 84 82 82 82 81 81 82 82 82 84 84 84 88 88 91 91 91 92 92 0 0 0 0 0 0 0 0 88 88 88 85 85 85 82 82 80 80 80 81 81 83 83 83 86 86 86 91 91 95 95 95 96 96 97 97 97 98 98 98 98 98 97 97 97 94 94 94 91 91 88 88 88 85 85 83 83 83 84 84 84 87 87 91 91 91 93 93 87 87 87 72 72 72 56
85 84 84 82 82 82 81 81 82 82 82 84 84 84 88 88 91 91 91 92 92 0 0 0 0 0 0 0 0 88 88 88 85 85 85 82 82 80 80 80 81 81 83 83 83 86 86 86 91 91 95 95 95 96 96 97 97 97 98 98 98 98 98 97 97 97 94 94 94 91 91 88 88 88 85 85 83 83 83 84 84 84 87 87 91 91 91 93 93 87 87 87 72 72 72 56
85 84 84 82 82 82 81 81 82 82 82 84 84 84 88 88 91 91 91 92 92 0 0 0 0 0 0 0 0 88 88 88 85 85 85 82 82 80 80 80 81 81 83 83 83 86 86 86 91 91 95 95 95 96 96 97 97 97 98 98 98 98 98 97 97 97 94 94 94 91 91 88 88 88 85 85 83 83 83 84 84 84 87 87 91 91 91 93 93 87 87 87 72 72 72 56
84 0 0 0 0 0 0 0 0 0 0 0 0 0 0 0 0 0 0 0 0 0 0 0 0 0 0 0 0 0 0 0 0 0 0 82 82 77 77 77 73 73 72 72 72 74 74 74 78 78 84 84 84 90 90 94 94 94 95 95 95 95 95 92 92 92 88 88 88 84 84 80 80 80 76 76 73 73 73 74 74 74 78 78 84 84 84 90 90 97 97 97 102 102 102 104
84 0 0 0 0 0 0 0 0 0 0 0 0 0 0 0 0 0 0 0 0 0 0 0 0 0 0 0 0 0 0 0 0 0 0 82 82 77 77 77 73 73 72 72 72 74 74 74 78 78 84 84 84 90 90 94 94 94 95 95 95 95 95 92 92 92 88 88 88 84 84 80 80 80 76 76 73 73 73 74 74 74 78 78 84 84 84 90 90 97 97 97 102 102 102 104
0 0 0 0 0 0 0 0 0 0 0 0 0 0 0 0 0 0 0 0 0 0 0 0 0 0 0 0 0 0 0 0 0 0 0 0 0 0 0 0 0 0 0 0 0 0 0 0 74 74 77 77 77 83 83 90 90 90 94 94 94 94 94 91 91 91 86 86 86 81 81 78 78 78 75 75 72 72 72 72 72 72 74 74 81 81 81 91 91 101 101 101 106 106 106 103
0 0 0 0 0 0 0 0 0 0 0 0 0 0 0 0 0 0 0 0 0 0 0 0 0 0 0 0 0 0 0 0 0 0 0 0 0 0 0 0 0 0 0 0 0 0 0 0 74 74 77 77 77 83 83 90 90 90 94 94 94 94 94 91 91 91 86 86 86 81 81 78 78 78 75 75 72 72 72 72 72 72 74 74 81 81 81 91 91 101 101 101 106 106 106 103
0 0 0 0 0 0 0 0 0 0 0 0 0 0 0 0 0 0 0 0 0 0 0 0 0 0 0 0 0 0 0 0 0 0 0 0 0 0 0 0 0 0 0 0 0 0 0 0 74 74 77 77 77 83 83 90 90 90 94 94 94 94 94 91 91 91 86 86 86 81 81 78 78 78 75 75 72 72 72 72 72 72 74 74 81 81 81 91 91 101 101 101 106 106 106 103
0 0 0 0 0 0 0 0 0 0 0 0 0 0 0 0 0 0 0 0 0 0 0 0 0 0 0 0 0 0 0 0 0 0 0 0 0 0 0 0 0 0 0 0 0 0 0 0 0 0 0 0 0 70 70 74 74 74 81 81 81 85 85 86 86 86 84 84 84 80 80 76 76 76 72 72 68 68 68 66 66 66 67 67 72 72 72 84 84 96 96 96 100 100 100 97
0 0 0 0 0 0 0 0 0 0 0 0 0 0 0 0 0 0 0 0 0 0 0 0 0 0 0 0 0 0 0 0 0 0 0 0 0 0 0 0 0 0 0 0 0 0 0 0 0 0 0 0 0 70 70 74 74 74 81 81 81 85 85 86 86 86 84 84 84 80 80 76 76 76 72 72 68 68 68 66 66 66 67 67 72 72 72 84 84 96 96 96 100 100 100 97
0 0 0 0 0 0 0 0 0 0 0 0 0 0 0 0 0 0 0 0 0 0 0 0 0 0 0 0 0 0 0 0 0 0 0 0 0 0 0 0 0 0 0 0 0 0 0 0 0 0 0 0 0 70 70 74 74 74 81 81 81 85 85 86 86 86 84 84 84 80 80 76 76 76 72 72 68 68 68 66 66 66 67 67 72 72 72 84 84 96 96 96 100 100 100 97
0 0 0 0 0 0 0 0 0 0 0 0 0 0 0 0 0 0 0 0 0 0 0 0 0 0 0 0 0 0 0 0 0 0 0 0 0 0 0 0 0 0 0 0 0 0 0 0 0 0 0 0 0 0 0 58 58 58 60 60 60 64 64 69 69 69 71 71 71 72 72 71 71 71 69 69 63 63 63 58 58 58 56 56 60 60 60 68 68 76 76 76 82 82 82 81
0 0 0 0 0 0 0 0 0 0 0 0 0 0 0 0 0 0 0 0 0 0 0 0 0 0 0 0 0 0 0 0 0 0 0 0 0 0 0 0 0 0 0 0 0 0 0 0 0 0 0 0 0 0 0 58 58 58 60 60 60 64 64 69 69 69 71 71 71 72 72 71 71 71 69 69 63 63 63 58 58 58 56 56 60 60 60 68 68 76 76 76 82 82 82 81
0 0 0 0 0 0 0 0 0 0 0 0 0 0 0 0 0 0 0 0 0 0 0 0 0 0 0 0 0 0 0 0 0 0 0 0 0 0 0 0 0 0 0 0 0 0 0 0 0 0 0 0 0 0 0 59 59 59 58 58 58 58 58 59 59 59 60 60 60 62 62 65 65 65 65 65 63 63 63 61 61 61 58 58 57 57 57 57 57 58 58 58 61 61 61 62
0 0 0 0 0 0 0 0 0 0 0 0 0 0 0 0 0 0 0 0 0 0 0 0 0 0 0 0 0 0 0 0 0 0 0 0 0 0 0 0 0 0 0 0 0 0 0 0 0 0 0 0 0 0 0 59 59 59 58 58 58 58 58 59 59 59 60 60 60 62 62 65 65 65 65 65 63 63 63 61 61 61 58 58 57 57 57 57 57 58 58 58 61 61 61 62
0 0 0 0 0 0 0 0 0 0 0 0 0 0 0 0 0 0 0 0 0 0 0 0 0 0 0 0 0 0 0 0 0 0 0 0 0 0 0 0 0 0 0 0 0 0 0 0 0 0 0 0 0 0 0 59 59 59 58 58 58 58 58 59 59 59 60 60 60 62 62 65 65 65 65 65 63 63 63 61 61 61 58 58 57 57 57 57 57 58 58 58 61 61 61 62
0 0 0 0 0 0 0 0 0 0 0 0 0 0 0 0 0 0 0 0 0 0 0 0 0 0 0 0 0 0 0 0 0 0 0 0 0 0 0 0 0 0 0 0 0 0 0 0 0 0 0 0 0 0 0 0 0 0 0 0 0 53 53 51 51 51 47 47 47 45 45 46 46 46 47 47 49 49 49 51 51 51 50 50 48 48 48 45 45 42 42 42 38 38 38 36
0 0 0 0 0 0 0 0 0 0 0 0 0 0 0 0 0 0 0 0 0 0 0 0 0 0 0 0 0 0 0 0 0 0 0 0 0 0 0 0 0 0 0 0 0 0 0 0 0 0 0 0 0 0 0 0 0 0 0 0 0 53 53 51 51 51 47 47 47 45 45 46 46 46 47 47 49 49 49 51 51 51 50 50 48 48 48 45 45 42 42 42 38 38 38 36
0 0 0 0 0 0 0 0 0 0 0 0 0 0 0 0 0 0 0 0 0 0 0 0 0 0 0 0 0 0 0 0 0 0 0 0 0 0 0 0 0 0 0 0 0 0 0 0 0 0 0 0 0 0 0 0 0 0 0 0 0 53 53 51 51 51 47 47 47 45 45 46 46 46 47 47 49 49 49 51 51 51 50 50 48 48 48 45 45 42 42 42 38 38 38 36
0 0 0 0 0 0 0 0 0 0 0 0 0 0 0 0 0 0 0 0 0 0 0 0 0 0 0 0 0 0 0 0 0 0 0 0 0 0 0 0 0 0 0 0 0 0 0 0 0 0 0 0 0 0 0 0 0 0 0 0 0 0 0 39 39 39 38 38 38 36 36 37 37 37 40 40 44 44 44 50 50 50 52 52 51 51 51 46 46 38 38 38 29 29 29 26
0 0 0 0 0 0 0 0 0 0 0 0 0 0 0 0 0 0 0 0 0 0 0 0 0 0 0 0 0 0 0 0 0 0 0 0 0 0 0 0 0 0 0 0 0 0 0 0 0 0 0 0 0 0 0 0 0 0 0 0 0 0 0 39 39 39 38 38 38 36 36 37 37 37 40 40 44 44 44 50 50 50 52 52 51 51 51 46 46 38 38 38 29 29 29 26
0 0 0 0 0 0 0 0 0 0 0 0 0 0 0 0 0 0 0 0 0 0 0 0 0 0 0 0 0 0 0 0 0 0 0 0 0 0 0 0 0 0 0 0 0 0 0 0 0 0 0 0 0 0 0 0 0 0 0 0 0 0 0 0 0 0 24 24 24 30 30 35 35 35 39 39 46 46 46 55 55 55 61 61 61 61 61 54 54 44 44 44 34 34 34 31
0 0 0 0 0 0 0 0 0 0 0 0 0 0 0 0 0 0 0 0 0 0 0 0 0 0 0 0 0 0 0 0 0 0 0 0 0 0 0 0 0 0 0 0 0 0 0 0 0 0 0 0 0 0 0 0 0 0 0 0 0 0 0 0 0 0 24 24 24 30 30 35 35 35 39 39 46 46 46 55 55 55 61 61 61 61 61 54 54 44 44 44 34 34 34 31
0 0 0 0 0 0 0 0 0 0 0 0 0 0 0 0 0 0 0 0 0 0 0 0 0 0 0 0 0 0 0 0 0 0 0 0 0 0 0 0 0 0 0 0 0 0 0 0 0 0 0 0 0 0 0 0 0 0 0 0 0 0 0 0 0 0 24 24 24 30 30 35 35 35 39 39 46 46 46 55 55 55 61 61 61 61 61 54 54 44 44 44 34 34 34 31
0 0 0 0 0 0 0 0 0 0 0 0 0 0 0 0 0 0 0 0 0 0 0 0 0 0 0 0 0 0 0 0 0 0 0 0 0 0 0 0 0 0 0 0 0 0 0 0 0 0 0 0 0 0 0 0 0 0 0 0 0 0 0 0 0 0 6 6 6 14 14 23 23 23 30 30 39 39 39 49 49 49 56 56 57 57 57 51 51 44 44 44 37 37 37 34
0 0 0 0 0 0 0 0 0 0 0 0 0 0 0 0 0 0 0 0 0 0 0 0 0 0 0 0 0 0 0 0 0 0 0 0 0 0 0 0 0 0 0 0 0 0 0 0 0 0 0 0 0 0 0 0 0 0 0 0 0 0 0 0 0 0 6 6 6 14 14 23 23 23 30 30 39 39 39 49 49 49 56 56 57 57 57 51 51 44 44 44 37 37 37 34
0 0 0 0 0 0 0 0 0 0 0 0 0 0 0 0 0 0 0 0 0 0 0 0 0 0 0 0 0 0 0 0 0 0 0 0 0 0 0 0 0 0 0 0 0 0 0 0 0 0 0 0 0 0 0 0 0 0 0 0 0 0 0 0 0 0 12 12 12 17 17 22 22 22 29 29 39 39 39 48 48 48 52 52 52 52 52 49 49 48 48 48 47 47 47 42
0 0 0 0 0 0 0 0 0 0 0 0 0 0 0 0 0 0 0 0 0 0 0 0 0 0 0 0 0 0 0 0 0 0 0 0 0 0 0 0 0 0 0 0 0 0 0 0 0 0 0 0 0 0 0 0 0 0 0 0 0 0 0 0 0 0 12 12 12 17 17 22 22 22 29 29 39 39 39 48 48 48 52 52 52 52 52 49 49 48 48 48 47 47 47 42
