SEB_model/sample_data_files/historical/hillshade/aug6pm.txt
ncols         559
nrows         351
xllcorner     388608.08691406
yllcorner     7584381.3441773
cellsize      5
NODATA_value  -9999
[rows 276 to 321 of 351, columns 96 to 191 of 559]
0 0 0 0 0 0 0 0 0 0 0 0 0 0 0 0 0 0 0 9 9 4 4 4 6 6 6 5 5 0 0 0 2 2 2 0 0 0 0 0 0 0 0 0 0 0 0 0 0 0 0 0 0 0 0 56 56 56 63 63 63 48 48 27 27 27 10 10 10 0 0 0 0 0 0 0 0 0 0 25 25 25 35 35 40 40 40 48 48 51 51 51 62 62 62 65
0 0 0 0 0 0 0 0 0 0 0 0 0 0 0 0 0 0 0 9 9 4 4 4 6 6 6 5 5 0 0 0 2 2 2 0 0 0 0 0 0 0 0 0 0 0 0 0 0 0 0 0 0 0 0 56 56 56 63 63 63 48 48 27 27 27 10 10 10 0 0 0 0 0 0 0 0 0 0 25 25 25 35 35 40 40 40 48 48 51 51 51 62 62 62 65
0 0 0 0 0 0 0 0 0 0 0 0 0 0 0 0 0 0 0 15 15 9 9 9 10 10 10 9 9 9 9 9 0 0 0 0 0 0 0 0 0 0 0 0 0 0 0 0 0 0 0 0 0 47 47 51 51 51 53 53 53 36 36 21 21 21 15 15 15 5 5 0 0 0 10 10 0 0 0 30 30 30 45 45 51 51 51 56 56 55 55 55 64 64 64 66
0 0 0 0 0 0 0 0 0 0 0 0 0 0 0 0 0 0 0 15 15 9 9 9 10 10 10 9 9 9 9 9 0 0 0 0 0 0 0 0 0 0 0 0 0 0 0 0 0 0 0 0 0 47 47 51 51 51 53 53 53 36 36 21 21 21 15 15 15 5 5 0 0 0 10 10 0 0 0 30 30 30 45 45 51 51 51 56 56 55 55 55 64 64 64 66
0 0 0 0 0 0 0 0 0 0 0 0 0 0 0 0 0 0 0 18 18 12 12 12 14 14 14 14 14 11 11 11 0 0 0 0 0 0 0 0 0 0 0 0 0 0 0 0 19 19 32 32 32 41 41 39 39 39 38 38 38 26 26 19 19 19 22 22 22 19 19 22 22 22 17 17 14 14 14 35 35 35 49 49 56 56 56 63 63 62 62 62 67 67 67 68
0 0 0 0 0 0 0 0 0 0 0 0 0 0 0 0 0 0 0 18 18 12 12 12 14 14 14 14 14 11 11 11 0 0 0 0 0 0 0 0 0 0 0 0 0 0 0 0 19 19 32 32 32 41 41 39 39 39 38 38 38 26 26 19 19 19 22 22 22 19 19 22 22 22 17 17 14 14 14 35 35 35 49 49 56 56 56 63 63 62 62 62 67 67 67 68
0 0 0 0 0 0 0 0 0 0 0 0 0 0 0 0 0 0 0 18 18 12 12 12 14 14 14 14 14 11 11 11 0 0 0 0 0 0 0 0 0 0 0 0 0 0 0 0 19 19 32 32 32 41 41 39 39 39 38 38 38 26 26 19 19 19 22 22 22 19 19 22 22 22 17 17 14 14 14 35 35 35 49 49 56 56 56 63 63 62 62 62 67 67 67 68
0 0 0 0 0 0 0 0 0 0 0 0 0 0 0 0 28 28 28 20 20 16 16 16 19 19 19 15 15 7 7 7 0 0 0 0 0 0 0 0 0 0 0 0 0 22 22 22 18 18 27 27 27 32 32 29 29 29 30 30 30 24 24 24 24 24 30 30 30 30 30 35 35 35 28 28 24 24 24 40 40 40 49 49 59 59 59 68 68 68 68 68 72 72 72 73
0 0 0 0 0 0 0 0 0 0 0 0 0 0 0 0 28 28 28 20 20 16 16 16 19 19 19 15 15 7 7 7 0 0 0 0 0 0 0 0 0 0 0 0 0 22 22 22 18 18 27 27 27 32 32 29 29 29 30 30 30 24 24 24 24 24 30 30 30 30 30 35 35 35 28 28 24 24 24 40 40 40 49 49 59 59 59 68 68 68 68 68 72 72 72 73
0 0 0 0 0 0 0 0 0 0 0 0 0 0 0 0 28 28 28 20 20 16 16 16 19 19 19 15 15 7 7 7 0 0 0 0 0 0 0 0 0 0 0 0 0 22 22 22 18 18 27 27 27 32 32 29 29 29 30 30 30 24 24 24 24 24 30 30 30 30 30 35 35 35 28 28 24 24 24 40 40 40 49 49 59 59 59 68 68 68 68 68 72 72 72 73
0 0 0 0 0 0 0 0 0 0 0 0 0 0 0 0 32 32 32 24 24 19 19 19 19 19 19 9 9 0 0 0 0 0 0 0 0 0 0 0 0 0 33 33 33 23 23 23 18 18 22 22 22 26 26 25 25 25 27 27 27 26 26 29 29 29 36 36 36 38 38 44 44 44 42 42 36 36 36 43 43 43 49 49 60 60 60 72 72 74 74 74 80 80 80 85
0 0 0 0 0 0 0 0 0 0 0 0 0 0 0 0 32 32 32 24 24 19 19 19 19 19 19 9 9 0 0 0 0 0 0 0 0 0 0 0 0 0 33 33 33 23 23 23 18 18 22 22 22 26 26 25 25 25 27 27 27 26 26 29 29 29 36 36 36 38 38 44 44 44 42 42 36 36 36 43 43 43 49 49 60 60 60 72 72 74 74 74 80 80 80 85
0 0 0 0 0 0 0 0 0 0 0 15 15 15 27 27 36 36 36 26 26 18 18 18 13 13 13 0 0 0 0 0 0 0 0 0 0 0 0 0 36 36 32 32 32 24 24 24 18 18 21 21 21 24 24 22 22 22 27 27 27 28 28 33 33 33 40 40 40 43 43 50 50 50 50 50 47 47 47 49 49 49 52 52 63 63 63 75 75 79 79 79 87 87 87 100
0 0 0 0 0 0 0 0 0 0 0 15 15 15 27 27 36 36 36 26 26 18 18 18 13 13 13 0 0 0 0 0 0 0 0 0 0 0 0 0 36 36 32 32 32 24 24 24 18 18 21 21 21 24 24 22 22 22 27 27 27 28 28 33 33 33 40 40 40 43 43 50 50 50 50 50 47 47 47 49 49 49 52 52 63 63 63 75 75 79 79 79 87 87 87 100
0 0 0 0 0 0 0 0 0 0 0 15 15 15 27 27 36 36 36 26 26 18 18 18 13 13 13 0 0 0 0 0 0 0 0 0 0 0 0 0 36 36 32 32 32 24 24 24 18 18 21 21 21 24 24 22 22 22 27 27 27 28 28 33 33 33 40 40 40 43 43 50 50 50 50 50 47 47 47 49 49 49 52 52 63 63 63 75 75 79 79 79 87 87 87 100
0 0 0 0 0 0 0 0 0 0 0 20 20 20 31 31 37 37 37 24 24 12 12 12 5 5 5 0 0 0 0 0 0 0 0 0 0 36 36 36 37 37 29 29 29 23 23 23 21 21 25 25 25 24 24 22 22 22 28 28 28 32 32 37 37 37 45 45 45 48 48 55 55 55 57 57 56 56 56 58 58 58 59 59 66 66 66 76 76 81 81 81 90 90 90 110
0 0 0 0 0 0 0 0 0 0 0 20 20 20 31 31 37 37 37 24 24 12 12 12 5 5 5 0 0 0 0 0 0 0 0 0 0 36 36 36 37 37 29 29 29 23 23 23 21 21 25 25 25 24 24 22 22 22 28 28 28 32 32 37 37 37 45 45 45 48 48 55 55 55 57 57 56 56 56 58 58 58 59 59 66 66 66 76 76 81 81 81 90 90 90 110
6 0 0 0 0 0 8 8 12 12 12 22 22 22 32 32 33 33 33 19 19 6 6 6 1 1 1 0 0 0 0 0 22 22 22 31 31 37 37 37 33 33 25 25 25 24 24 24 26 26 29 29 29 27 27 24 24 24 30 30 30 34 34 41 41 41 49 49 49 52 52 59 59 59 61 61 62 62 62 64 64 64 64 64 69 69 69 77 77 83 83 83 94 94 94 116
6 0 0 0 0 0 8 8 12 12 12 22 22 22 32 32 33 33 33 19 19 6 6 6 1 1 1 0 0 0 0 0 22 22 22 31 31 37 37 37 33 33 25 25 25 24 24 24 26 26 29 29 29 27 27 24 24 24 30 30 30 34 34 41 41 41 49 49 49 52 52 59 59 59 61 61 62 62 62 64 64 64 64 64 69 69 69 77 77 83 83 83 94 94 94 116
6 0 0 0 0 0 8 8 12 12 12 22 22 22 32 32 33 33 33 19 19 6 6 6 1 1 1 0 0 0 0 0 22 22 22 31 31 37 37 37 33 33 25 25 25 24 24 24 26 26 29 29 29 27 27 24 24 24 30 30 30 34 34 41 41 41 49 49 49 52 52 59 59 59 61 61 62 62 62 64 64 64 64 64 69 69 69 77 77 83 83 83 94 94 94 116
14 5 5 11 11 11 12 12 14 14 14 22 22 22 28 28 27 27 27 15 15 4 4 4 0 0 0 3 3 0 0 0 33 33 33 37 37 36 36 36 28 28 22 22 22 26 26 26 31 31 35 35 35 32 32 29 29 29 33 33 33 37 37 45 45 45 54 54 54 56 56 62 62 62 64 64 63 63 63 65 65 65 67 67 71 71 71 78 78 86 86 86 103 103 103 121
14 5 5 11 11 11 12 12 14 14 14 22 22 22 28 28 27 27 27 15 15 4 4 4 0 0 0 3 3 0 0 0 33 33 33 37 37 36 36 36 28 28 22 22 22 26 26 26 31 31 35 35 35 32 32 29 29 29 33 33 33 37 37 45 45 45 54 54 54 56 56 62 62 62 64 64 63 63 63 65 65 65 67 67 71 71 71 78 78 86 86 86 103 103 103 121
14 5 5 11 11 11 12 12 14 14 14 22 22 22 28 28 27 27 27 15 15 4 4 4 0 0 0 3 3 0 0 0 33 33 33 37 37 36 36 36 28 28 22 22 22 26 26 26 31 31 35 35 35 32 32 29 29 29 33 33 33 37 37 45 45 45 54 54 54 56 56 62 62 62 64 64 63 63 63 65 65 65 67 67 71 71 71 78 78 86 86 86 103 103 103 121
21 10 10 14 14 14 17 17 20 20 20 24 24 24 22 22 20 20 20 13 13 7 7 7 12 12 12 14 14 22 22 22 37 37 37 38 38 33 33 33 22 22 21 21 21 29 29 29 35 35 41 41 41 39 39 34 34 34 35 35 35 40 40 50 50 50 57 57 57 57 57 62 62 62 64 64 62 62 62 66 66 66 69 69 75 75 75 83 83 95 95 95 112 112 112 122
21 10 10 14 14 14 17 17 20 20 20 24 24 24 22 22 20 20 20 13 13 7 7 7 12 12 12 14 14 22 22 22 37 37 37 38 38 33 33 33 22 22 21 21 21 29 29 29 35 35 41 41 41 39 39 34 34 34 35 35 35 40 40 50 50 50 57 57 57 57 57 62 62 62 64 64 62 62 62 66 66 66 69 69 75 75 75 83 83 95 95 95 112 112 112 122
22 10 10 16 16 16 23 23 27 27 27 27 27 27 17 17 12 12 12 11 11 14 14 14 23 23 23 24 24 25 25 25 34 34 34 36 36 27 27 27 17 17 22 22 22 33 33 33 40 40 47 47 47 45 45 38 38 38 37 37 37 46 46 55 55 55 58 58 58 54 54 56 56 56 60 60 61 61 61 70 70 70 76 76 81 81 81 92 92 107 107 107 118 118 118 121
22 10 10 16 16 16 23 23 27 27 27 27 27 27 17 17 12 12 12 11 11 14 14 14 23 23 23 24 24 25 25 25 34 34 34 36 36 27 27 27 17 17 22 22 22 33 33 33 40 40 47 47 47 45 45 38 38 38 37 37 37 46 46 55 55 55 58 58 58 54 54 56 56 56 60 60 61 61 61 70 70 70 76 76 81 81 81 92 92 107 107 107 118 118 118 121
22 10 10 16 16 16 23 23 27 27 27 27 27 27 17 17 12 12 12 11 11 14 14 14 23 23 23 24 24 25 25 25 34 34 34 36 36 27 27 27 17 17 22 22 22 33 33 33 40 40 47 47 47 45 45 38 38 38 37 37 37 46 46 55 55 55 58 58 58 54 54 56 56 56 60 60 61 61 61 70 70 70 76 76 81 81 81 92 92 107 107 107 118 118 118 121
18 8 8 17 17 17 27 27 32 32 32 30 30 30 18 18 10 10 10 14 14 24 24 24 30 30 30 29 29 25 25 25 28 28 28 30 30 20 20 20 16 16 27 27 27 37 37 37 44 44 51 51 51 47 47 40 40 40 41 41 41 53 53 62 62 62 60 60 60 49 49 48 48 48 54 54 61 61 61 77 77 77 86 86 91 91 91 103 103 114 114 114 119 119 119 122
18 8 8 17 17 17 27 27 32 32 32 30 30 30 18 18 10 10 10 14 14 24 24 24 30 30 30 29 29 25 25 25 28 28 28 30 30 20 20 20 16 16 27 27 27 37 37 37 44 44 51 51 51 47 47 40 40 40 41 41 41 53 53 62 62 62 60 60 60 49 49 48 48 48 54 54 61 61 61 77 77 77 86 86 91 91 91 103 103 114 114 114 119 119 119 122
11 4 4 15 15 15 27 27 33 33 33 31 31 31 24 24 19 19 19 23 23 30 30 30 31 31 31 28 28 23 23 23 24 24 24 19 19 12 12 12 20 20 34 34 34 42 42 42 46 46 49 49 49 46 46 42 42 42 46 46 46 59 59 67 67 67 61 61 61 44 44 42 42 42 52 52 63 63 63 82 82 82 92 92 102 102 102 115 115 118 118 118 118 118 118 122
11 4 4 15 15 15 27 27 33 33 33 31 31 31 24 24 19 19 19 23 23 30 30 30 31 31 31 28 28 23 23 23 24 24 24 19 19 12 12 12 20 20 34 34 34 42 42 42 46 46 49 49 49 46 46 42 42 42 46 46 46 59 59 67 67 67 61 61 61 44 44 42 42 42 52 52 63 63 63 82 82 82 92 92 102 102 102 115 115 118 118 118 118 118 118 122
11 4 4 15 15 15 27 27 33 33 33 31 31 31 24 24 19 19 19 23 23 30 30 30 31 31 31 28 28 23 23 23 24 24 24 19 19 12 12 12 20 20 34 34 34 42 42 42 46 46 49 49 49 46 46 42 42 42 46 46 46 59 59 67 67 67 61 61 61 44 44 42 42 42 52 52 63 63 63 82 82 82 92 92 102 102 102 115 115 118 118 118 118 118 118 122
5 0 0 13 13 13 27 27 32 32 32 33 33 33 32 32 34 34 34 37 37 34 34 34 28 28 28 25 25 22 22 22 19 19 19 10 10 0 0 0 28 28 42 42 42 46 46 46 43 43 45 45 45 45 45 46 46 46 51 51 51 65 65 71 71 71 61 61 61 44 44 46 46 46 60 60 68 68 68 84 84 84 93 93 110 110 110 126 126 122 122 122 118 118 118 122
5 0 0 13 13 13 27 27 32 32 32 33 33 33 32 32 34 34 34 37 37 34 34 34 28 28 28 25 25 22 22 22 19 19 19 10 10 0 0 0 28 28 42 42 42 46 46 46 43 43 45 45 45 45 45 46 46 46 51 51 51 65 65 71 71 71 61 61 61 44 44 46 46 46 60 60 68 68 68 84 84 84 93 93 110 110 110 126 126 122 122 122 118 118 118 122
5 0 0 13 13 13 27 27 32 32 32 33 33 33 32 32 34 34 34 37 37 34 34 34 28 28 28 25 25 22 22 22 19 19 19 10 10 0 0 0 28 28 42 42 42 46 46 46 43 43 45 45 45 45 45 46 46 46 51 51 51 65 65 71 71 71 61 61 61 44 44 46 46 46 60 60 68 68 68 84 84 84 93 93 110 110 110 126 126 122 122 122 118 118 118 122
6 7 7 18 18 18 28 28 32 32 32 36 36 36 42 42 48 48 48 49 49 40 40 40 30 30 30 26 26 21 21 21 14 14 14 9 9 17 17 17 33 33 43 43 43 43 43 43 40 40 43 43 43 47 47 50 50 50 55 55 55 69 69 73 73 73 64 64 64 55 55 63 63 63 74 74 73 73 73 83 83 83 92 92 111 111 111 129 129 128 128 128 122 122 122 124
6 7 7 18 18 18 28 28 32 32 32 36 36 36 42 42 48 48 48 49 49 40 40 40 30 30 30 26 26 21 21 21 14 14 14 9 9 17 17 17 33 33 43 43 43 43 43 43 40 40 43 43 43 47 47 50 50 50 55 55 55 69 69 73 73 73 64 64 64 55 55 63 63 63 74 74 73 73 73 83 83 83 92 92 111 111 111 129 129 128 128 128 122 122 122 124
18 21 21 28 28 28 32 32 36 36 36 41 41 41 49 49 54 54 54 49 49 -9999 -9999 -9999 44 44 44 34 34 20 20 20 12 12 12 12 12 23 23 23 33 33 35 35 35 37 37 37 39 39 44 44 44 49 49 54 54 54 60 60 60 71 71 73 73 73 72 72 72 73 73 79 79 79 83 83 77 77 77 85 85 85 94 94 109 109 109 128 128 131 131 131 127 127 127 127
18 21 21 28 28 28 32 32 36 36 36 41 41 41 49 49 54 54 54 49 -9999 -9999 -9999 -9999 -9999 44 44 34 34 20 20 20 12 12 12 12 12 23 23 23 33 33 35 35 35 37 37 37 39 39 44 44 44 49 49 54 54 54 60 60 60 71 71 73 73 73 72 72 72 73 73 79 79 79 83 83 77 77 77 85 85 85 94 94 109 109 109 128 128 131 131 131 127 127 127 127
18 21 21 28 28 28 32 32 36 36 36 41 41 41 49 49 54 54 54 -9999 -9999 -9999 -9999 -9999 -9999 -9999 44 34 34 20 20 20 12 12 12 12 12 23 23 23 33 33 35 35 35 37 37 37 39 39 44 44 44 49 49 54 54 54 60 60 60 71 71 73 73 73 72 72 72 73 73 79 79 79 83 83 77 77 77 85 85 85 94 94 109 109 109 128 128 131 131 131 127 127 127 127
32 36 36 38 38 38 38 38 41 41 41 46 46 46 51 51 45 45 -9999 -9999 -9999 -9999 -9999 -9999 -9999 -9999 -9999 -9999 -9999 -9999 -9999 21 18 18 18 19 19 23 23 23 27 27 26 26 26 30 30 30 37 37 43 43 43 53 53 64 64 64 68 68 68 72 72 79 79 79 89 89 89 92 92 87 87 87 84 84 82 82 82 94 94 94 100 100 108 108 108 124 124 130 130 130 128 128 128 129
32 36 36 38 38 38 38 38 41 41 41 46 46 46 51 51 45 -9999 -9999 -9999 -9999 -9999 -9999 -9999 -9999 -9999 -9999 -9999 -9999 -9999 -9999 -9999 18 18 18 19 19 23 23 23 27 27 26 26 26 30 30 30 37 37 43 43 43 53 53 64 64 64 68 68 68 72 72 79 79 79 89 89 89 92 92 87 87 87 84 84 82 82 82 94 94 94 100 100 108 108 108 124 124 130 130 130 128 128 128 129
-9999 -9999 -9999 -9999 -9999 -9999 -9999 -9999 -9999 -9999 -9999 -9999 -9999 -9999 -9999 -9999 -9999 -9999 -9999 -9999 -9999 -9999 -9999 -9999 -9999 -9999 -9999 -9999 -9999 -9999 -9999 -9999 -9999 18 18 19 19 23 23 23 27 27 26 26 26 30 30 30 37 37 43 43 43 53 53 64 64 64 68 68 68 72 72 79 79 79 89 89 89 92 92 87 87 87 84 84 82 82 82 94 94 94 100 100 108 108 108 124 124 130 130 130 128 128 128 129
-9999 -9999 -9999 -9999 -9999 -9999 -9999 -9999 -9999 -9999 -9999 -9999 -9999 -9999 -9999 -9999 -9999 -9999 -9999 -9999 -9999 -9999 -9999 -9999 -9999 -9999 -9999 -9999 -9999 -9999 -9999 -9999 -9999 34 34 31 31 22 22 22 23 23 21 21 21 22 22 22 29 29 44 44 44 66 66 78 78 78 74 74 74 77 77 92 92 92 105 105 105 101 101 88 88 88 85 85 92 92 92 105 105 105 108 108 110 110 110 121 121 127 127 127 124 124 124 129
-9999 -9999 -9999 -9999 -9999 -9999 -9999 -9999 -9999 -9999 -9999 -9999 -9999 -9999 -9999 -9999 -9999 -9999 -9999 -9999 -9999 -9999 -9999 -9999 -9999 -9999 -9999 -9999 -9999 -9999 -9999 -9999 -9999 -9999 34 31 31 22 22 22 23 23 21 21 21 22 22 22 29 29 44 44 44 66 66 78 78 78 74 74 74 77 77 92 92 92 105 105 105 101 101 88 88 88 85 85 92 92 92 105 105 105 108 108 110 110 110 121 121 127 127 127 124 124 124 129
