SEB_model/sample_data_files/historical/hillshade/aug6pm.txt
ncols         559
nrows         351
xllcorner     388608.08691406
yllcorner     7584381.3441773
cellsize      5
NODATA_value  -9999
[rows 184 to 229 of 351, columns 288 to 383 of 559]
18 18 7 7 7 16 16 20 20 20 21 21 21 21 21 32 32 32 43 43 39 39 39 35 35 35 28 28 29 29 29 30 30 30 25 25 29 29 29 30 30 27 27 27 29 29 29 28 28 25 25 25 19 19 8 8 8 9 9 9 11 11 14 14 14 18 18 18 18 18 24 24 24 26 26 28 28 28 35 35 35 37 37 37 37 37 32 32 32 23 23 3 -9999 -9999 -9999 -9999
18 18 7 7 7 16 16 20 20 20 21 21 21 21 21 32 32 32 43 43 39 39 39 35 35 35 28 28 29 29 29 30 30 30 25 25 29 29 29 30 30 27 27 27 29 29 29 28 28 25 25 25 19 19 8 8 8 9 9 9 11 11 14 14 14 18 18 18 18 18 24 24 24 26 26 28 28 28 35 35 35 37 37 37 37 37 32 32 32 23 -9999 -9999 -9999 -9999 -9999 -9999
9 9 0 0 0 9 9 13 13 13 21 21 21 29 29 46 46 46 56 56 49 49 49 43 43 43 36 36 35 35 35 33 33 33 26 26 28 28 28 29 29 25 25 25 29 29 29 28 28 27 27 27 24 24 15 15 15 14 14 14 10 10 11 11 11 15 15 15 15 15 22 22 22 26 26 29 29 29 36 36 36 24 24 18 18 18 -9999 -9999 -9999 -9999 -9999 -9999 -9999 -9999 -9999 -9999
9 9 0 0 0 9 9 13 13 13 21 21 21 29 29 46 46 46 56 56 49 49 49 43 43 43 36 36 35 35 35 33 33 33 26 26 28 28 28 29 29 25 25 25 29 29 29 28 28 27 27 27 24 24 15 15 15 14 14 14 10 10 11 11 11 15 15 15 15 15 22 22 22 26 26 29 29 29 36 36 -9999 -9999 -9999 -9999 -9999 -9999 -9999 -9999 -9999 -9999 -9999 -9999 -9999 -9999 -9999 -9999
9 9 0 0 0 9 9 13 13 13 21 21 21 29 29 46 46 46 56 56 49 49 49 43 43 43 36 36 35 35 35 33 33 33 26 26 28 28 28 29 29 25 25 25 29 29 29 28 28 27 27 27 24 24 15 15 15 14 14 14 10 10 11 11 11 15 15 15 15 15 22 22 22 26 26 -9999 -9999 -9999 -9999 -9999 -9999 -9999 -9999 -9999 -9999 -9999 -9999 -9999 -9999 -9999 -9999 -9999 -9999 -9999 -9999 -9999
0 0 0 0 0 0 0 0 0 0 29 29 29 44 44 63 63 63 66 66 53 53 53 46 46 46 42 42 42 42 42 39 39 39 30 30 30 30 30 29 29 23 23 23 26 26 26 26 26 26 26 26 27 27 22 22 22 21 21 21 15 15 13 13 13 14 14 14 12 12 19 19 19 24 24 -9999 -9999 -9999 -9999 -9999 -9999 -9999 -9999 -9999 -9999 -9999 -9999 -9999 -9999 -9999 -9999 -9999 -9999 -9999 -9999 -9999
0 0 0 0 0 0 0 0 0 0 29 29 29 44 44 63 63 63 66 66 53 53 53 46 46 46 42 42 42 42 42 39 39 39 30 30 30 30 30 29 29 23 23 23 26 26 26 26 26 26 26 26 27 27 22 22 22 21 21 21 15 15 13 13 13 14 14 14 12 12 19 19 19 24 24 19 -9999 -9999 -9999 -9999 -9999 -9999 -9999 -9999 -9999 -9999 -9999 -9999 -9999 -9999 -9999 -9999 -9999 -9999 -9999 -9999
0 0 0 0 0 0 0 0 0 0 43 43 43 60 60 74 74 74 68 68 51 51 51 46 46 46 45 45 43 43 43 39 39 39 32 32 32 32 32 28 28 19 19 19 22 22 22 23 23 24 24 24 27 27 24 24 24 25 25 25 20 20 18 18 18 15 15 15 9 9 0 0 0 21 21 9 9 9 0 0 -9999 -9999 -9999 -9999 -9999 -9999 -9999 -9999 -9999 -9999 -9999 -9999 -9999 -9999 -9999 -9999
0 0 0 0 0 0 0 0 0 0 43 43 43 60 60 74 74 74 68 68 51 51 51 46 46 46 45 45 43 43 43 39 39 39 32 32 32 32 32 28 28 19 19 19 22 22 22 23 23 24 24 24 27 27 24 24 24 25 25 25 20 20 18 18 18 15 15 15 9 9 0 0 0 21 21 9 9 9 0 0 -9999 -9999 -9999 -9999 -9999 -9999 -9999 -9999 -9999 -9999 -9999 -9999 -9999 -9999 -9999 -9999
0 0 0 0 0 0 0 0 0 0 43 43 43 60 60 74 74 74 68 68 51 51 51 46 46 46 45 45 43 43 43 39 39 39 32 32 32 32 32 28 28 19 19 19 22 22 22 23 23 24 24 24 27 27 24 24 24 25 25 25 20 20 18 18 18 15 15 15 9 9 0 0 0 21 21 9 9 9 0 0 -9999 -9999 -9999 -9999 -9999 -9999 -9999 -9999 -9999 -9999 -9999 -9999 -9999 -9999 -9999 -9999
0 0 0 0 0 38 38 43 43 43 56 56 56 68 68 75 75 75 63 63 46 46 46 44 44 44 43 43 39 39 39 34 34 34 30 30 32 32 32 28 28 20 20 20 22 22 22 23 23 25 25 25 26 26 23 23 23 25 25 25 23 23 23 23 23 18 18 18 10 10 0 -9999 -9999 -9999 13 11 11 11 17 -9999 -9999 -9999 -9999 -9999 -9999 -9999 -9999 -9999 -9999 -9999 -9999 -9999 -9999 -9999 -9999 -9999
0 0 0 0 0 38 38 43 43 43 56 56 56 68 68 75 75 75 63 63 46 46 46 44 44 44 43 43 39 39 39 34 34 34 30 30 32 32 32 28 28 20 20 20 22 22 22 23 23 25 25 25 26 26 23 23 23 25 25 25 23 23 -9999 23 23 18 18 18 10 10 -9999 -9999 -9999 -9999 -9999 -9999 -9999 -9999 -9999 -9999 -9999 -9999 -9999 -9999 -9999 -9999 -9999 -9999 -9999 -9999 -9999 -9999 -9999 -9999 -9999 -9999
0 0 0 0 0 38 38 43 43 43 56 56 56 68 68 75 75 75 63 63 46 46 46 44 44 44 43 43 39 39 39 34 34 34 30 30 32 32 32 28 28 20 20 20 22 22 22 23 23 25 25 25 26 26 23 23 23 25 25 25 23 23 23 -9999 -9999 18 18 18 -9999 -9999 -9999 -9999 -9999 -9999 -9999 -9999 -9999 -9999 -9999 -9999 -9999 -9999 -9999 -9999 -9999 -9999 -9999 -9999 -9999 -9999 -9999 -9999 -9999 -9999 -9999 -9999
24 24 47 47 47 56 56 56 56 56 63 63 63 69 69 67 67 67 53 53 39 39 39 39 39 39 37 37 31 31 31 29 29 29 28 28 32 32 32 31 31 25 25 25 25 25 25 26 26 26 26 26 26 26 24 24 24 24 24 24 23 23 23 23 -9999 -9999 -9999 -9999 -9999 -9999 -9999 -9999 -9999 -9999 -9999 -9999 -9999 -9999 -9999 -9999 -9999 -9999 -9999 -9999 -9999 -9999 -9999 -9999 -9999 -9999 -9999 -9999 -9999 -9999 -9999 -9999
24 24 47 47 47 56 56 56 56 56 63 63 63 69 69 67 67 67 53 53 39 39 39 39 39 39 37 37 31 31 31 29 29 29 28 28 32 32 32 31 31 25 25 25 25 25 25 26 26 26 26 26 26 26 24 24 24 24 24 24 23 23 23 23 23 19 19 19 13 -9999 -9999 -9999 -9999 -9999 -9999 -9999 -9999 -9999 -9999 -9999 -9999 -9999 -9999 -9999 -9999 -9999 -9999 -9999 -9999 -9999 -9999 -9999 -9999 -9999 -9999 -9999
47 47 66 66 66 67 67 64 64 64 66 66 66 64 64 56 56 56 42 42 32 32 32 33 33 33 31 31 28 28 28 28 28 28 30 30 34 34 34 33 33 29 29 29 28 28 28 28 28 27 27 27 25 25 24 24 24 23 23 23 22 22 20 20 20 17 17 17 13 13 9 9 9 12 12 18 18 18 20 20 20 21 21 21 -9999 -9999 -9999 -9999 -9999 -9999 -9999 -9999 -9999 -9999 -9999 -9999
47 47 66 66 66 67 67 64 64 64 66 66 66 64 64 56 56 56 42 42 32 32 32 33 33 33 31 31 28 28 28 28 28 28 30 30 34 34 34 33 33 29 29 29 28 28 28 28 28 27 27 27 25 25 24 24 24 23 23 23 22 22 20 20 20 17 17 17 13 13 9 9 9 12 12 18 18 18 20 20 20 21 21 21 21 21 -9999 -9999 -9999 -9999 -9999 -9999 -9999 -9999 -9999 -9999
47 47 66 66 66 67 67 64 64 64 66 66 66 64 64 56 56 56 42 42 32 32 32 33 33 33 31 31 28 28 28 28 28 28 30 30 34 34 34 33 33 29 29 29 28 28 28 28 28 27 27 27 25 25 24 24 24 23 23 23 22 22 20 20 20 17 17 17 13 13 9 9 9 12 12 18 18 18 20 20 20 21 21 21 21 21 14 14 -9999 -9999 -9999 -9999 -9999 -9999 -9999 -9999
66 66 76 76 76 71 71 69 69 69 66 66 66 56 56 47 47 47 36 36 30 30 30 32 32 32 29 29 26 26 26 27 27 27 30 30 34 34 34 34 34 30 30 30 28 28 28 28 28 27 27 27 25 25 23 23 23 23 23 23 22 22 19 19 19 15 15 15 12 12 0 0 0 18 18 24 24 24 28 28 28 27 27 22 22 22 4 4 4 -9999 -9999 -9999 -9999 -9999 -9999 -9999
66 66 76 76 76 71 71 69 69 69 66 66 66 56 56 47 47 47 36 36 30 30 30 32 32 32 29 29 26 26 26 27 27 27 30 30 34 34 34 34 34 30 30 30 28 28 28 28 28 27 27 27 25 25 23 23 23 23 23 23 22 22 19 19 19 15 15 15 12 12 0 0 0 18 18 24 24 24 28 28 28 27 27 22 22 22 4 4 4 0 -9999 -9999 -9999 -9999 -9999 -9999
0 0 79 79 79 74 74 71 71 71 66 66 66 53 53 42 42 42 35 35 29 29 29 29 29 29 26 26 24 24 24 25 25 25 28 28 32 32 32 33 33 31 31 31 28 28 28 28 28 27 27 27 25 25 23 23 23 22 22 22 22 22 19 19 19 15 15 15 11 11 0 0 0 18 18 26 26 26 31 31 31 25 25 14 14 14 0 0 0 0 -9999 -9999 -9999 -9999 -9999 -9999
0 0 79 79 79 74 74 71 71 71 66 66 66 53 53 42 42 42 35 35 29 29 29 29 29 29 26 26 24 24 24 25 25 25 28 28 32 32 32 33 33 31 31 31 28 28 28 28 28 27 27 27 25 25 23 23 23 22 22 22 22 22 19 19 19 15 15 15 11 11 0 0 0 18 18 26 26 26 31 31 31 25 25 14 14 14 0 0 0 0 -9999 -9999 -9999 -9999 -9999 -9999
0 0 79 79 79 74 74 71 71 71 66 66 66 53 53 42 42 42 35 35 29 29 29 29 29 29 26 26 24 24 24 25 25 25 28 28 32 32 32 33 33 31 31 31 28 28 28 28 28 27 27 27 25 25 23 23 23 22 22 22 22 22 19 19 19 15 15 15 11 11 0 0 0 18 18 26 26 26 31 31 31 25 25 14 14 14 0 0 0 0 -9999 -9999 -9999 -9999 -9999 -9999
0 0 79 79 79 79 79 77 77 77 69 69 69 53 53 38 38 38 30 30 26 26 26 25 25 25 25 25 25 25 25 25 25 25 27 27 30 30 30 33 33 31 31 31 29 29 29 28 28 27 27 27 25 25 23 23 23 22 22 22 21 21 19 19 19 14 14 14 11 11 0 0 0 17 17 28 28 28 32 32 32 21 21 9 9 9 0 0 0 -9999 -9999 -9999 -9999 -9999 -9999 -9999
0 0 79 79 79 79 79 77 77 77 69 69 69 53 53 38 38 38 30 30 26 26 26 25 25 25 25 25 25 25 25 25 25 25 27 27 30 30 30 33 33 31 31 31 29 29 29 28 28 27 27 27 25 25 23 23 23 22 22 22 21 21 19 19 19 14 14 14 11 11 0 0 0 17 17 28 28 28 32 32 32 21 21 9 9 9 0 0 -9999 -9999 -9999 -9999 -9999 -9999 -9999 -9999
0 0 79 79 79 79 79 77 77 77 69 69 69 53 53 38 38 38 30 30 26 26 26 25 25 25 25 25 25 25 25 25 25 25 27 27 30 30 30 33 33 31 31 31 29 29 29 28 28 27 27 27 25 25 23 23 23 22 22 22 21 21 19 19 19 14 14 14 11 11 0 0 0 17 17 28 28 28 32 32 32 21 21 9 9 9 0 -9999 -9999 -9999 -9999 -9999 -9999 -9999 -9999 -9999
0 0 0 0 0 89 89 84 84 84 67 67 67 46 46 30 30 30 24 24 23 23 23 24 24 24 25 25 26 26 26 26 26 26 27 27 30 30 30 32 32 31 31 31 29 29 29 28 28 27 27 27 24 24 21 21 21 20 20 20 19 19 17 17 17 14 14 14 11 11 0 0 0 22 22 32 32 32 33 33 33 19 19 4 4 -9999 -9999 -9999 -9999 -9999 -9999 -9999 -9999 -9999 -9999 -9999
0 0 0 0 0 89 89 84 84 84 67 67 67 46 46 30 30 30 24 24 23 23 23 24 24 24 25 25 26 26 26 26 26 26 27 27 30 30 30 32 32 31 31 31 29 29 29 28 28 27 27 27 24 24 21 21 21 20 20 20 19 19 17 17 17 14 14 14 11 11 0 0 0 22 22 32 32 32 33 33 33 19 19 4 -9999 -9999 -9999 -9999 -9999 -9999 -9999 -9999 -9999 -9999 -9999 -9999
0 0 0 0 0 98 98 85 85 85 61 61 61 39 39 26 26 26 21 21 22 22 22 24 24 24 27 27 28 28 28 28 28 28 28 28 30 30 30 31 31 30 30 30 29 29 29 29 29 27 27 27 22 22 19 19 19 17 17 17 16 16 15 15 15 13 13 13 13 13 17 17 17 27 27 29 29 29 25 25 25 16 16 -9999 -9999 -9999 -9999 -9999 -9999 -9999 -9999 -9999 -9999 -9999 -9999 -9999
0 0 0 0 0 98 98 85 85 85 61 61 61 39 39 26 26 26 21 21 22 22 22 24 24 24 27 27 28 28 28 28 28 28 28 28 30 30 30 31 31 30 30 30 29 29 29 29 29 27 27 27 22 22 19 19 19 17 17 17 16 16 15 15 15 13 13 13 13 13 17 17 17 27 27 29 29 -9999 -9999 -9999 -9999 -9999 -9999 -9999 -9999 -9999 -9999 -9999 -9999 -9999 -9999 -9999 -9999 -9999 -9999 -9999
0 0 0 0 0 98 98 85 85 85 61 61 61 39 39 26 26 26 21 21 22 22 22 24 24 24 27 27 28 28 28 28 28 28 28 28 30 30 30 31 31 30 30 30 29 29 29 29 29 27 27 27 22 22 19 19 19 17 17 17 16 16 15 15 15 13 13 13 13 13 17 17 17 27 27 -9999 -9999 -9999 -9999 -9999 -9999 -9999 -9999 -9999 -9999 -9999 -9999 -9999 -9999 -9999 -9999 -9999 -9999 -9999 -9999 -9999
0 0 0 0 0 0 0 81 81 81 57 57 57 37 37 26 26 26 21 21 21 21 21 24 24 24 28 28 30 30 30 29 29 29 28 28 30 30 30 30 30 29 29 29 28 28 28 28 28 25 25 25 20 20 16 16 16 14 14 14 13 13 13 13 13 14 14 14 16 16 19 19 19 -9999 -9999 -9999 -9999 -9999 -9999 -9999 -9999 -9999 -9999 -9999 -9999 -9999 -9999 -9999 -9999 -9999 -9999 -9999 -9999 -9999 -9999 -9999
0 0 0 0 0 0 0 81 81 81 57 57 57 37 37 26 26 26 21 21 21 21 21 24 24 24 28 28 30 30 30 29 29 29 28 28 30 30 30 30 30 29 29 29 28 28 28 28 28 25 25 25 20 20 16 16 16 14 14 14 13 13 13 13 13 14 14 14 16 16 19 -9999 -9999 -9999 -9999 -9999 -9999 -9999 -9999 -9999 -9999 -9999 -9999 -9999 -9999 -9999 -9999 -9999 -9999 -9999 -9999 -9999 -9999 -9999 -9999 -9999
0 0 0 0 0 0 0 81 81 81 57 57 57 37 37 26 26 26 21 21 21 21 21 24 24 24 28 28 30 30 30 29 29 29 28 28 30 30 30 30 30 29 29 29 28 28 28 28 28 25 25 25 20 20 16 16 16 14 14 14 13 13 13 13 13 14 14 14 16 16 -9999 -9999 -9999 -9999 -9999 -9999 -9999 -9999 -9999 -9999 -9999 -9999 -9999 -9999 -9999 -9999 -9999 -9999 -9999 -9999 -9999 -9999 -9999 -9999 -9999 -9999
0 0 0 0 0 0 0 78 78 78 56 56 56 38 38 27 27 27 22 22 21 21 21 24 24 24 28 28 30 30 30 29 29 29 27 27 28 28 28 30 30 30 30 30 29 29 29 27 27 23 23 23 18 18 13 13 13 11 11 11 10 10 0 0 0 15 15 15 -9999 -9999 -9999 -9999 -9999 -9999 -9999 -9999 -9999 -9999 -9999 -9999 -9999 -9999 -9999 -9999 -9999 -9999 -9999 -9999 -9999 -9999 -9999 -9999 -9999 -9999 -9999 -9999
0 0 0 0 0 0 0 78 78 78 56 56 56 38 38 27 27 27 22 22 21 21 21 24 24 24 28 28 30 30 30 29 29 29 27 27 28 28 28 30 30 30 30 30 29 29 29 27 27 23 23 23 18 18 13 13 13 11 11 11 10 10 0 0 0 15 15 -9999 -9999 -9999 -9999 -9999 -9999 -9999 -9999 -9999 -9999 -9999 -9999 -9999 -9999 -9999 -9999 -9999 -9999 -9999 -9999 -9999 -9999 -9999 -9999 -9999 -9999 -9999 -9999 -9999
0 0 0 0 0 0 0 77 77 77 56 56 56 37 37 28 28 28 24 24 23 23 23 25 25 25 28 28 29 29 29 27 27 27 26 26 26 26 26 29 29 32 32 32 31 31 31 26 26 20 20 20 15 15 12 12 12 0 0 0 8 8 0 0 0 16 -9999 -9999 -9999 -9999 -9999 -9999 -9999 -9999 -9999 -9999 -9999 -9999 -9999 -9999 -9999 -9999 -9999 -9999 -9999 -9999 -9999 -9999 -9999 -9999 -9999 -9999 -9999 -9999 -9999 -9999
0 0 0 0 0 0 0 77 77 77 56 56 56 37 37 28 28 28 24 24 23 23 23 25 25 25 28 28 29 29 29 27 27 27 26 26 26 26 26 29 29 32 32 32 31 31 31 26 26 20 20 20 15 15 12 12 12 0 0 0 8 8 0 0 0 -9999 -9999 -9999 -9999 -9999 -9999 -9999 -9999 -9999 -9999 -9999 -9999 -9999 -9999 -9999 -9999 -9999 -9999 -9999 -9999 -9999 -9999 -9999 -9999 -9999 -9999 -9999 -9999 -9999 -9999 -9999
0 0 0 0 0 0 0 77 77 77 56 56 56 37 37 28 28 28 24 24 23 23 23 25 25 25 28 28 29 29 29 27 27 27 26 26 26 26 26 29 29 32 32 32 31 31 31 26 26 20 20 20 15 15 12 12 12 0 0 0 8 8 0 -9999 -9999 -9999 -9999 -9999 -9999 -9999 -9999 -9999 -9999 -9999 -9999 -9999 -9999 -9999 -9999 -9999 -9999 -9999 -9999 -9999 -9999 -9999 -9999 -9999 -9999 -9999 -9999 -9999 -9999 -9999 -9999 -9999
0 0 0 0 0 0 0 75 75 75 54 54 54 36 36 29 29 29 27 27 25 25 25 25 25 25 27 27 27 27 27 25 25 25 24 24 26 26 26 30 30 32 32 32 30 30 30 24 24 18 18 18 14 14 11 11 11 0 0 0 8 8 0 -9999 -9999 -9999 -9999 -9999 -9999 -9999 -9999 -9999 -9999 -9999 -9999 -9999 -9999 -9999 -9999 -9999 -9999 -9999 -9999 -9999 -9999 -9999 -9999 -9999 -9999 -9999 -9999 -9999 -9999 -9999 -9999 -9999
0 0 0 0 0 0 0 75 75 75 54 54 54 36 36 29 29 29 27 27 25 25 25 25 25 25 27 27 27 27 27 25 25 25 24 24 26 26 26 30 30 32 32 32 30 30 30 24 24 18 18 18 14 14 11 11 11 0 0 0 8 8 -9999 -9999 -9999 -9999 -9999 -9999 -9999 -9999 -9999 -9999 -9999 -9999 -9999 -9999 -9999 -9999 -9999 -9999 -9999 -9999 -9999 -9999 -9999 -9999 -9999 -9999 -9999 -9999 -9999 -9999 -9999 -9999 -9999 -9999
0 0 0 0 0 0 0 69 69 69 52 52 52 37 37 31 31 31 28 28 27 27 27 26 26 26 25 25 25 25 25 23 23 23 23 23 26 26 26 29 29 31 31 31 28 28 28 23 23 18 18 18 14 14 12 12 12 0 0 0 9 -9999 -9999 -9999 -9999 -9999 -9999 -9999 -9999 -9999 -9999 -9999 -9999 -9999 -9999 -9999 -9999 -9999 -9999 -9999 -9999 -9999 -9999 -9999 -9999 -9999 -9999 -9999 -9999 -9999 -9999 -9999 -9999 -9999 -9999 -9999
0 0 0 0 0 0 0 69 69 69 52 52 52 37 37 31 31 31 28 28 27 27 27 26 26 26 25 25 25 25 25 23 23 23 23 23 26 26 26 29 29 31 31 31 28 28 28 23 23 18 18 18 14 14 12 12 12 0 0 0 -9999 -9999 -9999 -9999 -9999 -9999 -9999 -9999 -9999 -9999 -9999 -9999 -9999 -9999 -9999 -9999 -9999 -9999 -9999 -9999 -9999 -9999 -9999 -9999 -9999 -9999 -9999 -9999 -9999 -9999 -9999 -9999 -9999 -9999 -9999 -9999
0 0 0 0 0 0 0 69 69 69 52 52 52 37 37 31 31 31 28 28 27 27 27 26 26 26 25 25 25 25 25 23 23 23 23 23 26 26 26 29 29 31 31 31 28 28 28 23 23 18 18 18 14 14 12 12 12 0 0 -9999 -9999 -9999 -9999 -9999 -9999 -9999 -9999 -9999 -9999 -9999 -9999 -9999 -9999 -9999 -9999 -9999 -9999 -9999 -9999 -9999 -9999 -9999 -9999 -9999 -9999 -9999 -9999 -9999 -9999 -9999 -9999 -9999 -9999 -9999 -9999 -9999
0 0 0 0 0 67 67 61 61 61 51 51 51 40 40 33 33 33 30 30 28 28 28 26 26 26 24 24 23 23 23 21 21 21 21 21 25 25 25 29 29 30 30 30 27 27 27 22 22 18 18 18 16 16 13 13 13 0 -9999 -9999 -9999 -9999 -9999 -9999 -9999 -9999 -9999 -9999 -9999 -9999 -9999 -9999 -9999 -9999 -9999 -9999 -9999 -9999 -9999 -9999 -9999 -9999 -9999 -9999 -9999 -9999 -9999 -9999 -9999 -9999 -9999 -9999 -9999 -9999 -9999 -9999
0 0 0 0 0 67 67 61 61 61 51 51 51 40 40 33 33 33 30 30 28 28 28 26 26 26 24 24 23 23 23 21 21 21 21 21 25 25 25 29 29 30 30 30 27 27 27 22 22 18 18 18 16 16 13 13 13 0 -9999 -9999 -9999 -9999 -9999 -9999 -9999 -9999 -9999 -9999 -9999 -9999 -9999 -9999 -9999 -9999 -9999 -9999 -9999 -9999 -9999 -9999 -9999 -9999 -9999 -9999 -9999 -9999 -9999 -9999 -9999 -9999 -9999 -9999 -9999 -9999 -9999 -9999
