SEB_model/sample_data_files/historical/hillshade/aug6am.txt
ncols         559
nrows         351
xllcorner     388608.08691406
yllcorner     7584381.3441773
cellsize      5
NODATA_value  -9999
[rows 120 to 159 of 351, columns 364 to 454 of 559]
101 101 104 104 104 100 100 90 90 90 90 90 90 100 100 94 94 94 93 93 91 91 91 96 96 96 107 107 100 100 100 104 104 115 115 115 109 109 109 106 106 105 105 105 102 102 102 107 107 105 105 105 113 113 115 115 115 113 113 113 118 118 109 109 109 111 111 125 125 125 122 122 122 118 118 111 111 111 101 101 101 100 100 93 93 93 97 97 101 101 101
102 102 101 101 101 94 94 88 88 88 90 90 90 99 99 94 94 94 93 93 92 92 92 98 98 98 107 107 99 99 99 103 103 114 114 114 109 109 109 106 106 103 103 103 100 100 100 106 106 104 104 104 111 111 114 114 114 113 113 113 120 120 113 113 113 115 115 128 128 128 124 124 124 120 120 113 113 113 105 105 105 109 109 100 100 100 100 100 105 105 105
102 102 101 101 101 94 94 88 88 88 90 90 90 99 99 94 94 94 93 93 92 92 92 98 98 98 107 107 99 99 99 103 103 114 114 114 109 109 109 106 106 103 103 103 100 100 100 106 106 104 104 104 111 111 114 114 114 113 113 113 120 120 113 113 113 115 115 128 128 128 124 124 124 120 120 113 113 113 105 105 105 109 109 100 100 100 100 100 105 105 105
107 107 102 102 102 90 90 87 87 87 89 89 89 95 95 92 92 92 93 93 94 94 94 99 99 99 106 106 98 98 98 102 102 113 113 113 108 108 108 105 105 101 101 101 98 98 98 106 106 104 104 104 109 109 114 114 114 115 115 115 123 123 116 116 116 116 116 126 126 126 117 117 117 114 114 112 112 112 109 109 109 115 115 106 106 106 105 105 113 113 113
107 107 102 102 102 90 90 87 87 87 89 89 89 95 95 92 92 92 93 93 94 94 94 99 99 99 106 106 98 98 98 102 102 113 113 113 108 108 108 105 105 101 101 101 98 98 98 106 106 104 104 104 109 109 114 114 114 115 115 115 123 123 116 116 116 116 116 126 126 126 117 117 117 114 114 112 112 112 109 109 109 115 115 106 106 106 105 105 113 113 113
107 107 102 102 102 90 90 87 87 87 89 89 89 95 95 92 92 92 93 93 94 94 94 99 99 99 106 106 98 98 98 102 102 113 113 113 108 108 108 105 105 101 101 101 98 98 98 106 106 104 104 104 109 109 114 114 114 115 115 115 123 123 116 116 116 116 116 126 126 126 117 117 117 114 114 112 112 112 109 109 109 115 115 106 106 106 105 105 113 113 113
114 114 102 102 102 87 87 86 86 86 86 86 86 90 90 89 89 89 95 95 98 98 98 101 101 101 106 106 97 97 97 102 102 113 113 113 106 106 106 102 102 99 99 99 97 97 97 107 107 104 104 104 109 109 115 115 115 117 117 117 124 124 115 115 115 113 113 121 121 121 111 111 111 110 110 112 112 112 111 111 111 118 118 107 107 107 107 107 116 116 116
114 114 102 102 102 87 87 86 86 86 86 86 86 90 90 89 89 89 95 95 98 98 98 101 101 101 106 106 97 97 97 102 102 113 113 113 106 106 106 102 102 99 99 99 97 97 97 107 107 104 104 104 109 109 115 115 115 117 117 117 124 124 115 115 115 113 113 121 121 121 111 111 111 110 110 112 112 112 111 111 111 118 118 107 107 107 107 107 116 116 116
114 114 102 102 102 87 87 86 86 86 86 86 86 90 90 89 89 89 95 95 98 98 98 101 101 101 106 106 97 97 97 102 102 113 113 113 106 106 106 102 102 99 99 99 97 97 97 107 107 104 104 104 109 109 115 115 115 117 117 117 124 124 115 115 115 113 113 121 121 121 111 111 111 110 110 112 112 112 111 111 111 118 118 107 107 107 107 107 116 116 116
117 117 98 98 98 84 84 85 85 85 85 85 85 85 85 85 85 85 95 95 101 101 101 103 103 103 105 105 97 97 97 101 101 112 112 112 104 104 104 100 100 96 96 96 96 96 96 108 108 106 106 106 112 112 117 117 117 117 117 117 122 122 110 110 110 108 108 117 117 117 108 108 108 110 110 113 113 113 112 112 112 118 118 107 107 107 108 108 115 115 115
117 117 98 98 98 84 84 85 85 85 85 85 85 85 85 85 85 85 95 95 101 101 101 103 103 103 105 105 97 97 97 101 101 112 112 112 104 104 104 100 100 96 96 96 96 96 96 108 108 106 106 106 112 112 117 117 117 117 117 117 122 122 110 110 110 108 108 117 117 117 108 108 108 110 110 113 113 113 112 112 112 118 118 107 107 107 108 108 115 115 115
114 114 92 92 92 82 82 84 84 84 83 83 83 83 83 83 83 83 93 93 100 100 100 104 104 104 106 106 96 96 96 100 100 111 111 111 101 101 101 97 97 95 95 95 98 98 98 112 112 111 111 111 116 116 119 119 119 116 116 116 116 116 104 104 104 104 104 114 114 114 105 105 105 108 108 112 112 112 111 111 111 119 119 108 108 108 108 108 113 113 113
114 114 92 92 92 82 82 84 84 84 83 83 83 83 83 83 83 83 93 93 100 100 100 104 104 104 106 106 96 96 96 100 100 111 111 111 101 101 101 97 97 95 95 95 98 98 98 112 112 111 111 111 116 116 119 119 119 116 116 116 116 116 104 104 104 104 104 114 114 114 105 105 105 108 108 112 112 112 111 111 111 119 119 108 108 108 108 108 113 113 113
114 114 92 92 92 82 82 84 84 84 83 83 83 83 83 83 83 83 93 93 100 100 100 104 104 104 106 106 96 96 96 100 100 111 111 111 101 101 101 97 97 95 95 95 98 98 98 112 112 111 111 111 116 116 119 119 119 116 116 116 116 116 104 104 104 104 104 114 114 114 105 105 105 108 108 112 112 112 111 111 111 119 119 108 108 108 108 108 113 113 113
106 106 87 87 87 82 82 83 83 83 81 81 81 83 83 82 82 82 88 88 96 96 96 102 102 102 106 106 94 94 94 99 99 110 110 110 99 99 99 95 95 95 95 95 103 103 103 119 119 116 116 116 118 118 116 116 116 111 111 111 110 110 99 99 99 102 102 113 113 113 104 104 104 106 106 110 110 110 111 111 111 120 120 109 109 109 109 109 112 112 112
106 106 87 87 87 82 82 83 83 83 81 81 81 83 83 82 82 82 88 88 96 96 96 102 102 102 106 106 94 94 94 99 99 110 110 110 99 99 99 95 95 95 95 95 103 103 103 119 119 116 116 116 118 118 116 116 116 111 111 111 110 110 99 99 99 102 102 113 113 113 104 104 104 106 106 110 110 110 111 111 111 120 120 109 109 109 109 109 112 112 112
100 100 85 85 85 84 84 83 83 83 78 78 78 82 82 81 81 81 85 85 93 93 93 100 100 100 105 105 92 92 92 98 98 110 110 110 97 97 97 97 97 102 102 102 113 113 113 126 126 118 118 118 115 115 110 110 110 103 103 103 104 104 97 97 97 102 102 113 113 113 103 103 103 105 105 109 109 109 111 111 111 119 119 108 108 108 109 109 109 109 109
100 100 85 85 85 84 84 83 83 83 78 78 78 82 82 81 81 81 85 85 93 93 93 100 100 100 105 105 92 92 92 98 98 110 110 110 97 97 97 97 97 102 102 102 113 113 113 126 126 118 118 118 115 115 110 110 110 103 103 103 104 104 97 97 97 102 102 113 113 113 103 103 103 105 105 109 109 109 111 111 111 119 119 108 108 108 109 109 109 109 109
100 100 85 85 85 84 84 83 83 83 78 78 78 82 82 81 81 81 85 85 93 93 93 100 100 100 105 105 92 92 92 98 98 110 110 110 97 97 97 97 97 102 102 102 113 113 113 126 126 118 118 118 115 115 110 110 110 103 103 103 104 104 97 97 97 102 102 113 113 113 103 103 103 105 105 109 109 109 111 111 111 119 119 108 108 108 109 109 109 109 109
96 96 84 84 84 85 85 84 84 84 77 77 77 80 80 79 79 79 82 82 89 89 89 96 96 96 100 100 90 90 90 99 99 110 110 110 100 100 100 105 105 113 113 113 124 124 124 131 131 117 117 117 109 109 100 100 100 97 97 97 102 102 97 97 97 105 105 115 115 115 104 104 104 104 104 108 108 108 109 109 109 117 117 107 107 107 107 107 106 106 106
96 96 84 84 84 85 85 84 84 84 77 77 77 80 80 79 79 79 82 82 89 89 89 96 96 96 100 100 90 90 90 99 99 110 110 110 100 100 100 105 105 113 113 113 124 124 124 131 131 117 117 117 109 109 100 100 100 97 97 97 102 102 97 97 97 105 105 115 115 115 104 104 104 104 104 108 108 108 109 109 109 117 117 107 107 107 107 107 106 106 106
96 96 84 84 84 85 85 84 84 84 77 77 77 80 80 79 79 79 82 82 89 89 89 96 96 96 100 100 90 90 90 99 99 110 110 110 100 100 100 105 105 113 113 113 124 124 124 131 131 117 117 117 109 109 100 100 100 97 97 97 102 102 97 97 97 105 105 115 115 115 104 104 104 104 104 108 108 108 109 109 109 117 117 107 107 107 107 107 106 106 106
93 93 83 83 83 85 85 86 86 86 78 78 78 78 78 75 75 75 78 78 85 85 85 89 89 89 95 95 90 90 90 100 100 112 112 112 106 106 106 113 113 122 122 122 130 130 130 133 133 113 113 113 101 101 95 95 95 96 96 96 105 105 101 101 101 108 108 117 117 117 104 104 104 103 103 106 106 106 108 108 108 115 115 104 104 104 104 104 102 102 102
93 93 83 83 83 85 85 86 86 86 78 78 78 78 78 75 75 75 78 78 85 85 85 89 89 89 95 95 90 90 90 100 100 112 112 112 106 106 106 113 113 122 122 122 130 130 130 133 133 113 113 113 101 101 95 95 95 96 96 96 105 105 101 101 101 108 108 117 117 117 104 104 104 103 103 106 106 106 108 108 108 115 115 104 104 104 104 104 102 102 102
91 91 82 82 82 87 87 90 90 90 78 78 78 72 72 68 68 68 71 71 79 79 79 84 84 84 92 92 95 95 95 106 106 117 117 117 113 113 113 119 119 127 127 127 130 130 130 128 128 108 108 108 99 99 97 97 97 99 99 99 108 108 105 105 105 110 110 116 116 116 101 101 101 102 102 105 105 105 107 107 107 113 113 102 102 102 102 102 102 102 102
91 91 82 82 82 87 87 90 90 90 78 78 78 72 72 68 68 68 71 71 79 79 79 84 84 84 92 92 95 95 95 106 106 117 117 117 113 113 113 119 119 127 127 127 130 130 130 128 128 108 108 108 99 99 97 97 97 99 99 99 108 108 105 105 105 110 110 116 116 116 101 101 101 102 102 105 105 105 107 107 107 113 113 102 102 102 102 102 102 102 102
91 91 82 82 82 87 87 90 90 90 78 78 78 72 72 68 68 68 71 71 79 79 79 84 84 84 92 92 95 95 95 106 106 117 117 117 113 113 113 119 119 127 127 127 130 130 130 128 128 108 108 108 99 99 97 97 97 99 99 99 108 108 105 105 105 110 110 116 116 116 101 101 101 102 102 105 105 105 107 107 107 113 113 102 102 102 102 102 102 102 102
91 91 83 83 83 91 91 92 92 92 74 74 74 60 60 57 57 57 63 63 74 74 74 83 83 83 96 96 104 104 104 114 114 122 122 122 117 117 117 121 121 125 125 125 124 124 124 121 121 106 106 106 103 103 102 102 102 101 101 101 110 110 107 107 107 110 110 113 113 113 99 99 99 101 101 105 105 105 107 107 107 112 112 101 101 101 103 103 104 104 104
91 91 83 83 83 91 91 92 92 92 74 74 74 60 60 57 57 57 63 63 74 74 74 83 83 83 96 96 104 104 104 114 114 122 122 122 117 117 117 121 121 125 125 125 124 124 124 121 121 106 106 106 103 103 102 102 102 101 101 101 110 110 107 107 107 110 110 113 113 113 99 99 99 101 101 105 105 105 107 107 107 112 112 101 101 101 103 103 104 104 104
98 98 88 88 88 91 91 85 85 85 65 65 65 47 47 44 44 44 57 57 75 75 75 88 88 88 103 103 112 112 112 120 120 126 126 126 118 118 118 119 119 119 119 119 117 117 117 117 117 108 108 108 109 109 107 107 107 101 101 101 108 108 106 106 106 109 109 112 112 112 99 99 99 102 102 106 106 106 106 106 106 110 110 101 101 101 104 104 105 105 105
98 98 88 88 88 91 91 85 85 85 65 65 65 47 47 44 44 44 57 57 75 75 75 88 88 88 103 103 112 112 112 120 120 126 126 126 118 118 118 119 119 119 119 119 117 117 117 117 117 108 108 108 109 109 107 107 107 101 101 101 108 108 106 106 106 109 109 112 112 112 99 99 99 102 102 106 106 106 106 106 106 110 110 101 101 101 104 104 105 105 105
98 98 88 88 88 91 91 85 85 85 65 65 65 47 47 44 44 44 57 57 75 75 75 88 88 88 103 103 112 112 112 120 120 126 126 126 118 118 118 119 119 119 119 119 117 117 117 117 117 108 108 108 109 109 107 107 107 101 101 101 108 108 106 106 106 109 109 112 112 112 99 99 99 102 102 106 106 106 106 106 106 110 110 101 101 101 104 104 105 105 105
114 114 97 97 97 83 83 65 65 65 49 49 49 39 39 39 39 39 59 59 84 84 84 100 100 100 114 114 120 120 120 124 124 127 127 127 115 115 115 113 113 114 114 114 114 114 114 118 118 112 112 112 114 114 110 110 110 100 100 100 106 106 106 106 106 109 109 112 112 112 101 101 101 104 104 106 106 106 103 103 103 107 107 101 101 101 106 106 105 105 105
114 114 97 97 97 83 83 65 65 65 49 49 49 39 39 39 39 39 59 59 84 84 84 100 100 100 114 114 120 120 120 124 124 127 127 127 115 115 115 113 113 114 114 114 114 114 114 118 118 112 112 112 114 114 110 110 110 100 100 100 106 106 106 106 106 109 109 112 112 112 101 101 101 104 104 106 106 106 103 103 103 107 107 101 101 101 106 106 105 105 105
114 114 97 97 97 83 83 65 65 65 49 49 49 39 39 39 39 39 59 59 84 84 84 100 100 100 114 114 120 120 120 124 124 127 127 127 115 115 115 113 113 114 114 114 114 114 114 118 118 112 112 112 114 114 110 110 110 100 100 100 106 106 106 106 106 109 109 112 112 112 101 101 101 104 104 106 106 106 103 103 103 107 107 101 101 101 106 106 105 105 105
125 125 97 97 97 63 63 39 39 39 35 35 35 41 41 48 48 48 73 73 99 99 99 113 113 113 125 125 126 126 126 124 124 126 126 126 112 112 112 111 111 115 115 115 116 116 116 120 120 114 114 114 118 118 112 112 112 100 100 100 106 106 107 107 107 110 110 113 113 113 103 103 103 104 104 105 105 105 101 101 101 106 106 103 103 103 106 106 103 103 103
125 125 97 97 97 63 63 39 39 39 35 35 35 41 41 48 48 48 73 73 99 99 99 113 113 113 125 125 126 126 126 124 124 126 126 126 112 112 112 111 111 115 115 115 116 116 116 120 120 114 114 114 118 118 112 112 112 100 100 100 106 106 107 107 107 110 110 113 113 113 103 103 103 104 104 105 105 105 101 101 101 106 106 103 103 103 106 106 103 103 103
113 113 77 77 77 39 39 25 25 25 34 34 34 53 53 72 72 72 100 100 118 118 118 124 124 124 131 131 126 126 126 121 121 123 123 123 112 112 112 114 114 118 118 118 117 117 117 119 119 112 112 112 118 118 110 110 110 98 98 98 106 106 108 108 108 110 110 113 113 113 104 104 104 104 104 104 104 104 100 100 100 108 108 105 105 105 106 106 101 101 101
113 113 77 77 77 39 39 25 25 25 34 34 34 53 53 72 72 72 100 100 118 118 118 124 124 124 131 131 126 126 126 121 121 123 123 123 112 112 112 114 114 118 118 118 117 117 117 119 119 112 112 112 118 118 110 110 110 98 98 98 106 106 108 108 108 110 110 113 113 113 104 104 104 104 104 104 104 104 100 100 100 108 108 105 105 105 106 106 101 101 101
113 113 77 77 77 39 39 25 25 25 34 34 34 53 53 72 72 72 100 100 118 118 118 124 124 124 131 131 126 126 126 121 121 123 123 123 112 112 112 114 114 118 118 118 117 117 117 119 119 112 112 112 118 118 110 110 110 98 98 98 106 106 108 108 108 110 110 113 113 113 104 104 104 104 104 104 104 104 100 100 100 108 108 105 105 105 106 106 101 101 101
