SEB_model/sample_data_files/historical/hillshade/aug6pm.txt
ncols         559
nrows         351
xllcorner     388608.08691406
yllcorner     7584381.3441773
cellsize      5
NODATA_value  -9999
[rows 138 to 183 of 351, columns 288 to 383 of 559]
11 11 0 0 0 0 0 0 0 0 39 39 39 37 37 31 31 31 24 24 19 19 19 30 30 30 35 35 36 36 36 28 28 28 12 12 18 18 18 29 29 28 28 28 27 27 27 21 21 35 35 35 52 52 50 50 50 46 46 46 31 31 14 14 14 0 0 0 0 0 0 0 0 0 0 0 0 0 29 29 29 30 30 30 30 30 36 36 36 33 33 34 34 34 31 31
10 10 0 0 0 0 0 0 0 0 49 49 49 41 41 34 34 34 24 24 16 16 16 25 25 25 30 30 30 30 30 21 21 21 3 3 0 0 0 19 19 23 23 23 23 23 23 18 18 33 33 33 55 55 55 55 55 48 48 48 29 29 11 11 11 0 0 0 0 0 0 0 0 0 0 18 18 18 31 31 31 30 30 31 31 31 39 39 39 36 36 38 38 38 35 35
10 10 0 0 0 0 0 0 0 0 49 49 49 41 41 34 34 34 24 24 16 16 16 25 25 25 30 30 30 30 30 21 21 21 3 3 0 0 0 19 19 23 23 23 23 23 23 18 18 33 33 33 55 55 55 55 55 48 48 48 29 29 11 11 11 0 0 0 0 0 0 0 0 0 0 18 18 18 31 31 31 30 30 31 31 31 39 39 39 36 36 38 38 38 35 35
10 10 0 0 0 0 0 0 0 0 49 49 49 41 41 34 34 34 24 24 16 16 16 25 25 25 30 30 30 30 30 21 21 21 3 3 0 0 0 19 19 23 23 23 23 23 23 18 18 33 33 33 55 55 55 55 55 48 48 48 29 29 11 11 11 0 0 0 0 0 0 0 0 0 0 18 18 18 31 31 31 30 30 31 31 31 39 39 39 36 36 38 38 38 35 35
13 13 0 0 0 15 15 36 36 36 51 51 51 37 37 30 30 30 20 20 11 11 11 18 18 18 22 22 24 24 24 15 15 15 0 0 0 0 0 15 15 21 21 21 21 21 21 20 20 39 39 39 64 64 67 67 67 57 57 57 34 34 15 15 15 0 0 0 0 0 0 0 0 0 0 0 0 0 34 34 34 33 33 31 31 31 40 40 40 40 40 43 43 43 41 41
13 13 0 0 0 15 15 36 36 36 51 51 51 37 37 30 30 30 20 20 11 11 11 18 18 18 22 22 24 24 24 15 15 15 0 0 0 0 0 15 15 21 21 21 21 21 21 20 20 39 39 39 64 64 67 67 67 57 57 57 34 34 15 15 15 0 0 0 0 0 0 0 0 0 0 0 0 0 34 34 34 33 33 31 31 31 40 40 40 40 40 43 43 43 41 41
19 19 17 17 17 25 25 36 36 36 43 43 43 27 27 23 23 23 16 16 5 5 5 11 11 11 16 16 19 19 19 11 11 11 0 0 0 0 0 12 12 18 18 18 19 19 19 27 27 53 53 53 80 80 82 82 82 69 69 69 41 41 18 18 18 0 0 0 0 0 0 0 0 0 0 0 0 0 36 36 36 31 31 27 27 27 40 40 40 47 47 52 52 52 50 50
19 19 17 17 17 25 25 36 36 36 43 43 43 27 27 23 23 23 16 16 5 5 5 11 11 11 16 16 19 19 19 11 11 11 0 0 0 0 0 12 12 18 18 18 19 19 19 27 27 53 53 53 80 80 82 82 82 69 69 69 41 41 18 18 18 0 0 0 0 0 0 0 0 0 0 0 0 0 36 36 36 31 31 27 27 27 40 40 40 47 47 52 52 52 50 50
19 19 17 17 17 25 25 36 36 36 43 43 43 27 27 23 23 23 16 16 5 5 5 11 11 11 16 16 19 19 19 11 11 11 0 0 0 0 0 12 12 18 18 18 19 19 19 27 27 53 53 53 80 80 82 82 82 69 69 69 41 41 18 18 18 0 0 0 0 0 0 0 0 0 0 0 0 0 36 36 36 31 31 27 27 27 40 40 40 47 47 52 52 52 50 50
26 26 26 26 26 21 21 21 21 21 29 29 29 17 17 18 18 18 15 15 2 2 2 6 6 6 10 10 15 15 15 12 12 12 0 0 0 0 0 13 13 16 16 16 20 20 20 38 38 71 71 71 98 98 96 96 96 75 75 75 41 41 8 8 8 0 0 0 0 0 0 0 0 0 0 0 0 0 0 0 0 24 24 22 22 22 41 41 41 57 57 63 63 63 58 58
26 26 26 26 26 21 21 21 21 21 29 29 29 17 17 18 18 18 15 15 2 2 2 6 6 6 10 10 15 15 15 12 12 12 0 0 0 0 0 13 13 16 16 16 20 20 20 38 38 71 71 71 98 98 96 96 96 75 75 75 41 41 8 8 8 0 0 0 0 0 0 0 0 0 0 0 0 0 0 0 0 24 24 22 22 22 41 41 41 57 57 63 63 63 58 58
28 28 19 19 19 2 2 0 0 0 20 20 20 14 14 16 16 16 16 16 1 1 1 0 0 0 5 5 12 12 12 15 15 15 1 1 0 0 0 16 16 15 15 15 19 19 19 46 46 86 86 86 114 114 106 106 106 74 74 74 28 28 0 0 0 0 0 0 0 0 0 0 0 0 0 0 0 0 0 0 0 0 0 0 0 0 51 51 51 72 72 76 76 76 65 65
28 28 19 19 19 2 2 0 0 0 20 20 20 14 14 16 16 16 16 16 1 1 1 0 0 0 5 5 12 12 12 15 15 15 1 1 0 0 0 16 16 15 15 15 19 19 19 46 46 86 86 86 114 114 106 106 106 74 74 74 28 28 0 0 0 0 0 0 0 0 0 0 0 0 0 0 0 0 0 0 0 0 0 0 0 0 51 51 51 72 72 76 76 76 65 65
28 28 19 19 19 2 2 0 0 0 20 20 20 14 14 16 16 16 16 16 1 1 1 0 0 0 5 5 12 12 12 15 15 15 1 1 0 0 0 16 16 15 15 15 19 19 19 46 46 86 86 86 114 114 106 106 106 74 74 74 28 28 0 0 0 0 0 0 0 0 0 0 0 0 0 0 0 0 0 0 0 0 0 0 0 0 51 51 51 72 72 76 76 76 65 65
16 16 0 0 0 0 0 0 0 0 0 0 0 16 16 18 18 18 18 18 1 1 1 0 0 0 4 4 0 0 0 17 17 17 4 4 0 0 0 16 16 9 9 9 12 12 12 49 49 105 105 105 134 134 113 113 113 63 63 63 10 10 0 0 0 0 0 0 0 0 0 0 0 0 0 0 0 0 0 0 0 0 0 0 0 0 74 74 74 84 84 85 85 85 65 65
16 16 0 0 0 0 0 0 0 0 0 0 0 16 16 18 18 18 18 18 1 1 1 0 0 0 4 4 0 0 0 17 17 17 4 4 0 0 0 16 16 9 9 9 12 12 12 49 49 105 105 105 134 134 113 113 113 63 63 63 10 10 0 0 0 0 0 0 0 0 0 0 0 0 0 0 0 0 0 0 0 0 0 0 0 0 74 74 74 84 84 85 85 85 65 65
16 16 0 0 0 0 0 0 0 0 0 0 0 16 16 18 18 18 18 18 1 1 1 0 0 0 4 4 0 0 0 17 17 17 4 4 0 0 0 16 16 9 9 9 12 12 12 49 49 105 105 105 134 134 113 113 113 63 63 63 10 10 0 0 0 0 0 0 0 0 0 0 0 0 0 0 0 0 0 0 0 0 0 0 0 0 74 74 74 84 84 85 85 85 65 65
0 0 0 0 0 0 0 0 0 0 0 0 0 19 19 19 19 19 20 20 1 1 1 0 0 0 7 7 0 0 0 15 15 15 4 4 15 15 15 17 17 1 1 1 0 0 0 54 54 128 128 128 155 155 117 117 117 47 47 47 0 0 0 0 0 0 0 0 0 0 0 0 0 0 0 0 0 0 0 0 0 0 0 0 0 0 89 89 89 84 84 77 77 77 51 51
0 0 0 0 0 0 0 0 0 0 0 0 0 19 19 19 19 19 20 20 1 1 1 0 0 0 7 7 0 0 0 15 15 15 4 4 15 15 15 17 17 1 1 1 0 0 0 54 54 128 128 128 155 155 117 117 117 47 47 47 0 0 0 0 0 0 0 0 0 0 0 0 0 0 0 0 0 0 0 0 0 0 0 0 0 0 89 89 89 84 84 77 77 77 51 51
0 0 0 0 0 0 0 0 0 0 0 0 0 16 16 18 18 18 18 18 2 2 2 0 0 0 12 12 13 13 13 13 13 13 4 4 18 18 18 16 16 0 0 0 0 0 0 0 0 152 152 152 168 168 110 110 110 21 21 21 0 0 0 0 0 0 0 0 0 0 0 0 0 0 0 0 0 0 0 0 0 0 0 98 98 98 90 90 90 71 71 53 53 53 23 23
0 0 0 0 0 0 0 0 0 0 0 0 0 16 16 18 18 18 18 18 2 2 2 0 0 0 12 12 13 13 13 13 13 13 4 4 18 18 18 16 16 0 0 0 0 0 0 0 0 152 152 152 168 168 110 110 110 21 21 21 0 0 0 0 0 0 0 0 0 0 0 0 0 0 0 0 0 0 0 0 0 0 0 98 98 98 90 90 90 71 71 53 53 53 23 23
0 0 0 0 0 0 0 0 0 0 0 0 0 16 16 18 18 18 18 18 2 2 2 0 0 0 12 12 13 13 13 13 13 13 4 4 18 18 18 16 16 0 0 0 0 0 0 0 0 152 152 152 168 168 110 110 110 21 21 21 0 0 0 0 0 0 0 0 0 0 0 0 0 0 0 0 0 0 0 0 0 0 0 98 98 98 90 90 90 71 71 53 53 53 23 23
0 0 0 0 0 0 0 0 0 0 0 0 0 0 0 0 0 0 17 17 6 6 6 15 15 15 16 16 17 17 17 17 17 17 7 7 18 18 18 14 14 0 0 0 0 0 0 96 96 162 162 162 164 164 81 81 81 0 0 0 0 0 0 0 0 0 0 0 0 0 0 0 0 0 0 0 0 0 0 0 0 0 0 103 103 103 84 84 84 48 48 16 16 16 0 0
0 0 0 0 0 0 0 0 0 0 0 0 0 0 0 0 0 0 17 17 6 6 6 15 15 15 16 16 17 17 17 17 17 17 7 7 18 18 18 14 14 0 0 0 0 0 0 96 96 162 162 162 164 164 81 81 81 0 0 0 0 0 0 0 0 0 0 0 0 0 0 0 0 0 0 0 0 0 0 0 0 0 0 103 103 103 84 84 84 48 48 16 16 16 0 0
0 0 0 0 0 0 0 0 0 0 0 0 0 0 0 0 0 0 17 17 6 6 6 15 15 15 16 16 17 17 17 17 17 17 7 7 18 18 18 14 14 0 0 0 0 0 0 96 96 162 162 162 164 164 81 81 81 0 0 0 0 0 0 0 0 0 0 0 0 0 0 0 0 0 0 0 0 0 0 0 0 0 0 103 103 103 84 84 84 48 48 16 16 16 0 0
7 7 9 9 9 2 2 0 0 0 0 0 0 0 0 0 0 0 16 16 11 11 11 18 18 18 19 19 23 23 23 24 24 24 11 11 16 16 16 18 18 20 20 20 54 54 54 115 115 163 163 163 146 146 16 16 16 0 0 0 0 0 0 0 0 0 0 0 0 0 0 0 0 0 0 0 0 0 0 0 0 0 0 85 85 85 64 64 64 18 18 0 0 0 0 0
7 7 9 9 9 2 2 0 0 0 0 0 0 0 0 0 0 0 16 16 11 11 11 18 18 18 19 19 23 23 23 24 24 24 11 11 16 16 16 18 18 20 20 20 54 54 54 115 115 163 163 163 146 146 16 16 16 0 0 0 0 0 0 0 0 0 0 0 0 0 0 0 0 0 0 0 0 0 0 0 0 0 0 85 85 85 64 64 64 18 18 0 0 0 0 0
19 19 17 17 17 6 6 0 0 0 0 0 0 0 0 0 0 0 0 0 0 0 0 23 23 23 26 26 31 31 31 30 30 30 18 18 21 21 21 28 28 39 39 39 71 71 71 117 117 146 146 146 88 88 0 0 0 0 0 0 0 0 0 0 0 0 0 0 0 0 0 0 0 0 0 0 0 0 0 0 0 0 0 0 0 0 0 0 0 10 10 0 0 0 0 0
19 19 17 17 17 6 6 0 0 0 0 0 0 0 0 0 0 0 0 0 0 0 0 23 23 23 26 26 31 31 31 30 30 30 18 18 21 21 21 28 28 39 39 39 71 71 71 117 117 146 146 146 88 88 0 0 0 0 0 0 0 0 0 0 0 0 0 0 0 0 0 0 0 0 0 0 0 0 0 0 0 0 0 0 0 0 0 0 0 10 10 0 0 0 0 0
19 19 17 17 17 6 6 0 0 0 0 0 0 0 0 0 0 0 0 0 0 0 0 23 23 23 26 26 31 31 31 30 30 30 18 18 21 21 21 28 28 39 39 39 71 71 71 117 117 146 146 146 88 88 0 0 0 0 0 0 0 0 0 0 0 0 0 0 0 0 0 0 0 0 0 0 0 0 0 0 0 0 0 0 0 0 0 0 0 10 10 0 0 0 0 0
27 27 26 26 26 15 15 7 7 7 2 2 2 0 0 0 0 0 17 17 18 18 18 26 26 26 33 33 37 37 37 34 34 34 26 26 30 30 30 35 35 39 39 39 56 56 56 81 81 86 86 86 30 30 0 0 0 0 0 0 0 0 0 0 0 0 0 0 0 0 0 0 0 0 0 0 0 0 0 0 0 0 0 0 0 0 0 0 0 0 0 0 0 0 0 0
27 27 26 26 26 15 15 7 7 7 2 2 2 0 0 0 0 0 17 17 18 18 18 26 26 26 33 33 37 37 37 34 34 34 26 26 30 30 30 35 35 39 39 39 56 56 56 81 81 86 86 86 30 30 0 0 0 0 0 0 0 0 0 0 0 0 0 0 0 0 0 0 0 0 0 0 0 0 0 0 0 0 0 0 0 0 0 0 0 0 0 0 0 0 0 0
28 28 31 31 31 21 21 15 15 15 17 17 17 10 10 0 0 0 9 9 0 0 0 23 23 23 31 31 35 35 35 34 34 34 29 29 32 32 32 33 33 29 29 29 34 34 34 39 39 35 35 35 10 10 0 0 0 0 0 0 0 0 0 0 0 0 0 0 0 0 0 0 0 0 0 0 0 0 0 0 0 0 0 36 36 36 29 29 29 22 22 20 20 20 16 16
28 28 31 31 31 21 21 15 15 15 17 17 17 10 10 0 0 0 9 9 0 0 0 23 23 23 31 31 35 35 35 34 34 34 29 29 32 32 32 33 33 29 29 29 34 34 34 39 39 35 35 35 10 10 0 0 0 0 0 0 0 0 0 0 0 0 0 0 0 0 0 0 0 0 0 0 0 0 0 0 0 0 0 36 36 36 29 29 29 22 22 20 20 20 16 16
28 28 31 31 31 21 21 15 15 15 17 17 17 10 10 0 0 0 9 9 0 0 0 23 23 23 31 31 35 35 35 34 34 34 29 29 32 32 32 33 33 29 29 29 34 34 34 39 39 35 35 35 10 10 0 0 0 0 0 0 0 0 0 0 0 0 0 0 0 0 0 0 0 0 0 0 0 0 0 0 0 0 0 36 36 36 29 29 29 22 22 20 20 20 16 16
24 24 28 28 28 25 25 30 30 30 32 32 32 12 12 0 0 0 5 5 0 0 0 20 20 20 26 26 30 30 30 31 31 31 27 27 29 29 29 27 27 20 20 20 21 21 21 18 18 14 14 14 10 10 5 5 5 13 13 13 18 18 18 18 18 15 15 15 9 9 13 13 13 18 18 23 23 23 33 33 33 36 36 33 33 33 29 29 29 26 26 26 26 26 20 20
24 24 28 28 28 25 25 30 30 30 32 32 32 12 12 0 0 0 5 5 0 0 0 20 20 20 26 26 30 30 30 31 31 31 27 27 29 29 29 27 27 20 20 20 21 21 21 18 18 14 14 14 10 10 5 5 5 13 13 13 18 18 18 18 18 15 15 15 9 9 13 13 13 18 18 23 23 23 33 33 33 36 36 33 33 33 29 29 29 26 26 26 26 26 20 20
24 24 28 28 28 25 25 30 30 30 32 32 32 12 12 0 0 0 5 5 0 0 0 20 20 20 26 26 30 30 30 31 31 31 27 27 29 29 29 27 27 20 20 20 21 21 21 18 18 14 14 14 10 10 5 5 5 13 13 13 18 18 18 18 18 15 15 15 9 9 13 13 13 18 18 23 23 23 33 33 33 36 36 33 33 33 29 29 29 26 26 26 26 26 20 20
17 17 19 19 19 29 29 42 42 42 37 37 37 13 13 0 0 0 7 7 0 0 0 17 17 17 21 21 25 25 25 27 27 27 24 24 26 26 26 25 25 19 19 19 20 20 20 17 17 14 14 14 13 13 10 10 10 17 17 17 20 20 19 19 19 16 16 16 11 11 16 16 16 20 20 25 25 25 33 33 33 34 34 32 32 32 30 30 30 28 28 30 30 30 23 23
17 17 19 19 19 29 29 42 42 42 37 37 37 13 13 0 0 0 7 7 0 0 0 17 17 17 21 21 25 25 25 27 27 27 24 24 26 26 26 25 25 19 19 19 20 20 20 17 17 14 14 14 13 13 10 10 10 17 17 17 20 20 19 19 19 16 16 16 11 11 16 16 16 20 20 25 25 25 33 33 33 34 34 32 32 32 30 30 30 28 28 30 30 30 23 23
14 14 12 12 12 30 30 41 41 41 32 32 32 16 16 12 12 12 15 15 12 12 12 17 17 17 19 19 23 23 23 27 27 27 24 24 28 28 28 28 28 23 23 23 24 24 24 21 21 18 18 18 14 14 0 0 0 13 13 13 18 18 20 20 20 19 19 19 15 15 20 20 20 23 23 26 26 26 33 33 33 34 34 33 33 33 31 31 31 29 29 30 30 30 25 25
14 14 12 12 12 30 30 41 41 41 32 32 32 16 16 12 12 12 15 15 12 12 12 17 17 17 19 19 23 23 23 27 27 27 24 24 28 28 28 28 28 23 23 23 24 24 24 21 21 18 18 18 14 14 0 0 0 13 13 13 18 18 20 20 20 19 19 19 15 15 20 20 20 23 23 26 26 26 33 33 33 34 34 33 33 33 31 31 31 29 29 30 30 30 25 25
14 14 12 12 12 30 30 41 41 41 32 32 32 16 16 12 12 12 15 15 12 12 12 17 17 17 19 19 23 23 23 27 27 27 24 24 28 28 28 28 28 23 23 23 24 24 24 21 21 18 18 18 14 14 0 0 0 13 13 13 18 18 20 20 20 19 19 19 15 15 20 20 20 23 23 26 26 26 33 33 33 34 34 33 33 33 31 31 31 29 29 30 30 30 25 25
17 17 11 11 11 25 25 32 32 32 26 26 26 19 19 23 23 23 30 30 25 25 25 24 24 24 22 22 26 26 26 29 29 29 26 26 31 31 31 31 31 26 26 26 28 28 28 25 25 22 22 22 16 16 0 0 0 9 9 9 15 15 18 18 18 21 21 21 19 19 24 24 24 26 26 27 27 27 34 34 34 36 36 35 35 35 33 33 33 28 28 26 26 26 22 22
17 17 11 11 11 25 25 32 32 32 26 26 26 19 19 23 23 23 30 30 25 25 25 24 24 24 22 22 26 26 26 29 29 29 26 26 31 31 31 31 31 26 26 26 28 28 28 25 25 22 22 22 16 16 0 0 0 9 9 9 15 15 18 18 18 21 21 21 19 19 24 24 24 26 26 27 27 27 34 34 34 36 36 35 35 35 33 33 33 28 28 26 26 26 22 22
17 17 11 11 11 25 25 32 32 32 26 26 26 19 19 23 23 23 30 30 25 25 25 24 24 24 22 22 26 26 26 29 29 29 26 26 31 31 31 31 31 26 26 26 28 28 28 25 25 22 22 22 16 16 0 0 0 9 9 9 15 15 18 18 18 21 21 21 19 19 24 24 24 26 26 27 27 27 34 34 34 36 36 35 35 35 33 33 33 28 28 26 26 26 -9999 -9999
