SEB_model/sample_data_files/historical/hillshade/aug6am.txt
ncols         559
nrows         351
xllcorner     388608.08691406
yllcorner     7584381.3441773
cellsize      5
NODATA_value  -9999
[rows 80 to 119 of 351, columns 91 to 181 of 559]
-9999 -9999 -9999 -9999 -9999 -9999 -9999 -9999 -9999 -9999 57 57 57 61 61 61 64 64 64 67 67 67 67 67 67 67 63 63 63 62 62 62 74 74 77 77 77 -9999 -9999 -9999 -9999 -9999 -9999 -9999 -9999 -9999 -9999 -9999 -9999 -9999 -9999 -9999 -9999 -9999 -9999 -9999 -9999 -9999 -9999 -9999 -9999 -9999 -9999 -9999 -9999 -9999 -9999 -9999 -9999 -9999 -9999 -9999 -9999 -9999 -9999 -9999 -9999 -9999 -9999 -9999 -9999 69 69 69 73 73 73 89 89 96 96
-9999 -9999 -9999 -9999 -9999 -9999 -9999 -9999 -9999 58 58 59 59 62 62 62 65 65 65 67 67 69 69 69 69 69 67 67 67 65 65 65 69 69 69 69 69 78 -9999 -9999 -9999 -9999 -9999 -9999 -9999 -9999 -9999 -9999 -9999 -9999 -9999 -9999 -9999 -9999 -9999 -9999 -9999 -9999 -9999 -9999 -9999 -9999 -9999 -9999 -9999 -9999 -9999 -9999 -9999 -9999 -9999 -9999 -9999 -9999 -9999 -9999 -9999 -9999 -9999 -9999 73 68 68 68 72 72 72 86 86 92 92
-9999 -9999 -9999 -9999 -9999 -9999 -9999 60 58 58 58 59 59 62 62 62 65 65 65 67 67 69 69 69 69 69 67 67 67 65 65 65 69 69 69 69 69 78 -9999 -9999 -9999 -9999 -9999 -9999 -9999 -9999 -9999 -9999 -9999 -9999 -9999 -9999 -9999 -9999 -9999 -9999 -9999 -9999 -9999 -9999 -9999 -9999 -9999 -9999 -9999 -9999 -9999 -9999 -9999 -9999 -9999 -9999 -9999 -9999 -9999 -9999 -9999 -9999 -9999 -9999 73 68 68 68 72 72 72 86 86 92 92
-9999 -9999 -9999 -9999 -9999 -9999 60 60 58 58 58 59 59 62 62 62 65 65 65 67 67 69 69 69 69 69 67 67 67 65 65 65 69 69 69 69 69 78 -9999 -9999 -9999 -9999 -9999 -9999 -9999 -9999 -9999 -9999 -9999 -9999 -9999 -9999 -9999 -9999 -9999 -9999 -9999 -9999 -9999 -9999 -9999 -9999 -9999 -9999 -9999 -9999 -9999 -9999 -9999 -9999 -9999 -9999 -9999 -9999 -9999 -9999 -9999 -9999 -9999 -9999 73 68 68 68 72 72 72 86 86 92 92
-9999 -9999 -9999 -9999 -9999 -9999 60 60 58 58 58 59 59 63 63 63 66 66 66 68 68 70 70 70 71 71 71 71 71 71 71 71 70 70 66 66 66 76 76 -9999 -9999 -9999 -9999 -9999 -9999 -9999 -9999 -9999 -9999 -9999 -9999 -9999 -9999 -9999 -9999 -9999 -9999 -9999 -9999 -9999 -9999 -9999 -9999 -9999 -9999 -9999 -9999 -9999 -9999 -9999 -9999 -9999 -9999 -9999 -9999 -9999 -9999 -9999 -9999 -9999 78 74 74 74 77 77 77 82 82 86 86
-9999 -9999 -9999 -9999 -9999 -9999 -9999 -9999 -9999 -9999 -9999 59 59 63 63 63 66 66 66 68 68 70 70 70 71 71 71 71 71 71 71 71 70 70 66 66 66 76 -9999 -9999 -9999 -9999 -9999 -9999 -9999 -9999 -9999 -9999 -9999 -9999 -9999 -9999 -9999 -9999 -9999 -9999 -9999 -9999 -9999 -9999 -9999 -9999 -9999 -9999 -9999 -9999 -9999 -9999 -9999 -9999 -9999 -9999 -9999 -9999 -9999 -9999 -9999 -9999 -9999 -9999 -9999 -9999 74 74 77 77 77 82 82 86 86
-9999 -9999 -9999 -9999 -9999 -9999 -9999 -9999 -9999 -9999 58 59 59 63 63 63 66 66 66 68 68 70 70 70 71 71 71 71 71 71 71 71 70 70 66 -9999 -9999 -9999 -9999 -9999 -9999 -9999 -9999 -9999 -9999 -9999 -9999 -9999 -9999 -9999 -9999 -9999 -9999 -9999 -9999 -9999 -9999 -9999 -9999 -9999 -9999 -9999 -9999 -9999 -9999 -9999 -9999 -9999 -9999 -9999 -9999 -9999 -9999 -9999 -9999 -9999 -9999 -9999 -9999 -9999 -9999 -9999 -9999 -9999 -9999 -9999 -9999 82 82 86 86
-9999 -9999 -9999 -9999 -9999 -9999 -9999 -9999 -9999 59 59 59 59 63 63 63 67 67 67 69 69 71 71 71 73 73 73 73 73 73 73 73 72 72 71 71 -9999 -9999 -9999 -9999 -9999 -9999 -9999 -9999 -9999 -9999 -9999 -9999 -9999 -9999 -9999 -9999 -9999 -9999 -9999 -9999 -9999 -9999 -9999 -9999 -9999 -9999 -9999 -9999 -9999 -9999 -9999 -9999 -9999 -9999 -9999 -9999 -9999 -9999 -9999 -9999 -9999 -9999 -9999 -9999 -9999 -9999 -9999 -9999 -9999 -9999 -9999 -9999 -9999 84 84
-9999 -9999 -9999 -9999 -9999 -9999 -9999 62 59 59 59 59 59 63 63 63 67 67 67 69 69 71 71 71 73 73 73 73 73 73 73 73 72 72 71 71 -9999 -9999 -9999 -9999 -9999 -9999 -9999 -9999 -9999 -9999 -9999 -9999 -9999 -9999 -9999 -9999 -9999 -9999 -9999 -9999 -9999 -9999 -9999 -9999 -9999 -9999 -9999 -9999 -9999 -9999 -9999 -9999 -9999 -9999 -9999 -9999 -9999 -9999 -9999 -9999 -9999 -9999 -9999 -9999 -9999 -9999 -9999 -9999 -9999 -9999 -9999 -9999 -9999 -9999 -9999
72 72 72 69 69 69 65 65 62 62 62 61 61 63 63 63 67 67 67 70 70 72 72 72 73 73 74 74 74 74 74 74 74 74 74 -9999 -9999 -9999 -9999 -9999 -9999 -9999 -9999 -9999 -9999 -9999 -9999 -9999 -9999 -9999 -9999 -9999 -9999 -9999 -9999 -9999 -9999 -9999 -9999 -9999 -9999 -9999 -9999 -9999 -9999 -9999 -9999 -9999 -9999 -9999 -9999 -9999 -9999 -9999 -9999 -9999 -9999 -9999 -9999 -9999 -9999 -9999 -9999 -9999 -9999 -9999 -9999 -9999 -9999 -9999 -9999
72 72 72 69 69 69 65 65 62 62 62 61 61 63 63 63 67 67 67 70 70 72 72 72 73 73 74 74 74 74 74 74 74 74 74 -9999 -9999 -9999 -9999 -9999 -9999 -9999 -9999 -9999 -9999 -9999 -9999 -9999 -9999 -9999 -9999 -9999 -9999 -9999 -9999 -9999 -9999 -9999 -9999 -9999 -9999 -9999 -9999 -9999 -9999 -9999 -9999 -9999 -9999 -9999 -9999 -9999 -9999 -9999 -9999 -9999 -9999 -9999 -9999 -9999 -9999 -9999 -9999 -9999 -9999 -9999 -9999 -9999 -9999 -9999 -9999
72 72 72 69 69 69 65 65 62 62 62 61 61 63 63 63 67 67 67 70 70 72 72 72 73 73 74 74 74 74 74 74 74 -9999 -9999 -9999 -9999 -9999 -9999 -9999 -9999 -9999 -9999 -9999 -9999 -9999 -9999 -9999 -9999 -9999 -9999 -9999 -9999 -9999 -9999 -9999 -9999 -9999 -9999 -9999 -9999 -9999 -9999 -9999 -9999 -9999 -9999 -9999 -9999 -9999 -9999 -9999 -9999 -9999 -9999 -9999 -9999 -9999 -9999 -9999 -9999 -9999 -9999 -9999 -9999 -9999 -9999 -9999 -9999 -9999 -9999
71 71 71 70 70 70 67 67 65 65 65 64 64 65 65 65 67 67 67 70 70 73 73 73 74 74 75 75 75 74 74 74 74 -9999 -9999 -9999 -9999 -9999 -9999 -9999 -9999 -9999 -9999 -9999 -9999 -9999 -9999 -9999 -9999 -9999 -9999 -9999 -9999 -9999 -9999 -9999 -9999 -9999 -9999 -9999 -9999 -9999 -9999 -9999 -9999 -9999 -9999 -9999 -9999 -9999 -9999 -9999 -9999 -9999 -9999 -9999 -9999 -9999 -9999 -9999 -9999 -9999 -9999 -9999 -9999 -9999 -9999 -9999 -9999 -9999 -9999
71 71 71 70 70 70 67 67 65 65 65 64 64 65 65 65 67 67 67 70 70 73 73 73 74 74 75 75 75 -9999 -9999 -9999 -9999 -9999 -9999 -9999 -9999 -9999 -9999 -9999 -9999 -9999 -9999 -9999 -9999 -9999 -9999 -9999 -9999 -9999 -9999 -9999 -9999 -9999 -9999 -9999 -9999 -9999 -9999 -9999 -9999 -9999 -9999 -9999 -9999 -9999 -9999 -9999 -9999 -9999 -9999 -9999 -9999 -9999 -9999 -9999 -9999 -9999 -9999 -9999 -9999 -9999 -9999 -9999 -9999 -9999 -9999 -9999 -9999 -9999 -9999
71 71 71 70 70 70 67 67 65 65 65 64 64 65 65 65 67 67 67 70 70 73 73 73 74 74 75 75 75 -9999 -9999 -9999 -9999 -9999 -9999 -9999 -9999 -9999 -9999 -9999 -9999 -9999 -9999 -9999 -9999 -9999 -9999 -9999 -9999 -9999 -9999 -9999 -9999 -9999 -9999 -9999 -9999 -9999 -9999 -9999 -9999 -9999 -9999 -9999 -9999 -9999 -9999 -9999 -9999 -9999 -9999 -9999 -9999 -9999 -9999 -9999 -9999 -9999 -9999 -9999 -9999 -9999 -9999 -9999 -9999 -9999 -9999 -9999 -9999 -9999 -9999
71 71 71 73 73 73 72 72 68 68 68 67 67 68 68 68 68 68 68 70 70 72 72 72 74 74 75 75 75 -9999 -9999 -9999 -9999 -9999 -9999 -9999 -9999 -9999 -9999 73 74 -9999 -9999 -9999 -9999 -9999 -9999 -9999 -9999 -9999 -9999 -9999 -9999 -9999 -9999 -9999 -9999 -9999 -9999 -9999 -9999 -9999 -9999 -9999 -9999 -9999 -9999 -9999 -9999 -9999 -9999 -9999 -9999 -9999 -9999 -9999 -9999 -9999 -9999 -9999 -9999 -9999 -9999 -9999 -9999 -9999 -9999 -9999 94 93 93
71 71 71 73 73 73 72 72 68 68 68 67 67 68 68 68 68 68 68 70 70 72 72 72 74 74 75 75 -9999 -9999 -9999 -9999 -9999 -9999 -9999 -9999 74 73 73 73 74 74 76 76 -9999 -9999 -9999 -9999 -9999 -9999 -9999 -9999 -9999 -9999 -9999 -9999 -9999 -9999 -9999 -9999 -9999 -9999 -9999 -9999 -9999 -9999 -9999 -9999 -9999 -9999 -9999 -9999 -9999 -9999 -9999 -9999 -9999 -9999 -9999 -9999 -9999 -9999 -9999 -9999 -9999 -9999 -9999 94 94 93 93
71 71 71 75 75 75 76 76 73 73 73 72 72 73 73 73 72 72 72 73 73 72 72 72 72 72 73 -9999 -9999 -9999 -9999 -9999 -9999 -9999 75 75 75 74 74 74 75 75 77 77 77 -9999 -9999 -9999 -9999 -9999 -9999 -9999 -9999 -9999 -9999 -9999 -9999 -9999 -9999 -9999 -9999 -9999 -9999 -9999 -9999 -9999 -9999 -9999 -9999 -9999 -9999 -9999 -9999 -9999 -9999 -9999 -9999 -9999 -9999 -9999 -9999 -9999 -9999 -9999 -9999 93 93 93 93 94 94
71 71 71 75 75 75 76 76 73 73 73 72 72 73 73 73 72 72 72 73 73 72 72 72 72 72 73 73 73 -9999 -9999 -9999 75 75 75 75 75 74 74 74 75 75 77 77 77 77 77 -9999 -9999 -9999 -9999 -9999 -9999 -9999 -9999 -9999 -9999 -9999 -9999 -9999 -9999 -9999 -9999 -9999 -9999 -9999 -9999 -9999 -9999 -9999 -9999 -9999 -9999 -9999 -9999 -9999 -9999 -9999 -9999 -9999 -9999 -9999 -9999 -9999 93 93 93 93 93 94 94
71 71 71 75 75 75 76 76 73 73 73 72 72 73 73 73 72 72 72 73 73 72 72 72 72 72 73 73 73 74 74 74 75 75 75 75 75 74 74 74 75 75 77 77 77 77 77 72 72 72 -9999 -9999 -9999 -9999 -9999 -9999 -9999 -9999 -9999 -9999 -9999 -9999 -9999 -9999 -9999 -9999 -9999 -9999 -9999 -9999 -9999 -9999 -9999 -9999 -9999 -9999 -9999 -9999 -9999 -9999 -9999 -9999 -9999 93 93 93 93 93 93 94 94
70 70 70 73 73 73 76 76 75 75 75 76 76 77 77 77 79 79 79 81 81 73 73 73 68 68 70 70 70 73 73 73 75 75 76 76 76 76 76 76 77 77 78 78 78 78 78 75 75 75 72 72 -9999 -9999 -9999 -9999 -9999 -9999 -9999 -9999 -9999 -9999 -9999 -9999 -9999 -9999 -9999 -9999 -9999 -9999 -9999 -9999 -9999 -9999 -9999 -9999 -9999 -9999 -9999 -9999 93 93 93 93 92 92 92 92 92 93 93
70 70 70 73 73 73 76 76 75 75 75 76 76 77 77 77 79 79 79 81 81 73 73 73 68 68 70 70 70 73 73 73 75 75 76 76 76 76 76 76 77 77 78 78 78 78 78 75 75 75 72 72 72 72 -9999 -9999 -9999 -9999 -9999 -9999 -9999 -9999 -9999 -9999 -9999 -9999 -9999 -9999 -9999 -9999 -9999 -9999 -9999 -9999 -9999 -9999 -9999 -9999 -9999 93 93 93 93 93 92 92 92 92 92 93 93
71 71 71 73 73 73 78 78 77 77 77 80 80 81 81 81 83 83 83 86 86 75 75 75 67 67 67 67 67 71 71 71 75 75 77 77 77 78 78 78 78 78 79 79 79 79 79 77 77 77 76 76 76 76 76 77 -9999 -9999 -9999 -9999 -9999 -9999 -9999 -9999 -9999 -9999 -9999 -9999 -9999 -9999 -9999 -9999 -9999 -9999 -9999 -9999 -9999 -9999 92 93 93 93 93 93 91 91 91 90 90 92 92
71 71 71 73 73 73 78 78 77 77 77 80 80 81 81 81 83 83 83 86 86 75 75 75 67 67 67 67 67 71 71 71 75 75 77 77 77 78 78 78 78 78 79 79 79 79 79 77 77 77 76 76 76 76 76 77 77 77 79 79 80 80 80 81 81 81 81 81 -9999 -9999 -9999 -9999 -9999 -9999 -9999 -9999 -9999 -9999 92 93 93 93 93 93 91 91 91 90 90 92 92
71 71 71 73 73 73 78 78 77 77 77 80 80 81 81 81 83 83 83 86 86 75 75 75 67 67 67 67 67 71 71 71 75 75 77 77 77 78 78 78 78 78 79 79 79 79 79 77 77 77 76 76 76 76 76 77 77 77 79 79 80 80 80 81 81 81 81 81 82 82 -9999 -9999 -9999 -9999 -9999 -9999 -9999 92 92 93 93 93 93 93 91 91 91 90 90 92 92
73 73 73 75 75 75 80 80 79 79 79 83 83 84 84 84 83 83 83 84 84 74 74 74 65 65 64 64 64 68 68 68 73 73 77 77 77 79 79 79 79 79 79 79 79 78 78 78 78 78 79 79 79 80 80 80 80 80 79 79 79 79 79 80 80 80 80 80 82 82 82 86 -9999 -9999 -9999 -9999 92 92 92 92 92 91 91 91 88 88 88 88 88 90 90
73 73 73 75 75 75 80 80 79 79 79 83 83 84 84 84 83 83 83 84 84 74 74 74 65 65 64 64 64 68 68 68 73 73 77 77 77 79 79 79 79 79 79 79 79 78 78 78 78 78 79 79 79 80 80 80 80 80 79 79 79 79 79 80 80 80 80 80 82 82 82 86 86 86 90 90 92 92 92 92 92 91 91 91 88 88 88 88 88 90 90
73 73 73 75 75 75 80 80 79 79 79 83 83 84 84 84 83 83 83 84 84 74 74 74 65 65 64 64 64 68 68 68 73 73 77 77 77 79 79 79 79 79 79 79 79 78 78 78 78 78 79 79 79 80 80 80 80 80 79 79 79 79 79 80 80 80 80 80 82 82 82 86 86 86 90 90 92 92 92 92 92 91 91 91 88 88 88 88 88 90 90
77 77 77 78 78 78 83 83 82 82 82 86 86 86 86 86 83 83 83 81 81 72 72 72 64 64 63 63 63 66 66 66 71 71 75 75 75 78 78 78 80 80 80 80 80 79 79 79 79 79 81 81 81 82 82 81 81 81 79 79 77 77 77 78 78 78 80 80 83 83 83 88 88 88 93 93 93 93 93 94 94 92 92 92 87 87 87 86 86 89 89
77 77 77 78 78 78 83 83 82 82 82 86 86 86 86 86 83 83 83 81 81 72 72 72 64 64 63 63 63 66 66 66 71 71 75 75 75 78 78 78 80 80 80 80 80 79 79 79 79 79 81 81 81 82 82 81 81 81 79 79 77 77 77 78 78 78 80 80 83 83 83 88 88 88 93 93 93 93 93 94 94 92 92 92 87 87 87 86 86 89 89
81 81 81 80 80 80 85 85 85 85 85 88 88 87 87 87 81 81 81 76 76 67 67 67 62 62 63 63 63 65 65 65 69 69 74 74 74 78 78 78 83 83 84 84 84 83 83 82 82 82 83 83 83 84 84 82 82 82 78 78 76 76 76 76 76 76 80 80 84 84 84 91 91 91 96 96 94 94 94 94 94 93 93 93 87 87 87 87 87 91 91
81 81 81 80 80 80 85 85 85 85 85 88 88 87 87 87 81 81 81 76 76 67 67 67 62 62 63 63 63 65 65 65 69 69 74 74 74 78 78 78 83 83 84 84 84 83 83 82 82 82 83 83 83 84 84 82 82 82 78 78 76 76 76 76 76 76 80 80 84 84 84 91 91 91 96 96 94 94 94 94 94 93 93 93 87 87 87 87 87 91 91
81 81 81 80 80 80 85 85 85 85 85 88 88 87 87 87 81 81 81 76 76 67 67 67 62 62 63 63 63 65 65 65 69 69 74 74 74 78 78 78 83 83 84 84 84 83 83 82 82 82 83 83 83 84 84 82 82 82 78 78 76 76 76 76 76 76 80 80 84 84 84 91 91 91 96 96 94 94 94 94 94 93 93 93 87 87 87 87 87 91 91
81 81 81 82 82 82 87 87 89 89 89 90 90 87 87 87 78 78 78 70 70 62 62 62 59 59 62 62 62 65 65 65 69 69 74 74 74 79 79 79 85 85 86 86 86 85 85 84 84 84 84 84 84 84 84 78 78 78 74 74 75 75 75 76 76 76 80 80 86 86 86 92 92 92 97 97 93 93 93 91 91 91 91 91 88 88 88 90 90 93 93
81 81 81 82 82 82 87 87 89 89 89 90 90 87 87 87 78 78 78 70 70 62 62 62 59 59 62 62 62 65 65 65 69 69 74 74 74 79 79 79 85 85 86 86 86 85 85 84 84 84 84 84 84 84 84 78 78 78 74 74 75 75 75 76 76 76 80 80 86 86 86 92 92 92 97 97 93 93 93 91 91 91 91 91 88 88 88 90 90 93 93
89 89 89 92 92 92 98 98 101 101 101 99 99 90 90 90 78 78 78 69 69 62 62 62 61 61 64 64 64 68 68 68 73 73 79 79 79 86 86 86 90 90 87 87 87 85 85 83 83 83 84 84 84 83 83 74 74 74 70 70 74 74 74 77 77 77 83 83 89 89 89 94 94 94 98 98 92 92 92 90 90 91 91 91 90 90 90 92 92 95 95
89 89 89 92 92 92 98 98 101 101 101 99 99 90 90 90 78 78 78 69 69 62 62 62 61 61 64 64 64 68 68 68 73 73 79 79 79 86 86 86 90 90 87 87 87 85 85 83 83 83 84 84 84 83 83 74 74 74 70 70 74 74 74 77 77 77 83 83 89 89 89 94 94 94 98 98 92 92 92 90 90 91 91 91 90 90 90 92 92 95 95
89 89 89 92 92 92 98 98 101 101 101 99 99 90 90 90 78 78 78 69 69 62 62 62 61 61 64 64 64 68 68 68 73 73 79 79 79 86 86 86 90 90 87 87 87 85 85 83 83 83 84 84 84 83 83 74 74 74 70 70 74 74 74 77 77 77 83 83 89 89 89 94 94 94 98 98 92 92 92 90 90 91 91 91 90 90 90 92 92 95 95
98 98 98 104 104 104 111 111 113 113 113 106 106 90 90 90 74 74 74 69 69 67 67 67 69 69 73 73 73 76 76 76 83 83 90 90 90 96 96 96 97 97 89 89 89 81 81 78 78 78 80 80 80 79 79 71 71 71 69 69 75 75 75 80 80 80 86 86 92 92 92 97 97 97 98 98 90 90 90 87 87 90 90 90 91 91 91 93 93 95 95
98 98 98 104 104 104 111 111 113 113 113 106 106 90 90 90 74 74 74 69 69 67 67 67 69 69 73 73 73 76 76 76 83 83 90 90 90 96 96 96 97 97 89 89 89 81 81 78 78 78 80 80 80 79 79 71 71 71 69 69 75 75 75 80 80 80 86 86 92 92 92 97 97 97 98 98 90 90 90 87 87 90 90 90 91 91 91 93 93 95 95
