SEB_model/sample_data_files/historical/hillshade/aug6am.txt
ncols         559
nrows         351
xllcorner     388608.08691406
yllcorner     7584381.3441773
cellsize      5
NODATA_value  -9999
[rows 40 to 79 of 351, columns 273 to 363 of 559]
-9999 -9999 -9999 -9999 -9999 -9999 -9999 -9999 -9999 -9999 -9999 -9999 -9999 -9999 -9999 -9999 -9999 -9999 -9999 -9999 -9999 -9999 -9999 -9999 -9999 -9999 -9999 148 150 150 150 150 150 147 147 142 142 142 140 140 140 137 137 131 131 131 129 129 129 131 131 126 126 126 124 124 129 129 129 124 124 124 124 124 122 122 122 120 120 125 125 125 119 119 119 119 119 117 117 117 115 115 115 119 119 111 111 111 108 108 109
-9999 -9999 -9999 -9999 -9999 -9999 -9999 -9999 -9999 -9999 -9999 -9999 -9999 -9999 -9999 -9999 -9999 -9999 -9999 -9999 -9999 -9999 -9999 -9999 -9999 -9999 148 148 150 150 150 150 150 147 147 142 142 142 140 140 140 137 137 131 131 131 129 129 129 131 131 126 126 126 124 124 129 129 129 124 124 124 124 124 122 122 122 120 120 125 125 125 119 119 119 119 119 117 117 117 115 115 115 119 119 111 111 111 108 108 109
-9999 -9999 -9999 -9999 -9999 -9999 -9999 -9999 -9999 -9999 -9999 -9999 -9999 -9999 -9999 -9999 -9999 -9999 -9999 -9999 -9999 -9999 -9999 -9999 -9999 -9999 148 148 151 151 152 152 152 147 147 139 139 139 135 135 135 132 132 123 123 123 120 120 120 125 125 122 122 122 121 121 126 126 126 120 120 120 118 118 117 117 117 117 117 123 123 123 117 117 117 116 116 115 115 115 115 115 115 119 119 112 112 112 110 110 111
-9999 -9999 -9999 -9999 -9999 -9999 -9999 -9999 -9999 -9999 -9999 -9999 -9999 -9999 -9999 -9999 -9999 -9999 -9999 -9999 -9999 -9999 -9999 -9999 -9999 -9999 -9999 148 151 151 152 152 152 147 147 139 139 139 135 135 135 132 132 123 123 123 120 120 120 125 125 122 122 122 121 121 126 126 126 120 120 120 118 118 117 117 117 117 117 123 123 123 117 117 117 116 116 115 115 115 115 115 115 119 119 112 112 112 110 110 111
-9999 -9999 -9999 -9999 -9999 -9999 -9999 -9999 -9999 -9999 -9999 -9999 -9999 -9999 -9999 -9999 -9999 -9999 -9999 -9999 -9999 -9999 -9999 -9999 -9999 -9999 -9999 -9999 151 151 152 152 152 147 147 139 139 139 135 135 135 132 132 123 123 123 120 120 120 125 125 122 122 122 121 121 126 126 126 120 120 120 118 118 117 117 117 117 117 123 123 123 117 117 117 116 116 115 115 115 115 115 115 119 119 112 112 112 110 110 111
-9999 -9999 -9999 -9999 -9999 -9999 -9999 -9999 -9999 -9999 -9999 -9999 -9999 -9999 -9999 -9999 -9999 -9999 -9999 -9999 -9999 -9999 -9999 -9999 -9999 -9999 -9999 -9999 151 151 153 153 153 148 148 139 139 139 131 131 131 126 126 116 116 116 114 114 114 120 120 118 118 118 117 117 122 122 122 116 116 116 114 114 113 113 113 114 114 119 119 119 113 113 113 113 113 113 113 113 113 113 113 118 118 111 111 111 111 111 113
-9999 -9999 -9999 -9999 -9999 -9999 -9999 -9999 -9999 -9999 -9999 -9999 -9999 -9999 -9999 -9999 -9999 -9999 -9999 -9999 -9999 -9999 -9999 -9999 -9999 -9999 -9999 -9999 -9999 151 153 153 153 148 148 139 139 139 131 131 131 126 126 116 116 116 114 114 114 120 120 118 118 118 117 117 122 122 122 116 116 116 114 114 113 113 113 114 114 119 119 119 113 113 113 113 113 113 113 113 113 113 113 118 118 111 111 111 111 111 113
-9999 -9999 -9999 -9999 -9999 -9999 -9999 -9999 -9999 -9999 -9999 -9999 -9999 -9999 -9999 -9999 -9999 -9999 -9999 -9999 -9999 -9999 -9999 -9999 -9999 -9999 -9999 -9999 -9999 148 151 151 151 148 148 139 139 139 128 128 128 121 121 116 116 116 114 114 114 118 118 114 114 114 113 113 118 118 118 113 113 113 111 111 110 110 110 110 110 115 115 115 110 110 110 111 111 111 111 111 110 110 110 115 115 110 110 110 109 109 113
-9999 -9999 -9999 -9999 -9999 -9999 -9999 -9999 -9999 -9999 -9999 -9999 -9999 -9999 -9999 -9999 -9999 -9999 -9999 -9999 -9999 -9999 -9999 -9999 -9999 -9999 -9999 -9999 -9999 148 151 151 151 148 148 139 139 139 128 128 128 121 121 116 116 116 114 114 114 118 118 114 114 114 113 113 118 118 118 113 113 113 111 111 110 110 110 110 110 115 115 115 110 110 110 111 111 111 111 111 110 110 110 115 115 110 110 110 109 109 113
-9999 -9999 -9999 -9999 -9999 -9999 -9999 -9999 -9999 -9999 -9999 -9999 -9999 -9999 -9999 -9999 -9999 -9999 -9999 -9999 -9999 -9999 140 140 140 142 142 -9999 148 148 151 151 151 148 148 139 139 139 128 128 128 121 121 116 116 116 114 114 114 118 118 114 114 114 113 113 118 118 118 113 113 113 111 111 110 110 110 110 110 115 115 115 110 110 110 111 111 111 111 111 110 110 110 115 115 110 110 110 109 109 113
-9999 -9999 -9999 -9999 -9999 -9999 -9999 -9999 -9999 -9999 -9999 -9999 -9999 -9999 -9999 -9999 -9999 -9999 -9999 -9999 -9999 134 135 135 135 137 137 137 142 142 145 145 145 144 144 136 136 136 123 123 123 119 119 116 116 116 113 113 113 115 115 110 110 110 109 109 115 115 115 110 110 110 108 108 107 107 107 107 107 112 112 112 107 107 107 109 109 109 109 109 108 108 108 113 113 108 108 108 107 107 112
-9999 -9999 -9999 -9999 -9999 -9999 -9999 -9999 -9999 -9999 -9999 -9999 -9999 -9999 -9999 -9999 -9999 -9999 -9999 -9999 134 134 135 135 135 137 137 137 142 142 145 145 145 144 144 136 136 136 123 123 123 119 119 116 116 116 113 113 113 115 115 110 110 110 109 109 115 115 115 110 110 110 108 108 107 107 107 107 107 112 112 112 107 107 107 109 109 109 109 109 108 108 108 113 113 108 108 108 107 107 112
-9999 -9999 -9999 -9999 -9999 -9999 -9999 -9999 -9999 -9999 -9999 -9999 -9999 -9999 -9999 -9999 -9999 -9999 -9999 -9999 134 134 135 135 135 137 137 137 142 142 145 145 145 144 144 136 136 136 123 123 123 119 119 116 116 116 113 113 113 115 115 110 110 110 109 109 115 115 115 110 110 110 108 108 107 107 107 107 107 112 112 112 107 107 107 109 109 109 109 109 108 108 108 113 113 108 108 108 107 107 112
-9999 -9999 -9999 -9999 -9999 -9999 -9999 -9999 -9999 -9999 -9999 -9999 -9999 -9999 -9999 -9999 -9999 -9999 -9999 -9999 130 130 131 131 131 133 133 133 136 136 138 138 138 139 139 131 131 131 120 120 120 118 118 115 115 115 110 110 110 110 110 104 104 104 105 105 110 110 110 106 106 106 105 105 104 104 104 105 105 109 109 109 105 105 105 107 107 108 108 108 107 107 107 111 111 105 105 105 105 105 111
-9999 -9999 -9999 -9999 -9999 -9999 -9999 -9999 -9999 -9999 -9999 -9999 -9999 -9999 -9999 -9999 -9999 -9999 -9999 129 130 130 131 131 131 133 133 133 136 136 138 138 138 139 139 131 131 131 120 120 120 118 118 115 115 115 110 110 110 110 110 104 104 104 105 105 110 110 110 106 106 106 105 105 104 104 104 105 105 109 109 109 105 105 105 107 107 108 108 108 107 107 107 111 111 105 105 105 105 105 111
-9999 -9999 -9999 -9999 -9999 -9999 -9999 -9999 -9999 -9999 -9999 -9999 -9999 -9999 138 129 129 127 127 127 127 127 128 128 128 129 129 129 131 131 131 131 131 131 131 128 128 128 120 120 120 118 118 115 115 115 109 109 109 108 108 102 102 102 101 101 105 105 105 102 102 102 102 102 102 102 102 103 103 107 107 107 104 104 104 105 105 106 106 106 105 105 105 109 109 102 102 102 102 102 109
-9999 -9999 -9999 -9999 -9999 -9999 -9999 -9999 -9999 -9999 -9999 -9999 -9999 -9999 138 129 129 127 127 127 127 127 128 128 128 129 129 129 131 131 131 131 131 131 131 128 128 128 120 120 120 118 118 115 115 115 109 109 109 108 108 102 102 102 101 101 105 105 105 102 102 102 102 102 102 102 102 103 103 107 107 107 104 104 104 105 105 106 106 106 105 105 105 109 109 102 102 102 102 102 109
-9999 -9999 -9999 -9999 -9999 -9999 -9999 -9999 -9999 -9999 -9999 -9999 -9999 -9999 138 129 129 127 127 127 127 127 128 128 128 129 129 129 131 131 131 131 131 131 131 128 128 128 120 120 120 118 118 115 115 115 109 109 109 108 108 102 102 102 101 101 105 105 105 102 102 102 102 102 102 102 102 103 103 107 107 107 104 104 104 105 105 106 106 106 105 105 105 109 109 102 102 102 102 102 109
-9999 -9999 -9999 -9999 -9999 -9999 -9999 -9999 -9999 -9999 -9999 -9999 -9999 -9999 141 131 131 128 128 128 126 126 126 126 126 127 127 127 127 127 124 124 124 122 122 122 122 122 117 117 117 115 115 111 111 111 106 106 106 105 105 99 99 99 98 98 102 102 102 99 99 99 99 99 100 100 100 101 101 106 106 106 102 102 102 103 103 105 105 105 104 104 104 107 107 101 101 101 100 100 108
-9999 -9999 -9999 -9999 -9999 -9999 -9999 -9999 -9999 -9999 -9999 -9999 -9999 -9999 -9999 -9999 131 128 128 128 126 126 126 126 126 127 127 127 127 127 124 124 124 122 122 122 122 122 117 117 117 115 115 111 111 111 106 106 106 105 105 99 99 99 98 98 102 102 102 99 99 99 99 99 100 100 100 101 101 106 106 106 102 102 102 103 103 105 105 105 104 104 104 107 107 101 101 101 100 100 108
-9999 -9999 -9999 -9999 -9999 -9999 -9999 -9999 -9999 -9999 -9999 -9999 -9999 -9999 -9999 -9999 131 128 128 128 126 126 126 126 126 127 127 127 127 127 124 124 124 122 122 122 122 122 117 117 117 115 115 111 111 111 106 106 106 105 105 99 99 99 98 98 102 102 102 99 99 99 99 99 100 100 100 101 101 106 106 106 102 102 102 103 103 105 105 105 104 104 104 107 107 101 101 101 100 100 108
-9999 -9999 -9999 -9999 -9999 -9999 -9999 -9999 -9999 -9999 -9999 -9999 -9999 -9999 -9999 -9999 134 130 130 130 127 127 126 126 126 125 125 125 123 123 118 118 118 116 116 117 117 117 113 113 113 110 110 106 106 106 101 101 101 101 101 97 97 97 97 97 100 100 100 97 97 97 97 97 97 97 97 99 99 104 104 104 101 101 101 102 102 104 104 104 103 103 103 106 106 99 99 99 100 100 107
-9999 -9999 -9999 -9999 -9999 -9999 -9999 -9999 -9999 -9999 -9999 -9999 -9999 -9999 -9999 134 134 130 130 130 127 127 126 126 126 125 125 125 123 123 118 118 118 116 116 117 117 117 113 113 113 110 110 106 106 106 101 101 101 101 101 97 97 97 97 97 100 100 100 97 97 97 97 97 97 97 97 99 99 104 104 104 101 101 101 102 102 104 104 104 103 103 103 106 106 99 99 99 100 100 107
-9999 -9999 -9999 -9999 -9999 -9999 -9999 -9999 -9999 -9999 -9999 -9999 -9999 -9999 139 135 135 131 131 131 128 128 125 125 125 123 123 123 119 119 112 112 112 110 110 112 112 112 106 106 106 103 103 100 100 100 97 97 97 99 99 96 96 96 96 96 98 98 98 95 95 95 95 95 95 95 95 97 97 102 102 102 100 100 100 102 102 103 103 103 102 102 102 104 104 99 99 99 99 99 106
-9999 -9999 -9999 -9999 -9999 -9999 -9999 -9999 -9999 -9999 -9999 -9999 139 139 139 135 135 131 131 131 128 128 125 125 125 123 123 123 119 119 112 112 112 110 110 112 112 112 106 106 106 103 103 100 100 100 97 97 97 99 99 96 96 96 96 96 98 98 98 95 95 95 95 95 95 95 95 97 97 102 102 102 100 100 100 102 102 103 103 103 102 102 102 104 104 99 99 99 99 99 106
-9999 -9999 -9999 -9999 -9999 -9999 -9999 -9999 -9999 142 142 142 139 139 139 135 135 131 131 131 128 128 125 125 125 123 123 123 119 119 112 112 112 110 110 112 112 112 106 106 106 103 103 100 100 100 97 97 97 99 99 96 96 96 96 96 98 98 98 95 95 95 95 95 95 95 95 97 97 102 102 102 100 100 100 102 102 103 103 103 102 102 102 104 104 99 99 99 99 99 106
-9999 -9999 -9999 -9999 -9999 -9999 -9999 136 136 134 134 134 134 134 134 133 133 131 131 131 127 127 124 124 124 122 122 122 117 117 107 107 107 102 102 102 102 102 98 98 98 96 96 95 95 95 94 94 94 96 96 94 94 94 95 95 97 97 97 93 93 93 92 92 92 92 92 95 95 100 100 100 98 98 98 101 101 101 101 101 100 100 100 103 103 98 98 98 99 99 105
137 138 138 138 137 137 137 136 136 134 134 134 134 134 134 133 133 131 131 131 127 127 124 124 124 122 122 122 117 117 107 107 107 102 102 102 102 102 98 98 98 96 96 95 95 95 94 94 94 96 96 94 94 94 95 95 97 97 97 93 93 93 92 92 92 92 92 95 95 100 100 100 98 98 98 101 101 101 101 101 100 100 100 103 103 98 98 98 99 99 105
132 133 133 133 132 132 132 130 130 129 129 129 129 129 129 129 129 128 128 128 126 126 123 123 123 119 119 119 115 115 104 104 104 96 96 94 94 94 92 92 92 93 93 93 93 93 93 93 93 95 95 93 93 93 94 94 96 96 96 92 92 92 90 90 90 90 90 93 93 99 99 99 97 97 97 99 99 100 100 100 99 99 99 102 102 97 97 97 98 98 104
132 133 133 133 132 132 132 130 130 129 129 129 129 129 129 129 129 128 128 128 126 126 123 123 123 119 119 119 115 115 104 104 104 96 96 94 94 94 92 92 92 93 93 93 93 93 93 93 93 95 95 93 93 93 94 94 96 96 96 92 92 92 90 90 90 90 90 93 93 99 99 99 97 97 97 99 99 100 100 100 99 99 99 102 102 97 97 97 98 98 104
132 133 133 133 132 132 132 130 130 129 129 129 129 129 129 129 129 128 128 128 126 126 123 123 123 119 119 119 115 115 104 104 104 96 96 94 94 94 92 92 92 93 93 93 93 93 93 93 93 95 95 93 93 93 94 94 96 96 96 92 92 92 90 90 90 90 90 93 93 99 99 99 97 97 97 99 99 100 100 100 99 99 99 102 102 97 97 97 98 98 104
127 128 128 128 128 128 128 127 127 127 127 127 126 126 126 125 125 124 124 124 124 124 122 122 122 116 116 116 108 108 96 96 96 88 88 88 88 88 89 89 89 91 91 92 92 92 92 92 92 94 94 92 92 92 94 94 97 97 97 92 92 92 90 90 89 89 89 91 91 96 96 96 96 96 96 97 97 98 98 98 98 98 98 101 101 96 96 96 97 97 102
127 128 128 128 128 128 128 127 127 127 127 127 126 126 126 125 125 124 124 124 124 124 122 122 122 116 116 116 108 108 96 96 96 88 88 88 88 88 89 89 89 91 91 92 92 92 92 92 92 94 94 92 92 92 94 94 97 97 97 92 92 92 90 90 89 89 89 91 91 96 96 96 96 96 96 97 97 98 98 98 98 98 98 101 101 96 96 96 97 97 102
127 128 128 128 128 128 128 127 127 127 127 127 126 126 126 125 125 124 124 124 124 124 122 122 122 116 116 116 108 108 96 96 96 88 88 88 88 88 89 89 89 91 91 92 92 92 92 92 92 94 94 92 92 92 94 94 97 97 97 92 92 92 90 90 89 89 89 91 91 96 96 96 96 96 96 97 97 98 98 98 98 98 98 101 101 96 96 96 97 97 102
123 125 125 125 126 126 126 127 127 126 126 126 124 124 124 124 124 122 122 122 124 124 123 123 123 112 112 112 101 101 88 88 88 84 84 87 87 87 88 88 88 89 89 90 90 90 90 90 90 93 93 92 92 92 93 93 97 97 97 94 94 94 90 90 88 88 88 89 89 94 94 94 94 94 94 95 95 95 95 95 97 97 97 100 100 95 95 95 96 96 102
123 125 125 125 126 126 126 127 127 126 126 126 124 124 124 124 124 122 122 122 124 124 123 123 123 112 112 112 101 101 88 88 88 84 84 87 87 87 88 88 88 89 89 90 90 90 90 90 90 93 93 92 92 92 93 93 97 97 97 94 94 94 90 90 88 88 88 89 89 94 94 94 94 94 94 95 95 95 95 95 97 97 97 100 100 95 95 95 96 96 102
122 126 126 126 126 126 126 129 129 126 126 126 121 121 121 124 124 121 121 121 124 124 122 122 122 108 108 108 97 97 86 86 86 85 85 88 88 88 88 88 88 88 88 88 88 88 89 89 89 91 91 91 91 91 93 93 98 98 98 95 95 95 92 92 89 89 89 88 88 92 92 92 91 91 91 91 91 92 92 92 95 95 95 101 101 95 95 95 97 97 104
122 126 126 126 126 126 126 129 129 126 126 126 121 121 121 124 124 121 121 121 124 124 122 122 122 108 108 108 97 97 86 86 86 85 85 88 88 88 88 88 88 88 88 88 88 88 89 89 89 91 91 91 91 91 93 93 98 98 98 95 95 95 92 92 89 89 89 88 88 92 92 92 91 91 91 91 91 92 92 92 95 95 95 101 101 95 95 95 97 97 104
122 126 126 126 126 126 126 129 129 126 126 126 121 121 121 124 124 121 121 121 124 124 122 122 122 108 108 108 97 97 86 86 86 85 85 88 88 88 88 88 88 88 88 88 88 88 89 89 89 91 91 91 91 91 93 93 98 98 98 95 95 95 92 92 89 89 89 88 88 92 92 92 91 91 91 91 91 92 92 92 95 95 95 101 101 95 95 95 97 97 104
120 127 127 127 126 126 126 129 129 126 126 126 120 120 120 125 125 121 121 121 120 120 116 116 116 103 103 103 96 96 89 89 89 87 87 90 90 90 89 89 89 88 88 87 87 87 87 87 87 89 89 89 89 89 92 92 97 97 97 95 95 95 94 94 91 91 91 89 89 91 91 91 87 87 87 87 87 88 88 88 91 91 91 98 98 93 93 93 96 96 107
