SEB_model/sample_data_files/historical/hillshade/aug6pm.txt
ncols         559
nrows         351
xllcorner     388608.08691406
yllcorner     7584381.3441773
cellsize      5
NODATA_value  -9999
[rows 138 to 183 of 351, columns 96 to 191 of 559]
13 12 12 13 13 13 15 15 19 19 19 23 23 23 26 26 27 27 27 26 26 23 23 23 20 20 20 18 18 15 15 15 13 13 13 19 19 29 29 29 34 34 35 35 35 35 35 35 34 34 34 34 34 33 33 30 30 30 28 28 28 22 22 16 16 16 12 12 12 6 6 10 10 10 10 10 11 11 11 21 21 21 28 28 30 30 30 27 27 0 0 0 0 0 0 0
16 14 14 13 13 13 14 14 18 18 18 22 22 22 24 24 25 25 25 24 24 23 23 23 23 23 23 22 22 19 19 19 15 15 15 14 14 22 22 22 30 30 33 33 33 34 34 34 34 34 35 35 35 35 35 32 32 32 30 30 30 22 22 15 15 15 10 10 10 5 5 9 9 9 9 9 10 10 10 22 22 22 30 30 31 31 31 27 27 0 0 0 0 0 0 0
16 14 14 13 13 13 14 14 18 18 18 22 22 22 24 24 25 25 25 24 24 23 23 23 23 23 23 22 22 19 19 19 15 15 15 14 14 22 22 22 30 30 33 33 33 34 34 34 34 34 35 35 35 35 35 32 32 32 30 30 30 22 22 15 15 15 10 10 10 5 5 9 9 9 9 9 10 10 10 22 22 22 30 30 31 31 31 27 27 0 0 0 0 0 0 0
16 14 14 13 13 13 14 14 18 18 18 22 22 22 24 24 25 25 25 24 24 23 23 23 23 23 23 22 22 19 19 19 15 15 15 14 14 22 22 22 30 30 33 33 33 34 34 34 34 34 35 35 35 35 35 32 32 32 30 30 30 22 22 15 15 15 10 10 10 5 5 9 9 9 9 9 10 10 10 22 22 22 30 30 31 31 31 27 27 0 0 0 0 0 0 0
18 16 16 14 14 14 14 14 16 16 16 20 20 20 22 22 23 23 23 23 23 24 24 24 25 25 25 25 25 22 22 22 17 17 17 13 13 18 18 18 25 25 28 28 28 32 32 32 34 34 36 36 36 36 36 33 33 33 30 30 30 22 22 14 14 14 10 10 10 6 6 10 10 10 10 10 10 10 10 21 21 21 29 29 31 31 31 28 28 0 0 0 0 0 0 0
18 16 16 14 14 14 14 14 16 16 16 20 20 20 22 22 23 23 23 23 23 24 24 24 25 25 25 25 25 22 22 22 17 17 17 13 13 18 18 18 25 25 28 28 28 32 32 32 34 34 36 36 36 36 36 33 33 33 30 30 30 22 22 14 14 14 10 10 10 6 6 10 10 10 10 10 10 10 10 21 21 21 29 29 31 31 31 28 28 0 0 0 0 0 0 0
19 17 17 15 15 15 14 14 15 15 15 17 17 17 19 19 21 21 21 23 23 25 25 25 27 27 27 27 27 25 25 25 20 20 20 15 15 17 17 17 21 21 26 26 26 30 30 30 32 32 36 36 36 36 36 32 32 32 29 29 29 21 21 15 15 15 12 12 12 9 9 13 13 13 14 14 12 12 12 20 20 20 28 28 30 30 30 27 27 4 4 4 0 0 0 0
19 17 17 15 15 15 14 14 15 15 15 17 17 17 19 19 21 21 21 23 23 25 25 25 27 27 27 27 27 25 25 25 20 20 20 15 15 17 17 17 21 21 26 26 26 30 30 30 32 32 36 36 36 36 36 32 32 32 29 29 29 21 21 15 15 15 12 12 12 9 9 13 13 13 14 14 12 12 12 20 20 20 28 28 30 30 30 27 27 4 4 4 0 0 0 0
19 17 17 15 15 15 14 14 15 15 15 17 17 17 19 19 21 21 21 23 23 25 25 25 27 27 27 27 27 25 25 25 20 20 20 15 15 17 17 17 21 21 26 26 26 30 30 30 32 32 36 36 36 36 36 32 32 32 29 29 29 21 21 15 15 15 12 12 12 9 9 13 13 13 14 14 12 12 12 20 20 20 28 28 30 30 30 27 27 4 4 4 0 0 0 0
20 18 18 16 16 16 15 15 15 15 15 15 15 15 16 16 19 19 19 23 23 26 26 26 27 27 27 28 28 26 26 26 23 23 23 19 19 21 21 21 23 23 25 25 25 27 27 27 28 28 32 32 32 34 34 30 30 30 28 28 28 22 22 19 19 19 16 16 16 14 14 18 18 18 18 18 14 14 14 20 20 20 24 24 26 26 26 23 23 0 0 0 0 0 0 0
20 18 18 16 16 16 15 15 15 15 15 15 15 15 16 16 19 19 19 23 23 26 26 26 27 27 27 28 28 26 26 26 23 23 23 19 19 21 21 21 23 23 25 25 25 27 27 27 28 28 32 32 32 34 34 30 30 30 28 28 28 22 22 19 19 19 16 16 16 14 14 18 18 18 18 18 14 14 14 20 20 20 24 24 26 26 26 23 23 0 0 0 0 0 0 0
20 19 19 18 18 18 16 16 15 15 15 13 13 13 13 13 17 17 17 22 22 26 26 26 28 28 28 29 29 28 28 28 26 26 26 24 24 26 26 26 25 25 25 25 25 26 26 26 24 24 28 28 28 28 28 25 25 25 26 26 26 24 24 23 23 23 22 22 22 19 19 22 22 22 21 21 16 16 16 19 19 19 19 19 18 18 18 12 12 0 0 0 0 0 0 0
20 19 19 18 18 18 16 16 15 15 15 13 13 13 13 13 17 17 17 22 22 26 26 26 28 28 28 29 29 28 28 28 26 26 26 24 24 26 26 26 25 25 25 25 25 26 26 26 24 24 28 28 28 28 28 25 25 25 26 26 26 24 24 23 23 23 22 22 22 19 19 22 22 22 21 21 16 16 16 19 19 19 19 19 18 18 18 12 12 0 0 0 0 0 0 0
20 19 19 18 18 18 16 16 15 15 15 13 13 13 13 13 17 17 17 22 22 26 26 26 28 28 28 29 29 28 28 28 26 26 26 24 24 26 26 26 25 25 25 25 25 26 26 26 24 24 28 28 28 28 28 25 25 25 26 26 26 24 24 23 23 23 22 22 22 19 19 22 22 22 21 21 16 16 16 19 19 19 19 19 18 18 18 12 12 0 0 0 0 0 0 0
19 20 20 19 19 19 18 18 15 15 15 12 12 12 11 11 16 16 16 22 22 27 27 27 30 30 30 31 31 29 29 29 27 27 27 26 26 29 29 29 28 28 28 28 28 27 27 27 24 24 26 26 26 24 24 20 20 20 24 24 24 25 25 26 26 26 26 26 26 24 24 26 26 26 25 25 19 19 19 20 20 20 15 15 10 10 10 0 0 0 0 0 0 0 0 0
19 20 20 19 19 19 18 18 15 15 15 12 12 12 11 11 16 16 16 22 22 27 27 27 30 30 30 31 31 29 29 29 27 27 27 26 26 29 29 29 28 28 28 28 28 27 27 27 24 24 26 26 26 24 24 20 20 20 24 24 24 25 25 26 26 26 26 26 26 24 24 26 26 26 25 25 19 19 19 20 20 20 15 15 10 10 10 0 0 0 0 0 0 0 0 0
19 20 20 19 19 19 18 18 15 15 15 12 12 12 11 11 16 16 16 22 22 27 27 27 30 30 30 31 31 29 29 29 27 27 27 26 26 29 29 29 28 28 28 28 28 27 27 27 24 24 26 26 26 24 24 20 20 20 24 24 24 25 25 26 26 26 26 26 26 24 24 26 26 26 25 25 19 19 19 20 20 20 15 15 10 10 10 0 0 0 0 0 0 0 0 0
20 22 22 24 24 24 22 22 18 18 18 14 14 14 11 11 17 17 17 24 24 29 29 29 35 35 35 34 34 31 31 31 28 28 28 25 25 29 29 29 30 30 30 30 30 30 30 30 27 27 28 28 28 24 24 18 18 18 21 21 21 23 23 26 26 26 29 29 29 27 27 30 30 30 29 29 24 24 24 23 23 23 14 14 0 0 0 0 0 0 0 0 0 0 0 0
20 22 22 24 24 24 22 22 18 18 18 14 14 14 11 11 17 17 17 24 24 29 29 29 35 35 35 34 34 31 31 31 28 28 28 25 25 29 29 29 30 30 30 30 30 30 30 30 27 27 28 28 28 24 24 18 18 18 21 21 21 23 23 26 26 26 29 29 29 27 27 30 30 30 29 29 24 24 24 23 23 23 14 14 0 0 0 0 0 0 0 0 0 0 0 0
23 26 26 30 30 30 28 28 23 23 23 17 17 17 11 11 0 0 0 24 24 31 31 31 39 39 39 35 35 30 30 30 27 27 27 21 21 25 25 25 28 28 29 29 29 31 31 31 28 28 28 28 28 25 25 17 17 17 19 19 19 21 21 26 26 26 28 28 28 26 26 31 31 31 32 32 29 29 29 27 27 27 13 13 0 0 0 0 0 0 0 0 0 0 0 0
23 26 26 30 30 30 28 28 23 23 23 17 17 17 11 11 0 0 0 24 24 31 31 31 39 39 39 35 35 30 30 30 27 27 27 21 21 25 25 25 28 28 29 29 29 31 31 31 28 28 28 28 28 25 25 17 17 17 19 19 19 21 21 26 26 26 28 28 28 26 26 31 31 31 32 32 29 29 29 27 27 27 13 13 0 0 0 0 0 0 0 0 0 0 0 0
23 26 26 30 30 30 28 28 23 23 23 17 17 17 11 11 0 0 0 24 24 31 31 31 39 39 39 35 35 30 30 30 27 27 27 21 21 25 25 25 28 28 29 29 29 31 31 31 28 28 28 28 28 25 25 17 17 17 19 19 19 21 21 26 26 26 28 28 28 26 26 31 31 31 32 32 29 29 29 27 27 27 13 13 0 0 0 0 0 0 0 0 0 0 0 0
28 31 31 36 36 36 32 32 25 25 25 19 19 19 11 11 0 0 0 25 25 34 34 34 40 40 40 34 34 28 28 28 24 24 24 18 18 23 23 23 27 27 30 30 30 32 32 32 28 28 28 28 28 24 24 17 17 17 19 19 19 22 22 28 28 28 31 31 31 26 26 31 31 31 33 33 31 31 31 28 28 28 14 14 0 0 0 0 0 0 0 0 0 0 0 0
28 31 31 36 36 36 32 32 25 25 25 19 19 19 11 11 0 0 0 25 25 34 34 34 40 40 40 34 34 28 28 28 24 24 24 18 18 23 23 23 27 27 30 30 30 32 32 32 28 28 28 28 28 24 24 17 17 17 19 19 19 22 22 28 28 28 31 31 31 26 26 31 31 31 33 33 31 31 31 28 28 28 14 14 0 0 0 0 0 0 0 0 0 0 0 0
28 31 31 36 36 36 32 32 25 25 25 19 19 19 11 11 0 0 0 25 25 34 34 34 40 40 40 34 34 28 28 28 24 24 24 18 18 23 23 23 27 27 30 30 30 32 32 32 28 28 28 28 28 24 24 17 17 17 19 19 19 22 22 28 28 28 31 31 31 26 26 31 31 31 33 33 31 31 31 28 28 28 14 14 0 0 0 0 0 0 0 0 0 0 0 0
32 35 35 38 38 38 32 32 26 26 26 21 21 21 13 13 0 0 0 27 27 34 34 34 37 37 37 30 30 23 23 23 20 20 20 15 15 22 22 22 29 29 34 34 34 34 34 34 26 26 25 25 25 21 21 14 14 14 17 17 17 24 24 32 32 32 34 34 34 28 28 30 30 30 31 31 27 27 27 24 24 24 14 14 0 0 0 0 0 0 0 0 0 0 0 0
32 35 35 38 38 38 32 32 26 26 26 21 21 21 13 13 0 0 0 27 27 34 34 34 37 37 37 30 30 23 23 23 20 20 20 15 15 22 22 22 29 29 34 34 34 34 34 34 26 26 25 25 25 21 21 14 14 14 17 17 17 24 24 32 32 32 34 34 34 28 28 30 30 30 31 31 27 27 27 24 24 24 14 14 0 0 0 0 0 0 0 0 0 0 0 0
33 38 38 40 40 40 33 33 28 28 28 24 24 24 0 0 22 22 22 27 27 29 29 29 30 30 30 24 24 19 19 19 15 15 15 0 0 23 23 23 33 33 38 38 38 36 36 36 26 26 25 25 25 20 20 0 0 0 17 17 17 24 24 32 32 32 33 33 33 26 26 27 27 27 26 26 18 18 18 15 15 15 10 10 1 1 1 0 0 0 0 0 0 0 0 0
33 38 38 40 40 40 33 33 28 28 28 24 24 24 0 0 22 22 22 27 27 29 29 29 30 30 30 24 24 19 19 19 15 15 15 0 0 23 23 23 33 33 38 38 38 36 36 36 26 26 25 25 25 20 20 0 0 0 17 17 17 24 24 32 32 32 33 33 33 26 26 27 27 27 26 26 18 18 18 15 15 15 10 10 1 1 1 0 0 0 0 0 0 0 0 0
33 38 38 40 40 40 33 33 28 28 28 24 24 24 0 0 22 22 22 27 27 29 29 29 30 30 30 24 24 19 19 19 15 15 15 0 0 23 23 23 33 33 38 38 38 36 36 36 26 26 25 25 25 20 20 0 0 0 17 17 17 24 24 32 32 32 33 33 33 26 26 27 27 27 26 26 18 18 18 15 15 15 10 10 1 1 1 0 0 0 0 0 0 0 0 0
31 39 39 41 41 41 36 36 32 32 32 28 28 28 22 22 25 25 25 24 24 20 20 20 22 22 22 19 19 0 0 0 15 15 15 0 0 27 27 27 37 37 41 41 41 37 37 37 28 28 26 26 26 22 22 0 0 0 18 18 18 23 23 27 27 27 27 27 27 18 18 22 22 22 19 19 8 8 8 6 6 6 0 0 3 3 3 0 0 0 0 0 0 0 0 0
31 39 39 41 41 41 36 36 32 32 32 28 28 28 22 22 25 25 25 24 24 20 20 20 22 22 22 19 19 0 0 0 15 15 15 0 0 27 27 27 37 37 41 41 41 37 37 37 28 28 26 26 26 22 22 0 0 0 18 18 18 23 23 27 27 27 27 27 27 18 18 22 22 22 19 19 8 8 8 6 6 6 0 0 3 3 3 0 0 0 0 0 0 0 0 0
30 37 37 40 40 40 38 38 33 33 33 30 30 30 27 27 27 27 27 21 21 13 13 13 0 0 0 13 13 0 0 0 14 14 14 0 0 28 28 28 36 36 40 40 40 37 37 37 28 28 26 26 26 23 23 16 16 16 17 17 17 18 18 20 20 20 18 18 18 11 11 0 0 0 10 10 0 0 0 0 0 0 0 0 5 5 5 0 0 0 0 0 0 0 0 0
30 37 37 40 40 40 38 38 33 33 33 30 30 30 27 27 27 27 27 21 21 13 13 13 0 0 0 13 13 0 0 0 14 14 14 0 0 28 28 28 36 36 40 40 40 37 37 37 28 28 26 26 26 23 23 16 16 16 17 17 17 18 18 20 20 20 18 18 18 11 11 0 0 0 10 10 0 0 0 0 0 0 0 0 5 5 5 0 0 0 0 0 0 0 0 0
30 37 37 40 40 40 38 38 33 33 33 30 30 30 27 27 27 27 27 21 21 13 13 13 0 0 0 13 13 0 0 0 14 14 14 0 0 28 28 28 36 36 40 40 40 37 37 37 28 28 26 26 26 23 23 16 16 16 17 17 17 18 18 20 20 20 18 18 18 11 11 0 0 0 10 10 0 0 0 0 0 0 0 0 5 5 5 0 0 0 0 0 0 0 0 0
32 36 36 39 39 39 38 38 33 33 33 29 29 29 29 29 26 26 26 19 19 11 11 11 0 0 0 9 9 0 0 0 13 13 13 0 0 26 26 26 32 32 34 34 34 33 33 33 27 27 26 26 26 24 24 18 18 18 18 18 18 16 16 14 14 14 13 13 13 8 8 0 0 0 3 3 0 0 0 0 0 0 0 0 0 0 0 0 0 0 0 0 0 0 0 0
32 36 36 39 39 39 38 38 33 33 33 29 29 29 29 29 26 26 26 19 19 11 11 11 0 0 0 9 9 0 0 0 13 13 13 0 0 26 26 26 32 32 34 34 34 33 33 33 27 27 26 26 26 24 24 18 18 18 18 18 18 16 16 14 14 14 13 13 13 8 8 0 0 0 3 3 0 0 0 0 0 0 0 0 0 0 0 0 0 0 0 0 0 0 0 0
32 36 36 39 39 39 38 38 33 33 33 29 29 29 29 29 26 26 26 19 19 11 11 11 0 0 0 9 9 0 0 0 13 13 13 0 0 26 26 26 32 32 34 34 34 33 33 33 27 27 26 26 26 24 24 18 18 18 18 18 18 16 16 14 14 14 13 13 13 8 8 0 0 0 3 3 0 0 0 0 0 0 0 0 0 0 0 0 0 0 0 0 0 0 0 0
34 36 36 38 38 38 36 36 31 31 31 27 27 27 25 25 22 22 22 17 17 12 12 12 0 0 0 9 9 0 0 0 15 15 15 0 0 22 22 22 25 25 28 28 28 27 27 27 24 24 24 24 24 22 22 18 18 18 18 18 18 15 15 12 12 12 0 0 0 8 8 0 0 0 0 0 0 0 0 0 0 0 0 0 0 0 0 0 0 0 0 0 0 0 0 0
34 36 36 38 38 38 36 36 31 31 31 27 27 27 25 25 22 22 22 17 17 12 12 12 0 0 0 9 9 0 0 0 15 15 15 0 0 22 22 22 25 25 28 28 28 27 27 27 24 24 24 24 24 22 22 18 18 18 18 18 18 15 15 12 12 12 0 0 0 8 8 0 0 0 0 0 0 0 0 0 0 0 0 0 0 0 0 0 0 0 0 0 0 0 0 0
37 37 37 36 36 36 34 34 28 28 28 23 23 23 20 20 18 18 18 0 0 15 15 15 0 0 0 11 11 0 0 0 17 17 17 0 0 20 20 20 21 21 22 22 22 21 21 21 20 20 18 18 18 16 16 0 0 0 14 14 14 12 12 11 11 11 10 10 10 8 8 0 0 0 0 0 0 0 0 0 0 0 0 0 0 0 0 0 0 0 0 0 0 0 0 0
37 37 37 36 36 36 34 34 28 28 28 23 23 23 20 20 18 18 18 0 0 15 15 15 0 0 0 11 11 0 0 0 17 17 17 0 0 20 20 20 21 21 22 22 22 21 21 21 20 20 18 18 18 16 16 0 0 0 14 14 14 12 12 11 11 11 10 10 10 8 8 0 0 0 0 0 0 0 0 0 0 0 0 0 0 0 0 0 0 0 0 0 0 0 0 0
37 37 37 36 36 36 34 34 28 28 28 23 23 23 20 20 18 18 18 0 0 15 15 15 0 0 0 11 11 0 0 0 17 17 17 0 0 20 20 20 21 21 22 22 22 21 21 21 20 20 18 18 18 16 16 0 0 0 14 14 14 12 12 11 11 11 10 10 10 8 8 0 0 0 0 0 0 0 0 0 0 0 0 0 0 0 0 0 0 0 0 0 0 0 0 0
40 38 38 36 36 36 32 32 27 27 27 21 21 21 0 0 15 15 15 0 0 18 18 18 17 17 17 15 15 0 0 0 19 19 19 21 21 20 20 20 19 19 18 18 18 0 0 0 15 15 0 0 0 11 11 0 0 0 10 10 10 0 0 9 9 9 0 0 0 6 6 0 0 0 1 1 0 0 0 0 0 0 0 0 0 0 0 0 0 0 0 0 0 0 0 0
40 38 38 36 36 36 32 32 27 27 27 21 21 21 0 0 15 15 15 0 0 18 -9999 -9999 -9999 17 17 15 15 0 0 0 19 19 19 21 21 20 20 20 19 19 18 18 18 0 0 0 15 15 0 0 0 11 11 0 0 0 10 10 10 0 0 9 9 9 0 0 0 6 6 0 0 0 1 1 0 0 0 0 0 0 0 0 0 0 0 0 0 0 0 0 0 0 0 0
40 38 38 36 36 36 32 32 27 27 27 21 21 21 0 0 15 15 -9999 -9999 -9999 -9999 -9999 -9999 -9999 -9999 -9999 -9999 -9999 0 0 0 -9999 -9999 -9999 -9999 -9999 -9999 -9999 -9999 19 19 18 18 18 0 0 0 15 15 0 0 0 11 11 0 0 0 10 10 10 0 0 9 9 9 0 0 0 6 6 0 0 0 1 1 0 0 0 0 0 0 0 0 0 0 0 0 0 0 0 0 0 0 0 0
