SEB_model/sample_data_files/historical/hillshade/aug6am.txt
ncols         559
nrows         351
xllcorner     388608.08691406
yllcorner     7584381.3441773
cellsize      5
NODATA_value  -9999
[rows 80 to 119 of 351, columns 273 to 363 of 559]
120 127 127 127 126 126 126 129 129 126 126 126 120 120 120 125 125 121 121 121 120 120 116 116 116 103 103 103 96 96 89 89 89 87 87 90 90 90 89 89 89 88 88 87 87 87 87 87 87 89 89 89 89 89 92 92 97 97 97 95 95 95 94 94 91 91 91 89 89 91 91 91 87 87 87 87 87 88 88 88 91 91 91 98 98 93 93 93 96 96 107
118 125 125 125 122 122 122 126 126 125 125 125 122 122 122 127 127 121 121 121 116 116 109 109 109 99 99 99 96 96 91 91 91 90 90 93 93 93 90 90 90 89 89 88 88 88 87 87 87 89 89 88 88 88 90 90 94 94 94 94 94 94 95 95 94 94 94 89 89 91 91 91 85 85 85 84 84 85 85 85 87 87 87 94 94 91 91 91 95 95 107
118 125 125 125 122 122 122 126 126 125 125 125 122 122 122 127 127 121 121 121 116 116 109 109 109 99 99 99 96 96 91 91 91 90 90 93 93 93 90 90 90 89 89 88 88 88 87 87 87 89 89 88 88 88 90 90 94 94 94 94 94 94 95 95 94 94 94 89 89 91 91 91 85 85 85 84 84 85 85 85 87 87 87 94 94 91 91 91 95 95 107
118 125 125 125 122 122 122 126 126 125 125 125 122 122 122 127 127 121 121 121 116 116 109 109 109 99 99 99 96 96 91 91 91 90 90 93 93 93 90 90 90 89 89 88 88 88 87 87 87 89 89 88 88 88 90 90 94 94 94 94 94 94 95 95 94 94 94 89 89 91 91 91 85 85 85 84 84 85 85 85 87 87 87 94 94 91 91 91 95 95 107
115 121 121 121 118 118 118 123 123 125 125 125 123 123 123 129 129 120 120 120 111 111 104 104 104 96 96 96 96 96 92 92 92 91 91 94 94 94 91 91 91 90 90 89 89 89 88 88 88 89 89 88 88 88 88 88 91 91 91 92 92 92 95 95 94 94 94 88 88 89 89 89 86 86 86 85 85 84 84 84 83 83 83 88 88 86 86 86 93 93 105
115 121 121 121 118 118 118 123 123 125 125 125 123 123 123 129 129 120 120 120 111 111 104 104 104 96 96 96 96 96 92 92 92 91 91 94 94 94 91 91 91 90 90 89 89 89 88 88 88 89 89 88 88 88 88 88 91 91 91 92 92 92 95 95 94 94 94 88 88 89 89 89 86 86 86 85 85 84 84 84 83 83 83 88 88 86 86 86 93 93 105
115 121 121 121 118 118 118 123 123 125 125 125 123 123 123 129 129 120 120 120 111 111 104 104 104 96 96 96 96 96 92 92 92 91 91 94 94 94 91 91 91 90 90 89 89 89 88 88 88 89 89 88 88 88 88 88 91 91 91 92 92 92 95 95 94 94 94 88 88 89 89 89 86 86 86 85 85 84 84 84 83 83 83 88 88 86 86 86 93 93 105
112 116 116 116 114 114 114 121 121 124 124 124 123 123 123 128 128 117 117 117 108 108 100 100 100 95 95 95 97 97 93 93 93 92 92 94 94 94 92 92 92 91 91 91 91 91 90 90 90 90 90 88 88 88 87 87 89 89 89 89 89 89 93 93 91 91 91 84 84 90 90 90 96 96 96 96 96 85 85 85 72 72 72 75 75 75 75 75 85 85 100
112 116 116 116 114 114 114 121 121 124 124 124 123 123 123 128 128 117 117 117 108 108 100 100 100 95 95 95 97 97 93 93 93 92 92 94 94 94 92 92 92 91 91 91 91 91 90 90 90 90 90 88 88 88 87 87 89 89 89 89 89 89 93 93 91 91 91 84 84 90 90 90 96 96 96 96 96 85 85 85 72 72 72 75 75 75 75 75 85 85 100
109 113 113 113 111 111 111 119 119 122 122 122 122 122 122 125 125 114 114 114 105 105 98 98 98 94 94 94 97 97 93 93 93 93 93 95 95 95 93 93 93 93 93 93 93 93 93 93 93 92 92 89 89 89 88 88 88 88 88 88 88 88 90 90 86 86 86 79 79 98 98 98 120 120 120 117 117 86 86 86 52 52 52 53 53 60 60 60 74 74 91
109 113 113 113 111 111 111 119 119 122 122 122 122 122 122 125 125 114 114 114 105 105 98 98 98 94 94 94 97 97 93 93 93 93 93 95 95 95 93 93 93 93 93 93 93 93 93 93 93 92 92 89 89 89 88 88 88 88 88 88 88 88 90 90 86 86 86 79 79 98 98 98 120 120 120 117 117 86 86 86 52 52 52 53 53 60 60 60 74 74 91
109 113 113 113 111 111 111 119 119 122 122 122 122 122 122 125 125 114 114 114 105 105 98 98 98 94 94 94 97 97 93 93 93 93 93 95 95 95 93 93 93 93 93 93 93 93 93 93 93 92 92 89 89 89 88 88 88 88 88 88 88 88 90 90 86 86 86 79 79 98 98 98 120 120 120 117 117 86 86 86 52 52 52 53 53 60 60 60 74 74 91
107 112 112 112 111 111 111 117 117 120 120 120 119 119 119 121 121 110 110 110 103 103 97 97 97 94 94 94 98 98 94 94 94 93 93 95 95 95 93 93 93 94 94 96 96 96 95 95 95 94 94 90 90 90 90 90 89 89 89 87 87 87 88 88 82 82 82 74 74 109 109 109 148 148 148 145 145 95 95 95 34 34 34 35 35 53 53 53 70 70 87
107 112 112 112 111 111 111 117 117 120 120 120 119 119 119 121 121 110 110 110 103 103 97 97 97 94 94 94 98 98 94 94 94 93 93 95 95 95 93 93 93 94 94 96 96 96 95 95 95 94 94 90 90 90 90 90 89 89 89 87 87 87 88 88 82 82 82 74 74 109 109 109 148 148 148 145 145 95 95 95 34 34 34 35 35 53 53 53 70 70 87
107 112 112 112 111 111 111 117 117 120 120 120 119 119 119 121 121 110 110 110 103 103 97 97 97 94 94 94 98 98 94 94 94 93 93 95 95 95 93 93 93 94 94 96 96 96 95 95 95 94 94 90 90 90 90 90 89 89 89 87 87 87 88 88 82 82 82 74 74 109 109 109 148 148 148 145 145 95 95 95 34 34 34 35 35 53 53 53 70 70 87
111 112 112 112 105 105 105 105 105 107 107 107 109 109 109 115 115 114 114 114 104 104 82 82 82 67 67 67 76 76 91 91 91 95 95 96 96 96 93 93 93 96 96 98 98 98 97 97 97 97 97 93 93 93 91 91 89 89 89 87 87 87 86 86 78 78 78 70 70 110 110 110 159 159 159 157 157 98 98 98 0 0 0 27 27 59 59 59 79 79 95
111 112 112 112 105 105 105 105 105 107 107 107 109 109 109 115 115 114 114 114 104 104 82 82 82 67 67 67 76 76 91 91 91 95 95 96 96 96 93 93 93 96 96 98 98 98 97 97 97 97 97 93 93 93 91 91 89 89 89 87 87 87 86 86 78 78 78 70 70 110 110 110 159 159 159 157 157 98 98 98 0 0 0 27 27 59 59 59 79 79 95
125 119 119 119 97 97 97 83 83 79 79 79 89 89 89 106 106 121 121 121 98 98 43 43 43 0 0 0 33 33 88 88 88 97 97 93 93 93 87 87 87 90 90 95 95 95 97 97 97 98 98 95 95 95 91 91 90 90 90 87 87 87 85 85 76 76 76 68 68 98 98 98 150 150 150 150 150 94 94 94 0 0 0 22 22 66 66 66 91 91 107
125 119 119 119 97 97 97 83 83 79 79 79 89 89 89 106 106 121 121 121 98 98 43 43 43 0 0 0 33 33 88 88 88 97 97 93 93 93 87 87 87 90 90 95 95 95 97 97 97 98 98 95 95 95 91 91 90 90 90 87 87 87 85 85 76 76 76 68 68 98 98 98 150 150 150 150 150 94 94 94 0 0 0 22 22 66 66 66 91 91 107
125 119 119 119 97 97 97 83 83 79 79 79 89 89 89 106 106 121 121 121 98 98 43 43 43 0 0 0 33 33 88 88 88 97 97 93 93 93 87 87 87 90 90 95 95 95 97 97 97 98 98 95 95 95 91 91 90 90 90 87 87 87 85 85 76 76 76 68 68 98 98 98 150 150 150 150 150 94 94 94 0 0 0 22 22 66 66 66 91 91 107
146 134 134 134 100 100 100 75 75 71 71 71 98 98 98 123 123 138 138 138 0 0 0 0 0 0 0 0 24 24 96 96 96 84 84 66 66 66 53 53 53 62 62 84 84 84 96 96 96 99 99 96 96 96 92 92 91 91 91 88 88 88 84 84 76 76 76 68 68 84 84 84 135 135 135 146 146 101 101 101 0 0 0 8 8 59 59 59 94 94 114
146 134 134 134 100 100 100 75 75 71 71 71 98 98 98 123 123 138 138 138 0 0 0 0 0 0 0 0 24 24 96 96 96 84 84 66 66 66 53 53 53 62 62 84 84 84 96 96 96 99 99 96 96 96 92 92 91 91 91 88 88 88 84 84 76 76 76 68 68 84 84 84 135 135 135 146 146 101 101 101 0 0 0 8 8 59 59 59 94 94 114
163 147 147 147 101 101 101 73 73 88 88 88 139 139 139 165 165 165 165 165 0 0 0 0 0 0 0 0 85 85 133 133 133 84 84 0 0 0 0 0 0 24 24 66 66 66 90 90 90 100 100 98 98 98 91 91 89 89 89 87 87 87 83 83 76 76 76 70 70 82 82 82 131 131 131 147 147 105 105 105 0 0 0 0 0 34 34 34 85 85 113
163 147 147 147 101 101 101 73 73 88 88 88 139 139 139 165 165 165 165 165 0 0 0 0 0 0 0 0 85 85 133 133 133 84 84 0 0 0 0 0 0 24 24 66 66 66 90 90 90 100 100 98 98 98 91 91 89 89 89 87 87 87 83 83 76 76 76 70 70 82 82 82 131 131 131 147 147 105 105 105 0 0 0 0 0 34 34 34 85 85 113
163 147 147 147 101 101 101 73 73 88 88 88 139 139 139 165 165 165 165 165 0 0 0 0 0 0 0 0 85 85 133 133 133 84 84 0 0 0 0 0 0 24 24 66 66 66 90 90 90 100 100 98 98 98 91 91 89 89 89 87 87 87 83 83 76 76 76 70 70 82 82 82 131 131 131 147 147 105 105 105 0 0 0 0 0 34 34 34 85 85 113
157 129 129 129 82 82 82 70 70 110 110 110 163 163 163 178 178 0 0 0 0 0 0 0 0 34 34 34 150 150 173 173 173 0 0 0 0 0 0 0 0 18 18 72 72 72 88 88 88 97 97 99 99 99 89 89 83 83 83 82 82 82 81 81 76 76 76 73 73 91 91 91 136 136 136 149 149 102 102 102 0 0 0 0 0 11 11 11 73 73 108
157 129 129 129 82 82 82 70 70 110 110 110 163 163 163 178 178 0 0 0 0 0 0 0 0 34 34 34 150 150 173 173 173 0 0 0 0 0 0 0 0 18 18 72 72 72 88 88 88 97 97 99 99 99 89 89 83 83 83 82 82 82 81 81 76 76 76 73 73 91 91 91 136 136 136 149 149 102 102 102 0 0 0 0 0 11 11 11 73 73 108
157 129 129 129 82 82 82 70 70 110 110 110 163 163 163 178 178 0 0 0 0 0 0 0 0 34 34 34 150 150 173 173 173 0 0 0 0 0 0 0 0 18 18 72 72 72 88 88 88 97 97 99 99 99 89 89 83 83 83 82 82 82 81 81 76 76 76 73 73 91 91 91 136 136 136 149 149 102 102 102 0 0 0 0 0 11 11 11 73 73 108
129 106 106 106 76 76 76 80 80 123 123 123 157 157 157 153 153 98 98 98 22 22 10 10 10 87 87 87 163 163 164 164 164 0 0 0 0 0 0 0 0 51 51 108 108 108 108 108 108 101 101 95 95 95 83 83 77 77 77 76 76 76 79 79 80 80 80 81 81 105 105 105 139 139 139 142 142 0 0 0 0 0 0 0 0 6 6 6 69 69 100
129 106 106 106 76 76 76 80 80 123 123 123 157 157 157 153 153 98 98 98 22 22 10 10 10 87 87 87 163 163 164 164 164 0 0 0 0 0 0 0 0 51 51 108 108 108 108 108 108 101 101 95 95 95 83 83 77 77 77 76 76 76 79 79 80 80 80 81 81 105 105 105 139 139 139 142 142 0 0 0 0 0 0 0 0 6 6 6 69 69 100
110 99 99 99 82 82 82 93 93 120 120 120 131 131 131 124 124 84 84 84 44 44 46 46 46 94 94 94 141 141 127 127 127 66 66 22 22 22 24 24 24 91 91 142 142 142 142 142 142 128 128 95 95 95 74 74 72 72 72 74 74 74 83 83 87 87 87 92 92 117 117 117 138 138 138 121 121 0 0 0 0 0 0 0 0 24 24 24 76 76 96
110 99 99 99 82 82 82 93 93 120 120 120 131 131 131 124 124 84 84 84 44 44 46 46 46 94 94 94 141 141 127 127 127 66 66 22 22 22 24 24 24 91 91 142 142 142 142 142 142 128 128 95 95 95 74 74 72 72 72 74 74 74 83 83 87 87 87 92 92 117 117 117 138 138 138 121 121 0 0 0 0 0 0 0 0 24 24 24 76 76 96
110 99 99 99 82 82 82 93 93 120 120 120 131 131 131 124 124 84 84 84 44 44 46 46 46 94 94 94 141 141 127 127 127 66 66 22 22 22 24 24 24 91 91 142 142 142 142 142 142 128 128 95 95 95 74 74 72 72 72 74 74 74 83 83 87 87 87 92 92 117 117 117 138 138 138 121 121 0 0 0 0 0 0 0 0 24 24 24 76 76 96
101 97 97 97 89 89 89 102 102 113 113 113 107 107 107 108 108 85 85 85 63 63 57 57 57 83 83 83 120 120 104 104 104 61 61 48 48 48 50 50 50 108 108 155 155 155 167 167 167 157 157 99 99 99 74 74 75 75 75 79 79 79 85 85 89 89 89 98 98 117 117 117 122 122 122 0 0 0 0 0 0 0 0 0 0 57 57 57 87 87 97
101 97 97 97 89 89 89 102 102 113 113 113 107 107 107 108 108 85 85 85 63 63 57 57 57 83 83 83 120 120 104 104 104 61 61 48 48 48 50 50 50 108 108 155 155 155 167 167 167 157 157 99 99 99 74 74 75 75 75 79 79 79 85 85 89 89 89 98 98 117 117 117 122 122 122 0 0 0 0 0 0 0 0 0 0 57 57 57 87 87 97
95 89 89 89 88 88 88 107 107 111 111 111 97 97 97 100 100 88 88 88 74 74 59 59 59 71 71 71 104 104 98 98 98 72 72 77 77 77 60 60 60 103 103 153 153 153 175 175 175 167 167 98 98 98 85 85 91 91 91 94 94 94 90 90 90 90 90 101 101 105 105 105 0 0 0 0 0 0 0 0 0 0 0 39 39 86 86 86 95 95 100
95 89 89 89 88 88 88 107 107 111 111 111 97 97 97 100 100 88 88 88 74 74 59 59 59 71 71 71 104 104 98 98 98 72 72 77 77 77 60 60 60 103 103 153 153 153 175 175 175 167 167 98 98 98 85 85 91 91 91 94 94 94 90 90 90 90 90 101 101 105 105 105 0 0 0 0 0 0 0 0 0 0 0 39 39 86 86 86 95 95 100
95 89 89 89 88 88 88 107 107 111 111 111 97 97 97 100 100 88 88 88 74 74 59 59 59 71 71 71 104 104 98 98 98 72 72 77 77 77 60 60 60 103 103 153 153 153 175 175 175 167 167 98 98 98 85 85 91 91 91 94 94 94 90 90 90 90 90 101 101 105 105 105 0 0 0 0 0 0 0 0 0 0 0 39 39 86 86 86 95 95 100
86 79 79 79 94 94 94 119 119 116 116 116 90 90 90 88 88 88 88 88 73 73 55 55 55 66 66 66 104 104 108 108 108 88 88 99 99 99 71 71 71 96 96 141 141 141 170 170 170 163 163 90 90 90 89 89 104 104 104 108 108 108 95 95 91 91 91 96 96 77 77 77 0 0 0 0 0 0 0 0 20 20 20 74 74 99 99 99 96 96 101
86 79 79 79 94 94 94 119 119 116 116 116 90 90 90 88 88 88 88 88 73 73 55 55 55 66 66 66 104 104 108 108 108 88 88 99 99 99 71 71 71 96 96 141 141 141 170 170 170 163 163 90 90 90 89 89 104 104 104 108 108 108 95 95 91 91 91 96 96 77 77 77 0 0 0 0 0 0 0 0 20 20 20 74 74 99 99 99 96 96 101
