SEB_model/sample_data_files/historical/hillshade/augnoon.txt
ncols         559
nrows         351
xllcorner     388608.08691406
yllcorner     7584381.3441773
cellsize      5
NODATA_value  -9999
[rows 252 to 293 of 351, columns 94 to 187 of 559]
162 162 162 165 165 167 167 167 167 167 169 169 169 171 171 171 171 171 169 169 169 163 163 154 154 154 144 144 144 137 137 135 135 135 133 133 133 129 129 125 125 125 121 121 124 124 124 135 135 135 143 143 146 146 146 143 143 129 129 129 117 117 117 107 107 101 101 101 102 102 102 106 106 113 113 113 114 114 115 115 115 119 119 119 118 118 114 114 114 108 108 103 103 103
162 162 162 165 165 167 167 167 167 167 169 169 169 171 171 171 171 171 169 169 169 163 163 154 154 154 144 144 144 137 137 135 135 135 133 133 133 129 129 125 125 125 121 121 124 124 124 135 135 135 143 143 146 146 146 143 143 129 129 129 117 117 117 107 107 101 101 101 102 102 102 106 106 113 113 113 114 114 115 115 115 119 119 119 118 118 114 114 114 108 108 103 103 103
170 170 170 173 173 169 169 169 163 163 163 163 163 167 167 167 169 169 169 169 169 166 166 159 159 159 150 150 150 142 142 138 138 138 135 135 135 132 132 129 129 129 125 125 126 126 126 130 130 130 137 137 147 147 147 154 154 145 145 145 128 128 128 111 111 101 101 101 98 98 98 101 101 111 111 111 113 113 112 112 112 114 114 114 112 112 110 110 110 108 108 110 110 110
170 170 170 173 173 169 169 169 163 163 163 163 163 167 167 167 169 169 169 169 169 166 166 159 159 159 150 150 150 142 142 138 138 138 135 135 135 132 132 129 129 129 125 125 126 126 126 130 130 130 137 137 147 147 147 154 154 145 145 145 128 128 128 111 111 101 101 101 98 98 98 101 101 111 111 111 113 113 112 112 112 114 114 114 112 112 110 110 110 108 108 110 110 110
170 170 170 173 173 169 169 169 163 163 163 163 163 167 167 167 169 169 169 169 169 166 166 159 159 159 150 150 150 142 142 138 138 138 135 135 135 132 132 129 129 129 125 125 126 126 126 130 130 130 137 137 147 147 147 154 154 145 145 145 128 128 128 111 111 101 101 101 98 98 98 101 101 111 111 111 113 113 112 112 112 114 114 114 112 112 110 110 110 108 108 110 110 110
176 176 176 178 178 170 170 170 162 162 160 160 160 165 165 165 167 167 167 167 167 164 164 160 160 160 154 154 154 145 145 139 139 139 137 137 137 134 134 133 133 133 131 131 131 131 131 131 131 131 134 134 143 143 143 154 154 154 154 154 140 140 140 117 117 102 102 102 96 96 96 94 94 101 101 101 100 100 94 94 94 92 92 92 92 92 95 95 95 100 100 106 106 106
176 176 176 178 178 170 170 170 162 162 160 160 160 165 165 165 167 167 167 167 167 164 164 160 160 160 154 154 154 145 145 139 139 139 137 137 137 134 134 133 133 133 131 131 131 131 131 131 131 131 134 134 143 143 143 154 154 154 154 154 140 140 140 117 117 102 102 102 96 96 96 94 94 101 101 101 100 100 94 94 94 92 92 92 92 92 95 95 95 100 100 106 106 106
168 168 168 169 169 165 165 165 164 164 163 163 163 166 166 166 166 166 163 163 163 159 159 153 153 153 148 148 148 141 141 138 138 138 137 137 137 135 135 135 135 135 134 134 136 136 136 138 138 138 140 140 143 143 143 148 148 154 154 154 152 152 152 134 134 116 116 116 106 106 106 99 99 99 99 99 96 96 89 89 89 88 88 88 87 87 89 89 89 92 92 93 93 93
168 168 168 169 169 165 165 165 164 164 163 163 163 166 166 166 166 166 163 163 163 159 159 153 153 153 148 148 148 141 141 138 138 138 137 137 137 135 135 135 135 135 134 134 136 136 136 138 138 138 140 140 143 143 143 148 148 154 154 154 152 152 152 134 134 116 116 116 106 106 106 99 99 99 99 99 96 96 89 89 89 88 88 88 87 87 89 89 89 92 92 93 93 93
168 168 168 169 169 165 165 165 164 164 163 163 163 166 166 166 166 166 163 163 163 159 159 153 153 153 148 148 148 141 141 138 138 138 137 137 137 135 135 135 135 135 134 134 136 136 136 138 138 138 140 140 143 143 143 148 148 154 154 154 152 152 152 134 134 116 116 116 106 106 106 99 99 99 99 99 96 96 89 89 89 88 88 88 87 87 89 89 89 92 92 93 93 93
154 154 154 152 152 159 159 159 167 167 166 166 166 166 166 166 163 163 157 157 157 149 149 141 141 141 138 138 138 135 135 134 134 134 135 135 135 135 135 136 136 136 136 136 138 138 138 141 141 141 144 144 148 148 148 151 151 153 153 153 150 150 150 133 133 114 114 114 102 102 102 93 93 90 90 90 88 88 85 85 85 86 86 86 84 84 82 82 82 79 79 72 72 72
154 154 154 152 152 159 159 159 167 167 166 166 166 166 166 166 163 163 157 157 157 149 149 141 141 141 138 138 138 135 135 134 134 134 135 135 135 135 135 136 136 136 136 136 138 138 138 141 141 141 144 144 148 148 148 151 151 153 153 153 150 150 150 133 133 114 114 114 102 102 102 93 93 90 90 90 88 88 85 85 85 86 86 86 84 84 82 82 82 79 79 72 72 72
154 154 154 152 152 159 159 159 167 167 166 166 166 166 166 166 163 163 157 157 157 149 149 141 141 141 138 138 138 135 135 134 134 134 135 135 135 135 135 136 136 136 136 136 138 138 138 141 141 141 144 144 148 148 148 151 151 153 153 153 150 150 150 133 133 114 114 114 102 102 102 93 93 90 90 90 88 88 85 85 85 86 86 86 84 84 82 82 82 79 79 72 72 72
145 145 145 149 149 160 160 160 169 169 166 166 166 162 162 162 155 155 149 149 149 142 142 137 137 137 134 134 134 132 132 131 131 131 132 132 132 134 134 136 136 136 137 137 139 139 139 142 142 142 145 145 149 149 149 151 151 150 150 150 140 140 140 122 122 106 106 106 95 95 95 87 87 85 85 85 85 85 84 84 84 85 85 85 82 82 77 77 77 70 70 63 63 63
145 145 145 149 149 160 160 160 169 169 166 166 166 162 162 162 155 155 149 149 149 142 142 137 137 137 134 134 134 132 132 131 131 131 132 132 132 134 134 136 136 136 137 137 139 139 139 142 142 142 145 145 149 149 149 151 151 150 150 150 140 140 140 122 122 106 106 106 95 95 95 87 87 85 85 85 85 85 84 84 84 85 85 85 82 82 77 77 77 70 70 63 63 63
141 141 141 153 153 162 162 162 164 164 159 159 159 154 154 154 148 148 144 144 144 141 141 136 136 136 133 133 133 130 130 126 126 126 126 126 126 128 128 132 132 132 135 135 138 138 138 140 140 140 140 140 140 140 140 136 136 128 128 128 118 118 118 108 108 96 96 96 88 88 88 83 83 83 83 83 84 84 83 83 83 82 82 82 78 78 71 71 71 66 66 63 63 63
141 141 141 153 153 162 162 162 164 164 159 159 159 154 154 154 148 148 144 144 144 141 141 136 136 136 133 133 133 130 130 126 126 126 126 126 126 128 128 132 132 132 135 135 138 138 138 140 140 140 140 140 140 140 140 136 136 128 128 128 118 118 118 108 108 96 96 96 88 88 88 83 83 83 83 83 84 84 83 83 83 82 82 82 78 78 71 71 71 66 66 63 63 63
141 141 141 153 153 162 162 162 164 164 159 159 159 154 154 154 148 148 144 144 144 141 141 136 136 136 133 133 133 130 130 126 126 126 126 126 126 128 128 132 132 132 135 135 138 138 138 140 140 140 140 140 140 140 140 136 136 128 128 128 118 118 118 108 108 96 96 96 88 88 88 83 83 83 83 83 84 84 83 83 83 82 82 82 78 78 71 71 71 66 66 63 63 63
139 139 139 153 153 159 159 159 157 157 152 152 152 150 150 150 148 148 146 146 146 142 142 136 136 136 132 132 132 127 127 122 122 122 120 120 120 120 120 125 125 125 131 131 137 137 137 138 138 138 133 133 126 126 126 113 113 99 99 99 92 92 92 91 91 86 86 86 80 80 80 76 76 77 77 77 78 78 77 77 77 75 75 75 70 70 64 64 64 59 59 55 55 55
139 139 139 153 153 159 159 159 157 157 152 152 152 150 150 150 148 148 146 146 146 142 142 136 136 136 132 132 132 127 127 122 122 122 120 120 120 120 120 125 125 125 131 131 137 137 137 138 138 138 133 133 126 126 126 113 113 99 99 99 92 92 92 91 91 86 86 86 80 80 80 76 76 77 77 77 78 78 77 77 77 75 75 75 70 70 64 64 64 59 59 55 55 55
137 137 137 148 148 152 152 152 149 149 147 147 147 148 148 148 149 149 147 147 147 143 143 137 137 137 133 133 133 128 128 125 125 125 122 122 122 121 121 126 126 126 133 133 138 138 138 135 135 135 127 127 115 115 115 102 102 92 92 92 89 89 89 92 92 96 96 96 94 94 94 89 89 89 89 89 90 90 89 89 89 89 89 89 83 83 73 73 73 64 64 58 58 58
137 137 137 148 148 152 152 152 149 149 147 147 147 148 148 148 149 149 147 147 147 143 143 137 137 137 133 133 133 128 128 125 125 125 122 122 122 121 121 126 126 126 133 133 138 138 138 135 135 135 127 127 115 115 115 102 102 92 92 92 89 89 89 92 92 96 96 96 94 94 94 89 89 89 89 89 90 90 89 89 89 89 89 89 83 83 73 73 73 64 64 58 58 58
137 137 137 148 148 152 152 152 149 149 147 147 147 148 148 148 149 149 147 147 147 143 143 137 137 137 133 133 133 128 128 125 125 125 122 122 122 121 121 126 126 126 133 133 138 138 138 135 135 135 127 127 115 115 115 102 102 92 92 92 89 89 89 92 92 96 96 96 94 94 94 89 89 89 89 89 90 90 89 89 89 89 89 89 83 83 73 73 73 64 64 58 58 58
135 135 135 142 142 147 147 147 148 148 148 148 148 149 149 149 149 149 147 147 147 142 142 136 136 136 132 132 132 128 128 124 124 124 122 122 122 123 123 128 128 128 131 131 129 129 129 123 123 123 115 115 106 106 106 98 98 95 95 95 98 98 98 105 105 111 111 111 110 110 110 101 101 95 95 95 93 93 91 91 91 90 90 90 84 84 72 72 72 63 63 58 58 58
135 135 135 142 142 147 147 147 148 148 148 148 148 149 149 149 149 149 147 147 147 142 142 136 136 136 132 132 132 128 128 124 124 124 122 122 122 123 123 128 128 128 131 131 129 129 129 123 123 123 115 115 106 106 106 98 98 95 95 95 98 98 98 105 105 111 111 111 110 110 110 101 101 95 95 95 93 93 91 91 91 90 90 90 84 84 72 72 72 63 63 58 58 58
135 135 135 142 142 147 147 147 148 148 148 148 148 149 149 149 149 149 147 147 147 142 142 136 136 136 132 132 132 128 128 124 124 124 122 122 122 123 123 128 128 128 131 131 129 129 129 123 123 123 115 115 106 106 106 98 98 95 95 95 98 98 98 105 105 111 111 111 110 110 110 101 101 95 95 95 93 93 91 91 91 90 90 90 84 84 72 72 72 63 63 58 58 58
134 134 134 137 137 145 145 145 149 149 149 149 149 148 148 148 147 147 143 143 143 138 138 133 133 133 130 130 130 126 126 122 122 122 121 121 121 124 124 127 127 127 123 123 114 114 114 106 106 106 102 102 99 99 99 97 97 101 101 101 111 111 111 120 120 124 124 124 121 121 121 108 108 95 95 95 86 86 81 81 81 78 78 78 74 74 68 68 68 61 61 54 54 54
134 134 134 137 137 145 145 145 149 149 149 149 149 148 148 148 147 147 143 143 143 138 138 133 133 133 130 130 130 126 126 122 122 122 121 121 121 124 124 127 127 127 123 123 114 114 114 106 106 106 102 102 99 99 99 97 97 101 101 101 111 111 111 120 120 124 124 124 121 121 121 108 108 95 95 95 86 86 81 81 81 78 78 78 74 74 68 68 68 61 61 54 54 54
137 137 137 137 137 143 143 143 146 146 145 145 145 143 143 143 142 142 139 139 139 136 136 133 133 133 131 131 131 127 127 125 125 125 125 125 125 125 125 125 125 125 117 117 107 107 107 101 101 101 101 101 104 104 104 110 110 120 120 120 130 130 130 136 136 136 136 136 131 131 131 121 121 109 109 109 96 96 87 87 87 83 83 83 80 80 78 78 78 73 73 66 66 66
137 137 137 137 137 143 143 143 146 146 145 145 145 143 143 143 142 142 139 139 139 136 136 133 133 133 131 131 131 127 127 125 125 125 125 125 125 125 125 125 125 125 117 117 107 107 107 101 101 101 101 101 104 104 104 110 110 120 120 120 130 130 130 136 136 136 136 136 131 131 131 121 121 109 109 109 96 96 87 87 87 83 83 83 80 80 78 78 78 73 73 66 66 66
137 137 137 137 137 143 143 143 146 146 145 145 145 143 143 143 142 142 139 139 139 136 136 133 133 133 131 131 131 127 127 125 125 125 125 125 125 125 125 125 125 125 117 117 107 107 107 101 101 101 101 101 104 104 104 110 110 120 120 120 130 130 130 136 136 136 136 136 131 131 131 121 121 109 109 109 96 96 87 87 87 83 83 83 80 80 78 78 78 73 73 66 66 66
141 141 141 139 139 143 143 143 144 144 142 142 142 140 140 140 139 139 137 137 137 134 134 131 131 131 128 128 128 127 127 130 130 130 131 131 131 127 127 121 121 121 113 113 108 108 108 105 105 105 105 105 109 109 109 116 116 123 123 123 129 129 129 132 132 130 130 130 127 127 127 121 121 114 114 114 102 102 89 89 89 83 83 83 82 82 82 82 82 80 80 75 75 75
141 141 141 139 139 143 143 143 144 144 142 142 142 140 140 140 139 139 137 137 137 134 134 131 131 131 128 128 128 127 127 130 130 130 131 131 131 127 127 121 121 121 113 113 108 108 108 105 105 105 105 105 109 109 109 116 116 123 123 123 129 129 129 132 132 130 130 130 127 127 127 121 121 114 114 114 102 102 89 89 89 83 83 83 82 82 82 82 82 80 80 75 75 75
141 141 141 139 139 143 143 143 144 144 142 142 142 140 140 140 139 139 137 137 137 134 134 131 131 131 128 128 128 127 127 130 130 130 131 131 131 127 127 121 121 121 113 113 108 108 108 105 105 105 105 105 109 109 109 116 116 123 123 123 129 129 129 132 132 130 130 130 127 127 127 121 121 114 114 114 102 102 89 89 89 83 83 83 82 82 82 82 82 80 80 75 75 75
140 140 140 138 138 141 141 141 142 142 141 141 141 140 140 140 137 137 134 134 134 130 130 127 127 127 128 128 128 132 132 137 137 137 137 137 137 130 130 120 120 120 113 113 110 110 110 108 108 108 107 107 108 108 108 112 112 115 115 115 117 117 117 117 117 116 116 116 114 114 114 111 111 106 106 106 98 98 87 87 87 81 81 81 81 81 81 81 81 79 79 74 74 74
140 140 140 138 138 141 141 141 142 142 141 141 141 140 140 140 137 137 134 134 134 130 130 127 127 127 128 128 128 132 132 137 137 137 137 137 137 130 130 120 120 120 113 113 110 110 110 108 108 108 107 107 108 108 108 112 112 115 115 115 117 117 117 117 117 116 116 116 114 114 114 111 111 106 106 106 98 98 87 87 87 81 81 81 81 81 81 81 81 79 79 74 74 74
141 141 141 138 138 140 140 140 141 141 142 142 142 140 140 140 137 137 134 134 134 131 131 131 131 131 135 135 135 139 139 142 142 142 139 139 139 129 129 119 119 119 113 113 111 111 111 111 111 111 110 110 109 109 109 109 109 111 111 111 112 112 112 111 111 109 109 109 106 106 106 103 103 99 99 99 94 94 87 87 87 79 79 79 73 73 70 70 70 68 68 66 66 66
141 141 141 138 138 140 140 140 141 141 142 142 142 140 140 140 137 137 134 134 134 131 131 131 131 131 135 135 135 139 139 142 142 142 139 139 139 129 129 119 119 119 113 113 111 111 111 111 111 111 110 110 109 109 109 109 109 111 111 111 112 112 112 111 111 109 109 109 106 106 106 103 103 99 99 99 94 94 87 87 87 79 79 79 73 73 70 70 70 68 68 66 66 66
141 141 141 138 138 140 140 140 141 141 142 142 142 140 140 140 137 137 134 134 134 131 131 131 131 131 135 135 135 139 139 142 142 142 139 139 139 129 129 119 119 119 113 113 111 111 111 111 111 111 110 110 109 109 109 109 109 111 111 111 112 112 112 111 111 109 109 109 106 106 106 103 103 99 99 99 94 94 87 87 87 79 79 79 73 73 70 70 70 68 68 66 66 66
147 147 147 141 141 140 140 140 139 139 138 138 138 138 138 138 137 137 136 136 136 136 136 139 139 139 143 143 143 144 144 142 142 142 134 134 134 123 123 117 117 117 115 115 117 117 117 117 117 117 114 114 110 110 110 107 107 106 106 106 106 106 106 104 104 101 101 101 98 98 98 94 94 91 91 91 87 87 80 80 80 73 73 73 65 65 61 61 61 59 59 57 57 57
147 147 147 141 141 140 140 140 139 139 138 138 138 138 138 138 137 137 136 136 136 136 136 139 139 139 143 143 143 144 144 142 142 142 134 134 134 123 123 117 117 117 115 115 117 117 117 117 117 117 114 114 110 110 110 107 107 106 106 106 106 106 106 104 104 101 101 101 98 98 98 94 94 91 91 91 87 87 80 80 80 73 73 73 65 65 61 61 61 59 59 57 57 57
150 150 150 143 143 139 139 139 136 136 134 134 134 134 134 134 136 136 139 139 139 142 142 144 144 144 146 146 146 144 144 139 139 139 131 131 131 123 123 120 120 120 122 122 125 125 125 125 125 125 121 121 116 116 116 111 111 107 107 107 105 105 105 103 103 101 101 101 98 98 98 93 93 90 90 90 86 86 83 83 83 79 79 79 75 75 72 72 72 71 71 70 70 70
