SEB_model/sample_data_files/historical/hillshade/augnoon.txt
ncols         559
nrows         351
xllcorner     388608.08691406
yllcorner     7584381.3441773
cellsize      5
NODATA_value  -9999
[rows 126 to 167 of 351, columns 282 to 375 of 559]
134 134 134 120 120 120 113 113 113 113 113 127 127 147 147 147 160 160 160 159 159 153 153 153 153 153 150 150 150 153 153 153 153 153 146 146 146 130 130 130 117 117 121 121 121 122 122 117 117 117 109 109 109 103 103 96 96 96 86 86 85 85 85 100 100 100 118 118 128 128 128 131 131 131 131 131 133 133 133 140 140 146 146 146 151 151 151 152 152 151 151 151 149 149
134 134 134 120 120 120 113 113 113 113 113 127 127 147 147 147 160 160 160 159 159 153 153 153 153 153 150 150 150 153 153 153 153 153 146 146 146 130 130 130 117 117 121 121 121 122 122 117 117 117 109 109 109 103 103 96 96 96 86 86 85 85 85 100 100 100 118 118 128 128 128 131 131 131 131 131 133 133 133 140 140 146 146 146 151 151 151 152 152 151 151 151 149 149
134 134 134 120 120 120 113 113 113 113 113 127 127 147 147 147 160 160 160 159 159 153 153 153 153 153 150 150 150 153 153 153 153 153 146 146 146 130 130 130 117 117 121 121 121 122 122 117 117 117 109 109 109 103 103 96 96 96 86 86 85 85 85 100 100 100 118 118 128 128 128 131 131 131 131 131 133 133 133 140 140 146 146 146 151 151 151 152 152 151 151 151 149 149
115 115 115 110 110 110 116 116 128 128 128 145 145 158 158 158 161 161 161 152 152 144 144 144 142 142 139 139 139 139 139 139 139 139 132 132 132 114 114 114 93 93 85 85 85 86 86 88 88 88 88 88 88 87 87 85 85 85 87 87 98 98 98 114 114 114 124 124 128 128 128 134 134 134 141 141 148 148 148 153 153 156 156 156 157 157 157 155 155 153 153 153 152 152
115 115 115 110 110 110 116 116 128 128 128 145 145 158 158 158 161 161 161 152 152 144 144 144 142 142 139 139 139 139 139 139 139 139 132 132 132 114 114 114 93 93 85 85 85 86 86 88 88 88 88 88 88 87 87 85 85 85 87 87 98 98 98 114 114 114 124 124 128 128 128 134 134 134 141 141 148 148 148 153 153 156 156 156 157 157 157 155 155 153 153 153 152 152
109 109 109 118 118 118 134 134 145 145 145 151 151 152 152 152 148 148 148 138 138 131 131 131 127 127 122 122 122 118 118 118 114 114 107 107 107 92 92 92 76 76 71 71 71 76 76 83 83 83 89 89 89 94 94 101 101 101 112 112 126 126 126 135 135 135 137 137 141 141 141 148 148 148 156 156 162 162 162 162 162 161 161 161 159 159 159 157 157 155 155 155 155 155
109 109 109 118 118 118 134 134 145 145 145 151 151 152 152 152 148 148 148 138 138 131 131 131 127 127 122 122 122 118 118 118 114 114 107 107 107 92 92 92 76 76 71 71 71 76 76 83 83 83 89 89 89 94 94 101 101 101 112 112 126 126 126 135 135 135 137 137 141 141 141 148 148 148 156 156 162 162 162 162 162 161 161 161 159 159 159 157 157 155 155 155 155 155
109 109 109 118 118 118 134 134 145 145 145 151 151 152 152 152 148 148 148 138 138 131 131 131 127 127 122 122 122 118 118 118 114 114 107 107 107 92 92 92 76 76 71 71 71 76 76 83 83 83 89 89 89 94 94 101 101 101 112 112 126 126 126 135 135 135 137 137 141 141 141 148 148 148 156 156 162 162 162 162 162 161 161 161 159 159 159 157 157 155 155 155 155 155
116 116 116 133 133 133 148 148 154 154 154 154 154 152 152 152 146 146 146 136 136 127 127 127 120 120 114 114 114 111 111 111 108 108 103 103 103 95 95 95 88 88 90 90 90 98 98 107 107 107 114 114 114 121 121 131 131 131 140 140 146 146 146 149 149 149 151 151 157 157 157 164 164 164 167 167 169 169 169 166 166 162 162 162 159 159 159 159 159 159 159 159 158 158
116 116 116 133 133 133 148 148 154 154 154 154 154 152 152 152 146 146 146 136 136 127 127 127 120 120 114 114 114 111 111 111 108 108 103 103 103 95 95 95 88 88 90 90 90 98 98 107 107 107 114 114 114 121 121 131 131 131 140 140 146 146 146 149 149 149 151 151 157 157 157 164 164 164 167 167 169 169 169 166 166 162 162 162 159 159 159 159 159 159 159 159 158 158
129 129 129 146 146 146 153 153 153 153 153 150 150 146 146 146 140 140 140 132 132 125 125 125 120 120 117 117 117 118 118 118 119 119 120 120 120 120 120 120 120 120 127 127 127 136 136 141 141 141 144 144 144 146 146 151 151 151 154 154 152 152 152 151 151 151 153 153 157 157 157 161 161 161 161 161 161 161 161 159 159 156 156 156 155 155 155 155 155 156 156 156 156 156
129 129 129 146 146 146 153 153 153 153 153 150 150 146 146 146 140 140 140 132 132 125 125 125 120 120 117 117 117 118 118 118 119 119 120 120 120 120 120 120 120 120 127 127 127 136 136 141 141 141 144 144 144 146 146 151 151 151 154 154 152 152 152 151 151 151 153 153 157 157 157 161 161 161 161 161 161 161 161 159 159 156 156 156 155 155 155 155 155 156 156 156 156 156
129 129 129 146 146 146 153 153 153 153 153 150 150 146 146 146 140 140 140 132 132 125 125 125 120 120 117 117 117 118 118 118 119 119 120 120 120 120 120 120 120 120 127 127 127 136 136 141 141 141 144 144 144 146 146 151 151 151 154 154 152 152 152 151 151 151 153 153 157 157 157 161 161 161 161 161 161 161 161 159 159 156 156 156 155 155 155 155 155 156 156 156 156 156
130 130 130 142 142 142 142 142 140 140 140 135 135 129 129 129 124 124 124 122 122 123 123 123 123 123 125 125 125 131 131 131 137 137 141 141 141 145 145 145 147 147 153 153 153 159 159 161 161 161 161 161 161 159 159 159 159 159 157 157 151 151 151 146 146 146 143 143 141 141 141 141 141 141 143 143 148 148 148 151 151 151 151 151 150 150 150 150 150 150 150 150 150 150
130 130 130 142 142 142 142 142 140 140 140 135 135 129 129 129 124 124 124 122 122 123 123 123 123 123 125 125 125 131 131 131 137 137 141 141 141 145 145 145 147 147 153 153 153 159 159 161 161 161 161 161 161 159 159 159 159 159 157 157 151 151 151 146 146 146 143 143 141 141 141 141 141 141 143 143 148 148 148 151 151 151 151 151 150 150 150 150 150 150 150 150 150 150
130 130 130 142 142 142 142 142 140 140 140 135 135 129 129 129 124 124 124 122 122 123 123 123 123 123 125 125 125 131 131 131 137 137 141 141 141 145 145 145 147 147 153 153 153 159 159 161 161 161 161 161 161 159 159 159 159 159 157 157 151 151 151 146 146 146 143 143 141 141 141 141 141 141 143 143 148 148 148 151 151 151 151 151 150 150 150 150 150 150 150 150 150 150
123 123 123 126 126 126 123 123 120 120 120 113 113 107 107 107 107 107 107 113 113 120 120 120 124 124 128 128 128 135 135 135 141 141 146 146 146 150 150 150 151 151 154 154 154 159 159 163 163 163 165 165 165 165 165 161 161 161 153 153 143 143 143 133 133 133 124 124 118 118 118 116 116 116 122 122 134 134 134 141 141 142 142 142 140 140 140 139 139 140 140 140 143 143
123 123 123 126 126 126 123 123 120 120 120 113 113 107 107 107 107 107 107 113 113 120 120 120 124 124 128 128 128 135 135 135 141 141 146 146 146 150 150 150 151 151 154 154 154 159 159 163 163 163 165 165 165 165 165 161 161 161 153 153 143 143 143 133 133 133 124 124 118 118 118 116 116 116 122 122 134 134 134 141 141 142 142 142 140 140 140 139 139 140 140 140 143 143
108 108 108 105 105 105 101 101 93 93 93 88 88 91 91 91 102 102 102 112 112 119 119 119 123 123 126 126 126 132 132 132 139 139 145 145 145 148 148 148 147 147 148 148 148 151 151 155 155 155 159 159 159 158 158 151 151 151 138 138 125 125 125 114 114 114 107 107 104 104 104 105 105 105 111 111 122 122 122 131 131 135 135 135 135 135 135 136 136 140 140 140 142 142
108 108 108 105 105 105 101 101 93 93 93 88 88 91 91 91 102 102 102 112 112 119 119 119 123 123 126 126 126 132 132 132 139 139 145 145 145 148 148 148 147 147 148 148 148 151 151 155 155 155 159 159 159 158 158 151 151 151 138 138 125 125 125 114 114 114 107 107 104 104 104 105 105 105 111 111 122 122 122 131 131 135 135 135 135 135 135 136 136 140 140 140 142 142
108 108 108 105 105 105 101 101 93 93 93 88 88 91 91 91 102 102 102 112 112 119 119 119 123 123 126 126 126 132 132 132 139 139 145 145 145 148 148 148 147 147 148 148 148 151 151 155 155 155 159 159 159 158 158 151 151 151 138 138 125 125 125 114 114 114 107 107 104 104 104 105 105 105 111 111 122 122 122 131 131 135 135 135 135 135 135 136 136 140 140 140 142 142
100 100 100 93 93 93 85 85 80 80 80 84 84 98 98 98 113 113 113 120 120 124 124 124 124 124 123 123 123 126 126 126 131 131 137 137 137 138 138 138 135 135 135 135 135 135 135 137 137 137 139 139 139 138 138 129 129 129 115 115 103 103 103 96 96 96 98 98 106 106 106 116 116 116 122 122 131 131 131 138 138 143 143 143 146 146 146 149 149 152 152 152 152 152
100 100 100 93 93 93 85 85 80 80 80 84 84 98 98 98 113 113 113 120 120 124 124 124 124 124 123 123 123 126 126 126 131 131 137 137 137 138 138 138 135 135 135 135 135 135 135 137 137 137 139 139 139 138 138 129 129 129 115 115 103 103 103 96 96 96 98 98 106 106 106 116 116 116 122 122 131 131 131 138 138 143 143 143 146 146 146 149 149 152 152 152 152 152
96 96 96 87 87 87 85 85 93 93 93 106 106 120 120 120 128 128 128 127 127 127 127 127 126 126 123 123 123 125 125 125 128 128 131 131 131 131 131 131 126 126 124 124 124 123 123 124 124 124 128 128 128 129 129 121 121 121 104 104 92 92 92 91 91 91 99 99 110 110 110 119 119 119 122 122 129 129 129 139 139 151 151 151 161 161 161 164 164 160 160 160 150 150
96 96 96 87 87 87 85 85 93 93 93 106 106 120 120 120 128 128 128 127 127 127 127 127 126 126 123 123 123 125 125 125 128 128 131 131 131 131 131 131 126 126 124 124 124 123 123 124 124 124 128 128 128 129 129 121 121 121 104 104 92 92 92 91 91 91 99 99 110 110 110 119 119 119 122 122 129 129 129 139 139 151 151 151 161 161 161 164 164 160 160 160 150 150
96 96 96 87 87 87 85 85 93 93 93 106 106 120 120 120 128 128 128 127 127 127 127 127 126 126 123 123 123 125 125 125 128 128 131 131 131 131 131 131 126 126 124 124 124 123 123 124 124 124 128 128 128 129 129 121 121 121 104 104 92 92 92 91 91 91 99 99 110 110 110 119 119 119 122 122 129 129 129 139 139 151 151 151 161 161 161 164 164 160 160 160 150 150
92 92 92 87 87 87 95 95 111 111 111 122 122 128 128 128 128 128 128 123 123 121 121 121 120 120 118 118 118 120 120 120 121 121 124 124 124 125 125 125 123 123 123 123 123 123 123 125 125 125 133 133 133 139 139 126 126 126 100 100 86 86 86 90 90 90 102 102 110 110 110 114 114 114 113 113 116 116 116 125 125 142 142 142 156 156 156 153 153 133 133 133 110 110
92 92 92 87 87 87 95 95 111 111 111 122 122 128 128 128 128 128 128 123 123 121 121 121 120 120 118 118 118 120 120 120 121 121 124 124 124 125 125 125 123 123 123 123 123 123 123 125 125 125 133 133 133 139 139 126 126 126 100 100 86 86 86 90 90 90 102 102 110 110 110 114 114 114 113 113 116 116 116 125 125 142 142 142 156 156 156 153 153 133 133 133 110 110
92 92 92 87 87 87 95 95 111 111 111 122 122 128 128 128 128 128 128 123 123 121 121 121 120 120 118 118 118 120 120 120 121 121 124 124 124 125 125 125 123 123 123 123 123 123 123 125 125 125 133 133 133 139 139 126 126 126 100 100 86 86 86 90 90 90 102 102 110 110 110 114 114 114 113 113 116 116 116 125 125 142 142 142 156 156 156 153 153 133 133 133 110 110
91 91 91 92 92 92 100 100 108 108 108 110 110 109 109 109 111 111 111 111 111 111 111 111 112 112 110 110 110 109 109 109 106 106 106 106 106 110 110 110 113 113 114 114 114 113 113 116 116 116 127 127 127 136 136 118 118 118 89 89 79 79 79 86 86 86 98 98 106 106 106 111 111 111 110 110 108 108 108 105 105 106 106 106 106 106 106 91 91 70 70 70 56 56
91 91 91 92 92 92 100 100 108 108 108 110 110 109 109 109 111 111 111 111 111 111 111 111 112 112 110 110 110 109 109 109 106 106 106 106 106 110 110 110 113 113 114 114 114 113 113 116 116 116 127 127 127 136 136 118 118 118 89 89 79 79 79 86 86 86 98 98 106 106 106 111 111 111 110 110 108 108 108 105 105 106 106 106 106 106 106 91 91 70 70 70 56 56
96 96 96 101 101 101 102 102 98 98 98 92 92 91 91 91 99 99 99 106 106 110 110 110 113 113 110 110 110 107 107 107 102 102 99 99 99 98 98 98 98 98 100 100 100 103 103 105 105 105 109 109 109 104 104 77 77 77 55 55 57 57 57 76 76 76 99 99 119 119 119 127 127 127 121 121 113 113 113 104 104 87 87 87 66 66 66 45 45 33 33 33 32 32
96 96 96 101 101 101 102 102 98 98 98 92 92 91 91 91 99 99 99 106 106 110 110 110 113 113 110 110 110 107 107 107 102 102 99 99 99 98 98 98 98 98 100 100 100 103 103 105 105 105 109 109 109 104 104 77 77 77 55 55 57 57 57 76 76 76 99 99 119 119 119 127 127 127 121 121 113 113 113 104 104 87 87 87 66 66 66 45 45 33 33 33 32 32
96 96 96 101 101 101 102 102 98 98 98 92 92 91 91 91 99 99 99 106 106 110 110 110 113 113 110 110 110 107 107 107 102 102 99 99 99 98 98 98 98 98 100 100 100 103 103 105 105 105 109 109 109 104 104 77 77 77 55 55 57 57 57 76 76 76 99 99 119 119 119 127 127 127 121 121 113 113 113 104 104 87 87 87 66 66 66 45 45 33 33 33 32 32
106 106 106 108 108 108 99 99 88 88 88 81 81 81 81 81 90 90 90 101 101 110 110 110 112 112 109 109 109 106 106 106 103 103 100 100 100 94 94 94 87 87 88 88 88 89 89 82 82 82 66 66 66 43 43 0 0 0 0 0 41 41 41 83 83 83 117 117 132 132 132 130 130 130 119 119 109 109 109 100 100 93 93 93 89 89 89 81 81 76 76 76 80 80
106 106 106 108 108 108 99 99 88 88 88 81 81 81 81 81 90 90 90 101 101 110 110 110 112 112 109 109 109 106 106 106 103 103 100 100 100 94 94 94 87 87 88 88 88 89 89 82 82 82 66 66 66 43 43 0 0 0 0 0 41 41 41 83 83 83 117 117 132 132 132 130 130 130 119 119 109 109 109 100 100 93 93 93 89 89 89 81 81 76 76 76 80 80
106 106 106 108 108 108 99 99 88 88 88 81 81 81 81 81 90 90 90 101 101 110 110 110 112 112 109 109 109 106 106 106 103 103 100 100 100 94 94 94 87 87 88 88 88 89 89 82 82 82 66 66 66 43 43 0 0 0 0 0 41 41 41 83 83 83 117 117 132 132 132 130 130 130 119 119 109 109 109 100 100 93 93 93 89 89 89 81 81 76 76 76 80 80
112 112 112 112 112 112 100 100 90 90 90 84 84 84 84 84 89 89 89 100 100 112 112 112 117 117 113 113 113 110 110 110 107 107 102 102 102 96 96 96 91 91 89 89 89 86 86 70 70 70 43 43 43 21 21 20 20 20 50 50 109 109 109 134 134 134 140 140 133 133 133 120 120 120 111 111 104 104 104 96 96 96 96 96 110 110 110 135 135 159 159 159 173 173
112 112 112 112 112 112 100 100 90 90 90 84 84 84 84 84 89 89 89 100 100 112 112 112 117 117 113 113 113 110 110 110 107 107 102 102 102 96 96 96 91 91 89 89 89 86 86 70 70 70 43 43 43 21 21 20 20 20 50 50 109 109 109 134 134 134 140 140 133 133 133 120 120 120 111 111 104 104 104 96 96 96 96 96 110 110 110 135 135 159 159 159 173 173
106 106 106 106 106 106 98 98 91 91 91 84 84 80 80 80 79 79 79 81 81 84 84 84 86 86 88 88 88 87 87 87 84 84 80 80 80 77 77 77 72 72 67 67 67 62 62 57 57 57 56 56 56 68 68 103 103 103 163 163 179 179 179 159 159 159 143 143 130 130 130 120 120 120 115 115 114 114 114 113 113 111 111 111 115 115 115 135 135 160 160 160 178 178
106 106 106 106 106 106 98 98 91 91 91 84 84 80 80 80 79 79 79 81 81 84 84 84 86 86 88 88 88 87 87 87 84 84 80 80 80 77 77 77 72 72 67 67 67 62 62 57 57 57 56 56 56 68 68 103 103 103 163 163 179 179 179 159 159 159 143 143 130 130 130 120 120 120 115 115 114 114 114 113 113 111 111 111 115 115 115 135 135 160 160 160 178 178
106 106 106 106 106 106 98 98 91 91 91 84 84 80 80 80 79 79 79 81 81 84 84 84 86 86 88 88 88 87 87 87 84 84 80 80 80 77 77 77 72 72 67 67 67 62 62 57 57 57 56 56 56 68 68 103 103 103 163 163 179 179 179 159 159 159 143 143 130 130 130 120 120 120 115 115 114 114 114 113 113 111 111 111 115 115 115 135 135 160 160 160 178 178
