SEB_model/sample_data_files/historical/hillshade/augnoon.txt
ncols         559
nrows         351
xllcorner     388608.08691406
yllcorner     7584381.3441773
cellsize      5
NODATA_value  -9999
[rows 210 to 251 of 351, columns 188 to 281 of 559]
43 43 43 28 28 35 35 35 40 40 40 39 39 36 36 36 27 27 13 13 13 0 0 0 0 0 0 0 0 0 0 0 0 0 11 11 11 28 28 52 52 52 75 75 75 87 87 95 95 95 93 93 85 85 85 77 77 77 70 70 70 70 70 74 74 74 76 76 76 76 76 73 73 72 72 72 75 75 75 78 78 77 77 77 71 71 61 61 61 54 54 54 50 50
43 43 43 28 28 35 35 35 40 40 40 39 39 36 36 36 27 27 13 13 13 0 0 0 0 0 0 0 0 0 0 0 0 0 11 11 11 28 28 52 52 52 75 75 75 87 87 95 95 95 93 93 85 85 85 77 77 77 70 70 70 70 70 74 74 74 76 76 76 76 76 73 73 72 72 72 75 75 75 78 78 77 77 77 71 71 61 61 61 54 54 54 50 50
46 46 46 47 47 52 52 52 57 57 57 56 56 55 55 55 46 46 32 32 32 21 21 21 13 13 10 10 10 14 14 14 23 23 34 34 34 45 45 57 57 57 74 74 74 93 93 105 105 105 98 98 83 83 83 76 76 76 77 77 85 85 85 90 90 90 88 88 85 85 85 80 80 76 76 76 71 71 71 64 64 59 59 59 55 55 51 51 51 53 53 53 59 59
46 46 46 47 47 52 52 52 57 57 57 56 56 55 55 55 46 46 32 32 32 21 21 21 13 13 10 10 10 14 14 14 23 23 34 34 34 45 45 57 57 57 74 74 74 93 93 105 105 105 98 98 83 83 83 76 76 76 77 77 85 85 85 90 90 90 88 88 85 85 85 80 80 76 76 76 71 71 71 64 64 59 59 59 55 55 51 51 51 53 53 53 59 59
46 46 46 47 47 52 52 52 57 57 57 56 56 55 55 55 46 46 32 32 32 21 21 21 13 13 10 10 10 14 14 14 23 23 34 34 34 45 45 57 57 57 74 74 74 93 93 105 105 105 98 98 83 83 83 76 76 76 77 77 85 85 85 90 90 90 88 88 85 85 85 80 80 76 76 76 71 71 71 64 64 59 59 59 55 55 51 51 51 53 53 53 59 59
68 68 68 63 63 57 57 57 59 59 59 62 62 62 62 62 56 56 52 52 52 49 49 49 40 40 34 34 34 37 37 37 45 45 52 52 52 49 49 44 44 44 47 47 47 60 60 76 76 76 83 83 80 80 80 78 78 78 79 79 81 81 81 81 81 81 77 77 75 75 75 70 70 63 63 63 54 54 54 46 46 43 43 43 46 46 52 52 52 57 57 57 61 61
68 68 68 63 63 57 57 57 59 59 59 62 62 62 62 62 56 56 52 52 52 49 49 49 40 40 34 34 34 37 37 37 45 45 52 52 52 49 49 44 44 44 47 47 47 60 60 76 76 76 83 83 80 80 80 78 78 78 79 79 81 81 81 81 81 81 77 77 75 75 75 70 70 63 63 63 54 54 54 46 46 43 43 43 46 46 52 52 52 57 57 57 61 61
68 68 68 63 63 57 57 57 59 59 59 62 62 62 62 62 56 56 52 52 52 49 49 49 40 40 34 34 34 37 37 37 45 45 52 52 52 49 49 44 44 44 47 47 47 60 60 76 76 76 83 83 80 80 80 78 78 78 79 79 81 81 81 81 81 81 77 77 75 75 75 70 70 63 63 63 54 54 54 46 46 43 43 43 46 46 52 52 52 57 57 57 61 61
105 105 105 84 84 69 69 69 64 64 64 64 64 67 67 67 65 65 63 63 63 67 67 67 64 64 61 61 61 61 61 61 61 61 59 59 59 50 50 40 40 40 40 40 40 46 46 54 54 54 60 60 64 64 64 67 67 67 65 65 59 59 59 53 53 53 48 48 47 47 47 46 46 42 42 42 40 40 40 40 40 45 45 45 52 52 55 55 55 55 55 55 54 54
105 105 105 84 84 69 69 69 64 64 64 64 64 67 67 67 65 65 63 63 63 67 67 67 64 64 61 61 61 61 61 61 61 61 59 59 59 50 50 40 40 40 40 40 40 46 46 54 54 54 60 60 64 64 64 67 67 67 65 65 59 59 59 53 53 53 48 48 47 47 47 46 46 42 42 42 40 40 40 40 40 45 45 45 52 52 55 55 55 55 55 55 54 54
121 121 121 104 104 88 88 88 76 76 76 68 68 71 71 71 72 72 71 71 71 79 79 79 86 86 90 90 90 87 87 87 73 73 63 63 63 58 58 56 56 56 56 56 56 54 54 50 50 50 49 49 51 51 51 53 53 53 49 49 42 42 42 35 35 35 33 33 33 33 33 35 35 38 38 38 42 42 42 46 46 49 49 49 52 52 53 53 53 0 0 0 0 0
121 121 121 104 104 88 88 88 76 76 76 68 68 71 71 71 72 72 71 71 71 79 79 79 86 86 90 90 90 87 87 87 73 73 63 63 63 58 58 56 56 56 56 56 56 54 54 50 50 50 49 49 51 51 51 53 53 53 49 49 42 42 42 35 35 35 33 33 33 33 33 35 35 38 38 38 42 42 42 46 46 49 49 49 52 52 53 53 53 0 0 0 0 0
121 121 121 104 104 88 88 88 76 76 76 68 68 71 71 71 72 72 71 71 71 79 79 79 86 86 90 90 90 87 87 87 73 73 63 63 63 58 58 56 56 56 56 56 56 54 54 50 50 50 49 49 51 51 51 53 53 53 49 49 42 42 42 35 35 35 33 33 33 33 33 35 35 38 38 38 42 42 42 46 46 49 49 49 52 52 53 53 53 0 0 0 0 0
123 123 123 113 113 100 100 100 86 86 86 72 72 68 68 68 65 65 64 64 64 73 73 73 82 82 86 86 86 81 81 81 64 64 48 48 48 42 42 48 48 48 51 51 51 47 47 42 42 42 40 40 39 39 39 38 38 38 36 36 33 33 33 32 32 32 31 31 30 30 30 30 30 32 32 32 35 35 35 37 37 37 37 37 0 0 0 0 0 0 0 0 0 0
123 123 123 113 113 100 100 100 86 86 86 72 72 68 68 68 65 65 64 64 64 73 73 73 82 82 86 86 86 81 81 81 64 64 48 48 48 42 42 48 48 48 51 51 51 47 47 42 42 42 40 40 39 39 39 38 38 38 36 36 33 33 33 32 32 32 31 31 30 30 30 30 30 32 32 32 35 35 35 37 37 37 37 37 0 0 0 0 0 0 0 0 0 0
123 123 123 118 118 110 110 110 102 102 102 89 89 84 84 84 81 81 79 79 79 87 87 87 92 92 92 92 92 85 85 85 73 73 63 63 63 59 59 61 61 61 61 61 61 52 52 47 47 47 44 44 41 41 41 40 40 40 40 40 41 41 41 42 42 42 41 41 39 39 39 37 37 36 36 36 35 35 35 0 0 0 0 0 0 0 0 0 0 0 0 0 0 0
123 123 123 118 118 110 110 110 102 102 102 89 89 84 84 84 81 81 79 79 79 87 87 87 92 92 92 92 92 85 85 85 73 73 63 63 63 59 59 61 61 61 61 61 61 52 52 47 47 47 44 44 41 41 41 40 40 40 40 40 41 41 41 42 42 42 41 41 39 39 39 37 37 36 36 36 35 35 35 0 0 0 0 0 0 0 0 0 0 0 0 0 0 0
123 123 123 118 118 110 110 110 102 102 102 89 89 84 84 84 81 81 79 79 79 87 87 87 92 92 92 92 92 85 85 85 73 73 63 63 63 59 59 61 61 61 61 61 61 52 52 47 47 47 44 44 41 41 41 40 40 40 40 40 41 41 41 42 42 42 41 41 39 39 39 37 37 36 36 36 35 35 35 0 0 0 0 0 0 0 0 0 0 0 0 0 0 0
121 121 121 117 117 113 113 113 109 109 109 100 100 96 96 96 91 91 85 85 85 87 87 87 87 87 85 85 85 77 77 77 71 71 75 75 75 76 76 69 69 69 58 58 58 48 48 46 46 46 45 45 43 43 43 43 43 43 44 44 46 46 46 48 48 48 45 45 39 39 39 28 28 0 0 0 0 0 0 0 0 0 0 0 0 0 0 0 0 0 0 0 0 0
121 121 121 117 117 113 113 113 109 109 109 100 100 96 96 96 91 91 85 85 85 87 87 87 87 87 85 85 85 77 77 77 71 71 75 75 75 76 76 69 69 69 58 58 58 48 48 46 46 46 45 45 43 43 43 43 43 43 44 44 46 46 46 48 48 48 45 45 39 39 39 28 28 0 0 0 0 0 0 0 0 0 0 0 0 0 0 0 0 0 0 0 0 0
121 121 121 117 117 113 113 113 109 109 109 100 100 96 96 96 91 91 85 85 85 87 87 87 87 87 85 85 85 77 77 77 71 71 75 75 75 76 76 69 69 69 58 58 58 48 48 46 46 46 45 45 43 43 43 43 43 43 44 44 46 46 46 48 48 48 45 45 39 39 39 28 28 0 0 0 0 0 0 0 0 0 0 0 0 0 0 0 0 0 0 0 0 0
118 118 118 116 116 113 113 113 111 111 111 106 106 103 103 103 96 96 87 87 87 85 85 85 79 79 73 73 73 69 69 69 71 71 82 82 82 81 81 64 64 64 50 50 50 45 45 46 46 46 46 46 45 45 45 46 46 46 48 48 47 47 47 42 42 42 31 31 18 18 18 0 0 0 0 0 0 0 0 0 0 0 0 0 0 0 0 0 0 0 0 0 0 0
118 118 118 116 116 113 113 113 111 111 111 106 106 103 103 103 96 96 87 87 87 85 85 85 79 79 73 73 73 69 69 69 71 71 82 82 82 81 81 64 64 64 50 50 50 45 45 46 46 46 46 46 45 45 45 46 46 46 48 48 47 47 47 42 42 42 31 31 18 18 18 0 0 0 0 0 0 0 0 0 0 0 0 0 0 0 0 0 0 0 0 0 0 0
115 115 115 114 114 115 115 115 116 116 116 112 112 109 109 109 101 101 90 90 90 83 83 83 71 71 64 64 64 67 67 67 75 75 81 81 81 74 74 61 61 61 52 52 52 49 49 48 48 48 45 45 41 41 41 37 37 37 35 35 29 29 29 0 0 0 0 0 0 0 0 0 0 0 0 0 0 0 0 0 0 0 0 0 0 0 0 0 0 0 0 0 10 10
115 115 115 114 114 115 115 115 116 116 116 112 112 109 109 109 101 101 90 90 90 83 83 83 71 71 64 64 64 67 67 67 75 75 81 81 81 74 74 61 61 61 52 52 52 49 49 48 48 48 45 45 41 41 41 37 37 37 35 35 29 29 29 0 0 0 0 0 0 0 0 0 0 0 0 0 0 0 0 0 0 0 0 0 0 0 0 0 0 0 0 0 10 10
115 115 115 114 114 115 115 115 116 116 116 112 112 109 109 109 101 101 90 90 90 83 83 83 71 71 64 64 64 67 67 67 75 75 81 81 81 74 74 61 61 61 52 52 52 49 49 48 48 48 45 45 41 41 41 37 37 37 35 35 29 29 29 0 0 0 0 0 0 0 0 0 0 0 0 0 0 0 0 0 0 0 0 0 0 0 0 0 0 0 0 0 10 10
109 109 109 107 107 109 109 109 113 113 113 111 111 107 107 107 98 98 83 83 83 70 70 70 59 59 56 56 56 61 61 61 63 63 60 60 60 57 57 56 56 56 53 53 53 49 49 43 43 43 32 32 20 20 20 0 0 0 10 10 0 0 0 0 0 0 0 0 0 0 0 0 0 0 0 0 0 0 0 0 0 0 0 0 0 0 0 0 0 9 9 9 22 22
109 109 109 107 107 109 109 109 113 113 113 111 111 107 107 107 98 98 83 83 83 70 70 70 59 59 56 56 56 61 61 61 63 63 60 60 60 57 57 56 56 56 53 53 53 49 49 43 43 43 32 32 20 20 20 0 0 0 10 10 0 0 0 0 0 0 0 0 0 0 0 0 0 0 0 0 0 0 0 0 0 0 0 0 0 0 0 0 0 9 9 9 22 22
114 114 114 108 108 109 109 109 114 114 114 114 114 109 109 109 98 98 83 83 83 72 72 72 67 67 64 64 64 60 60 60 53 53 50 50 50 52 52 56 56 56 58 58 58 52 52 37 37 37 20 20 8 8 8 0 0 0 0 0 0 0 0 0 0 0 0 0 0 0 0 2 2 2 2 2 1 1 1 0 0 0 0 0 0 0 2 2 2 12 12 12 19 19
114 114 114 108 108 109 109 109 114 114 114 114 114 109 109 109 98 98 83 83 83 72 72 72 67 67 64 64 64 60 60 60 53 53 50 50 50 52 52 56 56 56 58 58 58 52 52 37 37 37 20 20 8 8 8 0 0 0 0 0 0 0 0 0 0 0 0 0 0 0 0 2 2 2 2 2 1 1 1 0 0 0 0 0 0 0 2 2 2 12 12 12 19 19
114 114 114 108 108 109 109 109 114 114 114 114 114 109 109 109 98 98 83 83 83 72 72 72 67 67 64 64 64 60 60 60 53 53 50 50 50 52 52 56 56 56 58 58 58 52 52 37 37 37 20 20 8 8 8 0 0 0 0 0 0 0 0 0 0 0 0 0 0 0 0 2 2 2 2 2 1 1 1 0 0 0 0 0 0 0 2 2 2 12 12 12 19 19
108 108 108 101 101 101 101 101 102 102 102 100 100 95 95 95 84 84 73 73 73 68 68 68 64 64 58 58 58 51 51 51 44 44 41 41 41 42 42 45 45 45 46 46 46 37 37 21 21 21 9 9 0 0 0 0 0 0 0 0 0 0 0 0 0 0 0 0 2 2 2 5 5 7 7 7 6 6 6 4 4 3 3 3 6 6 11 11 11 15 15 15 17 17
108 108 108 101 101 101 101 101 102 102 102 100 100 95 95 95 84 84 73 73 73 68 68 68 64 64 58 58 58 51 51 51 44 44 41 41 41 42 42 45 45 45 46 46 46 37 37 21 21 21 9 9 0 0 0 0 0 0 0 0 0 0 0 0 0 0 0 0 2 2 2 5 5 7 7 7 6 6 6 4 4 3 3 3 6 6 11 11 11 15 15 15 17 17
108 108 108 101 101 101 101 101 102 102 102 100 100 95 95 95 84 84 73 73 73 68 68 68 64 64 58 58 58 51 51 51 44 44 41 41 41 42 42 45 45 45 46 46 46 37 37 21 21 21 9 9 0 0 0 0 0 0 0 0 0 0 0 0 0 0 0 0 2 2 2 5 5 7 7 7 6 6 6 4 4 3 3 3 6 6 11 11 11 15 15 15 17 17
90 90 90 76 76 71 71 71 72 72 72 73 73 72 72 72 63 63 56 56 56 53 53 53 49 49 46 46 46 42 42 42 38 38 35 35 35 32 32 29 29 29 0 0 0 0 0 8 8 8 4 4 0 0 0 0 0 0 0 0 0 0 0 1 1 1 3 3 5 5 5 6 6 8 8 8 8 8 8 10 10 14 14 14 17 17 18 18 18 18 18 18 19 19
90 90 90 76 76 71 71 71 72 72 72 73 73 72 72 72 63 63 56 56 56 53 53 53 49 49 46 46 46 42 42 42 38 38 35 35 35 32 32 29 29 29 0 0 0 0 0 8 8 8 4 4 0 0 0 0 0 0 0 0 0 0 0 1 1 1 3 3 5 5 5 6 6 8 8 8 8 8 8 10 10 14 14 14 17 17 18 18 18 18 18 18 19 19
83 83 83 62 62 50 50 50 50 50 50 55 55 61 61 61 57 57 48 48 48 44 44 44 45 45 45 45 45 43 43 43 40 40 34 34 34 0 0 0 0 0 0 0 0 0 0 0 0 0 2 2 1 1 1 1 1 1 3 3 6 6 6 8 8 8 9 9 8 8 8 7 7 6 6 6 8 8 8 13 13 19 19 19 24 24 24 24 24 23 23 23 23 23
83 83 83 62 62 50 50 50 50 50 50 55 55 61 61 61 57 57 48 48 48 44 44 44 45 45 45 45 45 43 43 43 40 40 34 34 34 0 0 0 0 0 0 0 0 0 0 0 0 0 2 2 1 1 1 1 1 1 3 3 6 6 6 8 8 8 9 9 8 8 8 7 7 6 6 6 8 8 8 13 13 19 19 19 24 24 24 24 24 23 23 23 23 23
83 83 83 62 62 50 50 50 50 50 50 55 55 61 61 61 57 57 48 48 48 44 44 44 45 45 45 45 45 43 43 43 40 40 34 34 34 0 0 0 0 0 0 0 0 0 0 0 0 0 2 2 1 1 1 1 1 1 3 3 6 6 6 8 8 8 9 9 8 8 8 7 7 6 6 6 8 8 8 13 13 19 19 19 24 24 24 24 24 23 23 23 23 23
81 81 81 57 57 36 36 36 30 30 30 35 35 44 44 44 45 45 39 39 39 36 36 36 38 38 39 39 39 37 37 37 0 0 0 0 0 0 0 0 0 0 0 0 0 0 0 0 0 0 4 4 6 6 6 7 7 7 10 10 12 12 12 14 14 14 13 13 10 10 10 8 8 8 8 8 10 10 10 16 16 23 23 23 28 28 28 28 28 27 27 27 26 26
81 81 81 57 57 36 36 36 30 30 30 35 35 44 44 44 45 45 39 39 39 36 36 36 38 38 39 39 39 37 37 37 0 0 0 0 0 0 0 0 0 0 0 0 0 0 0 0 0 0 4 4 6 6 6 7 7 7 10 10 12 12 12 14 14 14 13 13 10 10 10 8 8 8 8 8 10 10 10 16 16 23 23 23 28 28 28 28 28 27 27 27 26 26
81 81 81 57 57 36 36 36 30 30 30 35 35 44 44 44 45 45 39 39 39 36 36 36 38 38 39 39 39 37 37 37 0 0 0 0 0 0 0 0 0 0 0 0 0 0 0 0 0 0 4 4 6 6 6 7 7 7 10 10 12 12 12 14 14 14 13 13 10 10 10 8 8 8 8 8 10 10 10 16 16 23 23 23 28 28 28 28 28 27 27 27 26 26
