SEB_model/sample_data_files/historical/hillshade/augnoon.txt
ncols         559
nrows         351
xllcorner     388608.08691406
yllcorner     7584381.3441773
cellsize      5
NODATA_value  -9999
[rows 42 to 83 of 351, columns 282 to 375 of 559]
-9999 -9999 -9999 -9999 -9999 -9999 -9999 -9999 -9999 -9999 -9999 -9999 -9999 -9999 -9999 -9999 -9999 206 206 204 204 202 202 202 204 204 206 206 206 205 205 205 201 201 198 198 198 192 192 192 185 185 184 184 184 182 182 178 178 178 177 177 177 174 174 171 171 171 168 168 165 165 165 164 164 164 161 161 159 159 159 158 158 158 156 156 157 157 157 157 157 158 158 158 161 161 161 163 163 166 166 166 169 169
-9999 -9999 -9999 -9999 -9999 -9999 -9999 -9999 -9999 -9999 -9999 -9999 -9999 -9999 -9999 -9999 -9999 -9999 206 204 204 202 202 202 204 204 206 206 206 205 205 205 201 201 198 198 198 192 192 192 185 185 184 184 184 182 182 178 178 178 177 177 177 174 174 171 171 171 168 168 165 165 165 164 164 164 161 161 159 159 159 158 158 158 156 156 157 157 157 157 157 158 158 158 161 161 161 163 163 166 166 166 169 169
-9999 -9999 -9999 -9999 -9999 -9999 -9999 -9999 -9999 -9999 -9999 -9999 -9999 -9999 -9999 -9999 -9999 -9999 -9999 204 204 202 202 202 204 204 206 206 206 205 205 205 201 201 198 198 198 192 192 192 185 185 184 184 184 182 182 178 178 178 177 177 177 174 174 171 171 171 168 168 165 165 165 164 164 164 161 161 159 159 159 158 158 158 156 156 157 157 157 157 157 158 158 158 161 161 161 163 163 166 166 166 169 169
-9999 -9999 -9999 -9999 -9999 -9999 -9999 -9999 -9999 -9999 -9999 -9999 -9999 -9999 -9999 -9999 -9999 -9999 -9999 201 201 198 198 198 198 198 200 200 200 199 199 199 196 196 195 195 195 193 193 193 190 190 188 188 188 185 185 181 181 181 179 179 179 177 177 174 174 174 171 171 167 167 167 165 165 165 163 163 161 161 161 159 159 159 156 156 155 155 155 155 155 154 154 154 158 158 158 161 161 164 164 164 167 167
-9999 -9999 -9999 -9999 -9999 -9999 -9999 -9999 -9999 -9999 -9999 -9999 -9999 -9999 -9999 -9999 -9999 -9999 -9999 -9999 201 198 198 198 198 198 200 200 200 199 199 199 196 196 195 195 195 193 193 193 190 190 188 188 188 185 185 181 181 181 179 179 179 177 177 174 174 174 171 171 167 167 167 165 165 165 163 163 161 161 161 159 159 159 156 156 155 155 155 155 155 154 154 154 158 158 158 161 161 164 164 164 167 167
-9999 -9999 -9999 -9999 -9999 -9999 -9999 -9999 -9999 -9999 -9999 -9999 -9999 -9999 -9999 -9999 -9999 -9999 -9999 -9999 199 193 193 193 191 191 192 192 192 192 192 192 190 190 190 190 190 190 190 190 187 187 185 185 185 182 182 178 178 178 177 177 177 175 175 173 173 173 170 170 167 167 167 165 165 165 162 162 161 161 161 159 159 159 156 156 156 156 156 154 154 152 152 152 154 154 154 156 156 159 159 159 162 162
-9999 -9999 -9999 -9999 -9999 -9999 -9999 -9999 -9999 -9999 -9999 -9999 -9999 -9999 -9999 -9999 -9999 -9999 -9999 -9999 199 193 193 193 191 191 192 192 192 192 192 192 190 190 190 190 190 190 190 190 187 187 185 185 185 182 182 178 178 178 177 177 177 175 175 173 173 173 170 170 167 167 167 165 165 165 162 162 161 161 161 159 159 159 156 156 156 156 156 154 154 152 152 152 154 154 154 156 156 159 159 159 162 162
-9999 -9999 -9999 -9999 -9999 -9999 -9999 -9999 -9999 -9999 -9999 -9999 -9999 209 209 209 205 205 -9999 199 199 193 193 193 191 191 192 192 192 192 192 192 190 190 190 190 190 190 190 190 187 187 185 185 185 182 182 178 178 178 177 177 177 175 175 173 173 173 170 170 167 167 167 165 165 165 162 162 161 161 161 159 159 159 156 156 156 156 156 154 154 152 152 152 154 154 154 156 156 159 159 159 162 162
-9999 -9999 -9999 -9999 -9999 -9999 -9999 -9999 -9999 -9999 -9999 -9999 212 209 209 209 204 204 204 198 198 192 192 192 188 188 188 188 188 189 189 189 188 188 189 189 189 190 190 190 187 187 185 185 185 182 182 178 178 178 176 176 176 174 174 172 172 172 170 170 166 166 166 165 165 165 163 163 161 161 161 160 160 160 158 158 157 157 157 155 155 152 152 152 153 153 153 153 153 155 155 155 157 157
-9999 -9999 -9999 -9999 -9999 -9999 -9999 -9999 -9999 -9999 -9999 212 212 209 209 209 204 204 204 198 198 192 192 192 188 188 188 188 188 189 189 189 188 188 189 189 189 190 190 190 187 187 185 185 185 182 182 178 178 178 176 176 176 174 174 172 172 172 170 170 166 166 166 165 165 165 163 163 161 161 161 160 160 160 158 158 157 157 157 155 155 152 152 152 153 153 153 153 153 155 155 155 157 157
-9999 -9999 -9999 -9999 -9999 -9999 -9999 -9999 -9999 -9999 -9999 212 212 209 209 209 204 204 204 198 198 192 192 192 188 188 188 188 188 189 189 189 188 188 189 189 189 190 190 190 187 187 185 185 185 182 182 178 178 178 176 176 176 174 174 172 172 172 170 170 166 166 166 165 165 165 163 163 161 161 161 160 160 160 158 158 157 157 157 155 155 152 152 152 153 153 153 153 153 155 155 155 157 157
-9999 -9999 -9999 -9999 -9999 -9999 -9999 -9999 -9999 -9999 -9999 211 211 207 207 207 204 204 204 199 199 194 194 194 190 190 189 189 189 191 191 191 191 191 192 192 192 192 192 192 190 190 188 188 188 185 185 180 180 180 178 178 178 175 175 172 172 172 170 170 167 167 167 166 166 166 164 164 162 162 162 161 161 161 159 159 158 158 158 155 155 152 152 152 152 152 152 152 152 152 152 152 153 153
-9999 -9999 -9999 -9999 -9999 -9999 -9999 -9999 -9999 -9999 214 211 211 207 207 207 204 204 204 199 199 194 194 194 190 190 189 189 189 191 191 191 191 191 192 192 192 192 192 192 190 190 188 188 188 185 185 180 180 180 178 178 178 175 175 172 172 172 170 170 167 167 167 166 166 166 164 164 162 162 162 161 161 161 159 159 158 158 158 155 155 152 152 152 152 152 152 152 152 152 152 152 153 153
-9999 -9999 -9999 -9999 -9999 209 211 211 210 210 210 208 208 205 205 205 203 203 203 200 200 197 197 197 192 192 188 188 188 188 188 188 188 188 187 187 187 187 187 187 185 185 184 184 184 181 181 177 177 177 174 174 174 171 171 169 169 169 167 167 165 165 165 164 164 164 163 163 161 161 161 160 160 160 159 159 158 158 158 156 156 154 154 154 153 153 153 152 152 152 152 152 151 151
-9999 -9999 -9999 -9999 -9999 209 211 211 210 210 210 208 208 205 205 205 203 203 203 200 200 197 197 197 192 192 188 188 188 188 188 188 188 188 187 187 187 187 187 187 185 185 184 184 184 181 181 177 177 177 174 174 174 171 171 169 169 169 167 167 165 165 165 164 164 164 163 163 161 161 161 160 160 160 159 159 158 158 158 156 156 154 154 154 153 153 153 152 152 152 152 152 151 151
-9999 -9999 -9999 -9999 -9999 209 211 211 210 210 210 208 208 205 205 205 203 203 203 200 200 197 197 197 192 192 188 188 188 188 188 188 188 188 187 187 187 187 187 187 185 185 184 184 184 181 181 177 177 177 174 174 174 171 171 169 169 169 167 167 165 165 165 164 164 164 163 163 161 161 161 160 160 160 159 159 158 158 158 156 156 154 154 154 153 153 153 152 152 152 152 152 151 151
-9999 -9999 -9999 -9999 -9999 200 204 204 205 205 205 205 205 204 204 204 203 203 203 201 201 199 199 199 196 196 192 192 192 191 191 191 189 189 187 187 187 185 185 185 181 181 179 179 179 177 177 174 174 174 173 173 173 170 170 168 168 168 167 167 164 164 164 164 164 164 162 162 161 161 161 160 160 160 158 158 158 158 158 157 157 155 155 155 155 155 155 153 153 152 152 152 151 151
-9999 -9999 -9999 -9999 -9999 -9999 -9999 204 205 205 205 205 205 204 204 204 203 203 203 201 201 199 199 199 196 196 192 192 192 191 191 191 189 189 187 187 187 185 185 185 181 181 179 179 179 177 177 174 174 174 173 173 173 170 170 168 168 168 167 167 164 164 164 164 164 164 162 162 161 161 161 160 160 160 158 158 158 158 158 157 157 155 155 155 155 155 155 153 153 152 152 152 151 151
-9999 -9999 -9999 -9999 -9999 -9999 -9999 204 205 205 205 205 205 204 204 204 203 203 203 201 201 199 199 199 196 196 192 192 192 191 191 191 189 189 187 187 187 185 185 185 181 181 179 179 179 177 177 174 174 174 173 173 173 170 170 168 168 168 167 167 164 164 164 164 164 164 162 162 161 161 161 160 160 160 158 158 158 158 158 157 157 155 155 155 155 155 155 153 153 152 152 152 151 151
-9999 -9999 -9999 -9999 -9999 -9999 -9999 198 201 201 201 203 203 203 203 203 203 203 203 202 202 201 201 201 198 198 194 194 194 192 192 192 189 189 185 185 185 181 181 181 178 178 176 176 176 175 175 173 173 173 172 172 172 170 170 168 168 168 166 166 164 164 164 163 163 163 161 161 160 160 160 159 159 159 158 158 158 158 158 157 157 155 155 155 155 155 155 154 154 153 153 153 152 152
-9999 -9999 -9999 -9999 -9999 -9999 198 198 201 201 201 203 203 203 203 203 203 203 203 202 202 201 201 201 198 198 194 194 194 192 192 192 189 189 185 185 185 181 181 181 178 178 176 176 176 175 175 173 173 173 172 172 172 170 170 168 168 168 166 166 164 164 164 163 163 163 161 161 160 160 160 159 159 159 158 158 158 158 158 157 157 155 155 155 155 155 155 154 154 153 153 153 152 152
-9999 -9999 -9999 -9999 -9999 198 199 199 201 201 201 203 203 203 203 203 203 203 203 203 203 203 203 203 200 200 196 196 196 192 192 192 187 187 181 181 181 178 178 178 175 175 174 174 174 173 173 172 172 172 172 172 172 170 170 168 168 168 166 166 163 163 163 162 162 162 161 161 160 160 160 159 159 159 158 158 158 158 158 157 157 156 156 156 155 155 155 154 154 154 154 154 154 154
-9999 -9999 -9999 198 198 198 199 199 201 201 201 203 203 203 203 203 203 203 203 203 203 203 203 203 200 200 196 196 196 192 192 192 187 187 181 181 181 178 178 178 175 175 174 174 174 173 173 172 172 172 172 172 172 170 170 168 168 168 166 166 163 163 163 162 162 162 161 161 160 160 160 159 159 159 158 158 158 158 158 157 157 156 156 156 155 155 155 154 154 154 154 154 154 154
199 199 199 198 198 198 199 199 201 201 201 203 203 203 203 203 203 203 203 203 203 203 203 203 200 200 196 196 196 192 192 192 187 187 181 181 181 178 178 178 175 175 174 174 174 173 173 172 172 172 172 172 172 170 170 168 168 168 166 166 163 163 163 162 162 162 161 161 160 160 160 159 159 159 158 158 158 158 158 157 157 156 156 156 155 155 155 154 154 154 154 154 154 154
205 205 205 203 203 203 202 202 202 202 202 203 203 203 203 203 203 203 203 203 203 205 205 205 203 203 197 197 197 190 190 190 184 184 181 181 181 179 179 179 177 177 176 176 176 175 175 173 173 173 173 173 173 171 171 170 170 170 167 167 165 165 165 164 164 164 163 163 161 161 161 160 160 160 158 158 158 158 158 157 157 156 156 156 155 155 155 154 154 154 154 154 154 154
205 205 205 203 203 203 202 202 202 202 202 203 203 203 203 203 203 203 203 203 203 205 205 205 203 203 197 197 197 190 190 190 184 184 181 181 181 179 179 179 177 177 176 176 176 175 175 173 173 173 173 173 173 171 171 170 170 170 167 167 165 165 165 164 164 164 163 163 161 161 161 160 160 160 158 158 158 158 158 157 157 156 156 156 155 155 155 154 154 154 154 154 154 154
209 209 209 207 207 207 206 206 204 204 204 203 203 203 203 203 202 202 202 200 200 198 198 198 193 193 186 186 186 180 180 180 177 177 175 175 175 174 174 174 173 173 172 172 172 171 171 170 170 170 170 170 170 170 170 168 168 168 167 167 164 164 164 164 164 164 162 162 161 161 161 160 160 160 158 158 158 158 158 157 157 155 155 155 155 155 155 154 154 154 154 154 153 153
209 209 209 207 207 207 206 206 204 204 204 203 203 203 203 203 202 202 202 200 200 198 198 198 193 193 186 186 186 180 180 180 177 177 175 175 175 174 174 174 173 173 172 172 172 171 171 170 170 170 170 170 170 170 170 168 168 168 167 167 164 164 164 164 164 164 162 162 161 161 161 160 160 160 158 158 158 158 158 157 157 155 155 155 155 155 155 154 154 154 154 154 153 153
209 209 209 207 207 207 206 206 204 204 204 203 203 203 203 203 202 202 202 200 200 198 198 198 193 193 186 186 186 180 180 180 177 177 175 175 175 174 174 174 173 173 172 172 172 171 171 170 170 170 170 170 170 170 170 168 168 168 167 167 164 164 164 164 164 164 162 162 161 161 161 160 160 160 158 158 158 158 158 157 157 155 155 155 155 155 155 154 154 154 154 154 153 153
209 209 209 208 208 208 207 207 204 204 204 202 202 200 200 200 199 199 199 195 195 189 189 189 183 183 178 178 178 177 177 177 175 175 174 174 174 172 172 172 171 171 170 170 170 169 169 169 169 169 170 170 170 170 170 170 170 170 168 168 166 166 166 164 164 164 163 163 161 161 161 160 160 160 158 158 158 158 158 157 157 155 155 155 155 155 155 154 154 153 153 153 153 153
209 209 209 208 208 208 207 207 204 204 204 202 202 200 200 200 199 199 199 195 195 189 189 189 183 183 178 178 178 177 177 177 175 175 174 174 174 172 172 172 171 171 170 170 170 169 169 169 169 169 170 170 170 170 170 170 170 170 168 168 166 166 166 164 164 164 163 163 161 161 161 160 160 160 158 158 158 158 158 157 157 155 155 155 155 155 155 154 154 153 153 153 153 153
209 209 209 208 208 208 207 207 204 204 204 202 202 200 200 200 199 199 199 195 195 189 189 189 183 183 178 178 178 177 177 177 175 175 174 174 174 172 172 172 171 171 170 170 170 169 169 169 169 169 170 170 170 170 170 170 170 170 168 168 166 166 166 164 164 164 163 163 161 161 161 160 160 160 158 158 158 158 158 157 157 155 155 155 155 155 155 154 154 153 153 153 153 153
205 205 205 202 202 202 198 198 194 194 194 190 190 188 188 188 186 186 186 183 183 179 179 179 176 176 175 175 175 175 175 175 174 174 172 172 172 170 170 170 169 169 168 168 168 167 167 167 167 167 168 168 168 170 170 170 170 170 169 169 167 167 167 164 164 164 162 162 159 159 159 157 157 157 155 155 156 156 156 155 155 154 154 154 155 155 155 154 154 153 153 153 152 152
205 205 205 202 202 202 198 198 194 194 194 190 190 188 188 188 186 186 186 183 183 179 179 179 176 176 175 175 175 175 175 175 174 174 172 172 172 170 170 170 169 169 168 168 168 167 167 167 167 167 168 168 168 170 170 170 170 170 169 169 167 167 167 164 164 164 162 162 159 159 159 157 157 157 155 155 156 156 156 155 155 154 154 154 155 155 155 154 154 153 153 153 152 152
192 192 192 188 188 188 182 182 180 180 180 177 177 173 173 173 171 171 171 169 169 170 170 170 171 171 171 171 171 172 172 172 171 171 170 170 170 169 169 169 167 167 166 166 166 164 164 163 163 163 163 163 163 165 165 166 166 166 167 167 166 166 166 164 164 164 160 160 156 156 156 153 153 153 150 150 150 150 150 149 149 149 149 149 152 152 152 153 153 152 152 152 152 152
192 192 192 188 188 188 182 182 180 180 180 177 177 173 173 173 171 171 171 169 169 170 170 170 171 171 171 171 171 172 172 172 171 171 170 170 170 169 169 169 167 167 166 166 166 164 164 163 163 163 163 163 163 165 165 166 166 166 167 167 166 166 166 164 164 164 160 160 156 156 156 153 153 153 150 150 150 150 150 149 149 149 149 149 152 152 152 153 153 152 152 152 152 152
192 192 192 188 188 188 182 182 180 180 180 177 177 173 173 173 171 171 171 169 169 170 170 170 171 171 171 171 171 172 172 172 171 171 170 170 170 169 169 169 167 167 166 166 166 164 164 163 163 163 163 163 163 165 165 166 166 166 167 167 166 166 166 164 164 164 160 160 156 156 156 153 153 153 150 150 150 150 150 149 149 149 149 149 152 152 152 153 153 152 152 152 152 152
174 174 174 174 174 174 173 173 174 174 174 173 173 168 168 168 165 165 165 163 163 165 165 165 167 167 168 168 168 170 170 170 170 170 170 170 170 169 169 169 168 168 166 166 166 164 164 162 162 162 161 161 161 161 161 163 163 163 165 165 164 164 164 163 163 163 160 160 157 157 157 154 154 154 149 149 147 147 147 144 144 143 143 143 145 145 145 148 148 150 150 150 152 152
174 174 174 174 174 174 173 173 174 174 174 173 173 168 168 168 165 165 165 163 163 165 165 165 167 167 168 168 168 170 170 170 170 170 170 170 170 169 169 169 168 168 166 166 166 164 164 162 162 162 161 161 161 161 161 163 163 163 165 165 164 164 164 163 163 163 160 160 157 157 157 154 154 154 149 149 147 147 147 144 144 143 143 143 145 145 145 148 148 150 150 150 152 152
166 166 166 166 166 166 166 166 168 168 168 167 167 163 163 163 160 160 160 159 159 161 161 161 162 162 163 163 163 164 164 164 164 164 165 165 165 165 165 165 165 165 164 164 164 163 163 160 160 160 158 158 158 157 157 159 159 159 160 160 159 159 159 158 158 158 156 156 154 154 154 152 152 152 148 148 146 146 146 144 144 141 141 141 141 141 141 142 142 145 145 145 150 150
166 166 166 166 166 166 166 166 168 168 168 167 167 163 163 163 160 160 160 159 159 161 161 161 162 162 163 163 163 164 164 164 164 164 165 165 165 165 165 165 165 165 164 164 164 163 163 160 160 160 158 158 158 157 157 159 159 159 160 160 159 159 159 158 158 158 156 156 154 154 154 152 152 152 148 148 146 146 146 144 144 141 141 141 141 141 141 142 142 145 145 145 150 150
166 166 166 166 166 166 166 166 168 168 168 167 167 163 163 163 160 160 160 159 159 161 161 161 162 162 163 163 163 164 164 164 164 164 165 165 165 165 165 165 165 165 164 164 164 163 163 160 160 160 158 158 158 157 157 159 159 159 160 160 159 159 159 158 158 158 156 156 154 154 154 152 152 152 148 148 146 146 146 144 144 141 141 141 141 141 141 142 142 145 145 145 150 150
