SEB_model/sample_data_files/historical/hillshade/july6am.txt
ncols         559
nrows         351
xllcorner     388608.08691406
yllcorner     7584381.3441773
cellsize      5
NODATA_value  -9999
[rows 156 to 194 of 351, columns 264 to 351 of 559]
133 133 133 134 134 123 123 123 123 123 127 127 127 107 107 107 101 101 100 100 100 115 115 115 149 149 158 158 158 158 158 143 143 143 123 123 123 129 129 129 129 129 129 129 145 145 145 142 142 142 140 140 136 136 136 133 133 133 141 141 132 132 132 131 131 144 144 144 141 141 141 93 93 0 0 0 0 0 37 37 37 108 108 108 153 153 171 171
134 134 134 135 135 126 126 126 127 127 128 128 128 101 101 101 90 90 99 99 99 124 124 124 156 156 157 157 157 153 153 143 143 143 128 128 128 133 133 131 131 131 130 130 144 144 144 138 138 138 136 136 136 136 136 136 136 136 143 143 131 131 131 133 133 152 152 152 146 146 146 0 0 0 0 0 0 0 45 45 45 131 131 131 172 172 179 179
134 134 134 135 135 126 126 126 127 127 128 128 128 101 101 101 90 90 99 99 99 124 124 124 156 156 157 157 157 153 153 143 143 143 128 128 128 133 133 131 131 131 130 130 144 144 144 138 138 138 136 136 136 136 136 136 136 136 143 143 131 131 131 133 133 152 152 152 146 146 146 0 0 0 0 0 0 0 45 45 45 131 131 131 172 172 179 179
134 134 134 135 135 126 126 126 127 127 128 128 128 101 101 101 90 90 99 99 99 124 124 124 156 156 157 157 157 153 153 143 143 143 128 128 128 133 133 131 131 131 130 130 144 144 144 138 138 138 136 136 136 136 136 136 136 136 143 143 131 131 131 133 133 152 152 152 146 146 146 0 0 0 0 0 0 0 45 45 45 131 131 131 172 172 179 179
132 132 132 135 135 128 128 128 128 128 126 126 126 97 97 97 89 89 105 105 105 128 128 128 151 151 149 149 149 148 148 145 145 145 138 138 138 141 141 134 134 134 131 131 141 141 141 134 134 134 133 133 133 133 133 133 133 133 142 142 133 133 133 136 136 149 149 149 132 132 132 0 0 0 0 0 0 0 74 74 74 170 170 170 192 192 181 181
132 132 132 135 135 128 128 128 128 128 126 126 126 97 97 97 89 89 105 105 105 128 128 128 151 151 149 149 149 148 148 145 145 145 138 138 138 141 141 134 134 134 131 131 141 141 141 134 134 134 133 133 133 133 133 133 133 133 142 142 133 133 133 136 136 149 149 149 132 132 132 0 0 0 0 0 0 0 74 74 74 170 170 170 192 192 181 181
132 132 132 135 135 128 128 128 128 128 126 126 126 97 97 97 89 89 105 105 105 128 128 128 151 151 149 149 149 148 148 145 145 145 138 138 138 141 141 134 134 134 131 131 141 141 141 134 134 134 133 133 133 133 133 133 133 133 142 142 133 133 133 136 136 149 149 149 132 132 132 0 0 0 0 0 0 0 74 74 74 170 170 170 192 192 181 181
132 132 132 135 135 127 127 127 126 126 121 121 121 97 97 97 97 97 113 113 113 125 125 125 141 141 140 140 140 146 146 147 147 147 147 147 147 152 152 138 138 138 131 131 136 136 136 131 131 131 130 130 127 127 127 127 127 127 139 139 135 135 135 133 133 132 132 132 101 101 101 0 0 0 0 0 3 3 133 133 133 195 195 195 193 193 170 170
132 132 132 135 135 127 127 127 126 126 121 121 121 97 97 97 97 97 113 113 113 125 125 125 141 141 140 140 140 146 146 147 147 147 147 147 147 152 152 138 138 138 131 131 136 136 136 131 131 131 130 130 127 127 127 127 127 127 139 139 135 135 135 133 133 132 132 132 101 101 101 0 0 0 0 0 3 3 133 133 133 195 195 195 193 193 170 170
132 132 132 135 135 123 123 123 118 118 116 116 116 101 101 101 108 108 119 119 119 120 120 120 131 131 134 134 134 143 143 147 147 147 153 153 153 158 158 141 141 141 133 133 134 134 134 129 129 129 126 126 122 122 122 123 123 123 134 134 131 131 131 125 125 116 116 116 85 85 85 0 0 0 0 0 52 52 157 157 157 188 188 188 178 178 154 154
132 132 132 135 135 123 123 123 118 118 116 116 116 101 101 101 108 108 119 119 119 120 120 120 131 131 134 134 134 143 143 147 147 147 153 153 153 158 158 141 141 141 133 133 134 134 134 129 129 129 126 126 122 122 122 123 123 123 134 134 131 131 131 125 125 116 116 116 85 85 85 0 0 0 0 0 52 52 157 157 157 188 188 188 178 178 154 154
132 132 132 135 135 123 123 123 118 118 116 116 116 101 101 101 108 108 119 119 119 120 120 120 131 131 134 134 134 143 143 147 147 147 153 153 153 158 158 141 141 141 133 133 134 134 134 129 129 129 126 126 122 122 122 123 123 123 134 134 131 131 131 125 125 116 116 116 85 85 85 0 0 0 0 0 52 52 157 157 157 188 188 188 178 178 154 154
133 133 133 132 132 115 115 115 109 109 113 113 113 106 106 106 114 114 120 120 120 116 116 116 125 125 126 126 126 136 136 143 143 143 148 148 148 148 148 136 136 136 134 134 134 134 134 127 127 127 121 121 118 118 118 120 120 120 127 127 123 123 123 118 118 115 115 115 99 99 99 74 74 58 58 58 98 98 154 154 154 171 171 171 159 159 141 141
133 133 133 132 132 115 115 115 109 109 113 113 113 106 106 106 114 114 120 120 120 116 116 116 125 125 126 126 126 136 136 143 143 143 148 148 148 148 148 136 136 136 134 134 134 134 134 127 127 127 121 121 118 118 118 120 120 120 127 127 123 123 123 118 118 115 115 115 99 99 99 74 74 58 58 58 98 98 154 154 154 171 171 171 159 159 141 141
129 129 129 124 124 106 106 106 102 102 112 112 112 110 110 110 115 115 118 118 118 116 116 116 124 124 122 122 122 130 130 136 136 136 135 135 135 140 140 139 139 139 141 141 140 140 140 130 130 130 122 122 119 119 119 120 120 120 125 125 122 122 122 120 120 124 124 124 120 120 120 114 114 112 112 112 129 129 148 148 148 150 150 150 142 142 133 133
129 129 129 124 124 106 106 106 102 102 112 112 112 110 110 110 115 115 118 118 118 116 116 116 124 124 122 122 122 130 130 136 136 136 135 135 135 140 140 139 139 139 141 141 140 140 140 130 130 130 122 122 119 119 119 120 120 120 125 125 122 122 122 120 120 124 124 124 120 120 120 114 114 112 112 112 129 129 148 148 148 150 150 150 142 142 133 133
129 129 129 124 124 106 106 106 102 102 112 112 112 110 110 110 115 115 118 118 118 116 116 116 124 124 122 122 122 130 130 136 136 136 135 135 135 140 140 139 139 139 141 141 140 140 140 130 130 130 122 122 119 119 119 120 120 120 125 125 122 122 122 120 120 124 124 124 120 120 120 114 114 112 112 112 129 129 148 148 148 150 150 150 142 142 133 133
124 124 124 120 120 104 104 104 101 101 110 110 110 108 108 108 114 114 117 117 117 118 118 118 127 127 123 123 123 125 125 122 122 122 121 121 121 138 138 145 145 145 145 145 143 143 143 132 132 132 127 127 123 123 123 122 122 122 125 125 124 124 124 125 125 130 130 130 129 129 129 132 132 134 134 134 137 137 142 142 142 136 136 136 132 132 132 132
124 124 124 120 120 104 104 104 101 101 110 110 110 108 108 108 114 114 117 117 117 118 118 118 127 127 123 123 123 125 125 122 122 122 121 121 121 138 138 145 145 145 145 145 143 143 143 132 132 132 127 127 123 123 123 122 122 122 125 125 124 124 124 125 125 130 130 130 129 129 129 132 132 134 134 134 137 137 142 142 142 136 136 136 132 132 132 132
124 124 124 120 120 104 104 104 101 101 110 110 110 108 108 108 114 114 117 117 117 118 118 118 127 127 123 123 123 125 125 122 122 122 121 121 121 138 138 145 145 145 145 145 143 143 143 132 132 132 127 127 123 123 123 122 122 122 125 125 124 124 124 125 125 130 130 130 129 129 129 132 132 134 134 134 137 137 142 142 142 136 136 136 132 132 132 132
119 119 119 120 120 110 110 110 106 106 108 108 108 102 102 102 109 109 115 115 115 121 121 121 132 132 130 130 130 121 121 110 110 110 115 115 115 136 136 143 143 143 143 143 142 142 142 134 134 134 131 131 127 127 127 125 125 125 128 128 125 125 125 127 127 132 132 132 131 131 131 134 134 136 136 136 137 137 140 140 140 133 133 133 131 131 132 132
119 119 119 120 120 110 110 110 106 106 108 108 108 102 102 102 109 109 115 115 115 121 121 121 132 132 130 130 130 121 121 110 110 110 115 115 115 136 136 143 143 143 143 143 142 142 142 134 134 134 131 131 127 127 127 125 125 125 128 128 125 125 125 127 127 132 132 132 131 131 131 134 134 136 136 136 137 137 140 140 140 133 133 133 131 131 132 132
117 117 117 126 126 119 119 119 116 116 111 111 111 98 98 98 102 102 111 111 111 121 121 121 134 134 135 135 135 120 120 109 109 109 116 116 116 131 131 135 135 135 134 134 138 138 138 134 134 134 132 132 129 129 129 125 125 125 128 128 124 124 124 125 125 129 129 129 128 128 128 131 131 134 134 134 138 138 144 144 144 138 138 138 133 133 131 131
117 117 117 126 126 119 119 119 116 116 111 111 111 98 98 98 102 102 111 111 111 121 121 121 134 134 135 135 135 120 120 109 109 109 116 116 116 131 131 135 135 135 134 134 138 138 138 134 134 134 132 132 129 129 129 125 125 125 128 128 124 124 124 125 125 129 129 129 128 128 128 131 131 134 134 134 138 138 144 144 144 138 138 138 133 133 131 131
117 117 117 126 126 119 119 119 116 116 111 111 111 98 98 98 102 102 111 111 111 121 121 121 134 134 135 135 135 120 120 109 109 109 116 116 116 131 131 135 135 135 134 134 138 138 138 134 134 134 132 132 129 129 129 125 125 125 128 128 124 124 124 125 125 129 129 129 128 128 128 131 131 134 134 134 138 138 144 144 144 138 138 138 133 133 131 131
119 119 119 131 131 127 127 127 125 125 119 119 119 104 104 104 102 102 106 106 106 116 116 116 132 132 137 137 137 125 125 117 117 117 121 121 121 127 127 125 125 125 121 121 127 127 127 128 128 128 130 130 127 127 127 124 124 124 127 127 123 123 123 122 122 127 127 127 126 126 126 128 128 130 130 130 135 135 144 144 144 141 141 141 137 137 133 133
119 119 119 131 131 127 127 127 125 125 119 119 119 104 104 104 102 102 106 106 106 116 116 116 132 132 137 137 137 125 125 117 117 117 121 121 121 127 127 125 125 125 121 121 127 127 127 128 128 128 130 130 127 127 127 124 124 124 127 127 123 123 123 122 122 127 127 127 126 126 126 128 128 130 130 130 135 135 144 144 144 141 141 141 137 137 133 133
119 119 119 131 131 127 127 127 125 125 119 119 119 104 104 104 102 102 106 106 106 116 116 116 132 132 137 137 137 125 125 117 117 117 121 121 121 127 127 125 125 125 121 121 127 127 127 128 128 128 130 130 127 127 127 124 124 124 127 127 123 123 123 122 122 127 127 127 126 126 126 128 128 130 130 130 135 135 144 144 144 141 141 141 137 137 133 133
124 124 124 136 136 133 133 133 131 131 128 128 128 112 112 112 104 104 101 101 101 108 108 108 130 130 139 139 139 130 130 126 126 126 123 123 123 124 124 115 115 115 107 107 113 113 113 118 118 118 124 124 124 124 124 123 123 123 128 128 124 124 124 123 123 126 126 126 124 124 124 125 125 128 128 128 133 133 142 142 142 141 141 141 140 140 138 138
124 124 124 136 136 133 133 133 131 131 128 128 128 112 112 112 104 104 101 101 101 108 108 108 130 130 139 139 139 130 130 126 126 126 123 123 123 124 124 115 115 115 107 107 113 113 113 118 118 118 124 124 124 124 124 123 123 123 128 128 124 124 124 123 123 126 126 126 124 124 124 125 125 128 128 128 133 133 142 142 142 141 141 141 140 140 138 138
130 130 130 142 142 137 137 137 136 136 135 135 135 117 117 117 101 101 93 93 93 106 106 106 138 138 144 144 144 134 134 130 130 130 123 123 123 117 117 104 104 104 96 96 104 104 104 110 110 110 117 117 118 118 118 120 120 120 127 127 125 125 125 124 124 127 127 127 124 124 124 124 124 126 126 126 129 129 137 137 137 137 137 137 140 140 140 140
130 130 130 142 142 137 137 137 136 136 135 135 135 117 117 117 101 101 93 93 93 106 106 106 138 138 144 144 144 134 134 130 130 130 123 123 123 117 117 104 104 104 96 96 104 104 104 110 110 110 117 117 118 118 118 120 120 120 127 127 125 125 125 124 124 127 127 127 124 124 124 124 124 126 126 126 129 129 137 137 137 137 137 137 140 140 140 140
130 130 130 142 142 137 137 137 136 136 135 135 135 117 117 117 101 101 93 93 93 106 106 106 138 138 144 144 144 134 134 130 130 130 123 123 123 117 117 104 104 104 96 96 104 104 104 110 110 110 117 117 118 118 118 120 120 120 127 127 125 125 125 124 124 127 127 127 124 124 124 124 124 126 126 126 129 129 137 137 137 137 137 137 140 140 140 140
138 138 138 147 147 140 140 140 137 137 139 139 139 119 119 119 92 92 83 83 83 110 110 110 150 150 150 150 150 136 136 131 131 131 120 120 120 108 108 92 92 92 89 89 102 102 102 108 108 108 112 112 113 113 113 115 115 115 124 124 123 123 123 125 125 130 130 130 127 127 127 126 126 127 127 127 126 126 130 130 130 131 131 131 136 136 138 138
138 138 138 147 147 140 140 140 137 137 139 139 139 119 119 119 92 92 83 83 83 110 110 110 150 150 150 150 150 136 136 131 131 131 120 120 120 108 108 92 92 92 89 89 102 102 102 108 108 108 112 112 113 113 113 115 115 115 124 124 123 123 123 125 125 130 130 130 127 127 127 126 126 127 127 127 126 126 130 130 130 131 131 131 136 136 138 138
142 142 142 148 148 137 137 137 134 134 139 139 139 116 116 116 84 84 80 80 80 117 117 117 154 154 146 146 146 130 130 125 125 125 111 111 111 96 96 83 83 83 88 88 105 105 105 109 109 109 110 110 112 112 112 115 115 115 121 121 121 121 121 125 125 132 132 132 130 130 130 129 129 128 128 128 126 126 128 128 128 128 128 128 131 131 134 134
142 142 142 148 148 137 137 137 134 134 139 139 139 116 116 116 84 84 80 80 80 117 117 117 154 154 146 146 146 130 130 125 125 125 111 111 111 96 96 83 83 83 88 88 105 105 105 109 109 109 110 110 112 112 112 115 115 115 121 121 121 121 121 125 125 132 132 132 130 130 130 129 129 128 128 128 126 126 128 128 128 128 128 128 131 131 134 134
142 142 142 148 148 137 137 137 134 134 139 139 139 116 116 116 84 84 80 80 80 117 117 117 154 154 146 146 146 130 130 125 125 125 111 111 111 96 96 83 83 83 88 88 105 105 105 109 109 109 110 110 112 112 112 115 115 115 121 121 121 121 121 125 125 132 132 132 130 130 130 129 129 128 128 128 126 126 128 128 128 128 128 128 131 131 134 134
143 143 143 149 149 133 133 133 127 127 133 133 133 110 110 110 84 84 87 87 87 121 121 121 146 146 130 130 130 116 116 112 112 112 99 99 99 87 87 81 81 81 93 93 109 109 109 111 111 111 112 112 116 116 116 119 119 119 123 123 121 121 121 125 125 132 132 132 130 130 130 129 129 128 128 128 127 127 129 129 129 128 128 128 129 129 129 129
