SEB_model/sample_data_files/historical/hillshade/july6pm.txt
ncols         559
nrows         351
xllcorner     388608.08691406
yllcorner     7584381.3441773
cellsize      5
NODATA_value  -9999
[rows 129 to 171 of 351, columns 384 to 479 of 559]
45 45 45 42 42 42 40 40 49 49 49 44 44 33 33 33 43 43 43 47 47 52 52 52 52 52 52 40 40 41 41 41 34 34 27 27 27 26 26 26 22 22 36 36 36 39 39 31 31 31 41 41 41 40 40 36 36 36 37 37 37 30 30 42 42 42 41 41 33 33 33 25 25 25 10 10 25 25 25 32 32 33 33 33 49 49 49 50 50 49 49 49 47 47 47 41
45 45 45 42 42 42 40 40 49 49 49 44 44 33 33 33 43 43 43 47 47 52 52 52 52 52 52 40 40 41 41 41 34 34 27 27 27 26 26 26 22 22 36 36 36 39 39 31 31 31 41 41 41 40 40 36 36 36 37 37 37 30 30 42 42 42 41 41 33 33 33 25 25 25 10 10 25 25 25 32 32 33 33 33 49 49 49 50 50 49 49 49 47 47 47 41
45 45 45 42 42 42 40 40 50 50 50 47 47 35 35 35 46 46 46 51 51 54 54 54 51 51 51 34 34 34 34 34 27 27 23 23 23 26 26 26 26 26 42 42 42 42 42 32 32 32 42 42 42 39 39 36 36 36 37 37 37 28 28 40 40 40 39 39 35 35 35 29 29 29 12 12 25 25 25 33 33 32 32 32 47 47 47 45 45 45 45 45 47 47 47 42
45 45 45 42 42 42 40 40 50 50 50 47 47 35 35 35 46 46 46 51 51 54 54 54 51 51 51 34 34 34 34 34 27 27 23 23 23 26 26 26 26 26 42 42 42 42 42 32 32 32 42 42 42 39 39 36 36 36 37 37 37 28 28 40 40 40 39 39 35 35 35 29 29 29 12 12 25 25 25 33 33 32 32 32 47 47 47 45 45 45 45 45 47 47 47 42
45 45 45 42 42 42 40 40 50 50 50 47 47 35 35 35 46 46 46 51 51 54 54 54 51 51 51 34 34 34 34 34 27 27 23 23 23 26 26 26 26 26 42 42 42 42 42 32 32 32 42 42 42 39 39 36 36 36 37 37 37 28 28 40 40 40 39 39 35 35 35 29 29 29 12 12 25 25 25 33 33 32 32 32 47 47 47 45 45 45 45 45 47 47 47 42
49 49 49 43 43 43 40 40 53 53 53 48 48 36 36 36 49 49 49 53 53 52 52 52 42 42 42 23 23 24 24 24 21 21 23 23 23 31 31 31 34 34 47 47 47 45 45 33 33 33 44 44 44 42 42 38 38 38 37 37 37 27 27 39 39 39 39 39 36 36 36 32 32 32 18 18 32 32 32 39 39 35 35 35 45 45 45 37 37 34 34 34 43 43 43 41
49 49 49 43 43 43 40 40 53 53 53 48 48 36 36 36 49 49 49 53 53 52 52 52 42 42 42 23 23 24 24 24 21 21 23 23 23 31 31 31 34 34 47 47 47 45 45 33 33 33 44 44 44 42 42 38 38 38 37 37 37 27 27 39 39 39 39 39 36 36 36 32 32 32 18 18 32 32 32 39 39 35 35 35 45 45 45 37 37 34 34 34 43 43 43 41
54 54 54 46 46 46 43 43 56 56 56 50 50 38 38 38 51 51 51 51 51 44 44 44 29 29 29 12 12 20 20 20 24 24 32 32 32 42 42 42 43 43 51 51 51 46 46 34 34 34 44 44 44 43 43 38 38 38 36 36 36 27 27 39 39 39 39 39 39 39 39 38 38 38 25 25 38 38 38 43 43 35 35 35 42 42 42 31 31 25 25 25 32 32 32 35
54 54 54 46 46 46 43 43 56 56 56 50 50 38 38 38 51 51 51 51 51 44 44 44 29 29 29 12 12 20 20 20 24 24 32 32 32 42 42 42 43 43 51 51 51 46 46 34 34 34 44 44 44 43 43 38 38 38 36 36 36 27 27 39 39 39 39 39 39 39 39 38 38 38 25 25 38 38 38 43 43 35 35 35 42 42 42 31 31 25 25 25 32 32 32 35
54 54 54 46 46 46 43 43 56 56 56 50 50 38 38 38 51 51 51 51 51 44 44 44 29 29 29 12 12 20 20 20 24 24 32 32 32 42 42 42 43 43 51 51 51 46 46 34 34 34 44 44 44 43 43 38 38 38 36 36 36 27 27 39 39 39 39 39 39 39 39 38 38 38 25 25 38 38 38 43 43 35 35 35 42 42 42 31 31 25 25 25 32 32 32 35
59 59 59 53 53 53 49 49 61 61 61 52 52 40 40 40 51 51 51 44 44 33 33 33 18 18 18 0 0 24 24 24 35 35 47 47 47 52 52 52 47 47 52 52 52 43 43 31 31 31 43 43 43 42 42 39 39 39 37 37 37 29 29 41 41 41 42 42 44 44 44 44 44 44 30 30 39 39 39 41 41 31 31 31 37 37 37 30 30 24 24 24 24 24 24 26
59 59 59 53 53 53 49 49 61 61 61 52 52 40 40 40 51 51 51 44 44 33 33 33 18 18 18 0 0 24 24 24 35 35 47 47 47 52 52 52 47 47 52 52 52 43 43 31 31 31 43 43 43 42 42 39 39 39 37 37 37 29 29 41 41 41 42 42 44 44 44 44 44 44 30 30 39 39 39 41 41 31 31 31 37 37 37 30 30 24 24 24 24 24 24 26
59 59 59 53 53 53 49 49 61 61 61 52 52 40 40 40 51 51 51 44 44 33 33 33 18 18 18 0 0 24 24 24 35 35 47 47 47 52 52 52 47 47 52 52 52 43 43 31 31 31 43 43 43 42 42 39 39 39 37 37 37 29 29 41 41 41 42 42 44 44 44 44 44 44 30 30 39 39 39 41 41 31 31 31 37 37 37 30 30 24 24 24 24 24 24 26
66 66 66 63 63 63 58 58 63 63 63 52 52 39 39 39 45 45 45 35 35 23 23 23 14 14 14 0 0 33 33 33 47 47 55 55 55 54 54 54 44 44 47 47 47 38 38 29 29 29 43 43 43 43 43 41 41 41 40 40 40 33 33 45 45 45 46 46 48 48 48 47 47 47 30 30 36 36 36 37 37 27 27 27 35 35 35 31 31 27 27 27 24 24 24 20
66 66 66 63 63 63 58 58 63 63 63 52 52 39 39 39 45 45 45 35 35 23 23 23 14 14 14 0 0 33 33 33 47 47 55 55 55 54 54 54 44 44 47 47 47 38 38 29 29 29 43 43 43 43 43 41 41 41 40 40 40 33 33 45 45 45 46 46 48 48 48 47 47 47 30 30 36 36 36 37 37 27 27 27 35 35 35 31 31 27 27 27 24 24 24 20
74 74 74 70 70 70 61 61 58 58 58 45 45 32 32 32 36 36 36 27 27 18 18 18 15 15 15 18 18 42 42 42 51 51 53 53 53 50 50 50 39 39 42 42 42 36 36 30 30 30 47 47 47 47 47 44 44 44 41 41 41 34 34 47 47 47 46 46 47 47 47 44 44 44 27 27 33 33 33 35 35 26 26 26 35 35 35 33 33 29 29 29 26 26 26 18
74 74 74 70 70 70 61 61 58 58 58 45 45 32 32 32 36 36 36 27 27 18 18 18 15 15 15 18 18 42 42 42 51 51 53 53 53 50 50 50 39 39 42 42 42 36 36 30 30 30 47 47 47 47 47 44 44 44 41 41 41 34 34 47 47 47 46 46 47 47 47 44 44 44 27 27 33 33 33 35 35 26 26 26 35 35 35 33 33 29 29 29 26 26 26 18
74 74 74 70 70 70 61 61 58 58 58 45 45 32 32 32 36 36 36 27 27 18 18 18 15 15 15 18 18 42 42 42 51 51 53 53 53 50 50 50 39 39 42 42 42 36 36 30 30 30 47 47 47 47 47 44 44 44 41 41 41 34 34 47 47 47 46 46 47 47 47 44 44 44 27 27 33 33 33 35 35 26 26 26 35 35 35 33 33 29 29 29 26 26 26 18
79 79 79 70 70 70 56 56 47 47 47 34 34 23 23 23 28 28 28 23 23 18 18 18 21 21 21 26 26 44 44 44 46 46 45 45 45 46 46 46 37 37 40 40 40 36 36 33 33 33 49 49 49 47 47 42 42 42 40 40 40 34 34 47 47 47 44 44 43 43 43 41 41 41 27 27 36 36 36 37 37 28 28 28 36 36 36 34 34 31 31 31 29 29 29 21
79 79 79 70 70 70 56 56 47 47 47 34 34 23 23 23 28 28 28 23 23 18 18 18 21 21 21 26 26 44 44 44 46 46 45 45 45 46 46 46 37 37 40 40 40 36 36 33 33 33 49 49 49 47 47 42 42 42 40 40 40 34 34 47 47 47 44 44 43 43 43 41 41 41 27 27 36 36 36 37 37 28 28 28 36 36 36 34 34 31 31 31 29 29 29 21
78 78 78 63 63 63 46 46 34 34 34 24 24 16 16 16 25 25 25 24 24 25 25 25 30 30 30 31 31 40 40 40 38 38 39 39 39 45 45 45 38 38 40 40 40 37 37 34 34 34 48 48 48 44 44 39 39 39 40 40 40 36 36 46 46 46 42 42 41 41 41 42 42 42 31 31 41 41 41 40 40 29 29 29 35 35 35 33 33 33 33 33 31 31 31 23
78 78 78 63 63 63 46 46 34 34 34 24 24 16 16 16 25 25 25 24 24 25 25 25 30 30 30 31 31 40 40 40 38 38 39 39 39 45 45 45 38 38 40 40 40 37 37 34 34 34 48 48 48 44 44 39 39 39 40 40 40 36 36 46 46 46 42 42 41 41 41 42 42 42 31 31 41 41 41 40 40 29 29 29 35 35 35 33 33 33 33 33 31 31 31 23
78 78 78 63 63 63 46 46 34 34 34 24 24 16 16 16 25 25 25 24 24 25 25 25 30 30 30 31 31 40 40 40 38 38 39 39 39 45 45 45 38 38 40 40 40 37 37 34 34 34 48 48 48 44 44 39 39 39 40 40 40 36 36 46 46 46 42 42 41 41 41 42 42 42 31 31 41 41 41 40 40 29 29 29 35 35 35 33 33 33 33 33 31 31 31 23
70 70 70 52 52 52 35 35 26 26 26 20 20 16 16 16 30 30 30 34 34 34 34 34 35 35 35 30 30 35 35 35 32 32 35 35 35 46 46 46 40 40 40 40 40 37 37 32 32 32 44 44 44 41 41 39 39 39 43 43 43 39 39 46 46 46 41 41 42 42 42 46 46 46 36 36 44 44 44 41 41 28 28 28 32 32 32 31 31 33 33 33 32 32 32 23
70 70 70 52 52 52 35 35 26 26 26 20 20 16 16 16 30 30 30 34 34 34 34 34 35 35 35 30 30 35 35 35 32 32 35 35 35 46 46 46 40 40 40 40 40 37 37 32 32 32 44 44 44 41 41 39 39 39 43 43 43 39 39 46 46 46 41 41 42 42 42 46 46 46 36 36 44 44 44 41 41 28 28 28 32 32 32 31 31 33 33 33 32 32 32 23
70 70 70 52 52 52 35 35 26 26 26 20 20 16 16 16 30 30 30 34 34 34 34 34 35 35 35 30 30 35 35 35 32 32 35 35 35 46 46 46 40 40 40 40 40 37 37 32 32 32 44 44 44 41 41 39 39 39 43 43 43 39 39 46 46 46 41 41 42 42 42 46 46 46 36 36 44 44 44 41 41 28 28 28 32 32 32 31 31 33 33 33 32 32 32 23
55 55 55 38 38 38 23 23 21 21 21 22 22 21 21 21 38 38 38 39 39 34 34 34 31 31 31 26 26 32 32 32 28 28 34 34 34 48 48 48 41 41 40 40 40 37 37 33 33 33 44 44 44 43 43 42 42 42 48 48 48 42 42 45 45 45 41 41 45 45 45 50 50 50 37 37 42 42 42 38 38 24 24 24 29 29 29 30 30 33 33 33 32 32 32 24
55 55 55 38 38 38 23 23 21 21 21 22 22 21 21 21 38 38 38 39 39 34 34 34 31 31 31 26 26 32 32 32 28 28 34 34 34 48 48 48 41 41 40 40 40 37 37 33 33 33 44 44 44 43 43 42 42 42 48 48 48 42 42 45 45 45 41 41 45 45 45 50 50 50 37 37 42 42 42 38 38 24 24 24 29 29 29 30 30 33 33 33 32 32 32 24
33 33 33 24 24 24 13 13 19 19 19 25 25 24 24 24 36 36 36 32 32 27 27 27 28 28 28 26 26 34 34 34 29 29 38 38 38 52 52 52 44 44 41 41 41 40 40 36 36 36 47 47 47 46 46 46 46 46 50 50 50 42 42 44 44 44 43 43 48 48 48 51 51 51 35 35 38 38 38 35 35 22 22 22 29 29 29 30 30 32 32 32 33 33 33 32
33 33 33 24 24 24 13 13 19 19 19 25 25 24 24 24 36 36 36 32 32 27 27 27 28 28 28 26 26 34 34 34 29 29 38 38 38 52 52 52 44 44 41 41 41 40 40 36 36 36 47 47 47 46 46 46 46 46 50 50 50 42 42 44 44 44 43 43 48 48 48 51 51 51 35 35 38 38 38 35 35 22 22 22 29 29 29 30 30 32 32 32 33 33 33 32
33 33 33 24 24 24 13 13 19 19 19 25 25 24 24 24 36 36 36 32 32 27 27 27 28 28 28 26 26 34 34 34 29 29 38 38 38 52 52 52 44 44 41 41 41 40 40 36 36 36 47 47 47 46 46 46 46 46 50 50 50 42 42 44 44 44 43 43 48 48 48 51 51 51 35 35 38 38 38 35 35 22 22 22 29 29 29 30 30 32 32 32 33 33 33 32
10 10 10 11 11 11 6 6 18 18 18 25 25 22 22 22 29 29 29 24 24 25 25 25 30 30 30 30 30 35 35 35 31 31 43 43 43 55 55 55 44 44 43 43 43 44 44 39 39 39 47 47 47 46 46 44 44 44 49 49 49 40 40 43 43 43 44 44 48 48 48 47 47 47 29 29 33 33 33 31 31 21 21 21 29 29 29 31 31 35 35 35 40 40 40 41
10 10 10 11 11 11 6 6 18 18 18 25 25 22 22 22 29 29 29 24 24 25 25 25 30 30 30 30 30 35 35 35 31 31 43 43 43 55 55 55 44 44 43 43 43 44 44 39 39 39 47 47 47 46 46 44 44 44 49 49 49 40 40 43 43 43 44 44 48 48 48 47 47 47 29 29 33 33 33 31 31 21 21 21 29 29 29 31 31 35 35 35 40 40 40 41
10 10 10 11 11 11 6 6 18 18 18 25 25 22 22 22 29 29 29 24 24 25 25 25 30 30 30 30 30 35 35 35 31 31 43 43 43 55 55 55 44 44 43 43 43 44 44 39 39 39 47 47 47 46 46 44 44 44 49 49 49 40 40 43 43 43 44 44 48 48 48 47 47 47 29 29 33 33 33 31 31 21 21 21 29 29 29 31 31 35 35 35 40 40 40 41
0 0 0 0 0 0 12 12 25 25 25 28 28 22 22 22 27 27 27 23 23 30 30 30 37 37 37 32 32 37 37 37 36 36 47 47 47 54 54 54 41 41 43 43 43 47 47 40 40 40 45 45 45 43 43 41 41 41 47 47 47 38 38 41 41 41 41 41 43 43 43 42 42 42 24 24 30 30 30 29 29 20 20 20 31 31 31 37 37 44 44 44 49 49 49 46
0 0 0 0 0 0 12 12 25 25 25 28 28 22 22 22 27 27 27 23 23 30 30 30 37 37 37 32 32 37 37 37 36 36 47 47 47 54 54 54 41 41 43 43 43 47 47 40 40 40 45 45 45 43 43 41 41 41 47 47 47 38 38 41 41 41 41 41 43 43 43 42 42 42 24 24 30 30 30 29 29 20 20 20 31 31 31 37 37 44 44 44 49 49 49 46
0 0 0 28 28 28 28 28 36 36 36 35 35 29 29 29 32 32 32 30 30 36 36 36 38 38 38 29 29 38 38 38 40 40 47 47 47 48 48 48 35 35 42 42 42 48 48 40 40 40 45 45 45 42 42 40 40 40 47 47 47 38 38 39 39 39 38 38 40 40 40 39 39 39 23 23 29 29 29 32 32 27 27 27 40 40 40 48 48 52 52 52 53 53 53 45
0 0 0 28 28 28 28 28 36 36 36 35 35 29 29 29 32 32 32 30 30 36 36 36 38 38 38 29 29 38 38 38 40 40 47 47 47 48 48 48 35 35 42 42 42 48 48 40 40 40 45 45 45 42 42 40 40 40 47 47 47 38 38 39 39 39 38 38 40 40 40 39 39 39 23 23 29 29 29 32 32 27 27 27 40 40 40 48 48 52 52 52 53 53 53 45
0 0 0 28 28 28 28 28 36 36 36 35 35 29 29 29 32 32 32 30 30 36 36 36 38 38 38 29 29 38 38 38 40 40 47 47 47 48 48 48 35 35 42 42 42 48 48 40 40 40 45 45 45 42 42 40 40 40 47 47 47 38 38 39 39 39 38 38 40 40 40 39 39 39 23 23 29 29 29 32 32 27 27 27 40 40 40 48 48 52 52 52 53 53 53 45
39 39 39 39 39 39 34 34 40 40 40 41 41 36 36 36 38 38 38 34 34 33 33 33 29 29 29 23 23 36 36 36 38 38 43 43 43 43 43 43 30 30 40 40 40 45 45 39 39 39 45 45 45 43 43 41 41 41 47 47 47 38 38 36 36 36 36 36 39 39 39 37 37 37 23 23 34 34 34 41 41 41 41 41 51 51 51 54 54 56 56 56 54 54 54 42
39 39 39 39 39 39 34 34 40 40 40 41 41 36 36 36 38 38 38 34 34 33 33 33 29 29 29 23 23 36 36 36 38 38 43 43 43 43 43 43 30 30 40 40 40 45 45 39 39 39 45 45 45 43 43 41 41 41 47 47 47 38 38 36 36 36 36 36 39 39 39 37 37 37 23 23 34 34 34 41 41 41 41 41 51 51 51 54 54 56 56 56 54 54 54 42
44 44 44 38 38 38 31 31 40 40 40 43 43 38 38 38 39 39 39 33 33 29 29 29 24 24 24 20 20 31 31 31 32 32 38 38 38 39 39 39 27 27 36 36 36 40 40 36 36 36 44 44 44 43 43 43 43 43 47 47 47 37 37 36 36 36 38 38 41 41 41 39 39 39 32 32 45 45 45 53 53 51 51 51 55 55 55 56 56 58 58 58 54 54 54 38
44 44 44 38 38 38 31 31 40 40 40 43 43 38 38 38 39 39 39 33 33 29 29 29 24 24 24 20 20 31 31 31 32 32 38 38 38 39 39 39 27 27 36 36 36 40 40 36 36 36 44 44 44 43 43 43 43 43 47 47 47 37 37 36 36 36 38 38 41 41 41 39 39 39 32 32 45 45 45 53 53 51 51 51 55 55 55 56 56 58 58 58 54 54 54 38
