SEB_model/sample_data_files/historical/hillshade/july6pm.txt
ncols         559
nrows         351
xllcorner     388608.08691406
yllcorner     7584381.3441773
cellsize      5
NODATA_value  -9999
[rows 129 to 171 of 351, columns 96 to 191 of 559]
38 37 37 42 42 42 53 53 64 64 64 65 65 65 61 61 60 60 60 53 53 41 41 41 38 38 38 37 37 36 36 36 44 44 44 58 58 69 69 69 74 74 75 75 75 71 71 71 69 69 69 69 69 64 64 57 57 57 51 51 51 45 45 42 42 42 41 41 41 46 46 58 58 58 58 58 51 51 51 51 51 51 51 51 51 51 51 51 51 48 48 48 54 54 54 51
38 37 37 42 42 42 53 53 64 64 64 65 65 65 61 61 60 60 60 53 53 41 41 41 38 38 38 37 37 36 36 36 44 44 44 58 58 69 69 69 74 74 75 75 75 71 71 71 69 69 69 69 69 64 64 57 57 57 51 51 51 45 45 42 42 42 41 41 41 46 46 58 58 58 58 58 51 51 51 51 51 51 51 51 51 51 51 51 51 48 48 48 54 54 54 51
41 41 41 43 43 43 49 49 58 58 58 61 61 61 59 59 60 60 60 54 54 47 47 47 45 45 45 43 43 40 40 40 48 48 48 62 62 68 68 68 70 70 70 70 70 69 69 69 67 67 66 66 66 62 62 57 57 57 54 54 54 49 49 46 46 46 44 44 44 45 45 53 53 53 52 52 47 47 47 51 51 51 53 53 54 54 54 55 55 52 52 52 54 54 54 49
41 41 41 43 43 43 49 49 58 58 58 61 61 61 59 59 60 60 60 54 54 47 47 47 45 45 45 43 43 40 40 40 48 48 48 62 62 68 68 68 70 70 70 70 70 69 69 69 67 67 66 66 66 62 62 57 57 57 54 54 54 49 49 46 46 46 44 44 44 45 45 53 53 53 52 52 47 47 47 51 51 51 53 53 54 54 54 55 55 52 52 52 54 54 54 49
41 41 41 43 43 43 49 49 58 58 58 61 61 61 59 59 60 60 60 54 54 47 47 47 45 45 45 43 43 40 40 40 48 48 48 62 62 68 68 68 70 70 70 70 70 69 69 69 67 67 66 66 66 62 62 57 57 57 54 54 54 49 49 46 46 46 44 44 44 45 45 53 53 53 52 52 47 47 47 51 51 51 53 53 54 54 54 55 55 52 52 52 54 54 54 49
43 42 42 44 44 44 48 48 53 53 53 57 57 57 59 59 60 60 60 57 57 52 52 52 49 49 49 46 46 43 43 43 47 47 47 58 58 65 65 65 67 67 68 68 68 67 67 67 66 66 65 65 65 63 63 59 59 59 57 57 57 52 52 48 48 48 45 45 45 41 41 46 46 46 46 46 44 44 44 51 51 51 56 56 58 58 58 57 57 46 46 46 33 33 33 14
43 42 42 44 44 44 48 48 53 53 53 57 57 57 59 59 60 60 60 57 57 52 52 52 49 49 49 46 46 43 43 43 47 47 47 58 58 65 65 65 67 67 68 68 68 67 67 67 66 66 65 65 65 63 63 59 59 59 57 57 57 52 52 48 48 48 45 45 45 41 41 46 46 46 46 46 44 44 44 51 51 51 56 56 58 58 58 57 57 46 46 46 33 33 33 14
45 44 44 45 45 45 47 47 51 51 51 55 55 55 58 58 59 59 59 57 57 55 55 55 52 52 52 50 50 47 47 47 46 46 46 52 52 61 61 61 65 65 67 67 67 66 66 66 65 65 66 66 66 65 65 62 62 62 60 60 60 54 54 48 48 48 44 44 44 38 38 42 42 42 42 42 43 43 43 53 53 53 59 59 61 61 61 58 58 32 32 32 0 0 0 0
45 44 44 45 45 45 47 47 51 51 51 55 55 55 58 58 59 59 59 57 57 55 55 55 52 52 52 50 50 47 47 47 46 46 46 52 52 61 61 61 65 65 67 67 67 66 66 66 65 65 66 66 66 65 65 62 62 62 60 60 60 54 54 48 48 48 44 44 44 38 38 42 42 42 42 42 43 43 43 53 53 53 59 59 61 61 61 58 58 32 32 32 0 0 0 0
45 44 44 45 45 45 47 47 51 51 51 55 55 55 58 58 59 59 59 57 57 55 55 55 52 52 52 50 50 47 47 47 46 46 46 52 52 61 61 61 65 65 67 67 67 66 66 66 65 65 66 66 66 65 65 62 62 62 60 60 60 54 54 48 48 48 44 44 44 38 38 42 42 42 42 42 43 43 43 53 53 53 59 59 61 61 61 58 58 32 32 32 0 0 0 0
48 46 46 45 45 45 46 46 50 50 50 54 54 54 56 56 57 57 57 56 56 55 55 55 55 55 55 54 54 51 51 51 47 47 47 47 47 55 55 55 62 62 64 64 64 65 65 65 65 65 67 67 67 67 67 64 64 64 61 61 61 54 54 47 47 47 43 43 43 37 37 41 41 41 41 41 42 42 42 54 54 54 61 61 63 63 63 59 59 24 24 24 0 0 0 0
48 46 46 45 45 45 46 46 50 50 50 54 54 54 56 56 57 57 57 56 56 55 55 55 55 55 55 54 54 51 51 51 47 47 47 47 47 55 55 55 62 62 64 64 64 65 65 65 65 65 67 67 67 67 67 64 64 64 61 61 61 54 54 47 47 47 43 43 43 37 37 41 41 41 41 41 42 42 42 54 54 54 61 61 63 63 63 59 59 24 24 24 0 0 0 0
48 46 46 45 45 45 46 46 50 50 50 54 54 54 56 56 57 57 57 56 56 55 55 55 55 55 55 54 54 51 51 51 47 47 47 47 47 55 55 55 62 62 64 64 64 65 65 65 65 65 67 67 67 67 67 64 64 64 61 61 61 54 54 47 47 47 43 43 43 37 37 41 41 41 41 41 42 42 42 54 54 54 61 61 63 63 63 59 59 24 24 24 0 0 0 0
50 48 48 46 46 46 46 46 49 49 49 52 52 52 54 54 55 55 55 55 55 56 56 56 57 57 57 57 57 55 55 55 50 50 50 46 46 50 50 50 57 57 60 60 60 64 64 64 65 65 67 67 67 67 67 64 64 64 62 62 62 53 53 47 47 47 42 42 42 38 38 42 42 42 42 42 42 42 42 53 53 53 61 61 63 63 63 59 59 28 28 28 0 0 0 0
50 48 48 46 46 46 46 46 49 49 49 52 52 52 54 54 55 55 55 55 55 56 56 56 57 57 57 57 57 55 55 55 50 50 50 46 46 50 50 50 57 57 60 60 60 64 64 64 65 65 67 67 67 67 67 64 64 64 62 62 62 53 53 47 47 47 42 42 42 38 38 42 42 42 42 42 42 42 42 53 53 53 61 61 63 63 63 59 59 28 28 28 0 0 0 0
52 49 49 47 47 47 46 46 48 48 48 50 50 50 51 51 53 53 53 55 55 57 57 57 59 59 59 59 59 57 57 57 52 52 52 48 48 49 49 49 53 53 58 58 58 62 62 62 64 64 67 67 67 67 67 64 64 64 61 61 61 53 53 47 47 47 44 44 44 41 41 45 45 45 46 46 44 44 44 52 52 52 60 60 62 62 62 59 59 36 36 36 0 0 0 0
52 49 49 47 47 47 46 46 48 48 48 50 50 50 51 51 53 53 53 55 55 57 57 57 59 59 59 59 59 57 57 57 52 52 52 48 48 49 49 49 53 53 58 58 58 62 62 62 64 64 67 67 67 67 67 64 64 64 61 61 61 53 53 47 47 47 44 44 44 41 41 45 45 45 46 46 44 44 44 52 52 52 60 60 62 62 62 59 59 36 36 36 0 0 0 0
52 49 49 47 47 47 46 46 48 48 48 50 50 50 51 51 53 53 53 55 55 57 57 57 59 59 59 59 59 57 57 57 52 52 52 48 48 49 49 49 53 53 58 58 58 62 62 62 64 64 67 67 67 67 67 64 64 64 61 61 61 53 53 47 47 47 44 44 44 41 41 45 45 45 46 46 44 44 44 52 52 52 60 60 62 62 62 59 59 36 36 36 0 0 0 0
52 50 50 48 48 48 47 47 47 47 47 47 47 47 48 48 51 51 51 55 55 58 58 58 59 59 59 60 60 58 58 58 55 55 55 52 52 53 53 53 55 55 58 58 58 59 59 59 60 60 64 64 64 65 65 62 62 62 60 60 60 54 54 51 51 51 49 49 49 46 46 50 50 50 50 50 47 47 47 52 52 52 56 56 58 58 58 55 55 32 32 32 0 0 0 0
52 50 50 48 48 48 47 47 47 47 47 47 47 47 48 48 51 51 51 55 55 58 58 58 59 59 59 60 60 58 58 58 55 55 55 52 52 53 53 53 55 55 58 58 58 59 59 59 60 60 64 64 64 65 65 62 62 62 60 60 60 54 54 51 51 51 49 49 49 46 46 50 50 50 50 50 47 47 47 52 52 52 56 56 58 58 58 55 55 32 32 32 0 0 0 0
52 51 51 50 50 50 49 49 47 47 47 45 45 45 45 45 49 49 49 54 54 58 58 58 60 60 60 61 61 60 60 60 58 58 58 56 56 58 58 58 57 57 58 58 58 58 58 58 56 56 60 60 60 60 60 57 57 57 58 58 58 56 56 55 55 55 54 54 54 51 51 55 55 55 53 53 49 49 49 51 51 51 51 51 51 51 51 44 44 16 16 16 0 0 0 0
52 51 51 50 50 50 49 49 47 47 47 45 45 45 45 45 49 49 49 54 54 58 58 58 60 60 60 61 61 60 60 60 58 58 58 56 56 58 58 58 57 57 58 58 58 58 58 58 56 56 60 60 60 60 60 57 57 57 58 58 58 56 56 55 55 55 54 54 54 51 51 55 55 55 53 53 49 49 49 51 51 51 51 51 51 51 51 44 44 16 16 16 0 0 0 0
52 51 51 50 50 50 49 49 47 47 47 45 45 45 45 45 49 49 49 54 54 58 58 58 60 60 60 61 61 60 60 60 58 58 58 56 56 58 58 58 57 57 58 58 58 58 58 58 56 56 60 60 60 60 60 57 57 57 58 58 58 56 56 55 55 55 54 54 54 51 51 55 55 55 53 53 49 49 49 51 51 51 51 51 51 51 51 44 44 16 16 16 0 0 0 0
52 52 52 52 52 52 51 51 48 48 48 45 45 45 44 44 48 48 48 55 55 59 59 59 62 62 62 63 63 61 61 61 59 59 59 58 58 61 61 61 60 60 60 60 60 60 60 60 56 56 58 58 58 56 56 52 52 52 56 56 56 57 57 58 58 58 58 58 58 56 56 58 58 58 57 57 52 52 52 52 52 52 48 48 42 42 42 29 29 0 0 0 0 0 0 0
52 52 52 52 52 52 51 51 48 48 48 45 45 45 44 44 48 48 48 55 55 59 59 59 62 62 62 63 63 61 61 61 59 59 59 58 58 61 61 61 60 60 60 60 60 60 60 60 56 56 58 58 58 56 56 52 52 52 56 56 56 57 57 58 58 58 58 58 58 56 56 58 58 58 57 57 52 52 52 52 52 52 48 48 42 42 42 29 29 0 0 0 0 0 0 0
52 52 52 52 52 52 51 51 48 48 48 45 45 45 44 44 48 48 48 55 55 59 59 59 62 62 62 63 63 61 61 61 59 59 59 58 58 61 61 61 60 60 60 60 60 60 60 60 56 56 58 58 58 56 56 52 52 52 56 56 56 57 57 58 58 58 58 58 58 56 56 58 58 58 57 57 52 52 52 52 52 52 48 48 42 42 42 29 29 0 0 0 0 0 0 0
53 55 55 56 56 56 55 55 51 51 51 47 47 47 44 44 49 49 49 57 57 61 61 61 67 67 67 66 66 63 63 63 60 60 60 57 57 61 61 61 62 62 62 62 62 63 63 63 59 59 60 60 60 57 57 50 50 50 53 53 53 55 55 58 58 58 61 61 61 59 59 62 62 62 62 62 57 57 57 56 56 56 46 46 35 35 35 16 16 0 0 0 0 0 0 0
53 55 55 56 56 56 55 55 51 51 51 47 47 47 44 44 49 49 49 57 57 61 61 61 67 67 67 66 66 63 63 63 60 60 60 57 57 61 61 61 62 62 62 62 62 63 63 63 59 59 60 60 60 57 57 50 50 50 53 53 53 55 55 58 58 58 61 61 61 59 59 62 62 62 62 62 57 57 57 56 56 56 46 46 35 35 35 16 16 0 0 0 0 0 0 0
56 59 59 63 63 63 60 60 55 55 55 50 50 50 44 44 48 48 48 57 57 63 63 63 71 71 71 67 67 63 63 63 59 59 59 54 54 58 58 58 60 60 62 62 62 63 63 63 60 60 61 61 61 57 57 50 50 50 52 52 52 54 54 58 58 58 61 61 61 58 58 63 63 63 64 64 61 61 61 59 59 59 45 45 31 31 31 10 10 0 0 0 0 0 0 0
56 59 59 63 63 63 60 60 55 55 55 50 50 50 44 44 48 48 48 57 57 63 63 63 71 71 71 67 67 63 63 63 59 59 59 54 54 58 58 58 60 60 62 62 62 63 63 63 60 60 61 61 61 57 57 50 50 50 52 52 52 54 54 58 58 58 61 61 61 58 58 63 63 63 64 64 61 61 61 59 59 59 45 45 31 31 31 10 10 0 0 0 0 0 0 0
56 59 59 63 63 63 60 60 55 55 55 50 50 50 44 44 48 48 48 57 57 63 63 63 71 71 71 67 67 63 63 63 59 59 59 54 54 58 58 58 60 60 62 62 62 63 63 63 60 60 61 61 61 57 57 50 50 50 52 52 52 54 54 58 58 58 61 61 61 58 58 63 63 63 64 64 61 61 61 59 59 59 45 45 31 31 31 10 10 0 0 0 0 0 0 0
60 63 63 68 68 68 64 64 57 57 57 52 52 52 44 44 48 48 48 57 57 66 66 66 72 72 72 66 66 60 60 60 56 56 56 51 51 55 55 55 59 59 63 63 63 64 64 64 60 60 60 60 60 56 56 49 49 49 52 52 52 55 55 61 61 61 63 63 63 59 59 63 63 63 65 65 63 63 63 60 60 60 47 47 32 32 32 9 9 0 0 0 0 0 0 0
60 63 63 68 68 68 64 64 57 57 57 52 52 52 44 44 48 48 48 57 57 66 66 66 72 72 72 66 66 60 60 60 56 56 56 51 51 55 55 55 59 59 63 63 63 64 64 64 60 60 60 60 60 56 56 49 49 49 52 52 52 55 55 61 61 61 63 63 63 59 59 63 63 63 65 65 63 63 63 60 60 60 47 47 32 32 32 9 9 0 0 0 0 0 0 0
60 63 63 68 68 68 64 64 57 57 57 52 52 52 44 44 48 48 48 57 57 66 66 66 72 72 72 66 66 60 60 60 56 56 56 51 51 55 55 55 59 59 63 63 63 64 64 64 60 60 60 60 60 56 56 49 49 49 52 52 52 55 55 61 61 61 63 63 63 59 59 63 63 63 65 65 63 63 63 60 60 60 47 47 32 32 32 9 9 0 0 0 0 0 0 0
64 67 67 70 70 70 64 64 58 58 58 53 53 53 45 45 50 50 50 59 59 65 65 65 69 69 69 62 62 56 56 56 52 52 52 47 47 54 54 54 61 61 66 66 66 66 66 66 58 58 58 58 58 53 53 46 46 46 50 50 50 57 57 64 64 64 67 67 67 60 60 62 62 62 63 63 59 59 59 56 56 56 47 47 33 33 33 10 10 0 0 0 0 0 0 0
64 67 67 70 70 70 64 64 58 58 58 53 53 53 45 45 50 50 50 59 59 65 65 65 69 69 69 62 62 56 56 56 52 52 52 47 47 54 54 54 61 61 66 66 66 66 66 66 58 58 58 58 58 53 53 46 46 46 50 50 50 57 57 64 64 64 67 67 67 60 60 62 62 62 63 63 59 59 59 56 56 56 47 47 33 33 33 10 10 0 0 0 0 0 0 0
65 70 70 71 71 71 65 65 59 59 59 55 55 55 49 49 53 53 53 59 59 60 60 60 62 62 62 56 56 51 51 51 48 48 48 45 45 55 55 55 64 64 70 70 70 67 67 67 58 58 57 57 57 52 52 44 44 44 49 49 49 57 57 64 64 64 65 65 65 58 58 59 59 59 58 58 51 51 51 48 48 48 43 43 34 34 34 13 13 0 0 0 0 0 0 0
65 70 70 71 71 71 65 65 59 59 59 55 55 55 49 49 53 53 53 59 59 60 60 60 62 62 62 56 56 51 51 51 48 48 48 45 45 55 55 55 64 64 70 70 70 67 67 67 58 58 57 57 57 52 52 44 44 44 49 49 49 57 57 64 64 64 65 65 65 58 58 59 59 59 58 58 51 51 51 48 48 48 43 43 34 34 34 13 13 0 0 0 0 0 0 0
65 70 70 71 71 71 65 65 59 59 59 55 55 55 49 49 53 53 53 59 59 60 60 60 62 62 62 56 56 51 51 51 48 48 48 45 45 55 55 55 64 64 70 70 70 67 67 67 58 58 57 57 57 52 52 44 44 44 49 49 49 57 57 64 64 64 65 65 65 58 58 59 59 59 58 58 51 51 51 48 48 48 43 43 34 34 34 13 13 0 0 0 0 0 0 0
62 70 70 73 73 73 68 68 63 63 63 59 59 59 54 54 56 56 56 56 56 52 52 52 53 53 53 51 51 48 48 48 47 47 47 47 47 59 59 59 68 68 72 72 72 69 69 69 59 59 57 57 57 53 53 46 46 46 50 50 50 54 54 59 59 59 58 58 58 51 51 54 54 54 52 52 41 41 41 39 39 39 40 40 36 36 36 20 20 6 6 6 0 0 0 0
62 70 70 73 73 73 68 68 63 63 63 59 59 59 54 54 56 56 56 56 56 52 52 52 53 53 53 51 51 48 48 48 47 47 47 47 47 59 59 59 68 68 72 72 72 69 69 69 59 59 57 57 57 53 53 46 46 46 50 50 50 54 54 59 59 59 58 58 58 51 51 54 54 54 52 52 41 41 41 39 39 39 40 40 36 36 36 20 20 6 6 6 0 0 0 0
61 67 67 71 71 71 68 68 64 64 64 61 61 61 58 58 58 58 58 52 52 45 45 45 45 45 45 45 45 44 44 44 46 46 46 49 49 60 60 60 68 68 71 71 71 68 68 68 60 60 58 58 58 55 55 47 47 47 49 49 49 50 50 52 52 52 50 50 50 43 43 47 47 47 42 42 28 28 28 31 31 31 38 38 38 38 38 23 23 0 0 0 0 0 0 0
61 67 67 71 71 71 68 68 64 64 64 61 61 61 58 58 58 58 58 52 52 45 45 45 45 45 45 45 45 44 44 44 46 46 46 49 49 60 60 60 68 68 71 71 71 68 68 68 60 60 58 58 58 55 55 47 47 47 49 49 49 50 50 52 52 52 50 50 50 43 43 47 47 47 42 42 28 28 28 31 31 31 38 38 38 38 38 23 23 0 0 0 0 0 0 0
