SEB_model/sample_data_files/historical/hillshade/julynoon.txt
ncols         559
nrows         351
xllcorner     388608.08691406
yllcorner     7584381.3441773
cellsize      5
NODATA_value  -9999
[rows 120 to 159 of 351, columns 180 to 269 of 559]
201 201 201 199 199 196 196 196 194 194 194 192 192 191 191 191 193 193 193 193 193 197 197 197 202 202 200 200 200 200 200 200 199 199 189 189 189 162 162 162 148 148 149 149 149 144 144 131 131 131 122 122 122 126 126 139 139 139 147 147 142 142 142 136 136 136 138 138 158 158 158 175 175 175 175 175 164 164 164 152 152 147 147 147 149 149 149 152 152 157
195 195 195 194 194 190 190 190 186 186 186 182 182 176 176 176 173 173 173 177 177 190 190 190 195 195 191 191 191 190 190 190 170 170 133 133 133 111 111 111 112 112 123 123 123 129 129 132 132 132 141 141 141 150 150 155 155 155 148 148 133 133 133 127 127 127 136 136 151 151 151 161 161 161 161 161 159 159 159 156 156 154 154 154 156 156 156 155 155 150
195 195 195 194 194 190 190 190 186 186 186 182 182 176 176 176 173 173 173 177 177 190 190 190 195 195 191 191 191 190 190 190 170 170 133 133 133 111 111 111 112 112 123 123 123 129 129 132 132 132 141 141 141 150 150 155 155 155 148 148 133 133 133 127 127 127 136 136 151 151 151 161 161 161 161 161 159 159 159 156 156 154 154 154 156 156 156 155 155 150
187 187 187 185 185 182 182 182 177 177 177 170 170 164 164 164 164 164 164 172 172 183 183 183 182 182 174 174 174 163 163 163 127 127 101 101 101 102 102 102 112 112 121 121 121 123 123 125 125 125 132 132 132 139 139 143 143 143 137 137 131 131 131 137 137 137 149 149 156 156 156 158 158 158 157 157 160 160 160 161 161 160 160 160 157 157 157 152 152 143
187 187 187 185 185 182 182 182 177 177 177 170 170 164 164 164 164 164 164 172 172 183 183 183 182 182 174 174 174 163 163 163 127 127 101 101 101 102 102 102 112 112 121 121 121 123 123 125 125 125 132 132 132 139 139 143 143 143 137 137 131 131 131 137 137 137 149 149 156 156 156 158 158 158 157 157 160 160 160 161 161 160 160 160 157 157 157 152 152 143
187 187 187 185 185 182 182 182 177 177 177 170 170 164 164 164 164 164 164 172 172 183 183 183 182 182 174 174 174 163 163 163 127 127 101 101 101 102 102 102 112 112 121 121 121 123 123 125 125 125 132 132 132 139 139 143 143 143 137 137 131 131 131 137 137 137 149 149 156 156 156 158 158 158 157 157 160 160 160 161 161 160 160 160 157 157 157 152 152 143
181 181 181 180 180 177 177 177 174 174 174 169 169 166 166 166 169 169 169 174 174 178 178 178 173 173 157 157 157 131 131 131 108 108 111 111 111 127 127 127 133 133 135 135 135 132 132 132 132 132 136 136 136 136 136 136 136 136 136 136 141 141 141 152 152 152 158 158 158 158 158 158 158 158 158 158 161 161 161 162 162 156 156 156 147 147 147 141 141 143
181 181 181 180 180 177 177 177 174 174 174 169 169 166 166 166 169 169 169 174 174 178 178 178 173 173 157 157 157 131 131 131 108 108 111 111 111 127 127 127 133 133 135 135 135 132 132 132 132 132 136 136 136 136 136 136 136 136 136 136 141 141 141 152 152 152 158 158 158 158 158 158 158 158 158 158 161 161 161 162 162 156 156 156 147 147 147 141 141 143
181 181 181 180 180 177 177 177 174 174 174 169 169 166 166 166 169 169 169 174 174 178 178 178 173 173 157 157 157 131 131 131 108 108 111 111 111 127 127 127 133 133 135 135 135 132 132 132 132 132 136 136 136 136 136 136 136 136 136 136 141 141 141 152 152 152 158 158 158 158 158 158 158 158 158 158 161 161 161 162 162 156 156 156 147 147 147 141 141 143
176 176 176 174 174 172 172 172 172 172 172 171 171 170 170 170 171 171 171 171 171 172 172 172 168 168 148 148 148 125 125 125 124 124 141 141 141 155 155 155 157 157 158 158 158 157 157 155 155 155 151 151 151 144 144 143 143 143 145 145 149 149 149 155 155 155 157 157 155 155 155 154 154 154 155 155 159 159 159 161 161 152 152 152 142 142 142 140 140 154
176 176 176 174 174 172 172 172 172 172 172 171 171 170 170 170 171 171 171 171 171 172 172 172 168 168 148 148 148 125 125 125 124 124 141 141 141 155 155 155 157 157 158 158 158 157 157 155 155 155 151 151 151 144 144 143 143 143 145 145 149 149 149 155 155 155 157 157 155 155 155 154 154 154 155 155 159 159 159 161 161 152 152 152 142 142 142 140 140 154
170 170 170 168 168 166 166 166 166 166 166 169 169 175 175 175 181 181 181 182 182 188 188 188 181 181 153 153 153 136 136 136 144 144 157 157 157 162 162 162 159 159 161 161 161 164 164 164 164 164 160 160 160 153 153 152 152 152 152 152 150 150 150 151 151 151 150 150 150 150 150 152 152 152 155 155 160 160 160 161 161 157 157 157 151 151 151 151 151 160
170 170 170 168 168 166 166 166 166 166 166 169 169 175 175 175 181 181 181 182 182 188 188 188 181 181 153 153 153 136 136 136 144 144 157 157 157 162 162 162 159 159 161 161 161 164 164 164 164 164 160 160 160 153 153 152 152 152 152 152 150 150 150 151 151 151 150 150 150 150 150 152 152 152 155 155 160 160 160 161 161 157 157 157 151 151 151 151 151 160
170 170 170 168 168 166 166 166 166 166 166 169 169 175 175 175 181 181 181 182 182 188 188 188 181 181 153 153 153 136 136 136 144 144 157 157 157 162 162 162 159 159 161 161 161 164 164 164 164 164 160 160 160 153 153 152 152 152 152 152 150 150 150 151 151 151 150 150 150 150 150 152 152 152 155 155 160 160 160 161 161 157 157 157 151 151 151 151 151 160
165 165 165 164 164 167 167 167 183 183 183 204 204 217 217 217 217 217 217 212 212 210 210 210 183 183 151 151 151 146 146 146 155 155 161 161 161 160 160 160 154 154 154 154 154 157 157 158 158 158 154 154 154 149 149 151 151 151 155 155 155 155 155 155 155 155 153 153 154 154 154 158 158 158 160 160 162 162 162 166 166 168 168 168 169 169 169 167 167 168
165 165 165 164 164 167 167 167 183 183 183 204 204 217 217 217 217 217 217 212 212 210 210 210 183 183 151 151 151 146 146 146 155 155 161 161 161 160 160 160 154 154 154 154 154 157 157 158 158 158 154 154 154 149 149 151 151 151 155 155 155 155 155 155 155 155 153 153 154 154 154 158 158 158 160 160 162 162 162 166 166 168 168 168 169 169 169 167 167 168
158 158 158 157 157 161 161 161 175 175 175 194 194 205 205 205 207 207 207 198 198 170 170 170 132 132 128 128 128 145 145 145 159 159 162 162 162 158 158 158 150 150 147 147 147 146 146 143 143 143 141 141 141 142 142 153 153 153 163 163 161 161 161 158 158 158 157 157 161 161 161 166 166 166 164 164 164 164 164 166 166 169 169 169 170 170 170 169 169 171
158 158 158 157 157 161 161 161 175 175 175 194 194 205 205 205 207 207 207 198 198 170 170 170 132 132 128 128 128 145 145 145 159 159 162 162 162 158 158 158 150 150 147 147 147 146 146 143 143 143 141 141 141 142 142 153 153 153 163 163 161 161 161 158 158 158 157 157 161 161 161 166 166 166 164 164 164 164 164 166 166 169 169 169 170 170 170 169 169 171
158 158 158 157 157 161 161 161 175 175 175 194 194 205 205 205 207 207 207 198 198 170 170 170 132 132 128 128 128 145 145 145 159 159 162 162 162 158 158 158 150 150 147 147 147 146 146 143 143 143 141 141 141 142 142 153 153 153 163 163 161 161 161 158 158 158 157 157 161 161 161 166 166 166 164 164 164 164 164 166 166 169 169 169 170 170 170 169 169 171
151 151 151 151 151 148 148 148 145 145 145 149 149 154 154 154 140 140 140 103 103 76 76 76 83 83 115 115 115 144 144 144 156 156 156 156 156 152 152 152 146 146 145 145 145 146 146 147 147 147 149 149 149 148 148 153 153 153 154 154 148 148 148 146 146 146 151 151 160 160 160 166 166 166 161 161 158 158 158 160 160 164 164 164 167 167 167 165 165 162
151 151 151 151 151 148 148 148 145 145 145 149 149 154 154 154 140 140 140 103 103 76 76 76 83 83 115 115 115 144 144 144 156 156 156 156 156 152 152 152 146 146 145 145 145 146 146 147 147 147 149 149 149 148 148 153 153 153 154 154 148 148 148 146 146 146 151 151 160 160 160 166 166 166 161 161 158 158 158 160 160 164 164 164 167 167 167 165 165 162
151 151 151 151 151 148 148 148 145 145 145 149 149 154 154 154 140 140 140 103 103 76 76 76 83 83 115 115 115 144 144 144 156 156 156 156 156 152 152 152 146 146 145 145 145 146 146 147 147 147 149 149 149 148 148 153 153 153 154 154 148 148 148 146 146 146 151 151 160 160 160 166 166 166 161 161 158 158 158 160 160 164 164 164 167 167 167 165 165 162
145 145 145 145 145 137 137 137 118 118 118 103 103 96 96 96 77 77 77 56 56 62 62 62 97 97 133 133 133 151 151 151 154 154 150 150 150 147 147 147 146 146 148 148 148 149 149 149 149 149 149 149 149 146 146 144 144 144 140 140 134 134 134 139 139 139 148 148 158 158 158 162 162 162 158 158 155 155 155 155 155 159 159 159 162 162 162 158 158 152
145 145 145 145 145 137 137 137 118 118 118 103 103 96 96 96 77 77 77 56 56 62 62 62 97 97 133 133 133 151 151 151 154 154 150 150 150 147 147 147 146 146 148 148 148 149 149 149 149 149 149 149 149 146 146 144 144 144 140 140 134 134 134 139 139 139 148 148 158 158 158 162 162 162 158 158 155 155 155 155 155 159 159 159 162 162 162 158 158 152
139 139 139 140 140 135 135 135 119 119 119 103 103 108 108 108 118 118 118 123 123 139 139 139 156 156 160 160 160 158 158 158 152 152 148 148 148 148 148 148 150 150 153 153 153 152 152 150 150 150 148 148 148 143 143 139 139 139 136 136 136 136 136 146 146 146 152 152 157 157 157 159 159 159 157 157 157 157 157 158 158 158 158 158 155 155 155 150 150 144
139 139 139 140 140 135 135 135 119 119 119 103 103 108 108 108 118 118 118 123 123 139 139 139 156 156 160 160 160 158 158 158 152 152 148 148 148 148 148 148 150 150 153 153 153 152 152 150 150 150 148 148 148 143 143 139 139 139 136 136 136 136 136 146 146 146 152 152 157 157 157 159 159 159 157 157 157 157 157 158 158 158 158 158 155 155 155 150 150 144
139 139 139 140 140 135 135 135 119 119 119 103 103 108 108 108 118 118 118 123 123 139 139 139 156 156 160 160 160 158 158 158 152 152 148 148 148 148 148 148 150 150 153 153 153 152 152 150 150 150 148 148 148 143 143 139 139 139 136 136 136 136 136 146 146 146 152 152 157 157 157 159 159 159 157 157 157 157 157 158 158 158 158 158 155 155 155 150 150 144
133 133 133 138 138 144 144 144 146 146 146 145 145 167 167 167 196 196 196 204 204 202 202 202 190 190 174 174 174 165 165 165 159 159 156 156 156 154 154 154 152 152 153 153 153 152 152 150 150 150 148 148 148 142 142 141 141 141 144 144 150 150 150 156 156 156 154 154 151 151 151 153 153 153 158 158 161 161 161 158 158 153 153 153 148 148 148 144 144 143
133 133 133 138 138 144 144 144 146 146 146 145 145 167 167 167 196 196 196 204 204 202 202 202 190 190 174 174 174 165 165 165 159 159 156 156 156 154 154 154 152 152 153 153 153 152 152 150 150 150 148 148 148 142 142 141 141 141 144 144 150 150 150 156 156 156 154 154 151 151 151 153 153 153 158 158 161 161 161 158 158 153 153 153 148 148 148 144 144 143
130 130 130 139 139 147 147 147 149 149 149 144 144 154 154 154 179 179 179 193 193 191 191 191 178 178 163 163 163 160 160 160 161 161 159 159 159 155 155 155 150 150 150 150 150 150 150 151 151 151 149 149 149 146 146 150 150 150 157 157 160 160 160 158 158 158 149 149 145 145 145 152 152 152 160 160 161 161 161 154 154 147 147 147 146 146 146 147 147 149
130 130 130 139 139 147 147 147 149 149 149 144 144 154 154 154 179 179 179 193 193 191 191 191 178 178 163 163 163 160 160 160 161 161 159 159 159 155 155 155 150 150 150 150 150 150 150 151 151 151 149 149 149 146 146 150 150 150 157 157 160 160 160 158 158 158 149 149 145 145 145 152 152 152 160 160 161 161 161 154 154 147 147 147 146 146 146 147 147 149
130 130 130 139 139 147 147 147 149 149 149 144 144 154 154 154 179 179 179 193 193 191 191 191 178 178 163 163 163 160 160 160 161 161 159 159 159 155 155 155 150 150 150 150 150 150 150 151 151 151 149 149 149 146 146 150 150 150 157 157 160 160 160 158 158 158 149 149 145 145 145 152 152 152 160 160 161 161 161 154 154 147 147 147 146 146 146 147 147 149
122 122 122 132 132 141 141 141 143 143 143 138 138 141 141 141 150 150 150 151 151 148 148 148 144 144 140 140 140 140 140 140 140 140 140 140 140 141 141 141 141 141 143 143 143 143 143 144 144 144 144 144 144 141 141 144 144 144 149 149 147 147 147 144 144 144 140 140 141 141 141 149 149 149 152 152 148 148 148 139 139 135 135 135 138 138 138 141 141 145
122 122 122 132 132 141 141 141 143 143 143 138 138 141 141 141 150 150 150 151 151 148 148 148 144 144 140 140 140 140 140 140 140 140 140 140 140 141 141 141 141 141 143 143 143 143 143 144 144 144 144 144 144 141 141 144 144 144 149 149 147 147 147 144 144 144 140 140 141 141 141 149 149 149 152 152 148 148 148 139 139 135 135 135 138 138 138 141 141 145
122 122 122 132 132 141 141 141 143 143 143 138 138 141 141 141 150 150 150 151 151 148 148 148 144 144 140 140 140 140 140 140 140 140 140 140 140 141 141 141 141 141 143 143 143 143 143 144 144 144 144 144 144 141 141 144 144 144 149 149 147 147 147 144 144 144 140 140 141 141 141 149 149 149 152 152 148 148 148 139 139 135 135 135 138 138 138 141 141 145
110 110 110 117 117 123 123 123 127 127 127 125 125 126 126 126 122 122 122 115 115 115 115 115 118 118 116 116 116 113 113 113 114 114 125 125 125 137 137 137 141 141 141 141 141 138 138 135 135 135 132 132 132 128 128 130 130 130 133 133 131 131 131 131 131 131 132 132 135 135 135 136 136 136 134 134 131 131 131 127 127 125 125 125 126 126 126 128 128 133
110 110 110 117 117 123 123 123 127 127 127 125 125 126 126 126 122 122 122 115 115 115 115 115 118 118 116 116 116 113 113 113 114 114 125 125 125 137 137 137 141 141 141 141 141 138 138 135 135 135 132 132 132 128 128 130 130 130 133 133 131 131 131 131 131 131 132 132 135 135 135 136 136 136 134 134 131 131 131 127 127 125 125 125 126 126 126 128 128 133
107 107 107 107 107 106 106 106 107 107 107 109 109 114 114 114 114 114 114 111 111 113 113 113 115 115 113 113 113 112 112 112 120 120 136 136 136 151 151 151 154 154 153 153 153 147 147 142 142 142 140 140 140 137 137 135 135 135 132 132 127 127 127 129 129 129 131 131 130 130 130 127 127 127 126 126 129 129 129 131 131 130 130 130 129 129 129 128 128 131
107 107 107 107 107 106 106 106 107 107 107 109 109 114 114 114 114 114 114 111 111 113 113 113 115 115 113 113 113 112 112 112 120 120 136 136 136 151 151 151 154 154 153 153 153 147 147 142 142 142 140 140 140 137 137 135 135 135 132 132 127 127 127 129 129 129 131 131 130 130 130 127 127 127 126 126 129 129 129 131 131 130 130 130 129 129 129 128 128 131
107 107 107 107 107 106 106 106 107 107 107 109 109 114 114 114 114 114 114 111 111 113 113 113 115 115 113 113 113 112 112 112 120 120 136 136 136 151 151 151 154 154 153 153 153 147 147 142 142 142 140 140 140 137 137 135 135 135 132 132 127 127 127 129 129 129 131 131 130 130 130 127 127 127 126 126 129 129 129 131 131 130 130 130 129 129 129 128 128 131
