SEB_model/sample_data_files/historical/hillshade/july6am.txt
ncols         559
nrows         351
xllcorner     388608.08691406
yllcorner     7584381.3441773
cellsize      5
NODATA_value  -9999
[rows 117 to 155 of 351, columns 352 to 439 of 559]
0 16 16 16 69 69 114 114 114 121 121 126 126 126 130 130 130 131 131 123 123 123 120 120 120 126 126 121 121 121 121 121 118 118 118 121 121 121 132 132 128 128 128 132 132 141 141 141 134 134 134 132 132 132 132 132 130 130 130 136 136 134 134 134 142 142 143 143 143 140 140 140 144 144 134 134 134 133 133 142 142 142 136 136 136 135 135 133
20 51 51 51 102 102 125 125 125 122 122 127 127 127 130 130 130 126 126 117 117 117 118 118 118 127 127 121 121 121 121 121 119 119 119 123 123 123 133 133 127 127 127 131 131 141 141 141 135 135 135 133 133 131 131 131 128 128 128 134 134 132 132 132 139 139 141 141 141 139 139 139 144 144 135 135 135 137 137 150 150 150 147 147 147 143 143 135
20 51 51 51 102 102 125 125 125 122 122 127 127 127 130 130 130 126 126 117 117 117 118 118 118 127 127 121 121 121 121 121 119 119 119 123 123 123 133 133 127 127 127 131 131 141 141 141 135 135 135 133 133 131 131 131 128 128 128 134 134 132 132 132 139 139 141 141 141 139 139 139 144 144 135 135 135 137 137 150 150 150 147 147 147 143 143 135
20 51 51 51 102 102 125 125 125 122 122 127 127 127 130 130 130 126 126 117 117 117 118 118 118 127 127 121 121 121 121 121 119 119 119 123 123 123 133 133 127 127 127 131 131 141 141 141 135 135 135 133 133 131 131 131 128 128 128 134 134 132 132 132 139 139 141 141 141 139 139 139 144 144 135 135 135 137 137 150 150 150 147 147 147 143 143 135
51 84 84 84 117 117 126 126 126 120 120 128 128 128 128 128 128 121 121 115 115 115 117 117 117 125 125 121 121 121 120 120 119 119 119 124 124 124 133 133 125 125 125 129 129 140 140 140 135 135 135 133 133 130 130 130 127 127 127 133 133 131 131 131 137 137 140 140 140 140 140 140 146 146 139 139 139 141 141 152 152 152 148 148 148 145 145 139
51 84 84 84 117 117 126 126 126 120 120 128 128 128 128 128 128 121 121 115 115 115 117 117 117 125 125 121 121 121 120 120 119 119 119 124 124 124 133 133 125 125 125 129 129 140 140 140 135 135 135 133 133 130 130 130 127 127 127 133 133 131 131 131 137 137 140 140 140 140 140 140 146 146 139 139 139 141 141 152 152 152 148 148 148 145 145 139
84 100 100 100 121 121 126 126 126 123 123 133 133 133 128 128 128 117 117 114 114 114 116 116 116 122 122 119 119 119 120 120 121 121 121 126 126 126 132 132 124 124 124 128 128 139 139 139 134 134 134 131 131 128 128 128 125 125 125 133 133 130 130 130 135 135 140 140 140 140 140 140 148 148 141 141 141 142 142 151 151 151 143 143 143 141 141 139
84 100 100 100 121 121 126 126 126 123 123 133 133 133 128 128 128 117 117 114 114 114 116 116 116 122 122 119 119 119 120 120 121 121 121 126 126 126 132 132 124 124 124 128 128 139 139 139 134 134 134 131 131 128 128 128 125 125 125 133 133 130 130 130 135 135 140 140 140 140 140 140 148 148 141 141 141 142 142 151 151 151 143 143 143 141 141 139
84 100 100 100 121 121 126 126 126 123 123 133 133 133 128 128 128 117 117 114 114 114 116 116 116 122 122 119 119 119 120 120 121 121 121 126 126 126 132 132 124 124 124 128 128 139 139 139 134 134 134 131 131 128 128 128 125 125 125 133 133 130 130 130 135 135 140 140 140 140 140 140 148 148 141 141 141 142 142 151 151 151 143 143 143 141 141 139
99 104 104 104 121 121 128 128 128 130 130 139 139 139 128 128 128 114 114 113 113 113 113 113 113 117 117 116 116 116 121 121 125 125 125 128 128 128 131 131 124 124 124 128 128 138 138 138 132 132 132 128 128 126 126 126 124 124 124 133 133 131 131 131 135 135 140 140 140 142 142 142 149 149 140 140 140 139 139 147 147 147 138 138 138 137 137 139
99 104 104 104 121 121 128 128 128 130 130 139 139 139 128 128 128 114 114 113 113 113 113 113 113 117 117 116 116 116 121 121 125 125 125 128 128 128 131 131 124 124 124 128 128 138 138 138 132 132 132 128 128 126 126 126 124 124 124 133 133 131 131 131 135 135 140 140 140 142 142 142 149 149 140 140 140 139 139 147 147 147 138 138 138 137 137 139
99 104 104 104 121 121 128 128 128 130 130 139 139 139 128 128 128 114 114 113 113 113 113 113 113 117 117 116 116 116 121 121 125 125 125 128 128 128 131 131 124 124 124 128 128 138 138 138 132 132 132 128 128 126 126 126 124 124 124 133 133 131 131 131 135 135 140 140 140 142 142 142 149 149 140 140 140 139 139 147 147 147 138 138 138 137 137 139
103 110 110 110 126 126 131 131 131 137 137 141 141 141 124 124 124 111 111 112 112 112 111 111 111 112 112 112 112 112 121 121 127 127 127 129 129 129 131 131 123 123 123 127 127 138 138 138 130 130 130 126 126 123 123 123 123 123 123 134 134 132 132 132 137 137 142 142 142 142 142 142 146 146 136 136 136 135 135 143 143 143 135 135 135 136 136 139
103 110 110 110 126 126 131 131 131 137 137 141 141 141 124 124 124 111 111 112 112 112 111 111 111 112 112 112 112 112 121 121 127 127 127 129 129 129 131 131 123 123 123 127 127 138 138 138 130 130 130 126 126 123 123 123 123 123 123 134 134 132 132 132 137 137 142 142 142 142 142 142 146 146 136 136 136 135 135 143 143 143 135 135 135 136 136 139
107 120 120 120 133 133 133 133 133 139 139 138 138 138 118 118 118 108 108 111 111 111 110 110 110 110 110 110 110 110 119 119 126 126 126 130 130 130 132 132 123 123 123 126 126 137 137 137 128 128 128 124 124 122 122 122 125 125 125 138 138 136 136 136 140 140 143 143 143 140 140 140 141 141 130 130 130 130 130 140 140 140 132 132 132 134 134 138
107 120 120 120 133 133 133 133 133 139 139 138 138 138 118 118 118 108 108 111 111 111 110 110 110 110 110 110 110 110 119 119 126 126 126 130 130 130 132 132 123 123 123 126 126 137 137 137 128 128 128 124 124 122 122 122 125 125 125 138 138 136 136 136 140 140 143 143 143 140 140 140 141 141 130 130 130 130 130 140 140 140 132 132 132 134 134 138
107 120 120 120 133 133 133 133 133 139 139 138 138 138 118 118 118 108 108 111 111 111 110 110 110 110 110 110 110 110 119 119 126 126 126 130 130 130 132 132 123 123 123 126 126 137 137 137 128 128 128 124 124 122 122 122 125 125 125 138 138 136 136 136 140 140 143 143 143 140 140 140 141 141 130 130 130 130 130 140 140 140 132 132 132 134 134 138
114 128 128 128 137 137 133 133 133 136 136 131 131 131 113 113 113 108 108 110 110 110 107 107 107 109 109 108 108 108 115 115 123 123 123 129 129 129 132 132 121 121 121 125 125 136 136 136 125 125 125 122 122 122 122 122 129 129 129 143 143 140 140 140 141 141 140 140 140 136 136 136 135 135 126 126 126 128 128 139 139 139 130 130 130 132 132 136
114 128 128 128 137 137 133 133 133 136 136 131 131 131 113 113 113 108 108 110 110 110 107 107 107 109 109 108 108 108 115 115 123 123 123 129 129 129 132 132 121 121 121 125 125 136 136 136 125 125 125 122 122 122 122 122 129 129 129 143 143 140 140 140 141 141 140 140 140 136 136 136 135 135 126 126 126 128 128 139 139 139 130 130 130 132 132 136
124 135 135 135 139 139 134 134 134 133 133 125 125 125 111 111 111 110 110 110 110 110 105 105 105 108 108 108 108 108 112 112 119 119 119 127 127 127 131 131 119 119 119 125 125 136 136 136 125 125 125 124 124 128 128 128 138 138 138 149 149 141 141 141 139 139 134 134 134 129 129 129 131 131 124 124 124 129 129 139 139 139 129 129 129 131 131 135
124 135 135 135 139 139 134 134 134 133 133 125 125 125 111 111 111 110 110 110 110 110 105 105 105 108 108 108 108 108 112 112 119 119 119 127 127 127 131 131 119 119 119 125 125 136 136 136 125 125 125 124 124 128 128 128 138 138 138 149 149 141 141 141 139 139 134 134 134 129 129 129 131 131 124 124 124 129 129 139 139 139 129 129 129 131 131 135
124 135 135 135 139 139 134 134 134 133 133 125 125 125 111 111 111 110 110 110 110 110 105 105 105 108 108 108 108 108 112 112 119 119 119 127 127 127 131 131 119 119 119 125 125 136 136 136 125 125 125 124 124 128 128 128 138 138 138 149 149 141 141 141 139 139 134 134 134 129 129 129 131 131 124 124 124 129 129 139 139 139 129 129 129 131 131 135
131 140 140 140 144 144 138 138 138 132 132 122 122 122 111 111 111 112 112 111 111 111 104 104 104 107 107 106 106 106 109 109 116 116 116 123 123 123 128 128 118 118 118 126 126 137 137 137 127 127 127 132 132 139 139 139 148 148 148 155 155 141 141 141 134 134 127 127 127 124 124 124 129 129 124 124 124 131 131 141 141 141 130 130 130 131 131 134
131 140 140 140 144 144 138 138 138 132 132 122 122 122 111 111 111 112 112 111 111 111 104 104 104 107 107 106 106 106 109 109 116 116 116 123 123 123 128 128 118 118 118 126 126 137 137 137 127 127 127 132 132 139 139 139 148 148 148 155 155 141 141 141 134 134 127 127 127 124 124 124 129 129 124 124 124 131 131 141 141 141 130 130 130 131 131 134
131 140 140 140 144 144 138 138 138 132 132 122 122 122 111 111 111 112 112 111 111 111 104 104 104 107 107 106 106 106 109 109 116 116 116 123 123 123 128 128 118 118 118 126 126 137 137 137 127 127 127 132 132 139 139 139 148 148 148 155 155 141 141 141 134 134 127 127 127 124 124 124 129 129 124 124 124 131 131 141 141 141 130 130 130 131 131 134
132 145 145 145 153 153 146 146 146 134 134 120 120 120 111 111 111 113 113 114 114 114 105 105 105 106 106 103 103 103 106 106 113 113 113 118 118 118 123 123 119 119 119 128 128 139 139 139 133 133 133 140 140 148 148 148 154 154 154 157 157 139 139 139 128 128 123 123 123 123 123 123 131 131 128 128 128 134 134 142 142 142 130 130 130 130 130 132
132 145 145 145 153 153 146 146 146 134 134 120 120 120 111 111 111 113 113 114 114 114 105 105 105 106 106 103 103 103 106 106 113 113 113 118 118 118 123 123 119 119 119 128 128 139 139 139 133 133 133 140 140 148 148 148 154 154 154 157 157 139 139 139 128 128 123 123 123 123 123 123 131 131 128 128 128 134 134 142 142 142 130 130 130 130 130 132
131 150 150 150 163 163 155 155 155 137 137 118 118 118 110 110 110 114 114 118 118 118 106 106 106 100 100 97 97 97 100 100 108 108 108 113 113 113 121 121 123 123 123 133 133 143 143 143 139 139 139 145 145 151 151 151 154 154 154 153 153 135 135 135 127 127 125 125 125 126 126 126 135 135 131 131 131 136 136 141 141 141 128 128 128 128 128 132
131 150 150 150 163 163 155 155 155 137 137 118 118 118 110 110 110 114 114 118 118 118 106 106 106 100 100 97 97 97 100 100 108 108 108 113 113 113 121 121 123 123 123 133 133 143 143 143 139 139 139 145 145 151 151 151 154 154 154 153 153 135 135 135 127 127 125 125 125 126 126 126 135 135 131 131 131 136 136 141 141 141 128 128 128 128 128 132
131 150 150 150 163 163 155 155 155 137 137 118 118 118 110 110 110 114 114 118 118 118 106 106 106 100 100 97 97 97 100 100 108 108 108 113 113 113 121 121 123 123 123 133 133 143 143 143 139 139 139 145 145 151 151 151 154 154 154 153 153 135 135 135 127 127 125 125 125 126 126 126 135 135 131 131 131 136 136 141 141 141 128 128 128 128 128 132
139 158 158 158 169 169 159 159 159 139 139 118 118 118 110 110 110 117 117 118 118 118 102 102 102 89 89 86 86 86 92 92 103 103 103 112 112 112 124 124 131 131 131 140 140 147 147 147 142 142 142 145 145 149 149 149 149 149 149 147 147 133 133 133 130 130 129 129 129 128 128 128 136 136 133 133 133 136 136 139 139 139 126 126 126 127 127 131
139 158 158 158 169 169 159 159 159 139 139 118 118 118 110 110 110 117 117 118 118 118 102 102 102 89 89 86 86 86 92 92 103 103 103 112 112 112 124 124 131 131 131 140 140 147 147 147 142 142 142 145 145 149 149 149 149 149 149 147 147 133 133 133 130 130 129 129 129 128 128 128 136 136 133 133 133 136 136 139 139 139 126 126 126 127 127 131
153 166 166 166 174 174 162 162 162 143 143 124 124 124 114 114 114 117 117 111 111 111 93 93 93 76 76 74 74 74 87 87 104 104 104 117 117 117 130 130 138 138 138 144 144 150 150 150 142 142 142 143 143 145 145 145 142 142 142 143 143 134 134 134 135 135 133 133 133 127 127 127 134 134 132 132 132 135 135 138 138 138 126 126 126 128 128 132
153 166 166 166 174 174 162 162 162 143 143 124 124 124 114 114 114 117 117 111 111 111 93 93 93 76 76 74 74 74 87 87 104 104 104 117 117 117 130 130 138 138 138 144 144 150 150 150 142 142 142 143 143 145 145 145 142 142 142 143 143 134 134 134 135 135 133 133 133 127 127 127 134 134 132 132 132 135 135 138 138 138 126 126 126 128 128 132
153 166 166 166 174 174 162 162 162 143 143 124 124 124 114 114 114 117 117 111 111 111 93 93 93 76 76 74 74 74 87 87 104 104 104 117 117 117 130 130 138 138 138 144 144 150 150 150 142 142 142 143 143 145 145 145 142 142 142 143 143 134 134 134 135 135 133 133 133 127 127 127 134 134 132 132 132 135 135 138 138 138 126 126 126 128 128 132
164 170 170 170 176 176 166 166 166 152 152 140 140 140 122 122 122 110 110 94 94 94 79 79 79 70 70 70 70 70 89 89 113 113 113 128 128 128 140 140 145 145 145 148 148 152 152 152 141 141 141 139 139 141 141 141 140 140 140 144 144 138 138 138 140 140 136 136 136 127 127 127 132 132 132 132 132 134 134 138 138 138 127 127 127 130 130 132
164 170 170 170 176 176 166 166 166 152 152 140 140 140 122 122 122 110 110 94 94 94 79 79 79 70 70 70 70 70 89 89 113 113 113 128 128 128 140 140 145 145 145 148 148 152 152 152 141 141 141 139 139 141 141 141 140 140 140 144 144 138 138 138 140 140 136 136 136 127 127 127 132 132 132 132 132 134 134 138 138 138 127 127 127 130 130 132
164 170 170 170 176 176 166 166 166 152 152 140 140 140 122 122 122 110 110 94 94 94 79 79 79 70 70 70 70 70 89 89 113 113 113 128 128 128 140 140 145 145 145 148 148 152 152 152 141 141 141 139 139 141 141 141 140 140 140 144 144 138 138 138 140 140 136 136 136 127 127 127 132 132 132 132 132 134 134 138 138 138 127 127 127 130 130 132
171 172 172 172 174 174 164 164 164 157 157 151 151 151 125 125 125 93 93 71 71 71 67 67 67 72 72 79 79 79 104 104 128 128 128 140 140 140 150 150 151 151 151 150 150 151 151 151 138 138 138 137 137 141 141 141 142 142 142 145 145 140 140 140 143 143 138 138 138 127 127 127 132 132 134 134 134 136 136 139 139 139 129 129 129 131 131 131
