SEB_model/sample_data_files/historical/hillshade/julynoon.txt
ncols         559
nrows         351
xllcorner     388608.08691406
yllcorner     7584381.3441773
cellsize      5
NODATA_value  -9999
[rows 120 to 159 of 351, columns 270 to 359 of 559]
157 157 154 154 146 146 146 147 147 147 158 158 170 170 170 175 175 175 166 166 160 160 160 157 157 152 152 152 151 151 151 153 153 164 164 164 179 179 189 189 189 203 203 203 204 204 189 189 189 169 169 169 165 165 176 176 176 171 171 170 170 170 174 174 174 177 177 175 175 175 167 167 149 149 149 118 118 118 95 95 102 102 102 136 136 136 166 166 176 176
150 150 136 136 134 134 134 150 150 150 167 167 180 180 180 179 179 179 167 167 157 157 157 153 153 154 154 154 165 165 165 173 173 181 181 181 189 189 190 190 190 201 201 201 203 203 190 190 190 170 170 170 163 163 175 175 175 171 171 159 159 159 150 150 150 145 145 142 142 142 132 132 111 111 111 95 95 95 101 101 131 131 131 161 161 161 173 173 173 173
150 150 136 136 134 134 134 150 150 150 167 167 180 180 180 179 179 179 167 167 157 157 157 153 153 154 154 154 165 165 165 173 173 181 181 181 189 189 190 190 190 201 201 201 203 203 190 190 190 170 170 170 163 163 175 175 175 171 171 159 159 159 150 150 150 145 145 142 142 142 132 132 111 111 111 95 95 95 101 101 131 131 131 161 161 161 173 173 173 173
143 143 135 135 144 144 144 159 159 159 169 169 176 176 176 166 166 166 153 153 146 146 146 148 148 161 161 161 177 177 177 181 181 181 181 181 184 184 181 181 181 186 186 186 185 185 173 173 173 156 156 156 151 151 168 168 168 169 169 155 155 155 140 140 140 131 131 126 126 126 113 113 98 98 98 101 101 101 124 124 151 151 151 164 164 164 163 163 161 161
143 143 135 135 144 144 144 159 159 159 169 169 176 176 176 166 166 166 153 153 146 146 146 148 148 161 161 161 177 177 177 181 181 181 181 181 184 184 181 181 181 186 186 186 185 185 173 173 173 156 156 156 151 151 168 168 168 169 169 155 155 155 140 140 140 131 131 126 126 126 113 113 98 98 98 101 101 101 124 124 151 151 151 164 164 164 163 163 161 161
143 143 135 135 144 144 144 159 159 159 169 169 176 176 176 166 166 166 153 153 146 146 146 148 148 161 161 161 177 177 177 181 181 181 181 181 184 184 181 181 181 186 186 186 185 185 173 173 173 156 156 156 151 151 168 168 168 169 169 155 155 155 140 140 140 131 131 126 126 126 113 113 98 98 98 101 101 101 124 124 151 151 151 164 164 164 163 163 161 161
143 143 154 154 164 164 164 165 165 165 164 164 160 160 160 147 147 147 141 141 142 142 142 154 154 172 172 172 184 184 184 182 182 177 177 177 177 177 174 174 174 177 177 177 178 178 171 171 171 155 155 155 143 143 148 148 148 150 150 145 145 145 137 137 137 132 132 125 125 125 116 116 115 115 115 129 129 129 146 146 155 155 155 158 158 158 158 158 160 160
143 143 154 154 164 164 164 165 165 165 164 164 160 160 160 147 147 147 141 141 142 142 142 154 154 172 172 172 184 184 184 182 182 177 177 177 177 177 174 174 174 177 177 177 178 178 171 171 171 155 155 155 143 143 148 148 148 150 150 145 145 145 137 137 137 132 132 125 125 125 116 116 115 115 115 129 129 129 146 146 155 155 155 158 158 158 158 158 160 160
143 143 154 154 164 164 164 165 165 165 164 164 160 160 160 147 147 147 141 141 142 142 142 154 154 172 172 172 184 184 184 182 182 177 177 177 177 177 174 174 174 177 177 177 178 178 171 171 171 155 155 155 143 143 148 148 148 150 150 145 145 145 137 137 137 132 132 125 125 125 116 116 115 115 115 129 129 129 146 146 155 155 155 158 158 158 158 158 160 160
154 154 172 172 172 172 172 162 162 162 152 152 143 143 143 139 139 139 144 144 155 155 155 170 170 181 181 181 184 184 184 176 176 169 169 169 168 168 165 165 165 165 165 165 165 165 158 158 158 141 141 141 121 121 115 115 115 116 116 118 118 118 118 118 118 117 117 115 115 115 116 116 127 127 127 142 142 142 151 151 155 155 155 160 160 160 167 167 172 172
154 154 172 172 172 172 172 162 162 162 152 152 143 143 143 139 139 139 144 144 155 155 155 170 170 181 181 181 184 184 184 176 176 169 169 169 168 168 165 165 165 165 165 165 165 165 158 158 158 141 141 141 121 121 115 115 115 116 116 118 118 118 118 118 118 117 117 115 115 115 116 116 127 127 127 142 142 142 151 151 155 155 155 160 160 160 167 167 172 172
160 160 168 168 162 162 162 150 150 150 139 139 137 137 137 146 146 146 161 161 170 170 170 175 175 176 176 176 173 173 173 163 163 157 157 157 154 154 149 149 149 146 146 146 142 142 135 135 135 121 121 121 106 106 102 102 102 106 106 113 113 113 119 119 119 123 123 130 130 130 140 140 153 153 153 161 161 161 164 164 167 167 167 173 173 173 180 180 185 185
160 160 168 168 162 162 162 150 150 150 139 139 137 137 137 146 146 146 161 161 170 170 170 175 175 176 176 176 173 173 173 163 163 157 157 157 154 154 149 149 149 146 146 146 142 142 135 135 135 121 121 121 106 106 102 102 102 106 106 113 113 113 119 119 119 123 123 130 130 130 140 140 153 153 153 161 161 161 164 164 167 167 167 173 173 173 180 180 185 185
160 160 168 168 162 162 162 150 150 150 139 139 137 137 137 146 146 146 161 161 170 170 170 175 175 176 176 176 173 173 173 163 163 157 157 157 154 154 149 149 149 146 146 146 142 142 135 135 135 121 121 121 106 106 102 102 102 106 106 113 113 113 119 119 119 123 123 130 130 130 140 140 153 153 153 161 161 161 164 164 167 167 167 173 173 173 180 180 185 185
168 168 170 170 162 162 162 149 149 149 139 139 144 144 144 160 160 160 173 173 178 178 178 177 177 176 176 176 172 172 172 162 162 154 154 154 148 148 142 142 142 139 139 139 137 137 132 132 132 124 124 124 118 118 120 120 120 128 128 136 136 136 142 142 142 148 148 158 158 158 166 166 172 172 172 174 174 174 176 176 181 181 181 187 187 187 190 190 191 191
168 168 170 170 162 162 162 149 149 149 139 139 144 144 144 160 160 160 173 173 178 178 178 177 177 176 176 176 172 172 172 162 162 154 154 154 148 148 142 142 142 139 139 139 137 137 132 132 132 124 124 124 118 118 120 120 120 128 128 136 136 136 142 142 142 148 148 158 158 158 166 166 172 172 172 174 174 174 176 176 181 181 181 187 187 187 190 190 191 191
171 171 171 171 161 161 161 147 147 147 143 143 156 156 156 172 172 172 177 177 177 177 177 174 174 171 171 171 166 166 166 159 159 152 152 152 148 148 145 145 145 146 146 146 147 147 147 147 147 147 147 147 148 148 154 154 154 162 162 167 167 167 169 169 169 171 171 176 176 176 179 179 177 177 177 176 176 176 177 177 181 181 181 184 184 184 184 184 184 184
171 171 171 171 161 161 161 147 147 147 143 143 156 156 156 172 172 172 177 177 177 177 177 174 174 171 171 171 166 166 166 159 159 152 152 152 148 148 145 145 145 146 146 146 147 147 147 147 147 147 147 147 148 148 154 154 154 162 162 167 167 167 169 169 169 171 171 176 176 176 179 179 177 177 177 176 176 176 177 177 181 181 181 184 184 184 184 184 184 184
171 171 171 171 161 161 161 147 147 147 143 143 156 156 156 172 172 172 177 177 177 177 177 174 174 171 171 171 166 166 166 159 159 152 152 152 148 148 145 145 145 146 146 146 147 147 147 147 147 147 147 147 148 148 154 154 154 162 162 167 167 167 169 169 169 171 171 176 176 176 179 179 177 177 177 176 176 176 177 177 181 181 181 184 184 184 184 184 184 184
162 162 156 156 145 145 145 137 137 137 142 142 156 156 156 168 168 168 168 168 165 165 165 161 161 156 156 156 152 152 152 150 150 150 150 150 151 151 152 152 152 158 158 158 163 163 167 167 167 170 170 170 172 172 177 177 177 183 183 185 185 185 185 185 185 183 183 183 183 183 181 181 176 176 176 172 172 172 169 169 167 167 167 166 166 166 168 168 173 173
162 162 156 156 145 145 145 137 137 137 142 142 156 156 156 168 168 168 168 168 165 165 165 161 161 156 156 156 152 152 152 150 150 150 150 150 151 151 152 152 152 158 158 158 163 163 167 167 167 170 170 170 172 172 177 177 177 183 183 185 185 185 185 185 185 183 183 183 183 183 181 181 176 176 176 172 172 172 169 169 167 167 167 166 166 166 168 168 173 173
162 162 156 156 145 145 145 137 137 137 142 142 156 156 156 168 168 168 168 168 165 165 165 161 161 156 156 156 152 152 152 150 150 150 150 150 151 151 152 152 152 158 158 158 163 163 167 167 167 170 170 170 172 172 177 177 177 183 183 185 185 185 185 185 185 183 183 183 183 183 181 181 176 176 176 172 172 172 169 169 167 167 167 166 166 166 168 168 173 173
152 152 145 145 137 137 137 138 138 138 143 143 149 149 149 153 153 153 150 150 147 147 147 141 141 136 136 136 136 136 136 141 141 147 147 147 151 151 155 155 155 161 161 161 167 167 172 172 172 175 175 175 175 175 178 178 178 183 183 186 186 186 189 189 189 188 188 185 185 185 178 178 169 169 169 159 159 159 151 151 145 145 145 144 144 144 149 149 159 159
152 152 145 145 137 137 137 138 138 138 143 143 149 149 149 153 153 153 150 150 147 147 147 141 141 136 136 136 136 136 136 141 141 147 147 147 151 151 155 155 155 161 161 161 167 167 172 172 172 175 175 175 175 175 178 178 178 183 183 186 186 186 189 189 189 188 188 185 185 185 178 178 169 169 169 159 159 159 151 151 145 145 145 144 144 144 149 149 159 159
144 144 139 139 139 139 139 141 141 141 138 138 136 136 136 134 134 134 129 129 123 123 123 118 118 121 121 121 131 131 131 140 140 147 147 147 150 150 152 152 152 158 158 158 165 165 170 170 170 173 173 173 171 171 173 173 173 176 176 179 179 179 183 183 183 182 182 176 176 176 164 164 152 152 152 143 143 143 136 136 132 132 132 133 133 133 138 138 148 148
144 144 139 139 139 139 139 141 141 141 138 138 136 136 136 134 134 134 129 129 123 123 123 118 118 121 121 121 131 131 131 140 140 147 147 147 150 150 152 152 152 158 158 158 165 165 170 170 170 173 173 173 171 171 173 173 173 176 176 179 179 179 183 183 183 182 182 176 176 176 164 164 152 152 152 143 143 143 136 136 132 132 132 133 133 133 138 138 148 148
144 144 139 139 139 139 139 141 141 141 138 138 136 136 136 134 134 134 129 129 123 123 123 118 118 121 121 121 131 131 131 140 140 147 147 147 150 150 152 152 152 158 158 158 165 165 170 170 170 173 173 173 171 171 173 173 173 176 176 179 179 179 183 183 183 182 182 176 176 176 164 164 152 152 152 143 143 143 136 136 132 132 132 133 133 133 138 138 148 148
143 143 144 144 150 150 150 150 150 150 139 139 129 129 129 122 122 122 115 115 110 110 110 114 114 127 127 127 141 141 141 147 147 151 151 151 151 151 150 150 150 153 153 153 158 158 163 163 163 164 164 164 161 161 161 161 161 161 161 163 163 163 165 165 165 164 164 156 156 156 143 143 131 131 131 126 126 126 127 127 134 134 134 143 143 143 148 148 156 156
143 143 144 144 150 150 150 150 150 150 139 139 129 129 129 122 122 122 115 115 110 110 110 114 114 127 127 127 141 141 141 147 147 151 151 151 151 151 150 150 150 153 153 153 158 158 163 163 163 164 164 164 161 161 161 161 161 161 161 163 163 163 165 165 165 164 164 156 156 156 143 143 131 131 131 126 126 126 127 127 134 134 134 143 143 143 148 148 156 156
149 149 152 152 155 155 155 151 151 151 138 138 125 125 125 117 117 117 115 115 122 122 122 134 134 147 147 147 155 155 155 154 154 154 154 154 153 153 150 150 150 152 152 152 154 154 158 158 158 157 157 157 152 152 151 151 151 150 150 151 151 151 155 155 155 156 156 148 148 148 132 132 121 121 121 120 120 120 128 128 138 138 138 145 145 145 147 147 154 154
149 149 152 152 155 155 155 151 151 151 138 138 125 125 125 117 117 117 115 115 122 122 122 134 134 147 147 147 155 155 155 154 154 154 154 154 153 153 150 150 150 152 152 152 154 154 158 158 158 157 157 157 152 152 151 151 151 150 150 151 151 151 155 155 155 156 156 148 148 148 132 132 121 121 121 120 120 120 128 128 138 138 138 145 145 145 147 147 154 154
149 149 152 152 155 155 155 151 151 151 138 138 125 125 125 117 117 117 115 115 122 122 122 134 134 147 147 147 155 155 155 154 154 154 154 154 153 153 150 150 150 152 152 152 154 154 158 158 158 157 157 157 152 152 151 151 151 150 150 151 151 151 155 155 155 156 156 148 148 148 132 132 121 121 121 120 120 120 128 128 138 138 138 145 145 145 147 147 154 154
145 145 149 149 152 152 152 150 150 150 137 137 122 122 122 117 117 117 124 124 139 139 139 149 149 154 154 154 155 155 155 150 150 149 149 149 148 148 145 145 145 147 147 147 148 148 151 151 151 152 152 152 150 150 150 150 150 150 150 152 152 152 159 159 159 165 165 152 152 152 127 127 115 115 115 120 120 120 130 130 137 137 137 140 140 140 139 139 142 142
145 145 149 149 152 152 152 150 150 150 137 137 122 122 122 117 117 117 124 124 139 139 139 149 149 154 154 154 155 155 155 150 150 149 149 149 148 148 145 145 145 147 147 147 148 148 151 151 151 152 152 152 150 150 150 150 150 150 150 152 152 152 159 159 159 165 165 152 152 152 127 127 115 115 115 120 120 120 130 130 137 137 137 140 140 140 139 139 142 142
145 145 149 149 152 152 152 150 150 150 137 137 122 122 122 117 117 117 124 124 139 139 139 149 149 154 154 154 155 155 155 150 150 149 149 149 148 148 145 145 145 147 147 147 148 148 151 151 151 152 152 152 150 150 150 150 150 150 150 152 152 152 159 159 159 165 165 152 152 152 127 127 115 115 115 120 120 120 130 130 137 137 137 140 140 140 139 139 142 142
133 133 137 137 141 141 141 141 141 141 131 131 120 120 120 121 121 121 128 128 136 136 136 137 137 137 137 137 139 139 139 139 139 139 139 139 140 140 138 138 138 137 137 137 134 134 134 134 134 138 138 138 141 141 142 142 142 141 141 144 144 144 154 154 154 162 162 144 144 144 116 116 108 108 108 116 116 116 126 126 133 133 133 137 137 137 136 136 135 135
133 133 137 137 141 141 141 141 141 141 131 131 120 120 120 121 121 121 128 128 136 136 136 137 137 137 137 137 139 139 139 139 139 139 139 139 140 140 138 138 138 137 137 137 134 134 134 134 134 138 138 138 141 141 142 142 142 141 141 144 144 144 154 154 154 162 162 144 144 144 116 116 108 108 108 116 116 116 126 126 133 133 133 137 137 137 136 136 135 135
131 131 133 133 134 134 134 133 133 133 127 127 126 126 126 130 130 130 130 130 126 126 126 120 120 121 121 121 128 128 128 134 134 139 139 139 141 141 138 138 138 135 135 135 131 131 127 127 127 127 127 127 126 126 129 129 129 131 131 133 133 133 136 136 136 132 132 104 104 104 82 82 87 87 87 106 106 106 127 127 144 144 144 152 152 152 147 147 140 140
131 131 133 133 134 134 134 133 133 133 127 127 126 126 126 130 130 130 130 130 126 126 126 120 120 121 121 121 128 128 128 134 134 139 139 139 141 141 138 138 138 135 135 135 131 131 127 127 127 127 127 127 126 126 129 129 129 131 131 133 133 133 136 136 136 132 132 104 104 104 82 82 87 87 87 106 106 106 127 127 144 144 144 152 152 152 147 147 140 140
131 131 133 133 134 134 134 133 133 133 127 127 126 126 126 130 130 130 130 130 126 126 126 120 120 121 121 121 128 128 128 134 134 139 139 139 141 141 138 138 138 135 135 135 131 131 127 127 127 127 127 127 126 126 129 129 129 131 131 133 133 133 136 136 136 132 132 104 104 104 82 82 87 87 87 106 106 106 127 127 144 144 144 152 152 152 147 147 140 140
