SEB_model/sample_data_files/historical/hillshade/julynoon.txt
ncols         559
nrows         351
xllcorner     388608.08691406
yllcorner     7584381.3441773
cellsize      5
NODATA_value  -9999
[rows 240 to 279 of 351, columns 90 to 179 of 559]
165 162 162 162 162 162 162 162 162 160 160 160 157 157 152 152 152 149 149 149 149 149 152 152 152 155 155 154 154 154 152 152 152 155 155 163 163 163 166 166 166 165 165 168 168 168 168 168 166 166 166 164 164 164 161 161 162 162 162 162 162 152 152 152 154 154 154 161 161 164 164 164 164 164 164 160 160 162 162 162 162 162 161 161 161 161 161 161 158 158
168 167 167 167 168 168 168 170 170 171 171 171 170 170 169 169 169 169 169 169 168 168 166 166 166 163 163 157 157 157 151 151 151 150 150 156 156 156 159 159 159 157 157 158 158 158 161 161 165 165 165 166 166 166 162 162 162 162 162 161 161 147 147 147 142 142 142 143 143 149 149 149 156 156 156 155 155 157 157 157 157 157 156 156 156 158 158 158 155 155
168 167 167 167 168 168 168 170 170 171 171 171 170 170 169 169 169 169 169 169 168 168 166 166 166 163 163 157 157 157 151 151 151 150 150 156 156 156 159 159 159 157 157 158 158 158 161 161 165 165 165 166 166 166 162 162 162 162 162 161 161 147 147 147 142 142 142 143 143 149 149 149 156 156 156 155 155 157 157 157 157 157 156 156 156 158 158 158 155 155
168 167 167 167 168 168 168 170 170 171 171 171 170 170 169 169 169 169 169 169 168 168 166 166 166 163 163 157 157 157 151 151 151 150 150 156 156 156 159 159 159 157 157 158 158 158 161 161 165 165 165 166 166 166 162 162 162 162 162 161 161 147 147 147 142 142 142 143 143 149 149 149 156 156 156 155 155 157 157 157 157 157 156 156 156 158 158 158 155 155
174 173 173 173 174 174 174 177 177 179 179 179 182 182 185 185 185 186 186 186 185 185 178 178 178 169 169 162 162 162 156 156 156 153 153 157 157 157 157 157 157 154 154 153 153 153 157 157 163 163 163 163 163 163 159 159 157 157 157 153 153 137 137 137 129 129 129 129 129 137 137 137 148 148 148 150 150 150 150 150 148 148 146 146 146 146 146 146 141 141
174 173 173 173 174 174 174 177 177 179 179 179 182 182 185 185 185 186 186 186 185 185 178 178 178 169 169 162 162 162 156 156 156 153 153 157 157 157 157 157 157 154 154 153 153 153 157 157 163 163 163 163 163 163 159 159 157 157 157 153 153 137 137 137 129 129 129 129 129 137 137 137 148 148 148 150 150 150 150 150 148 148 146 146 146 146 146 146 141 141
181 179 179 179 179 179 179 181 181 185 185 185 189 189 193 193 193 195 195 195 193 193 185 185 185 174 174 166 166 166 160 160 160 157 157 159 159 159 157 157 157 153 153 150 150 150 151 151 156 156 156 157 157 157 156 156 155 155 155 150 150 134 134 134 127 127 127 127 127 132 132 132 142 142 142 146 146 146 146 146 141 141 137 137 137 137 137 137 132 132
181 179 179 179 179 179 179 181 181 185 185 185 189 189 193 193 193 195 195 195 193 193 185 185 185 174 174 166 166 166 160 160 160 157 157 159 159 159 157 157 157 153 153 150 150 150 151 151 156 156 156 157 157 157 156 156 155 155 155 150 150 134 134 134 127 127 127 127 127 132 132 132 142 142 142 146 146 146 146 146 141 141 137 137 137 137 137 137 132 132
181 179 179 179 179 179 179 181 181 185 185 185 189 189 193 193 193 195 195 195 193 193 185 185 185 174 174 166 166 166 160 160 160 157 157 159 159 159 157 157 157 153 153 150 150 150 151 151 156 156 156 157 157 157 156 156 155 155 155 150 150 134 134 134 127 127 127 127 127 132 132 132 142 142 142 146 146 146 146 146 141 141 137 137 137 137 137 137 132 132
182 181 181 181 182 182 182 184 184 188 188 188 191 191 194 194 194 196 196 196 194 194 188 188 188 179 179 170 170 170 162 162 162 158 158 159 159 159 157 157 157 153 153 150 150 150 148 148 152 152 152 159 159 159 162 162 163 163 163 159 159 143 143 143 133 133 133 129 129 128 128 128 134 134 134 138 138 141 141 141 138 138 135 135 135 137 137 137 135 135
182 181 181 181 182 182 182 184 184 188 188 188 191 191 194 194 194 196 196 196 194 194 188 188 188 179 179 170 170 170 162 162 162 158 158 159 159 159 157 157 157 153 153 150 150 150 148 148 152 152 152 159 159 159 162 162 163 163 163 159 159 143 143 143 133 133 133 129 129 128 128 128 134 134 134 138 138 141 141 141 138 138 135 135 135 137 137 137 135 135
182 181 181 181 182 182 182 184 184 188 188 188 191 191 194 194 194 196 196 196 194 194 188 188 188 179 179 170 170 170 162 162 162 158 158 159 159 159 157 157 157 153 153 150 150 150 148 148 152 152 152 159 159 159 162 162 163 163 163 159 159 143 143 143 133 133 133 129 129 128 128 128 134 134 134 138 138 141 141 141 138 138 135 135 135 137 137 137 135 135
179 182 182 182 186 186 186 189 189 190 190 190 190 190 191 191 191 193 193 193 193 193 190 190 190 184 184 175 175 175 166 166 166 160 160 160 160 160 158 158 158 155 155 152 152 152 148 148 151 151 151 161 161 161 169 169 172 172 172 169 169 154 154 154 142 142 142 133 133 128 128 128 129 129 129 133 133 140 140 140 141 141 142 142 142 146 146 146 145 145
179 182 182 182 186 186 186 189 189 190 190 190 190 190 191 191 191 193 193 193 193 193 190 190 190 184 184 175 175 175 166 166 166 160 160 160 160 160 158 158 158 155 155 152 152 152 148 148 151 151 151 161 161 161 169 169 172 172 172 169 169 154 154 154 142 142 142 133 133 128 128 128 129 129 129 133 133 140 140 140 141 141 142 142 142 146 146 146 145 145
178 185 185 185 193 193 193 196 196 192 192 192 187 187 186 186 186 189 189 189 191 191 190 190 190 187 187 181 181 181 172 172 172 165 165 162 162 162 160 160 160 158 158 155 155 155 152 152 153 153 153 157 157 157 163 163 172 172 172 178 178 169 169 169 153 153 153 137 137 128 128 128 126 126 126 128 128 138 138 138 140 140 139 139 139 142 142 142 140 140
178 185 185 185 193 193 193 196 196 192 192 192 187 187 186 186 186 189 189 189 191 191 190 190 190 187 187 181 181 181 172 172 172 165 165 162 162 162 160 160 160 158 158 155 155 155 152 152 153 153 153 157 157 157 163 163 172 172 172 178 178 169 169 169 153 153 153 137 137 128 128 128 126 126 126 128 128 138 138 138 140 140 139 139 139 142 142 142 140 140
178 185 185 185 193 193 193 196 196 192 192 192 187 187 186 186 186 189 189 189 191 191 190 190 190 187 187 181 181 181 172 172 172 165 165 162 162 162 160 160 160 158 158 155 155 155 152 152 153 153 153 157 157 157 163 163 172 172 172 178 178 169 169 169 153 153 153 137 137 128 128 128 126 126 126 128 128 138 138 138 140 140 139 139 139 142 142 142 140 140
178 187 187 187 197 197 197 200 200 193 193 193 185 185 184 184 184 187 187 187 189 189 188 188 188 186 186 182 182 182 176 176 176 168 168 164 164 164 162 162 162 160 160 159 159 159 157 157 157 157 157 157 157 157 160 160 168 168 168 178 178 178 178 178 165 165 165 143 143 130 130 130 124 124 124 122 122 129 129 129 128 128 122 122 122 121 121 121 121 121
178 187 187 187 197 197 197 200 200 193 193 193 185 185 184 184 184 187 187 187 189 189 188 188 188 186 186 182 182 182 176 176 176 168 168 164 164 164 162 162 162 160 160 159 159 159 157 157 157 157 157 157 157 157 160 160 168 168 168 178 178 178 178 178 165 165 165 143 143 130 130 130 124 124 124 122 122 129 129 129 128 128 122 122 122 121 121 121 121 121
176 183 183 183 191 191 191 192 192 189 189 189 187 187 185 185 185 188 188 188 188 188 185 185 185 181 181 176 176 176 171 171 171 166 166 163 163 163 162 162 162 161 161 161 161 161 161 161 162 162 162 163 163 163 165 165 168 168 168 173 173 178 178 178 176 176 176 160 160 143 143 143 134 134 134 126 126 128 128 128 124 124 118 118 118 117 117 117 116 116
176 183 183 183 191 191 191 192 192 189 189 189 187 187 185 185 185 188 188 188 188 188 185 185 185 181 181 176 176 176 171 171 171 166 166 163 163 163 162 162 162 161 161 161 161 161 161 161 162 162 162 163 163 163 165 165 168 168 168 173 173 178 178 178 176 176 176 160 160 143 143 143 134 134 134 126 126 128 128 128 124 124 118 118 118 117 117 117 116 116
176 183 183 183 191 191 191 192 192 189 189 189 187 187 185 185 185 188 188 188 188 188 185 185 185 181 181 176 176 176 171 171 171 166 166 163 163 163 162 162 162 161 161 161 161 161 161 161 162 162 162 163 163 163 165 165 168 168 168 173 173 178 178 178 176 176 176 160 160 143 143 143 134 134 134 126 126 128 128 128 124 124 118 118 118 117 117 117 116 116
173 175 175 175 178 178 178 177 177 183 183 183 190 190 188 188 188 188 188 188 185 185 180 180 180 173 173 166 166 166 163 163 163 160 160 160 160 160 161 161 161 161 161 162 162 162 162 162 164 164 164 166 166 166 168 168 172 172 172 174 174 177 177 177 175 175 175 159 159 142 142 142 130 130 130 121 121 119 119 119 117 117 115 115 115 115 115 115 113 113
173 175 175 175 178 178 178 177 177 183 183 183 190 190 188 188 188 188 188 188 185 185 180 180 180 173 173 166 166 166 163 163 163 160 160 160 160 160 161 161 161 161 161 162 162 162 162 162 164 164 164 166 166 166 168 168 172 172 172 174 174 177 177 177 175 175 175 159 159 142 142 142 130 130 130 121 121 119 119 119 117 117 115 115 115 115 115 115 113 113
173 175 175 175 178 178 178 177 177 183 183 183 190 190 188 188 188 188 188 188 185 185 180 180 180 173 173 166 166 166 163 163 163 160 160 160 160 160 161 161 161 161 161 162 162 162 162 162 164 164 164 166 166 166 168 168 172 172 172 174 174 177 177 177 175 175 175 159 159 142 142 142 130 130 130 121 121 119 119 119 117 117 115 115 115 115 115 115 113 113
166 167 167 167 170 170 170 174 174 184 184 184 191 191 188 188 188 184 184 184 179 179 173 173 173 167 167 162 162 162 160 160 160 158 158 157 157 157 158 158 158 160 160 162 162 162 163 163 165 165 165 167 167 167 169 169 173 173 173 174 174 174 174 174 166 166 166 149 149 134 134 134 124 124 124 116 116 115 115 115 114 114 114 114 114 115 115 115 111 111
166 167 167 167 170 170 170 174 174 184 184 184 191 191 188 188 188 184 184 184 179 179 173 173 173 167 167 162 162 162 160 160 160 158 158 157 157 157 158 158 158 160 160 162 162 162 163 163 165 165 165 167 167 167 169 169 173 173 173 174 174 174 174 174 166 166 166 149 149 134 134 134 124 124 124 116 116 115 115 115 114 114 114 114 114 115 115 115 111 111
157 158 158 158 167 167 167 178 178 185 185 185 187 187 182 182 182 178 178 178 173 173 169 169 169 166 166 162 162 162 159 159 159 156 156 153 153 153 152 152 152 154 154 158 158 158 161 161 163 163 163 165 165 165 165 165 164 164 164 161 161 155 155 155 146 146 146 137 137 126 126 126 117 117 117 112 112 113 113 113 113 113 112 112 112 112 112 112 108 108
157 158 158 158 167 167 167 178 178 185 185 185 187 187 182 182 182 178 178 178 173 173 169 169 169 166 166 162 162 162 159 159 159 156 156 153 153 153 152 152 152 154 154 158 158 158 161 161 163 163 163 165 165 165 165 165 164 164 164 161 161 155 155 155 146 146 146 137 137 126 126 126 117 117 117 112 112 113 113 113 113 113 112 112 112 112 112 112 108 108
157 158 158 158 167 167 167 178 178 185 185 185 187 187 182 182 182 178 178 178 173 173 169 169 169 166 166 162 162 162 159 159 159 156 156 153 153 153 152 152 152 154 154 158 158 158 161 161 163 163 163 165 165 165 165 165 164 164 164 161 161 155 155 155 146 146 146 137 137 126 126 126 117 117 117 112 112 113 113 113 113 113 112 112 112 112 112 112 108 108
150 152 152 152 165 165 165 178 178 183 183 183 181 181 176 176 176 174 174 174 173 173 171 171 171 167 167 162 162 162 158 158 158 153 153 149 149 149 147 147 147 147 147 152 152 152 157 157 162 162 162 163 163 163 159 159 152 152 152 141 141 128 128 128 122 122 122 121 121 116 116 116 110 110 110 105 105 107 107 107 108 108 106 106 106 106 106 106 101 101
150 152 152 152 165 165 165 178 178 183 183 183 181 181 176 176 176 174 174 174 173 173 171 171 171 167 167 162 162 162 158 158 158 153 153 149 149 149 147 147 147 147 147 152 152 152 157 157 162 162 162 163 163 163 159 159 152 152 152 141 141 128 128 128 122 122 122 121 121 116 116 116 110 110 110 105 105 107 107 107 108 108 106 106 106 106 106 106 101 101
152 153 153 153 163 163 163 173 173 177 177 177 174 174 171 171 171 172 172 172 173 173 172 172 172 168 168 163 163 163 159 159 159 155 155 151 151 151 149 149 149 148 148 152 152 152 159 159 163 163 163 161 161 161 153 153 143 143 143 131 131 121 121 121 119 119 119 122 122 125 125 125 123 123 123 118 118 118 118 118 119 119 118 118 118 119 119 119 113 113
152 153 153 153 163 163 163 173 173 177 177 177 174 174 171 171 171 172 172 172 173 173 172 172 172 168 168 163 163 163 159 159 159 155 155 151 151 151 149 149 149 148 148 152 152 152 159 159 163 163 163 161 161 161 153 153 143 143 143 131 131 121 121 121 119 119 119 122 122 125 125 125 123 123 123 118 118 118 118 118 119 119 118 118 118 119 119 119 113 113
152 153 153 153 163 163 163 173 173 177 177 177 174 174 171 171 171 172 172 172 173 173 172 172 172 168 168 163 163 163 159 159 159 155 155 151 151 151 149 149 149 148 148 152 152 152 159 159 163 163 163 161 161 161 153 153 143 143 143 131 131 121 121 121 119 119 119 122 122 125 125 125 123 123 123 118 118 118 118 118 119 119 118 118 118 119 119 119 113 113
159 156 156 156 160 160 160 167 167 172 172 172 173 173 173 173 173 174 174 174 174 174 172 172 172 167 167 162 162 162 158 158 158 155 155 151 151 151 149 149 149 150 150 154 154 154 157 157 155 155 155 150 150 150 142 142 135 135 135 127 127 124 124 124 128 128 128 134 134 139 139 139 138 138 138 129 129 124 124 124 122 122 120 120 120 120 120 120 114 114
159 156 156 156 160 160 160 167 167 172 172 172 173 173 173 173 173 174 174 174 174 174 172 172 172 167 167 162 162 162 158 158 158 155 155 151 151 151 149 149 149 150 150 154 154 154 157 157 155 155 155 150 150 150 142 142 135 135 135 127 127 124 124 124 128 128 128 134 134 139 139 139 138 138 138 129 129 124 124 124 122 122 120 120 120 120 120 120 114 114
159 156 156 156 160 160 160 167 167 172 172 172 173 173 173 173 173 174 174 174 174 174 172 172 172 167 167 162 162 162 158 158 158 155 155 151 151 151 149 149 149 150 150 154 154 154 157 157 155 155 155 150 150 150 142 142 135 135 135 127 127 124 124 124 128 128 128 134 134 139 139 139 138 138 138 129 129 124 124 124 122 122 120 120 120 120 120 120 114 114
168 161 161 161 159 159 159 163 163 170 170 170 174 174 174 174 174 173 173 173 172 172 169 169 169 164 164 159 159 159 156 156 156 153 153 149 149 149 147 147 147 150 150 153 153 153 150 150 141 141 141 134 134 134 130 130 128 128 128 127 127 131 131 131 140 140 140 148 148 152 152 152 148 148 148 136 136 124 124 124 115 115 110 110 110 109 109 109 105 105
168 161 161 161 159 159 159 163 163 170 170 170 174 174 174 174 174 173 173 173 172 172 169 169 169 164 164 159 159 159 156 156 156 153 153 149 149 149 147 147 147 150 150 153 153 153 150 150 141 141 141 134 134 134 130 130 128 128 128 127 127 131 131 131 140 140 140 148 148 152 152 152 148 148 148 136 136 124 124 124 115 115 110 110 110 109 109 109 105 105
