SEB_model/sample_data_files/historical/hillshade/july6am.txt
ncols         559
nrows         351
xllcorner     388608.08691406
yllcorner     7584381.3441773
cellsize      5
NODATA_value  -9999
[rows 117 to 155 of 351, columns 264 to 351 of 559]
147 147 147 158 158 143 143 143 122 122 117 117 117 117 117 117 134 134 137 137 137 124 124 124 127 127 116 116 116 103 103 88 88 88 100 100 100 132 132 126 126 126 101 101 105 105 105 88 88 88 128 128 174 174 174 195 195 195 187 187 124 124 124 111 111 116 116 116 118 118 118 114 114 114 114 114 124 124 129 129 129 112 112 112 55 55 0 0
153 153 153 162 162 141 141 141 114 114 108 108 108 122 122 122 145 145 141 141 141 117 117 117 116 116 116 116 116 102 102 85 85 85 95 95 95 131 131 134 134 134 114 114 124 124 124 96 96 96 119 119 161 161 161 188 188 188 183 183 116 116 116 116 116 130 130 130 133 133 133 121 121 117 117 117 123 123 106 106 106 69 69 69 0 0 20 20
153 153 153 162 162 141 141 141 114 114 108 108 108 122 122 122 145 145 141 141 141 117 117 117 116 116 116 116 116 102 102 85 85 85 95 95 95 131 131 134 134 134 114 114 124 124 124 96 96 96 119 119 161 161 161 188 188 188 183 183 116 116 116 116 116 130 130 130 133 133 133 121 121 117 117 117 123 123 106 106 106 69 69 69 0 0 20 20
153 153 153 162 162 141 141 141 114 114 108 108 108 122 122 122 145 145 141 141 141 117 117 117 116 116 116 116 116 102 102 85 85 85 95 95 95 131 131 134 134 134 114 114 124 124 124 96 96 96 119 119 161 161 161 188 188 188 183 183 116 116 116 116 116 130 130 130 133 133 133 121 121 117 117 117 123 123 106 106 106 69 69 69 0 0 20 20
158 158 158 161 161 130 130 130 100 100 112 112 112 143 143 143 160 160 142 142 142 104 104 104 102 102 112 112 112 95 95 87 87 87 104 104 104 139 139 142 142 142 120 120 135 135 135 110 110 110 119 119 153 153 153 180 180 180 176 176 112 112 112 109 109 130 130 130 133 133 133 122 122 116 116 116 109 109 77 77 77 47 47 47 37 37 51 51
158 158 158 161 161 130 130 130 100 100 112 112 112 143 143 143 160 160 142 142 142 104 104 104 102 102 112 112 112 95 95 87 87 87 104 104 104 139 139 142 142 142 120 120 135 135 135 110 110 110 119 119 153 153 153 180 180 180 176 176 112 112 112 109 109 130 130 130 133 133 133 122 122 116 116 116 109 109 77 77 77 47 47 47 37 37 51 51
159 159 159 151 151 112 112 112 92 92 131 131 131 166 166 166 170 170 136 136 136 86 86 86 91 91 108 108 108 96 96 102 102 102 121 121 121 146 146 144 144 144 123 123 141 141 141 121 121 121 120 120 149 149 149 174 174 174 174 174 117 117 117 98 98 116 116 116 121 121 121 118 118 110 110 110 89 89 59 59 59 50 50 50 66 66 84 84
159 159 159 151 151 112 112 112 92 92 131 131 131 166 166 166 170 170 136 136 136 86 86 86 91 91 108 108 108 96 96 102 102 102 121 121 121 146 146 144 144 144 123 123 141 141 141 121 121 121 120 120 149 149 149 174 174 174 174 174 117 117 117 98 98 116 116 116 121 121 121 118 118 110 110 110 89 89 59 59 59 50 50 50 66 66 84 84
159 159 159 151 151 112 112 112 92 92 131 131 131 166 166 166 170 170 136 136 136 86 86 86 91 91 108 108 108 96 96 102 102 102 121 121 121 146 146 144 144 144 123 123 141 141 141 121 121 121 120 120 149 149 149 174 174 174 174 174 117 117 117 98 98 116 116 116 121 121 121 118 118 110 110 110 89 89 59 59 59 50 50 50 66 66 84 84
154 154 154 141 141 105 105 105 101 101 151 151 151 175 175 175 167 167 121 121 121 70 70 70 86 86 109 109 109 111 111 124 124 124 133 133 133 144 144 138 138 138 126 126 142 142 142 124 124 124 119 119 141 141 141 165 165 165 170 170 123 123 123 94 94 103 103 103 110 110 110 114 114 100 100 100 73 73 58 58 58 68 68 68 91 91 99 99
154 154 154 141 141 105 105 105 101 101 151 151 151 175 175 175 167 167 121 121 121 70 70 70 86 86 109 109 109 111 111 124 124 124 133 133 133 144 144 138 138 138 126 126 142 142 142 124 124 124 119 119 141 141 141 165 165 165 170 170 123 123 123 94 94 103 103 103 110 110 110 114 114 100 100 100 73 73 58 58 58 68 68 68 91 91 99 99
154 154 154 141 141 105 105 105 101 101 151 151 151 175 175 175 167 167 121 121 121 70 70 70 86 86 109 109 109 111 111 124 124 124 133 133 133 144 144 138 138 138 126 126 142 142 142 124 124 124 119 119 141 141 141 165 165 165 170 170 123 123 123 94 94 103 103 103 110 110 110 114 114 100 100 100 73 73 58 58 58 68 68 68 91 91 99 99
145 145 145 138 138 117 117 117 120 120 158 158 158 171 171 171 154 154 105 105 105 65 65 65 90 90 119 119 119 131 131 139 139 139 134 134 134 137 137 132 132 132 130 130 141 141 141 126 126 126 120 120 134 134 134 152 152 152 158 158 122 122 122 96 96 100 100 100 107 107 107 111 111 93 93 93 71 71 71 71 71 86 86 86 102 102 103 103
145 145 145 138 138 117 117 117 120 120 158 158 158 171 171 171 154 154 105 105 105 65 65 65 90 90 119 119 119 131 131 139 139 139 134 134 134 137 137 132 132 132 130 130 141 141 141 126 126 126 120 120 134 134 134 152 152 152 158 158 122 122 122 96 96 100 100 100 107 107 107 111 111 93 93 93 71 71 71 71 71 86 86 86 102 102 103 103
137 137 137 142 142 133 133 133 134 134 158 158 158 159 159 159 139 139 99 99 99 75 75 75 104 104 131 131 131 144 144 143 143 143 128 128 128 128 128 128 128 128 131 131 137 137 137 124 124 124 120 120 126 126 126 136 136 136 142 142 119 119 119 101 101 105 105 105 110 110 110 111 111 95 95 95 80 80 86 86 86 95 95 95 104 104 107 107
137 137 137 142 142 133 133 133 134 134 158 158 158 159 159 159 139 139 99 99 99 75 75 75 104 104 131 131 131 144 144 143 143 143 128 128 128 128 128 128 128 128 131 131 137 137 137 124 124 124 120 120 126 126 126 136 136 136 142 142 119 119 119 101 101 105 105 105 110 110 110 111 111 95 95 95 80 80 86 86 86 95 95 95 104 104 107 107
137 137 137 142 142 133 133 133 134 134 158 158 158 159 159 159 139 139 99 99 99 75 75 75 104 104 131 131 131 144 144 143 143 143 128 128 128 128 128 128 128 128 131 131 137 137 137 124 124 124 120 120 126 126 126 136 136 136 142 142 119 119 119 101 101 105 105 105 110 110 110 111 111 95 95 95 80 80 86 86 86 95 95 95 104 104 107 107
134 134 134 142 142 139 139 139 138 138 148 148 148 142 142 142 129 129 107 107 107 94 94 94 119 119 137 137 137 146 146 137 137 137 117 117 117 118 118 123 123 123 128 128 132 132 132 120 120 120 116 116 118 118 118 124 124 124 134 134 122 122 122 110 110 113 113 113 115 115 115 117 117 102 102 102 89 89 93 93 93 97 97 97 106 106 114 114
134 134 134 142 142 139 139 139 138 138 148 148 148 142 142 142 129 129 107 107 107 94 94 94 119 119 137 137 137 146 146 137 137 137 117 117 117 118 118 123 123 123 128 128 132 132 132 120 120 120 116 116 118 118 118 124 124 124 134 134 122 122 122 110 110 113 113 113 115 115 115 117 117 102 102 102 89 89 93 93 93 97 97 97 106 106 114 114
134 134 134 141 141 141 141 141 135 135 133 133 133 126 126 126 128 128 123 123 123 111 111 111 127 127 139 139 139 144 144 130 130 130 107 107 107 110 110 117 117 117 124 124 129 129 129 119 119 119 114 114 114 114 114 120 120 120 134 134 128 128 128 116 116 116 116 116 117 117 117 121 121 107 107 107 91 91 94 94 94 98 98 98 111 111 124 124
134 134 134 141 141 141 141 141 135 135 133 133 133 126 126 126 128 128 123 123 123 111 111 111 127 127 139 139 139 144 144 130 130 130 107 107 107 110 110 117 117 117 124 124 129 129 129 119 119 119 114 114 114 114 114 120 120 120 134 134 128 128 128 116 116 116 116 116 117 117 117 121 121 107 107 107 91 91 94 94 94 98 98 98 111 111 124 124
134 134 134 141 141 141 141 141 135 135 133 133 133 126 126 126 128 128 123 123 123 111 111 111 127 127 139 139 139 144 144 130 130 130 107 107 107 110 110 117 117 117 124 124 129 129 129 119 119 119 114 114 114 114 114 120 120 120 134 134 128 128 128 116 116 116 116 116 117 117 117 121 121 107 107 107 91 91 94 94 94 98 98 98 111 111 124 124
135 135 135 141 141 141 141 141 128 128 117 117 117 120 120 120 139 139 139 139 139 121 121 121 131 131 141 141 141 140 140 122 122 122 101 101 101 108 108 115 115 115 123 123 129 129 129 121 121 121 116 116 114 114 114 121 121 121 135 135 131 131 131 119 119 115 115 115 115 115 115 120 120 107 107 107 87 87 89 89 89 97 97 97 115 115 131 131
135 135 135 141 141 141 141 141 128 128 117 117 117 120 120 120 139 139 139 139 139 121 121 121 131 131 141 141 141 140 140 122 122 122 101 101 101 108 108 115 115 115 123 123 129 129 129 121 121 121 116 116 114 114 114 121 121 121 135 135 131 131 131 119 119 115 115 115 115 115 115 120 120 107 107 107 87 87 89 89 89 97 97 97 115 115 131 131
135 135 135 141 141 141 141 141 128 128 117 117 117 120 120 120 139 139 139 139 139 121 121 121 131 131 141 141 141 140 140 122 122 122 101 101 101 108 108 115 115 115 123 123 129 129 129 121 121 121 116 116 114 114 114 121 121 121 135 135 131 131 131 119 119 115 115 115 115 115 115 120 120 107 107 107 87 87 89 89 89 97 97 97 115 115 131 131
135 135 135 138 138 136 136 136 116 116 106 106 106 125 125 125 151 151 148 148 148 123 123 123 132 132 140 140 140 133 133 116 116 116 102 102 102 114 114 119 119 119 127 127 134 134 134 126 126 126 121 121 118 118 118 125 125 125 139 139 135 135 135 123 123 116 116 116 115 115 115 116 116 101 101 101 79 79 80 80 80 92 92 92 114 114 132 132
135 135 135 138 138 136 136 136 116 116 106 106 106 125 125 125 151 151 148 148 148 123 123 123 132 132 140 140 140 133 133 116 116 116 102 102 102 114 114 119 119 119 127 127 134 134 134 126 126 126 121 121 118 118 118 125 125 125 139 139 135 135 135 123 123 116 116 116 115 115 115 116 116 101 101 101 79 79 80 80 80 92 92 92 114 114 132 132
132 132 132 134 134 127 127 127 106 106 107 107 107 132 132 132 155 155 146 146 146 121 121 121 131 131 133 133 133 127 127 117 117 117 110 110 110 123 123 125 125 125 130 130 139 139 139 133 133 133 127 127 123 123 123 129 129 129 142 142 137 137 137 127 127 121 121 121 119 119 119 112 112 91 91 91 68 68 68 68 68 84 84 84 111 111 131 131
132 132 132 134 134 127 127 127 106 106 107 107 107 132 132 132 155 155 146 146 146 121 121 121 131 131 133 133 133 127 127 117 117 117 110 110 110 123 123 125 125 125 130 130 139 139 139 133 133 133 127 127 123 123 123 129 129 129 142 142 137 137 137 127 127 121 121 121 119 119 119 112 112 91 91 91 68 68 68 68 68 84 84 84 111 111 131 131
132 132 132 134 134 127 127 127 106 106 107 107 107 132 132 132 155 155 146 146 146 121 121 121 131 131 133 133 133 127 127 117 117 117 110 110 110 123 123 125 125 125 130 130 139 139 139 133 133 133 127 127 123 123 123 129 129 129 142 142 137 137 137 127 127 121 121 121 119 119 119 112 112 91 91 91 68 68 68 68 68 84 84 84 111 111 131 131
127 127 127 131 131 120 120 120 106 106 114 114 114 132 132 132 149 149 136 136 136 116 116 116 126 126 127 127 127 131 131 129 129 129 121 121 121 130 130 129 129 129 131 131 142 142 142 138 138 138 134 134 129 129 129 131 131 131 143 143 138 138 138 130 130 127 127 127 123 123 123 108 108 79 79 79 54 54 57 57 57 79 79 79 112 112 139 139
127 127 127 131 131 120 120 120 106 106 114 114 114 132 132 132 149 149 136 136 136 116 116 116 126 126 127 127 127 131 131 129 129 129 121 121 121 130 130 129 129 129 131 131 142 142 142 138 138 138 134 134 129 129 129 131 131 131 143 143 138 138 138 130 130 127 127 127 123 123 123 108 108 79 79 79 54 54 57 57 57 79 79 79 112 112 139 139
126 126 126 130 130 117 117 117 111 111 120 120 120 125 125 125 135 135 124 124 124 110 110 110 124 124 132 132 132 145 145 141 141 141 126 126 126 131 131 130 130 130 130 130 143 143 143 141 141 141 138 138 132 132 132 130 130 130 142 142 137 137 137 131 131 131 131 131 127 127 127 103 103 65 65 65 38 38 48 48 48 82 82 82 123 123 153 153
126 126 126 130 130 117 117 117 111 111 120 120 120 125 125 125 135 135 124 124 124 110 110 110 124 124 132 132 132 145 145 141 141 141 126 126 126 131 131 130 130 130 130 130 143 143 143 141 141 141 138 138 132 132 132 130 130 130 142 142 137 137 137 131 131 131 131 131 127 127 127 103 103 65 65 65 38 38 48 48 48 82 82 82 123 123 153 153
126 126 126 130 130 117 117 117 111 111 120 120 120 125 125 125 135 135 124 124 124 110 110 110 124 124 132 132 132 145 145 141 141 141 126 126 126 131 131 130 130 130 130 130 143 143 143 141 141 141 138 138 132 132 132 130 130 130 142 142 137 137 137 131 131 131 131 131 127 127 127 103 103 65 65 65 38 38 48 48 48 82 82 82 123 123 153 153
130 130 130 132 132 119 119 119 116 116 124 124 124 116 116 116 118 118 110 110 110 108 108 108 134 134 147 147 147 155 155 144 144 144 124 124 124 130 130 129 129 129 129 129 144 144 144 143 143 143 141 141 134 134 134 129 129 129 140 140 135 135 135 130 130 135 135 135 132 132 132 97 97 44 44 44 16 16 40 40 40 92 92 92 139 139 164 164
130 130 130 132 132 119 119 119 116 116 124 124 124 116 116 116 118 118 110 110 110 108 108 108 134 134 147 147 147 155 155 144 144 144 124 124 124 130 130 129 129 129 129 129 144 144 144 143 143 143 141 141 134 134 134 129 129 129 140 140 135 135 135 130 130 135 135 135 132 132 132 97 97 44 44 44 16 16 40 40 40 92 92 92 139 139 164 164
130 130 130 132 132 119 119 119 116 116 124 124 124 116 116 116 118 118 110 110 110 108 108 108 134 134 147 147 147 155 155 144 144 144 124 124 124 130 130 129 129 129 129 129 144 144 144 143 143 143 141 141 134 134 134 129 129 129 140 140 135 135 135 130 130 135 135 135 132 132 132 97 97 44 44 44 16 16 40 40 40 92 92 92 139 139 164 164
133 133 133 134 134 123 123 123 123 123 127 127 127 107 107 107 101 101 100 100 100 115 115 115 149 149 158 158 158 158 158 143 143 143 123 123 123 129 129 129 129 129 129 129 145 145 145 142 142 142 140 140 136 136 136 133 133 133 141 141 132 132 132 131 131 144 144 144 141 141 141 93 93 0 0 0 0 0 37 37 37 108 108 108 153 153 171 171
