SEB_model/sample_data_files/historical/hillshade/july6pm.txt
ncols         559
nrows         351
xllcorner     388608.08691406
yllcorner     7584381.3441773
cellsize      5
NODATA_value  -9999
[rows 86 to 128 of 351, columns 384 to 479 of 559]
0 0 0 0 0 0 0 0 0 0 0 0 0 0 0 0 0 0 0 0 0 0 0 0 0 0 0 0 0 0 0 0 0 0 0 0 0 0 0 0 -9999 -9999 -9999 -9999 -9999 -9999 -9999 -9999 -9999 -9999 -9999 -9999 -9999 -9999 -9999 -9999 -9999 -9999 -9999 -9999 -9999 -9999 -9999 -9999 -9999 -9999 -9999 -9999 -9999 -9999 -9999 -9999 -9999 -9999 -9999 -9999 -9999 -9999 -9999 -9999 -9999 -9999 -9999 -9999 -9999 -9999 -9999 -9999 -9999 -9999 -9999 -9999 -9999 -9999 -9999 -9999
0 0 0 0 0 0 0 0 0 0 0 0 0 0 0 0 0 0 0 0 0 0 0 0 0 0 0 0 0 0 0 0 38 38 0 0 0 59 59 59 59 -9999 -9999 -9999 -9999 -9999 -9999 -9999 -9999 -9999 -9999 -9999 -9999 -9999 -9999 -9999 -9999 -9999 -9999 -9999 -9999 -9999 -9999 -9999 -9999 -9999 -9999 -9999 -9999 -9999 -9999 -9999 -9999 -9999 -9999 -9999 -9999 -9999 -9999 -9999 -9999 -9999 -9999 -9999 -9999 -9999 -9999 -9999 -9999 -9999 -9999 -9999 -9999 -9999 -9999 -9999
0 0 0 0 0 0 0 0 0 0 0 0 0 0 0 0 0 0 0 0 0 0 0 0 0 0 0 0 0 0 0 0 38 38 0 0 0 59 59 59 59 59 -9999 -9999 -9999 -9999 -9999 -9999 -9999 -9999 -9999 -9999 -9999 -9999 -9999 -9999 -9999 -9999 -9999 -9999 -9999 -9999 -9999 -9999 -9999 -9999 -9999 -9999 -9999 -9999 -9999 -9999 -9999 -9999 -9999 -9999 -9999 -9999 -9999 -9999 -9999 -9999 -9999 -9999 -9999 -9999 -9999 -9999 -9999 -9999 -9999 -9999 -9999 -9999 -9999 -9999
52 52 52 47 47 47 34 34 40 40 40 41 41 37 37 37 45 45 45 45 45 44 44 44 41 41 41 32 32 36 36 36 37 37 43 43 43 56 56 56 57 57 48 -9999 -9999 -9999 -9999 -9999 -9999 -9999 -9999 -9999 -9999 -9999 -9999 -9999 -9999 -9999 -9999 -9999 -9999 -9999 -9999 -9999 -9999 -9999 -9999 -9999 -9999 -9999 -9999 -9999 -9999 -9999 -9999 -9999 -9999 -9999 -9999 -9999 -9999 -9999 -9999 -9999 -9999 -9999 -9999 -9999 -9999 -9999 -9999 -9999 -9999 -9999 -9999 -9999
52 52 52 47 47 47 34 34 40 40 40 41 41 37 37 37 45 45 45 45 45 44 44 44 41 41 41 32 32 36 36 36 37 37 43 43 43 56 56 56 57 57 48 48 -9999 -9999 -9999 -9999 -9999 -9999 -9999 -9999 -9999 -9999 -9999 -9999 -9999 -9999 -9999 -9999 -9999 -9999 -9999 -9999 -9999 -9999 -9999 -9999 -9999 -9999 -9999 -9999 -9999 -9999 -9999 -9999 -9999 -9999 -9999 -9999 -9999 -9999 -9999 -9999 -9999 -9999 -9999 -9999 -9999 -9999 -9999 -9999 -9999 -9999 -9999 -9999
52 52 52 47 47 47 34 34 40 40 40 41 41 37 37 37 45 45 45 45 45 44 44 44 41 41 41 32 32 36 36 36 37 37 43 43 43 56 56 56 57 57 48 48 48 -9999 -9999 -9999 -9999 -9999 -9999 -9999 -9999 -9999 -9999 -9999 -9999 -9999 -9999 -9999 -9999 -9999 -9999 -9999 -9999 -9999 -9999 -9999 -9999 -9999 -9999 -9999 -9999 -9999 -9999 -9999 -9999 -9999 -9999 -9999 -9999 -9999 -9999 -9999 -9999 -9999 -9999 -9999 -9999 -9999 -9999 -9999 -9999 -9999 -9999 -9999
51 51 51 47 47 47 32 32 37 37 37 40 40 37 37 37 45 45 45 46 46 45 45 45 41 41 41 31 31 36 36 36 37 37 41 41 41 51 51 51 53 53 46 46 46 -9999 -9999 -9999 -9999 -9999 -9999 -9999 -9999 -9999 -9999 -9999 -9999 -9999 -9999 -9999 -9999 -9999 -9999 -9999 -9999 -9999 -9999 -9999 -9999 -9999 -9999 -9999 -9999 -9999 -9999 -9999 -9999 -9999 -9999 -9999 -9999 -9999 -9999 -9999 -9999 -9999 -9999 -9999 -9999 -9999 -9999 -9999 -9999 -9999 -9999 -9999
51 51 51 47 47 47 32 32 37 37 37 40 40 37 37 37 45 45 45 46 46 45 45 45 41 41 41 31 31 36 36 36 37 37 41 41 41 51 51 51 53 53 46 46 46 42 42 -9999 -9999 -9999 -9999 -9999 -9999 -9999 -9999 -9999 -9999 -9999 -9999 -9999 -9999 -9999 -9999 -9999 -9999 -9999 -9999 -9999 -9999 -9999 -9999 -9999 -9999 -9999 -9999 -9999 -9999 -9999 -9999 -9999 -9999 -9999 -9999 -9999 -9999 -9999 -9999 -9999 -9999 -9999 -9999 -9999 -9999 -9999 -9999 -9999
51 51 51 47 47 47 32 32 37 37 37 40 40 37 37 37 45 45 45 46 46 45 45 45 41 41 41 31 31 36 36 36 37 37 41 41 41 51 51 51 53 53 46 46 46 42 42 54 -9999 -9999 -9999 -9999 -9999 -9999 -9999 -9999 -9999 -9999 -9999 -9999 -9999 -9999 -9999 -9999 -9999 -9999 -9999 -9999 -9999 -9999 -9999 -9999 -9999 -9999 -9999 -9999 -9999 -9999 -9999 -9999 -9999 -9999 -9999 -9999 -9999 -9999 -9999 -9999 -9999 -9999 -9999 -9999 -9999 -9999 -9999 -9999
52 52 52 48 48 48 33 33 35 35 35 35 35 33 33 33 44 44 44 47 47 46 46 46 41 41 41 31 31 36 36 36 37 37 39 39 39 47 47 47 49 49 53 53 53 44 44 40 40 -9999 -9999 -9999 -9999 -9999 -9999 -9999 -9999 -9999 -9999 -9999 -9999 -9999 -9999 -9999 -9999 -9999 -9999 -9999 -9999 -9999 -9999 -9999 -9999 -9999 -9999 -9999 -9999 -9999 -9999 -9999 -9999 -9999 -9999 -9999 -9999 -9999 -9999 -9999 -9999 -9999 -9999 -9999 -9999 -9999 -9999 -9999
52 52 52 48 48 48 33 33 35 35 35 35 35 33 33 33 44 44 44 47 47 46 46 46 41 41 41 31 31 36 36 36 37 37 39 39 39 47 47 47 49 49 53 53 53 44 44 40 40 40 -9999 -9999 -9999 -9999 -9999 -9999 -9999 -9999 -9999 -9999 -9999 -9999 -9999 -9999 -9999 -9999 -9999 -9999 -9999 -9999 -9999 -9999 -9999 -9999 -9999 -9999 -9999 -9999 -9999 -9999 -9999 -9999 -9999 -9999 -9999 -9999 -9999 -9999 -9999 -9999 -9999 -9999 -9999 -9999 -9999 -9999
52 52 52 50 50 50 36 36 37 37 37 31 31 27 27 27 42 42 42 46 46 46 46 46 42 42 42 31 31 37 37 37 37 37 39 39 39 44 44 44 46 46 56 56 56 53 53 36 36 36 0 -9999 -9999 -9999 -9999 -9999 -9999 -9999 -9999 -9999 -9999 -9999 -9999 -9999 -9999 -9999 -9999 -9999 -9999 -9999 -9999 -9999 -9999 -9999 -9999 -9999 -9999 -9999 -9999 -9999 -9999 -9999 -9999 -9999 -9999 -9999 -9999 -9999 -9999 -9999 -9999 -9999 -9999 -9999 -9999 -9999
52 52 52 50 50 50 36 36 37 37 37 31 31 27 27 27 42 42 42 46 46 46 46 46 42 42 42 31 31 37 37 37 37 37 39 39 39 44 44 44 46 46 56 56 56 53 53 36 36 36 0 0 -9999 -9999 -9999 -9999 -9999 -9999 -9999 -9999 -9999 -9999 -9999 -9999 -9999 -9999 -9999 -9999 -9999 -9999 -9999 -9999 -9999 -9999 -9999 -9999 -9999 -9999 -9999 -9999 -9999 -9999 -9999 -9999 -9999 -9999 -9999 -9999 -9999 -9999 -9999 -9999 -9999 -9999 -9999 -9999
52 52 52 50 50 50 36 36 37 37 37 31 31 27 27 27 42 42 42 46 46 46 46 46 42 42 42 31 31 37 37 37 37 37 39 39 39 44 44 44 46 46 56 56 56 53 53 36 36 36 0 0 0 -9999 -9999 -9999 -9999 -9999 -9999 -9999 -9999 -9999 -9999 -9999 -9999 -9999 -9999 -9999 -9999 -9999 -9999 -9999 -9999 -9999 -9999 -9999 -9999 -9999 -9999 -9999 -9999 -9999 -9999 -9999 -9999 -9999 -9999 -9999 -9999 -9999 -9999 -9999 -9999 -9999 -9999 -9999
52 52 52 52 52 52 40 40 42 42 42 31 31 23 23 23 38 38 38 43 43 44 44 44 42 42 42 33 33 39 39 39 39 39 40 40 40 43 43 43 44 44 54 54 54 56 56 46 46 46 51 51 51 43 -9999 -9999 -9999 -9999 -9999 -9999 -9999 -9999 -9999 -9999 -9999 -9999 -9999 -9999 -9999 -9999 -9999 -9999 -9999 -9999 -9999 -9999 -9999 -9999 -9999 -9999 -9999 -9999 -9999 -9999 -9999 -9999 -9999 -9999 -9999 -9999 -9999 -9999 -9999 -9999 -9999 -9999
52 52 52 52 52 52 40 40 42 42 42 31 31 23 23 23 38 38 38 43 43 44 44 44 42 42 42 33 33 39 39 39 39 39 40 40 40 43 43 43 44 44 54 54 54 56 56 46 46 46 51 51 51 43 43 -9999 -9999 -9999 -9999 -9999 -9999 -9999 -9999 -9999 -9999 -9999 -9999 -9999 -9999 -9999 -9999 -9999 -9999 -9999 -9999 -9999 -9999 -9999 -9999 -9999 -9999 -9999 -9999 -9999 -9999 -9999 -9999 -9999 -9999 -9999 -9999 -9999 -9999 -9999 -9999 -9999
53 53 53 55 55 55 44 44 44 44 44 32 32 21 21 21 36 36 36 39 39 41 41 41 41 41 41 30 30 38 38 38 40 40 40 40 40 42 42 42 41 41 51 51 51 54 54 50 50 50 53 53 53 43 43 26 26 -9999 -9999 -9999 -9999 -9999 -9999 -9999 -9999 -9999 -9999 -9999 -9999 -9999 -9999 -9999 -9999 -9999 -9999 -9999 -9999 -9999 -9999 -9999 -9999 -9999 -9999 -9999 -9999 -9999 -9999 -9999 -9999 -9999 -9999 -9999 -9999 -9999 -9999 -9999
53 53 53 55 55 55 44 44 44 44 44 32 32 21 21 21 36 36 36 39 39 41 41 41 41 41 41 30 30 38 38 38 40 40 40 40 40 42 42 42 41 41 51 51 51 54 54 50 50 50 53 53 53 43 43 26 26 26 -9999 -9999 -9999 -9999 -9999 -9999 -9999 -9999 -9999 -9999 -9999 -9999 -9999 -9999 -9999 -9999 -9999 -9999 -9999 -9999 -9999 -9999 -9999 -9999 -9999 -9999 -9999 -9999 -9999 -9999 -9999 -9999 -9999 -9999 -9999 -9999 -9999 -9999
53 53 53 55 55 55 44 44 44 44 44 32 32 21 21 21 36 36 36 39 39 41 41 41 41 41 41 30 30 38 38 38 40 40 40 40 40 42 42 42 41 41 51 51 51 54 54 50 50 50 53 53 53 43 43 26 26 26 32 32 -9999 -9999 -9999 -9999 -9999 -9999 -9999 -9999 -9999 -9999 -9999 -9999 -9999 -9999 -9999 -9999 -9999 -9999 -9999 -9999 -9999 -9999 -9999 -9999 -9999 -9999 -9999 -9999 -9999 -9999 -9999 -9999 -9999 -9999 -9999 -9999
53 53 53 56 56 56 45 45 45 45 45 33 33 21 21 21 35 35 35 39 39 41 41 41 41 41 41 28 28 35 35 35 38 38 39 39 39 42 42 42 41 41 50 50 50 53 53 48 48 48 51 51 51 48 48 36 36 36 23 23 23 0 -9999 -9999 -9999 -9999 -9999 -9999 -9999 -9999 -9999 -9999 -9999 -9999 -9999 -9999 -9999 -9999 -9999 -9999 -9999 -9999 -9999 -9999 -9999 -9999 -9999 -9999 -9999 -9999 -9999 -9999 -9999 -9999 -9999 -9999
53 53 53 56 56 56 45 45 45 45 45 33 33 21 21 21 35 35 35 39 39 41 41 41 41 41 41 28 28 35 35 35 38 38 39 39 39 42 42 42 41 41 50 50 50 53 53 48 48 48 51 51 51 48 48 36 36 36 23 23 23 0 0 53 -9999 -9999 -9999 -9999 -9999 -9999 -9999 -9999 -9999 -9999 -9999 -9999 -9999 -9999 -9999 -9999 -9999 -9999 -9999 -9999 -9999 -9999 -9999 -9999 -9999 -9999 -9999 -9999 -9999 -9999 -9999 -9999
53 53 53 56 56 56 45 45 45 45 45 33 33 21 21 21 35 35 35 39 39 41 41 41 41 41 41 28 28 35 35 35 38 38 39 39 39 42 42 42 41 41 50 50 50 53 53 48 48 48 51 51 51 48 48 36 36 36 23 23 23 0 0 53 53 53 -9999 -9999 -9999 -9999 -9999 -9999 -9999 -9999 -9999 -9999 -9999 -9999 -9999 -9999 -9999 -9999 -9999 -9999 -9999 -9999 -9999 -9999 -9999 -9999 -9999 -9999 -9999 -9999 -9999 -9999
52 52 52 55 55 55 46 46 45 45 45 35 35 23 23 23 36 36 36 41 41 42 42 42 42 42 42 29 29 33 33 33 31 31 33 33 33 41 41 41 40 40 50 50 50 52 52 47 47 47 50 50 50 45 45 38 38 38 30 30 30 37 37 44 44 44 46 46 -9999 -9999 -9999 -9999 -9999 -9999 -9999 -9999 -9999 -9999 -9999 -9999 -9999 -9999 -9999 -9999 -9999 -9999 -9999 -9999 -9999 -9999 -9999 -9999 -9999 -9999 -9999 -9999
52 52 52 55 55 55 46 46 45 45 45 35 35 23 23 23 36 36 36 41 41 42 42 42 42 42 42 29 29 33 33 33 31 31 33 33 33 41 41 41 40 40 50 50 50 52 52 47 47 47 50 50 50 45 45 38 38 38 30 30 30 37 37 44 44 44 46 46 52 -9999 -9999 -9999 -9999 -9999 -9999 -9999 -9999 -9999 -9999 -9999 -9999 -9999 -9999 -9999 -9999 -9999 -9999 -9999 -9999 -9999 -9999 -9999 -9999 -9999 -9999 -9999
53 53 53 55 55 55 45 45 44 44 44 37 37 25 25 25 38 38 38 42 42 42 42 42 41 41 41 31 31 34 34 34 27 27 29 29 29 37 37 37 37 37 48 48 48 50 50 46 46 46 48 48 48 41 41 34 34 34 35 35 35 40 40 46 46 46 48 48 38 38 38 0 -9999 -9999 -9999 -9999 -9999 -9999 -9999 -9999 -9999 -9999 -9999 -9999 -9999 -9999 -9999 -9999 -9999 -9999 -9999 -9999 -9999 -9999 -9999 -9999
53 53 53 55 55 55 45 45 44 44 44 37 37 25 25 25 38 38 38 42 42 42 42 42 41 41 41 31 31 34 34 34 27 27 29 29 29 37 37 37 37 37 48 48 48 50 50 46 46 46 48 48 48 41 41 34 34 34 35 35 35 40 40 46 46 46 48 48 38 38 38 0 0 0 51 51 51 51 51 55 55 -9999 -9999 -9999 -9999 -9999 -9999 -9999 -9999 -9999 -9999 -9999 -9999 -9999 -9999 -9999
53 53 53 55 55 55 45 45 44 44 44 37 37 25 25 25 38 38 38 42 42 42 42 42 41 41 41 31 31 34 34 34 27 27 29 29 29 37 37 37 37 37 48 48 48 50 50 46 46 46 48 48 48 41 41 34 34 34 35 35 35 40 40 46 46 46 48 48 38 38 38 0 0 0 51 51 51 51 51 55 55 55 55 55 56 -9999 -9999 -9999 -9999 -9999 -9999 -9999 -9999 -9999 -9999 -9999
56 56 56 56 56 56 44 44 44 44 44 39 39 29 29 29 40 40 40 43 43 41 41 41 42 42 42 34 34 38 38 38 30 30 30 30 30 35 35 35 33 33 45 45 45 49 49 42 42 42 44 44 44 37 37 33 33 33 38 38 38 42 42 52 52 52 46 46 35 35 35 35 35 35 35 35 41 41 41 53 53 55 55 55 56 56 -9999 -9999 -9999 -9999 -9999 -9999 -9999 -9999 -9999 -9999
56 56 56 56 56 56 44 44 44 44 44 39 39 29 29 29 40 40 40 43 43 41 41 41 42 42 42 34 34 38 38 38 30 30 30 30 30 35 35 35 33 33 45 45 45 49 49 42 42 42 44 44 44 37 37 33 33 33 38 38 38 42 42 52 52 52 46 46 35 35 35 35 35 35 35 35 41 41 41 53 53 55 55 55 56 56 56 57 -9999 -9999 -9999 -9999 -9999 -9999 -9999 -9999
58 58 58 55 55 55 42 42 45 45 45 41 41 31 31 31 40 40 40 42 42 42 42 42 44 44 44 38 38 41 41 41 33 33 32 32 32 36 36 36 32 32 43 43 43 44 44 31 31 31 33 33 33 30 30 31 31 31 40 40 40 43 43 50 50 50 43 43 38 38 38 33 33 33 23 23 34 34 34 49 49 53 53 53 56 56 56 53 53 -9999 -9999 -9999 -9999 -9999 -9999 -9999
58 58 58 55 55 55 42 42 45 45 45 41 41 31 31 31 40 40 40 42 42 42 42 42 44 44 44 38 38 41 41 41 33 33 32 32 32 36 36 36 32 32 43 43 43 44 44 31 31 31 33 33 33 30 30 31 31 31 40 40 40 43 43 50 50 50 43 43 38 38 38 33 33 33 23 23 34 34 34 49 49 53 53 53 56 56 56 53 53 53 53 -9999 -9999 -9999 -9999 -9999
58 58 58 55 55 55 42 42 45 45 45 41 41 31 31 31 40 40 40 42 42 42 42 42 44 44 44 38 38 41 41 41 33 33 32 32 32 36 36 36 32 32 43 43 43 44 44 31 31 31 33 33 33 30 30 31 31 31 40 40 40 43 43 50 50 50 43 43 38 38 38 33 33 33 23 23 34 34 34 49 49 53 53 53 56 56 56 53 53 53 53 53 -9999 -9999 -9999 -9999
57 57 57 52 52 52 40 40 47 47 47 44 44 32 32 32 39 39 39 41 41 43 43 43 47 47 47 41 41 44 44 44 36 36 34 34 34 36 36 36 31 31 40 40 40 36 36 19 19 19 21 21 21 24 24 31 31 31 41 41 41 41 41 47 47 47 42 42 38 38 38 33 33 33 22 22 34 34 34 46 46 49 49 49 54 54 54 48 48 46 46 46 53 53 -9999 -9999
57 57 57 52 52 52 40 40 47 47 47 44 44 32 32 32 39 39 39 41 41 43 43 43 47 47 47 41 41 44 44 44 36 36 34 34 34 36 36 36 31 31 40 40 40 36 36 19 19 19 21 21 21 24 24 31 31 31 41 41 41 41 41 47 47 47 42 42 38 38 38 33 33 33 22 22 34 34 34 46 46 49 49 49 54 54 54 48 48 46 46 46 53 53 53 -9999
57 57 57 52 52 52 40 40 47 47 47 44 44 32 32 32 39 39 39 41 41 43 43 43 47 47 47 41 41 44 44 44 36 36 34 34 34 36 36 36 31 31 40 40 40 36 36 19 19 19 21 21 21 24 24 31 31 31 41 41 41 41 41 47 47 47 42 42 38 38 38 33 33 33 22 22 34 34 34 46 46 49 49 49 54 54 54 48 48 46 46 46 53 53 53 58
55 55 55 50 50 50 40 40 49 49 49 44 44 32 32 32 38 38 38 41 41 45 45 45 49 49 49 42 42 45 45 45 38 38 34 34 34 35 35 35 27 27 34 34 34 30 30 16 16 16 21 21 21 27 27 35 35 35 43 43 43 38 38 45 45 45 44 44 37 37 37 32 32 32 24 24 36 36 36 44 44 42 42 42 49 49 49 46 46 44 44 44 46 46 46 48
55 55 55 50 50 50 40 40 49 49 49 44 44 32 32 32 38 38 38 41 41 45 45 45 49 49 49 42 42 45 45 45 38 38 34 34 34 35 35 35 27 27 34 34 34 30 30 16 16 16 21 21 21 27 27 35 35 35 43 43 43 38 38 45 45 45 44 44 37 37 37 32 32 32 24 24 36 36 36 44 44 42 42 42 49 49 49 46 46 44 44 44 46 46 46 48
53 53 53 48 48 48 39 39 49 49 49 44 44 32 32 32 38 38 38 42 42 46 46 46 50 50 50 41 41 43 43 43 38 38 33 33 33 32 32 32 22 22 30 30 30 29 29 19 19 19 30 30 30 35 35 38 38 38 42 42 42 34 34 44 44 44 44 44 34 34 34 28 28 28 21 21 35 35 35 41 41 37 37 37 47 47 47 47 47 45 45 45 43 43 43 40
53 53 53 48 48 48 39 39 49 49 49 44 44 32 32 32 38 38 38 42 42 46 46 46 50 50 50 41 41 43 43 43 38 38 33 33 33 32 32 32 22 22 30 30 30 29 29 19 19 19 30 30 30 35 35 38 38 38 42 42 42 34 34 44 44 44 44 44 34 34 34 28 28 28 21 21 35 35 35 41 41 37 37 37 47 47 47 47 47 45 45 45 43 43 43 40
53 53 53 48 48 48 39 39 49 49 49 44 44 32 32 32 38 38 38 42 42 46 46 46 50 50 50 41 41 43 43 43 38 38 33 33 33 32 32 32 22 22 30 30 30 29 29 19 19 19 30 30 30 35 35 38 38 38 42 42 42 34 34 44 44 44 44 44 34 34 34 28 28 28 21 21 35 35 35 41 41 37 37 37 47 47 47 47 47 45 45 45 43 43 43 40
48 48 48 44 44 44 39 39 48 48 48 43 43 32 32 32 40 40 40 44 44 48 48 48 51 51 51 40 40 43 43 43 38 38 31 31 31 29 29 29 20 20 31 31 31 33 33 26 26 26 38 38 38 40 40 38 38 38 39 39 39 31 31 43 43 43 42 42 33 33 33 24 24 24 0 0 30 30 30 37 37 35 35 35 48 48 48 49 49 47 47 47 44 44 44 39
48 48 48 44 44 44 39 39 48 48 48 43 43 32 32 32 40 40 40 44 44 48 48 48 51 51 51 40 40 43 43 43 38 38 31 31 31 29 29 29 20 20 31 31 31 33 33 26 26 26 38 38 38 40 40 38 38 38 39 39 39 31 31 43 43 43 42 42 33 33 33 24 24 24 0 0 30 30 30 37 37 35 35 35 48 48 48 49 49 47 47 47 44 44 44 39
48 48 48 44 44 44 39 39 48 48 48 43 43 32 32 32 40 40 40 44 44 48 48 48 51 51 51 40 40 43 43 43 38 38 31 31 31 29 29 29 20 20 31 31 31 33 33 26 26 26 38 38 38 40 40 38 38 38 39 39 39 31 31 43 43 43 42 42 33 33 33 24 24 24 0 0 30 30 30 37 37 35 35 35 48 48 48 49 49 47 47 47 44 44 44 39
