SEB_model/sample_data_files/historical/hillshade/july6pm.txt
ncols         559
nrows         351
xllcorner     388608.08691406
yllcorner     7584381.3441773
cellsize      5
NODATA_value  -9999
[rows 172 to 214 of 351, columns 192 to 287 of 559]
0 0 0 0 0 0 0 0 0 57 57 57 56 56 38 38 38 42 42 42 39 39 36 36 36 37 37 37 32 32 47 47 47 43 43 35 35 35 32 32 32 29 29 40 40 40 44 44 44 44 44 56 56 56 57 57 58 58 58 61 61 61 56 56 62 62 62 55 55 49 49 49 51 51 51 58 58 79 79 79 83 83 73 73 73 76 76 76 70 70 67 67 67 69 69 69
0 0 0 0 0 0 0 0 0 51 51 51 48 48 34 34 34 44 44 44 41 41 39 39 39 41 41 41 30 30 38 38 38 36 36 36 36 36 40 40 40 36 36 46 46 46 48 48 45 45 45 54 54 54 55 55 56 56 56 60 60 60 55 55 62 62 62 57 57 53 53 53 59 59 59 64 64 81 81 81 84 84 74 74 74 77 77 77 71 71 68 68 68 67 67 67
0 0 0 0 0 0 0 0 0 51 51 51 48 48 34 34 34 44 44 44 41 41 39 39 39 41 41 41 30 30 38 38 38 36 36 36 36 36 40 40 40 36 36 46 46 46 48 48 45 45 45 54 54 54 55 55 56 56 56 60 60 60 55 55 62 62 62 57 57 53 53 53 59 59 59 64 64 81 81 81 84 84 74 74 74 77 77 77 71 71 68 68 68 67 67 67
0 0 0 0 0 0 0 0 0 51 51 51 48 48 34 34 34 44 44 44 41 41 39 39 39 41 41 41 30 30 38 38 38 36 36 36 36 36 40 40 40 36 36 46 46 46 48 48 45 45 45 54 54 54 55 55 56 56 56 60 60 60 55 55 62 62 62 57 57 53 53 53 59 59 59 64 64 81 81 81 84 84 74 74 74 77 77 77 71 71 68 68 68 67 67 67
0 0 0 0 0 0 0 0 0 0 0 0 40 40 29 29 29 43 43 43 42 42 45 45 45 47 47 47 28 28 29 29 29 27 27 36 36 36 47 47 47 43 43 51 51 51 50 50 43 43 43 50 50 50 51 51 54 54 54 58 58 58 55 55 64 64 64 63 63 62 62 62 66 66 66 64 64 75 75 75 77 77 75 75 75 82 82 82 75 75 69 69 69 63 63 63
0 0 0 0 0 0 0 0 0 0 0 0 40 40 29 29 29 43 43 43 42 42 45 45 45 47 47 47 28 28 29 29 29 27 27 36 36 36 47 47 47 43 43 51 51 51 50 50 43 43 43 50 50 50 51 51 54 54 54 58 58 58 55 55 64 64 64 63 63 62 62 62 66 66 66 64 64 75 75 75 77 77 75 75 75 82 82 82 75 75 69 69 69 63 63 63
0 0 0 0 0 0 0 0 0 0 0 0 35 35 25 25 25 41 41 41 43 43 51 51 51 50 50 50 24 24 21 21 21 23 23 39 39 39 52 52 52 47 47 54 54 54 51 51 42 42 42 48 48 48 48 48 51 51 51 56 56 56 56 56 70 70 70 72 72 70 70 70 68 68 68 58 58 65 65 65 67 67 71 71 71 83 83 83 79 79 71 71 71 61 61 61
0 0 0 0 0 0 0 0 0 0 0 0 35 35 25 25 25 41 41 41 43 43 51 51 51 50 50 50 24 24 21 21 21 23 23 39 39 39 52 52 52 47 47 54 54 54 51 51 42 42 42 48 48 48 48 48 51 51 51 56 56 56 56 56 70 70 70 72 72 70 70 70 68 68 68 58 58 65 65 65 67 67 71 71 71 83 83 83 79 79 71 71 71 61 61 61
0 0 0 0 0 0 0 0 0 0 0 0 35 35 25 25 25 41 41 41 43 43 51 51 51 50 50 50 24 24 21 21 21 23 23 39 39 39 52 52 52 47 47 54 54 54 51 51 42 42 42 48 48 48 48 48 51 51 51 56 56 56 56 56 70 70 70 72 72 70 70 70 68 68 68 58 58 65 65 65 67 67 71 71 71 83 83 83 79 79 71 71 71 61 61 61
0 0 0 0 0 0 0 0 0 0 0 0 0 0 26 26 26 40 40 40 45 45 53 53 53 48 48 48 20 20 22 22 22 30 30 45 45 45 53 53 53 47 47 56 56 56 54 54 44 44 44 49 49 49 48 48 50 50 50 57 57 57 61 61 78 78 78 81 81 75 75 75 66 66 66 53 53 57 57 57 59 59 64 64 64 78 78 78 80 80 75 75 75 66 66 66
0 0 0 0 0 0 0 0 0 0 0 0 0 0 26 26 26 40 40 40 45 45 53 53 53 48 48 48 20 20 22 22 22 30 30 45 45 45 53 53 53 47 47 56 56 56 54 54 44 44 44 49 49 49 48 48 50 50 50 57 57 57 61 61 78 78 78 81 81 75 75 75 66 66 66 53 53 57 57 57 59 59 64 64 64 78 78 78 80 80 75 75 75 66 66 66
0 0 0 0 0 0 0 0 0 0 0 0 0 0 26 26 26 40 40 40 45 45 53 53 53 48 48 48 20 20 22 22 22 30 30 45 45 45 53 53 53 47 47 56 56 56 54 54 44 44 44 49 49 49 48 48 50 50 50 57 57 57 61 61 78 78 78 81 81 75 75 75 66 66 66 53 53 57 57 57 59 59 64 64 64 78 78 78 80 80 75 75 75 66 66 66
0 0 0 0 0 0 0 0 0 0 0 0 0 0 0 0 0 39 39 39 45 45 47 47 47 40 40 40 18 18 29 29 29 40 40 48 48 48 49 49 49 43 43 55 55 55 56 56 47 47 47 51 51 51 48 48 48 48 48 57 57 57 65 65 84 84 84 84 84 72 72 72 61 61 61 46 46 50 50 50 50 50 53 53 53 69 69 69 76 76 79 79 79 73 73 73
0 0 0 0 0 0 0 0 0 0 0 0 0 0 0 0 0 39 39 39 45 45 47 47 47 40 40 40 18 18 29 29 29 40 40 48 48 48 49 49 49 43 43 55 55 55 56 56 47 47 47 51 51 51 48 48 48 48 48 57 57 57 65 65 84 84 84 84 84 72 72 72 61 61 61 46 46 50 50 50 50 50 53 53 53 69 69 69 76 76 79 79 79 73 73 73
0 0 0 0 0 0 0 0 0 0 0 0 0 0 0 0 0 0 0 0 46 46 41 41 41 36 36 36 26 26 42 42 42 49 49 47 47 47 46 46 46 41 41 55 55 55 58 58 51 51 51 56 56 56 51 51 49 49 49 59 59 59 68 68 87 87 87 82 82 66 66 66 53 53 53 39 39 43 43 43 44 44 44 44 44 62 62 62 80 80 90 90 90 77 77 77
0 0 0 0 0 0 0 0 0 0 0 0 0 0 0 0 0 0 0 0 46 46 41 41 41 36 36 36 26 26 42 42 42 49 49 47 47 47 46 46 46 41 41 55 55 55 58 58 51 51 51 56 56 56 51 51 49 49 49 59 59 59 68 68 87 87 87 82 82 66 66 66 53 53 53 39 39 43 43 43 44 44 44 44 44 62 62 62 80 80 90 90 90 77 77 77
0 0 0 0 0 0 0 0 0 0 0 0 0 0 0 0 0 0 0 0 46 46 41 41 41 36 36 36 26 26 42 42 42 49 49 47 47 47 46 46 46 41 41 55 55 55 58 58 51 51 51 56 56 56 51 51 49 49 49 59 59 59 68 68 87 87 87 82 82 66 66 66 53 53 53 39 39 43 43 43 44 44 44 44 44 62 62 62 80 80 90 90 90 77 77 77
0 0 0 0 0 0 0 0 0 0 0 0 0 0 0 0 0 0 0 0 0 0 41 41 41 40 40 40 36 36 51 51 51 50 50 44 44 44 44 44 44 42 42 57 57 57 61 61 55 55 55 62 62 62 56 56 50 50 50 59 59 59 68 68 84 84 84 75 75 55 55 55 42 42 42 30 30 38 38 38 41 41 38 38 38 62 62 62 91 91 101 101 101 74 74 74
0 0 0 0 0 0 0 0 0 0 0 0 0 0 0 0 0 0 0 0 0 0 41 41 41 40 40 40 36 36 51 51 51 50 50 44 44 44 44 44 44 42 42 57 57 57 61 61 55 55 55 62 62 62 56 56 50 50 50 59 59 59 68 68 84 84 84 75 75 55 55 55 42 42 42 30 30 38 38 38 41 41 38 38 38 62 62 62 91 91 101 101 101 74 74 74
0 0 0 0 0 0 0 0 0 0 0 0 0 0 0 0 0 0 0 0 0 0 0 0 0 44 44 44 39 39 49 49 49 45 45 39 39 39 42 42 42 42 42 58 58 58 62 62 56 56 56 63 63 63 54 54 44 44 44 50 50 50 58 58 73 73 73 62 62 43 43 43 31 31 31 23 23 36 36 36 42 42 37 37 37 64 64 64 98 98 101 101 101 63 63 63
0 0 0 0 0 0 0 0 0 0 0 0 0 0 0 0 0 0 0 0 0 0 0 0 0 44 44 44 39 39 49 49 49 45 45 39 39 39 42 42 42 42 42 58 58 58 62 62 56 56 56 63 63 63 54 54 44 44 44 50 50 50 58 58 73 73 73 62 62 43 43 43 31 31 31 23 23 36 36 36 42 42 37 37 37 64 64 64 98 98 101 101 101 63 63 63
0 0 0 0 0 0 0 0 0 0 0 0 0 0 0 0 0 0 0 0 0 0 0 0 0 44 44 44 39 39 49 49 49 45 45 39 39 39 42 42 42 42 42 58 58 58 62 62 56 56 56 63 63 63 54 54 44 44 44 50 50 50 58 58 73 73 73 62 62 43 43 43 31 31 31 23 23 36 36 36 42 42 37 37 37 64 64 64 98 98 101 101 101 63 63 63
0 0 0 0 0 0 0 0 0 0 0 0 0 0 0 0 0 0 0 0 0 0 0 0 0 0 0 0 37 37 43 43 43 40 40 39 39 39 44 44 44 44 44 59 59 59 62 62 54 54 54 58 58 58 44 44 32 32 32 40 40 40 49 49 66 66 66 58 58 40 40 40 29 29 29 22 22 42 42 42 51 51 46 46 46 73 73 73 99 99 95 95 95 60 60 60
0 0 0 0 0 0 0 0 0 0 0 0 0 0 0 0 0 0 0 0 0 0 0 0 0 0 0 0 37 37 43 43 43 40 40 39 39 39 44 44 44 44 44 59 59 59 62 62 54 54 54 58 58 58 44 44 32 32 32 40 40 40 49 49 66 66 66 58 58 40 40 40 29 29 29 22 22 42 42 42 51 51 46 46 46 73 73 73 99 99 95 95 95 60 60 60
0 0 0 0 0 0 0 0 0 0 0 0 0 0 0 0 0 0 0 0 0 0 0 0 0 0 0 0 37 37 43 43 43 40 40 39 39 39 44 44 44 44 44 59 59 59 62 62 54 54 54 58 58 58 44 44 32 32 32 40 40 40 49 49 66 66 66 58 58 40 40 40 29 29 29 22 22 42 42 42 51 51 46 46 46 73 73 73 99 99 95 95 95 60 60 60
0 0 0 0 0 0 0 0 0 0 0 0 0 0 0 0 0 0 0 0 0 0 0 0 0 0 0 0 0 0 0 0 0 38 38 41 41 41 49 49 49 46 46 57 57 57 57 57 47 47 47 46 46 46 30 30 24 24 24 39 39 39 52 52 71 71 71 62 62 43 43 43 33 33 33 29 29 52 52 52 63 63 61 61 61 82 82 82 95 95 91 91 91 68 68 68
0 0 0 0 0 0 0 0 0 0 0 0 0 0 0 0 0 0 0 0 0 0 0 0 0 0 0 0 0 0 0 0 0 38 38 41 41 41 49 49 49 46 46 57 57 57 57 57 47 47 47 46 46 46 30 30 24 24 24 39 39 39 52 52 71 71 71 62 62 43 43 43 33 33 33 29 29 52 52 52 63 63 61 61 61 82 82 82 95 95 91 91 91 68 68 68
0 0 0 0 0 0 0 0 0 0 0 0 0 0 0 0 0 0 0 0 0 0 0 0 0 0 0 0 0 0 0 0 0 0 0 48 48 48 54 54 54 48 48 59 59 59 57 57 40 40 40 34 34 34 24 24 32 32 32 53 53 53 66 66 79 79 79 64 64 46 46 46 41 41 41 41 41 64 64 64 74 74 72 72 72 84 84 84 87 87 88 88 88 79 79 79
0 0 0 0 0 0 0 0 0 0 0 0 0 0 0 0 0 0 0 0 0 0 0 0 0 0 0 0 0 0 0 0 0 0 0 48 48 48 54 54 54 48 48 59 59 59 57 57 40 40 40 34 34 34 24 24 32 32 32 53 53 53 66 66 79 79 79 64 64 46 46 46 41 41 41 41 41 64 64 64 74 74 72 72 72 84 84 84 87 87 88 88 88 79 79 79
0 0 0 0 0 0 0 0 0 0 0 0 0 0 0 0 0 0 0 0 0 0 0 0 0 0 0 0 0 0 0 0 0 0 0 48 48 48 54 54 54 48 48 59 59 59 57 57 40 40 40 34 34 34 24 24 32 32 32 53 53 53 66 66 79 79 79 64 64 46 46 46 41 41 41 41 41 64 64 64 74 74 72 72 72 84 84 84 87 87 88 88 88 79 79 79
0 0 0 0 0 0 0 0 0 0 0 0 0 0 0 0 0 0 0 0 0 0 0 0 0 0 0 0 0 0 0 0 0 0 0 60 60 60 60 60 60 54 54 67 67 67 57 57 30 30 30 23 23 23 29 29 50 50 50 67 67 67 73 73 76 76 76 58 58 46 46 46 50 50 50 53 53 71 71 71 78 78 75 75 75 82 82 82 80 80 86 86 86 92 92 92
0 0 0 0 0 0 0 0 0 0 0 0 0 0 0 0 0 0 0 0 0 0 0 0 0 0 0 0 0 0 0 0 0 0 0 60 60 60 60 60 60 54 54 67 67 67 57 57 30 30 30 23 23 23 29 29 50 50 50 67 67 67 73 73 76 76 76 58 58 46 46 46 50 50 50 53 53 71 71 71 78 78 75 75 75 82 82 82 80 80 86 86 86 92 92 92
0 0 0 0 0 0 0 0 0 0 0 0 0 0 0 0 0 0 0 0 0 0 0 0 0 0 0 0 0 0 0 0 0 0 0 0 0 0 64 64 64 59 59 70 70 70 46 46 0 0 0 15 15 15 40 40 65 65 65 68 68 68 64 64 62 62 62 46 46 43 43 43 57 57 57 60 60 72 72 72 76 76 73 73 73 80 80 80 79 79 89 89 89 102 102 102
0 0 0 0 0 0 0 0 0 0 0 0 0 0 0 0 0 0 0 0 0 0 0 0 0 0 0 0 0 0 0 0 0 0 0 0 0 0 64 64 64 59 59 70 70 70 46 46 0 0 0 15 15 15 40 40 65 65 65 68 68 68 64 64 62 62 62 46 46 43 43 43 57 57 57 60 60 72 72 72 76 76 73 73 73 80 80 80 79 79 89 89 89 102 102 102
0 0 0 0 0 0 0 0 0 0 0 0 0 0 0 0 0 0 0 0 0 0 0 0 0 0 0 0 0 0 0 0 0 0 0 0 0 0 64 64 64 59 59 70 70 70 46 46 0 0 0 15 15 15 40 40 65 65 65 68 68 68 64 64 62 62 62 46 46 43 43 43 57 57 57 60 60 72 72 72 76 76 73 73 73 80 80 80 79 79 89 89 89 102 102 102
0 0 0 0 0 0 0 0 0 0 0 0 0 0 0 0 0 0 0 0 0 0 0 0 0 0 0 0 0 0 0 0 0 0 0 0 0 0 66 66 66 61 61 65 65 65 28 28 0 0 0 0 0 0 58 58 74 74 74 61 61 61 50 50 49 49 49 40 40 42 42 42 59 59 59 61 61 71 71 71 76 76 74 74 74 84 84 84 89 89 98 98 98 106 106 106
0 0 0 0 0 0 0 0 0 0 0 0 0 0 0 0 0 0 0 0 0 0 0 0 0 0 0 0 0 0 0 0 0 0 0 0 0 0 66 66 66 61 61 65 65 65 28 28 0 0 0 0 0 0 58 58 74 74 74 61 61 61 50 50 49 49 49 40 40 42 42 42 59 59 59 61 61 71 71 71 76 76 74 74 74 84 84 84 89 89 98 98 98 106 106 106
0 0 0 0 0 0 0 0 0 0 0 0 0 0 0 0 0 0 0 0 0 0 0 0 0 0 0 0 0 0 0 0 0 0 0 0 0 0 66 66 66 61 61 65 65 65 28 28 0 0 0 0 0 0 58 58 74 74 74 61 61 61 50 50 49 49 49 40 40 42 42 42 59 59 59 61 61 71 71 71 76 76 74 74 74 84 84 84 89 89 98 98 98 106 106 106
0 0 0 0 0 0 0 0 0 0 0 0 0 0 0 0 0 0 0 0 0 0 0 0 0 0 0 0 0 0 0 0 0 0 0 0 0 0 0 0 0 56 56 56 56 56 19 19 0 0 0 0 0 0 71 71 73 73 73 52 52 52 42 42 47 47 47 41 41 43 43 43 58 58 58 61 61 74 74 74 83 83 82 82 82 92 92 92 97 97 100 100 100 104 104 104
0 0 0 0 0 0 0 0 0 0 0 0 0 0 0 0 0 0 0 0 0 0 0 0 0 0 0 0 0 0 0 0 0 0 0 0 0 0 0 0 0 56 56 56 56 56 19 19 0 0 0 0 0 0 71 71 73 73 73 52 52 52 42 42 47 47 47 41 41 43 43 43 58 58 58 61 61 74 74 74 83 83 82 82 82 92 92 92 97 97 100 100 100 104 104 104
0 0 0 0 0 0 0 0 0 0 0 0 0 0 0 0 0 0 0 0 0 0 0 0 0 0 0 0 0 0 0 0 0 0 0 0 0 0 0 0 0 0 0 48 48 48 25 25 0 0 0 48 48 48 71 71 61 61 61 48 48 48 42 42 49 49 49 43 43 45 45 45 60 60 60 65 65 81 81 81 91 91 89 89 89 93 93 93 94 94 97 97 97 103 103 103
0 0 0 0 0 0 0 0 0 0 0 0 0 0 0 0 0 0 0 0 0 0 0 0 0 0 0 0 0 0 0 0 0 0 0 0 0 0 0 0 0 0 0 48 48 48 25 25 0 0 0 48 48 48 71 71 61 61 61 48 48 48 42 42 49 49 49 43 43 45 45 45 60 60 60 65 65 81 81 81 91 91 89 89 89 93 93 93 94 94 97 97 97 103 103 103
0 0 0 0 0 0 0 0 0 0 0 0 0 0 0 0 0 0 0 0 0 0 0 0 0 0 0 0 0 0 0 0 0 0 0 0 0 0 0 0 0 0 0 48 48 48 25 25 0 0 0 48 48 48 71 71 61 61 61 48 48 48 42 42 49 49 49 43 43 45 45 45 60 60 60 65 65 81 81 81 91 91 89 89 89 93 93 93 94 94 97 97 97 103 103 103
