SEB_model/sample_data_files/historical/hillshade/julynoon.txt
ncols         559
nrows         351
xllcorner     388608.08691406
yllcorner     7584381.3441773
cellsize      5
NODATA_value  -9999
[rows 160 to 199 of 351, columns 180 to 269 of 559]
99 99 99 95 95 91 91 91 87 87 87 85 85 93 93 93 105 105 105 112 112 116 116 116 118 118 121 121 121 130 130 130 141 141 152 152 152 160 160 160 161 161 158 158 158 154 154 153 153 153 154 154 154 153 153 152 152 152 147 147 141 141 141 140 140 140 135 135 128 128 128 122 122 122 121 121 126 126 126 130 130 131 131 131 130 130 130 128 128 130
99 99 99 95 95 91 91 91 87 87 87 85 85 93 93 93 105 105 105 112 112 116 116 116 118 118 121 121 121 130 130 130 141 141 152 152 152 160 160 160 161 161 158 158 158 154 154 153 153 153 154 154 154 153 153 152 152 152 147 147 141 141 141 140 140 140 135 135 128 128 128 122 122 122 121 121 126 126 126 130 130 131 131 131 130 130 130 128 128 130
99 99 99 95 95 91 91 91 87 87 87 85 85 93 93 93 105 105 105 112 112 116 116 116 118 118 121 121 121 130 130 130 141 141 152 152 152 160 160 160 161 161 158 158 158 154 154 153 153 153 154 154 154 153 153 152 152 152 147 147 141 141 141 140 140 140 135 135 128 128 128 122 122 122 121 121 126 126 126 130 130 131 131 131 130 130 130 128 128 130
101 101 101 96 96 87 87 87 79 79 79 75 75 87 87 87 107 107 107 119 119 124 124 124 129 129 135 135 135 145 145 145 151 151 153 153 153 156 156 156 157 157 158 158 158 156 156 158 158 158 162 162 162 165 165 168 168 168 168 168 163 163 163 158 158 158 150 150 142 142 142 136 136 136 132 132 132 132 132 132 132 133 133 133 134 134 134 134 134 134
101 101 101 96 96 87 87 87 79 79 79 75 75 87 87 87 107 107 107 119 119 124 124 124 129 129 135 135 135 145 145 145 151 151 153 153 153 156 156 156 157 157 158 158 158 156 156 158 158 158 162 162 162 165 165 168 168 168 168 168 163 163 163 158 158 158 150 150 142 142 142 136 136 136 132 132 132 132 132 132 132 133 133 133 134 134 134 134 134 134
111 111 111 104 104 93 93 93 83 83 83 80 80 91 91 91 112 112 112 125 125 133 133 133 141 141 144 144 144 147 147 147 144 144 139 139 139 141 141 141 147 147 153 153 153 154 154 156 156 156 159 159 159 161 161 166 166 166 168 168 166 166 166 163 163 163 158 158 154 154 154 149 149 149 143 143 140 140 140 137 137 136 136 136 137 137 137 137 137 135
111 111 111 104 104 93 93 93 83 83 83 80 80 91 91 91 112 112 112 125 125 133 133 133 141 141 144 144 144 147 147 147 144 144 139 139 139 141 141 141 147 147 153 153 153 154 154 156 156 156 159 159 159 161 161 166 166 166 168 168 166 166 166 163 163 163 158 158 154 154 154 149 149 149 143 143 140 140 140 137 137 136 136 136 137 137 137 137 137 135
111 111 111 104 104 93 93 93 83 83 83 80 80 91 91 91 112 112 112 125 125 133 133 133 141 141 144 144 144 147 147 147 144 144 139 139 139 141 141 141 147 147 153 153 153 154 154 156 156 156 159 159 159 161 161 166 166 166 168 168 166 166 166 163 163 163 158 158 154 154 154 149 149 149 143 143 140 140 140 137 137 136 136 136 137 137 137 137 137 135
107 107 107 102 102 94 94 94 87 87 87 83 83 88 88 88 104 104 104 116 116 126 126 126 135 135 135 135 135 133 133 133 129 129 125 125 125 127 127 127 133 133 143 143 143 146 146 147 147 147 146 146 146 144 144 146 146 146 148 148 148 148 148 147 147 147 145 145 144 144 144 142 142 142 139 139 137 137 137 136 136 136 136 136 135 135 135 132 132 125
107 107 107 102 102 94 94 94 87 87 87 83 83 88 88 88 104 104 104 116 116 126 126 126 135 135 135 135 135 133 133 133 129 129 125 125 125 127 127 127 133 133 143 143 143 146 146 147 147 147 146 146 146 144 144 146 146 146 148 148 148 148 148 147 147 147 145 145 144 144 144 142 142 142 139 139 137 137 137 136 136 136 136 136 135 135 135 132 132 125
103 103 103 100 100 98 98 98 96 96 96 90 90 91 91 91 105 105 105 118 118 126 126 126 133 133 135 135 135 136 136 136 133 133 131 131 131 131 131 131 132 132 142 142 142 149 149 150 150 150 148 148 148 143 143 141 141 141 138 138 136 136 136 138 138 138 139 139 142 142 142 144 144 144 144 144 146 146 146 146 146 145 145 145 142 142 142 136 136 131
103 103 103 100 100 98 98 98 96 96 96 90 90 91 91 91 105 105 105 118 118 126 126 126 133 133 135 135 135 136 136 136 133 133 131 131 131 131 131 131 132 132 142 142 142 149 149 150 150 150 148 148 148 143 143 141 141 141 138 138 136 136 136 138 138 138 139 139 142 142 142 144 144 144 144 144 146 146 146 146 146 145 145 145 142 142 142 136 136 131
103 103 103 100 100 98 98 98 96 96 96 90 90 91 91 91 105 105 105 118 118 126 126 126 133 133 135 135 135 136 136 136 133 133 131 131 131 131 131 131 132 132 142 142 142 149 149 150 150 150 148 148 148 143 143 141 141 141 138 138 136 136 136 138 138 138 139 139 142 142 142 144 144 144 144 144 146 146 146 146 146 145 145 145 142 142 142 136 136 131
88 88 88 90 90 93 93 93 94 94 94 88 88 85 85 85 95 95 95 109 109 118 118 118 125 125 130 130 130 134 134 134 133 133 130 130 130 126 126 126 122 122 129 129 129 138 138 144 144 144 142 142 142 135 135 132 132 132 129 129 128 128 128 132 132 132 136 136 139 139 139 141 141 141 142 142 143 143 143 142 142 138 138 138 133 133 133 129 129 131
88 88 88 90 90 93 93 93 94 94 94 88 88 85 85 85 95 95 95 109 109 118 118 118 125 125 130 130 130 134 134 134 133 133 130 130 130 126 126 126 122 122 129 129 129 138 138 144 144 144 142 142 142 135 135 132 132 132 129 129 128 128 128 132 132 132 136 136 139 139 139 141 141 141 142 142 143 143 143 142 142 138 138 138 133 133 133 129 129 131
88 88 88 90 90 93 93 93 94 94 94 88 88 85 85 85 95 95 95 109 109 118 118 118 125 125 130 130 130 134 134 134 133 133 130 130 130 126 126 126 122 122 129 129 129 138 138 144 144 144 142 142 142 135 135 132 132 132 129 129 128 128 128 132 132 132 136 136 139 139 139 141 141 141 142 142 143 143 143 142 142 138 138 138 133 133 133 129 129 131
81 81 81 88 88 92 92 92 94 94 94 89 89 82 82 82 88 88 88 105 105 119 119 119 124 124 128 128 128 133 133 133 134 134 131 131 131 125 125 125 121 121 126 126 126 133 133 138 138 138 137 137 137 131 131 128 128 128 126 126 126 126 126 129 129 129 133 133 136 136 136 139 139 139 140 140 139 139 139 134 134 127 127 127 122 122 122 122 122 130
81 81 81 88 88 92 92 92 94 94 94 89 89 82 82 82 88 88 88 105 105 119 119 119 124 124 128 128 128 133 133 133 134 134 131 131 131 125 125 125 121 121 126 126 126 133 133 138 138 138 137 137 137 131 131 128 128 128 126 126 126 126 126 129 129 129 133 133 136 136 136 139 139 139 140 140 139 139 139 134 134 127 127 127 122 122 122 122 122 130
81 81 81 89 89 93 93 93 94 94 94 90 90 85 85 85 89 89 89 107 107 123 123 123 127 127 127 127 127 132 132 132 133 133 132 132 132 129 129 129 127 127 130 130 130 132 132 133 133 133 133 133 133 131 131 130 130 130 128 128 126 126 126 127 127 127 129 129 132 132 132 135 135 135 135 135 133 133 133 126 126 119 119 119 117 117 117 120 120 128
81 81 81 89 89 93 93 93 94 94 94 90 90 85 85 85 89 89 89 107 107 123 123 123 127 127 127 127 127 132 132 132 133 133 132 132 132 129 129 129 127 127 130 130 130 132 132 133 133 133 133 133 133 131 131 130 130 130 128 128 126 126 126 127 127 127 129 129 132 132 132 135 135 135 135 135 133 133 133 126 126 119 119 119 117 117 117 120 120 128
81 81 81 89 89 93 93 93 94 94 94 90 90 85 85 85 89 89 89 107 107 123 123 123 127 127 127 127 127 132 132 132 133 133 132 132 132 129 129 129 127 127 130 130 130 132 132 133 133 133 133 133 133 131 131 130 130 130 128 128 126 126 126 127 127 127 129 129 132 132 132 135 135 135 135 135 133 133 133 126 126 119 119 119 117 117 117 120 120 128
77 77 77 84 84 85 85 85 85 85 85 84 84 82 82 82 85 85 85 97 97 117 117 117 124 124 121 121 121 124 124 124 125 125 126 126 126 129 129 129 128 128 127 127 127 123 123 118 118 118 118 118 118 120 120 123 123 123 122 122 118 118 118 117 117 117 117 117 119 119 119 121 121 121 120 120 118 118 118 112 112 109 109 109 109 109 109 112 112 118
77 77 77 84 84 85 85 85 85 85 85 84 84 82 82 82 85 85 85 97 97 117 117 117 124 124 121 121 121 124 124 124 125 125 126 126 126 129 129 129 128 128 127 127 127 123 123 118 118 118 118 118 118 120 120 123 123 123 122 122 118 118 118 117 117 117 117 117 119 119 119 121 121 121 120 120 118 118 118 112 112 109 109 109 109 109 109 112 112 118
77 77 77 84 84 85 85 85 85 85 85 84 84 82 82 82 85 85 85 97 97 117 117 117 124 124 121 121 121 124 124 124 125 125 126 126 126 129 129 129 128 128 127 127 127 123 123 118 118 118 118 118 118 120 120 123 123 123 122 122 118 118 118 117 117 117 117 117 119 119 119 121 121 121 120 120 118 118 118 112 112 109 109 109 109 109 109 112 112 118
77 77 77 84 84 85 85 85 85 85 85 87 87 90 90 90 92 92 92 99 99 118 118 118 133 133 134 134 134 135 135 135 134 134 137 137 137 142 142 142 140 140 135 135 135 127 127 122 122 122 123 123 123 125 125 129 129 129 129 129 125 125 125 122 122 122 119 119 119 119 119 121 121 121 120 120 117 117 117 114 114 115 115 115 119 119 119 122 122 127
77 77 77 84 84 85 85 85 85 85 85 87 87 90 90 90 92 92 92 99 99 118 118 118 133 133 134 134 134 135 135 135 134 134 137 137 137 142 142 142 140 140 135 135 135 127 127 122 122 122 123 123 123 125 125 129 129 129 129 129 125 125 125 122 122 122 119 119 119 119 119 121 121 121 120 120 117 117 117 114 114 115 115 115 119 119 119 122 122 127
67 67 67 75 75 79 79 79 82 82 82 85 85 89 89 89 91 91 91 93 93 108 108 108 127 127 136 136 136 137 137 137 134 134 135 135 135 137 137 137 132 132 126 126 126 120 120 120 120 120 123 123 123 125 125 126 126 126 126 126 122 122 122 119 119 119 114 114 112 112 112 112 112 112 112 112 112 112 112 114 114 118 118 118 125 125 125 130 130 136
67 67 67 75 75 79 79 79 82 82 82 85 85 89 89 89 91 91 91 93 93 108 108 108 127 127 136 136 136 137 137 137 134 134 135 135 135 137 137 137 132 132 126 126 126 120 120 120 120 120 123 123 123 125 125 126 126 126 126 126 122 122 122 119 119 119 114 114 112 112 112 112 112 112 112 112 112 112 112 114 114 118 118 118 125 125 125 130 130 136
67 67 67 75 75 79 79 79 82 82 82 85 85 89 89 89 91 91 91 93 93 108 108 108 127 127 136 136 136 137 137 137 134 134 135 135 135 137 137 137 132 132 126 126 126 120 120 120 120 120 123 123 123 125 125 126 126 126 126 126 122 122 122 119 119 119 114 114 112 112 112 112 112 112 112 112 112 112 112 114 114 118 118 118 125 125 125 130 130 136
64 64 64 66 66 72 72 72 79 79 79 84 84 87 87 87 89 89 89 89 89 98 98 98 112 112 122 122 122 127 127 127 126 126 125 125 125 123 123 123 118 118 115 115 115 114 114 116 116 116 118 118 118 118 118 119 119 119 117 117 115 115 115 112 112 112 107 107 104 104 104 106 106 106 109 109 114 114 114 120 120 127 127 127 134 134 134 138 138 142
64 64 64 66 66 72 72 72 79 79 79 84 84 87 87 87 89 89 89 89 89 98 98 98 112 112 122 122 122 127 127 127 126 126 125 125 125 123 123 123 118 118 115 115 115 114 114 116 116 116 118 118 118 118 118 119 119 119 117 117 115 115 115 112 112 112 107 107 104 104 104 106 106 106 109 109 114 114 114 120 120 127 127 127 134 134 134 138 138 142
70 70 70 66 66 70 70 70 82 82 82 91 91 96 96 96 96 96 96 95 95 99 99 99 107 107 117 117 117 127 127 127 131 131 129 129 129 125 125 125 123 123 126 126 126 130 130 131 131 131 132 132 132 130 130 129 129 129 128 128 125 125 125 125 125 125 126 126 128 128 128 135 135 135 143 143 151 151 151 156 156 157 157 157 159 159 159 159 159 161
70 70 70 66 66 70 70 70 82 82 82 91 91 96 96 96 96 96 96 95 95 99 99 99 107 107 117 117 117 127 127 127 131 131 129 129 129 125 125 125 123 123 126 126 126 130 130 131 131 131 132 132 132 130 130 129 129 129 128 128 125 125 125 125 125 125 126 126 128 128 128 135 135 135 143 143 151 151 151 156 156 157 157 157 159 159 159 159 159 161
70 70 70 66 66 70 70 70 82 82 82 91 91 96 96 96 96 96 96 95 95 99 99 99 107 107 117 117 117 127 127 127 131 131 129 129 129 125 125 125 123 123 126 126 126 130 130 131 131 131 132 132 132 130 130 129 129 129 128 128 125 125 125 125 125 125 126 126 128 128 128 135 135 135 143 143 151 151 151 156 156 157 157 157 159 159 159 159 159 161
68 68 68 66 66 66 66 66 74 74 74 85 85 92 92 92 93 93 93 92 92 95 95 95 98 98 105 105 105 115 115 115 122 122 125 125 125 125 125 125 125 125 130 130 130 134 134 135 135 135 133 133 133 130 130 131 131 131 132 132 133 133 133 138 138 138 144 144 151 151 151 158 158 158 163 163 166 166 166 165 165 162 162 162 160 160 160 158 158 159
68 68 68 66 66 66 66 66 74 74 74 85 85 92 92 92 93 93 93 92 92 95 95 95 98 98 105 105 105 115 115 115 122 122 125 125 125 125 125 125 125 125 130 130 130 134 134 135 135 135 133 133 133 130 130 131 131 131 132 132 133 133 133 138 138 138 144 144 151 151 151 158 158 158 163 163 166 166 166 165 165 162 162 162 160 160 160 158 158 159
68 68 68 66 66 66 66 66 74 74 74 85 85 92 92 92 93 93 93 92 92 95 95 95 98 98 105 105 105 115 115 115 122 122 125 125 125 125 125 125 125 125 130 130 130 134 134 135 135 135 133 133 133 130 130 131 131 131 132 132 133 133 133 138 138 138 144 144 151 151 151 158 158 158 163 163 166 166 166 165 165 162 162 162 160 160 160 158 158 159
51 51 51 59 59 62 62 62 66 66 66 74 74 81 81 81 83 83 83 82 82 85 85 85 90 90 98 98 98 108 108 108 115 115 123 123 123 127 127 127 127 127 130 130 130 131 131 131 131 131 129 129 129 127 127 131 131 131 135 135 141 141 141 150 150 150 157 157 161 161 161 162 162 162 158 158 154 154 154 150 150 147 147 147 145 145 145 141 141 139
51 51 51 59 59 62 62 62 66 66 66 74 74 81 81 81 83 83 83 82 82 85 85 85 90 90 98 98 98 108 108 108 115 115 123 123 123 127 127 127 127 127 130 130 130 131 131 131 131 131 129 129 129 127 127 131 131 131 135 135 141 141 141 150 150 150 157 157 161 161 161 162 162 162 158 158 154 154 154 150 150 147 147 147 145 145 145 141 141 139
29 29 29 38 38 51 51 51 59 59 59 60 60 63 63 63 66 66 66 67 67 73 73 73 83 83 95 95 95 110 110 110 116 116 121 121 121 126 126 126 125 125 124 124 124 119 119 115 115 115 112 112 112 110 110 110 110 110 109 109 113 113 113 126 126 126 137 137 138 138 138 132 132 132 125 125 121 121 121 122 122 123 123 123 122 122 122 115 115 110
