SEB_model/sample_data_files/historical/hillshade/july6am.txt
ncols         559
nrows         351
xllcorner     388608.08691406
yllcorner     7584381.3441773
cellsize      5
NODATA_value  -9999
[rows 234 to 272 of 351, columns 176 to 263 of 559]
160 160 164 164 166 166 166 172 172 181 181 181 175 175 175 177 177 177 177 177 171 171 171 168 168 151 151 151 156 156 172 172 172 154 154 154 141 141 129 129 129 123 123 123 142 142 139 139 139 135 135 132 132 132 132 132 132 139 139 144 144 144 145 145 136 136 136 116 116 116 107 107 111 111 111 104 104 104 98 98 93 93 93 93 93 96 96 96
160 160 164 164 166 166 166 172 172 181 181 181 175 175 175 177 177 177 177 177 171 171 171 168 168 151 151 151 156 156 172 172 172 154 154 154 141 141 129 129 129 123 123 123 142 142 139 139 139 135 135 132 132 132 132 132 132 139 139 144 144 144 145 145 136 136 136 116 116 116 107 107 111 111 111 104 104 104 98 98 93 93 93 93 93 96 96 96
158 158 161 161 161 161 161 167 167 178 178 178 174 174 174 179 179 179 179 179 170 170 170 162 162 145 145 145 149 149 161 161 161 141 141 141 129 129 128 128 128 131 131 131 145 145 135 135 135 126 126 125 125 125 128 128 128 137 137 139 139 139 135 135 125 125 125 109 109 109 101 101 101 101 101 96 96 96 90 90 88 88 88 90 90 95 95 95
158 158 161 161 161 161 161 167 167 178 178 178 174 174 174 179 179 179 179 179 170 170 170 162 162 145 145 145 149 149 161 161 161 141 141 141 129 129 128 128 128 131 131 131 145 145 135 135 135 126 126 125 125 125 128 128 128 137 137 139 139 139 135 135 125 125 125 109 109 109 101 101 101 101 101 96 96 96 90 90 88 88 88 90 90 95 95 95
155 155 159 159 160 160 160 161 161 171 171 171 170 170 170 180 180 182 182 182 169 169 169 156 156 137 137 137 139 139 147 147 147 130 130 130 124 124 129 129 129 132 132 132 140 140 131 131 131 127 127 126 126 126 127 127 127 131 131 124 124 124 118 118 114 114 114 104 104 104 96 96 96 96 96 93 93 93 90 90 89 89 89 91 91 95 95 95
155 155 159 159 160 160 160 161 161 171 171 171 170 170 170 180 180 182 182 182 169 169 169 156 156 137 137 137 139 139 147 147 147 130 130 130 124 124 129 129 129 132 132 132 140 140 131 131 131 127 127 126 126 126 127 127 127 131 131 124 124 124 118 118 114 114 114 104 104 104 96 96 96 96 96 93 93 93 90 90 89 89 89 91 91 95 95 95
155 155 159 159 160 160 160 161 161 171 171 171 170 170 170 180 180 182 182 182 169 169 169 156 156 137 137 137 139 139 147 147 147 130 130 130 124 124 129 129 129 132 132 132 140 140 131 131 131 127 127 126 126 126 127 127 127 131 131 124 124 124 118 118 114 114 114 104 104 104 96 96 96 96 96 93 93 93 90 90 89 89 89 91 91 95 95 95
153 153 157 157 161 161 161 159 159 163 163 163 164 164 164 180 180 183 183 183 168 168 168 150 150 128 128 128 128 128 136 136 136 123 123 123 120 120 125 125 125 125 125 125 132 132 129 129 129 129 129 128 128 128 125 125 125 116 116 104 104 104 104 104 106 106 106 101 101 101 94 94 93 93 93 93 93 93 93 93 93 93 93 94 94 96 96 96
153 153 157 157 161 161 161 159 159 163 163 163 164 164 164 180 180 183 183 183 168 168 168 150 150 128 128 128 128 128 136 136 136 123 123 123 120 120 125 125 125 125 125 125 132 132 129 129 129 129 129 128 128 128 125 125 125 116 116 104 104 104 104 104 106 106 106 101 101 101 94 94 93 93 93 93 93 93 93 93 93 93 93 94 94 96 96 96
153 153 157 157 161 161 161 159 159 163 163 163 164 164 164 180 180 183 183 183 168 168 168 150 150 128 128 128 128 128 136 136 136 123 123 123 120 120 125 125 125 125 125 125 132 132 129 129 129 129 129 128 128 128 125 125 125 116 116 104 104 104 104 104 106 106 106 101 101 101 94 94 93 93 93 93 93 93 93 93 93 93 93 94 94 96 96 96
151 151 155 155 161 161 161 156 156 154 154 154 156 156 156 178 178 180 180 180 163 163 163 146 146 118 118 118 117 117 128 128 128 117 117 117 116 116 118 118 118 120 120 120 128 128 125 125 125 128 128 126 126 126 114 114 114 100 100 92 92 92 96 96 100 100 100 99 99 99 95 95 94 94 94 95 95 95 96 96 97 97 97 97 97 97 97 97
151 151 155 155 161 161 161 156 156 154 154 154 156 156 156 178 178 180 180 180 163 163 163 146 146 118 118 118 117 117 128 128 128 117 117 117 116 116 118 118 118 120 120 120 128 128 125 125 125 128 128 126 126 126 114 114 114 100 100 92 92 92 96 96 100 100 100 99 99 99 95 95 94 94 94 95 95 95 96 96 97 97 97 97 97 97 97 97
148 148 151 151 159 159 159 154 154 147 147 147 141 141 141 168 168 174 174 174 160 160 160 148 148 113 113 113 108 108 122 122 122 114 114 114 115 115 116 116 116 117 117 117 124 124 119 119 119 118 118 115 115 115 103 103 103 94 94 91 91 91 93 93 97 97 97 99 99 99 98 98 97 97 97 97 97 97 98 98 97 97 97 97 97 97 97 97
148 148 151 151 159 159 159 154 154 147 147 147 141 141 141 168 168 174 174 174 160 160 160 148 148 113 113 113 108 108 122 122 122 114 114 114 115 115 116 116 116 117 117 117 124 124 119 119 119 118 118 115 115 115 103 103 103 94 94 91 91 91 93 93 97 97 97 99 99 99 98 98 97 97 97 97 97 97 98 98 97 97 97 97 97 97 97 97
148 148 151 151 159 159 159 154 154 147 147 147 141 141 141 168 168 174 174 174 160 160 160 148 148 113 113 113 108 108 122 122 122 114 114 114 115 115 116 116 116 117 117 117 124 124 119 119 119 118 118 115 115 115 103 103 103 94 94 91 91 91 93 93 97 97 97 99 99 99 98 98 97 97 97 97 97 97 98 98 97 97 97 97 97 97 97 97
145 145 147 147 156 156 156 151 151 141 141 141 126 126 126 150 150 164 164 164 157 157 157 151 151 115 115 115 100 100 114 114 114 114 114 114 116 116 116 116 116 113 113 113 114 114 105 105 105 103 103 103 103 103 99 99 99 97 97 95 95 95 95 95 98 98 98 102 102 102 103 103 101 101 101 98 98 98 97 97 96 96 96 96 96 98 98 98
145 145 147 147 156 156 156 151 151 141 141 141 126 126 126 150 150 164 164 164 157 157 157 151 151 115 115 115 100 100 114 114 114 114 114 114 116 116 116 116 116 113 113 113 114 114 105 105 105 103 103 103 103 103 99 99 99 97 97 95 95 95 95 95 98 98 98 102 102 102 103 103 101 101 101 98 98 98 97 97 96 96 96 96 96 98 98 98
145 145 147 147 156 156 156 151 151 141 141 141 126 126 126 150 150 164 164 164 157 157 157 151 151 115 115 115 100 100 114 114 114 114 114 114 116 116 116 116 116 113 113 113 114 114 105 105 105 103 103 103 103 103 99 99 99 97 97 95 95 95 95 95 98 98 98 102 102 102 103 103 101 101 101 98 98 98 97 97 96 96 96 96 96 98 98 98
144 144 146 146 150 150 150 145 145 134 134 134 113 113 113 129 129 152 152 152 156 156 156 151 151 115 115 115 98 98 110 110 110 113 113 113 115 115 111 111 111 100 100 100 96 96 93 93 93 96 96 100 100 100 102 102 102 102 102 101 101 101 99 99 101 101 101 104 104 104 106 106 102 102 102 97 97 97 95 95 94 94 94 96 96 99 99 99
144 144 146 146 150 150 150 145 145 134 134 134 113 113 113 129 129 152 152 152 156 156 156 151 151 115 115 115 98 98 110 110 110 113 113 113 115 115 111 111 111 100 100 100 96 96 93 93 93 96 96 100 100 100 102 102 102 102 102 101 101 101 99 99 101 101 101 104 104 104 106 106 102 102 102 97 97 97 95 95 94 94 94 96 96 99 99 99
143 143 145 145 146 146 146 141 141 132 132 132 108 108 108 112 112 134 134 134 146 146 146 141 141 113 113 113 102 102 110 110 110 110 110 110 106 106 96 96 96 86 86 86 86 86 92 92 92 99 99 103 103 103 106 106 106 108 108 106 106 106 104 104 103 103 103 105 105 105 105 105 101 101 101 95 95 95 92 92 93 93 93 96 96 101 101 101
143 143 145 145 146 146 146 141 141 132 132 132 108 108 108 112 112 134 134 134 146 146 146 141 141 113 113 113 102 102 110 110 110 110 110 110 106 106 96 96 96 86 86 86 86 86 92 92 92 99 99 103 103 103 106 106 106 108 108 106 106 106 104 104 103 103 103 105 105 105 105 105 101 101 101 95 95 95 92 92 93 93 93 96 96 101 101 101
143 143 145 145 146 146 146 141 141 132 132 132 108 108 108 112 112 134 134 134 146 146 146 141 141 113 113 113 102 102 110 110 110 110 110 110 106 106 96 96 96 86 86 86 86 86 92 92 92 99 99 103 103 103 106 106 106 108 108 106 106 106 104 104 103 103 103 105 105 105 105 105 101 101 101 95 95 95 92 92 93 93 -9999 -9999 -9999 101 101 101
142 142 146 146 146 146 146 143 143 135 135 135 107 107 107 102 102 112 112 112 121 121 121 125 125 109 109 109 103 103 107 107 107 98 98 98 87 87 82 82 82 82 82 82 87 87 95 95 95 103 103 107 107 107 111 111 111 111 111 109 109 109 105 105 103 103 103 104 104 104 103 103 98 98 98 93 93 93 92 92 94 -9999 -9999 -9999 -9999 100 100 100
142 142 146 146 146 146 146 143 143 135 135 135 107 107 107 102 102 112 112 112 121 121 121 125 125 109 109 109 103 103 107 107 107 98 98 98 87 87 82 82 82 82 82 82 87 87 95 95 95 103 103 107 107 107 111 111 111 111 111 109 109 109 105 105 103 103 103 104 104 104 103 103 98 98 98 93 93 93 92 -9999 -9999 -9999 -9999 -9999 -9999 100 100 100
140 140 147 147 149 149 149 146 146 136 136 136 103 103 103 97 97 99 99 99 99 99 99 111 111 103 103 103 99 99 96 96 96 79 79 79 72 72 78 78 78 85 85 85 92 92 100 100 100 107 107 110 110 110 113 113 113 112 112 108 108 108 103 103 102 102 102 103 103 103 102 102 97 97 97 93 93 93 -9999 -9999 -9999 -9999 -9999 -9999 -9999 -9999 97 97
140 140 147 147 149 149 149 146 146 136 136 136 103 103 103 97 97 99 99 99 99 99 99 111 111 103 103 103 99 99 96 96 96 79 79 79 72 72 78 78 78 85 85 85 92 92 100 100 100 107 107 110 110 110 113 113 113 112 112 108 108 108 103 103 102 102 102 103 103 103 102 102 97 97 97 93 93 -9999 -9999 -9999 -9999 -9999 -9999 -9999 -9999 -9999 -9999 97
140 140 147 147 149 149 149 146 146 136 136 136 103 103 103 97 97 99 99 99 99 99 99 111 111 103 103 103 99 99 96 96 96 79 79 79 72 72 78 78 78 85 85 85 92 92 100 100 100 107 107 110 110 110 113 113 113 112 112 108 108 108 103 103 102 102 102 103 103 103 102 102 97 97 97 93 -9999 -9999 -9999 -9999 -9999 -9999 -9999 -9999 -9999 -9999 -9999 -9999
140 140 148 148 150 150 150 143 143 129 129 129 95 95 95 97 97 96 96 96 87 87 87 99 99 94 94 94 87 87 76 76 76 64 64 64 70 70 80 80 80 89 89 89 97 97 103 103 103 108 108 111 111 111 112 112 112 109 109 105 105 105 101 101 102 102 102 104 104 104 102 102 97 97 -9999 -9999 -9999 -9999 -9999 -9999 -9999 -9999 -9999 -9999 -9999 -9999 -9999 -9999
140 140 148 148 150 150 150 143 143 129 129 129 95 95 95 97 97 96 96 96 87 87 87 99 99 94 94 94 87 87 76 76 76 64 64 64 70 70 80 80 80 89 89 89 97 97 103 103 103 108 108 111 111 111 112 112 112 109 109 105 105 105 101 101 102 102 102 104 104 104 102 102 97 97 -9999 -9999 -9999 -9999 -9999 -9999 -9999 -9999 -9999 -9999 -9999 -9999 -9999 -9999
140 140 148 148 150 150 150 143 143 129 129 129 95 95 95 97 97 96 96 96 87 87 87 99 99 94 94 94 87 87 76 76 76 64 64 64 70 70 80 80 80 89 89 89 97 97 103 103 103 108 108 111 111 111 112 112 112 109 109 105 105 105 101 101 102 102 102 104 104 104 102 102 97 97 97 93 -9999 -9999 -9999 -9999 -9999 -9999 -9999 -9999 -9999 -9999 -9999 -9999
139 139 145 145 146 146 146 135 135 120 120 120 93 93 93 96 96 94 94 94 84 84 84 92 92 84 84 84 69 69 58 58 58 60 60 60 73 73 84 84 84 92 92 92 98 98 103 103 103 107 107 108 108 108 109 109 109 106 106 103 103 103 102 102 103 103 103 105 105 105 103 103 98 98 98 93 93 -9999 -9999 -9999 -9999 -9999 -9999 -9999 -9999 -9999 -9999 -9999
139 139 145 145 146 146 146 135 135 120 120 120 93 93 93 96 96 94 94 94 84 84 84 92 92 84 84 84 69 69 58 58 58 60 60 60 73 73 84 84 84 92 92 92 98 98 103 103 103 107 107 108 108 108 109 109 109 106 106 103 103 103 102 102 103 103 103 105 105 105 103 103 98 98 98 93 -9999 -9999 -9999 -9999 -9999 -9999 -9999 -9999 -9999 -9999 -9999 -9999
137 137 141 141 140 140 140 127 127 117 117 117 96 96 96 93 93 89 89 89 85 85 85 89 89 72 72 72 49 49 49 49 49 62 62 62 77 77 86 86 86 91 91 91 96 96 99 99 99 102 102 104 104 104 105 105 105 104 104 103 103 103 103 103 104 104 104 105 105 105 103 103 98 98 98 -9999 -9999 -9999 -9999 -9999 -9999 -9999 -9999 -9999 -9999 -9999 -9999 -9999
137 137 141 141 140 140 140 127 127 117 117 117 96 96 96 93 93 89 89 89 85 85 85 89 89 72 72 72 49 49 49 49 49 62 62 62 77 77 86 86 86 91 91 91 96 96 99 99 99 102 102 104 104 104 105 105 105 104 104 103 103 103 103 103 104 104 104 105 105 105 103 103 98 98 -9999 -9999 -9999 -9999 -9999 -9999 -9999 -9999 -9999 -9999 -9999 -9999 -9999 -9999
137 137 141 141 140 140 140 127 127 117 117 117 96 96 96 93 93 89 89 89 85 85 85 89 89 72 72 72 49 49 49 49 49 62 62 62 77 77 86 86 86 91 91 91 96 96 99 99 99 102 102 104 104 104 105 105 105 104 104 103 103 103 103 103 104 104 104 105 105 105 103 103 98 -9999 -9999 -9999 -9999 -9999 -9999 -9999 -9999 -9999 -9999 -9999 -9999 -9999 -9999 -9999
133 133 135 135 133 133 133 120 120 114 114 114 96 96 96 90 90 88 88 88 85 85 85 85 85 58 58 58 37 37 47 47 47 65 65 65 78 78 84 84 84 87 87 87 90 90 93 93 93 96 96 100 100 100 102 102 102 103 103 103 103 103 103 103 104 104 104 104 104 104 102 -9999 -9999 -9999 -9999 -9999 -9999 -9999 -9999 -9999 -9999 -9999 -9999 -9999 -9999 -9999 -9999 -9999
133 133 135 135 133 133 133 120 120 114 114 114 96 96 96 90 90 88 88 88 85 85 85 85 85 58 58 58 37 37 47 47 47 65 65 65 78 78 84 84 84 87 87 87 90 90 93 93 93 96 96 100 100 100 102 102 102 103 103 103 103 103 103 103 104 104 104 104 104 -9999 -9999 -9999 -9999 -9999 -9999 -9999 -9999 -9999 -9999 -9999 -9999 -9999 -9999 -9999 -9999 -9999 -9999 -9999
130 130 128 128 126 126 126 114 114 109 109 109 95 95 95 92 92 90 90 90 85 85 85 74 74 46 46 46 35 35 49 49 49 67 67 67 78 78 80 80 80 80 80 80 83 83 87 87 87 91 91 96 96 96 100 100 100 102 102 103 103 103 103 103 103 103 -9999 -9999 -9999 -9999 -9999 -9999 -9999 -9999 -9999 -9999 -9999 -9999 -9999 -9999 -9999 -9999 -9999 -9999 -9999 -9999 -9999 -9999
