SEB_model/sample_data_files/historical/hillshade/june6am.txt
ncols         559
nrows         351
xllcorner     388608.08691406
yllcorner     7584381.3441773
cellsize      5
NODATA_value  -9999
[rows 156 to 194 of 351, columns 88 to 175 of 559]
137 139 139 139 139 139 138 138 138 136 136 135 135 135 136 136 140 140 140 143 143 143 145 145 141 141 141 135 135 131 131 131 126 126 126 126 126 129 129 129 131 131 131 134 134 131 131 131 130 130 129 129 129 129 129 129 132 132 132 132 132 134 134 140 140 140 137 137 137 135 135 133 133 133 130 130 130 132 132 129 129 129 130 130 134 134 134 135
139 141 141 139 139 139 136 136 136 133 133 129 129 129 132 132 136 136 136 140 140 140 145 145 142 142 142 134 134 129 129 129 122 122 122 125 125 129 129 129 132 132 132 137 137 134 134 134 132 132 130 130 130 129 129 129 131 131 131 131 131 134 134 140 140 140 139 139 139 137 137 133 133 133 131 131 131 133 133 129 129 129 127 127 130 130 130 133
139 141 141 139 139 139 136 136 136 133 133 129 129 129 132 132 136 136 136 140 140 140 145 145 142 142 142 134 134 129 129 129 122 122 122 125 125 129 129 129 132 132 132 137 137 134 134 134 132 132 130 130 130 129 129 129 131 131 131 131 131 134 134 140 140 140 139 139 139 137 137 133 133 133 131 131 131 133 133 129 129 129 127 127 130 130 130 133
139 141 141 139 139 139 136 136 136 133 133 129 129 129 132 132 136 136 136 140 140 140 145 145 142 142 142 134 134 129 129 129 122 122 122 125 125 129 129 129 132 132 132 137 137 134 134 134 132 132 130 130 130 129 129 129 131 131 131 131 131 134 134 140 140 140 139 139 139 137 137 133 133 133 131 131 131 133 133 129 129 129 127 127 130 130 130 133
139 139 139 135 135 135 131 131 131 128 128 123 123 123 127 127 132 132 132 137 137 137 144 144 141 141 141 132 132 125 125 125 119 119 119 125 125 131 131 131 134 134 134 139 139 136 136 136 132 132 129 129 129 128 128 128 132 132 132 132 132 135 135 141 141 141 139 139 139 136 136 131 131 131 129 129 129 133 133 129 129 129 127 127 129 129 129 132
139 139 139 135 135 135 131 131 131 128 128 123 123 123 127 127 132 132 132 137 137 137 144 144 141 141 141 132 132 125 125 125 119 119 119 125 125 131 131 131 134 134 134 139 139 136 136 136 132 132 129 129 129 128 128 128 132 132 132 132 132 135 135 141 141 141 139 139 139 136 136 131 131 131 129 129 129 133 133 129 129 129 127 127 129 129 129 132
139 139 139 135 135 135 131 131 131 128 128 123 123 123 127 127 132 132 132 137 137 137 144 144 141 141 141 132 132 125 125 125 119 119 119 125 125 131 131 131 134 134 134 139 139 136 136 136 132 132 129 129 129 128 128 128 132 132 132 132 132 135 135 141 141 141 139 139 139 136 136 131 131 131 129 129 129 133 133 129 129 129 127 127 129 129 129 132
138 137 137 132 132 132 126 126 126 123 123 120 120 120 126 126 131 131 131 135 135 135 141 141 137 137 137 129 129 124 124 124 121 121 121 128 128 134 134 134 137 137 137 142 142 136 136 136 130 130 126 126 126 126 126 126 132 132 133 133 133 137 137 143 143 143 140 140 140 135 135 128 128 128 126 126 126 131 131 130 130 130 129 129 133 133 133 135
138 137 137 132 132 132 126 126 126 123 123 120 120 120 126 126 131 131 131 135 135 135 141 141 137 137 137 129 129 124 124 124 121 121 121 128 128 134 134 134 137 137 137 142 142 136 136 136 130 130 126 126 126 126 126 126 132 132 133 133 133 137 137 143 143 143 140 140 140 135 135 128 128 128 126 126 126 131 131 130 130 130 129 129 133 133 133 135
136 137 137 132 132 132 125 125 125 120 120 119 119 119 124 124 128 128 128 132 132 132 137 137 133 133 133 128 128 127 127 127 127 127 127 133 133 138 138 138 141 141 141 143 143 135 135 135 126 126 121 121 121 123 123 123 131 131 132 132 132 137 137 143 143 143 139 139 139 133 133 127 127 127 126 126 126 133 133 132 132 132 133 133 140 140 140 142
136 137 137 132 132 132 125 125 125 120 120 119 119 119 124 124 128 128 128 132 132 132 137 137 133 133 133 128 128 127 127 127 127 127 127 133 133 138 138 138 141 141 141 143 143 135 135 135 126 126 121 121 121 123 123 123 131 131 132 132 132 137 137 143 143 143 139 139 139 133 133 127 127 127 126 126 126 133 133 132 132 132 133 133 140 140 140 142
136 137 137 132 132 132 125 125 125 120 120 119 119 119 124 124 128 128 128 132 132 132 137 137 133 133 133 128 128 127 127 127 127 127 127 133 133 138 138 138 141 141 141 143 143 135 135 135 126 126 121 121 121 123 123 123 131 131 132 132 132 137 137 143 143 143 139 139 139 133 133 127 127 127 126 126 126 133 133 132 132 132 133 133 140 140 140 142
132 133 133 130 130 130 124 124 124 118 118 115 115 115 120 120 124 124 124 127 127 127 131 131 128 128 128 129 129 133 133 133 133 133 133 136 136 139 139 139 140 140 140 140 140 130 130 130 121 121 117 117 117 120 120 120 128 128 130 130 130 133 133 139 139 139 136 136 136 132 132 129 129 129 130 130 130 138 138 136 136 136 138 138 148 148 148 150
132 133 133 130 130 130 124 124 124 118 118 115 115 115 120 120 124 124 124 127 127 127 131 131 128 128 128 129 129 133 133 133 133 133 133 136 136 139 139 139 140 140 140 140 140 130 130 130 121 121 117 117 117 120 120 120 128 128 130 130 130 133 133 139 139 139 136 136 136 132 132 129 129 129 130 130 130 138 138 136 136 136 138 138 148 148 148 150
129 128 128 126 126 126 123 123 123 117 117 114 114 114 117 117 121 121 121 124 124 124 126 126 126 126 126 131 131 138 138 138 139 139 139 140 140 142 142 142 141 141 141 138 138 128 128 128 122 122 119 119 119 122 122 122 129 129 131 131 131 133 133 139 139 139 138 138 138 137 137 136 136 136 138 138 138 145 145 142 142 142 146 146 158 158 158 156
129 128 128 126 126 126 123 123 123 117 117 114 114 114 117 117 121 121 121 124 124 124 126 126 126 126 126 131 131 138 138 138 139 139 139 140 140 142 142 142 141 141 141 138 138 128 128 128 122 122 119 119 119 122 122 122 129 129 131 131 131 133 133 139 139 139 138 138 138 137 137 136 136 136 138 138 138 145 145 142 142 142 146 146 158 158 158 156
129 128 128 126 126 126 123 123 123 117 117 114 114 114 117 117 121 121 121 124 124 124 126 126 126 126 126 131 131 138 138 138 139 139 139 140 140 142 142 142 141 141 141 138 138 128 128 128 122 122 119 119 119 122 122 122 129 129 131 131 131 133 133 139 139 139 138 138 138 137 137 136 136 136 138 138 138 145 145 142 142 142 146 146 158 158 158 156
124 123 123 122 122 122 120 120 120 117 117 114 114 114 115 115 120 120 120 123 123 123 124 124 126 126 126 133 133 139 139 139 141 141 141 142 142 142 142 142 139 139 139 135 135 129 129 129 125 125 124 124 124 126 126 126 131 131 132 132 132 134 134 139 139 139 138 138 138 140 140 141 141 141 143 143 143 147 147 145 145 145 151 151 164 164 164 157
124 123 123 122 122 122 120 120 120 117 117 114 114 114 115 115 120 120 120 123 123 123 124 124 126 126 126 133 133 139 139 139 141 141 141 142 142 142 142 142 139 139 139 135 135 129 129 129 125 125 124 124 124 126 126 126 131 131 132 132 132 134 134 139 139 139 138 138 138 140 140 141 141 141 143 143 143 147 147 145 145 145 151 151 164 164 164 157
124 123 123 122 122 122 120 120 120 117 117 114 114 114 115 115 120 120 120 123 123 123 124 124 126 126 126 133 133 139 139 139 141 141 141 142 142 142 142 142 139 139 139 135 135 129 129 129 125 125 124 124 124 126 126 126 131 131 132 132 132 134 134 139 139 139 138 138 138 140 140 141 141 141 143 143 143 147 147 145 145 145 151 151 164 164 164 157
120 118 118 117 117 117 117 117 117 116 116 114 114 114 116 116 121 121 121 125 125 125 127 127 130 130 130 134 134 139 139 139 141 141 141 141 141 139 139 139 135 135 135 132 132 129 129 129 128 128 127 127 127 128 128 128 132 132 133 133 133 135 135 138 138 138 138 138 138 141 141 143 143 143 145 145 145 147 147 145 145 145 154 154 166 166 166 158
120 118 118 117 117 117 117 117 117 116 116 114 114 114 116 116 121 121 121 125 125 125 127 127 130 130 130 134 134 139 139 139 141 141 141 141 141 139 139 139 135 135 135 132 132 129 129 129 128 128 127 127 127 128 128 128 132 132 133 133 133 135 135 138 138 138 138 138 138 141 141 143 143 143 145 145 145 147 147 145 145 145 154 154 166 166 166 158
117 114 114 114 114 114 115 115 115 115 115 115 115 115 118 118 123 123 123 127 127 127 131 131 133 133 133 135 135 136 136 136 138 138 138 138 138 136 136 136 133 133 133 130 130 130 130 130 129 129 129 129 129 131 131 131 133 133 135 135 135 137 137 141 141 141 141 141 141 143 143 145 145 145 146 146 146 147 147 146 146 146 154 154 165 165 165 158
117 114 114 114 114 114 115 115 115 115 115 115 115 115 118 118 123 123 123 127 127 127 131 131 133 133 133 135 135 136 136 136 138 138 138 138 138 136 136 136 133 133 133 130 130 130 130 130 129 129 129 129 129 131 131 131 133 133 135 135 135 137 137 141 141 141 141 141 141 143 143 145 145 145 146 146 146 147 147 146 146 146 154 154 165 165 165 158
117 114 114 114 114 114 115 115 115 115 115 115 115 115 118 118 123 123 123 127 127 127 131 131 133 133 133 135 135 136 136 136 138 138 138 138 138 136 136 136 133 133 133 130 130 130 130 130 129 129 129 129 129 131 131 131 133 133 135 135 135 137 137 141 141 141 141 141 141 143 143 145 145 145 146 146 146 147 147 146 146 146 154 154 165 165 165 158
114 112 112 111 111 111 112 112 112 114 114 116 116 116 119 119 124 124 124 129 129 129 133 133 135 135 135 134 134 132 132 132 133 133 133 135 135 133 133 133 131 131 131 129 129 129 129 129 130 130 132 132 132 133 133 133 135 135 136 136 136 139 139 143 143 143 142 142 142 144 144 144 144 144 145 145 145 148 148 146 146 146 153 153 163 163 163 160
114 112 112 111 111 111 112 112 112 114 114 116 116 116 119 119 124 124 124 129 129 129 133 133 135 135 135 134 134 132 -9999 -9999 -9999 133 133 135 135 133 133 133 131 131 131 129 129 129 129 129 130 130 132 132 132 133 133 133 135 135 136 136 136 139 139 143 143 143 142 142 142 144 144 144 144 144 145 145 145 148 148 146 146 146 153 153 163 163 163 160
114 112 112 111 111 111 112 112 112 114 114 116 116 116 119 119 124 124 124 129 129 129 133 133 135 135 -9999 -9999 -9999 -9999 -9999 -9999 -9999 -9999 -9999 -9999 -9999 133 133 133 -9999 -9999 -9999 -9999 -9999 -9999 -9999 -9999 130 130 132 132 132 133 133 133 135 135 136 136 136 139 139 143 143 143 142 142 142 144 144 144 144 144 145 145 145 148 148 146 146 146 153 153 163 163 163 160
111 -9999 -9999 -9999 -9999 -9999 -9999 -9999 -9999 -9999 -9999 -9999 -9999 -9999 -9999 -9999 -9999 123 123 129 129 129 134 -9999 -9999 -9999 -9999 -9999 -9999 -9999 -9999 -9999 -9999 -9999 -9999 -9999 -9999 -9999 -9999 -9999 -9999 -9999 -9999 -9999 -9999 -9999 -9999 -9999 -9999 -9999 -9999 -9999 -9999 -9999 -9999 -9999 -9999 -9999 140 140 140 141 141 146 146 146 147 147 147 147 147 147 147 147 150 150 150 153 153 150 150 150 152 152 159 159 159 163
-9999 -9999 -9999 -9999 -9999 -9999 -9999 -9999 -9999 -9999 -9999 -9999 -9999 -9999 -9999 -9999 -9999 -9999 -9999 -9999 -9999 -9999 -9999 -9999 -9999 -9999 -9999 -9999 -9999 -9999 -9999 -9999 -9999 -9999 -9999 -9999 -9999 -9999 -9999 -9999 -9999 -9999 -9999 -9999 -9999 -9999 -9999 -9999 -9999 -9999 -9999 -9999 -9999 -9999 -9999 -9999 -9999 -9999 -9999 -9999 -9999 -9999 -9999 -9999 -9999 -9999 -9999 -9999 -9999 -9999 -9999 -9999 -9999 -9999 -9999 -9999 -9999 -9999 -9999 -9999 -9999 150 152 152 159 159 159 163
-9999 -9999 -9999 -9999 -9999 -9999 -9999 -9999 -9999 -9999 -9999 -9999 -9999 -9999 -9999 -9999 -9999 -9999 -9999 -9999 -9999 -9999 -9999 -9999 -9999 -9999 -9999 -9999 -9999 -9999 -9999 -9999 -9999 -9999 -9999 -9999 -9999 -9999 -9999 -9999 -9999 -9999 -9999 -9999 -9999 -9999 -9999 -9999 -9999 -9999 -9999 -9999 -9999 -9999 -9999 -9999 -9999 -9999 -9999 -9999 -9999 -9999 -9999 -9999 -9999 -9999 -9999 -9999 -9999 -9999 -9999 -9999 -9999 -9999 -9999 -9999 -9999 -9999 -9999 -9999 -9999 153 152 152 156 156 156 165
-9999 -9999 -9999 -9999 -9999 -9999 -9999 -9999 -9999 -9999 -9999 -9999 -9999 -9999 -9999 -9999 -9999 -9999 -9999 -9999 -9999 -9999 -9999 -9999 -9999 -9999 -9999 -9999 -9999 -9999 -9999 -9999 -9999 -9999 -9999 -9999 -9999 -9999 -9999 -9999 -9999 -9999 -9999 -9999 -9999 -9999 -9999 -9999 -9999 -9999 -9999 -9999 -9999 -9999 -9999 -9999 -9999 -9999 -9999 -9999 -9999 -9999 -9999 -9999 -9999 -9999 -9999 -9999 -9999 -9999 -9999 -9999 -9999 -9999 -9999 -9999 -9999 -9999 -9999 -9999 -9999 -9999 152 152 156 156 156 165
-9999 -9999 -9999 -9999 -9999 -9999 -9999 -9999 -9999 -9999 -9999 -9999 -9999 -9999 -9999 -9999 -9999 -9999 -9999 -9999 -9999 -9999 -9999 -9999 -9999 -9999 -9999 -9999 -9999 -9999 -9999 -9999 -9999 -9999 -9999 -9999 -9999 -9999 -9999 -9999 -9999 -9999 -9999 -9999 -9999 -9999 -9999 -9999 -9999 -9999 -9999 -9999 -9999 -9999 -9999 -9999 -9999 -9999 -9999 -9999 -9999 -9999 -9999 -9999 -9999 -9999 -9999 -9999 -9999 -9999 -9999 -9999 -9999 -9999 -9999 -9999 -9999 -9999 -9999 -9999 -9999 -9999 152 152 156 156 156 165
-9999 -9999 -9999 -9999 -9999 -9999 -9999 -9999 -9999 -9999 -9999 -9999 -9999 -9999 -9999 -9999 -9999 -9999 -9999 -9999 -9999 -9999 -9999 -9999 -9999 -9999 -9999 -9999 -9999 -9999 -9999 -9999 -9999 -9999 -9999 -9999 -9999 -9999 -9999 -9999 -9999 -9999 -9999 -9999 -9999 -9999 -9999 -9999 -9999 -9999 -9999 -9999 -9999 -9999 -9999 -9999 -9999 -9999 -9999 -9999 -9999 -9999 -9999 -9999 -9999 -9999 -9999 -9999 -9999 -9999 -9999 -9999 -9999 -9999 -9999 -9999 -9999 -9999 -9999 -9999 -9999 -9999 -9999 156 159 159 159 170
-9999 -9999 -9999 -9999 -9999 -9999 -9999 -9999 -9999 -9999 -9999 -9999 -9999 -9999 -9999 -9999 -9999 -9999 -9999 -9999 -9999 -9999 -9999 -9999 -9999 -9999 -9999 -9999 -9999 -9999 -9999 -9999 -9999 -9999 -9999 -9999 -9999 -9999 -9999 -9999 -9999 -9999 -9999 -9999 -9999 -9999 -9999 -9999 -9999 -9999 -9999 -9999 -9999 -9999 -9999 -9999 -9999 -9999 -9999 -9999 -9999 -9999 -9999 -9999 -9999 -9999 -9999 -9999 -9999 -9999 -9999 -9999 -9999 -9999 -9999 -9999 -9999 -9999 -9999 -9999 -9999 -9999 -9999 -9999 -9999 -9999 -9999 170
-9999 -9999 -9999 -9999 -9999 -9999 -9999 -9999 -9999 -9999 -9999 -9999 -9999 -9999 -9999 -9999 -9999 -9999 -9999 -9999 -9999 -9999 -9999 -9999 -9999 -9999 -9999 -9999 -9999 -9999 -9999 -9999 -9999 -9999 -9999 -9999 -9999 -9999 134 134 132 132 132 130 130 129 -9999 -9999 -9999 -9999 -9999 -9999 -9999 -9999 -9999 -9999 -9999 -9999 -9999 -9999 -9999 -9999 -9999 -9999 -9999 -9999 -9999 -9999 -9999 -9999 -9999 -9999 -9999 -9999 -9999 -9999 -9999 -9999 -9999 -9999 -9999 -9999 -9999 -9999 -9999 -9999 -9999 175
-9999 -9999 -9999 -9999 -9999 -9999 -9999 -9999 -9999 -9999 -9999 -9999 -9999 -9999 -9999 -9999 -9999 -9999 -9999 -9999 -9999 -9999 -9999 -9999 -9999 -9999 -9999 -9999 -9999 -9999 -9999 -9999 -9999 127 127 128 128 134 134 134 132 132 132 130 130 129 129 129 133 133 -9999 -9999 -9999 -9999 -9999 -9999 -9999 -9999 -9999 -9999 -9999 -9999 -9999 -9999 -9999 -9999 -9999 -9999 -9999 -9999 -9999 -9999 -9999 -9999 -9999 -9999 -9999 -9999 -9999 -9999 -9999 -9999 -9999 -9999 -9999 -9999 -9999 175
-9999 -9999 -9999 -9999 -9999 -9999 -9999 -9999 -9999 -9999 -9999 -9999 -9999 -9999 -9999 -9999 -9999 -9999 -9999 -9999 -9999 -9999 -9999 -9999 -9999 -9999 -9999 -9999 -9999 135 135 135 127 127 127 128 128 134 134 134 132 132 132 130 130 129 129 129 133 133 145 145 -9999 -9999 -9999 -9999 -9999 -9999 -9999 -9999 -9999 -9999 -9999 -9999 -9999 -9999 -9999 -9999 -9999 -9999 -9999 -9999 -9999 -9999 -9999 -9999 -9999 -9999 -9999 -9999 -9999 -9999 -9999 162 165 165 165 175
-9999 -9999 -9999 -9999 -9999 -9999 -9999 -9999 -9999 -9999 -9999 -9999 -9999 -9999 -9999 -9999 -9999 -9999 -9999 -9999 -9999 -9999 -9999 -9999 -9999 125 125 120 120 128 128 128 121 121 121 131 131 143 143 143 133 133 133 129 129 127 127 127 132 132 144 144 144 148 -9999 -9999 -9999 -9999 -9999 -9999 -9999 -9999 -9999 -9999 -9999 -9999 -9999 -9999 -9999 -9999 -9999 -9999 -9999 -9999 -9999 -9999 -9999 -9999 -9999 -9999 -9999 -9999 -9999 160 164 164 164 179
