SEB_model/sample_data_files/historical/hillshade/june6am.txt
ncols         559
nrows         351
xllcorner     388608.08691406
yllcorner     7584381.3441773
cellsize      5
NODATA_value  -9999
[rows 78 to 116 of 351, columns 264 to 351 of 559]
148 148 148 142 142 142 142 142 146 146 150 150 150 151 151 151 154 154 153 153 153 149 149 149 152 152 150 150 150 152 152 151 151 151 139 139 139 130 130 120 120 120 118 118 121 121 121 121 121 121 121 121 121 121 121 122 122 122 125 125 124 124 124 126 126 131 131 131 129 129 129 125 125 122 122 122 121 121 125 125 125 124 124 124 125 125 126 126
152 152 152 147 147 143 143 143 147 147 154 154 154 154 154 154 157 157 155 155 155 150 150 150 154 154 150 150 150 149 149 146 146 146 135 135 135 129 129 122 122 122 121 121 123 123 123 122 122 122 121 121 120 120 120 120 120 120 123 123 123 123 123 125 125 130 130 130 129 129 129 127 127 125 125 125 122 122 125 125 125 121 121 121 121 121 122 122
152 152 152 147 147 143 143 143 147 147 154 154 154 154 154 154 157 157 155 155 155 150 150 150 154 154 150 150 150 149 149 146 146 146 135 135 135 129 129 122 122 122 121 121 123 123 123 122 122 122 121 121 120 120 120 120 120 120 123 123 123 123 123 125 125 130 130 130 129 129 129 127 127 125 125 125 122 122 125 125 125 121 121 121 121 121 122 122
152 152 152 149 149 144 144 144 147 147 154 154 154 152 152 152 155 155 155 155 155 152 152 152 157 157 151 151 151 146 146 141 141 141 132 132 132 130 130 125 125 125 124 124 126 126 126 123 123 123 122 122 121 121 121 120 120 120 122 122 122 122 122 124 124 128 128 128 127 127 127 129 129 127 127 127 123 123 124 124 124 119 119 119 119 119 120 120
152 152 152 149 149 144 144 144 147 147 154 154 154 152 152 152 155 155 155 155 155 152 152 152 157 157 151 151 151 146 146 141 141 141 132 132 132 130 130 125 125 125 124 124 126 126 126 123 123 123 122 122 121 121 121 120 120 120 122 122 122 122 122 124 124 128 128 128 127 127 127 129 129 127 127 127 123 123 124 124 124 119 119 119 119 119 120 120
152 152 152 149 149 144 144 144 147 147 154 154 154 152 152 152 155 155 155 155 155 152 152 152 157 157 151 151 151 146 146 141 141 141 132 132 132 130 130 125 125 125 124 124 126 126 126 123 123 123 122 122 121 121 121 120 120 120 122 122 122 122 122 124 124 128 128 128 127 127 127 129 129 127 127 127 123 123 124 124 124 119 119 119 119 119 120 120
146 146 146 147 147 143 143 143 145 145 150 150 150 148 148 148 153 153 155 155 155 154 154 154 158 158 151 151 151 143 143 136 136 136 130 130 130 130 130 126 126 126 125 125 127 127 127 125 125 125 124 124 123 123 123 121 121 121 122 122 121 121 121 122 122 124 124 124 125 125 125 129 129 127 127 127 122 122 124 124 124 120 120 120 120 120 118 118
146 146 146 147 147 143 143 143 145 145 150 150 150 148 148 148 153 153 155 155 155 154 154 154 158 158 151 151 151 143 143 136 136 136 130 130 130 130 130 126 126 126 125 125 127 127 127 125 125 125 124 124 123 123 123 121 121 121 122 122 121 121 121 122 122 124 124 124 125 125 125 129 129 127 127 127 122 122 124 124 124 120 120 120 120 120 118 118
146 146 146 147 147 143 143 143 145 145 150 150 150 148 148 148 153 153 155 155 155 154 154 154 158 158 151 151 151 143 143 136 136 136 130 130 130 130 130 126 126 126 125 125 127 127 127 125 125 125 124 124 123 123 123 121 121 121 122 122 121 121 121 122 122 124 124 124 125 125 125 129 129 127 127 127 122 122 124 124 124 120 120 120 120 120 118 118
142 142 142 144 144 141 141 141 142 142 146 146 146 144 144 144 151 151 154 154 154 154 154 154 158 158 148 148 148 140 140 134 134 134 129 129 129 130 130 126 126 126 126 126 128 128 128 125 125 125 125 125 124 124 124 123 123 123 124 124 121 121 121 121 121 122 122 122 123 123 123 127 127 124 124 124 119 119 124 124 124 129 129 129 127 127 116 116
142 142 142 144 144 141 141 141 142 142 146 146 146 144 144 144 151 151 154 154 154 154 154 154 158 158 148 148 148 140 140 134 134 134 129 129 129 130 130 126 126 126 126 126 128 128 128 125 125 125 125 125 124 124 124 123 123 123 124 124 121 121 121 121 121 122 122 122 123 123 123 127 127 124 124 124 119 119 124 124 124 129 129 129 127 127 116 116
142 142 142 145 145 140 140 140 140 140 144 144 144 143 143 143 149 149 153 153 153 152 152 152 155 155 146 146 146 138 138 132 132 132 128 128 128 131 131 127 127 127 126 126 129 129 129 126 126 126 127 127 127 127 127 127 127 127 126 126 123 123 123 122 122 122 122 122 122 122 122 124 124 120 120 120 114 114 132 132 132 150 150 150 144 144 114 114
142 142 142 145 145 140 140 140 140 140 144 144 144 143 143 143 149 149 153 153 153 152 152 152 155 155 146 146 146 138 138 132 132 132 128 128 128 131 131 127 127 127 126 126 129 129 129 126 126 126 127 127 127 127 127 127 127 127 126 126 123 123 123 122 122 122 122 122 122 122 122 124 124 120 120 120 114 114 132 132 132 150 150 150 144 144 114 114
142 142 142 145 145 140 140 140 140 140 144 144 144 143 143 143 149 149 153 153 153 152 152 152 155 155 146 146 146 138 138 132 132 132 128 128 128 131 131 127 127 127 126 126 129 129 129 126 126 126 127 127 127 127 127 127 127 127 126 126 123 123 123 122 122 122 122 122 122 122 122 124 124 120 120 120 114 114 132 132 132 150 150 150 144 144 114 114
143 143 143 145 145 139 139 139 138 138 143 143 143 142 142 142 148 148 150 150 150 150 150 150 152 152 142 142 142 136 136 131 131 131 128 128 128 132 132 128 128 128 127 127 129 129 129 127 127 127 128 128 130 130 130 129 129 129 128 128 124 124 124 123 123 123 123 123 121 121 121 122 122 116 116 116 109 109 141 141 141 175 175 175 171 171 125 125
143 143 143 145 145 139 139 139 138 138 143 143 143 142 142 142 148 148 150 150 150 150 150 150 152 152 142 142 142 136 136 131 131 131 128 128 128 132 132 128 128 128 127 127 129 129 129 127 127 127 128 128 130 130 130 129 129 129 128 128 124 124 124 123 123 123 123 123 121 121 121 122 122 116 116 116 109 109 141 141 141 175 175 175 171 171 125 125
143 143 143 145 145 139 139 139 138 138 143 143 143 142 142 142 148 148 150 150 150 150 150 150 152 152 142 142 142 136 136 131 131 131 128 128 128 132 132 128 128 128 127 127 129 129 129 127 127 127 128 128 130 130 130 129 129 129 128 128 124 124 124 123 123 123 123 123 121 121 121 122 122 116 116 116 109 109 141 141 141 175 175 175 171 171 125 125
145 145 145 148 148 142 142 142 140 140 140 140 140 133 133 133 134 134 136 136 136 139 139 139 145 145 144 144 144 132 132 111 111 111 98 98 98 110 110 125 125 125 129 129 130 130 130 127 127 127 130 130 131 131 131 130 130 130 130 130 127 127 127 124 124 123 123 123 121 121 121 120 120 113 113 113 106 106 143 143 143 187 187 187 186 186 132 132
145 145 145 148 148 142 142 142 140 140 140 140 140 133 133 133 134 134 136 136 136 139 139 139 145 145 144 144 144 132 132 111 111 111 98 98 98 110 110 125 125 125 129 129 130 130 130 127 127 127 130 130 131 131 131 130 130 130 130 130 127 127 127 124 124 123 123 123 121 121 121 120 120 113 113 113 106 106 143 143 143 187 187 187 186 186 132 132
149 149 149 156 156 153 153 153 151 151 142 142 142 120 120 120 107 107 104 104 104 115 115 115 130 130 141 141 141 117 117 67 67 67 37 37 37 68 68 121 121 121 129 129 126 126 126 120 120 120 124 124 129 129 129 131 131 131 132 132 129 129 129 126 126 124 124 124 122 122 122 119 119 111 111 111 104 104 132 132 132 179 179 179 180 180 130 130
149 149 149 156 156 153 153 153 151 151 142 142 142 120 120 120 107 107 104 104 104 115 115 115 130 130 141 141 141 117 117 67 67 67 37 37 37 68 68 121 121 121 129 129 126 126 126 120 120 120 124 124 129 129 129 131 131 131 132 132 129 129 129 126 126 124 124 124 122 122 122 119 119 111 111 111 104 104 132 132 132 179 179 179 180 180 130 130
149 149 149 156 156 153 153 153 151 151 142 142 142 120 120 120 107 107 104 104 104 115 115 115 130 130 141 141 141 117 117 67 67 67 37 37 37 68 68 121 121 121 129 129 126 126 126 120 120 120 124 124 129 129 129 131 131 131 132 132 129 129 129 126 126 124 124 124 122 122 122 119 119 111 111 111 104 104 132 132 132 179 179 179 180 180 130 130
156 156 156 169 169 169 169 169 168 168 154 154 154 123 123 123 102 102 99 99 99 123 123 123 143 143 154 154 154 0 0 0 0 0 0 0 0 57 57 122 122 122 109 109 93 93 93 83 83 83 95 95 118 118 118 130 130 130 133 133 130 130 130 126 126 125 125 125 122 122 122 119 119 111 111 111 103 103 118 118 118 166 166 166 176 176 135 135
156 156 156 169 169 169 169 169 168 168 154 154 154 123 123 123 102 102 99 99 99 123 123 123 143 143 154 154 154 0 0 0 0 0 0 0 0 57 57 122 122 122 109 109 93 93 93 83 83 83 95 95 118 118 118 130 130 130 133 133 130 130 130 126 126 125 125 125 122 122 122 119 119 111 111 111 103 103 118 118 118 166 166 166 176 176 135 135
165 165 165 181 181 184 184 184 186 186 173 173 173 133 133 133 108 108 122 122 122 167 167 167 187 187 187 187 187 0 0 0 0 0 9 9 9 116 116 155 155 155 106 106 61 61 61 37 37 37 59 59 101 101 101 124 124 124 133 133 132 132 132 125 125 123 123 123 121 121 121 118 118 111 111 111 105 105 116 116 116 160 160 160 173 173 135 135
165 165 165 181 181 184 184 184 186 186 173 173 173 133 133 133 108 108 122 122 122 167 167 167 187 187 187 187 187 0 0 0 0 0 9 9 9 116 116 155 155 155 106 106 61 61 61 37 37 37 59 59 101 101 101 124 124 124 133 133 132 132 132 125 125 123 123 123 121 121 121 118 118 111 111 111 105 105 116 116 116 160 160 160 173 173 135 135
165 165 165 181 181 184 184 184 186 186 173 173 173 133 133 133 108 108 122 122 122 167 167 167 187 187 187 187 187 0 0 0 0 0 9 9 9 116 116 155 155 155 106 106 61 61 61 37 37 37 59 59 101 101 101 124 124 124 133 133 132 132 132 125 125 123 123 123 121 121 121 118 118 111 111 111 105 105 116 116 116 160 160 160 173 173 135 135
168 168 168 187 187 189 189 189 184 184 161 161 161 119 119 119 107 107 144 144 144 191 191 191 203 203 173 173 173 0 0 8 8 8 73 73 73 178 178 196 196 196 136 136 49 49 49 15 15 15 56 56 107 107 107 121 121 121 129 129 130 130 130 121 121 116 116 116 115 115 115 114 114 110 110 110 107 107 123 123 123 163 163 163 173 173 131 131
168 168 168 187 187 189 189 189 184 184 161 161 161 119 119 119 107 107 144 144 144 191 191 191 203 203 173 173 173 0 0 8 8 8 73 73 73 178 178 196 196 196 136 136 49 49 49 15 15 15 56 56 107 107 107 121 121 121 129 129 130 130 130 121 121 116 116 116 115 115 115 114 114 110 110 110 107 107 123 123 123 163 163 163 173 173 131 131
168 168 168 187 187 189 189 189 184 184 161 161 161 119 119 119 107 107 144 144 144 191 191 191 203 203 173 173 173 0 0 8 8 8 73 73 73 178 178 196 196 196 136 136 49 49 49 15 15 15 56 56 107 107 107 121 121 121 129 129 130 130 130 121 121 116 116 116 115 115 115 114 114 110 110 110 107 107 123 123 123 163 163 163 173 173 131 131
163 163 163 185 185 181 181 181 161 161 140 140 140 113 113 113 117 117 156 156 156 186 186 186 183 183 132 132 132 60 60 50 50 50 123 123 123 192 192 193 193 193 126 126 0 0 0 30 30 30 90 90 142 142 142 139 139 139 131 131 125 125 125 114 114 109 109 109 109 109 109 112 112 112 112 112 112 112 133 133 133 164 164 164 167 167 115 115
163 163 163 185 185 181 181 181 161 161 140 140 140 113 113 113 117 117 156 156 156 186 186 186 183 183 132 132 132 60 60 50 50 50 123 123 123 192 192 193 193 193 126 126 0 0 0 30 30 30 90 90 142 142 142 139 139 139 131 131 125 125 125 114 114 109 109 109 109 109 109 112 112 112 112 112 112 112 133 133 133 164 164 164 167 167 115 115
155 155 155 177 177 166 166 166 144 144 134 134 134 118 118 118 128 128 153 153 153 163 163 163 158 158 120 120 120 83 83 84 84 84 130 130 130 173 173 159 159 159 102 102 60 60 60 63 63 63 127 127 173 173 173 172 172 172 157 157 125 125 125 107 107 105 105 105 107 107 107 115 115 119 119 119 123 123 145 145 145 164 164 164 151 151 78 78
155 155 155 177 177 166 166 166 144 144 134 134 134 118 118 118 128 128 153 153 153 163 163 163 158 158 120 120 120 83 83 84 84 84 130 130 130 173 173 159 159 159 102 102 60 60 60 63 63 63 127 127 173 173 173 172 172 172 157 157 125 125 125 107 107 105 105 105 107 107 107 115 115 119 119 119 123 123 145 145 145 164 164 164 151 151 78 78
155 155 155 177 177 166 166 166 144 144 134 134 134 118 118 118 128 128 153 153 153 163 163 163 158 158 120 120 120 83 83 84 84 84 130 130 130 173 173 159 159 159 102 102 60 60 60 63 63 63 127 127 173 173 173 172 172 172 157 157 125 125 125 107 107 105 105 105 107 107 107 115 115 119 119 119 123 123 145 145 145 164 164 164 151 151 78 78
152 152 152 167 167 154 154 154 136 136 132 132 132 124 124 124 136 136 146 146 146 141 141 141 142 142 121 121 121 101 101 95 95 95 119 119 119 153 153 139 139 139 99 99 87 87 87 88 88 88 143 143 185 185 185 194 194 194 184 184 132 132 132 108 108 108 108 108 111 111 111 116 116 120 120 120 128 128 145 145 145 151 151 151 111 111 0 0
152 152 152 167 167 154 154 154 136 136 132 132 132 124 124 124 136 136 146 146 146 141 141 141 142 142 121 121 121 101 101 95 95 95 119 119 119 153 153 139 139 139 99 99 87 87 87 88 88 88 143 143 185 185 185 194 194 194 184 184 132 132 132 108 108 108 108 108 111 111 111 116 116 120 120 120 128 128 145 145 145 151 151 151 111 111 0 0
154 154 154 165 165 150 150 150 130 130 124 124 124 124 124 124 141 141 144 144 144 132 132 132 135 135 124 124 124 110 110 96 96 96 108 108 108 139 139 133 133 133 109 109 113 113 113 96 96 96 136 136 181 181 181 200 200 200 193 193 132 132 132 119 119 124 124 124 126 126 126 122 122 122 122 122 132 132 137 137 137 119 119 119 0 0 0 0
154 154 154 165 165 150 150 150 130 130 124 124 124 124 124 124 141 141 144 144 144 132 132 132 135 135 124 124 124 110 110 96 96 96 108 108 108 139 139 133 133 133 109 109 113 113 113 96 96 96 136 136 181 181 181 200 200 200 193 193 132 132 132 119 119 124 124 124 126 126 126 122 122 122 122 122 132 132 137 137 137 119 119 119 0 0 0 0
