SEB_model/sample_data_files/historical/hillshade/june6am.txt
ncols         559
nrows         351
xllcorner     388608.08691406
yllcorner     7584381.3441773
cellsize      5
NODATA_value  -9999
[rows 117 to 155 of 351, columns 264 to 351 of 559]
154 154 154 165 165 150 150 150 130 130 124 124 124 124 124 124 141 141 144 144 144 132 132 132 135 135 124 124 124 110 110 96 96 96 108 108 108 139 139 133 133 133 109 109 113 113 113 96 96 96 136 136 181 181 181 200 200 200 193 193 132 132 132 119 119 124 124 124 126 126 126 122 122 122 122 122 132 132 137 137 137 119 119 119 0 0 0 0
159 159 159 168 168 148 148 148 121 121 116 116 116 129 129 129 152 152 148 148 148 125 125 125 123 123 124 124 124 109 109 92 92 92 103 103 103 138 138 142 142 142 122 122 131 131 131 105 105 105 127 127 168 168 168 194 194 194 189 189 124 124 124 123 123 138 138 138 140 140 140 128 128 125 125 125 130 130 113 113 113 77 77 77 37 37 27 27
159 159 159 168 168 148 148 148 121 121 116 116 116 129 129 129 152 152 148 148 148 125 125 125 123 123 124 124 124 109 109 92 92 92 103 103 103 138 138 142 142 142 122 122 131 131 131 105 105 105 127 127 168 168 168 194 194 194 189 189 124 124 124 123 123 138 138 138 140 140 140 128 128 125 125 125 130 130 113 113 113 77 77 77 37 37 27 27
159 159 159 168 168 148 148 148 121 121 116 116 116 129 129 129 152 152 148 148 148 125 125 125 123 123 124 124 124 109 109 92 92 92 103 103 103 138 138 142 142 142 122 122 131 131 131 105 105 105 127 127 168 168 168 194 194 194 189 189 124 124 124 123 123 138 138 138 140 140 140 128 128 125 125 125 130 130 113 113 113 77 77 77 37 37 27 27
165 165 165 167 167 138 138 138 108 108 119 119 119 150 150 150 167 167 150 150 150 112 112 112 110 110 120 120 120 103 103 94 94 94 112 112 112 147 147 150 150 150 128 128 142 142 142 118 118 118 127 127 160 160 160 186 186 186 183 183 120 120 120 116 116 137 137 137 140 140 140 129 129 124 124 124 116 116 84 84 84 54 54 54 45 45 59 59
165 165 165 167 167 138 138 138 108 108 119 119 119 150 150 150 167 167 150 150 150 112 112 112 110 110 120 120 120 103 103 94 94 94 112 112 112 147 147 150 150 150 128 128 142 142 142 118 118 118 127 127 160 160 160 186 186 186 183 183 120 120 120 116 116 137 137 137 140 140 140 129 129 124 124 124 116 116 84 84 84 54 54 54 45 45 59 59
166 166 166 158 158 119 119 119 99 99 138 138 138 172 172 172 176 176 144 144 144 94 94 94 99 99 115 115 115 104 104 110 110 110 129 129 129 153 153 151 151 151 131 131 148 148 148 129 129 129 128 128 156 156 156 180 180 180 181 181 125 125 125 106 106 124 124 124 128 128 128 125 125 117 117 117 96 96 66 66 66 58 58 58 73 73 92 92
166 166 166 158 158 119 119 119 99 99 138 138 138 172 172 172 176 176 144 144 144 94 94 94 99 99 115 115 115 104 104 110 110 110 129 129 129 153 153 151 151 151 131 131 148 148 148 129 129 129 128 128 156 156 156 180 180 180 181 181 125 125 125 106 106 124 124 124 128 128 128 125 125 117 117 117 96 96 66 66 66 58 58 58 73 73 92 92
166 166 166 158 158 119 119 119 99 99 138 138 138 172 172 172 176 176 144 144 144 94 94 94 99 99 115 115 115 104 104 110 110 110 129 129 129 153 153 151 151 151 131 131 148 148 148 129 129 129 128 128 156 156 156 180 180 180 181 181 125 125 125 106 106 124 124 124 128 128 128 125 125 117 117 117 96 96 66 66 66 58 58 58 73 73 92 92
161 161 161 148 148 113 113 113 108 108 158 158 158 182 182 182 174 174 129 129 129 78 78 78 93 93 116 116 116 118 118 132 132 132 141 141 141 152 152 146 146 146 134 134 149 149 149 132 132 132 126 126 148 148 148 172 172 172 177 177 130 130 130 102 102 111 111 111 117 117 117 121 121 107 107 107 80 80 66 66 66 76 76 76 98 98 107 107
161 161 161 148 148 113 113 113 108 108 158 158 158 182 182 182 174 174 129 129 129 78 78 78 93 93 116 116 116 118 118 132 132 132 141 141 141 152 152 146 146 146 134 134 149 149 149 132 132 132 126 126 148 148 148 172 172 172 177 177 130 130 130 102 102 111 111 111 117 117 117 121 121 107 107 107 80 80 66 66 66 76 76 76 98 98 107 107
161 161 161 148 148 113 113 113 108 108 158 158 158 182 182 182 174 174 129 129 129 78 78 78 93 93 116 116 116 118 118 132 132 132 141 141 141 152 152 146 146 146 134 134 149 149 149 132 132 132 126 126 148 148 148 172 172 172 177 177 130 130 130 102 102 111 111 111 117 117 117 121 121 107 107 107 80 80 66 66 66 76 76 76 98 98 107 107
152 152 152 145 145 125 125 125 127 127 165 165 165 178 178 178 161 161 113 113 113 73 73 73 98 98 126 126 126 139 139 146 146 146 142 142 142 144 144 140 140 140 137 137 148 148 148 133 133 133 128 128 141 141 141 159 159 159 164 164 129 129 129 103 103 107 107 107 114 114 114 117 117 100 100 100 78 78 79 79 79 94 94 94 110 110 111 111
152 152 152 145 145 125 125 125 127 127 165 165 165 178 178 178 161 161 113 113 113 73 73 73 98 98 126 126 126 139 139 146 146 146 142 142 142 144 144 140 140 140 137 137 148 148 148 133 133 133 128 128 141 141 141 159 159 159 164 164 129 129 129 103 103 107 107 107 114 114 114 117 117 100 100 100 78 78 79 79 79 94 94 94 110 110 111 111
144 144 144 149 149 140 140 140 142 142 165 165 165 165 165 165 146 146 107 107 107 83 83 83 112 112 138 138 138 151 151 150 150 150 136 136 136 135 135 136 136 136 139 139 144 144 144 132 132 132 127 127 133 133 133 142 142 142 148 148 126 126 126 108 108 112 112 112 117 117 117 118 118 102 102 102 88 88 94 94 94 103 103 103 112 112 115 115
144 144 144 149 149 140 140 140 142 142 165 165 165 165 165 165 146 146 107 107 107 83 83 83 112 112 138 138 138 151 151 150 150 150 136 136 136 135 135 136 136 136 139 139 144 144 144 132 132 132 127 127 133 133 133 142 142 142 148 148 126 126 126 108 108 112 112 112 117 117 117 118 118 102 102 102 88 88 94 94 94 103 103 103 112 112 115 115
144 144 144 149 149 140 140 140 142 142 165 165 165 165 165 165 146 146 107 107 107 83 83 83 112 112 138 138 138 151 151 150 150 150 136 136 136 135 135 136 136 136 139 139 144 144 144 132 132 132 127 127 133 133 133 142 142 142 148 148 126 126 126 108 108 112 112 112 117 117 117 118 118 102 102 102 88 88 94 94 94 103 103 103 112 112 115 115
141 141 141 149 149 146 146 146 145 145 155 155 155 149 149 149 136 136 114 114 114 102 102 102 126 126 144 144 144 153 153 145 145 145 124 124 124 126 126 130 130 130 135 135 139 139 139 128 128 128 123 123 125 125 125 131 131 131 141 141 129 129 129 117 117 120 120 120 123 123 123 124 124 110 110 110 97 97 102 102 102 105 105 105 114 114 122 122
141 141 141 149 149 146 146 146 145 145 155 155 155 149 149 149 136 136 114 114 114 102 102 102 126 126 144 144 144 153 153 145 145 145 124 124 124 126 126 130 130 130 135 135 139 139 139 128 128 128 123 123 125 125 125 131 131 131 141 141 129 129 129 117 117 120 120 120 123 123 123 124 124 110 110 110 97 97 102 102 102 105 105 105 114 114 122 122
141 141 141 149 149 148 148 148 143 143 141 141 141 133 133 133 136 136 130 130 130 119 119 119 135 135 147 147 147 151 151 138 138 138 115 115 115 118 118 124 124 124 131 131 136 136 136 126 126 126 121 121 121 121 121 128 128 128 141 141 135 135 135 124 124 124 124 124 124 124 124 128 128 115 115 115 99 99 102 102 102 106 106 106 119 119 132 132
141 141 141 149 149 148 148 148 143 143 141 141 141 133 133 133 136 136 130 130 130 119 119 119 135 135 147 147 147 151 151 138 138 138 115 115 115 118 118 124 124 124 131 131 136 136 136 126 126 126 121 121 121 121 121 128 128 128 141 141 135 135 135 124 124 124 124 124 124 124 124 128 128 115 115 115 99 99 102 102 102 106 106 106 119 119 132 132
141 141 141 149 149 148 148 148 143 143 141 141 141 133 133 133 136 136 130 130 130 119 119 119 135 135 147 147 147 151 151 138 138 138 115 115 115 118 118 124 124 124 131 131 136 136 136 126 126 126 121 121 121 121 121 128 128 128 141 141 135 135 135 124 124 124 124 124 124 124 124 128 128 115 115 115 99 99 102 102 102 106 106 106 119 119 132 132
142 142 142 148 148 149 149 149 136 136 124 124 124 127 127 127 146 146 147 147 147 129 129 129 138 138 148 148 148 147 147 130 130 130 109 109 109 116 116 122 122 122 131 131 137 137 137 129 129 129 123 123 122 122 122 129 129 129 143 143 139 139 139 127 127 123 123 123 123 123 123 128 128 115 115 115 96 96 97 97 97 105 105 105 123 123 138 138
142 142 142 148 148 149 149 149 136 136 124 124 124 127 127 127 146 146 147 147 147 129 129 129 138 138 148 148 148 147 147 130 130 130 109 109 109 116 116 122 122 122 131 131 137 137 137 129 129 129 123 123 122 122 122 129 129 129 143 143 139 139 139 127 127 123 123 123 123 123 123 128 128 115 115 115 96 96 97 97 97 105 105 105 123 123 138 138
142 142 142 148 148 149 149 149 136 136 124 124 124 127 127 127 146 146 147 147 147 129 129 129 138 138 148 148 148 147 147 130 130 130 109 109 109 116 116 122 122 122 131 131 137 137 137 129 129 129 123 123 122 122 122 129 129 129 143 143 139 139 139 127 127 123 123 123 123 123 123 128 128 115 115 115 96 96 97 97 97 105 105 105 123 123 138 138
142 142 142 145 145 143 143 143 123 123 114 114 114 132 132 132 158 158 155 155 155 130 130 130 140 140 147 147 147 140 140 123 123 123 109 109 109 121 121 126 126 126 134 134 141 141 141 134 134 134 129 129 126 126 126 132 132 132 146 146 142 142 142 130 130 124 124 124 123 123 123 124 124 109 109 109 88 88 88 88 88 100 100 100 122 122 139 139
142 142 142 145 145 143 143 143 123 123 114 114 114 132 132 132 158 158 155 155 155 130 130 130 140 140 147 147 147 140 140 123 123 123 109 109 109 121 121 126 126 126 134 134 141 141 141 134 134 134 129 129 126 126 126 132 132 132 146 146 142 142 142 130 130 124 124 124 123 123 123 124 124 109 109 109 88 88 88 88 88 100 100 100 122 122 139 139
139 139 139 141 141 134 134 134 114 114 114 114 114 139 139 139 162 162 152 152 152 128 128 128 138 138 140 140 140 134 134 124 124 124 117 117 117 130 130 132 132 132 137 137 146 146 146 140 140 140 135 135 131 131 131 136 136 136 149 149 144 144 144 135 135 129 129 129 127 127 127 120 120 99 99 99 76 76 76 76 76 91 91 91 118 118 138 138
139 139 139 141 141 134 134 134 114 114 114 114 114 139 139 139 162 162 152 152 152 128 128 128 138 138 140 140 140 134 134 124 124 124 117 117 117 130 130 132 132 132 137 137 146 146 146 140 140 140 135 135 131 131 131 136 136 136 149 149 144 144 144 135 135 129 129 129 127 127 127 120 120 99 99 99 76 76 76 76 76 91 91 91 118 118 138 138
139 139 139 141 141 134 134 134 114 114 114 114 114 139 139 139 162 162 152 152 152 128 128 128 138 138 140 140 140 134 134 124 124 124 117 117 117 130 130 132 132 132 137 137 146 146 146 140 140 140 135 135 131 131 131 136 136 136 149 149 144 144 144 135 135 129 129 129 127 127 127 120 120 99 99 99 76 76 76 76 76 91 91 91 118 118 138 138
134 134 134 138 138 127 127 127 113 113 122 122 122 139 139 139 155 155 143 143 143 123 123 123 132 132 133 133 133 137 137 136 136 136 128 128 128 137 137 136 136 136 138 138 149 149 149 145 145 145 141 141 136 136 136 138 138 138 150 150 145 145 145 137 137 135 135 135 131 131 131 116 116 87 87 87 62 62 65 65 65 87 87 87 119 119 146 146
134 134 134 138 138 127 127 127 113 113 122 122 122 139 139 139 155 155 143 143 143 123 123 123 132 132 133 133 133 137 137 136 136 136 128 128 128 137 137 136 136 136 138 138 149 149 149 145 145 145 141 141 136 136 136 138 138 138 150 150 145 145 145 137 137 135 135 135 131 131 131 116 116 87 87 87 62 62 65 65 65 87 87 87 119 119 146 146
133 133 133 137 137 125 125 125 118 118 128 128 128 133 133 133 142 142 131 131 131 117 117 117 131 131 139 139 139 151 151 148 148 148 133 133 133 139 139 137 137 137 137 137 150 150 150 148 148 148 145 145 139 139 139 137 137 137 149 149 144 144 144 138 138 138 138 138 134 134 134 110 110 73 73 73 46 46 55 55 55 89 89 89 130 130 160 160
133 133 133 137 137 125 125 125 118 118 128 128 128 133 133 133 142 142 131 131 131 117 117 117 131 131 139 139 139 151 151 148 148 148 133 133 133 139 139 137 137 137 137 137 150 150 150 148 148 148 145 145 139 139 139 137 137 137 149 149 144 144 144 138 138 138 138 138 134 134 134 110 110 73 73 73 46 46 55 55 55 89 89 89 130 130 160 160
133 133 133 137 137 125 125 125 118 118 128 128 128 133 133 133 142 142 131 131 131 117 117 117 131 131 139 139 139 151 151 148 148 148 133 133 133 139 139 137 137 137 137 137 150 150 150 148 148 148 145 145 139 139 139 137 137 137 149 149 144 144 144 138 138 138 138 138 134 134 134 110 110 73 73 73 46 46 55 55 55 89 89 89 130 130 160 160
137 137 137 139 139 126 126 126 124 124 131 131 131 123 123 123 125 125 117 117 117 115 115 115 141 141 153 153 153 162 162 151 151 151 132 132 132 137 137 136 136 136 136 136 151 151 151 150 150 150 148 148 141 141 141 136 136 136 147 147 142 142 142 138 138 142 142 142 139 139 139 105 105 53 53 53 23 23 48 48 48 99 99 99 145 145 170 170
137 137 137 139 139 126 126 126 124 124 131 131 131 123 123 123 125 125 117 117 117 115 115 115 141 141 153 153 153 162 162 151 151 151 132 132 132 137 137 136 136 136 136 136 151 151 151 150 150 150 148 148 141 141 141 136 136 136 147 147 142 142 142 138 138 142 142 142 139 139 139 105 105 53 53 53 23 23 48 48 48 99 99 99 145 145 170 170
137 137 137 139 139 126 126 126 124 124 131 131 131 123 123 123 125 125 117 117 117 115 115 115 141 141 153 153 153 162 162 151 151 151 132 132 132 137 137 136 136 136 136 136 151 151 151 150 150 150 148 148 141 141 141 136 136 136 147 147 142 142 142 138 138 142 142 142 139 139 139 105 105 53 53 53 23 23 48 48 48 99 99 99 145 145 170 170
140 140 140 141 141 130 130 130 130 130 134 134 134 115 115 115 108 108 107 107 107 122 122 122 155 155 164 164 164 164 164 150 150 150 130 130 130 136 136 136 136 136 136 136 151 151 151 149 149 149 147 147 143 143 143 140 140 140 148 148 140 140 140 138 138 151 151 151 148 148 148 101 101 0 0 0 0 0 45 45 45 115 115 115 160 160 177 177
