SEB_model/sample_data_files/historical/hillshade/junenoon.txt
ncols         559
nrows         351
xllcorner     388608.08691406
yllcorner     7584381.3441773
cellsize      5
NODATA_value  -9999
[rows 40 to 79 of 351, columns 270 to 359 of 559]
-9999 -9999 -9999 -9999 -9999 -9999 -9999 -9999 -9999 -9999 -9999 -9999 -9999 -9999 -9999 -9999 -9999 -9999 -9999 -9999 -9999 -9999 -9999 -9999 -9999 -9999 -9999 -9999 -9999 -9999 216 216 216 216 216 216 217 217 219 219 219 218 218 218 218 218 217 217 217 214 214 214 207 207 205 205 205 203 203 200 200 200 199 199 199 196 196 193 193 193 191 191 188 188 188 188 188 188 187 187 186 186 186 186 186 186 185 185 187 187
-9999 -9999 -9999 -9999 -9999 -9999 -9999 -9999 -9999 -9999 -9999 -9999 -9999 -9999 -9999 -9999 -9999 -9999 -9999 -9999 -9999 -9999 -9999 -9999 -9999 -9999 -9999 -9999 -9999 216 216 216 216 216 216 216 217 217 219 219 219 218 218 218 218 218 217 217 217 214 214 214 207 207 205 205 205 203 203 200 200 200 199 199 199 196 196 193 193 193 191 191 188 188 188 188 188 188 187 187 186 186 186 186 186 186 185 185 187 187
-9999 -9999 -9999 -9999 -9999 -9999 -9999 -9999 -9999 -9999 -9999 -9999 -9999 -9999 -9999 -9999 -9999 -9999 -9999 -9999 -9999 -9999 -9999 -9999 -9999 -9999 -9999 -9999 -9999 216 216 214 214 213 213 213 215 215 218 218 218 218 218 218 217 217 216 216 216 212 212 212 206 206 205 205 205 204 204 200 200 200 200 200 200 198 198 195 195 195 193 193 190 190 190 189 189 189 187 187 186 186 186 184 184 184 182 182 184 184
-9999 -9999 -9999 -9999 -9999 -9999 -9999 -9999 -9999 -9999 -9999 -9999 -9999 -9999 -9999 -9999 -9999 -9999 -9999 -9999 -9999 -9999 -9999 -9999 -9999 -9999 -9999 -9999 -9999 -9999 216 214 214 213 213 213 215 215 218 218 218 218 218 218 217 217 216 216 216 212 212 212 206 206 205 205 205 204 204 200 200 200 200 200 200 198 198 195 195 195 193 193 190 190 190 189 189 189 187 187 186 186 186 184 184 184 182 182 184 184
-9999 -9999 -9999 -9999 -9999 -9999 -9999 -9999 -9999 -9999 -9999 -9999 -9999 -9999 -9999 -9999 -9999 -9999 -9999 -9999 -9999 -9999 -9999 -9999 -9999 -9999 -9999 -9999 -9999 -9999 -9999 214 214 213 213 213 215 215 218 218 218 218 218 218 217 217 216 216 216 212 212 212 206 206 205 205 205 204 204 200 200 200 200 200 200 198 198 195 195 195 193 193 190 190 190 189 189 189 187 187 186 186 186 184 184 184 182 182 184 184
-9999 -9999 -9999 -9999 -9999 -9999 -9999 -9999 -9999 -9999 -9999 -9999 -9999 -9999 -9999 -9999 -9999 -9999 -9999 -9999 -9999 -9999 -9999 -9999 -9999 -9999 -9999 -9999 -9999 -9999 -9999 213 213 210 210 210 211 211 214 214 214 216 216 216 214 214 214 214 214 213 213 213 210 210 209 209 209 207 207 203 203 203 202 202 202 201 201 199 199 199 196 196 192 192 192 191 191 191 189 189 187 187 187 186 186 186 183 183 183 183
-9999 -9999 -9999 -9999 -9999 -9999 -9999 -9999 -9999 -9999 -9999 -9999 -9999 -9999 -9999 -9999 -9999 -9999 -9999 -9999 -9999 -9999 -9999 -9999 -9999 -9999 -9999 -9999 -9999 -9999 -9999 -9999 213 210 210 210 211 211 214 214 214 216 216 216 214 214 214 214 214 213 213 213 210 210 209 209 209 207 207 203 203 203 202 202 202 201 201 199 199 199 196 196 192 192 192 191 191 191 189 189 187 187 187 186 186 186 183 183 183 183
-9999 -9999 -9999 -9999 -9999 -9999 -9999 -9999 -9999 -9999 -9999 -9999 -9999 -9999 -9999 -9999 -9999 -9999 -9999 -9999 -9999 -9999 -9999 -9999 -9999 -9999 -9999 -9999 -9999 -9999 -9999 -9999 212 208 208 208 207 207 209 209 209 211 211 211 210 210 210 210 210 211 211 211 208 208 207 207 207 205 205 201 201 201 200 200 200 199 199 197 197 197 195 195 192 192 192 191 191 191 189 189 187 187 187 186 186 186 183 183 183 183
-9999 -9999 -9999 -9999 -9999 -9999 -9999 -9999 -9999 -9999 -9999 -9999 -9999 -9999 -9999 -9999 -9999 -9999 -9999 -9999 -9999 -9999 -9999 -9999 -9999 -9999 -9999 -9999 -9999 -9999 -9999 -9999 212 208 208 208 207 207 209 209 209 211 211 211 210 210 210 210 210 211 211 211 208 208 207 207 207 205 205 201 201 201 200 200 200 199 199 197 197 197 195 195 192 192 192 191 191 191 189 189 187 187 187 186 186 186 183 183 183 183
-9999 -9999 -9999 -9999 -9999 -9999 -9999 -9999 -9999 -9999 -9999 -9999 -9999 -9999 -9999 -9999 -9999 -9999 -9999 -9999 -9999 -9999 -9999 -9999 -9999 220 220 220 217 217 -9999 212 212 208 208 208 207 207 209 209 209 211 211 211 210 210 210 210 210 211 211 211 208 208 207 207 207 205 205 201 201 201 200 200 200 199 199 197 197 197 195 195 192 192 192 191 191 191 189 189 187 187 187 186 186 186 183 183 183 183
-9999 -9999 -9999 -9999 -9999 -9999 -9999 -9999 -9999 -9999 -9999 -9999 -9999 -9999 -9999 -9999 -9999 -9999 -9999 -9999 -9999 -9999 -9999 -9999 223 221 221 221 218 218 218 213 213 208 208 208 206 206 207 207 207 209 209 209 209 209 210 210 210 211 211 211 209 209 208 208 208 205 205 201 201 201 200 200 200 199 199 197 197 197 195 195 192 192 192 191 191 191 189 189 188 188 188 187 187 187 185 185 184 184
-9999 -9999 -9999 -9999 -9999 -9999 -9999 -9999 -9999 -9999 -9999 -9999 -9999 -9999 -9999 -9999 -9999 -9999 -9999 -9999 -9999 -9999 -9999 223 223 221 221 221 218 218 218 213 213 208 208 208 206 206 207 207 207 209 209 209 209 209 210 210 210 211 211 211 209 209 208 208 208 205 205 201 201 201 200 200 200 199 199 197 197 197 195 195 192 192 192 191 191 191 189 189 188 188 188 187 187 187 185 185 184 184
-9999 -9999 -9999 -9999 -9999 -9999 -9999 -9999 -9999 -9999 -9999 -9999 -9999 -9999 -9999 -9999 -9999 -9999 -9999 -9999 -9999 -9999 -9999 223 223 221 221 221 218 218 218 213 213 208 208 208 206 206 207 207 207 209 209 209 209 209 210 210 210 211 211 211 209 209 208 208 208 205 205 201 201 201 200 200 200 199 199 197 197 197 195 195 192 192 192 191 191 191 189 189 188 188 188 187 187 187 185 185 184 184
-9999 -9999 -9999 -9999 -9999 -9999 -9999 -9999 -9999 -9999 -9999 -9999 -9999 -9999 -9999 -9999 -9999 -9999 -9999 -9999 -9999 -9999 -9999 223 223 221 221 221 218 218 218 215 215 211 211 211 207 207 208 208 208 211 211 211 211 211 212 212 212 213 213 213 211 211 210 210 210 208 208 204 204 204 202 202 202 199 199 197 197 197 195 195 192 192 192 192 192 192 190 190 189 189 189 188 188 188 186 186 185 185
-9999 -9999 -9999 -9999 -9999 -9999 -9999 -9999 -9999 -9999 -9999 -9999 -9999 -9999 -9999 -9999 -9999 -9999 -9999 -9999 -9999 -9999 225 223 223 221 221 221 218 218 218 215 215 211 211 211 207 207 208 208 208 211 211 211 211 211 212 212 212 213 213 213 211 211 210 210 210 208 208 204 204 204 202 202 202 199 199 197 197 197 195 195 192 192 192 192 192 192 190 190 189 189 189 188 188 188 186 186 185 185
-9999 -9999 -9999 -9999 -9999 -9999 -9999 -9999 -9999 -9999 -9999 -9999 -9999 -9999 -9999 -9999 -9999 220 224 224 223 223 223 222 222 220 220 220 218 218 218 216 216 214 214 214 210 210 208 208 208 209 209 209 209 209 209 209 209 209 209 209 207 207 207 207 207 205 205 201 201 201 199 199 199 197 197 195 195 195 193 193 191 191 191 191 191 191 190 190 188 188 188 187 187 187 186 186 185 185
-9999 -9999 -9999 -9999 -9999 -9999 -9999 -9999 -9999 -9999 -9999 -9999 -9999 -9999 -9999 -9999 -9999 220 224 224 223 223 223 222 222 220 220 220 218 218 218 216 216 214 214 214 210 210 208 208 208 209 209 209 209 209 209 209 209 209 209 209 207 207 207 207 207 205 205 201 201 201 199 199 199 197 197 195 195 195 193 193 191 191 191 191 191 191 190 190 188 188 188 187 187 187 186 186 185 185
-9999 -9999 -9999 -9999 -9999 -9999 -9999 -9999 -9999 -9999 -9999 -9999 -9999 -9999 -9999 -9999 -9999 220 224 224 223 223 223 222 222 220 220 220 218 218 218 216 216 214 214 214 210 210 208 208 208 209 209 209 209 209 209 209 209 209 209 209 207 207 207 207 207 205 205 201 201 201 199 199 199 197 197 195 195 195 193 193 191 191 191 191 191 191 190 190 188 188 188 187 187 187 186 186 185 185
-9999 -9999 -9999 -9999 -9999 -9999 -9999 -9999 -9999 -9999 -9999 -9999 -9999 -9999 -9999 -9999 -9999 214 218 218 220 220 220 220 220 219 219 219 219 219 219 218 218 217 217 217 214 214 212 212 212 211 211 211 210 210 209 209 209 207 207 207 205 205 204 204 204 202 202 199 199 199 198 198 198 196 196 194 194 194 193 193 191 191 191 190 190 190 189 189 188 188 188 187 187 187 186 186 186 186
-9999 -9999 -9999 -9999 -9999 -9999 -9999 -9999 -9999 -9999 -9999 -9999 -9999 -9999 -9999 -9999 -9999 -9999 -9999 218 220 220 220 220 220 219 219 219 219 219 219 218 218 217 217 217 214 214 212 212 212 211 211 211 210 210 209 209 209 207 207 207 205 205 204 204 204 202 202 199 199 199 198 198 198 196 196 194 194 194 193 193 191 191 191 190 190 190 189 189 188 188 188 187 187 187 186 186 186 186
-9999 -9999 -9999 -9999 -9999 -9999 -9999 -9999 -9999 -9999 -9999 -9999 -9999 -9999 -9999 -9999 -9999 -9999 -9999 218 220 220 220 220 220 219 219 219 219 219 219 218 218 217 217 217 214 214 212 212 212 211 211 211 210 210 209 209 209 207 207 207 205 205 204 204 204 202 202 199 199 199 198 198 198 196 196 194 194 194 193 193 191 191 191 190 190 190 189 189 188 188 188 187 187 187 186 186 186 186
-9999 -9999 -9999 -9999 -9999 -9999 -9999 -9999 -9999 -9999 -9999 -9999 -9999 -9999 -9999 -9999 -9999 -9999 -9999 214 217 217 217 219 219 219 219 219 219 219 219 219 219 218 218 218 216 216 214 214 214 213 213 213 210 210 208 208 208 205 205 205 202 202 201 201 201 200 200 199 199 199 198 198 198 196 196 195 195 195 193 193 190 190 190 190 190 190 188 188 187 187 187 187 187 187 185 185 186 186
219 -9999 -9999 -9999 -9999 -9999 -9999 -9999 -9999 -9999 -9999 -9999 -9999 -9999 -9999 -9999 -9999 -9999 214 214 217 217 217 219 219 219 219 219 219 219 219 219 219 218 218 218 216 216 214 214 214 213 213 213 210 210 208 208 208 205 205 205 202 202 201 201 201 200 200 199 199 199 198 198 198 196 196 195 195 195 193 193 190 190 190 190 190 190 188 188 187 187 187 187 187 187 185 185 186 186
221 -9999 -9999 -9999 -9999 -9999 -9999 -9999 -9999 -9999 -9999 -9999 -9999 -9999 -9999 -9999 -9999 213 214 214 216 216 216 218 218 219 219 219 219 219 219 220 220 221 221 221 219 219 215 215 215 213 213 213 209 209 205 205 205 203 203 203 200 200 200 200 200 199 199 198 198 198 197 197 197 196 196 194 194 194 192 192 190 190 190 189 189 189 188 188 187 187 187 187 187 187 185 185 185 185
221 221 -9999 -9999 -9999 -9999 -9999 -9999 -9999 -9999 -9999 -9999 -9999 -9999 -9999 213 213 213 214 214 216 216 216 218 218 219 219 219 219 219 219 220 220 221 221 221 219 219 215 215 215 213 213 213 209 209 205 205 205 203 203 203 200 200 200 200 200 199 199 198 198 198 197 197 197 196 196 194 194 194 192 192 190 190 190 189 189 189 188 188 187 187 187 187 187 187 185 185 185 185
221 221 -9999 -9999 -9999 -9999 -9999 -9999 -9999 -9999 -9999 -9999 214 214 214 213 213 213 214 214 216 216 216 218 218 219 219 219 219 219 219 220 220 221 221 221 219 219 215 215 215 213 213 213 209 209 205 205 205 203 203 203 200 200 200 200 200 199 199 198 198 198 197 197 197 196 196 194 194 194 192 192 190 190 190 189 189 189 188 188 187 187 187 187 187 187 185 185 185 185
224 224 223 -9999 -9999 -9999 -9999 -9999 -9999 -9999 220 220 219 219 219 218 218 218 217 217 218 218 218 219 219 219 219 219 220 220 220 220 220 223 223 223 222 222 217 217 217 212 212 212 208 208 205 205 205 203 203 203 202 202 201 201 201 200 200 199 199 199 199 199 199 198 198 196 196 196 194 194 192 192 192 191 191 191 190 190 189 189 189 188 188 188 186 186 186 186
224 224 223 223 222 222 222 221 221 221 220 220 219 219 219 218 218 218 217 217 218 218 218 219 219 219 219 219 220 220 220 220 220 223 223 223 222 222 217 217 217 212 212 212 208 208 205 205 205 203 203 203 202 202 201 201 201 200 200 199 199 199 199 199 199 198 198 196 196 196 194 194 192 192 192 191 191 191 190 190 189 189 189 188 188 188 186 186 186 186
227 227 225 225 224 224 224 223 223 223 223 223 222 222 222 221 221 221 220 220 219 219 219 219 219 219 219 219 219 219 219 219 219 218 218 218 215 215 209 209 209 205 205 205 202 202 201 201 201 200 200 200 198 198 198 198 198 197 197 196 196 196 196 196 196 196 196 195 195 195 193 193 191 191 191 191 191 191 189 189 188 188 188 187 187 187 186 186 186 186
227 227 225 225 224 224 224 223 223 223 223 223 222 222 222 221 221 221 220 220 219 219 219 219 219 219 219 219 219 219 219 219 219 218 218 218 215 215 209 209 209 205 205 205 202 202 201 201 201 200 200 200 198 198 198 198 198 197 197 196 196 196 196 196 196 196 196 195 195 195 193 193 191 191 191 191 191 191 189 189 188 188 188 187 187 187 186 186 186 186
227 227 225 225 224 224 224 223 223 223 223 223 222 222 222 221 221 221 220 220 219 219 219 219 219 219 219 219 219 219 219 219 219 218 218 218 215 215 209 209 209 205 205 205 202 202 201 201 201 200 200 200 198 198 198 198 198 197 197 196 196 196 196 196 196 196 196 195 195 195 193 193 191 191 191 191 191 191 189 189 188 188 188 187 187 187 186 186 186 186
228 228 227 227 225 225 225 224 224 224 223 223 223 223 223 222 222 222 222 222 220 220 220 218 218 218 218 218 217 217 217 215 215 211 211 211 207 207 203 203 203 202 202 202 201 201 199 199 199 198 198 198 197 197 196 196 196 195 195 195 195 195 196 196 196 197 197 196 196 196 195 195 192 192 192 191 191 191 190 190 188 188 188 187 187 187 186 186 186 186
228 228 227 227 225 225 225 224 224 224 223 223 223 223 223 222 222 222 222 222 220 220 220 218 218 218 218 218 217 217 217 215 215 211 211 211 207 207 203 203 203 202 202 202 201 201 199 199 199 198 198 198 197 197 196 196 196 195 195 195 195 195 196 196 196 197 197 196 196 196 195 195 192 192 192 191 191 191 190 190 188 188 188 187 187 187 186 186 186 186
228 228 227 227 225 225 225 224 224 224 223 223 223 223 223 222 222 222 222 222 220 220 220 218 218 218 218 218 217 217 217 215 215 211 211 211 207 207 203 203 203 202 202 202 201 201 199 199 199 198 198 198 197 197 196 196 196 195 195 195 195 195 196 196 196 197 197 196 196 196 195 195 192 192 192 191 191 191 190 190 188 188 188 187 187 187 186 186 186 186
229 229 227 227 225 225 225 223 223 223 221 221 220 220 220 218 218 218 215 215 213 213 213 210 210 208 208 208 208 208 208 206 206 204 204 204 202 202 201 201 201 201 201 201 199 199 198 198 198 197 197 197 195 195 195 195 195 194 194 193 193 193 195 195 195 196 196 196 196 196 196 196 193 193 193 192 192 192 189 189 187 187 187 185 185 185 183 183 184 184
229 229 227 227 225 225 225 223 223 223 221 221 220 220 220 218 218 218 215 215 213 213 213 210 210 208 208 208 208 208 208 206 206 204 204 204 202 202 201 201 201 201 201 201 199 199 198 198 198 197 197 197 195 195 195 195 195 194 194 193 193 193 195 195 195 196 196 196 196 196 196 196 193 193 193 192 192 192 189 189 187 187 187 185 185 185 183 183 184 184
226 226 222 222 218 218 218 216 216 216 212 212 211 211 211 208 208 208 204 204 203 203 203 199 199 197 197 197 196 196 196 195 195 196 196 196 197 197 198 198 198 198 198 198 198 198 197 197 197 195 195 195 194 194 193 193 193 192 192 190 190 190 191 191 191 192 192 193 193 193 194 194 193 193 193 191 191 191 188 188 185 185 185 182 182 182 179 179 179 179
226 226 222 222 218 218 218 216 216 216 212 212 211 211 211 208 208 208 204 204 203 203 203 199 199 197 197 197 196 196 196 195 195 196 196 196 197 197 198 198 198 198 198 198 198 198 197 197 197 195 195 195 194 194 193 193 193 192 192 190 190 190 191 191 191 192 192 193 193 193 194 194 193 193 193 191 191 191 188 188 185 185 185 182 182 182 179 179 179 179
226 226 222 222 218 218 218 216 216 216 212 212 211 211 211 208 208 208 204 204 203 203 203 199 199 197 197 197 196 196 196 195 195 196 196 196 197 197 198 198 198 198 198 198 198 198 197 197 197 195 195 195 194 194 193 193 193 192 192 190 190 190 191 191 191 192 192 193 193 193 194 194 193 193 193 191 191 191 188 188 185 185 185 182 182 182 179 179 179 179
217 217 212 212 207 207 207 204 204 204 199 199 197 197 197 198 198 198 197 197 198 198 198 196 196 193 193 193 191 191 191 190 190 192 192 192 194 194 195 195 195 196 196 196 197 197 197 197 197 196 196 196 194 194 193 193 193 192 192 189 189 189 188 188 188 189 189 190 190 190 192 192 192 192 192 191 191 191 188 188 186 186 186 182 182 182 178 178 176 176
