SEB_model/sample_data_files/historical/hillshade/junenoon.txt
ncols         559
nrows         351
xllcorner     388608.08691406
yllcorner     7584381.3441773
cellsize      5
NODATA_value  -9999
[rows 240 to 279 of 351, columns 90 to 179 of 559]
169 167 167 167 167 167 167 167 167 166 166 166 162 162 158 158 158 154 154 154 153 153 155 155 155 157 157 156 156 156 154 154 154 157 157 165 165 165 168 168 168 168 168 170 170 170 171 171 171 171 171 169 169 169 166 166 167 167 167 166 166 155 155 155 156 156 156 163 163 166 166 166 168 168 168 163 163 165 165 165 166 166 164 164 164 165 165 165 161 161
173 172 172 172 173 173 173 175 175 176 176 176 176 176 174 174 174 173 173 173 172 172 169 169 169 165 165 159 159 159 153 153 153 152 152 158 158 158 161 161 161 160 160 161 161 161 165 165 169 169 169 170 170 170 167 167 166 166 166 165 165 149 149 149 144 144 144 146 146 152 152 152 159 159 159 159 159 160 160 160 161 161 160 160 160 162 162 162 158 158
173 172 172 172 173 173 173 175 175 176 176 176 176 176 174 174 174 173 173 173 172 172 169 169 169 165 165 159 159 159 153 153 153 152 152 158 158 158 161 161 161 160 160 161 161 161 165 165 169 169 169 170 170 170 167 167 166 166 166 165 165 149 149 149 144 144 144 146 146 152 152 152 159 159 159 159 159 160 160 160 161 161 160 160 160 162 162 162 158 158
173 172 172 172 173 173 173 175 175 176 176 176 176 176 174 174 174 173 173 173 172 172 169 169 169 165 165 159 159 159 153 153 153 152 152 158 158 158 161 161 161 160 160 161 161 161 165 165 169 169 169 170 170 170 167 167 166 166 166 165 165 149 149 149 144 144 144 146 146 152 152 152 159 159 159 159 159 160 160 160 161 161 160 160 160 162 162 162 158 158
178 178 178 178 179 179 179 182 182 184 184 184 187 187 189 189 189 190 190 190 188 188 180 180 180 171 171 163 163 163 157 157 157 155 155 159 159 159 160 160 160 157 157 157 157 157 161 161 168 168 168 168 168 168 164 164 162 162 162 157 157 139 139 139 132 132 132 132 132 140 140 140 152 152 152 154 154 154 154 154 152 152 149 149 149 150 150 150 145 145
178 178 178 178 179 179 179 182 182 184 184 184 187 187 189 189 189 190 190 190 188 188 180 180 180 171 171 163 163 163 157 157 157 155 155 159 159 159 160 160 160 157 157 157 157 157 161 161 168 168 168 168 168 168 164 164 162 162 162 157 157 139 139 139 132 132 132 132 132 140 140 140 152 152 152 154 154 154 154 154 152 152 149 149 149 150 150 150 145 145
185 184 184 184 184 184 184 186 186 189 189 189 193 193 197 197 197 199 199 199 196 196 187 187 187 176 176 168 168 168 162 162 162 159 159 161 161 161 160 160 160 156 156 154 154 154 155 155 161 161 161 162 162 162 161 161 160 160 160 154 154 137 137 137 130 130 130 130 130 135 135 135 146 146 146 149 149 150 150 150 145 145 141 141 141 142 142 142 136 136
185 184 184 184 184 184 184 186 186 189 189 189 193 193 197 197 197 199 199 199 196 196 187 187 187 176 176 168 168 168 162 162 162 159 159 161 161 161 160 160 160 156 156 154 154 154 155 155 161 161 161 162 162 162 161 161 160 160 160 154 154 137 137 137 130 130 130 130 130 135 135 135 146 146 146 149 149 150 150 150 145 145 141 141 141 142 142 142 136 136
185 184 184 184 184 184 184 186 186 189 189 189 193 193 197 197 197 199 199 199 196 196 187 187 187 176 176 168 168 168 162 162 162 159 159 161 161 161 160 160 160 156 156 154 154 154 155 155 161 161 161 162 162 162 161 161 160 160 160 154 154 137 137 137 130 130 130 130 130 135 135 135 146 146 146 149 149 150 150 150 145 145 141 141 141 142 142 142 136 136
186 186 186 186 186 186 186 189 189 192 192 192 195 195 198 198 198 199 199 199 197 197 190 190 190 181 181 171 171 171 164 164 164 160 160 161 161 161 161 161 161 157 157 154 154 154 152 152 157 157 157 164 164 164 167 167 168 168 168 163 163 147 147 147 136 136 136 131 131 131 131 131 138 138 138 142 142 145 145 145 142 142 139 139 139 142 142 142 140 140
186 186 186 186 186 186 186 189 189 192 192 192 195 195 198 198 198 199 199 199 197 197 190 190 190 181 181 171 171 171 164 164 164 160 160 161 161 161 161 161 161 157 157 154 154 154 152 152 157 157 157 164 164 164 167 167 168 168 168 163 163 147 147 147 136 136 136 131 131 131 131 131 138 138 138 142 142 145 145 145 142 142 139 139 139 142 142 142 140 140
186 186 186 186 186 186 186 189 189 192 192 192 195 195 198 198 198 199 199 199 197 197 190 190 190 181 181 171 171 171 164 164 164 160 160 161 161 161 161 161 161 157 157 154 154 154 152 152 157 157 157 164 164 164 167 167 168 168 168 163 163 147 147 147 136 136 136 131 131 131 131 131 138 138 138 142 142 145 145 145 142 142 139 139 139 142 142 142 140 140
184 186 186 186 190 190 190 193 193 194 194 194 194 194 195 195 195 196 196 196 196 196 192 192 192 186 186 177 177 177 168 168 168 162 162 163 163 163 162 162 162 158 158 156 156 156 152 152 156 156 156 166 166 166 173 173 176 176 176 173 173 158 158 158 145 145 145 135 135 131 131 131 133 133 133 137 137 145 145 145 145 145 145 145 145 150 150 150 149 149
184 186 186 186 190 190 190 193 193 194 194 194 194 194 195 195 195 196 196 196 196 196 192 192 192 186 186 177 177 177 168 168 168 162 162 163 163 163 162 162 162 158 158 156 156 156 152 152 156 156 156 166 166 166 173 173 176 176 176 173 173 158 158 158 145 145 145 135 135 131 131 131 133 133 133 137 137 145 145 145 145 145 145 145 145 150 150 150 149 149
183 189 189 189 197 197 197 200 200 196 196 196 191 191 190 190 190 192 192 192 193 193 192 192 192 189 189 183 183 183 175 175 175 167 167 165 165 165 164 164 164 162 162 159 159 159 157 157 157 157 157 161 161 161 167 167 176 176 176 182 182 173 173 173 156 156 156 140 140 132 132 132 130 130 130 132 132 142 142 142 144 144 143 143 143 146 146 146 144 144
183 189 189 189 197 197 197 200 200 196 196 196 191 191 190 190 190 192 192 192 193 193 192 192 192 189 189 183 183 183 175 175 175 167 167 165 165 165 164 164 164 162 162 159 159 159 157 157 157 157 157 161 161 161 167 167 176 176 176 182 182 173 173 173 156 156 156 140 140 132 132 132 130 130 130 132 132 142 142 142 144 144 143 143 143 146 146 146 144 144
183 189 189 189 197 197 197 200 200 196 196 196 191 191 190 190 190 192 192 192 193 193 192 192 192 189 189 183 183 183 175 175 175 167 167 165 165 165 164 164 164 162 162 159 159 159 157 157 157 157 157 161 161 161 167 167 176 176 176 182 182 173 173 173 156 156 156 140 140 132 132 132 130 130 130 132 132 142 142 142 144 144 143 143 143 146 146 146 144 144
182 190 190 190 201 201 201 204 204 197 197 197 190 190 187 187 187 190 190 190 192 192 191 191 191 188 188 184 184 184 178 178 178 171 171 167 167 167 166 166 166 164 164 163 163 163 162 162 162 162 162 162 162 162 164 164 172 172 172 182 182 181 181 181 168 168 168 147 147 133 133 133 128 128 128 126 126 133 133 133 132 132 127 127 127 126 126 126 126 126
182 190 190 190 201 201 201 204 204 197 197 197 190 190 187 187 187 190 190 190 192 192 191 191 191 188 188 184 184 184 178 178 178 171 171 167 167 167 166 166 166 164 164 163 163 163 162 162 162 162 162 162 162 162 164 164 172 172 172 182 182 181 181 181 168 168 168 147 147 133 133 133 128 128 128 126 126 133 133 133 132 132 127 127 127 126 126 126 126 126
180 186 186 186 195 195 195 196 196 194 194 194 192 192 189 189 189 191 191 191 190 190 188 188 188 183 183 178 178 178 174 174 174 169 169 166 166 166 166 166 166 165 165 165 165 165 165 165 166 166 166 168 168 168 169 169 172 172 172 176 176 181 181 181 180 180 180 163 163 147 147 147 138 138 138 130 130 132 132 132 129 129 123 123 123 122 122 122 121 121
180 186 186 186 195 195 195 196 196 194 194 194 192 192 189 189 189 191 191 191 190 190 188 188 188 183 183 178 178 178 174 174 174 169 169 166 166 166 166 166 166 165 165 165 165 165 165 165 166 166 166 168 168 168 169 169 172 172 172 176 176 181 181 181 180 180 180 163 163 147 147 147 138 138 138 130 130 132 132 132 129 129 123 123 123 122 122 122 121 121
180 186 186 186 195 195 195 196 196 194 194 194 192 192 189 189 189 191 191 191 190 190 188 188 188 183 183 178 178 178 174 174 174 169 169 166 166 166 166 166 166 165 165 165 165 165 165 165 166 166 166 168 168 168 169 169 172 172 172 176 176 181 181 181 180 180 180 163 163 147 147 147 138 138 138 130 130 132 132 132 129 129 123 123 123 122 122 122 121 121
176 178 178 178 182 182 182 182 182 188 188 188 194 194 191 191 191 191 191 191 188 188 183 183 183 176 176 169 169 169 166 166 166 164 164 163 163 163 165 165 165 165 165 166 166 166 166 166 168 168 168 170 170 170 172 172 175 175 175 177 177 180 180 180 179 179 179 164 164 146 146 146 135 135 135 125 125 124 124 124 122 122 119 119 119 120 120 120 118 118
176 178 178 178 182 182 182 182 182 188 188 188 194 194 191 191 191 191 191 191 188 188 183 183 183 176 176 169 169 169 166 166 166 164 164 163 163 163 165 165 165 165 165 166 166 166 166 166 168 168 168 170 170 170 172 172 175 175 175 177 177 180 180 180 179 179 179 164 164 146 146 146 135 135 135 125 125 124 124 124 122 122 119 119 119 120 120 120 118 118
176 178 178 178 182 182 182 182 182 188 188 188 194 194 191 191 191 191 191 191 188 188 183 183 183 176 176 169 169 169 166 166 166 164 164 163 163 163 165 165 165 165 165 166 166 166 166 166 168 168 168 170 170 170 172 172 175 175 175 177 177 180 180 180 179 179 179 164 164 146 146 146 135 135 135 125 125 124 124 124 122 122 119 119 119 120 120 120 118 118
170 170 170 170 175 175 175 179 179 188 188 188 195 195 191 191 191 187 187 187 182 182 176 176 176 171 171 165 165 165 163 163 163 162 162 161 161 161 162 162 162 164 164 166 166 166 167 167 169 169 169 171 171 171 173 173 176 176 176 178 178 178 178 178 171 171 171 155 155 139 139 139 129 129 129 120 120 119 119 119 119 119 118 118 118 120 120 120 116 116
170 170 170 170 175 175 175 179 179 188 188 188 195 195 191 191 191 187 187 187 182 182 176 176 176 171 171 165 165 165 163 163 163 162 162 161 161 161 162 162 162 164 164 166 166 166 167 167 169 169 169 171 171 171 173 173 176 176 176 178 178 178 178 178 171 171 171 155 155 139 139 139 129 129 129 120 120 119 119 119 119 119 118 118 118 120 120 120 116 116
160 162 162 162 172 172 172 182 182 189 189 189 191 191 186 186 186 181 181 181 177 177 173 173 173 170 170 165 165 165 163 163 163 159 159 157 157 157 156 156 156 158 158 163 163 163 165 165 167 167 167 169 169 169 168 168 168 168 168 165 165 160 160 160 152 152 152 142 142 131 131 131 122 122 122 116 116 118 118 118 118 118 117 117 117 117 117 117 113 113
160 162 162 162 172 172 172 182 182 189 189 189 191 191 186 186 186 181 181 181 177 177 173 173 173 170 170 165 165 165 163 163 163 159 159 157 157 157 156 156 156 158 158 163 163 163 165 165 167 167 167 169 169 169 168 168 168 168 168 165 165 160 160 160 152 152 152 142 142 131 131 131 122 122 122 116 116 118 118 118 118 118 117 117 117 117 117 117 113 113
160 162 162 162 172 172 172 182 182 189 189 189 191 191 186 186 186 181 181 181 177 177 173 173 173 170 170 165 165 165 163 163 163 159 159 157 157 157 156 156 156 158 158 163 163 163 165 165 167 167 167 169 169 169 168 168 168 168 168 165 165 160 160 160 152 152 152 142 142 131 131 131 122 122 122 116 116 118 118 118 118 118 117 117 117 117 117 117 113 113
153 156 156 156 169 169 169 182 182 187 187 187 185 185 180 180 180 178 178 178 177 177 175 175 175 171 171 165 165 165 161 161 161 157 157 153 153 153 151 151 151 151 151 156 156 156 161 161 166 166 166 167 167 167 163 163 156 156 156 146 146 134 134 134 128 128 128 127 127 122 122 122 115 115 115 110 110 112 112 112 113 113 111 111 111 111 111 111 106 106
153 156 156 156 169 169 169 182 182 187 187 187 185 185 180 180 180 178 178 178 177 177 175 175 175 171 171 165 165 165 161 161 161 157 157 153 153 153 151 151 151 151 151 156 156 156 161 161 166 166 166 167 167 167 163 163 156 156 156 146 146 134 134 134 128 128 128 127 127 122 122 122 115 115 115 110 110 112 112 112 113 113 111 111 111 111 111 111 106 106
155 156 156 156 166 166 166 177 177 181 181 181 178 178 175 175 175 176 176 176 177 177 176 176 176 172 172 167 167 167 163 163 163 159 159 156 156 156 153 153 153 152 152 156 156 156 163 163 167 167 167 165 165 165 157 157 147 147 147 136 136 128 128 128 125 125 125 128 128 131 131 131 128 128 128 122 122 123 123 123 124 124 123 123 123 124 124 124 118 118
155 156 156 156 166 166 166 177 177 181 181 181 178 178 175 175 175 176 176 176 177 177 176 176 176 172 172 167 167 167 163 163 163 159 159 156 156 156 153 153 153 152 152 156 156 156 163 163 167 167 167 165 165 165 157 157 147 147 147 136 136 128 128 128 125 125 125 128 128 131 131 131 128 128 128 122 122 123 123 123 124 124 123 123 123 124 124 124 118 118
155 156 156 156 166 166 166 177 177 181 181 181 178 178 175 175 175 176 176 176 177 177 176 176 176 172 172 167 167 167 163 163 163 159 159 156 156 156 153 153 153 152 152 156 156 156 163 163 167 167 167 165 165 165 157 157 147 147 147 136 136 128 128 128 125 125 125 128 128 131 131 131 128 128 128 122 122 123 123 123 124 124 123 123 123 124 124 124 118 118
163 160 160 160 163 163 163 171 171 176 176 176 177 177 176 176 176 177 177 177 178 178 176 176 176 171 171 166 166 166 162 162 162 159 159 155 155 155 153 153 153 154 154 158 158 158 160 160 159 159 159 154 154 154 147 147 140 140 140 133 133 130 130 130 134 134 134 140 140 145 145 145 143 143 143 134 134 129 129 129 127 127 125 125 125 125 125 125 120 120
163 160 160 160 163 163 163 171 171 176 176 176 177 177 176 176 176 177 177 177 178 178 176 176 176 171 171 166 166 166 162 162 162 159 159 155 155 155 153 153 153 154 154 158 158 158 160 160 159 159 159 154 154 154 147 147 140 140 140 133 133 130 130 130 134 134 134 140 140 145 145 145 143 143 143 134 134 129 129 129 127 127 125 125 125 125 125 125 120 120
163 160 160 160 163 163 163 171 171 176 176 176 177 177 176 176 176 177 177 177 178 178 176 176 176 171 171 166 166 166 162 162 162 159 159 155 155 155 153 153 153 154 154 158 158 158 160 160 159 159 159 154 154 154 147 147 140 140 140 133 133 130 130 130 134 134 134 140 140 145 145 145 143 143 143 134 134 129 129 129 127 127 125 125 125 125 125 125 120 120
171 165 165 165 162 162 162 167 167 174 174 174 178 178 178 178 178 177 177 177 176 176 173 173 173 168 168 164 164 164 161 161 161 157 157 154 154 154 152 152 152 154 154 157 157 157 154 154 146 146 146 139 139 139 135 135 133 133 133 133 133 137 137 137 146 146 146 153 153 156 156 156 153 153 153 141 141 129 129 129 120 120 116 116 116 114 114 114 111 111
171 165 165 165 162 162 162 167 167 174 174 174 178 178 178 178 178 177 177 177 176 176 173 173 173 168 168 164 164 164 161 161 161 157 157 154 154 154 152 152 152 154 154 157 157 157 154 154 146 146 146 139 139 139 135 135 133 133 133 133 133 137 137 137 146 146 146 153 153 156 156 156 153 153 153 141 141 129 129 129 120 120 116 116 116 114 114 114 111 111
