SEB_model/sample_data_files/historical/hillshade/june6am.txt
ncols         559
nrows         351
xllcorner     388608.08691406
yllcorner     7584381.3441773
cellsize      5
NODATA_value  -9999
[rows 195 to 233 of 351, columns 176 to 263 of 559]
179 179 185 185 186 186 186 187 187 197 197 197 203 203 203 203 203 198 198 198 197 197 197 200 200 193 193 193 183 183 168 168 168 149 149 149 144 144 144 144 144 142 142 142 150 150 145 145 145 146 146 148 148 148 143 143 143 143 143 131 131 131 128 128 135 135 135 131 131 131 142 142 150 150 150 142 142 142 134 134 118 118 118 125 125 141 141 141
179 179 185 185 186 186 186 187 187 197 197 197 203 203 203 203 203 198 198 198 197 197 197 200 200 193 193 193 183 183 168 168 168 149 149 149 144 144 144 144 144 142 142 142 150 150 145 145 145 146 146 148 148 148 143 143 143 143 143 131 131 131 128 128 135 135 135 131 131 131 142 142 150 150 150 142 142 142 134 134 118 118 118 125 125 141 141 141
181 181 182 182 184 184 184 187 187 200 200 200 207 207 207 205 205 198 198 198 195 195 195 199 199 192 192 192 183 183 172 172 172 154 154 154 150 150 146 146 146 143 143 143 153 153 148 148 148 148 148 146 146 146 140 140 140 142 142 133 133 133 132 132 140 140 140 139 139 139 150 150 154 154 154 142 142 142 132 132 116 116 116 125 125 142 142 142
181 181 182 182 184 184 184 187 187 200 200 200 207 207 207 205 205 198 198 198 195 195 195 199 199 192 192 192 183 183 172 172 172 154 154 154 150 150 146 146 146 143 143 143 153 153 148 148 148 148 148 146 146 146 140 140 140 142 142 133 133 133 132 132 140 140 140 139 139 139 150 150 154 154 154 142 142 142 132 132 116 116 116 125 125 142 142 142
172 172 176 176 182 182 182 190 190 205 205 205 208 208 208 204 204 196 196 196 192 192 192 197 197 192 192 192 187 187 180 180 180 161 161 161 155 155 151 151 151 145 145 145 153 153 147 147 147 146 146 142 142 142 137 137 137 142 142 132 132 132 134 134 148 148 148 152 152 152 158 158 153 153 153 136 136 136 125 125 113 113 113 127 127 143 143 143
172 172 176 176 182 182 182 190 190 205 205 205 208 208 208 204 204 196 196 196 192 192 192 197 197 192 192 192 187 187 180 180 180 161 161 161 155 155 151 151 151 145 145 145 153 153 147 147 147 146 146 142 142 142 137 137 137 142 142 132 132 132 134 134 148 148 148 152 152 152 158 158 153 153 153 136 136 136 125 125 113 113 113 127 127 143 143 143
172 172 176 176 182 182 182 190 190 205 205 205 208 208 208 204 204 196 196 196 192 192 192 197 197 192 192 192 187 187 180 180 180 161 161 161 155 155 151 151 151 145 145 145 153 153 147 147 147 146 146 142 142 142 137 137 137 142 142 132 132 132 134 134 148 148 148 152 152 152 158 158 153 153 153 136 136 136 125 125 113 113 113 127 127 143 143 143
160 160 171 171 175 175 175 194 194 207 207 207 203 203 203 197 197 191 191 191 189 189 189 196 196 193 193 193 190 190 187 187 187 168 168 168 157 157 152 152 152 147 147 147 153 153 141 141 141 135 135 131 131 131 131 131 131 136 136 124 124 124 133 133 156 156 156 162 162 162 158 158 140 140 140 125 125 125 120 120 117 117 117 133 133 144 144 144
-9999 160 171 171 175 175 175 194 194 207 207 207 203 203 203 197 197 191 191 191 189 189 189 196 196 193 193 193 190 190 187 187 187 168 168 168 157 157 152 152 152 147 147 147 153 153 141 141 141 135 135 131 131 131 131 131 131 136 136 124 124 124 133 133 156 156 156 162 162 162 158 158 140 140 140 125 125 125 120 120 117 117 117 133 133 144 144 144
-9999 164 141 141 151 151 151 200 200 212 212 212 203 203 203 198 198 196 196 196 195 195 195 200 200 195 195 195 194 194 193 193 193 176 176 176 160 160 150 150 150 148 148 148 154 154 136 136 136 123 123 122 122 122 127 127 127 132 132 122 122 122 143 143 171 171 171 168 168 168 148 148 127 127 127 123 123 123 128 128 130 130 130 143 143 146 146 146
-9999 -9999 141 141 151 151 151 200 200 212 212 212 203 203 203 198 198 196 196 196 195 195 195 200 200 195 195 195 194 194 193 193 193 176 176 176 160 160 150 150 150 148 148 148 154 154 136 136 136 123 123 122 122 122 127 127 127 132 132 122 122 122 143 143 171 171 171 168 168 168 148 148 127 127 127 123 123 123 128 128 130 130 130 143 143 146 146 146
-9999 -9999 141 141 151 151 151 200 200 212 212 212 203 203 203 198 198 196 196 196 195 195 195 200 200 195 195 195 194 194 193 193 193 176 176 176 160 160 150 150 150 148 148 148 154 154 136 136 136 123 123 122 122 122 127 127 127 132 132 122 122 122 143 143 171 171 171 168 168 168 148 148 127 127 127 123 123 123 128 128 130 130 130 143 143 146 146 146
-9999 -9999 -9999 -9999 -9999 -9999 145 205 205 214 214 214 204 204 204 203 203 202 202 202 200 200 200 203 203 195 195 195 194 194 194 194 194 176 176 176 159 159 146 146 146 142 142 142 149 149 135 135 135 125 125 125 125 125 127 127 127 131 131 127 127 127 158 158 180 180 180 164 164 164 133 133 119 119 119 131 131 131 141 141 141 141 141 149 149 147 147 147
-9999 -9999 -9999 -9999 -9999 -9999 -9999 205 -9999 214 214 214 204 204 204 203 203 202 202 202 200 200 200 203 203 195 195 195 194 194 194 194 194 176 176 176 159 159 146 146 146 142 142 142 149 149 135 135 135 125 125 125 125 125 127 127 127 131 131 127 127 127 158 158 180 180 180 164 164 164 133 133 119 119 119 131 131 131 141 141 141 141 141 149 149 147 147 147
172 172 150 -9999 -9999 -9999 -9999 -9999 -9999 214 214 214 204 204 204 203 203 202 202 202 200 200 200 203 203 195 195 195 194 194 194 194 194 176 176 176 159 159 146 146 146 142 142 142 149 149 135 135 135 125 125 125 125 125 127 127 127 131 131 127 127 127 158 158 180 180 180 164 164 164 133 133 119 119 119 131 131 131 141 141 141 141 141 149 149 147 147 147
183 183 176 176 159 -9999 -9999 -9999 -9999 202 202 202 189 189 189 208 208 207 207 207 203 203 203 203 203 192 192 192 188 188 184 184 184 163 163 163 151 151 141 141 141 133 133 133 143 143 138 138 138 140 140 141 141 141 135 135 135 135 135 134 134 134 165 165 179 179 179 152 152 152 122 122 120 120 120 138 138 138 147 147 143 143 143 148 148 146 146 146
183 183 176 176 159 159 159 204 204 202 202 202 189 189 189 208 208 207 207 207 203 203 203 203 203 192 192 192 188 188 184 184 184 163 163 163 151 151 141 141 141 133 133 133 143 143 138 138 138 140 140 141 141 141 135 135 135 135 135 134 134 134 165 165 179 179 179 152 152 152 122 122 120 120 120 138 138 138 147 147 143 143 143 148 148 146 146 146
185 185 180 180 170 170 170 203 203 196 196 196 183 183 183 215 215 214 214 214 206 206 206 204 204 192 192 192 182 182 178 178 178 159 159 159 153 153 146 146 146 140 140 140 155 155 153 153 153 158 158 159 159 159 151 151 151 147 147 140 140 140 160 160 169 169 169 142 142 142 122 122 130 130 130 141 141 141 146 146 141 141 141 146 146 144 144 144
185 185 180 180 170 170 170 203 203 196 196 196 183 183 183 215 215 214 214 214 206 206 206 204 204 192 192 192 182 182 178 178 178 159 159 159 153 153 146 146 146 140 140 140 155 155 153 153 153 158 158 159 159 159 151 151 151 147 147 140 140 140 160 160 169 169 169 142 142 142 122 122 130 130 130 141 141 141 146 146 141 141 141 146 146 144 144 144
185 185 180 180 170 170 170 203 203 196 196 196 183 183 183 215 215 214 214 214 206 206 206 204 204 192 192 192 182 182 178 178 178 159 159 159 153 153 146 146 146 140 140 140 155 155 153 153 153 158 158 159 159 159 151 151 151 147 147 140 140 140 160 160 169 169 169 142 142 142 122 122 130 130 130 141 141 141 146 146 141 141 141 146 146 144 144 144
169 169 174 174 184 184 184 203 203 203 203 203 197 197 197 215 215 215 215 215 207 207 207 204 204 187 187 187 176 176 175 175 175 156 156 156 151 151 151 151 151 152 152 152 169 169 162 162 162 161 161 161 161 161 160 160 160 158 158 147 147 147 154 154 160 160 160 137 137 137 126 126 138 138 138 140 140 140 142 142 138 138 138 141 141 136 136 136
169 169 174 174 184 184 184 203 203 203 203 203 197 197 197 215 215 215 215 215 207 207 207 204 204 187 187 187 176 176 175 175 175 156 156 156 151 151 151 151 151 152 152 152 169 169 162 162 162 161 161 161 161 161 160 160 160 158 158 147 147 147 154 154 160 160 160 137 137 137 126 126 138 138 138 140 140 140 142 142 138 138 138 141 141 136 136 136
169 169 174 174 184 184 184 203 203 203 203 203 197 197 197 215 215 215 215 215 207 207 207 204 204 187 187 187 176 176 175 175 175 156 156 156 151 151 151 151 151 152 152 152 169 169 162 162 162 161 161 161 161 161 160 160 160 158 158 147 147 147 154 154 160 160 160 137 137 137 126 126 138 138 138 140 140 140 142 142 138 138 138 141 141 136 136 136
170 170 175 175 186 186 186 189 189 195 195 195 198 198 198 210 210 213 213 213 208 208 208 205 205 183 183 183 173 173 177 177 177 153 153 153 149 149 153 153 153 161 161 161 176 176 160 160 160 153 153 156 156 156 165 165 165 165 165 154 154 154 155 155 157 157 157 135 135 135 123 123 135 135 135 133 133 133 136 136 134 134 134 133 133 127 127 127
170 170 175 175 186 186 186 189 189 195 195 195 198 198 198 210 210 213 213 213 208 208 208 205 205 183 183 183 173 173 177 177 177 153 153 153 149 149 153 153 153 161 161 161 176 176 160 160 160 153 153 156 156 156 165 165 165 165 165 154 154 154 155 155 157 157 157 135 135 135 123 123 135 135 135 133 133 133 136 136 134 134 134 133 133 127 127 127
172 172 177 177 187 187 187 188 188 189 189 189 189 189 189 201 201 207 207 207 205 205 205 205 205 182 182 182 171 171 179 179 179 156 156 156 152 152 157 157 157 162 162 162 172 172 152 152 152 148 148 157 157 157 170 170 170 168 168 154 154 154 158 158 156 156 156 132 132 132 117 117 126 126 126 126 126 126 132 132 132 132 132 132 132 126 126 126
172 172 177 177 187 187 187 188 188 189 189 189 189 189 189 201 201 207 207 207 205 205 205 205 205 182 182 182 171 171 179 179 179 156 156 156 152 152 157 157 157 162 162 162 172 172 152 152 152 148 148 157 157 157 170 170 170 168 168 154 154 154 158 158 156 156 156 132 132 132 117 117 126 126 126 126 126 126 132 132 132 132 132 132 132 126 126 126
172 172 177 177 187 187 187 188 188 189 189 189 189 189 189 201 201 207 207 207 205 205 205 205 205 182 182 182 171 171 179 179 179 156 156 156 152 152 157 157 157 162 162 162 172 172 152 152 152 148 148 157 157 157 170 170 170 168 168 154 154 154 158 158 156 156 156 132 132 132 117 117 126 126 126 126 126 126 132 132 132 132 132 132 132 126 126 126
175 175 179 179 185 185 185 187 187 188 188 188 184 184 184 194 194 199 199 199 198 198 198 200 200 178 178 178 169 169 180 180 180 162 162 162 158 158 158 158 158 153 153 153 156 156 139 139 139 146 146 161 161 161 168 168 168 161 161 149 149 149 157 157 154 154 154 127 127 127 111 111 120 120 120 123 123 123 131 131 131 131 131 133 133 127 127 127
175 175 179 179 185 185 185 187 187 188 188 188 184 184 184 194 194 199 199 199 198 198 198 200 200 178 178 178 169 169 180 180 180 162 162 162 158 158 158 158 158 153 153 153 156 156 139 139 139 146 146 161 161 161 168 168 168 161 161 149 149 149 157 157 154 154 154 127 127 127 111 111 120 120 120 123 123 123 131 131 131 131 131 133 133 127 127 127
176 176 178 178 182 182 182 185 185 188 188 188 183 183 183 189 189 191 191 191 190 190 190 193 193 174 174 174 170 170 184 184 184 169 169 169 163 163 156 156 156 143 143 143 141 141 130 130 130 153 153 170 170 170 165 165 165 154 154 147 147 147 156 156 152 152 152 124 124 124 110 110 121 121 121 125 125 125 132 132 131 131 131 133 133 129 129 129
176 176 178 178 182 182 182 185 185 188 188 188 183 183 183 189 189 191 191 191 190 190 190 193 193 174 174 174 170 170 184 184 184 169 169 169 163 163 156 156 156 143 143 143 141 141 130 130 130 153 153 170 170 170 165 165 165 154 154 147 147 147 156 156 152 152 152 124 124 124 110 110 121 121 121 125 125 125 132 132 131 131 131 133 133 129 129 129
176 176 178 178 182 182 182 185 185 188 188 188 183 183 183 189 189 191 191 191 190 190 190 193 193 174 174 174 170 170 184 184 184 169 169 169 163 163 156 156 156 143 143 143 141 141 130 130 130 153 153 170 170 170 165 165 165 154 154 147 147 147 156 156 152 152 152 124 124 124 110 110 121 121 121 125 125 125 132 132 131 131 131 133 133 129 129 129
174 174 176 176 180 180 180 183 183 188 188 188 182 182 182 186 186 187 187 187 184 184 184 186 186 169 169 169 170 170 184 184 184 171 171 171 163 163 149 149 149 133 133 133 135 135 130 130 130 157 157 169 169 169 155 155 155 147 147 147 147 147 154 154 149 149 149 123 123 123 112 112 123 123 123 127 127 127 129 129 125 125 125 125 125 121 121 121
174 174 176 176 180 180 180 183 183 188 188 188 182 182 182 186 186 187 187 187 184 184 184 186 186 169 169 169 170 170 184 184 184 171 171 171 163 163 149 149 149 133 133 133 135 135 130 130 130 157 157 169 169 169 155 155 155 147 147 147 147 147 154 154 149 149 149 123 123 123 112 112 123 123 123 127 127 127 129 129 125 125 125 125 125 121 121 121
174 174 176 176 180 180 180 183 183 188 188 188 182 182 182 186 186 187 187 187 184 184 184 186 186 169 169 169 170 170 184 184 184 171 171 171 163 163 149 149 149 133 133 133 135 135 130 130 130 157 157 169 169 169 155 155 155 147 147 147 147 147 154 154 149 149 149 123 123 123 112 112 123 123 123 127 127 127 129 129 125 125 125 125 125 121 121 121
170 170 174 174 177 177 177 181 181 188 188 188 182 182 182 184 184 184 184 184 180 180 180 180 180 164 164 164 167 167 182 182 182 168 168 168 158 158 141 141 141 126 126 126 139 139 139 139 139 153 153 155 155 155 143 143 143 144 144 149 149 149 153 153 147 147 147 124 124 124 115 115 124 124 124 122 122 122 118 118 111 111 111 108 108 107 107 107
170 170 174 174 177 177 177 181 181 188 188 188 182 182 182 184 184 184 184 184 180 180 180 180 180 164 164 164 167 167 182 182 182 168 168 168 158 158 141 141 141 126 126 126 139 139 139 139 139 153 153 155 155 155 143 143 143 144 144 149 149 149 153 153 147 147 147 124 124 124 115 115 124 124 124 122 122 122 118 118 111 111 111 108 108 107 107 107
167 167 171 171 172 172 172 178 178 187 187 187 181 181 181 183 183 183 183 183 177 177 177 175 175 158 158 158 162 162 177 177 177 160 160 160 147 147 135 135 135 129 129 129 148 148 145 145 145 141 141 138 138 138 137 137 137 144 144 150 150 150 151 151 142 142 142 121 121 121 113 113 116 116 116 109 109 109 103 103 98 98 98 98 98 101 101 101
