SEB_model/sample_data_files/historical/hillshade/june6pm.txt
ncols         559
nrows         351
xllcorner     388608.08691406
yllcorner     7584381.3441773
cellsize      5
NODATA_value  -9999
[rows 129 to 171 of 351, columns 384 to 479 of 559]
49 49 49 47 47 47 44 44 54 54 54 49 49 38 38 38 48 48 48 53 53 57 57 57 58 58 58 45 45 46 46 46 39 39 32 32 32 31 31 31 27 27 41 41 41 44 44 36 36 36 47 47 47 45 45 42 42 42 43 43 43 35 35 47 47 47 46 46 39 39 39 31 31 31 16 16 31 31 31 38 38 38 38 38 54 54 54 55 55 53 53 53 51 51 51 45
49 49 49 47 47 47 44 44 54 54 54 49 49 38 38 38 48 48 48 53 53 57 57 57 58 58 58 45 45 46 46 46 39 39 32 32 32 31 31 31 27 27 41 41 41 44 44 36 36 36 47 47 47 45 45 42 42 42 43 43 43 35 35 47 47 47 46 46 39 39 39 31 31 31 16 16 31 31 31 38 38 38 38 38 54 54 54 55 55 53 53 53 51 51 51 45
50 50 50 47 47 47 45 45 55 55 55 52 52 40 40 40 51 51 51 56 56 59 59 59 56 56 56 39 39 39 39 39 32 32 27 27 27 31 31 31 31 31 46 46 46 47 47 37 37 37 47 47 47 45 45 41 41 41 42 42 42 34 34 46 46 46 45 45 40 40 40 34 34 34 18 18 31 31 31 39 39 38 38 38 52 52 52 51 51 50 50 50 52 52 52 46
50 50 50 47 47 47 45 45 55 55 55 52 52 40 40 40 51 51 51 56 56 59 59 59 56 56 56 39 39 39 39 39 32 32 27 27 27 31 31 31 31 31 46 46 46 47 47 37 37 37 47 47 47 45 45 41 41 41 42 42 42 34 34 46 46 46 45 45 40 40 40 34 34 34 18 18 31 31 31 39 39 38 38 38 52 52 52 51 51 50 50 50 52 52 52 46
50 50 50 47 47 47 45 45 55 55 55 52 52 40 40 40 51 51 51 56 56 59 59 59 56 56 56 39 39 39 39 39 32 32 27 27 27 31 31 31 31 31 46 46 46 47 47 37 37 37 47 47 47 45 45 41 41 41 42 42 42 34 34 46 46 46 45 45 40 40 40 34 34 34 18 18 31 31 31 39 39 38 38 38 52 52 52 51 51 50 50 50 52 52 52 46
54 54 54 48 48 48 45 45 57 57 57 53 53 42 42 42 54 54 54 58 58 57 57 57 47 47 47 28 28 29 29 29 26 26 28 28 28 36 36 36 39 39 52 52 52 50 50 39 39 39 49 49 49 47 47 43 43 43 42 42 42 32 32 45 45 45 44 44 41 41 41 38 38 38 23 23 38 38 38 45 45 41 41 41 51 51 51 43 43 40 40 40 48 48 48 46
54 54 54 48 48 48 45 45 57 57 57 53 53 42 42 42 54 54 54 58 58 57 57 57 47 47 47 28 28 29 29 29 26 26 28 28 28 36 36 36 39 39 52 52 52 50 50 39 39 39 49 49 49 47 47 43 43 43 42 42 42 32 32 45 45 45 44 44 41 41 41 38 38 38 23 23 38 38 38 45 45 41 41 41 51 51 51 43 43 40 40 40 48 48 48 46
59 59 59 52 52 52 48 48 61 61 61 55 55 43 43 43 57 57 57 56 56 49 49 49 34 34 34 17 17 24 24 24 28 28 37 37 37 47 47 47 48 48 57 57 57 51 51 39 39 39 50 50 50 48 48 44 44 44 41 41 41 32 32 44 44 44 44 44 44 44 44 43 43 43 30 30 44 44 44 49 49 41 41 41 48 48 48 37 37 31 31 31 37 37 37 40
59 59 59 52 52 52 48 48 61 61 61 55 55 43 43 43 57 57 57 56 56 49 49 49 34 34 34 17 17 24 24 24 28 28 37 37 37 47 47 47 48 48 57 57 57 51 51 39 39 39 50 50 50 48 48 44 44 44 41 41 41 32 32 44 44 44 44 44 44 44 44 43 43 43 30 30 44 44 44 49 49 41 41 41 48 48 48 37 37 31 31 31 37 37 37 40
59 59 59 52 52 52 48 48 61 61 61 55 55 43 43 43 57 57 57 56 56 49 49 49 34 34 34 17 17 24 24 24 28 28 37 37 37 47 47 47 48 48 57 57 57 51 51 39 39 39 50 50 50 48 48 44 44 44 41 41 41 32 32 44 44 44 44 44 44 44 44 43 43 43 30 30 44 44 44 49 49 41 41 41 48 48 48 37 37 31 31 31 37 37 37 40
64 64 64 58 58 58 55 55 67 67 67 58 58 46 46 46 56 56 56 49 49 38 38 38 23 23 23 13 13 29 29 29 40 40 52 52 52 57 57 57 52 52 57 57 57 48 48 36 36 36 48 48 48 47 47 44 44 44 42 42 42 34 34 47 47 47 47 47 49 49 49 50 50 50 36 36 45 45 45 47 47 37 37 37 43 43 43 35 35 30 30 30 30 30 30 32
64 64 64 58 58 58 55 55 67 67 67 58 58 46 46 46 56 56 56 49 49 38 38 38 23 23 23 13 13 29 29 29 40 40 52 52 52 57 57 57 52 52 57 57 57 48 48 36 36 36 48 48 48 47 47 44 44 44 42 42 42 34 34 47 47 47 47 47 49 49 49 50 50 50 36 36 45 45 45 47 47 37 37 37 43 43 43 35 35 30 30 30 30 30 30 32
64 64 64 58 58 58 55 55 67 67 67 58 58 46 46 46 56 56 56 49 49 38 38 38 23 23 23 13 13 29 29 29 40 40 52 52 52 57 57 57 52 52 57 57 57 48 48 36 36 36 48 48 48 47 47 44 44 44 42 42 42 34 34 47 47 47 47 47 49 49 49 50 50 50 36 36 45 45 45 47 47 37 37 37 43 43 43 35 35 30 30 30 30 30 30 32
72 72 72 68 68 68 64 64 69 69 69 58 58 45 45 45 50 50 50 41 41 29 29 29 19 19 19 16 16 39 39 39 53 53 60 60 60 59 59 59 49 49 52 52 52 43 43 34 34 34 48 48 48 49 49 46 46 46 45 45 45 38 38 51 51 51 51 51 53 53 53 53 53 53 36 36 42 42 42 42 42 32 32 32 40 40 40 36 36 32 32 32 30 30 30 25
72 72 72 68 68 68 64 64 69 69 69 58 58 45 45 45 50 50 50 41 41 29 29 29 19 19 19 16 16 39 39 39 53 53 60 60 60 59 59 59 49 49 52 52 52 43 43 34 34 34 48 48 48 49 49 46 46 46 45 45 45 38 38 51 51 51 51 51 53 53 53 53 53 53 36 36 42 42 42 42 42 32 32 32 40 40 40 36 36 32 32 32 30 30 30 25
80 80 80 76 76 76 67 67 64 64 64 51 51 38 38 38 41 41 41 33 33 24 24 24 20 20 20 23 23 47 47 47 57 57 58 58 58 55 55 55 44 44 47 47 47 41 41 35 35 35 52 52 52 52 52 49 49 49 47 47 47 40 40 52 52 52 52 52 52 52 52 49 49 49 32 32 38 38 38 40 40 31 31 31 40 40 40 38 38 35 35 35 32 32 32 24
80 80 80 76 76 76 67 67 64 64 64 51 51 38 38 38 41 41 41 33 33 24 24 24 20 20 20 23 23 47 47 47 57 57 58 58 58 55 55 55 44 44 47 47 47 41 41 35 35 35 52 52 52 52 52 49 49 49 47 47 47 40 40 52 52 52 52 52 52 52 52 49 49 49 32 32 38 38 38 40 40 31 31 31 40 40 40 38 38 35 35 35 32 32 32 24
80 80 80 76 76 76 67 67 64 64 64 51 51 38 38 38 41 41 41 33 33 24 24 24 20 20 20 23 23 47 47 47 57 57 58 58 58 55 55 55 44 44 47 47 47 41 41 35 35 35 52 52 52 52 52 49 49 49 47 47 47 40 40 52 52 52 52 52 52 52 52 49 49 49 32 32 38 38 38 40 40 31 31 31 40 40 40 38 38 35 35 35 32 32 32 24
84 84 84 76 76 76 62 62 52 52 52 39 39 28 28 28 33 33 33 28 28 23 23 23 26 26 26 31 31 49 49 49 52 52 50 50 50 51 51 51 42 42 45 45 45 41 41 38 38 38 54 54 54 52 52 47 47 47 45 45 45 40 40 52 52 52 50 50 48 48 48 46 46 46 32 32 41 41 41 43 43 34 34 34 42 42 42 40 40 37 37 37 34 34 34 27
84 84 84 76 76 76 62 62 52 52 52 39 39 28 28 28 33 33 33 28 28 23 23 23 26 26 26 31 31 49 49 49 52 52 50 50 50 51 51 51 42 42 45 45 45 41 41 38 38 38 54 54 54 52 52 47 47 47 45 45 45 40 40 52 52 52 50 50 48 48 48 46 46 46 32 32 41 41 41 43 43 34 34 34 42 42 42 40 40 37 37 37 34 34 34 27
83 83 83 69 69 69 51 51 40 40 40 29 29 21 21 21 30 30 30 29 29 30 30 30 35 35 35 36 36 46 46 46 43 43 44 44 44 50 50 50 43 43 45 45 45 43 43 39 39 39 53 53 53 49 49 44 44 44 45 45 45 41 41 51 51 51 47 47 46 46 46 47 47 47 36 36 46 46 46 46 46 35 35 35 40 40 40 38 38 38 38 38 37 37 37 29
83 83 83 69 69 69 51 51 40 40 40 29 29 21 21 21 30 30 30 29 29 30 30 30 35 35 35 36 36 46 46 46 43 43 44 44 44 50 50 50 43 43 45 45 45 43 43 39 39 39 53 53 53 49 49 44 44 44 45 45 45 41 41 51 51 51 47 47 46 46 46 47 47 47 36 36 46 46 46 46 46 35 35 35 40 40 40 38 38 38 38 38 37 37 37 29
83 83 83 69 69 69 51 51 40 40 40 29 29 21 21 21 30 30 30 29 29 30 30 30 35 35 35 36 36 46 46 46 43 43 44 44 44 50 50 50 43 43 45 45 45 43 43 39 39 39 53 53 53 49 49 44 44 44 45 45 45 41 41 51 51 51 47 47 46 46 46 47 47 47 36 36 46 46 46 46 46 35 35 35 40 40 40 38 38 38 38 38 37 37 37 29
76 76 76 58 58 58 40 40 31 31 31 25 25 21 21 21 36 36 36 40 40 40 40 40 41 41 41 36 36 41 41 41 37 37 40 40 40 51 51 51 45 45 45 45 45 42 42 37 37 37 49 49 49 46 46 43 43 43 48 48 48 44 44 51 51 51 46 46 47 47 47 51 51 51 41 41 49 49 49 46 46 33 33 33 37 37 37 36 36 38 38 38 37 37 37 28
76 76 76 58 58 58 40 40 31 31 31 25 25 21 21 21 36 36 36 40 40 40 40 40 41 41 41 36 36 41 41 41 37 37 40 40 40 51 51 51 45 45 45 45 45 42 42 37 37 37 49 49 49 46 46 43 43 43 48 48 48 44 44 51 51 51 46 46 47 47 47 51 51 51 41 41 49 49 49 46 46 33 33 33 37 37 37 36 36 38 38 38 37 37 37 28
76 76 76 58 58 58 40 40 31 31 31 25 25 21 21 21 36 36 36 40 40 40 40 40 41 41 41 36 36 41 41 41 37 37 40 40 40 51 51 51 45 45 45 45 45 42 42 37 37 37 49 49 49 46 46 43 43 43 48 48 48 44 44 51 51 51 46 46 47 47 47 51 51 51 41 41 49 49 49 46 46 33 33 33 37 37 37 36 36 38 38 38 37 37 37 28
62 62 62 44 44 44 29 29 27 27 27 28 28 27 27 27 43 43 43 44 44 39 39 39 36 36 36 31 31 38 38 38 34 34 40 40 40 53 53 53 47 47 45 45 45 42 42 38 38 38 49 49 49 48 48 48 48 48 53 53 53 47 47 51 51 51 47 47 51 51 51 55 55 55 42 42 47 47 47 44 44 30 30 30 35 35 35 35 35 38 38 38 37 37 37 30
62 62 62 44 44 44 29 29 27 27 27 28 28 27 27 27 43 43 43 44 44 39 39 39 36 36 36 31 31 38 38 38 34 34 40 40 40 53 53 53 47 47 45 45 45 42 42 38 38 38 49 49 49 48 48 48 48 48 53 53 53 47 47 51 51 51 47 47 51 51 51 55 55 55 42 42 47 47 47 44 44 30 30 30 35 35 35 35 35 38 38 38 37 37 37 30
39 39 39 29 29 29 19 19 24 24 24 30 30 29 29 29 41 41 41 37 37 32 32 32 33 33 33 32 32 39 39 39 34 34 43 43 43 57 57 57 49 49 47 47 47 45 45 42 42 42 53 53 53 52 52 52 52 52 56 56 56 47 47 50 50 50 48 48 54 54 54 56 56 56 40 40 44 44 44 40 40 27 27 27 34 34 34 35 35 37 37 37 38 38 38 37
39 39 39 29 29 29 19 19 24 24 24 30 30 29 29 29 41 41 41 37 37 32 32 32 33 33 33 32 32 39 39 39 34 34 43 43 43 57 57 57 49 49 47 47 47 45 45 42 42 42 53 53 53 52 52 52 52 52 56 56 56 47 47 50 50 50 48 48 54 54 54 56 56 56 40 40 44 44 44 40 40 27 27 27 34 34 34 35 35 37 37 37 38 38 38 37
39 39 39 29 29 29 19 19 24 24 24 30 30 29 29 29 41 41 41 37 37 32 32 32 33 33 33 32 32 39 39 39 34 34 43 43 43 57 57 57 49 49 47 47 47 45 45 42 42 42 53 53 53 52 52 52 52 52 56 56 56 47 47 50 50 50 48 48 54 54 54 56 56 56 40 40 44 44 44 40 40 27 27 27 34 34 34 35 35 37 37 37 38 38 38 37
15 15 15 16 16 16 11 11 23 23 23 30 30 27 27 27 34 34 34 29 29 29 29 29 35 35 35 35 35 40 40 40 36 36 48 48 48 60 60 60 50 50 49 49 49 49 49 45 45 45 53 53 53 51 51 50 50 50 54 54 54 45 45 49 49 49 49 49 53 53 53 52 52 52 35 35 38 38 38 36 36 26 26 26 34 34 34 36 36 40 40 40 46 46 46 47
15 15 15 16 16 16 11 11 23 23 23 30 30 27 27 27 34 34 34 29 29 29 29 29 35 35 35 35 35 40 40 40 36 36 48 48 48 60 60 60 50 50 49 49 49 49 49 45 45 45 53 53 53 51 51 50 50 50 54 54 54 45 45 49 49 49 49 49 53 53 53 52 52 52 35 35 38 38 38 36 36 26 26 26 34 34 34 36 36 40 40 40 46 46 46 47
15 15 15 16 16 16 11 11 23 23 23 30 30 27 27 27 34 34 34 29 29 29 29 29 35 35 35 35 35 40 40 40 36 36 48 48 48 60 60 60 50 50 49 49 49 49 49 45 45 45 53 53 53 51 51 50 50 50 54 54 54 45 45 49 49 49 49 49 53 53 53 52 52 52 35 35 38 38 38 36 36 26 26 26 34 34 34 36 36 40 40 40 46 46 46 47
0 0 0 15 15 15 16 16 30 30 30 33 33 27 27 27 31 31 31 28 28 34 34 34 42 42 42 37 37 42 42 42 41 41 52 52 52 59 59 59 46 46 48 48 48 52 52 46 46 46 50 50 50 48 48 47 47 47 53 53 53 44 44 47 47 47 47 47 49 49 49 47 47 47 30 30 35 35 35 34 34 25 25 25 36 36 36 43 43 49 49 49 54 54 54 52
0 0 0 15 15 15 16 16 30 30 30 33 33 27 27 27 31 31 31 28 28 34 34 34 42 42 42 37 37 42 42 42 41 41 52 52 52 59 59 59 46 46 48 48 48 52 52 46 46 46 50 50 50 48 48 47 47 47 53 53 53 44 44 47 47 47 47 47 49 49 49 47 47 47 30 30 35 35 35 34 34 25 25 25 36 36 36 43 43 49 49 49 54 54 54 52
24 24 24 33 33 33 33 33 41 41 41 40 40 34 34 34 38 38 38 35 35 41 41 41 43 43 43 35 35 43 43 43 45 45 52 52 52 53 53 53 40 40 47 47 47 53 53 45 45 45 50 50 50 47 47 45 45 45 52 52 52 44 44 44 44 44 44 44 45 45 45 44 44 44 28 28 34 34 34 37 37 32 32 32 46 46 46 54 54 58 58 58 59 59 59 51
24 24 24 33 33 33 33 33 41 41 41 40 40 34 34 34 38 38 38 35 35 41 41 41 43 43 43 35 35 43 43 43 45 45 52 52 52 53 53 53 40 40 47 47 47 53 53 45 45 45 50 50 50 47 47 45 45 45 52 52 52 44 44 44 44 44 44 44 45 45 45 44 44 44 28 28 34 34 34 37 37 32 32 32 46 46 46 54 54 58 58 58 59 59 59 51
24 24 24 33 33 33 33 33 41 41 41 40 40 34 34 34 38 38 38 35 35 41 41 41 43 43 43 35 35 43 43 43 45 45 52 52 52 53 53 53 40 40 47 47 47 53 53 45 45 45 50 50 50 47 47 45 45 45 52 52 52 44 44 44 44 44 44 44 45 45 45 44 44 44 28 28 34 34 34 37 37 32 32 32 46 46 46 54 54 58 58 58 59 59 59 51
45 45 45 45 45 45 40 40 47 47 47 47 47 42 42 42 44 44 44 40 40 39 39 39 35 35 35 29 29 41 41 41 43 43 47 47 47 47 47 47 35 35 45 45 45 50 50 44 44 44 50 50 50 47 47 45 45 45 52 52 52 43 43 41 41 41 41 41 44 44 44 41 41 41 28 28 39 39 39 46 46 47 47 47 57 57 57 60 60 62 62 62 60 60 60 49
45 45 45 45 45 45 40 40 47 47 47 47 47 42 42 42 44 44 44 40 40 39 39 39 35 35 35 29 29 41 41 41 43 43 47 47 47 47 47 47 35 35 45 45 45 50 50 44 44 44 50 50 50 47 47 45 45 45 52 52 52 43 43 41 41 41 41 41 44 44 44 41 41 41 28 28 39 39 39 46 46 47 47 47 57 57 57 60 60 62 62 62 60 60 60 49
51 51 51 44 44 44 38 38 46 46 46 49 49 44 44 44 45 45 45 40 40 35 35 35 31 31 31 27 27 38 38 38 38 38 43 43 43 44 44 44 32 32 41 41 41 44 44 41 41 41 48 48 48 47 47 47 47 47 52 52 52 42 42 40 40 40 43 43 46 46 46 44 44 44 37 37 50 50 50 59 59 57 57 57 61 61 61 62 62 64 64 64 60 60 60 44
51 51 51 44 44 44 38 38 46 46 46 49 49 44 44 44 45 45 45 40 40 35 35 35 31 31 31 27 27 38 38 38 38 38 43 43 43 44 44 44 32 32 41 41 41 44 44 41 41 41 48 48 48 47 47 47 47 47 52 52 52 42 42 40 40 40 43 43 46 46 46 44 44 44 37 37 50 50 50 59 59 57 57 57 61 61 61 62 62 64 64 64 60 60 60 44
