SEB_model/sample_data_files/historical/hillshade/june6pm.txt
ncols         559
nrows         351
xllcorner     388608.08691406
yllcorner     7584381.3441773
cellsize      5
NODATA_value  -9999
[rows 129 to 171 of 351, columns 192 to 287 of 559]
56 44 44 44 12 12 12 0 0 0 0 0 0 0 0 0 0 0 0 0 117 117 91 91 91 60 60 60 37 37 59 59 59 66 66 46 46 46 26 26 26 16 16 45 45 45 60 60 43 43 43 44 44 44 49 49 56 56 56 66 66 66 58 58 60 60 60 56 56 39 39 39 38 38 38 47 47 67 67 67 58 58 8 8 8 0 0 0 0 0 83 83 83 122 122 122
56 44 44 44 12 12 12 0 0 0 0 0 0 0 0 0 0 0 0 0 117 117 91 91 91 60 60 60 37 37 59 59 59 66 66 46 46 46 26 26 26 16 16 45 45 45 60 60 43 43 43 44 44 44 49 49 56 56 56 66 66 66 58 58 60 60 60 56 56 39 39 39 38 38 38 47 47 67 67 67 58 58 8 8 8 0 0 0 0 0 83 83 83 122 122 122
54 31 31 31 0 0 0 0 0 0 0 0 0 0 0 0 0 115 115 115 98 98 68 68 68 51 51 51 39 39 60 60 60 62 62 42 42 42 28 28 28 23 23 48 48 48 55 55 36 36 36 45 45 45 54 54 60 60 60 64 64 64 52 52 55 55 55 56 56 49 49 49 45 45 45 39 39 47 47 47 42 42 14 14 14 0 0 0 47 47 90 90 90 112 112 112
54 31 31 31 0 0 0 0 0 0 0 0 0 0 0 0 0 115 115 115 98 98 68 68 68 51 51 51 39 39 60 60 60 62 62 42 42 42 28 28 28 23 23 48 48 48 55 55 36 36 36 45 45 45 54 54 60 60 60 64 64 64 52 52 55 55 55 56 56 49 49 49 45 45 45 39 39 47 47 47 42 42 14 14 14 0 0 0 47 47 90 90 90 112 112 112
54 31 31 31 0 0 0 0 0 0 0 0 0 0 0 0 0 115 115 115 98 98 68 68 68 51 51 51 39 39 60 60 60 62 62 42 42 42 28 28 28 23 23 48 48 48 55 55 36 36 36 45 45 45 54 54 60 60 60 64 64 64 52 52 55 55 55 56 56 49 49 49 45 45 45 39 39 47 47 47 42 42 14 14 14 0 0 0 47 47 90 90 90 112 112 112
17 0 0 0 0 0 0 0 0 0 0 0 0 0 117 117 117 111 111 111 79 79 57 57 57 53 53 53 45 45 60 60 60 58 58 41 41 41 35 35 35 31 31 49 49 49 50 50 34 34 34 48 48 48 55 55 56 56 56 58 58 58 47 47 51 51 51 53 53 49 49 49 43 43 43 33 33 37 37 37 37 37 27 27 27 40 40 40 58 58 81 81 81 90 90 90
17 0 0 0 0 0 0 0 0 0 0 0 0 0 117 117 117 111 111 111 79 79 57 57 57 53 53 53 45 45 60 60 60 58 58 41 41 41 35 35 35 31 31 49 49 49 50 50 34 34 34 48 48 48 55 55 56 56 56 58 58 58 47 47 51 51 51 53 53 49 49 49 43 43 43 33 33 37 37 37 37 37 27 27 27 40 40 40 58 58 81 81 81 90 90 90
0 0 0 0 0 0 0 0 0 0 0 0 0 0 123 123 123 95 95 95 64 64 56 56 56 61 61 61 54 54 61 61 61 56 56 46 46 46 42 42 42 31 31 38 38 38 42 42 37 37 37 54 54 54 52 52 48 48 48 53 53 53 45 45 49 49 49 48 48 45 45 45 42 42 42 33 33 33 33 33 40 40 46 46 46 60 60 60 58 58 61 61 61 68 68 68
0 0 0 0 0 0 0 0 0 0 0 0 0 0 123 123 123 95 95 95 64 64 56 56 56 61 61 61 54 54 61 61 61 56 56 46 46 46 42 42 42 31 31 38 38 38 42 42 37 37 37 54 54 54 52 52 48 48 48 53 53 53 45 45 49 49 49 48 48 45 45 45 42 42 42 33 33 33 33 33 40 40 46 46 46 60 60 60 58 58 61 61 61 68 68 68
0 0 0 0 0 0 0 0 0 0 0 0 0 0 123 123 123 95 95 95 64 64 56 56 56 61 61 61 54 54 61 61 61 56 56 46 46 46 42 42 42 31 31 38 38 38 42 42 37 37 37 54 54 54 52 52 48 48 48 53 53 53 45 45 49 49 49 48 48 45 45 45 42 42 42 33 33 33 33 33 40 40 46 46 46 60 60 60 58 58 61 61 61 68 68 68
0 0 0 0 0 0 0 0 0 0 0 0 136 136 97 97 97 68 68 68 55 55 63 63 63 70 70 70 60 60 62 62 62 54 54 45 45 45 40 40 40 24 24 29 29 29 45 45 49 49 49 59 59 59 44 44 38 38 38 55 55 55 51 51 50 50 50 44 44 41 41 41 42 42 42 35 35 36 36 36 54 54 70 70 70 69 69 69 45 45 41 41 41 58 58 58
0 0 0 0 0 0 0 0 0 0 0 0 136 136 97 97 97 68 68 68 55 55 63 63 63 70 70 70 60 60 62 62 62 54 54 45 45 45 40 40 40 24 24 29 29 29 45 45 49 49 49 59 59 59 44 44 38 38 38 55 55 55 51 51 50 50 50 44 44 41 41 41 42 42 42 35 35 36 36 36 54 54 70 70 70 69 69 69 45 45 41 41 41 58 58 58
0 0 0 0 0 0 0 0 0 0 0 0 136 136 97 97 97 68 68 68 55 55 63 63 63 70 70 70 60 60 62 62 62 54 54 45 45 45 40 40 40 24 24 29 29 29 45 45 49 49 49 59 59 59 44 44 38 38 38 55 55 55 51 51 50 50 50 44 44 41 41 41 42 42 42 35 35 36 36 36 54 54 70 70 70 69 69 69 45 45 41 41 41 58 58 58
0 0 0 0 0 0 0 105 105 121 121 121 99 99 55 55 55 48 48 48 57 57 70 70 70 75 75 75 61 61 59 59 59 51 51 44 44 44 39 39 39 22 22 32 32 32 57 57 57 57 57 52 52 52 29 29 30 30 30 60 60 60 58 58 51 51 51 39 39 36 36 36 44 44 44 41 41 46 46 46 71 71 83 83 83 63 63 63 30 30 32 32 32 61 61 61
0 0 0 0 0 0 0 105 105 121 121 121 99 99 55 55 55 48 48 48 57 57 70 70 70 75 75 75 61 61 59 59 59 51 51 44 44 44 39 39 39 22 22 32 32 32 57 57 57 57 57 52 52 52 29 29 30 30 30 60 60 60 58 58 51 51 51 39 39 36 36 36 44 44 44 41 41 46 46 46 71 71 83 83 83 63 63 63 30 30 32 32 32 61 61 61
0 0 0 0 86 86 86 105 105 91 91 91 54 54 31 31 31 47 47 47 66 66 75 75 75 73 73 73 57 57 56 56 56 49 49 44 44 44 40 40 40 25 25 43 43 43 66 66 52 52 52 35 35 35 16 16 0 0 0 66 66 66 60 60 48 48 48 34 34 37 37 37 50 50 50 49 49 59 59 59 83 83 82 82 82 54 54 54 26 26 39 39 39 68 68 68
0 0 0 0 86 86 86 105 105 91 91 91 54 54 31 31 31 47 47 47 66 66 75 75 75 73 73 73 57 57 56 56 56 49 49 44 44 44 40 40 40 25 25 43 43 43 66 66 52 52 52 35 35 35 16 16 0 0 0 66 66 66 60 60 48 48 48 34 34 37 37 37 50 50 50 49 49 59 59 59 83 83 82 82 82 54 54 54 26 26 39 39 39 68 68 68
0 0 0 0 86 86 86 105 105 91 91 91 54 54 31 31 31 47 47 47 66 66 75 75 75 73 73 73 57 57 56 56 56 49 49 44 44 44 40 40 40 25 25 43 43 43 66 66 52 52 52 35 35 35 16 16 0 0 0 66 66 66 60 60 48 48 48 34 34 37 37 37 50 50 50 49 49 59 59 59 83 83 82 82 82 54 54 54 26 26 39 39 39 68 68 68
0 0 0 0 0 0 0 80 80 64 64 64 45 45 37 37 37 57 57 57 72 72 76 76 76 71 71 71 54 54 55 55 55 50 50 46 46 46 42 42 42 30 30 51 51 51 63 63 36 36 36 21 21 21 15 15 39 39 39 66 66 66 55 55 43 43 43 36 36 45 45 45 58 58 58 54 54 67 67 67 82 82 72 72 72 51 51 51 34 34 51 51 51 76 76 76
0 0 0 0 0 0 0 80 80 64 64 64 45 45 37 37 37 57 57 57 72 72 76 76 76 71 71 71 54 54 55 55 55 50 50 46 46 46 42 42 42 30 30 51 51 51 63 63 36 36 36 21 21 21 15 15 39 39 39 66 66 66 55 55 43 43 43 36 36 45 45 45 58 58 58 54 54 67 67 67 82 82 72 72 72 51 51 51 34 34 51 51 51 76 76 76
0 0 0 0 0 0 0 0 0 79 79 79 71 71 55 55 55 65 65 65 74 74 78 78 78 74 74 74 55 55 55 55 55 49 49 47 47 47 44 44 44 32 32 49 49 49 50 50 23 23 23 22 22 22 28 28 45 45 45 57 57 57 45 45 44 44 44 46 46 55 55 55 60 60 60 55 55 69 69 69 75 75 63 63 63 59 59 59 51 51 66 66 66 83 83 83
0 0 0 0 0 0 0 0 0 79 79 79 71 71 55 55 55 65 65 65 74 74 78 78 78 74 74 74 55 55 55 55 55 49 49 47 47 47 44 44 44 32 32 49 49 49 50 50 23 23 23 22 22 22 28 28 45 45 45 57 57 57 45 45 44 44 44 46 46 55 55 55 60 60 60 55 55 69 69 69 75 75 63 63 63 59 59 59 51 51 66 66 66 83 83 83
0 0 0 0 0 0 0 0 0 79 79 79 71 71 55 55 55 65 65 65 74 74 78 78 78 74 74 74 55 55 55 55 55 49 49 47 47 47 44 44 44 32 32 49 49 49 50 50 23 23 23 22 22 22 28 28 45 45 45 57 57 57 45 45 44 44 44 46 46 55 55 55 60 60 60 55 55 69 69 69 75 75 63 63 63 59 59 59 51 51 66 66 66 83 83 83
0 0 0 0 0 0 0 0 0 100 100 100 91 91 65 65 65 69 69 69 79 79 84 84 84 78 78 78 57 57 55 55 55 49 49 48 48 48 47 47 47 35 35 45 45 45 42 42 24 24 24 34 34 34 41 41 43 43 43 45 45 45 44 44 56 56 56 61 61 60 60 60 57 57 57 54 54 68 68 68 69 69 60 60 60 70 70 70 71 71 81 81 81 84 84 84
0 0 0 0 0 0 0 0 0 100 100 100 91 91 65 65 65 69 69 69 79 79 84 84 84 78 78 78 57 57 55 55 55 49 49 48 48 48 47 47 47 35 35 45 45 45 42 42 24 24 24 34 34 34 41 41 43 43 43 45 45 45 44 44 56 56 56 61 61 60 60 60 57 57 57 54 54 68 68 68 69 69 60 60 60 70 70 70 71 71 81 81 81 84 84 84
0 0 0 0 0 0 0 0 0 100 100 100 91 91 65 65 65 69 69 69 79 79 84 84 84 78 78 78 57 57 55 55 55 49 49 48 48 48 47 47 47 35 35 45 45 45 42 42 24 24 24 34 34 34 41 41 43 43 43 45 45 45 44 44 56 56 56 61 61 60 60 60 57 57 57 54 54 68 68 68 69 69 60 60 60 70 70 70 71 71 81 81 81 84 84 84
0 0 0 0 0 0 0 93 93 106 106 106 94 94 72 72 72 76 76 76 80 80 78 78 78 71 71 71 55 55 55 55 55 51 51 51 51 51 52 52 52 39 39 42 42 42 41 41 31 31 31 42 42 42 42 42 39 39 39 44 44 44 51 51 69 69 69 70 70 61 61 61 55 55 55 54 54 66 66 66 65 65 60 60 60 81 81 81 90 90 92 92 92 77 77 77
0 0 0 0 0 0 0 93 93 106 106 106 94 94 72 72 72 76 76 76 80 80 78 78 78 71 71 71 55 55 55 55 55 51 51 51 51 51 52 52 52 39 39 42 42 42 41 41 31 31 31 42 42 42 42 42 39 39 39 44 44 44 51 51 69 69 69 70 70 61 61 61 55 55 55 54 54 66 66 66 65 65 60 60 60 81 81 81 90 90 92 92 92 77 77 77
0 0 0 0 0 0 0 95 95 103 103 103 92 92 76 76 76 77 77 77 66 66 57 57 57 56 56 56 52 52 56 56 56 54 54 55 55 55 54 54 54 38 38 40 40 40 43 43 34 34 34 41 41 41 39 39 41 41 41 49 49 49 54 54 72 72 72 70 70 59 59 59 54 54 54 53 53 63 63 63 61 61 60 60 60 90 90 90 102 102 93 93 93 65 65 65
0 0 0 0 0 0 0 95 95 103 103 103 92 92 76 76 76 77 77 77 66 66 57 57 57 56 56 56 52 52 56 56 56 54 54 55 55 55 54 54 54 38 38 40 40 40 43 43 34 34 34 41 41 41 39 39 41 41 41 49 49 49 54 54 72 72 72 70 70 59 59 59 54 54 54 53 53 63 63 63 61 61 60 60 60 90 90 90 102 102 93 93 93 65 65 65
0 0 0 0 0 0 0 95 95 103 103 103 92 92 76 76 76 77 77 77 66 66 57 57 57 56 56 56 52 52 56 56 56 54 54 55 55 55 54 54 54 38 38 40 40 40 43 43 34 34 34 41 41 41 39 39 41 41 41 49 49 49 54 54 72 72 72 70 70 59 59 59 54 54 54 53 53 63 63 63 61 61 60 60 60 90 90 90 102 102 93 93 93 65 65 65
0 0 0 0 0 0 0 92 92 99 99 99 90 90 74 74 74 67 67 67 45 45 36 36 36 47 47 47 53 53 60 60 60 58 58 55 55 55 49 49 49 35 35 42 42 42 45 45 34 34 34 39 39 39 41 41 48 48 48 55 55 55 53 53 68 68 68 67 67 59 59 59 56 56 56 53 53 61 61 61 60 60 64 64 64 95 95 95 102 102 85 85 85 59 59 59
0 0 0 0 0 0 0 92 92 99 99 99 90 90 74 74 74 67 67 67 45 45 36 36 36 47 47 47 53 53 60 60 60 58 58 55 55 55 49 49 49 35 35 42 42 42 45 45 34 34 34 39 39 39 41 41 48 48 48 55 55 55 53 53 68 68 68 67 67 59 59 59 56 56 56 53 53 61 61 61 60 60 64 64 64 95 95 95 102 102 85 85 85 59 59 59
0 0 0 0 0 0 0 92 92 99 99 99 90 90 74 74 74 67 67 67 45 45 36 36 36 47 47 47 53 53 60 60 60 58 58 55 55 55 49 49 49 35 35 42 42 42 45 45 34 34 34 39 39 39 41 41 48 48 48 55 55 55 53 53 68 68 68 67 67 59 59 59 56 56 56 53 53 61 61 61 60 60 64 64 64 95 95 95 102 102 85 85 85 59 59 59
0 0 0 0 0 0 0 86 86 93 93 93 85 85 61 61 61 50 50 50 31 31 29 29 29 47 47 47 55 55 64 64 64 58 58 50 50 50 41 41 41 30 30 42 42 42 45 45 33 33 33 41 41 41 48 48 56 56 56 58 58 58 52 52 65 65 65 64 64 58 58 58 56 56 56 52 52 61 61 61 63 63 70 70 70 94 94 94 93 93 75 75 75 62 62 62
0 0 0 0 0 0 0 86 86 93 93 93 85 85 61 61 61 50 50 50 31 31 29 29 29 47 47 47 55 55 64 64 64 58 58 50 50 50 41 41 41 30 30 42 42 42 45 45 33 33 33 41 41 41 48 48 56 56 56 58 58 58 52 52 65 65 65 64 64 58 58 58 56 56 56 52 52 61 61 61 63 63 70 70 70 94 94 94 93 93 75 75 75 62 62 62
0 0 0 0 0 0 0 79 79 85 85 85 76 76 49 49 49 41 41 41 33 33 35 35 35 48 48 48 53 53 65 65 65 57 57 44 44 44 35 35 35 27 27 41 41 41 45 45 37 37 37 50 50 50 56 56 60 60 60 61 61 61 54 54 66 66 66 62 62 57 57 57 54 54 54 51 51 65 65 65 72 72 76 76 76 91 91 91 83 83 70 70 70 69 69 69
0 0 0 0 0 0 0 79 79 85 85 85 76 76 49 49 49 41 41 41 33 33 35 35 35 48 48 48 53 53 65 65 65 57 57 44 44 44 35 35 35 27 27 41 41 41 45 45 37 37 37 50 50 50 56 56 60 60 60 61 61 61 54 54 66 66 66 62 62 57 57 57 54 54 54 51 51 65 65 65 72 72 76 76 76 91 91 91 83 83 70 70 70 69 69 69
0 0 0 0 0 0 0 79 79 85 85 85 76 76 49 49 49 41 41 41 33 33 35 35 35 48 48 48 53 53 65 65 65 57 57 44 44 44 35 35 35 27 27 41 41 41 45 45 37 37 37 50 50 50 56 56 60 60 60 61 61 61 54 54 66 66 66 62 62 57 57 57 54 54 54 51 51 65 65 65 72 72 76 76 76 91 91 91 83 83 70 70 70 69 69 69
0 0 0 0 0 0 0 73 73 74 74 74 70 70 47 47 47 45 45 45 42 42 42 42 42 46 46 46 47 47 63 63 63 55 55 43 43 43 36 36 36 31 31 44 44 44 47 47 45 45 45 59 59 59 63 63 65 65 65 66 66 66 61 61 70 70 70 63 63 56 56 56 55 55 55 56 56 76 76 76 84 84 80 80 80 87 87 87 78 78 72 72 72 76 76 76
0 0 0 0 0 0 0 73 73 74 74 74 70 70 47 47 47 45 45 45 42 42 42 42 42 46 46 46 47 47 63 63 63 55 55 43 43 43 36 36 36 31 31 44 44 44 47 47 45 45 45 59 59 59 63 63 65 65 65 66 66 66 61 61 70 70 70 63 63 56 56 56 55 55 55 56 56 76 76 76 84 84 80 80 80 87 87 87 78 78 72 72 72 76 76 76
0 0 0 0 0 0 0 63 63 64 64 64 62 62 44 44 44 48 48 48 45 45 43 43 43 43 43 43 39 39 53 53 53 49 49 41 41 41 38 38 38 35 35 46 46 46 50 50 50 50 50 62 62 62 63 63 64 64 64 67 67 67 61 61 68 68 68 61 61 54 54 54 57 57 57 64 64 85 85 85 89 89 79 79 79 82 82 82 76 76 73 73 73 75 75 75
0 0 0 0 0 0 0 63 63 64 64 64 62 62 44 44 44 48 48 48 45 45 43 43 43 43 43 43 39 39 53 53 53 49 49 41 41 41 38 38 38 35 35 46 46 46 50 50 50 50 50 62 62 62 63 63 64 64 64 67 67 67 61 61 68 68 68 61 61 54 54 54 57 57 57 64 64 85 85 85 89 89 79 79 79 82 82 82 76 76 73 73 73 75 75 75
