SEB_model/sample_data_files/historical/hillshade/junenoon.txt
ncols         559
nrows         351
xllcorner     388608.08691406
yllcorner     7584381.3441773
cellsize      5
NODATA_value  -9999
[rows 160 to 199 of 351, columns 360 to 449 of 559]
141 133 133 128 128 128 125 125 125 118 118 113 113 113 117 117 117 129 129 148 148 148 165 165 176 176 176 182 182 182 181 181 182 182 182 180 180 178 178 178 180 180 180 181 181 180 180 180 177 177 177 172 172 171 171 171 168 168 166 166 166 164 164 164 161 161 159 159 159 156 156 151 151 151 152 152 152 153 153 155 155 155 157 157 157 157 157 158 158 158
141 133 133 128 128 128 125 125 125 118 118 113 113 113 117 117 117 129 129 148 148 148 165 165 176 176 176 182 182 182 181 181 182 182 182 180 180 178 178 178 180 180 180 181 181 180 180 180 177 177 177 172 172 171 171 171 168 168 166 166 166 164 164 164 161 161 159 159 159 156 156 151 151 151 152 152 152 153 153 155 155 155 157 157 157 157 157 158 158 158
141 133 133 128 128 128 125 125 125 118 118 113 113 113 117 117 117 129 129 148 148 148 165 165 176 176 176 182 182 182 181 181 182 182 182 180 180 178 178 178 180 180 180 181 181 180 180 180 177 177 177 172 172 171 171 171 168 168 166 166 166 164 164 164 161 161 159 159 159 156 156 151 151 151 152 152 152 153 153 155 155 155 157 157 157 157 157 158 158 158
137 130 130 130 130 130 145 145 145 167 167 188 188 188 200 200 200 203 203 203 203 203 201 201 198 198 198 195 195 195 188 188 184 184 184 181 181 179 179 179 181 181 181 181 181 180 180 180 178 178 178 174 174 173 173 173 170 170 169 169 169 170 170 170 170 170 171 171 171 169 169 164 164 164 162 162 162 161 161 161 161 161 163 163 163 161 161 162 162 162
137 130 130 130 130 130 145 145 145 167 167 188 188 188 200 200 200 203 203 203 203 203 201 201 198 198 198 195 195 195 188 188 184 184 184 181 181 179 179 179 181 181 181 181 181 180 180 180 178 178 178 174 174 173 173 173 170 170 169 169 169 170 170 170 170 170 171 171 171 169 169 164 164 164 162 162 162 161 161 161 161 161 163 163 163 161 161 162 162 162
146 146 146 144 144 144 149 149 149 167 167 189 189 189 205 205 205 207 207 200 200 200 190 190 180 180 180 171 171 171 164 164 162 162 162 160 160 156 156 156 155 155 155 152 152 155 155 155 162 162 162 168 168 173 173 173 172 172 173 173 173 175 175 175 177 177 180 180 180 181 181 178 178 178 177 177 177 173 173 170 170 170 170 170 170 167 167 167 167 167
146 146 146 144 144 144 149 149 149 167 167 189 189 189 205 205 205 207 207 200 200 200 190 190 180 180 180 171 171 171 164 164 162 162 162 160 160 156 156 156 155 155 155 152 152 155 155 155 162 162 162 168 168 173 173 173 172 172 173 173 173 175 175 175 177 177 180 180 180 181 181 178 178 178 177 177 177 173 173 170 170 170 170 170 170 167 167 167 167 167
146 146 146 144 144 144 149 149 149 167 167 189 189 189 205 205 205 207 207 200 200 200 190 190 180 180 180 171 171 171 164 164 162 162 162 160 160 156 156 156 155 155 155 152 152 155 155 155 162 162 162 168 168 173 173 173 172 172 173 173 173 175 175 175 177 177 180 180 180 181 181 178 178 178 177 177 177 173 173 170 170 170 170 170 170 167 167 167 167 167
138 141 141 144 144 144 147 147 147 150 150 157 157 157 168 168 168 172 172 164 164 164 153 153 145 145 145 143 143 143 143 143 146 146 146 144 144 140 140 140 138 138 138 136 136 138 138 138 145 145 145 153 153 163 163 163 170 170 177 177 177 180 180 180 180 180 184 184 184 187 187 187 187 187 188 188 188 186 186 182 182 182 181 181 181 177 177 176 176 176
138 141 141 144 144 144 147 147 147 150 150 157 157 157 168 168 168 172 172 164 164 164 153 153 145 145 145 143 143 143 143 143 146 146 146 144 144 140 140 140 138 138 138 136 136 138 138 138 145 145 145 153 153 163 163 163 170 170 177 177 177 180 180 180 180 180 184 184 184 187 187 187 187 187 188 188 188 186 186 182 182 182 181 181 181 177 177 176 176 176
132 134 134 135 135 135 137 137 137 140 140 144 144 144 147 147 147 146 146 142 142 142 138 138 136 136 136 136 136 136 138 138 142 142 142 144 144 142 142 142 141 141 141 140 140 139 139 139 138 138 138 138 138 144 144 144 152 152 160 160 160 168 168 168 172 172 179 179 179 186 186 189 189 189 192 192 192 192 192 190 190 190 189 189 189 186 186 184 184 184
132 134 134 135 135 135 137 137 137 140 140 144 144 144 147 147 147 146 146 142 142 142 138 138 136 136 136 136 136 136 138 138 142 142 142 144 144 142 142 142 141 141 141 140 140 139 139 139 138 138 138 138 138 144 144 144 152 152 160 160 160 168 168 168 172 172 179 179 179 186 186 189 189 189 192 192 192 192 192 190 190 190 189 189 189 186 186 184 184 184
132 134 134 135 135 135 137 137 137 140 140 144 144 144 147 147 147 146 146 142 142 142 138 138 136 136 136 136 136 136 138 138 142 142 142 144 144 142 142 142 141 141 141 140 140 139 139 139 138 138 138 138 138 144 144 144 152 152 160 160 160 168 168 168 172 172 179 179 179 186 186 189 189 189 192 192 192 192 192 190 190 190 189 189 189 186 186 184 184 184
126 126 126 127 127 127 128 128 128 129 129 131 131 131 131 131 131 130 130 127 127 127 124 124 122 122 122 122 122 122 123 123 129 129 129 133 133 135 135 135 138 138 138 139 139 140 140 140 141 141 141 139 139 140 140 140 140 140 142 142 142 148 148 148 152 152 159 159 159 166 166 171 171 171 176 176 176 178 178 177 177 177 177 177 177 175 175 173 173 173
126 126 126 127 127 127 128 128 128 129 129 131 131 131 131 131 131 130 130 127 127 127 124 124 122 122 122 122 122 122 123 123 129 129 129 133 133 135 135 135 138 138 138 139 139 140 140 140 141 141 141 139 139 140 140 140 140 140 142 142 142 148 148 148 152 152 159 159 159 166 166 171 171 171 176 176 176 178 178 177 177 177 177 177 177 175 175 173 173 173
126 126 126 127 127 127 128 128 128 129 129 131 131 131 131 131 131 130 130 127 127 127 124 124 122 122 122 122 122 122 123 123 129 129 129 133 133 135 135 135 138 138 138 139 139 140 140 140 141 141 141 139 139 140 140 140 140 140 142 142 142 148 148 148 152 152 159 159 159 166 166 171 171 171 176 176 176 178 178 177 177 177 177 177 177 175 175 173 173 173
121 120 120 119 119 119 120 120 120 122 122 123 123 123 124 124 124 124 124 123 123 123 121 121 118 118 118 116 116 116 116 116 120 120 120 125 125 130 130 130 134 134 134 136 136 137 137 137 137 137 137 137 137 139 139 139 140 140 141 141 141 142 142 142 142 142 146 146 146 150 150 153 153 153 157 157 157 159 159 159 159 159 159 159 159 158 158 156 156 156
121 120 120 119 119 119 120 120 120 122 122 123 123 123 124 124 124 124 124 123 123 123 121 121 118 118 118 116 116 116 116 116 120 120 120 125 125 130 130 130 134 134 134 136 136 137 137 137 137 137 137 137 137 139 139 139 140 140 141 141 141 142 142 142 142 142 146 146 146 150 150 153 153 153 157 157 157 159 159 159 159 159 159 159 159 158 158 156 156 156
116 113 113 112 112 112 114 114 114 114 114 113 113 113 112 112 112 113 113 115 115 115 116 116 115 115 115 114 114 114 124 124 152 152 152 162 162 142 142 142 131 131 131 132 132 132 132 132 131 131 131 130 130 132 132 132 134 134 136 136 136 138 138 138 139 139 144 144 144 148 148 151 151 151 155 155 155 156 156 156 156 156 155 155 155 155 155 155 155 155
116 113 113 112 112 112 114 114 114 114 114 113 113 113 112 112 112 113 113 115 115 115 116 116 115 115 115 114 114 114 124 -9999 -9999 -9999 -9999 162 162 142 142 142 131 131 131 132 132 132 132 132 131 131 131 130 130 132 132 132 134 134 136 136 136 138 138 138 139 139 144 144 144 148 148 151 151 151 155 155 155 156 156 156 156 156 155 155 155 155 155 155 155 155
116 113 113 112 112 112 114 114 114 114 114 113 113 113 112 112 112 113 113 115 115 115 116 116 115 115 115 114 114 -9999 -9999 -9999 -9999 -9999 -9999 -9999 -9999 -9999 142 142 131 131 131 132 132 132 132 132 131 131 131 130 130 132 132 132 134 134 136 136 136 138 138 138 139 139 144 144 144 -9999 -9999 -9999 -9999 -9999 -9999 -9999 -9999 -9999 -9999 -9999 -9999 -9999 -9999 155 155 155 155 155 155 155
107 105 105 104 104 104 105 105 105 104 104 102 102 102 100 100 100 101 101 105 105 105 109 109 124 124 124 -9999 -9999 -9999 -9999 -9999 -9999 -9999 -9999 -9999 -9999 -9999 -9999 -9999 165 165 165 159 159 139 139 139 133 133 133 -9999 -9999 -9999 -9999 167 170 170 173 173 173 175 175 -9999 -9999 -9999 -9999 -9999 -9999 -9999 -9999 -9999 -9999 -9999 -9999 -9999 -9999 -9999 -9999 -9999 -9999 -9999 -9999 -9999 -9999 -9999 -9999 -9999 -9999 -9999
107 105 105 104 104 104 105 105 105 104 104 102 102 102 100 100 100 101 101 105 105 105 109 109 124 -9999 -9999 -9999 -9999 -9999 -9999 -9999 -9999 -9999 -9999 -9999 -9999 -9999 -9999 -9999 -9999 -9999 165 159 159 139 139 139 -9999 -9999 -9999 -9999 -9999 -9999 -9999 -9999 -9999 -9999 -9999 -9999 -9999 -9999 -9999 -9999 -9999 -9999 -9999 -9999 -9999 -9999 -9999 -9999 -9999 -9999 -9999 -9999 -9999 -9999 -9999 -9999 -9999 -9999 -9999 -9999 -9999 -9999 -9999 -9999 -9999 -9999
107 105 105 104 104 104 105 105 105 104 104 102 102 102 100 100 100 101 101 105 105 105 -9999 -9999 -9999 -9999 -9999 -9999 -9999 -9999 -9999 -9999 -9999 -9999 -9999 -9999 -9999 -9999 -9999 -9999 -9999 -9999 -9999 -9999 -9999 -9999 -9999 -9999 -9999 -9999 -9999 -9999 -9999 -9999 -9999 -9999 -9999 -9999 -9999 -9999 -9999 -9999 -9999 -9999 -9999 -9999 -9999 -9999 -9999 -9999 -9999 -9999 -9999 -9999 -9999 -9999 -9999 -9999 -9999 -9999 -9999 -9999 -9999 -9999 -9999 -9999 -9999 -9999 -9999 -9999
107 108 108 108 108 108 108 108 108 107 107 106 106 106 105 105 105 106 106 121 -9999 -9999 -9999 -9999 -9999 -9999 -9999 -9999 -9999 -9999 -9999 -9999 -9999 -9999 -9999 -9999 -9999 -9999 -9999 -9999 -9999 -9999 -9999 -9999 -9999 -9999 -9999 -9999 -9999 -9999 -9999 -9999 -9999 -9999 -9999 -9999 -9999 -9999 -9999 -9999 -9999 -9999 -9999 -9999 -9999 -9999 -9999 -9999 -9999 -9999 -9999 -9999 -9999 -9999 -9999 -9999 -9999 -9999 -9999 -9999 -9999 -9999 -9999 -9999 -9999 -9999 -9999 -9999 -9999 -9999
107 108 108 108 108 108 108 108 108 107 107 106 106 106 105 105 105 106 -9999 -9999 -9999 -9999 -9999 -9999 -9999 -9999 -9999 -9999 -9999 -9999 -9999 -9999 -9999 -9999 -9999 -9999 -9999 -9999 -9999 -9999 -9999 -9999 -9999 -9999 -9999 -9999 -9999 -9999 -9999 -9999 -9999 -9999 -9999 -9999 -9999 -9999 -9999 -9999 -9999 -9999 -9999 -9999 -9999 -9999 -9999 -9999 -9999 -9999 -9999 -9999 -9999 -9999 -9999 -9999 -9999 -9999 -9999 -9999 -9999 -9999 -9999 -9999 -9999 -9999 -9999 -9999 -9999 -9999 -9999 -9999
101 103 103 104 104 104 105 105 105 115 115 139 139 139 -9999 -9999 -9999 -9999 -9999 -9999 -9999 -9999 -9999 -9999 -9999 -9999 -9999 -9999 -9999 -9999 -9999 -9999 -9999 -9999 -9999 -9999 -9999 -9999 -9999 -9999 -9999 -9999 -9999 -9999 -9999 -9999 -9999 -9999 -9999 -9999 -9999 -9999 -9999 -9999 -9999 -9999 -9999 -9999 -9999 -9999 -9999 -9999 -9999 -9999 -9999 -9999 -9999 -9999 -9999 -9999 -9999 -9999 -9999 -9999 -9999 -9999 -9999 -9999 -9999 -9999 -9999 -9999 -9999 -9999 -9999 -9999 -9999 -9999 -9999 -9999
101 103 103 104 104 104 105 105 -9999 -9999 -9999 -9999 -9999 -9999 -9999 -9999 -9999 -9999 -9999 -9999 -9999 -9999 -9999 -9999 -9999 -9999 -9999 -9999 -9999 -9999 -9999 -9999 -9999 -9999 -9999 -9999 -9999 -9999 -9999 -9999 -9999 -9999 -9999 -9999 -9999 -9999 -9999 -9999 -9999 -9999 -9999 -9999 -9999 -9999 -9999 -9999 -9999 -9999 -9999 -9999 -9999 -9999 -9999 -9999 -9999 -9999 -9999 -9999 -9999 -9999 -9999 -9999 -9999 -9999 -9999 -9999 -9999 -9999 -9999 -9999 -9999 -9999 -9999 -9999 -9999 -9999 -9999 -9999 -9999 -9999
101 103 103 -9999 -9999 -9999 -9999 -9999 -9999 -9999 -9999 -9999 -9999 -9999 -9999 -9999 -9999 -9999 -9999 -9999 -9999 -9999 -9999 -9999 -9999 -9999 -9999 -9999 -9999 -9999 -9999 -9999 -9999 -9999 -9999 -9999 -9999 -9999 -9999 -9999 -9999 -9999 -9999 -9999 -9999 -9999 -9999 -9999 -9999 -9999 -9999 -9999 -9999 -9999 -9999 -9999 -9999 -9999 -9999 -9999 -9999 -9999 -9999 -9999 -9999 -9999 -9999 -9999 -9999 -9999 -9999 -9999 -9999 -9999 -9999 -9999 -9999 -9999 -9999 -9999 -9999 -9999 -9999 -9999 -9999 -9999 -9999 -9999 -9999 -9999
92 95 95 -9999 -9999 -9999 -9999 -9999 -9999 -9999 -9999 -9999 -9999 -9999 -9999 -9999 -9999 -9999 -9999 -9999 -9999 -9999 -9999 -9999 -9999 -9999 -9999 -9999 -9999 -9999 -9999 -9999 -9999 -9999 -9999 -9999 -9999 -9999 -9999 -9999 -9999 -9999 -9999 -9999 -9999 -9999 -9999 -9999 -9999 -9999 -9999 -9999 -9999 -9999 -9999 -9999 -9999 -9999 -9999 -9999 -9999 -9999 -9999 -9999 -9999 -9999 -9999 -9999 -9999 -9999 -9999 -9999 -9999 -9999 -9999 -9999 -9999 -9999 -9999 -9999 -9999 -9999 -9999 -9999 -9999 -9999 -9999 -9999 -9999 -9999
92 95 95 104 -9999 -9999 -9999 -9999 -9999 -9999 -9999 -9999 -9999 -9999 -9999 -9999 -9999 -9999 -9999 -9999 -9999 -9999 -9999 -9999 -9999 -9999 -9999 -9999 -9999 -9999 -9999 -9999 -9999 -9999 -9999 -9999 -9999 -9999 -9999 -9999 -9999 -9999 -9999 -9999 -9999 -9999 -9999 -9999 -9999 -9999 -9999 -9999 -9999 -9999 -9999 -9999 -9999 -9999 -9999 -9999 -9999 -9999 -9999 -9999 -9999 -9999 -9999 -9999 -9999 -9999 -9999 -9999 -9999 -9999 -9999 -9999 -9999 -9999 -9999 -9999 -9999 -9999 -9999 -9999 -9999 -9999 -9999 -9999 -9999 -9999
99 102 102 103 103 103 106 106 -9999 -9999 -9999 -9999 -9999 -9999 -9999 -9999 -9999 -9999 -9999 -9999 -9999 -9999 -9999 -9999 -9999 -9999 -9999 -9999 -9999 -9999 -9999 -9999 -9999 -9999 -9999 -9999 -9999 -9999 -9999 -9999 -9999 -9999 -9999 -9999 -9999 -9999 -9999 -9999 -9999 -9999 -9999 -9999 -9999 -9999 -9999 -9999 -9999 -9999 -9999 -9999 -9999 -9999 -9999 -9999 -9999 -9999 -9999 -9999 -9999 -9999 -9999 -9999 -9999 -9999 -9999 -9999 -9999 -9999 -9999 -9999 -9999 -9999 -9999 -9999 -9999 -9999 -9999 -9999 -9999 -9999
99 102 102 103 103 103 106 106 -9999 -9999 -9999 -9999 -9999 -9999 -9999 -9999 -9999 -9999 -9999 -9999 -9999 -9999 -9999 -9999 -9999 -9999 -9999 -9999 -9999 -9999 -9999 -9999 -9999 -9999 -9999 -9999 -9999 -9999 -9999 -9999 -9999 -9999 -9999 -9999 -9999 -9999 -9999 -9999 -9999 -9999 -9999 -9999 -9999 -9999 -9999 -9999 -9999 -9999 -9999 -9999 -9999 -9999 -9999 -9999 -9999 -9999 -9999 -9999 -9999 -9999 -9999 -9999 -9999 -9999 -9999 -9999 -9999 -9999 -9999 -9999 -9999 -9999 -9999 -9999 -9999 -9999 -9999 -9999 -9999 -9999
99 102 102 103 103 103 106 106 -9999 -9999 -9999 -9999 -9999 -9999 -9999 -9999 -9999 -9999 -9999 -9999 -9999 -9999 -9999 -9999 -9999 -9999 -9999 -9999 -9999 -9999 -9999 -9999 -9999 -9999 -9999 -9999 -9999 -9999 -9999 -9999 -9999 -9999 -9999 -9999 -9999 -9999 -9999 -9999 -9999 -9999 -9999 -9999 -9999 -9999 -9999 -9999 -9999 -9999 -9999 -9999 -9999 -9999 -9999 -9999 -9999 -9999 -9999 -9999 -9999 -9999 -9999 -9999 -9999 -9999 -9999 -9999 -9999 -9999 -9999 -9999 -9999 -9999 -9999 -9999 -9999 -9999 -9999 -9999 -9999 -9999
-9999 -9999 114 113 113 113 105 -9999 -9999 -9999 -9999 -9999 -9999 -9999 -9999 -9999 -9999 -9999 -9999 -9999 -9999 -9999 -9999 -9999 -9999 -9999 -9999 -9999 -9999 -9999 -9999 -9999 -9999 -9999 -9999 -9999 -9999 -9999 -9999 -9999 -9999 -9999 -9999 -9999 -9999 -9999 -9999 -9999 -9999 -9999 -9999 -9999 -9999 -9999 -9999 -9999 -9999 -9999 -9999 -9999 -9999 -9999 -9999 -9999 -9999 -9999 -9999 -9999 -9999 -9999 -9999 -9999 -9999 -9999 -9999 -9999 -9999 -9999 -9999 -9999 -9999 -9999 -9999 -9999 -9999 -9999 -9999 -9999 -9999 -9999
-9999 -9999 -9999 -9999 -9999 -9999 -9999 -9999 -9999 -9999 -9999 -9999 -9999 -9999 -9999 -9999 -9999 -9999 -9999 -9999 -9999 -9999 -9999 -9999 -9999 -9999 -9999 -9999 -9999 -9999 -9999 -9999 -9999 -9999 -9999 -9999 -9999 -9999 -9999 -9999 -9999 -9999 -9999 -9999 -9999 -9999 -9999 -9999 -9999 -9999 -9999 -9999 -9999 -9999 -9999 -9999 -9999 -9999 -9999 -9999 -9999 -9999 -9999 -9999 -9999 -9999 -9999 -9999 -9999 -9999 -9999 -9999 -9999 -9999 -9999 -9999 -9999 -9999 -9999 -9999 -9999 -9999 -9999 -9999 -9999 -9999 -9999 -9999 -9999 -9999
-9999 -9999 -9999 -9999 -9999 -9999 -9999 -9999 -9999 -9999 -9999 -9999 -9999 -9999 -9999 -9999 -9999 -9999 -9999 -9999 -9999 -9999 -9999 -9999 -9999 -9999 -9999 -9999 -9999 -9999 -9999 -9999 -9999 -9999 -9999 -9999 -9999 -9999 -9999 -9999 -9999 -9999 -9999 -9999 -9999 -9999 -9999 -9999 -9999 -9999 -9999 -9999 -9999 -9999 -9999 -9999 -9999 -9999 -9999 -9999 -9999 -9999 -9999 -9999 -9999 -9999 -9999 -9999 -9999 -9999 -9999 -9999 -9999 -9999 -9999 -9999 -9999 -9999 -9999 -9999 -9999 -9999 -9999 -9999 -9999 -9999 -9999 -9999 -9999 -9999
-9999 -9999 -9999 -9999 -9999 -9999 -9999 -9999 -9999 -9999 -9999 -9999 -9999 -9999 -9999 -9999 -9999 -9999 -9999 -9999 -9999 -9999 -9999 -9999 -9999 -9999 -9999 -9999 -9999 -9999 -9999 -9999 -9999 -9999 -9999 -9999 -9999 -9999 -9999 -9999 -9999 -9999 -9999 -9999 -9999 -9999 -9999 -9999 -9999 -9999 -9999 -9999 -9999 -9999 -9999 -9999 -9999 -9999 -9999 -9999 -9999 -9999 -9999 -9999 -9999 -9999 -9999 -9999 -9999 -9999 -9999 -9999 -9999 -9999 -9999 -9999 -9999 -9999 -9999 -9999 -9999 -9999 -9999 -9999 -9999 -9999 -9999 -9999 -9999 -9999
-9999 -9999 -9999 -9999 -9999 -9999 -9999 -9999 -9999 -9999 -9999 -9999 -9999 -9999 -9999 -9999 -9999 -9999 -9999 -9999 -9999 -9999 -9999 -9999 -9999 -9999 -9999 -9999 -9999 -9999 -9999 -9999 -9999 -9999 -9999 -9999 -9999 -9999 -9999 -9999 -9999 -9999 -9999 -9999 -9999 -9999 -9999 -9999 -9999 -9999 -9999 -9999 -9999 -9999 -9999 -9999 -9999 -9999 -9999 -9999 -9999 -9999 -9999 -9999 -9999 -9999 -9999 -9999 -9999 -9999 -9999 -9999 -9999 -9999 -9999 -9999 -9999 -9999 -9999 -9999 -9999 -9999 -9999 -9999 -9999 -9999 -9999 -9999 -9999 -9999
101 94 94 89 89 89 83 83 83 77 77 73 -9999 -9999 -9999 -9999 -9999 -9999 -9999 -9999 -9999 -9999 -9999 -9999 -9999 -9999 -9999 -9999 -9999 -9999 -9999 -9999 -9999 -9999 -9999 -9999 -9999 -9999 -9999 -9999 -9999 -9999 -9999 -9999 -9999 -9999 -9999 -9999 -9999 -9999 -9999 -9999 -9999 -9999 -9999 -9999 -9999 -9999 -9999 -9999 -9999 -9999 -9999 -9999 -9999 -9999 -9999 -9999 -9999 -9999 -9999 -9999 -9999 -9999 -9999 -9999 -9999 -9999 -9999 -9999 -9999 -9999 -9999 -9999 -9999 -9999 -9999 -9999 -9999 -9999
