SEB_model/sample_data_files/historical/hillshade/junenoon.txt
ncols         559
nrows         351
xllcorner     388608.08691406
yllcorner     7584381.3441773
cellsize      5
NODATA_value  -9999
[rows 120 to 159 of 351, columns 270 to 359 of 559]
162 162 159 159 151 151 151 152 152 152 162 162 174 174 174 179 179 179 171 171 165 165 165 162 162 158 158 158 157 157 157 158 158 168 168 168 183 183 192 192 192 207 207 207 207 207 191 191 191 171 171 171 167 167 180 180 180 176 176 174 174 174 178 178 178 181 181 179 179 179 171 171 155 155 155 125 125 125 103 103 110 110 110 143 143 143 171 171 180 180
155 155 142 142 140 140 140 154 154 154 170 170 183 183 183 184 184 184 172 172 162 162 162 158 158 160 160 160 170 170 170 176 176 184 184 184 193 193 193 193 193 205 205 205 206 206 193 193 193 172 172 172 165 165 180 180 180 176 176 164 164 164 154 154 154 150 150 147 147 147 137 137 118 118 118 102 102 102 109 109 138 138 138 167 167 167 177 177 177 177
155 155 142 142 140 140 140 154 154 154 170 170 183 183 183 184 184 184 172 172 162 162 162 158 158 160 160 160 170 170 170 176 176 184 184 184 193 193 193 193 193 205 205 205 206 206 193 193 193 172 172 172 165 165 180 180 180 176 176 164 164 164 154 154 154 150 150 147 147 147 137 137 118 118 118 102 102 102 109 109 138 138 138 167 167 167 177 177 177 177
148 148 142 142 149 149 149 162 162 162 171 171 179 179 179 172 172 172 159 159 151 151 151 154 154 166 166 166 181 181 181 184 184 184 184 184 188 188 184 184 184 190 190 190 189 189 176 176 176 159 159 159 154 154 173 173 173 174 174 160 160 160 145 145 145 137 137 132 132 132 119 119 106 106 106 109 109 109 131 131 157 157 157 169 169 169 168 168 165 165
148 148 142 142 149 149 149 162 162 162 171 171 179 179 179 172 172 172 159 159 151 151 151 154 154 166 166 166 181 181 181 184 184 184 184 184 188 188 184 184 184 190 190 190 189 189 176 176 176 159 159 159 154 154 173 173 173 174 174 160 160 160 145 145 145 137 137 132 132 132 119 119 106 106 106 109 109 109 131 131 157 157 157 169 169 169 168 168 165 165
148 148 142 142 149 149 149 162 162 162 171 171 179 179 179 172 172 172 159 159 151 151 151 154 154 166 166 166 181 181 181 184 184 184 184 184 188 188 184 184 184 190 190 190 189 189 176 176 176 159 159 159 154 154 173 173 173 174 174 160 160 160 145 145 145 137 137 132 132 132 119 119 106 106 106 109 109 109 131 131 157 157 157 169 169 169 168 168 165 165
149 149 160 160 168 168 168 167 167 167 166 166 165 165 165 154 154 154 147 147 147 147 147 159 159 177 177 177 187 187 187 185 185 181 181 181 181 181 178 178 178 181 181 181 182 182 174 174 174 158 158 158 146 146 153 153 153 156 156 150 150 150 143 143 143 137 137 131 131 131 123 123 122 122 122 135 135 135 152 152 161 161 161 163 163 163 163 163 164 164
149 149 160 160 168 168 168 167 167 167 166 166 165 165 165 154 154 154 147 147 147 147 147 159 159 177 177 177 187 187 187 185 185 181 181 181 181 181 178 178 178 181 181 181 182 182 174 174 174 158 158 158 146 146 153 153 153 156 156 150 150 150 143 143 143 137 137 131 131 131 123 123 122 122 122 135 135 135 152 152 161 161 161 163 163 163 163 163 164 164
149 149 160 160 168 168 168 167 167 167 166 166 165 165 165 154 154 154 147 147 147 147 147 159 159 177 177 177 187 187 187 185 185 181 181 181 181 181 178 178 178 181 181 181 182 182 174 174 174 158 158 158 146 146 153 153 153 156 156 150 150 150 143 143 143 137 137 131 131 131 123 123 122 122 122 135 135 135 152 152 161 161 161 163 163 163 163 163 164 164
159 159 176 176 175 175 175 165 165 165 156 156 149 149 149 145 145 145 150 150 160 160 160 174 174 185 185 185 187 187 187 180 180 173 173 173 172 172 169 169 169 170 170 170 170 170 163 163 163 145 145 145 126 126 121 121 121 122 122 124 124 124 124 124 124 123 123 122 122 122 123 123 134 134 134 148 148 148 157 157 160 160 160 165 165 165 171 171 176 176
159 159 176 176 175 175 175 165 165 165 156 156 149 149 149 145 145 145 150 150 160 160 160 174 174 185 185 185 187 187 187 180 180 173 173 173 172 172 169 169 169 170 170 170 170 170 163 163 163 145 145 145 126 126 121 121 121 122 122 124 124 124 124 124 124 123 123 122 122 122 123 123 134 134 134 148 148 148 157 157 160 160 160 165 165 165 171 171 176 176
164 164 172 172 165 165 165 153 153 153 144 144 143 143 143 153 153 153 166 166 174 174 174 178 178 179 179 179 177 177 177 168 168 162 162 162 159 159 154 154 154 151 151 151 148 148 140 140 140 126 126 126 111 111 108 108 108 113 113 119 119 119 125 125 125 129 129 136 136 136 147 147 159 159 159 167 167 167 169 169 172 172 172 178 178 178 184 184 188 188
164 164 172 172 165 165 165 153 153 153 144 144 143 143 143 153 153 153 166 166 174 174 174 178 178 179 179 179 177 177 177 168 168 162 162 162 159 159 154 154 154 151 151 151 148 148 140 140 140 126 126 126 111 111 108 108 108 113 113 119 119 119 125 125 125 129 129 136 136 136 147 147 159 159 159 167 167 167 169 169 172 172 172 178 178 178 184 184 188 188
164 164 172 172 165 165 165 153 153 153 144 144 143 143 143 153 153 153 166 166 174 174 174 178 178 179 179 179 177 177 177 168 168 162 162 162 159 159 154 154 154 151 151 151 148 148 140 140 140 126 126 126 111 111 108 108 108 113 113 119 119 119 125 125 125 129 129 136 136 136 147 147 159 159 159 167 167 167 169 169 172 172 172 178 178 178 184 184 188 188
172 172 173 173 165 165 165 153 153 153 144 144 150 150 150 166 166 166 178 178 181 181 181 180 180 180 180 180 176 176 176 167 167 159 159 159 152 152 147 147 147 145 145 145 142 142 137 137 137 130 130 130 123 123 125 125 125 134 134 141 141 141 147 147 147 154 154 163 163 163 172 172 177 177 177 179 179 179 180 180 186 186 186 191 191 191 193 193 195 195
172 172 173 173 165 165 165 153 153 153 144 144 150 150 150 166 166 166 178 178 181 181 181 180 180 180 180 180 176 176 176 167 167 159 159 159 152 152 147 147 147 145 145 145 142 142 137 137 137 130 130 130 123 123 125 125 125 134 134 141 141 141 147 147 147 154 154 163 163 163 172 172 177 177 177 179 179 179 180 180 186 186 186 191 191 191 193 193 195 195
174 174 175 175 165 165 165 152 152 152 148 148 160 160 160 176 176 176 181 181 180 180 180 177 177 175 175 175 171 171 171 164 164 158 158 158 153 153 150 150 150 151 151 151 152 152 153 153 153 153 153 153 152 152 159 159 159 167 167 172 172 172 174 174 174 176 176 181 181 181 184 184 182 182 182 181 181 181 182 182 185 185 185 187 187 187 187 187 188 188
174 174 175 175 165 165 165 152 152 152 148 148 160 160 160 176 176 176 181 181 180 180 180 177 177 175 175 175 171 171 171 164 164 158 158 158 153 153 150 150 150 151 151 151 152 152 153 153 153 153 153 153 152 152 159 159 159 167 167 172 172 172 174 174 174 176 176 181 181 181 184 184 182 182 182 181 181 181 182 182 185 185 185 187 187 187 187 187 188 188
174 174 175 175 165 165 165 152 152 152 148 148 160 160 160 176 176 176 181 181 180 180 180 177 177 175 175 175 171 171 171 164 164 158 158 158 153 153 150 150 150 151 151 151 152 152 153 153 153 153 153 153 152 152 159 159 159 167 167 172 172 172 174 174 174 176 176 181 181 181 184 184 182 182 182 181 181 181 182 182 185 185 185 187 187 187 187 187 188 188
166 166 161 161 150 150 150 142 142 142 146 146 160 160 160 172 172 172 172 172 169 169 169 165 165 161 161 161 157 157 157 155 155 155 155 155 156 156 157 157 157 162 162 162 168 168 172 172 172 175 175 175 176 176 181 181 181 187 187 189 189 189 189 189 189 187 187 188 188 188 186 186 181 181 181 177 177 177 173 173 171 171 171 170 170 170 171 171 176 176
166 166 161 161 150 150 150 142 142 142 146 146 160 160 160 172 172 172 172 172 169 169 169 165 165 161 161 161 157 157 157 155 155 155 155 155 156 156 157 157 157 162 162 162 168 168 172 172 172 175 175 175 176 176 181 181 181 187 187 189 189 189 189 189 189 187 187 188 188 188 186 186 181 181 181 177 177 177 173 173 171 171 171 170 170 170 171 171 176 176
166 166 161 161 150 150 150 142 142 142 146 146 160 160 160 172 172 172 172 172 169 169 169 165 165 161 161 161 157 157 157 155 155 155 155 155 156 156 157 157 157 162 162 162 168 168 172 172 172 175 175 175 176 176 181 181 181 187 187 189 189 189 189 189 189 187 187 188 188 188 186 186 181 181 181 177 177 177 173 173 171 171 171 170 170 170 171 171 176 176
157 157 150 150 143 143 143 143 143 143 147 147 154 154 154 158 158 158 155 155 151 151 151 146 146 141 141 141 142 142 142 147 147 153 153 153 156 156 159 159 159 165 165 165 171 171 176 176 176 179 179 179 179 179 182 182 182 187 187 190 190 190 193 193 193 192 192 189 189 189 183 183 174 174 174 165 165 165 157 157 150 150 150 148 148 148 153 153 163 163
157 157 150 150 143 143 143 143 143 143 147 147 154 154 154 158 158 158 155 155 151 151 151 146 146 141 141 141 142 142 142 147 147 153 153 153 156 156 159 159 159 165 165 165 171 171 176 176 176 179 179 179 179 179 182 182 182 187 187 190 190 190 193 193 193 192 192 189 189 189 183 183 174 174 174 165 165 165 157 157 150 150 150 148 148 148 153 153 163 163
149 149 144 144 144 144 144 146 146 146 142 142 140 140 140 139 139 139 135 135 128 128 128 123 123 127 127 127 137 137 137 145 145 152 152 152 155 155 157 157 157 163 163 163 169 169 175 175 175 177 177 177 175 175 177 177 177 180 180 184 184 184 187 187 187 186 186 181 181 181 170 170 158 158 158 149 149 149 141 141 138 138 138 138 138 138 142 142 152 152
149 149 144 144 144 144 144 146 146 146 142 142 140 140 140 139 139 139 135 135 128 128 128 123 123 127 127 127 137 137 137 145 145 152 152 152 155 155 157 157 157 163 163 163 169 169 175 175 175 177 177 177 175 175 177 177 177 180 180 184 184 184 187 187 187 186 186 181 181 181 170 170 158 158 158 149 149 149 141 141 138 138 138 138 138 138 142 142 152 152
149 149 144 144 144 144 144 146 146 146 142 142 140 140 140 139 139 139 135 135 128 128 128 123 123 127 127 127 137 137 137 145 145 152 152 152 155 155 157 157 157 163 163 163 169 169 175 175 175 177 177 177 175 175 177 177 177 180 180 184 184 184 187 187 187 186 186 181 181 181 170 170 158 158 158 149 149 149 141 141 138 138 138 138 138 138 142 142 152 152
148 148 150 150 155 155 155 155 155 155 143 143 134 134 134 128 128 128 120 120 116 116 116 119 119 133 133 133 146 146 146 152 152 156 156 156 156 156 154 154 154 157 157 157 162 162 167 167 167 168 168 168 165 165 165 165 165 166 166 167 167 167 170 170 170 169 169 162 162 162 149 149 138 138 138 132 132 132 133 133 139 139 139 146 146 146 151 151 160 160
148 148 150 150 155 155 155 155 155 155 143 143 134 134 134 128 128 128 120 120 116 116 116 119 119 133 133 133 146 146 146 152 152 156 156 156 156 156 154 154 154 157 157 157 162 162 167 167 167 168 168 168 165 165 165 165 165 166 166 167 167 167 170 170 170 169 169 162 162 162 149 149 138 138 138 132 132 132 133 133 139 139 139 146 146 146 151 151 160 160
154 154 157 157 160 160 160 156 156 156 143 143 130 130 130 123 123 123 121 121 127 127 127 139 139 152 152 152 159 159 159 159 159 158 158 158 157 157 154 154 154 156 156 156 159 159 162 162 162 162 162 162 157 157 155 155 155 155 155 156 156 156 159 159 159 162 162 155 155 155 139 139 128 128 128 127 127 127 134 134 142 142 142 148 148 148 150 150 157 157
154 154 157 157 160 160 160 156 156 156 143 143 130 130 130 123 123 123 121 121 127 127 127 139 139 152 152 152 159 159 159 159 159 158 158 158 157 157 154 154 154 156 156 156 159 159 162 162 162 162 162 162 157 157 155 155 155 155 155 156 156 156 159 159 159 162 162 155 155 155 139 139 128 128 128 127 127 127 134 134 142 142 142 148 148 148 150 150 157 157
154 154 157 157 160 160 160 156 156 156 143 143 130 130 130 123 123 123 121 121 127 127 127 139 139 152 152 152 159 159 159 159 159 158 158 158 157 157 154 154 154 156 156 156 159 159 162 162 162 162 162 162 157 157 155 155 155 155 155 156 156 156 159 159 159 162 162 155 155 155 139 139 128 128 128 127 127 127 134 134 142 142 142 148 148 148 150 150 157 157
150 150 154 154 157 157 157 155 155 155 142 142 128 128 128 123 123 123 129 129 143 143 143 153 153 158 158 158 159 159 159 155 155 153 153 153 153 153 150 150 150 151 151 151 153 153 155 155 155 157 157 157 155 155 155 155 155 155 155 157 157 157 164 164 164 170 170 159 159 159 135 135 123 123 123 126 126 126 135 135 140 140 140 143 143 143 142 142 146 146
150 150 154 154 157 157 157 155 155 155 142 142 128 128 128 123 123 123 129 129 143 143 143 153 153 158 158 158 159 159 159 155 155 153 153 153 153 153 150 150 150 151 151 151 153 153 155 155 155 157 157 157 155 155 155 155 155 155 155 157 157 157 164 164 164 170 170 159 159 159 135 135 123 123 123 126 126 126 135 135 140 140 140 143 143 143 142 142 146 146
150 150 154 154 157 157 157 155 155 155 142 142 128 128 128 123 123 123 129 129 143 143 143 153 153 158 158 158 159 159 159 155 155 153 153 153 153 153 150 150 150 151 151 151 153 153 155 155 155 157 157 157 155 155 155 155 155 155 155 157 157 157 164 164 164 170 170 159 159 159 135 135 123 123 123 126 126 126 135 135 140 140 140 143 143 143 142 142 146 146
138 138 143 143 146 146 146 146 146 146 137 137 127 127 127 127 127 127 133 133 140 140 140 141 141 142 142 142 144 144 144 144 144 145 145 145 145 145 142 142 142 142 142 142 139 139 139 139 139 143 143 143 146 146 147 147 147 146 146 148 148 148 158 158 158 168 168 151 151 151 124 124 116 116 116 122 122 122 131 131 136 136 136 141 141 141 140 140 138 138
138 138 143 143 146 146 146 146 146 146 137 137 127 127 127 127 127 127 133 133 140 140 140 141 141 142 142 142 144 144 144 144 144 145 145 145 145 145 142 142 142 142 142 142 139 139 139 139 139 143 143 143 146 146 147 147 147 146 146 148 148 148 158 158 158 168 168 151 151 151 124 124 116 116 116 122 122 122 131 131 136 136 136 141 141 141 140 140 138 138
136 136 138 138 139 139 139 139 139 139 134 134 132 132 132 136 136 136 134 134 131 131 131 125 125 126 126 126 133 133 133 139 139 144 144 144 146 146 143 143 143 140 140 140 136 136 133 133 133 132 132 132 131 131 134 134 134 136 136 138 138 138 141 141 141 139 139 112 112 112 91 91 95 95 95 112 112 112 130 130 147 147 147 155 155 155 150 150 144 144
136 136 138 138 139 139 139 139 139 139 134 134 132 132 132 136 136 136 134 134 131 131 131 125 125 126 126 126 133 133 133 139 139 144 144 144 146 146 143 143 143 140 140 140 136 136 133 133 133 132 132 132 131 131 134 134 134 136 136 138 138 138 141 141 141 139 139 112 112 112 91 91 95 95 95 112 112 112 130 130 147 147 147 155 155 155 150 150 144 144
136 136 138 138 139 139 139 139 139 139 134 134 132 132 132 136 136 136 134 134 131 131 131 125 125 126 126 126 133 133 133 139 139 144 144 144 146 146 143 143 143 140 140 140 136 136 133 133 133 132 132 132 131 131 134 134 134 136 136 138 138 138 141 141 141 139 139 112 112 112 91 91 95 95 95 112 112 112 130 130 147 147 147 155 155 155 150 150 144 144
