SEB_model/sample_data_files/historical/hillshade/june6pm.txt
ncols         559
nrows         351
xllcorner     388608.08691406
yllcorner     7584381.3441773
cellsize      5
NODATA_value  -9999
[rows 258 to 300 of 351, columns 96 to 191 of 559]
46 64 64 76 76 76 64 64 35 35 35 21 21 21 11 11 3 3 3 0 0 0 0 0 0 0 0 0 0 0 0 0 28 28 28 34 34 42 42 42 44 44 49 49 49 49 49 49 42 42 40 40 40 36 36 23 23 23 22 22 22 12 12 0 0 0 17 17 17 7 7 26 26 26 28 28 28 28 28 46 46 46 42 42 40 40 40 44 44 52 52 52 82 82 82 88
44 74 74 86 86 86 64 64 25 25 25 15 15 15 9 9 7 7 7 5 5 4 4 4 8 8 8 13 13 21 21 21 31 31 31 37 37 43 43 43 44 44 48 48 48 44 44 44 34 34 31 31 31 25 25 26 26 26 40 40 40 28 28 21 21 21 20 20 20 6 6 26 26 26 36 36 35 35 35 48 48 48 40 40 37 37 37 41 41 53 53 53 89 89 89 95
44 74 74 86 86 86 64 64 25 25 25 15 15 15 9 9 7 7 7 5 5 4 4 4 8 8 8 13 13 21 21 21 31 31 31 37 37 43 43 43 44 44 48 48 48 44 44 44 34 34 31 31 31 25 25 26 26 26 40 40 40 28 28 21 21 21 20 20 20 6 6 26 26 26 36 36 35 35 35 48 48 48 40 40 37 37 37 41 41 53 53 53 89 89 89 95
44 74 74 86 86 86 64 64 25 25 25 15 15 15 9 9 7 7 7 5 5 4 4 4 8 8 8 13 13 21 21 21 31 31 31 37 37 43 43 43 44 44 48 48 48 44 44 44 34 34 31 31 31 25 25 26 26 26 40 40 40 28 28 21 21 21 20 20 20 6 6 26 26 26 36 36 35 35 35 48 48 48 40 40 37 37 37 41 41 53 53 53 89 89 89 95
54 81 81 82 82 82 56 56 18 18 18 14 14 14 13 13 15 15 15 16 16 13 13 13 17 17 17 20 20 25 25 25 33 33 33 38 38 44 44 44 43 43 45 45 45 38 38 38 29 29 25 25 25 18 18 26 26 26 55 55 55 50 50 37 37 37 28 28 28 12 12 32 32 32 42 42 39 39 39 50 50 50 40 40 38 38 38 46 46 63 63 63 99 99 99 97
54 81 81 82 82 82 56 56 18 18 18 14 14 14 13 13 15 15 15 16 16 13 13 13 17 17 17 20 20 25 25 25 33 33 33 38 38 44 44 44 43 43 45 45 45 38 38 38 29 29 25 25 25 18 18 26 26 26 55 55 55 50 50 37 37 37 28 28 28 12 12 32 32 32 42 42 39 39 39 50 50 50 40 40 38 38 38 46 46 63 63 63 99 99 99 97
54 81 81 82 82 82 56 56 18 18 18 14 14 14 13 13 15 15 15 16 16 13 13 13 17 17 17 20 20 25 25 25 33 33 33 38 38 44 44 44 43 43 45 45 45 38 38 38 29 29 25 25 25 18 18 26 26 26 55 55 55 50 50 37 37 37 28 28 28 12 12 32 32 32 42 42 39 39 39 50 50 50 40 40 38 38 38 46 46 63 63 63 99 99 99 97
63 77 77 66 66 66 45 45 18 18 18 19 19 19 23 23 27 27 27 26 26 19 19 19 22 22 22 24 24 27 27 27 34 34 34 38 38 44 44 44 42 42 40 40 40 33 33 33 23 23 18 18 18 15 15 35 35 35 76 76 76 73 73 52 52 52 36 36 36 20 20 37 37 37 45 45 39 39 39 51 51 51 43 43 42 42 42 56 56 73 73 73 102 102 102 98
63 77 77 66 66 66 45 45 18 18 18 19 19 19 23 23 27 27 27 26 26 19 19 19 22 22 22 24 24 27 27 27 34 34 34 38 38 44 44 44 42 42 40 40 40 33 33 33 23 23 18 18 18 15 15 35 35 35 76 76 76 73 73 52 52 52 36 36 36 20 20 37 37 37 45 45 39 39 39 51 51 51 43 43 42 42 42 56 56 73 73 73 102 102 102 98
59 63 63 52 52 52 41 41 25 25 25 29 29 29 33 33 34 34 34 31 31 23 23 23 26 26 26 28 28 30 30 30 34 34 34 37 37 42 42 42 39 39 36 36 36 30 30 30 21 21 18 18 18 24 24 56 56 56 96 96 96 89 89 65 65 65 43 43 43 25 25 39 39 39 45 45 40 40 40 53 53 53 49 49 50 50 50 66 66 77 77 77 98 98 98 101
59 63 63 52 52 52 41 41 25 25 25 29 29 29 33 33 34 34 34 31 31 23 23 23 26 26 26 28 28 30 30 30 34 34 34 37 37 42 42 42 39 39 36 36 36 30 30 30 21 21 18 18 18 24 24 56 56 56 96 96 96 89 89 65 65 65 43 43 43 25 25 39 39 39 45 45 40 40 40 53 53 53 49 49 50 50 50 66 66 77 77 77 98 98 98 101
59 63 63 52 52 52 41 41 25 25 25 29 29 29 33 33 34 34 34 31 31 23 23 23 26 26 26 28 28 30 30 30 34 34 34 37 37 42 42 42 39 39 36 36 36 30 30 30 21 21 18 18 18 24 24 56 56 56 96 96 96 89 89 65 65 65 43 43 43 25 25 39 39 39 45 45 40 40 40 53 53 53 49 49 50 50 50 66 66 77 77 77 98 98 98 101
45 48 48 49 49 49 43 43 32 32 32 36 36 36 37 37 37 37 37 34 34 28 28 28 32 32 32 34 34 35 35 35 36 36 36 35 35 38 38 38 35 35 31 31 31 30 30 30 25 25 27 27 27 45 45 78 78 78 105 105 105 98 98 73 73 73 47 47 47 28 28 40 40 40 46 46 43 43 43 58 58 58 56 56 59 59 59 73 73 80 80 80 98 98 98 104
45 48 48 49 49 49 43 43 32 32 32 36 36 36 37 37 37 37 37 34 34 28 28 28 32 32 32 34 34 35 35 35 36 36 36 35 35 38 38 38 35 35 31 31 31 30 30 30 25 25 27 27 27 45 45 78 78 78 105 105 105 98 98 73 73 73 47 47 47 28 28 40 40 40 46 46 43 43 43 58 58 58 56 56 59 59 59 73 73 80 80 80 98 98 98 104
29 40 40 52 52 52 47 47 37 37 37 36 36 36 38 38 40 40 40 39 39 34 34 34 38 38 38 38 38 38 38 38 38 38 38 32 32 29 29 29 26 26 29 29 29 35 35 35 35 35 44 44 44 67 67 91 91 91 105 105 105 95 95 72 72 72 48 48 48 28 28 38 38 38 44 44 42 42 42 60 60 60 63 63 66 66 66 80 80 86 86 86 99 99 99 103
29 40 40 52 52 52 47 47 37 37 37 36 36 36 38 38 40 40 40 39 39 34 34 34 38 38 38 38 38 38 38 38 38 38 38 32 32 29 29 29 26 26 29 29 29 35 35 35 35 35 44 44 44 67 67 91 91 91 105 105 105 95 95 72 72 72 48 48 48 28 28 38 38 38 44 44 42 42 42 60 60 60 63 63 66 66 66 80 80 86 86 86 99 99 99 103
29 40 40 52 52 52 47 47 37 37 37 36 36 36 38 38 40 40 40 39 39 34 34 34 38 38 38 38 38 38 38 38 38 38 38 32 32 29 29 29 26 26 29 29 29 35 35 35 35 35 44 44 44 67 67 91 91 91 105 105 105 95 95 72 72 72 48 48 48 28 28 38 38 38 44 44 42 42 42 60 60 60 63 63 66 66 66 80 80 86 86 86 99 99 99 103
19 36 36 53 53 53 47 47 36 36 36 34 34 34 40 40 46 46 46 45 45 40 40 40 43 43 43 42 42 42 42 42 39 39 39 27 27 21 21 21 22 22 35 35 35 47 47 47 47 47 60 60 60 81 81 94 94 94 100 100 100 85 85 65 65 65 48 48 48 32 32 39 39 39 45 45 43 43 43 64 64 64 74 74 79 79 79 87 87 90 90 90 100 100 100 103
19 36 36 53 53 53 47 47 36 36 36 34 34 34 40 40 46 46 46 45 45 40 40 40 43 43 43 42 42 42 42 42 39 39 39 27 27 21 21 21 22 22 35 35 35 47 47 47 47 47 60 60 60 81 81 94 94 94 100 100 100 85 85 65 65 65 48 48 48 32 32 39 39 39 45 45 43 43 43 64 64 64 74 74 79 79 79 87 87 90 90 90 100 100 100 103
19 36 36 53 53 53 47 47 36 36 36 34 34 34 40 40 46 46 46 45 45 40 40 40 43 43 43 42 42 42 42 42 39 39 39 27 27 21 21 21 22 22 35 35 35 47 47 47 47 47 60 60 60 81 81 94 94 94 100 100 100 85 85 65 65 65 48 48 48 32 32 39 39 39 45 45 43 43 43 64 64 64 74 74 79 79 79 87 87 90 90 90 100 100 100 103
18 33 33 49 49 49 44 44 35 35 35 34 34 34 44 44 53 53 53 51 51 46 46 46 47 47 47 47 47 47 47 47 37 37 37 19 19 18 18 18 31 31 49 49 49 57 57 57 56 56 70 70 70 85 85 89 89 89 90 90 90 73 73 58 58 58 53 53 53 44 44 49 49 49 50 50 48 48 48 70 70 70 84 84 89 89 89 95 95 94 94 94 102 102 102 104
18 33 33 49 49 49 44 44 35 35 35 34 34 34 44 44 53 53 53 51 51 46 46 46 47 47 47 47 47 47 47 47 37 37 37 19 19 18 18 18 31 31 49 49 49 57 57 57 56 56 70 70 70 85 85 89 89 89 90 90 90 73 73 58 58 58 53 53 53 44 44 49 49 49 50 50 48 48 48 70 70 70 84 84 89 89 89 95 95 94 94 94 102 102 102 104
22 29 29 43 43 43 41 41 37 37 37 39 39 39 49 49 60 60 60 55 55 49 49 49 51 51 51 51 51 49 49 49 30 30 30 13 13 24 24 24 47 47 63 63 63 61 61 61 58 58 70 70 70 79 79 76 76 76 75 75 75 62 62 56 56 56 59 59 59 57 57 61 61 61 56 56 53 53 53 74 74 74 87 87 94 94 94 101 101 100 100 100 105 105 105 106
22 29 29 43 43 43 41 41 37 37 37 39 39 39 49 49 60 60 60 55 55 49 49 49 51 51 51 51 51 49 49 49 30 30 30 13 13 24 24 24 47 47 63 63 63 61 61 61 58 58 70 70 70 79 79 76 76 76 75 75 75 62 62 56 56 56 59 59 59 57 57 61 61 61 56 56 53 53 53 74 74 74 87 87 94 94 94 101 101 100 100 100 105 105 105 106
22 29 29 43 43 43 41 41 37 37 37 39 39 39 49 49 60 60 60 55 55 49 49 49 51 51 51 51 51 49 49 49 30 30 30 13 13 24 24 24 47 47 63 63 63 61 61 61 58 58 70 70 70 79 79 76 76 76 75 75 75 62 62 56 56 56 59 59 59 57 57 61 61 61 56 56 53 53 53 74 74 74 87 87 94 94 94 101 101 100 100 100 105 105 105 106
27 26 26 39 39 39 42 42 40 40 40 43 43 43 53 53 64 64 64 57 57 53 53 53 56 56 56 52 52 44 44 44 24 24 24 16 16 36 36 36 61 61 70 70 70 61 61 61 57 57 65 65 65 69 69 66 66 66 66 66 66 60 60 60 60 60 67 67 67 67 67 72 72 72 67 67 63 63 63 79 79 79 88 88 97 97 97 105 105 106 106 106 110 110 110 111
27 26 26 39 39 39 42 42 40 40 40 43 43 43 53 53 64 64 64 57 57 53 53 53 56 56 56 52 52 44 44 44 24 24 24 16 16 36 36 36 61 61 70 70 70 61 61 61 57 57 65 65 65 69 69 66 66 66 66 66 66 60 60 60 60 60 67 67 67 67 67 72 72 72 67 67 63 63 63 79 79 79 88 88 97 97 97 105 105 106 106 106 110 110 110 111
27 26 26 39 39 39 42 42 40 40 40 43 43 43 53 53 64 64 64 57 57 53 53 53 56 56 56 52 52 44 44 44 24 24 24 16 16 36 36 36 61 61 70 70 70 61 61 61 57 57 65 65 65 69 69 66 66 66 66 66 66 60 60 60 60 60 67 67 67 67 67 72 72 72 67 67 63 63 63 79 79 79 88 88 97 97 97 105 105 106 106 106 110 110 110 111
30 25 25 39 39 39 42 42 42 42 42 47 47 47 57 57 69 69 69 61 61 56 56 56 56 56 56 46 46 35 35 35 23 23 23 26 26 51 51 51 69 69 71 71 71 61 61 61 56 56 60 60 60 64 64 62 62 62 65 65 65 63 63 66 66 66 73 73 73 75 75 81 81 81 80 80 75 75 75 82 82 82 87 87 98 98 98 109 109 112 112 112 118 118 118 122
30 25 25 39 39 39 42 42 42 42 42 47 47 47 57 57 69 69 69 61 61 56 56 56 56 56 56 46 46 35 35 35 23 23 23 26 26 51 51 51 69 69 71 71 71 61 61 61 56 56 60 60 60 64 64 62 62 62 65 65 65 63 63 66 66 66 73 73 73 75 75 81 81 81 80 80 75 75 75 82 82 82 87 87 98 98 98 109 109 112 112 112 118 118 118 122
32 26 26 38 38 38 41 41 43 43 43 51 51 51 63 63 72 72 72 63 63 55 55 55 49 49 49 37 37 29 29 29 29 29 29 42 42 64 64 64 74 74 70 70 70 62 62 62 56 56 60 60 60 62 62 61 61 61 65 65 65 66 66 70 70 70 78 78 78 81 81 87 87 87 88 88 85 85 85 88 88 88 90 90 101 101 101 112 112 116 116 116 124 124 124 135
32 26 26 38 38 38 41 41 43 43 43 51 51 51 63 63 72 72 72 63 63 55 55 55 49 49 49 37 37 29 29 29 29 29 29 42 42 64 64 64 74 74 70 70 70 62 62 62 56 56 60 60 60 62 62 61 61 61 65 65 65 66 66 70 70 70 78 78 78 81 81 87 87 87 88 88 85 85 85 88 88 88 90 90 101 101 101 112 112 116 116 116 124 124 124 135
32 26 26 38 38 38 41 41 43 43 43 51 51 51 63 63 72 72 72 63 63 55 55 55 49 49 49 37 37 29 29 29 29 29 29 42 42 64 64 64 74 74 70 70 70 62 62 62 56 56 60 60 60 62 62 61 61 61 65 65 65 66 66 70 70 70 78 78 78 81 81 87 87 87 88 88 85 85 85 88 88 88 90 90 101 101 101 112 112 116 116 116 124 124 124 135
35 29 29 38 38 38 42 42 46 46 46 56 56 56 68 68 73 73 73 60 60 49 49 49 41 41 41 31 31 30 30 30 43 43 43 58 58 73 73 73 74 74 67 67 67 61 61 61 59 59 63 63 63 63 63 61 61 61 66 66 66 70 70 75 75 75 83 83 83 86 86 93 93 93 95 95 94 94 94 96 96 96 97 97 104 104 104 114 114 118 118 118 126 126 126 145
35 29 29 38 38 38 42 42 46 46 46 56 56 56 68 68 73 73 73 60 60 49 49 49 41 41 41 31 31 30 30 30 43 43 43 58 58 73 73 73 74 74 67 67 67 61 61 61 59 59 63 63 63 63 63 61 61 61 66 66 66 70 70 75 75 75 83 83 83 86 86 93 93 93 95 95 94 94 94 96 96 96 97 97 104 104 104 114 114 118 118 118 126 126 126 145
41 34 34 42 42 42 45 45 48 48 48 58 58 58 68 68 69 69 69 55 55 42 42 42 37 37 37 32 32 40 40 40 58 58 58 69 69 75 75 75 70 70 62 62 62 61 61 61 63 63 67 67 67 65 65 62 62 62 68 68 68 72 72 79 79 79 87 87 87 90 90 96 96 96 99 99 99 99 99 101 101 101 102 102 106 106 106 115 115 119 119 119 130 130 130 150
41 34 34 42 42 42 45 45 48 48 48 58 58 58 68 68 69 69 69 55 55 42 42 42 37 37 37 32 32 40 40 40 58 58 58 69 69 75 75 75 70 70 62 62 62 61 61 61 63 63 67 67 67 65 65 62 62 62 68 68 68 72 72 79 79 79 87 87 87 90 90 96 96 96 99 99 99 99 99 101 101 101 102 102 106 106 106 115 115 119 119 119 130 130 130 150
41 34 34 42 42 42 45 45 48 48 48 58 58 58 68 68 69 69 69 55 55 42 42 42 37 37 37 32 32 40 40 40 58 58 58 69 69 75 75 75 70 70 62 62 62 61 61 61 63 63 67 67 67 65 65 62 62 62 68 68 68 72 72 79 79 79 87 87 87 90 90 96 96 96 99 99 99 99 99 101 101 101 102 102 106 106 106 115 115 119 119 119 130 130 130 150
50 42 42 47 47 47 49 49 51 51 51 59 59 59 64 64 63 63 63 51 51 41 41 41 40 40 40 40 40 51 51 51 70 70 70 74 74 73 73 73 65 65 59 59 59 63 63 63 68 68 72 72 72 70 70 67 67 67 71 71 71 75 75 83 83 83 91 91 91 94 94 99 99 99 101 101 100 100 100 103 103 103 104 104 108 108 108 115 115 122 122 122 138 138 138 155
50 42 42 47 47 47 49 49 51 51 51 59 59 59 64 64 63 63 63 51 51 41 41 41 40 40 40 40 40 51 51 51 70 70 70 74 74 73 73 73 65 65 59 59 59 63 63 63 68 68 72 72 72 70 70 67 67 67 71 71 71 75 75 83 83 83 91 91 91 94 94 99 99 99 101 101 100 100 100 103 103 103 104 104 108 108 108 115 115 122 122 122 138 138 138 155
50 42 42 47 47 47 49 49 51 51 51 59 59 59 64 64 63 63 63 51 51 41 41 41 40 40 40 40 40 51 51 51 70 70 70 74 74 73 73 73 65 65 59 59 59 63 63 63 68 68 72 72 72 70 70 67 67 67 71 71 71 75 75 83 83 83 91 91 91 94 94 99 99 99 101 101 100 100 100 103 103 103 104 104 108 108 108 115 115 122 122 122 138 138 138 155
57 47 47 51 51 51 54 54 57 57 57 62 62 62 59 59 57 57 57 49 49 44 44 44 49 49 49 52 52 60 60 60 74 74 74 75 75 70 70 70 59 59 58 58 58 66 66 66 72 72 78 78 78 77 77 72 72 72 73 73 73 78 78 87 87 87 94 94 94 94 94 99 99 99 101 101 99 99 99 103 103 103 106 106 111 111 111 120 120 131 131 131 147 147 147 156
57 47 47 51 51 51 54 54 57 57 57 62 62 62 59 59 57 57 57 49 49 44 44 44 49 49 49 52 52 60 60 60 74 74 74 75 75 70 70 70 59 59 58 58 58 66 66 66 72 72 78 78 78 77 77 72 72 72 73 73 73 78 78 87 87 87 94 94 94 94 94 99 99 99 101 101 99 99 99 103 103 103 106 106 111 111 111 120 120 131 131 131 147 147 147 156
