SEB_model/sample_data_files/historical/hillshade/june6pm.txt
ncols         559
nrows         351
xllcorner     388608.08691406
yllcorner     7584381.3441773
cellsize      5
NODATA_value  -9999
[rows 129 to 171 of 351, columns 0 to 95 of 559]
-9999 -9999 -9999 -9999 -9999 -9999 -9999 -9999 -9999 -9999 -9999 -9999 -9999 -9999 -9999 -9999 -9999 -9999 88 88 88 85 85 85 85 85 87 87 89 89 89 88 88 88 86 86 84 -9999 -9999 -9999 -9999 -9999 -9999 -9999 -9999 -9999 -9999 -9999 -9999 -9999 -9999 -9999 -9999 -9999 -9999 -9999 -9999 55 55 55 53 53 53 54 54 56 56 56 59 59 63 63 63 67 67 67 69 69 69 69 69 67 67 63 63 63 58 58 58 52 52 47 47 47 44 44
-9999 -9999 -9999 -9999 -9999 -9999 -9999 -9999 -9999 -9999 -9999 -9999 -9999 -9999 -9999 -9999 -9999 90 88 88 88 85 85 85 85 85 87 87 89 89 89 88 88 88 86 86 84 -9999 -9999 -9999 -9999 -9999 -9999 -9999 -9999 -9999 -9999 -9999 -9999 -9999 -9999 -9999 -9999 -9999 -9999 -9999 58 55 55 55 53 53 53 54 54 56 56 56 59 59 63 63 63 67 67 67 69 69 69 69 69 67 67 63 63 63 58 58 58 52 52 47 47 47 44 44
-9999 -9999 -9999 -9999 -9999 -9999 -9999 -9999 -9999 -9999 -9999 -9999 -9999 -9999 -9999 -9999 92 92 88 88 88 86 86 88 88 88 90 90 89 89 89 87 87 87 84 84 83 -9999 -9999 -9999 -9999 -9999 -9999 -9999 -9999 -9999 -9999 -9999 -9999 -9999 -9999 67 64 64 64 61 61 58 58 58 55 55 55 55 55 57 57 57 59 59 62 62 62 65 65 65 67 67 68 68 68 67 67 64 64 64 59 59 59 54 54 50 50 50 47 47
-9999 -9999 -9999 -9999 -9999 -9999 -9999 -9999 -9999 -9999 -9999 -9999 -9999 -9999 -9999 -9999 92 92 88 88 88 86 86 88 88 88 90 90 89 89 89 87 87 87 84 84 83 83 -9999 -9999 -9999 -9999 -9999 -9999 -9999 -9999 -9999 -9999 72 67 67 67 64 64 64 61 61 58 58 58 55 55 55 55 55 57 57 57 59 59 62 62 62 65 65 65 67 67 68 68 68 67 67 64 64 64 59 59 59 54 54 50 50 50 47 47
-9999 -9999 -9999 -9999 -9999 -9999 -9999 -9999 -9999 -9999 -9999 -9999 -9999 -9999 -9999 -9999 92 92 88 88 88 86 86 88 88 88 90 90 89 89 89 87 87 87 84 84 83 83 83 82 82 82 -9999 -9999 -9999 77 77 72 72 67 67 67 64 64 64 61 61 58 58 58 55 55 55 55 55 57 57 57 59 59 62 62 62 65 65 65 67 67 68 68 68 67 67 64 64 64 59 59 59 54 54 50 50 50 47 47
-9999 -9999 -9999 -9999 -9999 -9999 -9999 -9999 -9999 -9999 -9999 -9999 -9999 -9999 -9999 92 92 92 89 89 89 89 89 92 92 92 91 91 88 88 88 84 84 84 81 81 81 81 81 81 81 81 81 81 79 79 79 74 74 70 70 70 67 67 67 64 64 60 60 60 57 57 57 56 56 57 57 57 59 59 61 61 61 63 63 63 65 65 66 66 66 66 66 64 64 64 61 61 61 56 56 52 52 52 49 49
-9999 -9999 -9999 -9999 -9999 -9999 -9999 -9999 -9999 -9999 -9999 -9999 -9999 97 97 92 92 92 89 89 89 89 89 92 92 92 91 91 88 88 88 84 84 84 81 81 81 81 81 81 81 81 81 81 79 79 79 74 74 70 70 70 67 67 67 64 64 60 60 60 57 57 57 56 56 57 57 57 59 59 61 61 61 63 63 63 65 65 66 66 66 66 66 64 64 64 61 61 61 56 56 52 52 52 49 49
-9999 -9999 -9999 -9999 -9999 -9999 -9999 -9999 -9999 -9999 -9999 -9999 -9999 99 99 92 92 92 89 89 89 91 91 94 94 94 91 91 86 86 86 81 81 81 79 79 80 80 80 82 82 82 81 81 80 80 80 76 76 74 74 74 70 70 70 66 66 62 62 62 58 58 58 57 57 58 58 58 59 59 60 60 60 62 62 62 64 64 65 65 65 65 65 65 65 65 62 62 62 58 58 54 54 54 51 51
-9999 -9999 -9999 -9999 -9999 -9999 -9999 -9999 -9999 -9999 -9999 -9999 105 99 99 92 92 92 89 89 89 91 91 94 94 94 91 91 86 86 86 81 81 81 79 79 80 80 80 82 82 82 81 81 80 80 80 76 76 74 74 74 70 70 70 66 66 62 62 62 58 58 58 57 57 58 58 58 59 59 60 60 60 62 62 62 64 64 65 65 65 65 65 65 65 65 62 62 62 58 58 54 54 54 51 51
-9999 -9999 -9999 -9999 -9999 -9999 -9999 -9999 -9999 -9999 -9999 -9999 105 99 99 92 92 92 89 89 89 91 91 94 94 94 91 91 86 86 86 81 81 81 79 79 80 80 80 82 82 82 81 81 80 80 80 76 76 74 74 74 70 70 70 66 66 62 62 62 58 58 58 57 57 58 58 58 59 59 60 60 60 62 62 62 64 64 65 65 65 65 65 65 65 65 62 62 62 58 58 54 54 54 51 51
-9999 -9999 -9999 -9999 -9999 -9999 -9999 -9999 -9999 -9999 -9999 107 107 100 100 92 92 92 90 90 90 93 93 95 95 95 91 91 83 83 83 77 77 77 76 76 80 80 80 83 83 83 82 82 81 81 81 79 79 77 77 77 73 73 73 68 68 63 63 63 60 60 60 59 59 58 58 58 58 58 58 58 58 60 60 60 62 62 63 63 63 65 65 64 64 64 62 62 62 59 59 56 56 56 54 54
-9999 -9999 -9999 -9999 -9999 -9999 -9999 -9999 -9999 -9999 107 107 107 100 100 92 92 92 90 90 90 93 93 95 95 95 91 91 83 83 83 77 77 77 76 76 80 80 80 83 83 83 82 82 81 81 81 79 79 77 77 77 73 73 73 68 68 63 63 63 60 60 60 59 59 58 58 58 58 58 58 58 58 60 60 60 62 62 63 63 63 65 65 64 64 64 62 62 62 59 59 56 56 56 54 54
-9999 -9999 -9999 -9999 -9999 -9999 -9999 -9999 110 110 107 107 107 100 100 92 92 92 90 90 90 93 93 95 95 95 91 91 83 83 83 77 77 77 76 76 80 80 80 83 83 83 82 82 81 81 81 79 79 77 77 77 73 73 73 68 68 63 63 63 60 60 60 59 59 58 58 58 58 58 58 58 58 60 60 60 62 62 63 63 63 65 65 64 64 64 62 62 62 59 59 56 56 56 54 54
-9999 -9999 -9999 -9999 -9999 -9999 114 114 112 112 106 106 106 98 98 92 92 92 92 92 92 95 95 94 94 94 88 88 79 79 79 75 75 75 76 76 81 81 81 84 84 84 83 83 83 83 83 82 82 81 81 81 76 76 76 70 70 65 65 65 61 61 61 59 59 57 57 57 56 56 55 55 55 57 57 57 60 60 63 63 63 64 64 64 64 64 62 62 62 60 60 58 58 58 56 56
-9999 -9999 -9999 -9999 113 114 114 114 112 112 106 106 106 98 98 92 92 92 92 92 92 95 95 94 94 94 88 88 79 79 79 75 75 75 76 76 81 81 81 84 84 84 83 83 83 83 83 82 82 81 81 81 76 76 76 70 70 65 65 65 61 61 61 59 59 57 57 57 56 56 55 55 55 57 57 57 60 60 63 63 63 64 64 64 64 64 62 62 62 60 60 58 58 58 56 56
-9999 114 115 115 115 115 115 115 112 112 105 105 105 97 97 94 94 94 96 96 96 98 98 93 93 93 84 84 77 77 77 74 74 74 77 77 81 81 81 85 85 85 86 86 86 86 86 86 86 84 84 84 79 79 79 72 72 67 67 67 63 63 63 59 59 55 55 55 52 52 52 52 52 55 55 55 59 59 62 62 62 64 64 64 64 64 63 63 63 61 61 59 59 59 58 58
114 114 115 115 115 115 115 115 112 112 105 105 105 97 97 94 94 94 96 96 96 98 98 93 93 93 84 84 77 77 77 74 74 74 77 77 81 81 81 85 85 85 86 86 86 86 86 86 86 84 84 84 79 79 79 72 72 67 67 67 63 63 63 59 59 55 55 55 52 52 52 52 52 55 55 55 59 59 62 62 62 64 64 64 64 64 63 63 63 61 61 59 59 59 58 58
114 114 115 115 115 115 115 115 112 112 105 105 105 97 97 94 94 94 96 96 96 98 98 93 93 93 84 84 77 77 77 74 74 74 77 77 81 81 81 85 85 85 86 86 86 86 86 86 86 84 84 84 79 79 79 72 72 67 67 67 63 63 63 59 59 55 55 55 52 52 52 52 52 55 55 55 59 59 62 62 62 64 64 64 64 64 63 63 63 61 61 59 59 59 58 58
-9999 116 116 116 116 114 114 114 112 112 106 106 106 98 98 96 96 96 98 98 98 100 100 92 92 92 82 82 75 75 75 74 74 74 76 76 82 82 82 87 87 87 90 90 91 91 91 90 90 86 86 86 81 81 81 74 74 68 68 68 63 63 63 58 58 54 54 54 50 50 49 49 49 52 52 52 57 57 62 62 62 64 64 64 64 64 63 63 63 61 61 60 60 60 58 58
-9999 -9999 116 116 116 114 114 114 112 112 106 106 106 98 98 96 96 96 98 98 98 100 100 92 92 92 82 82 75 75 75 74 74 74 76 76 82 82 82 87 87 87 90 90 91 91 91 90 90 86 86 86 81 81 81 74 74 68 68 68 63 63 63 58 58 54 54 54 50 50 49 49 49 52 52 52 57 57 62 62 62 64 64 64 64 64 63 63 63 61 61 60 60 60 58 58
-9999 -9999 -9999 -9999 -9999 -9999 -9999 -9999 112 112 108 108 108 101 101 97 97 97 99 99 99 100 100 93 93 93 82 82 74 74 74 71 71 71 75 75 83 83 83 91 91 91 95 95 96 96 96 93 93 89 89 89 83 83 83 76 76 69 69 69 63 63 63 58 58 53 53 53 48 48 46 46 46 49 49 49 55 55 62 62 62 65 65 65 65 65 63 63 63 61 61 59 59 59 58 58
-9999 -9999 -9999 -9999 -9999 -9999 -9999 -9999 -9999 -9999 -9999 -9999 -9999 -9999 -9999 -9999 97 97 99 99 99 100 100 93 93 93 82 82 74 74 74 71 71 71 75 75 83 83 83 91 91 91 95 95 96 96 96 93 93 89 89 89 83 83 83 76 76 69 69 69 63 63 63 58 58 53 53 53 48 48 46 46 46 49 49 49 55 55 62 62 62 65 65 65 65 65 63 63 63 61 61 59 59 59 58 58
-9999 -9999 -9999 -9999 -9999 -9999 -9999 -9999 -9999 -9999 -9999 -9999 -9999 -9999 -9999 -9999 -9999 -9999 -9999 -9999 -9999 -9999 -9999 -9999 93 93 82 82 74 74 74 71 71 71 75 75 83 83 83 91 91 91 95 95 96 96 96 93 93 89 89 89 83 83 83 76 76 69 69 69 63 63 63 58 58 53 53 53 48 48 46 46 46 49 49 49 55 55 62 62 62 65 65 65 65 65 63 63 63 61 61 59 59 59 58 58
-9999 -9999 -9999 -9999 -9999 -9999 -9999 -9999 -9999 -9999 -9999 -9999 -9999 -9999 -9999 -9999 -9999 -9999 -9999 -9999 -9999 -9999 -9999 -9999 94 94 84 84 74 74 74 70 70 70 75 75 84 84 84 95 95 95 100 100 99 99 99 95 95 91 91 91 85 85 85 78 78 69 69 69 63 63 63 58 58 53 53 53 48 48 44 44 44 47 47 47 54 54 62 62 62 66 66 65 65 65 62 62 62 60 60 59 59 59 58 58
-9999 -9999 -9999 -9999 -9999 -9999 -9999 -9999 -9999 -9999 -9999 -9999 -9999 -9999 -9999 -9999 -9999 -9999 -9999 -9999 -9999 -9999 -9999 -9999 94 94 84 84 74 74 74 70 -9999 -9999 75 75 84 84 84 95 95 95 100 100 99 99 99 95 95 91 91 91 85 85 85 78 78 69 69 69 63 63 63 58 58 53 53 53 48 48 44 44 44 47 47 47 54 54 62 62 62 66 66 65 65 65 62 62 62 60 60 59 59 59 58 58
-9999 -9999 -9999 -9999 -9999 -9999 -9999 -9999 -9999 -9999 -9999 -9999 -9999 -9999 -9999 -9999 -9999 -9999 -9999 -9999 -9999 -9999 -9999 -9999 -9999 -9999 -9999 -9999 -9999 -9999 -9999 -9999 -9999 -9999 -9999 -9999 -9999 84 84 95 95 95 100 100 99 99 99 95 95 91 91 91 85 85 85 78 78 69 69 69 63 63 63 58 58 53 53 53 48 48 44 44 44 47 47 47 54 54 62 62 62 66 66 65 65 65 62 62 62 60 60 59 59 59 58 58
-9999 -9999 -9999 -9999 -9999 -9999 -9999 -9999 -9999 -9999 -9999 -9999 -9999 -9999 -9999 -9999 -9999 -9999 -9999 -9999 -9999 -9999 -9999 -9999 -9999 -9999 -9999 -9999 -9999 -9999 -9999 -9999 -9999 -9999 -9999 -9999 -9999 -9999 -9999 -9999 -9999 97 102 102 100 100 100 96 96 92 92 92 86 86 86 78 78 69 69 69 63 63 63 58 58 54 54 54 49 49 45 45 45 47 47 47 54 54 62 62 62 66 66 64 64 64 61 61 61 58 58 58 58 58 60 60
-9999 -9999 -9999 -9999 -9999 -9999 -9999 -9999 -9999 -9999 -9999 -9999 -9999 -9999 -9999 -9999 -9999 -9999 -9999 -9999 -9999 -9999 -9999 -9999 -9999 -9999 -9999 -9999 -9999 -9999 -9999 -9999 -9999 -9999 -9999 -9999 -9999 -9999 -9999 -9999 -9999 -9999 -9999 102 100 100 100 96 96 92 92 92 86 86 86 78 78 69 69 69 63 63 63 58 58 54 54 54 49 49 45 45 45 47 47 47 54 54 62 62 62 66 66 64 64 64 61 61 61 58 58 58 58 58 60 60
-9999 -9999 -9999 -9999 -9999 -9999 -9999 -9999 -9999 -9999 -9999 -9999 -9999 -9999 -9999 -9999 -9999 -9999 -9999 -9999 -9999 -9999 -9999 -9999 -9999 -9999 -9999 -9999 -9999 -9999 -9999 -9999 -9999 -9999 -9999 -9999 -9999 -9999 -9999 -9999 -9999 -9999 -9999 -9999 -9999 -9999 -9999 -9999 -9999 -9999 -9999 -9999 -9999 -9999 -9999 -9999 77 69 69 69 64 64 64 60 60 56 56 56 50 50 47 47 47 49 49 49 55 55 62 62 62 64 64 62 62 62 59 59 59 57 57 59 59 59 63 63
-9999 -9999 -9999 -9999 -9999 -9999 -9999 -9999 -9999 -9999 -9999 -9999 -9999 -9999 -9999 -9999 -9999 -9999 -9999 -9999 -9999 -9999 -9999 -9999 -9999 -9999 -9999 -9999 -9999 -9999 -9999 -9999 -9999 -9999 -9999 -9999 -9999 -9999 -9999 -9999 -9999 -9999 -9999 -9999 -9999 -9999 -9999 -9999 -9999 -9999 -9999 -9999 -9999 -9999 -9999 -9999 77 69 69 69 64 64 64 60 60 56 56 56 50 50 47 47 47 49 49 49 55 55 62 62 62 64 64 62 62 62 59 59 59 57 57 59 59 59 63 63
-9999 -9999 -9999 -9999 -9999 -9999 -9999 -9999 -9999 -9999 -9999 -9999 -9999 -9999 -9999 -9999 -9999 -9999 -9999 -9999 -9999 -9999 -9999 -9999 -9999 -9999 -9999 -9999 -9999 -9999 -9999 -9999 -9999 -9999 -9999 -9999 -9999 -9999 -9999 -9999 -9999 -9999 -9999 -9999 -9999 -9999 -9999 -9999 -9999 -9999 -9999 -9999 -9999 86 86 77 77 69 69 69 64 64 64 60 60 56 56 56 50 50 47 47 47 49 49 49 55 55 62 62 62 64 64 62 62 62 59 59 59 57 57 59 59 59 63 63
-9999 -9999 -9999 -9999 -9999 -9999 -9999 -9999 -9999 -9999 -9999 -9999 -9999 -9999 -9999 -9999 -9999 -9999 -9999 -9999 -9999 -9999 -9999 -9999 -9999 -9999 -9999 -9999 -9999 -9999 -9999 -9999 -9999 -9999 -9999 -9999 -9999 -9999 -9999 -9999 -9999 -9999 -9999 -9999 -9999 -9999 -9999 -9999 -9999 -9999 -9999 91 85 85 85 77 77 70 70 70 66 66 66 63 63 57 57 57 52 52 49 49 49 51 51 51 56 56 62 62 62 63 63 61 61 61 58 58 58 58 58 63 63 63 68 68
-9999 -9999 -9999 -9999 -9999 -9999 -9999 -9999 -9999 -9999 -9999 -9999 -9999 -9999 -9999 -9999 -9999 -9999 -9999 -9999 -9999 -9999 -9999 -9999 -9999 -9999 -9999 -9999 -9999 -9999 -9999 -9999 -9999 -9999 -9999 -9999 -9999 -9999 -9999 -9999 -9999 -9999 -9999 -9999 -9999 -9999 -9999 -9999 -9999 -9999 91 91 85 85 85 77 77 70 70 70 66 66 66 63 63 57 57 57 52 52 49 49 49 51 51 51 56 56 62 62 62 63 63 61 61 61 58 58 58 58 58 63 63 63 68 68
-9999 -9999 -9999 -9999 -9999 -9999 -9999 -9999 -9999 -9999 -9999 -9999 -9999 -9999 -9999 -9999 -9999 -9999 -9999 -9999 -9999 -9999 -9999 -9999 -9999 -9999 -9999 -9999 -9999 -9999 -9999 -9999 -9999 -9999 -9999 -9999 -9999 -9999 -9999 -9999 -9999 -9999 -9999 -9999 -9999 -9999 -9999 -9999 -9999 -9999 91 91 85 85 85 77 77 70 70 70 66 66 66 63 63 57 57 57 52 52 49 49 49 51 51 51 56 56 62 62 62 63 63 61 61 61 58 58 58 58 58 63 63 63 68 68
-9999 -9999 -9999 -9999 -9999 -9999 -9999 -9999 -9999 -9999 -9999 -9999 -9999 -9999 -9999 -9999 -9999 -9999 -9999 -9999 -9999 -9999 -9999 -9999 -9999 -9999 -9999 -9999 -9999 -9999 -9999 -9999 -9999 -9999 -9999 -9999 -9999 -9999 -9999 -9999 -9999 -9999 -9999 -9999 -9999 -9999 -9999 -9999 -9999 -9999 -9999 88 84 84 84 79 79 74 74 74 69 69 69 64 64 59 59 59 55 55 53 53 53 54 54 54 58 58 62 62 62 64 64 61 61 61 59 59 59 59 59 65 65 65 72 72
-9999 -9999 -9999 -9999 -9999 -9999 -9999 -9999 -9999 -9999 -9999 -9999 -9999 -9999 -9999 -9999 -9999 -9999 -9999 -9999 -9999 -9999 -9999 -9999 -9999 -9999 -9999 -9999 -9999 -9999 -9999 -9999 -9999 -9999 -9999 -9999 -9999 -9999 -9999 -9999 -9999 -9999 -9999 -9999 -9999 -9999 -9999 -9999 -9999 -9999 -9999 -9999 -9999 -9999 -9999 79 79 74 74 74 69 69 69 64 64 59 59 59 55 55 53 53 53 54 54 54 58 58 62 62 62 64 64 61 61 61 59 59 59 59 59 65 65 65 72 72
-9999 -9999 -9999 -9999 -9999 -9999 -9999 -9999 -9999 -9999 -9999 -9999 -9999 -9999 -9999 -9999 -9999 -9999 -9999 -9999 -9999 -9999 -9999 -9999 -9999 -9999 -9999 -9999 -9999 -9999 -9999 -9999 -9999 -9999 -9999 -9999 -9999 -9999 -9999 -9999 -9999 -9999 -9999 -9999 -9999 -9999 -9999 -9999 -9999 -9999 -9999 -9999 -9999 -9999 -9999 -9999 82 78 78 78 71 71 71 65 65 61 61 61 58 58 57 57 57 57 57 57 61 61 64 64 64 64 64 62 62 62 60 60 60 58 58 64 64 64 73 73
-9999 -9999 -9999 -9999 -9999 -9999 -9999 -9999 -9999 -9999 -9999 -9999 -9999 -9999 -9999 -9999 -9999 -9999 -9999 -9999 -9999 -9999 -9999 -9999 -9999 -9999 -9999 -9999 -9999 -9999 -9999 -9999 -9999 -9999 -9999 -9999 -9999 -9999 -9999 -9999 -9999 -9999 -9999 -9999 -9999 -9999 -9999 -9999 -9999 -9999 -9999 -9999 -9999 -9999 -9999 -9999 -9999 78 78 78 71 71 71 65 65 61 61 61 58 58 57 57 57 57 57 57 61 61 64 64 64 64 64 62 62 62 60 60 60 58 58 64 64 64 73 73
-9999 -9999 -9999 -9999 -9999 -9999 -9999 -9999 -9999 -9999 -9999 -9999 -9999 -9999 -9999 -9999 -9999 -9999 -9999 -9999 -9999 -9999 -9999 -9999 -9999 -9999 -9999 -9999 -9999 -9999 -9999 -9999 -9999 -9999 -9999 -9999 -9999 -9999 -9999 -9999 -9999 -9999 -9999 -9999 -9999 -9999 -9999 -9999 -9999 -9999 -9999 -9999 -9999 -9999 -9999 -9999 -9999 -9999 78 78 71 71 71 65 65 61 61 61 58 58 57 57 57 57 57 57 61 61 64 64 64 64 64 62 62 62 60 60 60 58 58 64 64 64 73 73
-9999 -9999 -9999 -9999 -9999 -9999 -9999 -9999 -9999 -9999 -9999 -9999 -9999 -9999 -9999 -9999 -9999 -9999 -9999 -9999 -9999 -9999 -9999 -9999 -9999 -9999 -9999 -9999 -9999 -9999 -9999 -9999 -9999 -9999 -9999 -9999 -9999 -9999 -9999 -9999 -9999 -9999 -9999 -9999 -9999 -9999 -9999 -9999 -9999 -9999 -9999 -9999 -9999 -9999 -9999 -9999 -9999 -9999 -9999 80 73 73 73 67 67 64 64 64 63 63 62 62 62 61 61 61 63 63 64 64 64 64 64 63 63 63 62 62 62 60 60 63 63 63 70 70
-9999 -9999 -9999 -9999 -9999 -9999 -9999 -9999 -9999 -9999 -9999 -9999 -9999 -9999 -9999 -9999 -9999 -9999 -9999 -9999 -9999 -9999 -9999 -9999 -9999 -9999 -9999 -9999 -9999 -9999 -9999 -9999 -9999 -9999 -9999 -9999 -9999 -9999 -9999 -9999 -9999 -9999 -9999 -9999 -9999 -9999 -9999 -9999 -9999 -9999 -9999 -9999 -9999 -9999 -9999 -9999 -9999 -9999 -9999 -9999 73 73 73 67 67 64 64 64 63 63 62 62 62 61 61 61 63 63 64 64 64 64 64 63 63 63 62 62 62 60 60 63 63 63 70 70
-9999 -9999 -9999 -9999 -9999 -9999 -9999 -9999 -9999 -9999 -9999 -9999 -9999 -9999 -9999 -9999 -9999 -9999 -9999 -9999 -9999 -9999 -9999 -9999 -9999 -9999 -9999 -9999 -9999 -9999 -9999 -9999 -9999 -9999 -9999 -9999 -9999 -9999 -9999 -9999 -9999 -9999 -9999 -9999 -9999 -9999 -9999 -9999 -9999 -9999 -9999 -9999 -9999 -9999 -9999 -9999 -9999 -9999 -9999 -9999 -9999 75 75 69 69 67 67 67 67 67 66 66 66 65 65 65 65 65 65 65 65 65 65 65 65 65 65 65 65 65 65 66 66 66 69 69
-9999 -9999 -9999 -9999 -9999 -9999 -9999 -9999 -9999 -9999 -9999 -9999 -9999 -9999 -9999 -9999 -9999 -9999 -9999 -9999 -9999 -9999 -9999 -9999 -9999 -9999 -9999 -9999 -9999 -9999 -9999 -9999 -9999 -9999 -9999 -9999 -9999 -9999 -9999 -9999 -9999 -9999 -9999 -9999 -9999 -9999 -9999 -9999 -9999 -9999 -9999 -9999 -9999 -9999 -9999 -9999 -9999 -9999 -9999 -9999 -9999 -9999 -9999 -9999 -9999 -9999 -9999 -9999 -9999 67 66 66 66 65 65 65 65 65 65 65 65 65 65 65 65 65 65 65 65 65 65 66 66 66 69 69
