SEB_model/sample_data_files/historical/hillshade/marnoon.txt
ncols         559
nrows         351
xllcorner     388608.08691406
yllcorner     7584381.3441773
cellsize      5
NODATA_value  -9999
[rows 52 to 103 of 351, columns 288 to 383 of 559]
-9999 -9999 -9999 -9999 -9999 177 177 172 172 172 165 165 165 158 158 150 150 150 144 144 141 141 141 139 139 139 137 137 138 138 138 138 138 138 135 135 132 132 132 128 128 123 123 123 120 120 120 117 117 115 115 115 112 112 108 108 108 106 106 106 103 103 101 101 101 100 100 100 98 98 96 96 96 94 94 91 91 91 91 91 91 92 92 93 93 93 96 96 96 99 99 102 102 102 104 104
-9999 -9999 -9999 -9999 -9999 173 173 168 168 168 163 163 163 157 157 150 150 150 144 144 141 141 141 141 141 141 141 141 142 142 142 141 141 141 138 138 135 135 135 131 131 126 126 126 121 121 121 118 118 114 114 114 112 112 108 108 108 106 106 106 104 104 102 102 102 101 101 101 99 99 97 97 97 94 94 91 91 91 90 90 90 90 90 91 91 91 91 91 91 92 92 95 95 95 97 97
-9999 -9999 -9999 -9999 178 173 173 168 168 168 163 163 163 157 157 150 150 150 144 144 141 141 141 141 141 141 141 141 142 142 142 141 141 141 138 138 135 135 135 131 131 126 126 126 121 121 121 118 118 114 114 114 112 112 108 108 108 106 106 106 104 104 102 102 102 101 101 101 99 99 97 97 97 94 94 91 91 91 90 90 90 90 90 91 91 91 91 91 91 92 92 95 95 95 97 97
173 173 171 171 171 167 167 164 164 164 160 160 160 157 157 152 152 152 144 144 139 139 139 138 138 138 137 137 136 136 136 134 134 134 131 131 129 129 129 125 125 120 120 120 116 116 116 113 113 110 110 110 108 108 106 106 106 105 105 105 103 103 101 101 101 100 100 100 98 98 97 97 97 95 95 92 92 92 91 91 91 90 90 90 90 90 89 89 89 88 88 89 89 89 92 92
173 173 171 171 171 167 167 164 164 164 160 160 160 157 157 152 152 152 144 144 139 139 139 138 138 138 137 137 136 136 136 134 134 134 131 131 129 129 129 125 125 120 120 120 116 116 116 113 113 110 110 110 108 108 106 106 106 105 105 105 103 103 101 101 101 100 100 100 98 98 97 97 97 95 95 92 92 92 91 91 91 90 90 90 90 90 89 89 89 88 88 89 89 89 92 92
173 173 171 171 171 167 167 164 164 164 160 160 160 157 157 152 152 152 144 144 139 139 139 138 138 138 137 137 136 136 136 134 134 134 131 131 129 129 129 125 125 120 120 120 116 116 116 113 113 110 110 110 108 108 106 106 106 105 105 105 103 103 101 101 101 100 100 100 98 98 97 97 97 95 95 92 92 92 91 91 91 90 90 90 90 90 89 89 89 88 88 89 89 89 92 92
162 162 163 163 163 162 162 161 161 161 160 160 160 157 157 154 154 154 149 149 144 144 144 141 141 141 138 138 134 134 134 130 130 130 126 126 123 123 123 120 120 117 117 117 115 115 115 112 112 109 109 109 107 107 105 105 105 104 104 104 102 102 101 101 101 99 99 99 98 98 97 97 97 96 96 94 94 94 93 93 93 92 92 90 90 90 89 89 89 88 88 89 89 89 91 91
-9999 162 163 163 163 162 162 161 161 161 160 160 160 157 157 154 154 154 149 149 144 144 144 141 141 141 138 138 134 134 134 130 130 130 126 126 123 123 123 120 120 117 117 117 115 115 115 112 112 109 109 109 107 107 105 105 105 104 104 104 102 102 101 101 101 99 99 99 98 98 97 97 97 96 96 94 94 94 93 93 93 92 92 90 90 90 89 89 89 88 88 89 89 89 91 91
-9999 162 163 163 163 162 162 161 161 161 160 160 160 157 157 154 154 154 149 149 144 144 144 141 141 141 138 138 134 134 134 130 130 130 126 126 123 123 123 120 120 117 117 117 115 115 115 112 112 109 109 109 107 107 105 105 105 104 104 104 102 102 101 101 101 99 99 99 98 98 97 97 97 96 96 94 94 94 93 93 93 92 92 90 90 90 89 89 89 88 88 89 89 89 91 91
-9999 155 158 158 158 160 160 160 160 160 160 160 160 158 158 154 154 154 150 150 145 145 145 142 142 142 137 137 131 131 131 126 126 126 121 121 119 119 119 117 117 115 115 115 114 114 114 111 111 109 109 109 106 106 104 104 104 102 102 102 101 101 100 100 100 99 99 99 97 97 96 96 96 96 96 94 94 94 94 94 94 92 92 91 91 91 90 90 90 90 90 91 91 91 92 92
155 155 158 158 158 160 160 160 160 160 160 160 160 158 158 154 154 154 150 150 145 145 145 142 142 142 137 137 131 131 131 126 126 126 121 121 119 119 119 117 117 115 115 115 114 114 114 111 111 109 109 109 106 106 104 104 104 102 102 102 101 101 100 100 100 99 99 99 97 97 96 96 96 96 96 94 94 94 94 94 94 92 92 91 91 91 90 90 90 90 90 91 91 91 92 92
156 156 158 158 158 160 160 160 160 160 159 159 159 158 158 156 156 156 152 152 146 146 146 140 140 140 133 133 126 126 126 121 121 121 118 118 116 116 116 115 115 114 114 114 113 113 113 111 111 108 108 108 106 106 103 103 103 101 101 101 100 100 99 99 99 98 98 98 97 97 96 96 96 96 96 94 94 94 93 93 93 92 92 92 92 92 92 92 92 92 92 93 93 93 95 95
156 156 158 158 158 160 160 160 160 160 159 159 159 158 158 156 156 156 152 152 146 146 146 140 140 140 133 133 126 126 126 121 121 121 118 118 116 116 116 115 115 114 114 114 113 113 113 111 111 108 108 108 106 106 103 103 103 101 101 101 100 100 99 99 99 98 98 98 97 97 96 96 96 96 96 94 94 94 93 93 93 92 92 92 92 92 92 92 92 92 92 93 93 93 95 95
156 156 158 158 158 160 160 160 160 160 159 159 159 158 158 156 156 156 152 152 146 146 146 140 140 140 133 133 126 126 126 121 121 121 118 118 116 116 116 115 115 114 114 114 113 113 113 111 111 108 108 108 106 106 103 103 103 101 101 101 100 100 99 99 99 98 98 98 97 97 96 96 96 96 96 94 94 94 93 93 93 92 92 92 92 92 92 92 92 92 92 93 93 93 95 95
160 160 160 160 160 160 160 160 160 160 159 159 159 158 158 159 159 159 155 155 146 146 146 137 137 137 129 129 124 124 124 122 122 122 119 119 118 118 118 116 116 115 115 115 114 114 114 112 112 110 110 110 107 107 105 105 105 104 104 104 102 102 101 101 101 99 99 99 97 97 97 97 97 96 96 94 94 94 93 93 93 92 92 92 92 92 92 92 92 91 91 92 92 92 95 95
160 160 160 160 160 160 160 160 160 160 159 159 159 158 158 159 159 159 155 155 146 146 146 137 137 137 129 129 124 124 124 122 122 122 119 119 118 118 118 116 116 115 115 115 114 114 114 112 112 110 110 110 107 107 105 105 105 104 104 104 102 102 101 101 101 99 99 99 97 97 97 97 97 96 96 94 94 94 93 93 93 92 92 92 92 92 92 92 92 91 91 92 92 92 95 95
165 165 162 162 162 160 160 158 158 158 157 157 157 154 154 149 149 149 141 141 131 131 131 123 123 123 119 119 117 117 117 116 116 116 114 114 113 113 113 112 112 111 111 111 111 111 111 110 110 109 109 109 106 106 104 104 104 103 103 103 102 102 100 100 100 99 99 99 97 97 97 97 97 96 96 94 94 94 93 93 93 92 92 92 92 92 92 92 92 90 90 90 90 90 92 92
165 165 162 162 162 160 160 158 158 158 157 157 157 154 154 149 149 149 141 141 131 131 131 123 123 123 119 119 117 117 117 116 116 116 114 114 113 113 113 112 112 111 111 111 111 111 111 110 110 109 109 109 106 106 104 104 104 103 103 103 102 102 100 100 100 99 99 99 97 97 97 97 97 96 96 94 94 94 93 93 93 92 92 92 92 92 92 92 92 90 90 90 90 90 92 92
165 165 162 162 162 160 160 158 158 158 157 157 157 154 154 149 149 149 141 141 131 131 131 123 123 123 119 119 117 117 117 116 116 116 114 114 113 113 113 112 112 111 111 111 111 111 111 110 110 109 109 109 106 106 104 104 104 103 103 103 102 102 100 100 100 99 99 99 97 97 97 97 97 96 96 94 94 94 93 93 93 92 92 92 92 92 92 92 92 90 90 90 90 90 92 92
165 165 161 161 161 157 157 155 155 155 152 152 152 144 144 135 135 135 126 126 121 121 121 118 118 118 117 117 115 115 115 113 113 113 111 111 110 110 110 110 110 109 109 109 110 110 110 111 111 110 110 110 108 108 106 106 106 104 104 104 102 102 100 100 100 98 98 98 97 97 96 96 96 95 95 94 94 94 93 93 93 92 92 92 92 92 91 91 91 88 88 86 86 86 86 86
165 165 161 161 161 157 157 155 155 155 152 152 152 144 144 135 135 135 126 126 121 121 121 118 118 118 117 117 115 115 115 113 113 113 111 111 110 110 110 110 110 109 109 109 110 110 110 111 111 110 110 110 108 108 106 106 106 104 104 104 102 102 100 100 100 98 98 98 97 97 96 96 96 95 95 94 94 94 93 93 93 92 92 92 92 92 91 91 91 88 88 86 86 86 86 86
165 165 161 161 161 157 157 155 155 155 152 152 152 144 144 135 135 135 126 126 121 121 121 118 118 118 117 117 115 115 115 113 113 113 111 111 110 110 110 110 110 109 109 109 110 110 110 111 111 110 110 110 108 108 106 106 106 104 104 104 102 102 100 100 100 98 98 98 97 97 96 96 96 95 95 94 94 94 93 93 93 92 92 92 92 92 91 91 91 88 88 86 86 86 86 86
151 151 146 146 146 141 141 137 137 137 133 133 133 127 127 122 122 122 118 118 117 117 117 116 116 116 115 115 113 113 113 111 111 111 109 109 108 108 108 107 107 107 107 107 108 108 108 110 110 110 110 110 109 109 107 107 107 104 104 104 101 101 98 98 98 95 95 95 94 94 94 94 94 93 93 93 93 93 93 93 93 92 92 91 91 91 90 90 90 87 87 85 85 85 84 84
151 151 146 146 146 141 141 137 137 137 133 133 133 127 127 122 122 122 118 118 117 117 117 116 116 116 115 115 113 113 113 111 111 111 109 109 108 108 108 107 107 107 107 107 108 108 108 110 110 110 110 110 109 109 107 107 107 104 104 104 101 101 98 98 98 95 95 95 94 94 94 94 94 93 93 93 93 93 93 93 93 92 92 91 91 91 90 90 90 87 87 85 85 85 84 84
131 131 127 127 127 123 123 118 118 118 113 113 113 110 110 110 110 110 111 111 112 112 112 112 112 112 112 112 110 110 110 109 109 109 107 107 105 105 105 104 104 103 103 103 103 103 103 104 104 105 105 105 106 106 105 105 105 103 103 103 99 99 94 94 94 90 90 90 87 87 87 87 87 86 86 87 87 87 90 90 90 91 91 90 90 90 89 89 89 88 88 86 86 86 86 86
131 131 127 127 127 123 123 118 118 118 113 113 113 110 110 110 110 110 111 111 112 112 112 112 112 112 112 112 110 110 110 109 109 109 107 107 105 105 105 104 104 103 103 103 103 103 103 104 104 105 105 105 106 106 105 105 105 103 103 103 99 99 94 94 94 90 90 90 87 87 87 87 87 86 86 87 87 87 90 90 90 91 91 90 90 90 89 89 89 88 88 86 86 86 86 86
131 131 127 127 127 123 123 118 118 118 113 113 113 110 110 110 110 110 111 111 112 112 112 112 112 112 112 112 110 110 110 109 109 109 107 107 105 105 105 104 104 103 103 103 103 103 103 104 104 105 105 105 106 106 105 105 105 103 103 103 99 99 94 94 94 90 90 90 87 87 87 87 87 86 86 87 87 87 90 90 90 91 91 90 90 90 89 89 89 88 88 86 86 86 86 86
119 119 120 120 120 117 117 111 111 111 105 105 105 102 102 104 104 104 106 106 108 108 108 110 110 110 110 110 110 110 110 109 109 109 107 107 106 106 106 104 104 101 101 101 99 99 99 99 99 102 102 102 104 104 104 104 104 102 102 102 98 98 95 95 95 91 91 91 86 86 82 82 82 80 80 79 79 79 82 82 82 85 85 87 87 87 89 89 89 87 87 87 87 87 86 86
119 119 120 120 120 117 117 111 111 111 105 105 105 102 102 104 104 104 106 106 108 108 108 110 110 110 110 110 110 110 110 109 109 109 107 107 106 106 106 104 104 101 101 101 99 99 99 99 99 102 102 102 104 104 104 104 104 102 102 102 98 98 95 95 95 91 91 91 86 86 82 82 82 80 80 79 79 79 82 82 82 85 85 87 87 87 89 89 89 87 87 87 87 87 86 86
110 110 112 112 112 109 109 104 104 104 99 99 99 98 98 99 99 99 100 100 102 102 102 103 103 103 103 103 104 104 104 104 104 104 104 104 103 103 103 101 101 99 99 99 96 96 96 96 96 97 97 97 98 98 97 97 97 95 95 95 93 93 91 91 91 88 88 88 84 84 81 81 81 79 79 78 78 78 77 77 77 78 78 82 82 82 87 87 87 88 88 88 88 88 88 88
110 110 112 112 112 109 109 104 104 104 99 99 99 98 98 99 99 99 100 100 102 102 102 103 103 103 103 103 104 104 104 104 104 104 104 104 103 103 103 101 101 99 99 99 96 96 96 96 96 97 97 97 98 98 97 97 97 95 95 95 93 93 91 91 91 88 88 88 84 84 81 81 81 79 79 78 78 78 77 77 77 78 78 82 82 82 87 87 87 88 88 88 88 88 88 88
110 110 112 112 112 109 109 104 104 104 99 99 99 98 98 99 99 99 100 100 102 102 102 103 103 103 103 103 104 104 104 104 104 104 104 104 103 103 103 101 101 99 99 99 96 96 96 96 96 97 97 97 98 98 97 97 97 95 95 95 93 93 91 91 91 88 88 88 84 84 81 81 81 79 79 78 78 78 77 77 77 78 78 82 82 82 87 87 87 88 88 88 88 88 88 88
106 106 106 106 106 103 103 100 100 100 97 97 97 96 96 97 97 97 98 98 98 98 98 99 99 99 99 99 100 100 100 102 102 102 103 103 104 104 104 103 103 101 101 101 99 99 99 97 97 96 96 96 95 95 92 92 92 93 93 93 98 98 101 101 101 100 100 100 94 94 88 88 88 83 83 80 80 80 77 77 77 75 75 74 74 74 78 78 78 83 83 86 86 86 87 87
106 106 106 106 106 103 103 100 100 100 97 97 97 96 96 97 97 97 98 98 98 98 98 99 99 99 99 99 100 100 100 102 102 102 103 103 104 104 104 103 103 101 101 101 99 99 99 97 97 96 96 96 95 95 92 92 92 93 93 93 98 98 101 101 101 100 100 100 94 94 88 88 88 83 83 80 80 80 77 77 77 75 75 74 74 74 78 78 78 83 83 86 86 86 87 87
106 106 106 106 106 103 103 100 100 100 97 97 97 96 96 97 97 97 98 98 98 98 98 99 99 99 99 99 100 100 100 102 102 102 103 103 104 104 104 103 103 101 101 101 99 99 99 97 97 96 96 96 95 95 92 92 92 93 93 93 98 98 101 101 101 100 100 100 94 94 88 88 88 83 83 80 80 80 77 77 77 75 75 74 74 74 78 78 78 83 83 86 86 86 87 87
104 104 102 102 102 99 99 97 97 97 95 95 95 95 95 95 95 95 96 96 96 96 96 97 97 97 98 98 99 99 99 102 102 102 104 104 106 106 106 106 106 105 105 105 104 104 104 101 101 98 98 98 94 94 92 92 92 103 103 103 121 121 136 136 136 136 136 136 126 126 115 115 115 104 104 94 94 94 87 87 87 81 81 77 77 77 75 75 75 75 75 77 77 77 78 78
104 104 102 102 102 99 99 97 97 97 95 95 95 95 95 95 95 95 96 96 96 96 96 97 97 97 98 98 99 99 99 102 102 102 104 104 106 106 106 106 106 105 105 105 104 104 104 101 101 98 98 98 94 94 92 92 92 103 103 103 121 121 136 136 136 136 136 136 126 126 115 115 115 104 104 94 94 94 87 87 87 81 81 77 77 77 75 75 75 75 75 77 77 77 78 78
100 100 97 97 97 95 95 93 93 93 92 92 92 91 91 91 91 91 92 92 92 92 92 92 92 92 93 93 95 95 95 98 98 98 100 100 101 101 101 102 102 102 102 102 102 102 102 99 99 95 95 95 90 90 93 93 93 114 114 114 145 145 166 166 166 163 163 163 145 145 129 129 129 118 118 108 108 108 100 100 100 93 93 88 88 88 83 83 83 79 79 77 77 77 76 76
100 100 97 97 97 95 95 93 93 93 92 92 92 91 91 91 91 91 92 92 92 92 92 92 92 92 93 93 95 95 95 98 98 98 100 100 101 101 101 102 102 102 102 102 102 102 102 99 99 95 95 95 90 90 93 93 93 114 114 114 145 145 166 166 166 163 163 163 145 145 129 129 129 118 118 108 108 108 100 100 100 93 93 88 88 88 83 83 83 79 79 77 77 77 76 76
100 100 97 97 97 95 95 93 93 93 92 92 92 91 91 91 91 91 92 92 92 92 92 92 92 92 93 93 95 95 95 98 98 98 100 100 101 101 101 102 102 102 102 102 102 102 102 99 99 95 95 95 90 90 93 93 93 114 114 114 145 145 166 166 166 163 163 163 145 145 129 129 129 118 118 108 108 108 100 100 100 93 93 88 88 88 83 83 83 79 79 77 77 77 76 76
97 97 93 93 93 90 90 88 88 88 87 87 87 87 87 88 88 88 89 89 89 89 89 89 89 89 90 90 91 91 91 93 93 93 95 95 97 97 97 98 98 99 99 99 98 98 98 97 97 94 94 94 91 91 91 91 91 101 101 101 123 123 140 140 140 133 133 133 115 115 105 105 105 103 103 102 102 102 101 101 101 97 97 92 92 92 88 88 88 84 84 82 82 82 80 80
97 97 93 93 93 90 90 88 88 88 87 87 87 87 87 88 88 88 89 89 89 89 89 89 89 89 90 90 91 91 91 93 93 93 95 95 97 97 97 98 98 99 99 99 98 98 98 97 97 94 94 94 91 91 91 91 91 101 101 101 123 123 140 140 140 133 133 133 115 115 105 105 105 103 103 102 102 102 101 101 101 97 97 92 92 92 88 88 88 84 84 82 82 82 80 80
97 97 93 93 93 90 90 88 88 88 87 87 87 87 87 88 88 88 89 89 89 89 89 89 89 89 90 90 91 91 91 93 93 93 95 95 97 97 97 98 98 99 99 99 98 98 98 97 97 94 94 94 91 91 91 91 91 101 101 101 123 123 140 140 140 133 133 133 115 115 105 105 105 103 103 102 102 102 101 101 101 97 97 92 92 92 88 88 88 84 84 82 82 82 80 80
120 120 130 130 130 153 153 163 163 163 147 147 147 111 111 87 87 87 84 84 86 86 86 87 87 87 88 88 89 89 89 90 90 90 91 91 94 94 94 95 95 96 96 96 96 96 96 95 95 93 93 93 91 91 83 83 83 71 71 71 66 66 66 66 66 57 57 57 49 49 52 52 52 63 63 75 75 75 84 84 84 87 87 89 89 89 89 89 89 87 87 85 85 85 83 83
120 120 130 130 130 153 153 163 163 163 147 147 147 111 111 87 87 87 84 84 86 86 86 87 87 87 88 88 89 89 89 90 90 90 91 91 94 94 94 95 95 96 96 96 96 96 96 95 95 93 93 93 91 91 83 83 83 71 71 71 66 66 66 66 66 57 57 57 49 49 52 52 52 63 63 75 75 75 84 84 84 87 87 89 89 89 89 89 89 87 87 85 85 85 83 83
0 0 0 0 0 0 0 0 0 0 0 0 0 125 125 106 106 106 111 111 114 114 114 110 110 110 99 99 91 91 91 88 88 88 89 89 90 90 90 91 91 92 92 92 93 93 93 93 93 92 92 92 91 91 80 80 80 54 54 54 36 36 33 33 33 36 36 36 36 36 34 34 34 40 40 50 50 50 63 63 63 72 72 79 79 79 83 83 83 82 82 81 81 81 80 80
0 0 0 0 0 0 0 0 0 0 0 0 0 125 125 106 106 106 111 111 114 114 114 110 110 110 99 99 91 91 91 88 88 88 89 89 90 90 90 91 91 92 92 92 93 93 93 93 93 92 92 92 91 91 80 80 80 54 54 54 36 36 33 33 33 36 36 36 36 36 34 34 34 40 40 50 50 50 63 63 63 72 72 79 79 79 83 83 83 82 82 81 81 81 80 80
0 0 0 0 0 0 0 0 0 0 0 0 0 125 125 106 106 106 111 111 114 114 114 110 110 110 99 99 91 91 91 88 88 88 89 89 90 90 90 91 91 92 92 92 93 93 93 93 93 92 92 92 91 91 80 80 80 54 54 54 36 36 33 33 33 36 36 36 36 36 34 34 34 40 40 50 50 50 63 63 63 72 72 79 79 79 83 83 83 82 82 81 81 81 80 80
0 0 0 0 0 0 0 0 0 0 0 0 0 0 0 174 174 174 188 188 184 184 184 161 161 161 127 127 100 100 100 89 89 89 89 89 90 90 90 91 91 91 91 91 92 92 92 92 92 92 92 92 93 93 88 88 88 73 73 73 66 66 79 79 79 90 90 90 83 83 67 67 67 56 56 55 55 55 61 61 61 67 67 72 72 72 75 75 75 75 75 77 77 77 79 79
0 0 0 0 0 0 0 0 0 0 0 0 0 0 0 174 174 174 188 188 184 184 184 161 161 161 127 127 100 100 100 89 89 89 89 89 90 90 90 91 91 91 91 91 92 92 92 92 92 92 92 92 93 93 88 88 88 73 73 73 66 66 79 79 79 90 90 90 83 83 67 67 67 56 56 55 55 55 61 61 61 67 67 72 72 72 75 75 75 75 75 77 77 77 79 79
0 0 0 0 0 0 0 0 0 0 0 0 0 0 0 0 0 0 0 0 0 0 0 0 0 0 132 132 111 111 111 98 98 98 93 93 96 96 96 100 100 99 99 99 97 97 97 96 96 97 97 97 99 99 104 104 104 108 108 108 116 116 134 134 134 137 137 137 119 119 98 98 98 77 77 67 67 67 67 67 67 69 69 69 69 69 69 69 69 70 70 74 74 74 77 77
0 0 0 0 0 0 0 0 0 0 0 0 0 0 0 0 0 0 0 0 0 0 0 0 0 0 132 132 111 111 111 98 98 98 93 93 96 96 96 100 100 99 99 99 97 97 97 96 96 97 97 97 99 99 104 104 104 108 108 108 116 116 134 134 134 137 137 137 119 119 98 98 98 77 77 67 67 67 67 67 67 69 69 69 69 69 69 69 69 70 70 74 74 74 77 77
