SEB_model/sample_data_files/historical/hillshade/marnoon.txt
ncols         559
nrows         351
xllcorner     388608.08691406
yllcorner     7584381.3441773
cellsize      5
NODATA_value  -9999
[rows 260 to 311 of 351, columns 96 to 191 of 559]
109 107 107 103 103 103 102 102 104 104 104 109 109 109 110 110 108 108 108 102 102 96 96 96 89 89 89 81 81 76 76 76 73 73 73 71 71 70 70 70 70 70 71 71 71 73 73 73 77 77 81 81 81 88 88 94 94 94 90 90 90 71 71 52 52 52 41 41 41 35 35 33 33 33 28 28 21 21 21 18 18 18 19 19 21 21 21 0 0 0 0 0 0 0 0 0
109 107 107 103 103 103 102 102 104 104 104 109 109 109 110 110 108 108 108 102 102 96 96 96 89 89 89 81 81 76 76 76 73 73 73 71 71 70 70 70 70 70 71 71 71 73 73 73 77 77 81 81 81 88 88 94 94 94 90 90 90 71 71 52 52 52 41 41 41 35 35 33 33 33 28 28 21 21 21 18 18 18 19 19 21 21 21 0 0 0 0 0 0 0 0 0
91 88 88 95 95 95 107 107 109 109 109 110 110 110 106 106 99 99 99 89 89 81 81 81 77 77 77 73 73 71 71 71 71 71 71 71 71 71 71 71 71 71 74 74 74 78 78 78 82 82 87 87 87 91 91 93 93 93 87 87 87 68 68 48 48 48 36 36 36 28 28 23 23 23 19 19 17 17 17 16 16 16 15 15 14 14 14 0 0 0 0 0 0 0 0 0
91 88 88 95 95 95 107 107 109 109 109 110 110 110 106 106 99 99 99 89 89 81 81 81 77 77 77 73 73 71 71 71 71 71 71 71 71 71 71 71 71 71 74 74 74 78 78 78 82 82 87 87 87 91 91 93 93 93 87 87 87 68 68 48 48 48 36 36 36 28 28 23 23 23 19 19 17 17 17 16 16 16 15 15 14 14 14 0 0 0 0 0 0 0 0 0
91 88 88 95 95 95 107 107 109 109 109 110 110 110 106 106 99 99 99 89 89 81 81 81 77 77 77 73 73 71 71 71 71 71 71 71 71 71 71 71 71 71 74 74 74 78 78 78 82 82 87 87 87 91 91 93 93 93 87 87 87 68 68 48 48 48 36 36 36 28 28 23 23 23 19 19 17 17 17 16 16 16 15 15 14 14 14 0 0 0 0 0 0 0 0 0
80 84 84 98 98 98 109 109 109 109 109 104 104 104 96 96 88 88 88 80 80 75 75 75 72 72 72 69 69 68 68 68 68 68 68 70 70 72 72 72 73 73 76 76 76 80 80 80 84 84 89 89 89 92 92 88 88 88 74 74 74 53 53 37 37 37 27 27 27 21 21 17 17 17 16 16 15 15 15 15 15 15 12 12 0 0 0 0 0 0 0 0 0 0 0 0
80 84 84 98 98 98 109 109 109 109 109 104 104 104 96 96 88 88 88 80 80 75 75 75 72 72 72 69 69 68 68 68 68 68 68 70 70 72 72 72 73 73 76 76 76 80 80 80 84 84 89 89 89 92 92 88 88 88 74 74 74 53 53 37 37 37 27 27 27 21 21 17 17 17 16 16 15 15 15 15 15 15 12 12 0 0 0 0 0 0 0 0 0 0 0 0
76 90 90 100 100 100 104 104 100 100 100 94 94 94 87 87 82 82 82 79 79 74 74 74 70 70 70 66 66 62 62 62 61 61 61 63 63 67 67 67 71 71 74 74 74 78 78 78 79 79 79 79 79 73 73 61 61 61 49 49 49 37 37 26 26 26 19 19 19 15 15 15 15 15 15 15 14 14 14 12 12 12 0 0 0 0 0 0 0 0 0 0 0 0 0 0
76 90 90 100 100 100 104 104 100 100 100 94 94 94 87 87 82 82 82 79 79 74 74 74 70 70 70 66 66 62 62 62 61 61 61 63 63 67 67 67 71 71 74 74 74 78 78 78 79 79 79 79 79 73 73 61 61 61 49 49 49 37 37 26 26 26 19 19 19 15 15 15 15 15 15 15 14 14 14 12 12 12 0 0 0 0 0 0 0 0 0 0 0 0 0 0
76 90 90 100 100 100 104 104 100 100 100 94 94 94 87 87 82 82 82 79 79 74 74 74 70 70 70 66 66 62 62 62 61 61 61 63 63 67 67 67 71 71 74 74 74 78 78 78 79 79 79 79 79 73 73 61 61 61 49 49 49 37 37 26 26 26 19 19 19 15 15 15 15 15 15 15 14 14 14 12 12 12 0 0 0 0 0 0 0 0 0 0 0 0 0 0
75 91 91 97 97 97 96 96 91 91 91 88 88 88 86 86 84 84 84 80 80 74 74 74 68 68 68 62 62 57 57 57 54 54 54 55 55 60 60 60 67 67 73 73 73 75 75 75 71 71 61 61 61 46 46 29 29 29 20 20 20 19 19 15 15 15 11 11 11 8 8 8 8 8 8 8 7 7 7 5 5 5 0 0 0 0 0 0 0 0 0 0 0 0 0 0
75 91 91 97 97 97 96 96 91 91 91 88 88 88 86 86 84 84 84 80 80 74 74 74 68 68 68 62 62 57 57 57 54 54 54 55 55 60 60 60 67 67 73 73 73 75 75 75 71 71 61 61 61 46 46 29 29 29 20 20 20 19 19 15 15 15 11 11 11 8 8 8 8 8 8 8 7 7 7 5 5 5 0 0 0 0 0 0 0 0 0 0 0 0 0 0
75 86 86 89 89 89 87 87 84 84 84 86 86 86 87 87 85 85 85 80 80 74 74 74 68 68 68 63 63 59 59 59 57 57 57 56 56 62 62 62 71 71 75 75 75 71 71 71 62 62 49 49 49 32 32 20 20 20 17 17 17 21 21 26 26 26 26 26 26 22 22 21 21 21 21 21 21 21 21 19 19 19 12 12 0 0 0 0 0 0 0 0 0 0 0 0
75 86 86 89 89 89 87 87 84 84 84 86 86 86 87 87 85 85 85 80 80 74 74 74 68 68 68 63 63 59 59 59 57 57 57 56 56 62 62 62 71 71 75 75 75 71 71 71 62 62 49 49 49 32 32 20 20 20 17 17 17 21 21 26 26 26 26 26 26 22 22 21 21 21 21 21 21 21 21 19 19 19 12 12 0 0 0 0 0 0 0 0 0 0 0 0
75 86 86 89 89 89 87 87 84 84 84 86 86 86 87 87 85 85 85 80 80 74 74 74 68 68 68 63 63 59 59 59 57 57 57 56 56 62 62 62 71 71 75 75 75 71 71 71 62 62 49 49 49 32 32 20 20 20 17 17 17 21 21 26 26 26 26 26 26 22 22 21 21 21 21 21 21 21 21 19 19 19 12 12 0 0 0 0 0 0 0 0 0 0 0 0
73 79 79 83 83 83 85 85 86 86 86 87 87 87 87 87 83 83 83 78 78 72 72 72 67 67 67 63 63 58 58 58 56 56 56 59 59 65 65 65 68 68 65 65 65 56 56 56 47 47 37 37 37 27 27 23 23 23 27 27 27 35 35 42 42 42 42 42 42 34 34 27 27 27 24 24 22 22 22 20 20 20 12 12 0 0 0 0 0 0 0 0 0 0 0 0
73 79 79 83 83 83 85 85 86 86 86 87 87 87 87 87 83 83 83 78 78 72 72 72 67 67 67 63 63 58 58 58 56 56 56 59 59 65 65 65 68 68 65 65 65 56 56 56 47 47 37 37 37 27 27 23 23 23 27 27 27 35 35 42 42 42 42 42 42 34 34 27 27 27 24 24 22 22 22 20 20 20 12 12 0 0 0 0 0 0 0 0 0 0 0 0
73 79 79 83 83 83 85 85 86 86 86 87 87 87 87 87 83 83 83 78 78 72 72 72 67 67 67 63 63 58 58 58 56 56 56 59 59 65 65 65 68 68 65 65 65 56 56 56 47 47 37 37 37 27 27 23 23 23 27 27 27 35 35 42 42 42 42 42 42 34 34 27 27 27 24 24 22 22 22 20 20 20 12 12 0 0 0 0 0 0 0 0 0 0 0 0
72 74 74 81 81 81 86 86 88 88 88 87 87 87 84 84 79 79 79 73 73 68 68 68 64 64 64 60 60 55 55 55 55 55 55 61 61 64 64 64 58 58 46 46 46 37 37 37 33 33 28 28 28 26 26 31 31 31 41 41 41 52 52 57 57 57 54 54 54 41 41 26 26 26 16 16 11 11 11 7 7 7 2 2 0 0 0 0 0 0 0 0 0 0 0 0
72 74 74 81 81 81 86 86 88 88 88 87 87 87 84 84 79 79 79 73 73 68 68 68 64 64 64 60 60 55 55 55 55 55 55 61 61 64 64 64 58 58 46 46 46 37 37 37 33 33 28 28 28 26 26 31 31 31 41 41 41 52 52 57 57 57 54 54 54 41 41 26 26 26 16 16 11 11 11 7 7 7 2 2 0 0 0 0 0 0 0 0 0 0 0 0
75 74 74 80 80 80 83 83 82 82 82 80 80 80 77 77 74 74 74 70 70 68 68 68 65 65 65 60 60 58 58 58 60 60 60 63 63 61 61 61 50 50 38 38 38 32 32 32 32 32 34 34 34 41 41 51 51 51 62 62 62 70 70 71 71 71 65 65 65 54 54 40 40 40 27 27 18 18 18 11 11 11 8 8 5 5 5 0 0 0 0 0 0 0 0 0
75 74 74 80 80 80 83 83 82 82 82 80 80 80 77 77 74 74 74 70 70 68 68 68 65 65 65 60 60 58 58 58 60 60 60 63 63 61 61 61 50 50 38 38 38 32 32 32 32 32 34 34 34 41 41 51 51 51 62 62 62 70 70 71 71 71 65 65 65 54 54 40 40 40 27 27 18 18 18 11 11 11 8 8 5 5 5 0 0 0 0 0 0 0 0 0
75 74 74 80 80 80 83 83 82 82 82 80 80 80 77 77 74 74 74 70 70 68 68 68 65 65 65 60 60 58 58 58 60 60 60 63 63 61 61 61 50 50 38 38 38 32 32 32 32 32 34 34 34 41 41 51 51 51 62 62 62 70 70 71 71 71 65 65 65 54 54 40 40 40 27 27 18 18 18 11 11 11 8 8 5 5 5 0 0 0 0 0 0 0 0 0
79 77 77 80 80 80 81 81 79 79 79 76 76 76 74 74 72 72 72 68 68 65 65 65 62 62 62 61 61 65 65 65 68 68 68 65 65 55 55 55 45 45 38 38 38 36 36 36 36 36 40 40 40 48 48 55 55 55 62 62 62 65 65 64 64 64 60 60 60 53 53 44 44 44 32 32 19 19 19 11 11 11 10 10 0 0 0 0 0 0 0 0 0 0 0 0
79 77 77 80 80 80 81 81 79 79 79 76 76 76 74 74 72 72 72 68 68 65 65 65 62 62 62 61 61 65 65 65 68 68 68 65 65 55 55 55 45 45 38 38 38 36 36 36 36 36 40 40 40 48 48 55 55 55 62 62 62 65 65 64 64 64 60 60 60 53 53 44 44 44 32 32 19 19 19 11 11 11 10 10 0 0 0 0 0 0 0 0 0 0 0 0
79 77 77 80 80 80 81 81 79 79 79 76 76 76 74 74 72 72 72 68 68 65 65 65 62 62 62 61 61 65 65 65 68 68 68 65 65 55 55 55 45 45 38 38 38 36 36 36 36 36 40 40 40 48 48 55 55 55 62 62 62 65 65 64 64 64 60 60 60 53 53 44 44 44 32 32 19 19 19 11 11 11 10 10 0 0 0 0 0 0 0 0 0 0 0 0
78 76 76 77 77 77 78 78 78 78 78 75 75 75 71 71 67 67 67 63 63 61 61 61 62 62 62 67 67 74 74 74 75 75 75 66 66 54 54 54 44 44 41 41 41 39 39 39 38 38 40 40 40 43 43 46 46 46 49 49 49 49 49 48 48 48 45 45 45 41 41 36 36 36 27 27 16 16 16 10 10 10 0 0 0 0 0 0 0 0 0 0 0 0 0 0
78 76 76 77 77 77 78 78 78 78 78 75 75 75 71 71 67 67 67 63 63 61 61 61 62 62 62 67 67 74 74 74 75 75 75 66 66 54 54 54 44 44 41 41 41 39 39 39 38 38 40 40 40 43 43 46 46 46 49 49 49 49 49 48 48 48 45 45 45 41 41 36 36 36 27 27 16 16 16 10 10 10 0 0 0 0 0 0 0 0 0 0 0 0 0 0
78 75 75 76 76 76 78 78 78 78 78 76 76 76 71 71 67 67 67 64 64 65 65 65 69 69 69 76 76 80 80 80 77 77 77 64 64 51 51 51 44 44 42 42 42 43 43 43 42 42 40 40 40 41 41 42 42 42 43 43 43 42 42 39 39 39 36 36 36 32 32 28 28 28 23 23 15 15 15 0 0 0 0 0 0 0 0 0 0 0 0 0 0 0 0 0
78 75 75 76 76 76 78 78 78 78 78 76 76 76 71 71 67 67 67 64 64 65 65 65 69 69 69 76 76 80 80 80 77 77 77 64 64 51 51 51 44 44 42 42 42 43 43 43 42 42 40 40 40 41 41 42 42 42 43 43 43 42 42 39 39 39 36 36 36 32 32 28 28 28 23 23 15 15 15 0 0 0 0 0 0 0 0 0 0 0 0 0 0 0 0 0
78 75 75 76 76 76 78 78 78 78 78 76 76 76 71 71 67 67 67 64 64 65 65 65 69 69 69 76 76 80 80 80 77 77 77 64 64 51 51 51 44 44 42 42 42 43 43 43 42 42 40 40 40 41 41 42 42 42 43 43 43 42 42 39 39 39 36 36 36 32 32 28 28 28 23 23 15 15 15 0 0 0 0 0 0 0 0 0 0 0 0 0 0 0 0 0
85 79 79 77 77 77 75 75 74 74 74 73 73 73 70 70 69 69 69 71 71 74 74 74 79 79 79 82 82 80 80 80 70 70 70 56 56 48 48 48 46 46 48 48 48 49 49 49 46 46 41 41 41 38 38 37 37 37 36 36 36 34 34 31 31 31 27 27 27 23 23 19 19 19 15 15 8 8 8 0 0 0 0 0 0 0 0 0 0 0 0 0 0 0 0 0
85 79 79 77 77 77 75 75 74 74 74 73 73 73 70 70 69 69 69 71 71 74 74 74 79 79 79 82 82 80 80 80 70 70 70 56 56 48 48 48 46 46 48 48 48 49 49 49 46 46 41 41 41 38 38 37 37 37 36 36 36 34 34 31 31 31 27 27 27 23 23 19 19 19 15 15 8 8 8 0 0 0 0 0 0 0 0 0 0 0 0 0 0 0 0 0
88 80 80 75 75 75 71 71 69 69 69 68 68 68 70 70 73 73 73 77 77 81 81 81 83 83 83 81 81 75 75 75 64 64 64 55 55 52 52 52 54 54 57 57 57 58 58 58 54 54 48 48 48 43 43 38 38 38 36 36 36 33 33 31 31 31 27 27 27 22 22 18 18 18 14 14 11 11 11 7 7 7 3 3 0 0 0 0 0 0 0 0 0 0 0 0
88 80 80 75 75 75 71 71 69 69 69 68 68 68 70 70 73 73 73 77 77 81 81 81 83 83 83 81 81 75 75 75 64 64 64 55 55 52 52 52 54 54 57 57 57 58 58 58 54 54 48 48 48 43 43 38 38 38 36 36 36 33 33 31 31 31 27 27 27 22 22 18 18 18 14 14 11 11 11 7 7 7 3 3 0 0 0 0 0 0 0 0 0 0 0 0
88 80 80 75 75 75 71 71 69 69 69 68 68 68 70 70 73 73 73 77 77 81 81 81 83 83 83 81 81 75 75 75 64 64 64 55 55 52 52 52 54 54 57 57 57 58 58 58 54 54 48 48 48 43 43 38 38 38 36 36 36 33 33 31 31 31 27 27 27 22 22 18 18 18 14 14 11 11 11 7 7 7 3 3 0 0 0 0 0 0 0 0 0 0 0 0
83 76 76 71 71 71 68 68 65 65 65 64 64 64 68 68 74 74 74 78 78 79 79 79 77 77 77 71 71 63 63 63 57 57 57 52 52 51 51 51 55 55 58 58 58 59 59 59 55 55 50 50 50 44 44 38 38 38 34 34 34 31 31 29 29 29 25 25 25 21 21 19 19 19 17 17 16 16 16 16 16 16 15 15 0 0 0 0 0 0 0 0 0 0 0 0
83 76 76 71 71 71 68 68 65 65 65 64 64 64 68 68 74 74 74 78 78 79 79 79 77 77 77 71 71 63 63 63 57 57 57 52 52 51 51 51 55 55 58 58 58 59 59 59 55 55 50 50 50 44 44 38 38 38 34 34 34 31 31 29 29 29 25 25 25 21 21 19 19 19 17 17 16 16 16 16 16 16 15 15 0 0 0 0 0 0 0 0 0 0 0 0
83 76 76 71 71 71 68 68 65 65 65 64 64 64 68 68 74 74 74 78 78 79 79 79 77 77 77 71 71 63 63 63 57 57 57 52 52 51 51 51 55 55 58 58 58 59 59 59 55 55 50 50 50 44 44 38 38 38 34 34 34 31 31 29 29 29 25 25 25 21 21 19 19 19 17 17 16 16 16 16 16 16 15 15 0 0 0 0 0 0 0 0 0 0 0 0
74 71 71 69 69 69 65 65 58 58 58 54 54 54 57 57 66 66 66 72 72 71 71 71 65 65 65 56 56 49 49 49 48 48 48 49 49 52 52 52 57 57 60 60 60 58 58 58 55 55 50 50 50 43 43 37 37 37 34 34 34 32 32 27 27 27 24 24 24 24 24 26 26 26 27 27 27 27 27 27 27 27 24 24 0 0 0 0 0 0 0 0 0 0 0 0
74 71 71 69 69 69 65 65 58 58 58 54 54 54 57 57 66 66 66 72 72 71 71 71 65 65 65 56 56 49 49 49 48 48 48 49 49 52 52 52 57 57 60 60 60 58 58 58 55 55 50 50 50 43 43 37 37 37 34 34 34 32 32 27 27 27 24 24 24 24 24 26 26 26 27 27 27 27 27 27 27 27 24 24 0 0 0 0 0 0 0 0 0 0 0 0
74 74 74 73 73 73 68 68 61 61 61 55 55 55 54 54 58 58 58 63 63 61 61 61 53 53 53 45 45 41 41 41 45 45 45 50 50 54 54 54 57 57 58 58 58 56 56 56 53 53 48 48 48 43 43 39 39 39 36 36 36 32 32 26 26 26 23 23 23 24 24 31 31 31 38 38 41 41 41 37 37 37 0 0 0 0 0 0 0 0 0 0 0 0 0 0
74 74 74 73 73 73 68 68 61 61 61 55 55 55 54 54 58 58 58 63 63 61 61 61 53 53 53 45 45 41 41 41 45 45 45 50 50 54 54 54 57 57 58 58 58 56 56 56 53 53 48 48 48 43 43 39 39 39 36 36 36 32 32 26 26 26 23 23 23 24 24 31 31 31 38 38 41 41 41 37 37 37 0 0 0 0 0 0 0 0 0 0 0 0 0 0
74 74 74 73 73 73 68 68 61 61 61 55 55 55 54 54 58 58 58 63 63 61 61 61 53 53 53 45 45 41 41 41 45 45 45 50 50 54 54 54 57 57 58 58 58 56 56 56 53 53 48 48 48 43 43 39 39 39 36 36 36 32 32 26 26 26 23 23 23 24 24 31 31 31 38 38 41 41 41 37 37 37 0 0 0 0 0 0 0 0 0 0 0 0 0 0
81 84 84 85 85 85 83 83 78 78 78 73 73 73 67 67 61 61 61 56 56 50 50 50 45 45 45 42 42 41 41 41 43 43 43 50 50 58 58 58 61 61 58 58 58 52 52 52 48 48 46 46 46 45 45 43 43 43 39 39 39 32 32 25 25 25 21 21 21 22 22 28 28 28 36 36 39 39 39 0 0 0 0 0 0 0 0 0 0 0 0 0 0 0 0 0
81 84 84 85 85 85 83 83 78 78 78 73 73 73 67 67 61 61 61 56 56 50 50 50 45 45 45 42 42 41 41 41 43 43 43 50 50 58 58 58 61 61 58 58 58 52 52 52 48 48 46 46 46 45 45 43 43 43 39 39 39 32 32 25 25 25 21 21 21 22 22 28 28 28 36 36 39 39 39 0 0 0 0 0 0 0 0 0 0 0 0 0 0 0 0 0
92 96 96 100 100 100 101 101 99 99 99 96 96 96 89 89 75 75 75 61 61 51 51 51 49 49 49 50 50 52 52 52 53 53 53 59 59 67 67 67 67 67 60 60 60 53 53 53 50 50 52 52 52 54 54 52 52 52 48 48 48 42 42 36 36 36 31 31 31 32 32 35 35 35 36 36 33 33 33 0 0 0 0 0 0 0 0 0 0 0 0 0 0 0 0 0
92 96 96 100 100 100 101 101 99 99 99 96 96 96 89 89 75 75 75 61 61 51 51 51 49 49 49 50 50 52 52 52 53 53 53 59 59 67 67 67 67 67 60 60 60 53 53 53 50 50 52 52 52 54 54 52 52 52 48 48 48 42 42 36 36 36 31 31 31 32 32 35 35 35 36 36 33 33 33 0 0 0 0 0 0 0 0 0 0 0 0 0 0 0 0 0
92 96 96 100 100 100 101 101 99 99 99 96 96 96 89 89 75 75 75 61 61 51 51 51 49 49 49 50 50 52 52 52 53 53 53 59 59 67 67 67 67 67 60 60 60 53 53 53 50 50 52 52 52 54 54 52 52 52 48 48 48 42 42 36 36 36 31 31 31 32 32 35 35 35 36 36 33 33 33 0 0 0 0 0 0 0 0 0 0 0 0 0 0 0 0 0
116 115 115 114 114 114 113 113 112 112 112 111 111 111 104 104 90 90 90 73 73 63 63 63 62 62 62 62 62 63 63 63 65 65 65 69 69 69 69 69 64 64 58 58 58 55 55 55 56 56 60 60 60 61 61 0 0 0 0 0 0 0 0 0 0 0 0 0 0 0 0 0 0 0 0 0 0 0 0 0 0 0 0 0 0 0 0 0 0 0 0 0 0 0 0 0
116 115 115 114 114 114 113 113 112 112 112 111 111 111 104 104 90 90 90 73 73 63 63 63 62 62 62 62 62 63 63 63 65 65 65 69 69 69 69 69 64 64 58 58 58 55 55 55 56 56 60 60 60 61 61 0 0 0 0 0 0 0 0 0 0 0 0 0 0 0 0 0 0 0 0 0 0 0 0 0 0 0 0 0 0 0 0 0 0 0 0 0 0 0 0 0
116 115 115 114 114 114 113 113 112 112 112 111 111 111 104 104 90 90 90 73 73 63 63 63 62 62 62 62 62 63 63 63 65 65 65 69 69 69 69 69 64 64 58 58 58 55 55 55 56 56 60 60 60 61 61 0 0 0 0 0 0 0 0 0 0 0 0 0 0 0 0 0 0 0 0 0 0 0 0 0 0 0 0 0 0 0 0 0 0 0 0 0 0 0 0 0
