SEB_model/sample_data_files/historical/hillshade/marnoon.txt
ncols         559
nrows         351
xllcorner     388608.08691406
yllcorner     7584381.3441773
cellsize      5
NODATA_value  -9999
[rows 208 to 259 of 351, columns 96 to 191 of 559]
-9999 -9999 -9999 -9999 -9999 -9999 -9999 -9999 -9999 -9999 -9999 -9999 -9999 -9999 0 0 0 0 0 0 0 0 -9999 -9999 -9999 -9999 -9999 -9999 -9999 -9999 -9999 -9999 -9999 -9999 -9999 -9999 -9999 -9999 -9999 -9999 -9999 -9999 -9999 -9999 -9999 -9999 -9999 -9999 -9999 -9999 -9999 -9999 -9999 -9999 -9999 -9999 -9999 -9999 -9999 -9999 -9999 -9999 -9999 -9999 -9999 -9999 -9999 0 0 0 0 -9999 0 0 0 0 0 0 0 0 -9999 -9999 -9999 -9999 -9999 -9999 -9999 0 -9999 0 0 0 0 0 0 0
-9999 -9999 -9999 -9999 -9999 -9999 -9999 -9999 -9999 -9999 -9999 -9999 -9999 -9999 0 0 0 0 0 0 0 0 -9999 -9999 -9999 -9999 -9999 -9999 -9999 -9999 -9999 -9999 -9999 -9999 -9999 -9999 -9999 -9999 -9999 -9999 -9999 -9999 -9999 -9999 -9999 -9999 -9999 -9999 -9999 -9999 -9999 -9999 -9999 -9999 -9999 -9999 -9999 -9999 -9999 -9999 -9999 -9999 -9999 -9999 -9999 -9999 -9999 0 0 0 0 0 0 0 0 0 0 0 0 0 0 0 0 -9999 -9999 -9999 -9999 -9999 -9999 0 0 0 0 0 0 0
-9999 -9999 -9999 -9999 -9999 -9999 -9999 -9999 -9999 -9999 -9999 -9999 -9999 0 0 0 0 0 0 0 0 10 10 -9999 -9999 -9999 -9999 -9999 -9999 -9999 -9999 -9999 -9999 -9999 -9999 -9999 -9999 -9999 -9999 -9999 -9999 -9999 -9999 -9999 -9999 -9999 -9999 -9999 -9999 -9999 -9999 -9999 -9999 -9999 -9999 -9999 -9999 -9999 -9999 -9999 -9999 -9999 -9999 -9999 -9999 -9999 -9999 -9999 0 0 0 0 0 0 0 0 0 0 0 0 0 0 0 0 0 -9999 -9999 -9999 -9999 0 0 0 0 0 0 0
-9999 -9999 -9999 -9999 -9999 -9999 -9999 -9999 -9999 -9999 -9999 -9999 -9999 0 0 0 0 0 0 0 0 10 10 -9999 -9999 -9999 -9999 -9999 -9999 -9999 -9999 -9999 -9999 -9999 -9999 -9999 -9999 -9999 -9999 -9999 -9999 -9999 -9999 -9999 -9999 -9999 -9999 -9999 -9999 -9999 -9999 -9999 -9999 -9999 -9999 -9999 -9999 -9999 -9999 -9999 -9999 -9999 -9999 -9999 -9999 -9999 -9999 -9999 0 0 0 0 0 0 0 0 0 0 0 0 0 0 0 0 0 0 0 0 0 0 0 0 0 0 0 0
-9999 -9999 -9999 -9999 -9999 -9999 -9999 -9999 -9999 -9999 -9999 -9999 0 0 0 0 8 8 8 26 26 25 25 -9999 -9999 -9999 -9999 -9999 -9999 -9999 -9999 -9999 -9999 -9999 -9999 -9999 -9999 -9999 -9999 -9999 -9999 -9999 -9999 -9999 -9999 -9999 -9999 -9999 -9999 -9999 -9999 -9999 -9999 -9999 -9999 -9999 -9999 -9999 -9999 -9999 -9999 -9999 -9999 -9999 0 0 0 0 0 0 0 39 39 39 35 35 36 36 36 12 12 12 0 0 0 0 0 0 0 0 0 0 0 0 0 0
-9999 -9999 -9999 -9999 -9999 -9999 -9999 -9999 -9999 0 0 0 0 0 0 0 8 8 8 26 26 25 25 -9999 -9999 -9999 -9999 -9999 -9999 -9999 -9999 -9999 -9999 -9999 -9999 -9999 -9999 -9999 -9999 -9999 -9999 -9999 -9999 -9999 -9999 -9999 -9999 -9999 -9999 -9999 -9999 -9999 -9999 -9999 -9999 -9999 -9999 -9999 -9999 -9999 -9999 -9999 -9999 0 0 0 0 0 0 0 0 39 39 39 35 35 36 36 36 12 12 12 0 0 0 0 0 0 0 0 0 0 0 0 0 0
-9999 -9999 -9999 0 0 0 0 0 0 0 0 0 0 0 0 0 8 8 8 26 26 25 25 -9999 -9999 -9999 -9999 -9999 -9999 -9999 -9999 -9999 -9999 -9999 -9999 -9999 -9999 -9999 -9999 -9999 -9999 -9999 -9999 -9999 -9999 -9999 -9999 -9999 -9999 -9999 -9999 -9999 -9999 -9999 -9999 -9999 -9999 -9999 -9999 -9999 -9999 -9999 0 0 0 0 0 0 0 0 0 39 39 39 35 35 36 36 36 12 12 12 0 0 0 0 0 0 0 0 0 0 0 0 0 0
0 0 0 0 0 0 0 0 0 0 0 0 0 0 0 0 14 14 14 31 31 28 28 -9999 -9999 -9999 -9999 -9999 -9999 -9999 -9999 -9999 -9999 -9999 -9999 -9999 -9999 -9999 -9999 -9999 -9999 -9999 -9999 -9999 -9999 -9999 -9999 0 0 0 -9999 -9999 -9999 -9999 -9999 -9999 -9999 -9999 -9999 -9999 -9999 -9999 0 0 0 0 0 0 0 0 0 17 17 17 48 48 51 51 51 56 56 56 57 57 59 59 59 37 37 8 8 8 6 6 6 6
0 0 0 0 0 0 0 0 0 0 0 0 0 0 0 0 14 14 14 31 31 28 -9999 -9999 -9999 -9999 -9999 -9999 -9999 -9999 -9999 -9999 -9999 -9999 -9999 -9999 -9999 -9999 -9999 -9999 -9999 -9999 -9999 -9999 -9999 0 0 0 0 0 0 0 -9999 -9999 -9999 -9999 -9999 -9999 -9999 0 0 0 0 0 0 0 0 0 0 0 0 17 17 17 48 48 51 51 51 56 56 56 57 57 59 59 59 37 37 8 8 8 6 6 6 6
0 0 0 0 0 0 0 0 0 0 0 0 0 0 0 0 14 14 14 31 31 28 -9999 -9999 -9999 -9999 -9999 -9999 -9999 -9999 -9999 -9999 -9999 -9999 -9999 -9999 -9999 -9999 -9999 28 34 34 0 0 0 0 0 0 0 0 0 0 0 0 0 0 0 0 0 0 0 0 0 0 0 0 0 0 0 0 0 17 17 17 48 48 51 51 51 56 56 56 57 57 59 59 59 37 37 8 8 8 6 6 6 6
0 0 0 0 0 0 0 0 0 0 0 27 27 27 42 42 36 36 36 32 32 28 -9999 -9999 -9999 -9999 -9999 -9999 -9999 -9999 -9999 -9999 -9999 -9999 -9999 -9999 -9999 -9999 -9999 42 33 33 0 0 0 0 0 0 0 0 0 0 0 0 0 0 0 0 0 0 0 0 0 0 0 0 42 42 42 61 61 59 59 59 60 60 61 61 61 66 66 66 68 68 70 70 70 71 71 62 62 62 47 47 47 27
0 0 0 0 0 0 0 0 0 0 0 27 27 27 42 42 36 36 36 32 32 -9999 -9999 -9999 -9999 -9999 -9999 -9999 -9999 -9999 -9999 -9999 -9999 -9999 -9999 -9999 -9999 -9999 -9999 -9999 33 33 0 0 0 0 0 0 0 0 0 0 0 0 0 0 0 0 0 0 0 0 0 0 0 0 42 42 42 61 61 59 59 59 60 60 61 61 61 66 66 66 68 68 70 70 70 71 71 62 62 62 47 47 47 27
0 32 32 38 38 38 40 40 40 40 40 41 41 41 42 42 42 42 42 -9999 -9999 -9999 -9999 -9999 -9999 -9999 -9999 -9999 -9999 -9999 -9999 -9999 -9999 -9999 -9999 -9999 -9999 -9999 -9999 -9999 58 58 22 22 22 22 22 22 71 71 97 97 97 70 70 16 16 16 0 0 0 13 13 65 65 65 85 85 85 78 78 73 73 73 68 68 67 67 67 72 72 72 75 75 74 74 74 73 73 69 69 69 62 62 62 47
0 32 32 38 38 38 40 40 40 40 40 41 41 41 42 42 42 42 -9999 -9999 -9999 -9999 -9999 -9999 -9999 -9999 -9999 -9999 -9999 -9999 -9999 -9999 -9999 -9999 -9999 -9999 -9999 -9999 -9999 61 58 58 22 22 22 22 22 22 71 71 97 97 97 70 70 16 16 16 0 0 0 13 13 65 65 65 85 85 85 78 78 73 73 73 68 68 67 67 67 72 72 72 75 75 74 74 74 73 73 69 69 69 62 62 62 47
0 32 32 38 38 38 40 40 40 40 40 41 41 41 42 42 42 42 -9999 -9999 -9999 -9999 -9999 -9999 -9999 -9999 -9999 -9999 -9999 -9999 -9999 -9999 -9999 -9999 37 48 48 61 61 61 58 58 22 22 22 22 22 22 71 71 97 97 97 70 70 16 16 16 0 0 0 13 13 65 65 65 85 85 85 78 78 73 73 73 68 68 67 67 67 72 72 72 75 75 74 74 74 73 73 69 69 69 62 62 62 47
0 23 23 39 39 39 40 40 40 40 40 43 43 43 45 45 46 46 46 -9999 -9999 -9999 -9999 -9999 -9999 -9999 -9999 -9999 -9999 -9999 -9999 -9999 -9999 -9999 51 56 56 43 43 43 0 0 87 87 87 99 99 99 98 98 100 100 100 102 102 102 102 102 102 102 102 99 99 96 96 96 95 95 95 91 91 87 87 87 77 77 71 71 71 73 73 73 75 75 71 71 71 66 66 64 64 64 63 63 63 55
0 23 23 39 39 39 40 40 40 40 40 43 43 43 45 45 46 46 46 -9999 -9999 -9999 -9999 -9999 -9999 -9999 -9999 -9999 -9999 -9999 -9999 -9999 -9999 -9999 51 56 56 43 43 43 0 0 87 87 87 99 99 99 98 98 100 100 100 102 102 102 102 102 102 102 102 99 99 96 96 96 95 95 95 91 91 87 87 87 77 77 71 71 71 73 73 73 75 75 71 71 71 66 66 64 64 64 63 63 63 55
11 35 35 46 46 46 45 45 45 45 45 47 47 47 50 50 56 56 56 -9999 -9999 -9999 -9999 -9999 -9999 -9999 -9999 -9999 -9999 -9999 -9999 -9999 -9999 75 75 83 83 68 68 68 67 67 97 97 97 110 110 110 107 107 105 105 105 103 103 100 100 100 99 99 99 97 97 97 97 97 97 97 97 97 97 96 96 96 87 87 77 77 77 74 74 74 72 72 67 67 67 63 63 62 62 62 63 63 63 59
11 35 35 46 46 46 45 45 45 45 45 47 47 47 50 50 56 56 -9999 -9999 -9999 -9999 -9999 -9999 -9999 -9999 -9999 -9999 -9999 -9999 -9999 -9999 -9999 -9999 75 83 83 68 68 68 67 67 97 97 97 110 110 110 107 107 105 105 105 103 103 100 100 100 99 99 99 97 97 97 97 97 97 97 97 97 97 96 96 96 87 87 77 77 77 74 74 74 72 72 67 67 67 63 63 62 62 62 63 63 63 59
11 35 35 46 46 46 45 45 45 45 45 47 47 47 50 50 56 -9999 -9999 -9999 -9999 -9999 -9999 -9999 -9999 -9999 -9999 -9999 -9999 -9999 -9999 -9999 -9999 75 75 83 83 68 68 68 67 67 97 97 97 110 110 110 107 107 105 105 105 103 103 100 100 100 99 99 99 97 97 97 97 97 97 97 97 97 97 96 96 96 87 87 77 77 77 74 74 74 72 72 67 67 67 63 63 62 62 62 63 63 63 59
61 57 57 52 52 52 49 49 49 49 49 49 49 49 51 51 52 -9999 -9999 -9999 -9999 -9999 -9999 -9999 -9999 -9999 -9999 -9999 -9999 -9999 83 83 86 86 86 99 99 118 118 118 122 122 122 122 122 120 120 120 115 115 108 108 108 100 100 95 95 95 95 95 95 96 96 98 98 98 100 100 100 100 100 98 98 98 90 90 80 80 80 74 74 74 69 69 66 66 66 62 62 60 60 60 60 60 60 58
61 57 57 52 52 52 49 49 49 49 49 49 49 49 51 51 52 52 -9999 -9999 -9999 -9999 -9999 -9999 -9999 -9999 -9999 -9999 -9999 83 83 83 86 86 86 99 99 118 118 118 122 122 122 122 122 120 120 120 115 115 108 108 108 100 100 95 95 95 95 95 95 96 96 98 98 98 100 100 100 100 100 98 98 98 90 90 80 80 80 74 74 74 69 69 66 66 66 62 62 60 60 60 60 60 60 58
61 57 57 52 52 52 49 49 49 49 49 49 49 49 51 51 52 52 52 48 -9999 -9999 -9999 -9999 -9999 -9999 50 69 69 83 83 83 86 86 86 99 99 118 118 118 122 122 122 122 122 120 120 120 115 115 108 108 108 100 100 95 95 95 95 95 95 96 96 98 98 98 100 100 100 100 100 98 98 98 90 90 80 80 80 74 74 74 69 69 66 66 66 62 62 60 60 60 60 60 60 58
65 56 56 47 47 47 42 42 39 39 39 38 38 38 39 39 39 39 39 37 37 47 -9999 -9999 69 69 69 89 89 101 101 101 100 100 100 104 104 119 119 119 125 125 124 124 124 117 117 117 106 106 95 95 95 85 85 83 83 83 90 90 90 95 95 99 99 99 101 101 101 97 97 94 94 94 87 87 80 80 80 75 75 75 71 71 66 66 66 61 61 58 58 58 58 58 58 55
65 56 56 47 47 47 42 42 39 39 39 38 38 38 39 39 39 39 39 37 37 47 47 47 69 69 69 89 89 101 101 101 100 100 100 104 104 119 119 119 125 125 124 124 124 117 117 117 106 106 95 95 95 85 85 83 83 83 90 90 90 95 95 99 99 99 101 101 101 97 97 94 94 94 87 87 80 80 80 75 75 75 71 71 66 66 66 61 61 58 58 58 58 58 58 55
66 56 56 45 45 45 38 38 33 33 33 29 29 29 29 29 36 36 36 48 48 64 64 64 83 83 83 99 99 109 109 109 112 112 112 112 112 115 115 115 116 116 111 111 111 98 98 98 83 83 74 74 74 70 70 72 72 72 85 85 85 95 95 99 99 99 97 97 97 89 89 85 85 85 82 82 80 80 80 78 78 78 74 74 68 68 68 61 61 55 55 55 53 53 53 0
66 56 56 45 45 45 38 38 33 33 33 29 29 29 29 29 36 36 36 48 48 64 64 64 83 83 83 99 99 109 109 109 112 112 112 112 112 115 115 115 116 116 111 111 111 98 98 98 83 83 74 74 74 70 70 72 72 72 85 85 85 95 95 99 99 99 97 97 97 89 89 85 85 85 82 82 80 80 80 78 78 78 74 74 68 68 68 61 61 55 55 55 53 53 53 0
66 56 56 45 45 45 38 38 33 33 33 29 29 29 29 29 36 36 36 48 48 64 64 64 83 83 83 99 99 109 109 109 112 112 112 112 112 115 115 115 116 116 111 111 111 98 98 98 83 83 74 74 74 70 70 72 72 72 85 85 85 95 95 99 99 99 97 97 97 89 89 85 85 85 82 82 80 80 80 78 78 78 74 74 68 68 68 61 61 55 55 55 53 53 53 0
65 60 60 54 54 54 48 48 41 41 41 37 37 37 36 36 44 44 44 58 58 72 72 72 84 84 84 93 93 100 100 100 100 100 100 99 99 101 101 101 99 99 91 91 91 80 80 80 71 71 69 69 69 70 70 72 72 72 84 84 84 95 95 97 97 97 90 90 90 81 81 79 79 79 79 79 78 78 78 76 76 76 72 72 67 67 67 60 60 51 51 51 46 46 46 0
65 60 60 54 54 54 48 48 41 41 41 37 37 37 36 36 44 44 44 58 58 72 72 72 84 84 84 93 93 100 100 100 100 100 100 99 99 101 101 101 99 99 91 91 91 80 80 80 71 71 69 69 69 70 70 72 72 72 84 84 84 95 95 97 97 97 90 90 90 81 81 79 79 79 79 79 78 78 78 76 76 76 72 72 67 67 67 60 60 51 51 51 46 46 46 0
68 68 68 66 66 66 62 62 57 57 57 53 53 53 55 55 63 63 63 73 73 78 78 78 78 78 78 80 80 84 84 84 86 86 86 85 85 84 84 84 81 81 75 75 75 72 72 72 70 70 70 70 70 72 72 71 71 71 76 76 76 82 82 83 83 83 80 80 80 74 74 74 74 74 76 76 75 75 75 75 75 75 71 71 71 71 71 69 69 60 60 60 0 0 0 0
68 68 68 66 66 66 62 62 57 57 57 53 53 53 55 55 63 63 63 73 73 78 78 78 78 78 78 80 80 84 84 84 86 86 86 85 85 84 84 84 81 81 75 75 75 72 72 72 70 70 70 70 70 72 72 71 71 71 76 76 76 82 82 83 83 83 80 80 80 74 74 74 74 74 76 76 75 75 75 75 75 75 71 71 71 71 71 69 69 60 60 60 0 0 0 0
68 68 68 66 66 66 62 62 57 57 57 53 53 53 55 55 63 63 63 73 73 78 78 78 78 78 78 80 80 84 84 84 86 86 86 85 85 84 84 84 81 81 75 75 75 72 72 72 70 70 70 70 70 72 72 71 71 71 76 76 76 82 82 83 83 83 80 80 80 74 74 74 74 74 76 76 75 75 75 75 75 75 71 71 71 71 71 69 69 60 60 60 0 0 0 0
76 78 78 80 80 80 79 79 78 78 78 78 78 78 80 80 84 84 84 85 85 82 82 82 77 77 77 74 74 76 76 76 77 77 77 74 74 71 71 71 71 71 73 73 73 73 73 73 70 70 70 70 70 70 70 65 65 65 61 61 61 60 60 64 64 64 68 68 68 67 67 68 68 68 70 70 70 70 70 70 70 70 67 67 64 64 64 62 62 53 53 53 0 0 0 0
76 78 78 80 80 80 79 79 78 78 78 78 78 78 80 80 84 84 84 85 85 82 82 82 77 77 77 74 74 76 76 76 77 77 77 74 74 71 71 71 71 71 73 73 73 73 73 73 70 70 70 70 70 70 70 65 65 65 61 61 61 60 60 64 64 64 68 68 68 67 67 68 68 68 70 70 70 70 70 70 70 70 67 67 64 64 64 62 62 53 53 53 0 0 0 0
76 78 78 80 80 80 79 79 78 78 78 78 78 78 80 80 84 84 84 85 85 82 82 82 77 77 77 74 74 76 76 76 77 77 77 74 74 71 71 71 71 71 73 73 73 73 73 73 70 70 70 70 70 70 70 65 65 65 61 61 61 60 60 64 64 64 68 68 68 67 67 68 68 68 70 70 70 70 70 70 70 70 67 67 64 64 64 62 62 53 53 53 0 0 0 0
84 87 87 91 91 91 94 94 98 98 98 102 102 102 103 103 100 100 100 94 94 87 87 87 81 81 81 77 77 76 76 76 74 74 74 68 68 65 65 65 67 67 71 71 71 70 70 70 66 66 64 64 64 61 61 51 51 51 44 44 44 43 43 50 50 50 59 59 59 61 61 60 60 60 58 58 57 57 57 55 55 55 49 49 45 45 45 43 43 36 36 36 0 0 0 0
84 87 87 91 91 91 94 94 98 98 98 102 102 102 103 103 100 100 100 94 94 87 87 87 81 81 81 77 77 76 76 76 74 74 74 68 68 65 65 65 67 67 71 71 71 70 70 70 66 66 64 64 64 61 61 51 51 51 44 44 44 43 43 50 50 50 59 59 59 61 61 60 60 60 58 58 57 57 57 55 55 55 49 49 45 45 45 43 43 36 36 36 0 0 0 0
91 94 94 98 98 98 104 104 110 110 110 114 114 114 115 115 109 109 109 99 99 91 91 91 85 85 85 81 81 78 78 78 72 72 72 65 65 60 60 60 59 59 62 62 62 62 62 62 62 62 61 61 61 57 57 46 46 46 40 40 40 41 41 46 46 46 52 52 52 55 55 54 54 54 49 49 46 46 46 43 43 43 37 37 32 32 32 30 30 0 0 0 0 0 0 0
91 94 94 98 98 98 104 104 110 110 110 114 114 114 115 115 109 109 109 99 99 91 91 91 85 85 85 81 81 78 78 78 72 72 72 65 65 60 60 60 59 59 62 62 62 62 62 62 62 62 61 61 61 57 57 46 46 46 40 40 40 41 41 46 46 46 52 52 52 55 55 54 54 54 49 49 46 46 46 43 43 43 37 37 32 32 32 30 30 0 0 0 0 0 0 0
91 94 94 98 98 98 104 104 110 110 110 114 114 114 115 115 109 109 109 99 99 91 91 91 85 85 85 81 81 78 78 78 72 72 72 65 65 60 60 60 59 59 62 62 62 62 62 62 62 62 61 61 61 57 57 46 46 46 40 40 40 41 41 46 46 46 52 52 52 55 55 54 54 54 49 49 46 46 46 43 43 43 37 37 32 32 32 30 30 0 0 0 0 0 0 0
94 98 98 102 102 102 108 108 113 113 113 116 116 116 117 117 113 113 113 104 104 94 94 94 86 86 86 80 80 76 76 76 71 71 71 65 65 59 59 59 55 55 58 58 58 65 65 65 70 70 71 71 71 68 68 56 56 56 47 47 47 43 43 41 41 41 43 43 43 46 46 47 47 47 45 45 43 43 43 43 43 43 40 40 36 36 36 29 29 0 0 0 0 0 0 0
94 98 98 102 102 102 108 108 113 113 113 116 116 116 117 117 113 113 113 104 104 94 94 94 86 86 86 80 80 76 76 76 71 71 71 65 65 59 59 59 55 55 58 58 58 65 65 65 70 70 71 71 71 68 68 56 56 56 47 47 47 43 43 41 41 41 43 43 43 46 46 47 47 47 45 45 43 43 43 43 43 43 40 40 36 36 36 29 29 0 0 0 0 0 0 0
94 98 98 102 102 102 108 108 113 113 113 116 116 116 117 117 113 113 113 104 104 94 94 94 86 86 86 80 80 76 76 76 71 71 71 65 65 59 59 59 55 55 58 58 58 65 65 65 70 70 71 71 71 68 68 56 56 56 47 47 47 43 43 41 41 41 43 43 43 46 46 47 47 47 45 45 43 43 43 43 43 43 40 40 36 36 36 29 29 0 0 0 0 0 0 0
100 104 104 106 106 106 107 107 109 109 109 113 113 113 115 115 114 114 114 109 109 100 100 100 90 90 90 81 81 76 76 76 71 71 71 65 65 60 60 60 55 55 57 57 57 68 68 68 79 79 82 82 82 79 79 68 68 68 57 57 57 47 47 39 39 39 37 37 37 41 41 47 47 47 49 49 51 51 51 53 53 53 52 52 48 48 48 41 41 0 0 0 0 0 0 0
100 104 104 106 106 106 107 107 109 109 109 113 113 113 115 115 114 114 114 109 109 100 100 100 90 90 90 81 81 76 76 76 71 71 71 65 65 60 60 60 55 55 57 57 57 68 68 68 79 79 82 82 82 79 79 68 68 68 57 57 57 47 47 39 39 39 37 37 37 41 41 47 47 47 49 49 51 51 51 53 53 53 52 52 48 48 48 41 41 0 0 0 0 0 0 0
111 114 114 109 109 109 102 102 102 102 102 108 108 108 113 113 114 114 114 112 112 105 105 105 95 95 95 85 85 78 78 78 73 73 73 68 68 64 64 64 60 60 59 59 59 64 64 64 72 72 83 83 83 92 92 85 85 85 67 67 67 49 49 38 38 38 34 34 34 36 36 45 45 45 49 49 48 48 48 47 47 47 46 46 43 43 43 41 41 0 0 0 0 0 0 0
111 114 114 109 109 109 102 102 102 102 102 108 108 108 113 113 114 114 114 112 112 105 105 105 95 95 95 85 85 78 78 78 73 73 73 68 68 64 64 64 60 60 59 59 59 64 64 64 72 72 83 83 83 92 92 85 85 85 67 67 67 49 49 38 38 38 34 34 34 36 36 45 45 45 49 49 48 48 48 47 47 47 46 46 43 43 43 41 41 0 0 0 0 0 0 0
111 114 114 109 109 109 102 102 102 102 102 108 108 108 113 113 114 114 114 112 112 105 105 105 95 95 95 85 85 78 78 78 73 73 73 68 68 64 64 64 60 60 59 59 59 64 64 64 72 72 83 83 83 92 92 85 85 85 67 67 67 49 49 38 38 38 34 34 34 36 36 45 45 45 49 49 48 48 48 47 47 47 46 46 43 43 43 41 41 0 0 0 0 0 0 0
118 119 119 109 109 109 99 99 100 100 100 108 108 108 112 112 112 112 112 110 110 105 105 105 97 97 97 86 86 78 78 78 74 74 74 71 71 68 68 68 66 66 65 65 65 65 65 65 70 70 80 80 80 93 93 95 95 95 78 78 78 54 54 38 38 38 31 31 31 30 30 35 35 35 33 33 27 27 27 23 23 23 23 23 27 27 27 0 0 0 0 0 0 0 0 0
118 119 119 109 109 109 99 99 100 100 100 108 108 108 112 112 112 112 112 110 110 105 105 105 97 97 97 86 86 78 78 78 74 74 74 71 71 68 68 68 66 66 65 65 65 65 65 65 70 70 80 80 80 93 93 95 95 95 78 78 78 54 54 38 38 38 31 31 31 30 30 35 35 35 33 33 27 27 27 23 23 23 23 23 27 27 27 0 0 0 0 0 0 0 0 0
109 107 107 103 103 103 102 102 104 104 104 109 109 109 110 110 108 108 108 102 102 96 96 96 89 89 89 81 81 76 76 76 73 73 73 71 71 70 70 70 70 70 71 71 71 73 73 73 77 77 81 81 81 88 88 94 94 94 90 90 90 71 71 52 52 52 41 41 41 35 35 33 33 33 28 28 21 21 21 18 18 18 19 19 21 21 21 0 0 0 0 0 0 0 0 0
