SEB_model/sample_data_files/historical/hillshade/marnoon.txt
ncols         559
nrows         351
xllcorner     388608.08691406
yllcorner     7584381.3441773
cellsize      5
NODATA_value  -9999
[rows 52 to 103 of 351, columns 192 to 287 of 559]
-9999 -9999 -9999 -9999 -9999 -9999 -9999 -9999 -9999 -9999 -9999 -9999 -9999 -9999 -9999 -9999 -9999 -9999 -9999 -9999 -9999 -9999 -9999 -9999 -9999 -9999 -9999 -9999 -9999 -9999 -9999 -9999 -9999 -9999 -9999 -9999 -9999 -9999 -9999 -9999 -9999 -9999 -9999 -9999 -9999 -9999 -9999 -9999 -9999 -9999 -9999 -9999 -9999 -9999 -9999 -9999 -9999 -9999 -9999 -9999 -9999 -9999 -9999 -9999 -9999 -9999 -9999 -9999 -9999 -9999 -9999 -9999 -9999 -9999 -9999 -9999 -9999 -9999 -9999 -9999 -9999 -9999 -9999 -9999 -9999 -9999 -9999 -9999 -9999 -9999 -9999 -9999 -9999 -9999 -9999 -9999
-9999 -9999 -9999 -9999 -9999 -9999 -9999 -9999 -9999 -9999 -9999 -9999 -9999 -9999 -9999 -9999 -9999 -9999 -9999 -9999 -9999 -9999 -9999 -9999 -9999 -9999 -9999 -9999 -9999 -9999 -9999 -9999 -9999 -9999 -9999 -9999 -9999 -9999 -9999 -9999 -9999 -9999 -9999 -9999 -9999 -9999 -9999 -9999 -9999 -9999 -9999 -9999 -9999 -9999 -9999 -9999 -9999 -9999 -9999 -9999 -9999 -9999 -9999 -9999 -9999 -9999 -9999 -9999 -9999 -9999 -9999 -9999 -9999 -9999 -9999 -9999 -9999 -9999 -9999 -9999 -9999 -9999 -9999 -9999 -9999 -9999 -9999 -9999 -9999 -9999 -9999 -9999 -9999 -9999 -9999 -9999
-9999 -9999 -9999 -9999 -9999 -9999 -9999 -9999 -9999 -9999 -9999 -9999 -9999 -9999 -9999 -9999 -9999 -9999 -9999 -9999 -9999 -9999 -9999 -9999 -9999 -9999 -9999 -9999 -9999 -9999 -9999 -9999 -9999 -9999 -9999 -9999 -9999 -9999 -9999 -9999 -9999 -9999 -9999 -9999 -9999 -9999 -9999 -9999 -9999 -9999 -9999 -9999 -9999 -9999 -9999 -9999 -9999 -9999 -9999 -9999 -9999 -9999 -9999 -9999 -9999 -9999 -9999 -9999 -9999 -9999 -9999 -9999 -9999 -9999 -9999 -9999 -9999 -9999 -9999 -9999 -9999 -9999 -9999 -9999 -9999 -9999 -9999 -9999 -9999 -9999 -9999 -9999 -9999 -9999 -9999 -9999
-9999 -9999 -9999 -9999 -9999 -9999 -9999 -9999 -9999 -9999 -9999 -9999 -9999 -9999 -9999 -9999 -9999 -9999 -9999 -9999 -9999 -9999 -9999 -9999 -9999 -9999 -9999 -9999 -9999 -9999 -9999 -9999 -9999 -9999 -9999 -9999 -9999 -9999 -9999 -9999 -9999 -9999 -9999 -9999 -9999 -9999 -9999 -9999 -9999 -9999 -9999 -9999 -9999 -9999 -9999 -9999 -9999 -9999 -9999 -9999 -9999 -9999 -9999 -9999 -9999 -9999 -9999 -9999 -9999 -9999 -9999 -9999 -9999 -9999 -9999 -9999 -9999 -9999 -9999 -9999 -9999 -9999 -9999 -9999 -9999 -9999 -9999 -9999 -9999 -9999 -9999 -9999 -9999 -9999 -9999 173
-9999 -9999 -9999 -9999 -9999 -9999 -9999 -9999 -9999 -9999 -9999 -9999 -9999 -9999 -9999 -9999 -9999 -9999 -9999 -9999 -9999 -9999 -9999 -9999 -9999 -9999 -9999 -9999 -9999 -9999 -9999 -9999 -9999 -9999 -9999 -9999 -9999 -9999 -9999 -9999 -9999 -9999 -9999 -9999 -9999 -9999 -9999 -9999 -9999 -9999 -9999 -9999 -9999 -9999 -9999 -9999 -9999 -9999 -9999 -9999 -9999 -9999 -9999 -9999 -9999 -9999 -9999 -9999 -9999 -9999 -9999 -9999 -9999 -9999 -9999 -9999 -9999 -9999 -9999 -9999 -9999 -9999 -9999 -9999 -9999 -9999 -9999 -9999 -9999 -9999 -9999 -9999 -9999 -9999 -9999 173
-9999 -9999 -9999 -9999 -9999 -9999 -9999 -9999 -9999 -9999 -9999 -9999 -9999 -9999 -9999 -9999 -9999 -9999 -9999 -9999 -9999 -9999 -9999 -9999 -9999 -9999 -9999 -9999 -9999 -9999 -9999 -9999 -9999 -9999 -9999 -9999 -9999 -9999 -9999 -9999 -9999 -9999 -9999 -9999 -9999 -9999 -9999 -9999 -9999 -9999 -9999 -9999 -9999 -9999 -9999 -9999 -9999 -9999 -9999 -9999 -9999 -9999 -9999 -9999 -9999 -9999 -9999 -9999 -9999 -9999 -9999 -9999 -9999 -9999 -9999 -9999 -9999 -9999 -9999 -9999 -9999 -9999 -9999 -9999 -9999 -9999 -9999 -9999 -9999 -9999 -9999 -9999 -9999 -9999 -9999 173
-9999 -9999 -9999 -9999 -9999 -9999 -9999 -9999 -9999 -9999 -9999 -9999 -9999 -9999 -9999 -9999 -9999 -9999 -9999 -9999 -9999 -9999 -9999 -9999 -9999 -9999 -9999 -9999 -9999 -9999 -9999 -9999 -9999 -9999 -9999 -9999 -9999 -9999 -9999 -9999 -9999 -9999 -9999 -9999 -9999 -9999 -9999 -9999 -9999 -9999 -9999 -9999 -9999 -9999 -9999 -9999 -9999 -9999 -9999 -9999 -9999 -9999 -9999 -9999 -9999 -9999 -9999 -9999 -9999 -9999 -9999 -9999 -9999 -9999 -9999 -9999 -9999 -9999 -9999 -9999 -9999 -9999 -9999 -9999 -9999 -9999 -9999 -9999 -9999 -9999 -9999 -9999 -9999 -9999 -9999 160
-9999 -9999 -9999 -9999 -9999 -9999 -9999 -9999 -9999 -9999 -9999 -9999 -9999 -9999 -9999 -9999 -9999 -9999 -9999 -9999 -9999 -9999 -9999 -9999 -9999 -9999 -9999 -9999 -9999 -9999 -9999 -9999 -9999 -9999 -9999 -9999 -9999 -9999 -9999 -9999 -9999 -9999 -9999 -9999 -9999 -9999 -9999 -9999 -9999 -9999 -9999 -9999 -9999 -9999 -9999 -9999 -9999 -9999 -9999 -9999 -9999 -9999 -9999 -9999 -9999 -9999 -9999 -9999 -9999 -9999 -9999 -9999 -9999 -9999 -9999 -9999 -9999 -9999 -9999 -9999 -9999 -9999 -9999 -9999 -9999 -9999 -9999 -9999 -9999 -9999 -9999 -9999 -9999 -9999 -9999 -9999
-9999 -9999 -9999 -9999 -9999 -9999 -9999 -9999 -9999 -9999 -9999 -9999 -9999 -9999 -9999 -9999 -9999 -9999 -9999 -9999 -9999 -9999 -9999 -9999 -9999 -9999 -9999 -9999 -9999 -9999 -9999 -9999 -9999 -9999 -9999 -9999 -9999 -9999 -9999 -9999 -9999 -9999 -9999 -9999 -9999 -9999 -9999 -9999 -9999 -9999 -9999 -9999 -9999 -9999 -9999 -9999 -9999 -9999 -9999 -9999 -9999 -9999 -9999 -9999 -9999 -9999 -9999 -9999 -9999 -9999 -9999 -9999 -9999 -9999 -9999 -9999 188 -9999 -9999 -9999 -9999 -9999 -9999 -9999 -9999 -9999 -9999 -9999 -9999 -9999 -9999 -9999 -9999 -9999 -9999 -9999
-9999 -9999 -9999 -9999 -9999 -9999 -9999 -9999 -9999 -9999 -9999 -9999 -9999 -9999 -9999 -9999 -9999 -9999 -9999 -9999 -9999 -9999 -9999 -9999 -9999 -9999 -9999 -9999 -9999 -9999 -9999 -9999 -9999 -9999 -9999 -9999 -9999 -9999 -9999 -9999 -9999 -9999 -9999 -9999 -9999 -9999 -9999 -9999 -9999 -9999 -9999 -9999 -9999 -9999 -9999 -9999 -9999 -9999 -9999 -9999 -9999 -9999 -9999 -9999 -9999 -9999 -9999 -9999 -9999 -9999 -9999 -9999 -9999 -9999 189 187 187 184 -9999 -9999 -9999 -9999 -9999 -9999 -9999 -9999 -9999 -9999 -9999 -9999 -9999 -9999 -9999 -9999 -9999 -9999
-9999 -9999 -9999 -9999 -9999 -9999 -9999 -9999 -9999 -9999 -9999 -9999 -9999 -9999 -9999 -9999 -9999 -9999 -9999 -9999 -9999 -9999 -9999 -9999 -9999 -9999 -9999 -9999 -9999 -9999 -9999 -9999 -9999 -9999 -9999 -9999 -9999 -9999 -9999 -9999 -9999 -9999 -9999 -9999 -9999 -9999 -9999 -9999 -9999 -9999 -9999 -9999 -9999 -9999 -9999 -9999 -9999 -9999 -9999 -9999 -9999 -9999 -9999 -9999 -9999 -9999 -9999 -9999 -9999 -9999 -9999 -9999 189 189 189 187 187 184 184 -9999 -9999 -9999 -9999 -9999 -9999 -9999 -9999 -9999 -9999 -9999 -9999 -9999 -9999 -9999 -9999 -9999
-9999 -9999 -9999 -9999 -9999 -9999 -9999 -9999 -9999 -9999 -9999 -9999 -9999 -9999 -9999 -9999 -9999 -9999 -9999 -9999 -9999 -9999 -9999 -9999 -9999 -9999 -9999 -9999 -9999 -9999 -9999 -9999 -9999 -9999 -9999 -9999 -9999 -9999 -9999 -9999 -9999 -9999 -9999 -9999 -9999 -9999 -9999 -9999 -9999 -9999 -9999 -9999 -9999 -9999 -9999 -9999 -9999 -9999 -9999 -9999 -9999 -9999 -9999 -9999 -9999 -9999 -9999 -9999 192 191 191 191 190 190 190 188 188 184 184 -9999 -9999 -9999 -9999 -9999 -9999 -9999 -9999 -9999 -9999 -9999 -9999 -9999 -9999 -9999 -9999 156
-9999 -9999 -9999 -9999 -9999 -9999 -9999 -9999 -9999 -9999 -9999 -9999 -9999 -9999 -9999 -9999 -9999 -9999 -9999 -9999 -9999 -9999 -9999 -9999 -9999 -9999 -9999 -9999 -9999 -9999 -9999 -9999 -9999 -9999 -9999 -9999 -9999 -9999 -9999 -9999 -9999 -9999 -9999 -9999 -9999 -9999 -9999 -9999 -9999 -9999 -9999 -9999 -9999 -9999 -9999 -9999 -9999 -9999 -9999 -9999 -9999 -9999 -9999 -9999 -9999 192 192 192 192 191 191 191 190 190 190 188 188 184 184 184 -9999 -9999 -9999 -9999 -9999 -9999 -9999 -9999 -9999 -9999 -9999 -9999 -9999 156 156 156
-9999 -9999 -9999 -9999 -9999 -9999 -9999 -9999 -9999 -9999 -9999 -9999 -9999 -9999 -9999 -9999 -9999 -9999 -9999 -9999 -9999 -9999 -9999 -9999 -9999 -9999 -9999 -9999 -9999 -9999 -9999 -9999 -9999 -9999 -9999 -9999 -9999 -9999 -9999 -9999 -9999 -9999 -9999 -9999 -9999 -9999 -9999 -9999 -9999 -9999 -9999 -9999 -9999 -9999 -9999 -9999 -9999 -9999 -9999 -9999 -9999 -9999 -9999 -9999 192 192 192 192 192 191 191 191 190 190 190 188 188 184 184 184 -9999 -9999 -9999 -9999 -9999 -9999 -9999 -9999 -9999 -9999 159 159 159 156 156 156
212 -9999 -9999 -9999 -9999 -9999 -9999 -9999 -9999 -9999 -9999 -9999 -9999 -9999 -9999 -9999 -9999 -9999 -9999 -9999 -9999 -9999 -9999 -9999 -9999 -9999 -9999 -9999 -9999 -9999 -9999 -9999 -9999 -9999 -9999 -9999 -9999 -9999 -9999 -9999 -9999 -9999 -9999 -9999 -9999 -9999 -9999 -9999 -9999 -9999 -9999 -9999 -9999 -9999 -9999 -9999 -9999 -9999 -9999 -9999 -9999 -9999 -9999 191 193 193 193 194 194 193 193 193 192 192 192 190 190 186 186 186 182 -9999 -9999 -9999 -9999 -9999 -9999 -9999 169 169 165 165 165 162 162 162
212 215 215 -9999 -9999 -9999 -9999 -9999 -9999 -9999 -9999 -9999 -9999 -9999 -9999 -9999 -9999 -9999 -9999 -9999 -9999 -9999 -9999 -9999 -9999 -9999 -9999 -9999 -9999 -9999 -9999 -9999 -9999 -9999 -9999 -9999 -9999 -9999 -9999 -9999 -9999 -9999 -9999 -9999 -9999 -9999 -9999 -9999 -9999 -9999 -9999 -9999 -9999 -9999 -9999 -9999 -9999 -9999 -9999 -9999 -9999 -9999 191 191 193 193 193 194 194 193 193 193 192 192 192 190 190 186 186 186 182 182 177 177 177 173 173 173 169 169 165 165 165 162 162 162
211 215 215 215 217 217 217 -9999 -9999 -9999 -9999 -9999 -9999 -9999 -9999 -9999 -9999 -9999 -9999 -9999 -9999 -9999 -9999 -9999 -9999 -9999 -9999 -9999 -9999 -9999 -9999 -9999 -9999 -9999 -9999 -9999 -9999 -9999 -9999 -9999 -9999 -9999 -9999 -9999 -9999 -9999 -9999 -9999 -9999 -9999 -9999 -9999 -9999 -9999 -9999 -9999 -9999 -9999 -9999 -9999 -9999 -9999 191 191 192 192 192 194 194 195 195 195 194 194 194 191 191 187 187 187 182 182 178 178 178 175 175 175 172 172 170 170 170 167 167 167
211 215 215 215 217 217 217 217 217 215 215 215 214 214 -9999 -9999 -9999 -9999 -9999 211 211 211 -9999 -9999 -9999 -9999 -9999 -9999 -9999 -9999 -9999 -9999 -9999 -9999 -9999 -9999 -9999 -9999 -9999 -9999 -9999 -9999 -9999 -9999 -9999 -9999 -9999 -9999 -9999 -9999 -9999 -9999 -9999 -9999 -9999 -9999 -9999 -9999 -9999 -9999 191 191 191 191 192 192 192 194 194 195 195 195 194 194 194 191 191 187 187 187 182 182 178 178 178 175 175 175 172 172 170 170 170 167 167 167
211 215 215 215 217 217 217 217 217 215 215 215 214 214 213 -9999 -9999 211 211 211 211 211 210 -9999 -9999 -9999 -9999 -9999 -9999 -9999 -9999 -9999 -9999 -9999 -9999 -9999 -9999 -9999 -9999 -9999 -9999 -9999 -9999 -9999 -9999 -9999 -9999 -9999 -9999 -9999 -9999 -9999 -9999 -9999 -9999 199 195 195 195 191 191 191 191 191 192 192 192 194 194 195 195 195 194 194 194 191 191 187 187 187 182 182 178 178 178 175 175 175 172 172 170 170 170 167 167 167
213 216 216 216 218 218 218 218 218 217 217 217 216 216 214 214 214 213 213 213 211 211 210 210 210 -9999 -9999 -9999 -9999 -9999 -9999 -9999 -9999 -9999 -9999 -9999 -9999 -9999 -9999 -9999 -9999 -9999 -9999 -9999 -9999 -9999 -9999 -9999 -9999 -9999 205 203 203 203 199 199 194 194 194 190 190 190 188 188 188 188 188 191 191 194 194 194 193 193 193 190 190 186 186 186 181 181 177 177 177 173 173 173 171 171 169 169 169 168 168 168
213 216 216 216 218 218 218 218 218 217 217 217 216 216 214 214 214 213 213 213 211 211 210 210 210 209 -9999 -9999 -9999 -9999 -9999 -9999 -9999 -9999 -9999 -9999 -9999 -9999 -9999 -9999 -9999 -9999 -9999 -9999 -9999 -9999 -9999 -9999 -9999 205 205 203 203 203 199 199 194 194 194 190 190 190 188 188 188 188 188 191 191 194 194 194 193 193 193 190 190 186 186 186 181 181 177 177 177 173 173 173 171 171 169 169 169 168 168 168
213 216 216 216 218 218 218 218 218 217 217 217 216 216 214 214 214 213 213 213 211 211 210 210 210 209 209 -9999 -9999 -9999 -9999 -9999 -9999 -9999 -9999 -9999 -9999 -9999 -9999 -9999 -9999 -9999 -9999 -9999 -9999 -9999 -9999 206 205 205 205 203 203 203 199 199 194 194 194 190 190 190 188 188 188 188 188 191 191 194 194 194 193 193 193 190 190 186 186 186 181 181 177 177 177 173 173 173 171 171 169 169 169 168 168 168
212 215 215 215 218 218 218 220 220 220 220 220 218 218 217 217 217 215 215 215 213 213 210 210 210 207 207 -9999 -9999 -9999 -9999 -9999 -9999 -9999 -9999 -9999 -9999 -9999 -9999 -9999 -9999 -9999 -9999 -9999 -9999 -9999 205 205 203 203 203 200 200 200 196 196 192 192 192 188 188 188 184 184 182 182 182 184 184 187 187 187 188 188 188 186 186 182 182 182 178 178 173 173 173 169 169 169 166 166 163 163 163 158 158 158
212 215 215 215 218 218 218 220 220 220 220 220 218 218 217 217 217 215 215 215 213 213 210 210 210 207 207 -9999 -9999 -9999 -9999 -9999 -9999 -9999 -9999 -9999 -9999 -9999 -9999 -9999 -9999 -9999 -9999 -9999 208 208 205 205 203 203 203 200 200 200 196 196 192 192 192 188 188 188 184 184 182 182 182 184 184 187 187 187 188 188 188 186 186 182 182 182 178 178 173 173 173 169 169 169 166 166 163 163 163 158 158 158
210 213 213 213 217 217 217 219 219 220 220 220 218 218 217 217 217 215 215 215 213 213 209 209 209 206 206 -9999 -9999 -9999 -9999 -9999 -9999 -9999 -9999 -9999 -9999 -9999 -9999 -9999 -9999 -9999 -9999 206 206 206 204 204 201 201 201 197 197 197 193 193 189 189 189 184 184 184 179 179 175 175 175 174 174 176 176 176 178 178 178 177 177 172 172 172 164 164 158 158 158 154 154 154 148 148 143 143 143 137 137 137
210 213 213 213 217 217 217 219 219 220 220 220 218 218 217 217 217 215 215 215 213 213 209 209 209 206 206 206 -9999 -9999 -9999 -9999 -9999 -9999 -9999 -9999 -9999 -9999 -9999 -9999 -9999 208 208 206 206 206 204 204 201 201 201 197 197 197 193 193 189 189 189 184 184 184 179 179 175 175 175 174 174 176 176 176 178 178 178 177 177 172 172 172 164 164 158 158 158 154 154 154 148 148 143 143 143 137 137 137
210 213 213 213 217 217 217 219 219 220 220 220 218 218 217 217 217 215 215 215 213 213 209 209 209 206 206 206 203 -9999 -9999 -9999 -9999 -9999 -9999 -9999 -9999 -9999 -9999 207 207 208 208 206 206 206 204 204 201 201 201 197 197 197 193 193 189 189 189 184 184 184 179 179 175 175 175 174 174 176 176 176 178 178 178 177 177 172 172 172 164 164 158 158 158 154 154 154 148 148 143 143 143 137 137 137
206 208 208 208 212 212 212 216 216 217 217 217 216 216 214 214 214 213 213 213 211 211 207 207 207 204 204 204 201 201 199 199 -9999 -9999 -9999 200 200 200 202 202 202 204 204 205 205 205 204 204 201 201 201 196 196 196 191 191 187 187 187 182 182 182 176 176 170 170 170 166 166 164 164 164 162 162 162 158 158 152 152 152 144 144 136 136 136 131 131 131 124 124 120 120 120 119 119 119
206 208 208 208 212 212 212 216 216 217 217 217 216 216 214 214 214 213 213 213 211 211 207 207 207 204 204 204 201 201 199 199 199 199 199 200 200 200 202 202 202 204 204 205 205 205 204 204 201 201 201 196 196 196 191 191 187 187 187 182 182 182 176 176 170 170 170 166 166 164 164 164 162 162 162 158 158 152 152 152 144 144 136 136 136 131 131 131 124 124 120 120 120 119 119 119
200 201 201 201 204 204 204 209 209 211 211 211 211 211 209 209 209 207 207 207 206 206 203 203 203 200 200 200 197 197 197 197 197 197 197 198 198 198 200 200 200 203 203 205 205 205 205 205 202 202 202 197 197 197 191 191 186 186 186 181 181 181 175 175 168 168 168 161 161 153 153 153 143 143 143 135 135 132 132 132 129 129 123 123 123 118 118 118 112 112 109 109 109 110 110 110
200 201 201 201 204 204 204 209 209 211 211 211 211 211 209 209 209 207 207 207 206 206 203 203 203 200 200 200 197 197 197 197 197 197 197 198 198 198 200 200 200 203 203 205 205 205 205 205 202 202 202 197 197 197 191 191 186 186 186 181 181 181 175 175 168 168 168 161 161 153 153 153 143 143 143 135 135 132 132 132 129 129 123 123 123 118 118 118 112 112 109 109 109 110 110 110
200 201 201 201 204 204 204 209 209 211 211 211 211 211 209 209 209 207 207 207 206 206 203 203 203 200 200 200 197 197 197 197 197 197 197 198 198 198 200 200 200 203 203 205 205 205 205 205 202 202 202 197 197 197 191 191 186 186 186 181 181 181 175 175 168 168 168 161 161 153 153 153 143 143 143 135 135 132 132 132 129 129 123 123 123 118 118 118 112 112 109 109 109 110 110 110
194 194 194 194 195 195 195 199 199 203 203 203 204 204 203 203 203 201 201 201 200 200 198 198 198 196 196 196 193 193 192 192 192 193 193 195 195 195 198 198 198 202 202 204 204 204 205 205 202 202 202 198 198 198 192 192 186 186 186 180 180 180 174 174 165 165 165 153 153 142 142 142 134 134 134 128 128 126 126 126 123 123 118 118 118 113 113 113 108 108 106 106 106 106 106 106
194 194 194 194 195 195 195 199 199 203 203 203 204 204 203 203 203 201 201 201 200 200 198 198 198 196 196 196 193 193 192 192 192 193 193 195 195 195 198 198 198 202 202 204 204 204 205 205 202 202 202 198 198 198 192 192 186 186 186 180 180 180 174 174 165 165 165 153 153 142 142 142 134 134 134 128 128 126 126 126 123 123 118 118 118 113 113 113 108 108 106 106 106 106 106 106
194 194 194 194 195 195 195 199 199 203 203 203 204 204 203 203 203 201 201 201 200 200 198 198 198 196 196 196 193 193 192 192 192 193 193 195 195 195 198 198 198 202 202 204 204 204 205 205 202 202 202 198 198 198 192 192 186 186 186 180 180 180 174 174 165 165 165 153 153 142 142 142 134 134 134 128 128 126 126 126 123 123 118 118 118 113 113 113 108 108 106 106 106 106 106 106
186 187 187 187 186 186 186 188 188 192 192 192 195 195 196 196 196 196 196 196 195 195 195 195 195 193 193 193 190 190 187 187 187 187 187 189 189 189 192 192 192 197 197 200 200 200 201 201 199 199 199 194 194 194 189 189 183 183 183 177 177 177 167 167 154 154 154 141 141 134 134 134 130 130 130 127 127 126 126 126 122 122 117 117 117 113 113 113 109 109 107 107 107 106 106 106
186 187 187 187 186 186 186 188 188 192 192 192 195 195 196 196 196 196 196 196 195 195 195 195 195 193 193 193 190 190 187 187 187 187 187 189 189 189 192 192 192 197 197 200 200 200 201 201 199 199 199 194 194 194 189 189 183 183 183 177 177 177 167 167 154 154 154 141 141 134 134 134 130 130 130 127 127 126 126 126 122 122 117 117 117 113 113 113 109 109 107 107 107 106 106 106
180 180 180 180 179 179 179 178 178 180 180 180 185 185 189 189 189 192 192 192 192 192 192 192 192 190 190 190 186 186 181 181 181 179 179 179 179 179 181 181 181 186 186 190 190 190 192 192 189 189 189 185 185 185 179 179 170 170 170 158 158 158 144 144 133 133 133 126 126 123 123 123 122 122 122 121 121 119 119 119 116 116 113 113 113 111 111 111 109 109 106 106 106 104 104 104
180 180 180 180 179 179 179 178 178 180 180 180 185 185 189 189 189 192 192 192 192 192 192 192 192 190 190 190 186 186 181 181 181 179 179 179 179 179 181 181 181 186 186 190 190 190 192 192 189 189 189 185 185 185 179 179 170 170 170 158 158 158 144 144 133 133 133 126 126 123 123 123 122 122 122 121 121 119 119 119 116 116 113 113 113 111 111 111 109 109 106 106 106 104 104 104
180 180 180 180 179 179 179 178 178 180 180 180 185 185 189 189 189 192 192 192 192 192 192 192 192 190 190 190 186 186 181 181 181 179 179 179 179 179 181 181 181 186 186 190 190 190 192 192 189 189 189 185 185 185 179 179 170 170 170 158 158 158 144 144 133 133 133 126 126 123 123 123 122 122 122 121 121 119 119 119 116 116 113 113 113 111 111 111 109 109 106 106 106 104 104 104
176 175 175 175 174 174 174 172 172 174 174 174 178 178 184 184 184 189 189 189 191 191 190 190 190 187 187 187 183 183 178 178 178 173 173 170 170 170 168 168 168 168 168 170 170 170 169 169 164 164 164 158 158 158 151 151 141 141 141 130 130 130 121 121 118 118 118 116 116 115 115 115 115 115 115 114 114 114 114 114 113 113 112 112 112 111 111 111 109 109 105 105 105 101 101 101
176 175 175 175 174 174 174 172 172 174 174 174 178 178 184 184 184 189 189 189 191 191 190 190 190 187 187 187 183 183 178 178 178 173 173 170 170 170 168 168 168 168 168 170 170 170 169 169 164 164 164 158 158 158 151 151 141 141 141 130 130 130 121 121 118 118 118 116 116 115 115 115 115 115 115 114 114 114 114 114 113 113 112 112 112 111 111 111 109 109 105 105 105 101 101 101
176 175 175 175 174 174 174 172 172 174 174 174 178 178 184 184 184 189 189 189 191 191 190 190 190 187 187 187 183 183 178 178 178 173 173 170 170 170 168 168 168 168 168 170 170 170 169 169 164 164 164 158 158 158 151 151 141 141 141 130 130 130 121 121 118 118 118 116 116 115 115 115 115 115 115 114 114 114 114 114 113 113 112 112 112 111 111 111 109 109 105 105 105 101 101 101
174 172 172 172 170 170 170 169 169 169 169 169 171 171 178 178 178 185 185 185 189 189 190 190 190 188 188 188 184 184 179 179 179 172 172 164 164 164 155 155 155 146 146 138 138 138 131 131 126 126 126 122 122 122 116 116 113 113 113 111 111 111 110 110 109 109 109 108 108 107 107 107 108 108 108 111 111 119 119 119 130 130 141 141 141 148 148 148 146 146 137 137 137 126 126 126
174 172 172 172 170 170 170 169 169 169 169 169 171 171 178 178 178 185 185 185 189 189 190 190 190 188 188 188 184 184 179 179 179 172 172 164 164 164 155 155 155 146 146 138 138 138 131 131 126 126 126 122 122 122 116 116 113 113 113 111 111 111 110 110 109 109 109 108 108 107 107 107 108 108 108 111 111 119 119 119 130 130 141 141 141 148 148 148 146 146 137 137 137 126 126 126
172 169 169 169 165 165 165 161 161 159 159 159 159 159 164 164 164 172 172 172 178 178 183 183 183 185 185 185 184 184 180 180 180 171 171 159 159 159 142 142 142 124 124 113 113 113 109 109 109 109 109 110 110 110 108 108 106 106 106 104 104 104 103 103 102 102 102 101 101 100 100 100 102 102 102 111 111 0 0 0 0 0 0 0 0 0 0 0 0 0 0 0 0 0 0 0
172 169 169 169 165 165 165 161 161 159 159 159 159 159 164 164 164 172 172 172 178 178 183 183 183 185 185 185 184 184 180 180 180 171 171 159 159 159 142 142 142 124 124 113 113 113 109 109 109 109 109 110 110 110 108 108 106 106 106 104 104 104 103 103 102 102 102 101 101 100 100 100 102 102 102 111 111 0 0 0 0 0 0 0 0 0 0 0 0 0 0 0 0 0 0 0
172 169 169 169 165 165 165 161 161 159 159 159 159 159 164 164 164 172 172 172 178 178 183 183 183 185 185 185 184 184 180 180 180 171 171 159 159 159 142 142 142 124 124 113 113 113 109 109 109 109 109 110 110 110 108 108 106 106 106 104 104 104 103 103 102 102 102 101 101 100 100 100 102 102 102 111 111 0 0 0 0 0 0 0 0 0 0 0 0 0 0 0 0 0 0 0
169 164 164 164 157 157 157 151 151 148 148 148 145 145 146 146 146 152 152 152 159 159 165 165 165 168 168 168 169 169 167 167 167 159 159 146 146 146 130 130 130 118 118 114 114 114 117 117 122 122 122 130 130 130 135 135 134 134 134 127 127 127 116 116 107 107 107 0 0 0 0 0 0 0 0 0 0 0 0 0 0 0 0 0 0 0 0 0 0 0 0 0 0 0 0 0
169 164 164 164 157 157 157 151 151 148 148 148 145 145 146 146 146 152 152 152 159 159 165 165 165 168 168 168 169 169 167 167 167 159 159 146 146 146 130 130 130 118 118 114 114 114 117 117 122 122 122 130 130 130 135 135 134 134 134 127 127 127 116 116 107 107 107 0 0 0 0 0 0 0 0 0 0 0 0 0 0 0 0 0 0 0 0 0 0 0 0 0 0 0 0 0
158 152 152 152 146 146 146 140 140 137 137 137 135 135 133 133 133 137 137 137 141 141 145 145 145 147 147 147 147 147 148 148 148 143 143 134 134 134 126 126 126 122 122 124 124 124 133 133 145 145 145 161 161 161 0 0 0 0 0 0 0 0 0 0 0 0 0 0 0 0 0 0 0 0 0 0 0 0 0 0 0 0 0 0 0 0 0 0 0 0 0 0 0 0 0 0
158 152 152 152 146 146 146 140 140 137 137 137 135 135 133 133 133 137 137 137 141 141 145 145 145 147 147 147 147 147 148 148 148 143 143 134 134 134 126 126 126 122 122 124 124 124 133 133 145 145 145 161 161 161 0 0 0 0 0 0 0 0 0 0 0 0 0 0 0 0 0 0 0 0 0 0 0 0 0 0 0 0 0 0 0 0 0 0 0 0 0 0 0 0 0 0
