SEB_model/sample_data_files/historical/hillshade/may6pm.txt
ncols         559
nrows         351
xllcorner     388608.08691406
yllcorner     7584381.3441773
cellsize      5
NODATA_value  -9999
[rows 215 to 257 of 351, columns 192 to 287 of 559]
0 0 0 0 0 0 0 0 0 0 0 0 0 0 0 0 0 0 0 0 0 0 0 0 0 0 0 0 0 0 0 0 0 0 0 0 0 0 0 0 0 0 0 0 0 0 0 0 0 0 0 0 0 0 0 0 0 0 0 0 0 0 0 0 0 0 0 37 37 43 43 43 59 59 59 62 62 73 73 73 79 79 75 75 75 77 77 77 77 77 83 83 83 92 92 92
0 0 0 0 0 0 0 0 0 0 0 0 0 0 0 0 0 0 0 0 0 0 0 0 0 0 0 0 0 0 0 0 0 0 0 0 0 0 0 0 0 0 0 0 0 0 0 0 0 0 0 0 0 0 0 0 0 0 0 0 0 0 0 0 0 0 0 37 37 43 43 43 59 59 59 62 62 73 73 73 79 79 75 75 75 77 77 77 77 77 83 83 83 92 92 92
0 0 0 0 0 0 0 0 0 0 0 0 0 0 0 0 0 0 0 0 0 0 0 0 0 0 0 0 0 0 0 0 0 0 0 0 0 0 0 0 0 0 0 0 0 0 0 0 0 0 0 0 0 0 0 0 0 0 0 0 0 0 0 0 0 0 0 37 37 43 43 43 59 59 59 62 62 73 73 73 79 79 75 75 75 77 77 77 77 77 83 83 83 92 92 92
0 0 0 0 0 0 0 0 0 0 0 0 0 0 0 0 0 0 0 0 0 0 0 0 0 0 0 0 0 0 0 0 0 0 0 0 0 0 0 0 0 0 0 0 0 0 0 0 0 0 0 0 0 0 0 0 0 0 0 0 0 0 0 0 0 0 0 46 46 53 53 53 66 66 66 65 65 69 69 69 72 72 71 71 71 75 75 75 77 77 83 83 83 97 97 97
0 0 0 0 0 0 0 0 0 0 0 0 0 0 0 0 0 0 0 0 0 0 0 0 0 0 0 0 0 0 0 0 0 0 0 0 0 0 0 0 0 0 0 0 0 0 0 0 0 0 0 0 0 0 0 0 0 0 0 0 0 0 0 0 0 0 0 46 46 53 53 53 66 66 66 65 65 69 69 69 72 72 71 71 71 75 75 75 77 77 83 83 83 97 97 97
0 0 0 0 0 0 0 0 0 0 0 0 0 0 0 0 0 0 0 0 0 0 0 0 0 0 0 0 0 0 0 0 0 0 0 0 0 0 0 0 0 0 0 0 0 0 0 0 0 0 0 0 0 0 0 0 0 0 0 0 0 0 0 0 0 0 0 47 47 54 54 54 64 64 64 62 62 63 63 63 68 68 71 71 71 78 78 78 82 82 89 89 89 105 105 105
0 0 0 0 0 0 0 0 0 0 0 0 0 0 0 0 0 0 0 0 0 0 0 0 0 0 0 0 0 0 0 0 0 0 0 0 0 0 0 0 0 0 0 0 0 0 0 0 0 0 0 0 0 0 0 0 0 0 0 0 0 0 0 0 0 0 0 47 47 54 54 54 64 64 64 62 62 63 63 63 68 68 71 71 71 78 78 78 82 82 89 89 89 105 105 105
0 0 0 0 0 0 0 0 0 0 0 0 0 0 0 0 0 0 0 0 0 0 0 0 0 0 0 0 0 0 0 0 0 0 0 0 0 0 0 0 0 0 0 0 0 0 0 0 0 0 0 0 0 0 0 0 0 0 0 0 0 0 0 0 0 0 0 47 47 54 54 54 64 64 64 62 62 63 63 63 68 68 71 71 71 78 78 78 82 82 89 89 89 105 105 105
0 0 0 0 0 0 0 0 0 0 0 0 0 0 0 0 0 0 0 0 0 0 0 0 0 0 0 0 0 0 0 0 0 0 0 0 0 0 0 0 0 0 0 0 0 0 0 0 0 0 0 0 0 0 0 0 0 0 0 0 0 0 0 0 0 0 0 45 45 52 52 52 61 61 61 61 61 63 63 63 67 67 75 75 75 87 87 87 94 94 97 97 97 105 105 105
0 0 0 0 0 0 0 0 0 0 0 0 0 0 0 0 0 0 0 0 0 0 0 0 0 0 0 0 0 0 0 0 0 0 0 0 0 0 0 0 0 0 0 0 0 0 0 0 0 0 0 0 0 0 0 0 0 0 0 0 0 0 0 0 0 0 0 45 45 52 52 52 61 61 61 61 61 63 63 63 67 67 75 75 75 87 87 87 94 94 97 97 97 105 105 105
0 0 0 0 0 0 0 0 0 0 0 0 0 0 0 0 0 0 0 0 0 0 0 0 0 0 0 0 0 0 0 0 0 0 0 0 0 0 0 0 0 0 0 0 0 0 0 0 0 0 0 0 0 0 0 0 0 0 0 0 0 0 0 0 0 0 0 45 45 50 50 50 60 60 60 65 65 69 69 69 71 71 85 85 85 100 100 100 104 104 98 98 98 96 96 96
0 0 0 0 0 0 0 0 0 0 0 0 0 0 0 0 0 0 0 0 0 0 0 0 0 0 0 0 0 0 0 0 0 0 0 0 0 0 0 0 0 0 0 0 0 0 0 0 0 0 0 0 0 0 0 0 0 0 0 0 0 0 0 0 0 0 0 45 45 50 50 50 60 60 60 65 65 69 69 69 71 71 85 85 85 100 100 100 104 104 98 98 98 96 96 96
0 0 0 0 0 0 0 0 0 0 0 0 0 0 0 0 0 0 0 0 0 0 0 0 0 0 0 0 0 0 0 0 0 0 0 0 0 0 0 0 0 0 0 0 0 0 0 0 0 0 0 0 0 0 0 0 0 0 0 0 0 0 0 0 0 0 0 45 45 50 50 50 60 60 60 65 65 69 69 69 71 71 85 85 85 100 100 100 104 104 98 98 98 96 96 96
0 0 0 0 0 0 0 0 0 0 0 0 0 0 0 0 0 0 0 0 0 0 0 0 0 0 0 0 0 0 0 0 0 0 0 0 0 0 0 0 0 0 0 0 0 0 0 0 0 0 0 0 0 0 0 0 0 0 0 0 0 0 0 0 0 0 0 54 54 58 58 58 66 66 66 73 73 76 76 76 81 81 95 95 95 108 108 108 105 105 92 92 92 86 86 86
0 0 0 0 0 0 0 0 0 0 0 0 0 0 0 0 0 0 0 0 0 0 0 0 0 0 0 0 0 0 0 0 0 0 0 0 0 0 0 0 0 0 0 0 0 0 0 0 0 0 0 0 0 0 0 0 0 0 0 0 0 0 0 0 0 0 0 54 54 58 58 58 66 66 66 73 73 76 76 76 81 81 95 95 95 108 108 108 105 105 92 92 92 86 86 86
0 0 0 0 0 0 0 0 0 0 0 0 0 0 0 0 0 0 0 0 0 0 0 0 0 0 0 0 0 0 0 0 0 0 0 0 0 0 0 0 0 0 0 0 0 0 0 0 0 0 0 0 0 0 0 0 0 0 0 0 0 0 0 0 0 0 0 54 54 58 58 58 66 66 66 73 73 76 76 76 81 81 95 95 95 108 108 108 105 105 92 92 92 86 86 86
0 0 0 0 0 0 0 0 0 0 0 0 0 0 0 0 0 0 0 0 0 0 0 0 0 0 0 0 0 0 0 0 0 0 0 0 0 0 0 0 0 0 0 0 0 0 0 0 0 0 0 0 0 0 0 0 0 0 0 0 0 0 0 0 68 68 68 70 70 69 69 69 71 71 71 75 75 79 79 79 90 90 103 103 103 108 108 108 99 99 83 83 83 77 77 77
0 0 0 0 0 0 0 0 0 0 0 0 0 0 0 0 0 0 0 0 0 0 0 0 0 0 0 0 0 0 0 0 0 0 0 0 0 0 0 0 0 0 0 0 0 0 0 0 0 0 0 0 0 0 0 0 0 0 0 0 0 0 0 0 68 68 68 70 70 69 69 69 71 71 71 75 75 79 79 79 90 90 103 103 103 108 108 108 99 99 83 83 83 77 77 77
0 0 0 0 0 0 0 0 0 0 0 0 0 0 0 0 0 0 0 0 0 0 0 0 0 0 0 0 0 0 0 0 0 0 0 0 0 0 0 0 0 0 0 0 0 0 0 0 0 0 0 0 0 0 0 0 0 0 0 0 0 0 76 76 80 80 80 79 79 75 75 75 72 72 72 73 73 83 83 83 96 96 104 104 104 100 100 100 86 86 73 73 73 70 70 70
0 0 0 0 0 0 0 0 0 0 0 0 0 0 0 0 0 0 0 0 0 0 0 0 0 0 0 0 0 0 0 0 0 0 0 0 0 0 0 0 0 0 0 0 0 0 0 0 0 0 0 0 0 0 0 0 0 0 0 0 0 0 76 76 80 80 80 79 79 75 75 75 72 72 72 73 73 83 83 83 96 96 104 104 104 100 100 100 86 86 73 73 73 70 70 70
0 0 0 0 0 0 0 0 0 0 0 0 0 0 0 0 0 0 0 0 0 0 0 0 0 0 0 0 0 0 0 0 0 0 0 0 0 0 0 0 0 0 0 0 0 0 0 0 0 0 0 0 0 0 0 0 0 0 0 0 0 0 76 76 80 80 80 79 79 75 75 75 72 72 72 73 73 83 83 83 96 96 104 104 104 100 100 100 86 86 73 73 73 70 70 70
0 0 0 0 0 0 0 0 0 0 0 0 0 0 0 0 0 0 0 0 0 0 0 0 0 0 0 0 0 0 0 0 0 0 0 0 0 0 0 0 0 0 0 0 0 0 0 0 0 0 0 0 0 0 0 0 72 72 72 77 77 77 83 83 84 84 84 82 82 77 77 77 73 73 73 77 77 88 88 88 96 96 94 94 94 83 83 83 73 73 68 68 68 66 66 66
0 0 0 0 0 0 0 0 0 0 0 0 0 0 0 0 0 0 0 0 0 0 0 0 0 0 0 0 0 0 0 0 0 0 0 0 0 0 0 0 0 0 0 0 0 0 0 0 0 0 0 0 0 0 0 0 72 72 72 77 77 77 83 83 84 84 84 82 82 77 77 77 73 73 73 77 77 88 88 88 96 96 94 94 94 83 83 83 73 73 68 68 68 66 66 66
0 0 0 0 0 0 0 0 0 0 0 0 0 0 0 0 0 0 0 0 0 0 0 0 0 0 0 0 0 0 0 0 0 0 0 0 0 0 0 0 0 0 0 0 0 0 0 0 59 59 59 68 68 68 77 77 77 77 77 79 79 79 83 83 84 84 84 81 81 78 78 78 77 77 77 84 84 93 93 93 91 91 79 79 79 68 68 68 66 66 67 67 67 65 65 65
0 0 0 0 0 0 0 0 0 0 0 0 0 0 0 0 0 0 0 0 0 0 0 0 0 0 0 0 0 0 0 0 0 0 0 0 0 0 0 0 0 0 0 0 0 0 0 0 59 59 59 68 68 68 77 77 77 77 77 79 79 79 83 83 84 84 84 81 81 78 78 78 77 77 77 84 84 93 93 93 91 91 79 79 79 68 68 68 66 66 67 67 67 65 65 65
0 0 0 0 0 0 0 0 0 0 0 0 0 0 0 0 0 0 0 0 0 0 0 0 0 0 0 0 0 0 0 0 0 0 0 0 0 0 0 0 0 0 0 0 0 0 0 0 59 59 59 68 68 68 77 77 77 77 77 79 79 79 83 83 84 84 84 81 81 78 78 78 77 77 77 84 84 93 93 93 91 91 79 79 79 68 68 68 66 66 67 67 67 65 65 65
0 0 0 0 0 0 0 0 0 0 0 0 0 0 0 0 0 0 0 0 0 0 0 0 0 0 0 0 0 0 0 0 0 0 0 0 0 0 49 49 49 59 59 70 70 70 69 69 67 67 67 72 72 72 78 78 79 79 79 79 79 79 80 80 80 80 80 79 79 77 77 77 81 81 81 90 90 93 93 93 84 84 69 69 69 61 61 61 63 63 65 65 65 64 64 64
0 0 0 0 0 0 0 0 0 0 0 0 0 0 0 0 0 0 0 0 0 0 0 0 0 0 0 0 0 0 0 0 0 0 0 0 0 0 49 49 49 59 59 70 70 70 69 69 67 67 67 72 72 72 78 78 79 79 79 79 79 79 80 80 80 80 80 79 79 77 77 77 81 81 81 90 90 93 93 93 84 84 69 69 69 61 61 61 63 63 65 65 65 64 64 64
0 0 0 0 0 0 0 0 0 0 0 0 0 0 0 0 0 0 0 0 0 0 0 0 0 0 0 0 0 0 0 0 0 0 0 0 0 0 49 49 49 59 59 70 70 70 69 69 67 67 67 72 72 72 78 78 79 79 79 79 79 79 80 80 80 80 80 79 79 77 77 77 81 81 81 90 90 93 93 93 84 84 69 69 69 61 61 61 63 63 65 65 65 64 64 64
0 0 0 0 0 0 0 0 0 0 0 0 0 0 0 0 0 0 0 0 0 0 0 0 0 0 0 0 46 46 48 48 48 45 45 47 47 47 59 59 59 74 74 81 81 81 77 77 72 72 72 73 73 73 78 78 79 79 79 78 78 78 77 77 77 77 77 76 76 77 77 77 82 82 82 90 90 90 90 90 80 80 65 65 65 60 60 60 61 61 62 62 62 62 62 62
0 0 0 0 0 0 0 0 0 0 0 0 0 0 0 0 0 0 0 0 0 0 0 0 0 0 0 0 46 46 48 48 48 45 45 47 47 47 59 59 59 74 74 81 81 81 77 77 72 72 72 73 73 73 78 78 79 79 79 78 78 78 77 77 77 77 77 76 76 77 77 77 82 82 82 90 90 90 90 90 80 80 65 65 65 60 60 60 61 61 62 62 62 62 62 62
0 0 0 0 0 0 0 0 0 0 0 0 0 0 0 0 0 0 0 0 0 0 59 59 59 57 57 57 49 49 55 55 55 55 55 58 58 58 69 69 69 78 78 82 82 82 79 79 75 75 75 73 73 73 74 74 76 76 76 77 77 77 76 76 76 76 76 76 76 76 76 76 80 80 80 85 85 84 84 84 76 76 65 65 65 60 60 60 59 59 59 59 59 60 60 60
0 0 0 0 0 0 0 0 0 0 0 0 0 0 0 0 0 0 0 0 0 0 59 59 59 57 57 57 49 49 55 55 55 55 55 58 58 58 69 69 69 78 78 82 82 82 79 79 75 75 75 73 73 73 74 74 76 76 76 77 77 77 76 76 76 76 76 76 76 76 76 76 80 80 80 85 85 84 84 84 76 76 65 65 65 60 60 60 59 59 59 59 59 60 60 60
0 0 0 0 0 0 0 0 0 0 0 0 0 0 0 0 0 0 0 0 0 0 59 59 59 57 57 57 49 49 55 55 55 55 55 58 58 58 69 69 69 78 78 82 82 82 79 79 75 75 75 73 73 73 74 74 76 76 76 77 77 77 76 76 76 76 76 76 76 76 76 76 80 80 80 85 85 84 84 84 76 76 65 65 65 60 60 60 59 59 59 59 59 60 60 60
0 0 0 0 0 0 0 0 0 0 0 0 0 0 0 0 0 61 61 61 59 59 59 59 59 62 62 62 61 61 69 69 69 70 70 68 68 68 72 72 72 75 75 78 78 78 78 78 75 75 75 72 72 72 71 71 73 73 73 76 76 76 77 77 78 78 78 77 77 76 76 76 76 76 76 77 77 77 77 77 73 73 66 66 66 61 61 61 58 58 57 57 57 58 58 58
0 0 0 0 0 0 0 0 0 0 0 0 0 0 0 0 0 61 61 61 59 59 59 59 59 62 62 62 61 61 69 69 69 70 70 68 68 68 72 72 72 75 75 78 78 78 78 78 75 75 75 72 72 72 71 71 73 73 73 76 76 76 77 77 78 78 78 77 77 76 76 76 76 76 76 77 77 77 77 77 73 73 66 66 66 61 61 61 58 58 57 57 57 58 58 58
0 0 0 0 0 0 0 0 0 0 0 0 0 0 0 0 0 61 61 61 59 59 59 59 59 62 62 62 61 61 69 69 69 70 70 68 68 68 72 72 72 75 75 78 78 78 78 78 75 75 75 72 72 72 71 71 73 73 73 76 76 76 77 77 78 78 78 77 77 76 76 76 76 76 76 77 77 77 77 77 73 73 66 66 66 61 61 61 58 58 57 57 57 58 -9999 -9999
0 0 0 0 0 0 0 0 0 0 0 0 77 77 64 64 64 61 61 61 59 59 63 63 63 74 74 74 77 77 79 79 79 75 75 71 71 71 70 70 70 70 70 72 72 72 74 74 73 73 73 69 69 69 68 68 72 72 72 77 77 77 79 79 80 80 80 78 78 74 74 74 71 71 71 70 70 71 71 71 71 71 67 67 67 62 62 62 58 58 56 -9999 -9999 -9999 -9999 -9999
0 0 0 0 0 0 0 0 0 0 0 0 77 77 64 64 64 61 61 61 59 59 63 63 63 74 74 74 77 77 79 79 79 75 75 71 71 71 70 70 70 70 70 72 72 72 74 74 73 73 73 69 69 69 68 68 72 72 72 77 77 77 79 79 80 80 80 78 78 74 74 74 71 71 71 70 70 71 71 71 71 71 67 67 67 62 62 62 -9999 -9999 -9999 -9999 -9999 -9999 -9999 -9999
0 36 36 36 24 24 24 30 30 61 61 61 74 74 64 64 64 65 65 65 69 69 77 77 77 86 86 86 85 85 80 80 80 73 73 69 69 69 66 66 66 65 65 67 67 67 70 70 71 71 71 69 69 69 69 69 73 73 73 79 79 79 81 81 81 81 81 78 78 73 73 73 68 68 68 66 66 68 68 68 69 69 67 67 67 62 62 -9999 -9999 -9999 -9999 -9999 -9999 -9999 -9999 -9999
0 36 36 36 24 24 24 30 30 61 61 61 74 74 64 64 64 65 65 65 69 69 77 77 77 86 86 86 85 85 80 80 80 73 73 69 69 69 66 66 66 65 65 67 67 67 70 70 71 71 71 69 69 69 69 69 73 73 73 79 79 79 81 81 81 81 81 78 78 73 73 73 68 68 68 66 66 68 68 68 69 69 67 67 -9999 -9999 -9999 -9999 -9999 -9999 -9999 -9999 -9999 -9999 -9999 -9999
0 36 36 36 24 24 24 30 30 61 61 61 74 74 64 64 64 65 65 65 69 69 77 77 77 86 86 86 85 85 80 80 80 73 73 69 69 69 66 66 66 65 65 67 67 67 70 70 71 71 71 69 69 69 69 69 73 73 73 79 79 79 81 81 81 81 -9999 -9999 -9999 73 73 73 68 68 68 66 66 68 68 68 69 69 -9999 -9999 -9999 -9999 -9999 -9999 -9999 -9999 -9999 -9999 -9999 -9999 -9999 -9999
0 60 60 60 52 52 52 48 48 65 65 65 72 72 67 67 67 77 77 77 86 86 89 89 89 89 89 89 84 84 77 77 77 69 69 65 65 65 61 61 61 61 61 64 64 64 68 68 70 70 70 69 69 69 70 70 75 75 75 80 80 80 82 82 80 -9999 -9999 -9999 -9999 73 73 73 69 69 69 66 66 66 66 66 -9999 -9999 -9999 -9999 -9999 -9999 -9999 -9999 -9999 -9999 -9999 -9999 -9999 -9999 -9999 -9999
