SEB_model/sample_data_files/historical/hillshade/may6am.txt
ncols         559
nrows         351
xllcorner     388608.08691406
yllcorner     7584381.3441773
cellsize      5
NODATA_value  -9999
[rows 117 to 155 of 351, columns 264 to 351 of 559]
139 139 139 151 151 136 136 136 114 114 108 108 108 107 107 107 125 125 129 129 129 116 116 116 119 119 107 107 107 93 93 79 79 79 91 91 91 123 123 116 116 116 92 92 97 97 97 81 81 81 122 122 169 169 169 190 190 190 183 183 117 117 117 104 104 110 110 110 113 113 113 109 109 109 109 109 120 120 124 124 124 103 103 103 0 0 0 0
145 145 145 155 155 134 134 134 105 105 99 99 99 113 113 113 137 137 134 134 134 110 110 110 108 108 108 108 108 93 93 75 75 75 86 86 86 122 122 127 127 127 107 107 118 118 118 91 91 91 115 115 158 158 158 185 185 185 178 178 109 109 109 108 108 123 123 123 126 126 126 114 114 110 110 110 115 115 96 96 96 57 57 57 0 0 7 7
145 145 145 155 155 134 134 134 105 105 99 99 99 113 113 113 137 137 134 134 134 110 110 110 108 108 108 108 108 93 93 75 75 75 86 86 86 122 122 127 127 127 107 107 118 118 118 91 91 91 115 115 158 158 158 185 185 185 178 178 109 109 109 108 108 123 123 123 126 126 126 114 114 110 110 110 115 115 96 96 96 57 57 57 0 0 7 7
145 145 145 155 155 134 134 134 105 105 99 99 99 113 113 113 137 137 134 134 134 110 110 110 108 108 108 108 108 93 93 75 75 75 86 86 86 122 122 127 127 127 107 107 118 118 118 91 91 91 115 115 158 158 158 185 185 185 178 178 109 109 109 108 108 123 123 123 126 126 126 114 114 110 110 110 115 115 96 96 96 57 57 57 0 0 7 7
151 151 151 154 154 122 122 122 90 90 102 102 102 135 135 135 155 155 137 137 137 96 96 96 94 94 104 104 104 86 86 77 77 77 96 96 96 133 133 137 137 137 114 114 129 129 129 105 105 105 114 114 149 149 149 176 176 176 171 171 104 104 104 101 101 122 122 122 124 124 124 112 112 107 107 107 99 99 65 65 65 34 34 34 25 25 40 40
151 151 151 154 154 122 122 122 90 90 102 102 102 135 135 135 155 155 137 137 137 96 96 96 94 94 104 104 104 86 86 77 77 77 96 96 96 133 133 137 137 137 114 114 129 129 129 105 105 105 114 114 149 149 149 176 176 176 171 171 104 104 104 101 101 122 122 122 124 124 124 112 112 107 107 107 99 99 65 65 65 34 34 34 25 25 40 40
153 153 153 144 144 102 102 102 81 81 122 122 122 159 159 159 165 165 130 130 130 77 77 77 81 81 98 98 98 86 86 93 93 93 114 114 114 140 140 138 138 138 117 117 135 135 135 115 115 115 114 114 143 143 143 168 168 168 168 168 109 109 109 90 90 107 107 107 111 111 111 108 108 100 100 100 77 77 46 46 46 38 38 38 54 54 74 74
153 153 153 144 144 102 102 102 81 81 122 122 122 159 159 159 165 165 130 130 130 77 77 77 81 81 98 98 98 86 86 93 93 93 114 114 114 140 140 138 138 138 117 117 135 135 135 115 115 115 114 114 143 143 143 168 168 168 168 168 109 109 109 90 90 107 107 107 111 111 111 108 108 100 100 100 77 77 46 46 46 38 38 38 54 54 74 74
153 153 153 144 144 102 102 102 81 81 122 122 122 159 159 159 165 165 130 130 130 77 77 77 81 81 98 98 98 86 86 93 93 93 114 114 114 140 140 138 138 138 117 117 135 135 135 115 115 115 114 114 143 143 143 168 168 168 168 168 109 109 109 90 90 107 107 107 111 111 111 108 108 100 100 100 77 77 46 46 46 38 38 38 54 54 74 74
147 147 147 132 132 95 95 95 91 91 144 144 144 170 170 170 162 162 113 113 113 60 60 60 75 75 99 99 99 102 102 117 117 117 127 127 127 139 139 132 132 132 119 119 135 135 135 117 117 117 112 112 134 134 134 159 159 159 163 163 114 114 114 84 84 93 93 93 100 100 100 104 104 89 89 89 61 61 46 46 46 57 57 57 81 81 90 90
147 147 147 132 132 95 95 95 91 91 144 144 144 170 170 170 162 162 113 113 113 60 60 60 75 75 99 99 99 102 102 117 117 117 127 127 127 139 139 132 132 132 119 119 135 135 135 117 117 117 112 112 134 134 134 159 159 159 163 163 114 114 114 84 84 93 93 93 100 100 100 104 104 89 89 89 61 61 46 46 46 57 57 57 81 81 90 90
147 147 147 132 132 95 95 95 91 91 144 144 144 170 170 170 162 162 113 113 113 60 60 60 75 75 99 99 99 102 102 117 117 117 127 127 127 139 139 132 132 132 119 119 135 135 135 117 117 117 112 112 134 134 134 159 159 159 163 163 114 114 114 84 84 93 93 93 100 100 100 104 104 89 89 89 61 61 46 46 46 57 57 57 81 81 90 90
136 136 136 129 129 109 109 109 112 112 153 153 153 165 165 165 147 147 95 95 95 55 55 55 80 80 110 110 110 124 124 133 133 133 128 128 128 131 131 125 125 125 123 123 133 133 133 118 118 118 112 112 126 126 126 144 144 144 149 149 111 111 111 84 84 89 89 89 96 96 96 99 99 81 81 81 59 59 60 60 60 76 76 76 93 93 94 94
136 136 136 129 129 109 109 109 112 112 153 153 153 165 165 165 147 147 95 95 95 55 55 55 80 80 110 110 110 124 124 133 133 133 128 128 128 131 131 125 125 125 123 123 133 133 133 118 118 118 112 112 126 126 126 144 144 144 149 149 111 111 111 84 84 89 89 89 96 96 96 99 99 81 81 81 59 59 60 60 60 76 76 76 93 93 94 94
129 129 129 134 134 125 125 125 127 127 151 151 151 151 151 151 130 130 89 89 89 65 65 65 95 95 123 123 123 138 138 136 136 136 121 121 121 120 120 120 120 120 123 123 129 129 129 115 115 115 110 110 116 116 116 126 126 126 131 131 107 107 107 89 89 93 93 93 99 99 99 101 101 84 84 84 70 70 76 76 76 86 86 86 96 96 99 99
129 129 129 134 134 125 125 125 127 127 151 151 151 151 151 151 130 130 89 89 89 65 65 65 95 95 123 123 123 138 138 136 136 136 121 121 121 120 120 120 120 120 123 123 129 129 129 115 115 115 110 110 116 116 116 126 126 126 131 131 107 107 107 89 89 93 93 93 99 99 99 101 101 84 84 84 70 70 76 76 76 86 86 86 96 96 99 99
129 129 129 134 134 125 125 125 127 127 151 151 151 151 151 151 130 130 89 89 89 65 65 65 95 95 123 123 123 138 138 136 136 136 121 121 121 120 120 120 120 120 123 123 129 129 129 115 115 115 110 110 116 116 116 126 126 126 131 131 107 107 107 89 89 93 93 93 99 99 99 101 101 84 84 84 70 70 76 76 76 86 86 86 96 96 99 99
126 126 126 135 135 132 132 132 131 131 141 141 141 133 133 133 119 119 97 97 97 85 85 85 111 111 131 131 131 140 140 131 131 131 109 109 109 110 110 114 114 114 119 119 123 123 123 111 111 111 106 106 107 107 107 114 114 114 124 124 112 112 112 99 99 103 103 103 106 106 106 108 108 93 93 93 81 81 85 85 85 89 89 89 98 98 107 107
126 126 126 135 135 132 132 132 131 131 141 141 141 133 133 133 119 119 97 97 97 85 85 85 111 111 131 131 131 140 140 131 131 131 109 109 109 110 110 114 114 114 119 119 123 123 123 111 111 111 106 106 107 107 107 114 114 114 124 124 112 112 112 99 99 103 103 103 106 106 106 108 108 93 93 93 81 81 85 85 85 89 89 89 98 98 107 107
127 127 127 135 135 134 134 134 128 128 126 126 126 117 117 117 119 119 114 114 114 103 103 103 121 121 133 133 133 138 138 123 123 123 99 99 99 102 102 108 108 108 115 115 120 120 120 110 110 110 105 105 105 105 105 111 111 111 125 125 119 119 119 108 108 108 108 108 109 109 109 113 113 100 100 100 84 84 86 86 86 90 90 90 103 103 117 117
127 127 127 135 135 134 134 134 128 128 126 126 126 117 117 117 119 119 114 114 114 103 103 103 121 121 133 133 133 138 138 123 123 123 99 99 99 102 102 108 108 108 115 115 120 120 120 110 110 110 105 105 105 105 105 111 111 111 125 125 119 119 119 108 108 108 108 108 109 109 109 113 113 100 100 100 84 84 86 86 86 90 90 90 103 103 117 117
127 127 127 135 135 134 134 134 128 128 126 126 126 117 117 117 119 119 114 114 114 103 103 103 121 121 133 133 133 138 138 123 123 123 99 99 99 102 102 108 108 108 115 115 120 120 120 110 110 110 105 105 105 105 105 111 111 111 125 125 119 119 119 108 108 108 108 108 109 109 109 113 113 100 100 100 84 84 86 86 86 90 90 90 103 103 117 117
128 128 128 134 134 134 134 134 120 120 107 107 107 110 110 110 130 130 132 132 132 113 113 113 124 124 134 134 134 132 132 114 114 114 92 92 92 99 99 105 105 105 115 115 121 121 121 113 113 113 107 107 106 106 106 113 113 113 129 129 125 125 125 113 113 109 109 109 108 108 108 113 113 100 100 100 80 80 81 81 81 89 89 89 107 107 123 123
128 128 128 134 134 134 134 134 120 120 107 107 107 110 110 110 130 130 132 132 132 113 113 113 124 124 134 134 134 132 132 114 114 114 92 92 92 99 99 105 105 105 115 115 121 121 121 113 113 113 107 107 106 106 106 113 113 113 129 129 125 125 125 113 113 109 109 109 108 108 108 113 113 100 100 100 80 80 81 81 81 89 89 89 107 107 123 123
128 128 128 134 134 134 134 134 120 120 107 107 107 110 110 110 130 130 132 132 132 113 113 113 124 124 134 134 134 132 132 114 114 114 92 92 92 99 99 105 105 105 115 115 121 121 121 113 113 113 107 107 106 106 106 113 113 113 129 129 125 125 125 113 113 109 109 109 108 108 108 113 113 100 100 100 80 80 81 81 81 89 89 89 107 107 123 123
127 127 127 130 130 128 128 128 106 106 96 96 96 115 115 115 143 143 140 140 140 114 114 114 124 124 131 131 131 124 124 106 106 106 91 91 91 104 104 109 109 109 118 118 125 125 125 118 118 118 113 113 111 111 111 118 118 118 133 133 128 128 128 116 116 110 110 110 109 109 109 110 110 94 94 94 71 71 71 71 71 83 83 83 105 105 123 123
127 127 127 130 130 128 128 128 106 106 96 96 96 115 115 115 143 143 140 140 140 114 114 114 124 124 131 131 131 124 124 106 106 106 91 91 91 104 104 109 109 109 118 118 125 125 125 118 118 118 113 113 111 111 111 118 118 118 133 133 128 128 128 116 116 110 110 110 109 109 109 110 110 94 94 94 71 71 71 71 71 83 83 83 105 105 123 123
123 123 123 126 126 118 118 118 96 96 97 97 97 123 123 123 147 147 137 137 137 111 111 111 121 121 123 123 123 116 116 106 106 106 100 100 100 113 113 116 116 116 122 122 130 130 130 125 125 125 120 120 116 116 116 122 122 122 135 135 130 130 130 120 120 114 114 114 112 112 112 106 106 83 83 83 58 58 58 58 58 73 73 73 100 100 122 122
123 123 123 126 126 118 118 118 96 96 97 97 97 123 123 123 147 147 137 137 137 111 111 111 121 121 123 123 123 116 116 106 106 106 100 100 100 113 113 116 116 116 122 122 130 130 130 125 125 125 120 120 116 116 116 122 122 122 135 135 130 130 130 120 120 114 114 114 112 112 112 106 106 83 83 83 58 58 58 58 58 73 73 73 100 100 122 122
123 123 123 126 126 118 118 118 96 96 97 97 97 123 123 123 147 147 137 137 137 111 111 111 121 121 123 123 123 116 116 106 106 106 100 100 100 113 113 116 116 116 122 122 130 130 130 125 125 125 120 120 116 116 116 122 122 122 135 135 130 130 130 120 120 114 114 114 112 112 112 106 106 83 83 83 58 58 58 58 58 73 73 73 100 100 122 122
118 118 118 122 122 111 111 111 96 96 105 105 105 124 124 124 140 140 127 127 127 105 105 105 115 115 116 116 116 120 120 119 119 119 111 111 111 121 121 120 120 120 122 122 133 133 133 130 130 130 126 126 121 121 121 123 123 123 136 136 130 130 130 122 122 119 119 119 116 116 116 100 100 70 70 70 43 43 46 46 46 68 68 68 102 102 130 130
118 118 118 122 122 111 111 111 96 96 105 105 105 124 124 124 140 140 127 127 127 105 105 105 115 115 116 116 116 120 120 119 119 119 111 111 111 121 121 120 120 120 122 122 133 133 133 130 130 130 126 126 121 121 121 123 123 123 136 136 130 130 130 122 122 119 119 119 116 116 116 100 100 70 70 70 43 43 46 46 46 68 68 68 102 102 130 130
117 117 117 121 121 108 108 108 101 101 112 112 112 117 117 117 125 125 113 113 113 99 99 99 113 113 122 122 122 135 135 133 133 133 117 117 117 123 123 121 121 121 121 121 134 134 134 133 133 133 130 130 124 124 124 122 122 122 134 134 129 129 129 122 122 122 122 122 118 118 118 94 94 55 55 55 26 26 36 36 36 70 70 70 113 113 145 145
117 117 117 121 121 108 108 108 101 101 112 112 112 117 117 117 125 125 113 113 113 99 99 99 113 113 122 122 122 135 135 133 133 133 117 117 117 123 123 121 121 121 121 121 134 134 134 133 133 133 130 130 124 124 124 122 122 122 134 134 129 129 129 122 122 122 122 122 118 118 118 94 94 55 55 55 26 26 36 36 36 70 70 70 113 113 145 145
117 117 117 121 121 108 108 108 101 101 112 112 112 117 117 117 125 125 113 113 113 99 99 99 113 113 122 122 122 135 135 133 133 133 117 117 117 123 123 121 121 121 121 121 134 134 134 133 133 133 130 130 124 124 124 122 122 122 134 134 129 129 129 122 122 122 122 122 118 118 118 94 94 55 55 55 26 26 36 36 36 70 70 70 113 113 145 145
120 120 120 122 122 109 109 109 107 107 115 115 115 106 106 106 108 108 100 100 100 97 97 97 124 124 138 138 138 147 147 136 136 136 116 116 116 121 121 120 120 120 120 120 135 135 135 134 134 134 132 132 126 126 126 120 120 120 132 132 126 126 126 122 122 127 127 127 124 124 124 89 89 34 34 34 4 4 28 28 28 80 80 80 129 129 156 156
120 120 120 122 122 109 109 109 107 107 115 115 115 106 106 106 108 108 100 100 100 97 97 97 124 124 138 138 138 147 147 136 136 136 116 116 116 121 121 120 120 120 120 120 135 135 135 134 134 134 132 132 126 126 126 120 120 120 132 132 126 126 126 122 122 127 127 127 124 124 124 89 89 34 34 34 4 4 28 28 28 80 80 80 129 129 156 156
120 120 120 122 122 109 109 109 107 107 115 115 115 106 106 106 108 108 100 100 100 97 97 97 124 124 138 138 138 147 147 136 136 136 116 116 116 121 121 120 120 120 120 120 135 135 135 134 134 134 132 132 126 126 126 120 120 120 132 132 126 126 126 122 122 127 127 127 124 124 124 89 89 34 34 34 4 4 28 28 28 80 80 80 129 129 156 156
123 123 123 124 124 113 113 113 113 113 118 118 118 97 97 97 90 90 89 89 89 104 104 104 140 140 149 149 149 149 149 134 134 134 114 114 114 120 120 120 120 120 120 120 136 136 136 133 133 133 131 131 127 127 127 124 124 124 133 133 123 123 123 122 122 135 135 135 133 133 133 85 85 0 0 0 0 0 25 25 25 96 96 96 144 144 163 163
