SEB_model/sample_data_files/historical/hillshade/may6am.txt
ncols         559
nrows         351
xllcorner     388608.08691406
yllcorner     7584381.3441773
cellsize      5
NODATA_value  -9999
[rows 156 to 194 of 351, columns 352 to 439 of 559]
163 165 165 165 166 166 156 156 156 148 148 142 142 142 115 115 115 82 82 58 58 58 54 54 54 59 59 66 66 66 92 92 118 118 118 131 131 131 142 142 143 143 143 142 142 144 144 144 130 130 130 129 129 133 133 133 134 134 134 138 138 133 133 133 136 136 131 131 131 119 119 119 125 125 126 126 126 128 128 132 132 132 122 122 122 123 123 124
172 164 164 164 160 160 149 149 149 142 142 131 131 131 95 95 95 57 57 43 43 43 51 51 51 71 71 90 90 90 118 118 136 136 136 141 141 141 149 149 144 144 144 139 139 141 141 141 130 130 130 133 133 136 136 136 135 135 135 137 137 131 131 131 136 136 129 129 129 117 117 117 124 124 127 127 127 128 128 131 131 131 122 122 122 123 123 123
172 164 164 164 160 160 149 149 149 142 142 131 131 131 95 95 95 57 57 43 43 43 51 51 51 71 71 90 90 90 118 118 136 136 136 141 141 141 149 149 144 144 144 139 139 141 141 141 130 130 130 133 133 136 136 136 135 135 135 137 137 131 131 131 136 136 129 129 129 117 117 117 124 124 127 127 127 128 128 131 131 131 122 122 122 123 123 123
172 164 164 164 160 160 149 149 149 142 142 131 131 131 95 95 95 57 57 43 43 43 51 51 51 71 71 90 90 90 118 118 136 136 136 141 141 141 149 149 144 144 144 139 139 141 141 141 130 130 130 133 133 136 136 136 135 135 135 137 137 131 131 131 136 136 129 129 129 117 117 117 124 124 127 127 127 128 128 131 131 131 122 122 122 123 123 123
176 157 157 157 148 148 140 140 140 132 132 117 117 117 79 79 79 42 42 39 39 39 60 60 60 95 95 122 122 122 143 143 148 148 148 145 145 145 148 148 139 139 139 135 135 138 138 138 131 131 131 135 135 135 135 135 131 131 131 133 133 129 129 129 133 133 124 124 124 114 114 114 124 124 125 125 125 125 125 129 129 129 123 123 123 124 124 124
176 157 157 157 148 148 140 140 140 132 132 117 117 117 79 79 79 42 42 39 39 39 60 60 60 95 95 122 122 122 143 143 148 148 148 145 145 145 148 148 139 139 139 135 135 138 138 138 131 131 131 135 135 135 135 135 131 131 131 133 133 129 129 129 133 133 124 124 124 114 114 114 124 124 125 125 125 125 125 129 129 129 123 123 123 124 124 124
176 157 157 157 148 148 140 140 140 132 132 117 117 117 79 79 79 42 42 39 39 39 60 60 60 95 95 122 122 122 143 143 148 148 148 145 145 145 148 148 139 139 139 135 135 138 138 138 131 131 131 135 135 135 135 135 131 131 131 133 133 129 129 129 133 133 124 124 124 114 114 114 124 124 125 125 125 125 125 129 129 129 123 123 123 124 124 124
164 146 146 146 138 138 130 130 130 124 124 116 116 116 87 87 87 52 52 48 48 48 67 67 67 107 107 134 134 134 145 145 145 145 145 140 140 140 142 142 133 133 133 132 132 137 137 137 133 133 133 136 136 131 131 131 125 125 125 131 131 127 127 127 129 129 119 119 119 113 113 113 124 124 122 122 122 119 119 126 126 126 123 123 123 125 125 126
164 146 146 146 138 138 130 130 130 124 124 116 116 116 87 87 87 52 52 48 48 48 67 67 67 107 107 134 134 134 145 145 145 145 145 140 140 140 142 142 133 133 133 132 132 137 137 137 133 133 133 136 136 131 131 131 125 125 125 131 131 127 127 127 129 129 119 119 119 113 113 113 124 124 122 122 122 119 119 126 126 126 123 123 123 125 125 126
147 136 136 136 133 133 125 125 125 120 120 117 117 117 102 102 102 83 83 75 75 75 81 81 81 113 113 134 134 134 140 140 139 139 139 135 135 135 137 137 131 131 131 132 132 138 138 138 135 135 135 137 137 132 132 132 129 129 129 134 134 126 126 126 125 125 118 118 118 117 117 117 127 127 120 120 120 115 115 123 123 123 119 119 119 123 123 125
147 136 136 136 133 133 125 125 125 120 120 117 117 117 102 102 102 83 83 75 75 75 81 81 81 113 113 134 134 134 140 140 139 139 139 135 135 135 137 137 131 131 131 132 132 138 138 138 135 135 135 137 137 132 132 132 129 129 129 134 134 126 126 126 125 125 118 118 118 117 117 117 127 127 120 120 120 115 115 123 123 123 119 119 119 123 123 125
147 136 136 136 133 133 125 125 125 120 120 117 117 117 102 102 102 83 83 75 75 75 81 81 81 113 113 134 134 134 140 140 139 139 139 135 135 135 137 137 131 131 131 132 132 138 138 138 135 135 135 137 137 132 132 132 129 129 129 134 134 126 126 126 125 125 118 118 118 117 117 117 127 127 120 120 120 115 115 123 123 123 119 119 119 123 123 125
133 129 129 129 131 131 125 125 125 121 121 117 117 117 108 108 108 100 100 97 97 97 102 102 102 119 119 128 128 128 131 131 131 131 131 131 131 131 135 135 129 129 129 129 129 134 134 134 132 132 132 136 136 137 137 137 139 139 139 142 142 130 130 130 127 127 121 121 121 120 120 120 131 131 121 121 121 116 116 121 121 121 115 115 115 118 118 121
133 129 129 129 131 131 125 125 125 121 121 117 117 117 108 108 108 100 100 97 97 97 102 102 102 119 119 128 128 128 131 131 131 131 131 131 131 131 135 135 129 129 129 129 129 134 134 134 132 132 132 136 136 137 137 137 139 139 139 142 142 130 130 130 127 127 121 121 121 120 120 120 131 131 121 121 121 116 116 121 121 121 115 115 115 118 118 121
124 126 126 126 131 131 127 127 127 122 122 118 118 118 109 109 109 104 104 106 106 106 111 111 111 118 118 120 120 120 124 124 127 127 127 132 132 132 138 138 130 130 130 127 127 132 132 132 131 131 131 136 136 140 140 140 144 144 144 147 147 137 137 137 135 135 129 129 129 126 126 126 135 135 126 126 126 121 121 122 122 122 114 114 114 115 115 117
124 126 126 126 131 131 127 127 127 122 122 118 118 118 109 109 109 104 104 106 106 106 111 111 111 118 118 120 120 120 124 124 127 127 127 132 132 132 138 138 130 130 130 127 127 132 132 132 131 131 131 136 136 140 140 140 144 144 144 147 147 137 137 137 135 135 129 129 129 126 126 126 135 135 126 126 126 121 121 122 122 122 114 114 114 115 115 117
124 126 126 126 131 131 127 127 127 122 122 118 118 118 109 109 109 104 104 106 106 106 111 111 111 118 118 120 120 120 124 124 127 127 127 132 132 132 138 138 130 130 130 127 127 132 132 132 131 131 131 136 136 140 140 140 144 144 144 147 147 137 137 137 135 135 129 129 129 126 126 126 135 135 126 126 126 121 121 122 122 122 114 114 114 115 115 117
122 125 125 125 130 130 126 126 126 122 122 118 118 118 109 109 109 106 106 108 108 108 112 112 112 115 115 115 115 115 120 120 126 126 126 134 134 134 140 140 133 133 133 128 128 132 132 132 132 132 132 137 137 141 141 141 143 143 143 147 147 140 140 140 138 138 135 135 135 134 134 134 141 141 134 134 134 129 129 128 128 128 118 118 118 117 117 116
122 125 125 125 130 130 126 126 126 122 122 118 118 118 109 109 109 106 106 108 108 108 112 112 112 115 115 115 115 115 120 120 126 126 126 134 134 134 140 140 133 133 133 128 128 132 132 132 132 132 132 137 137 141 141 141 143 143 143 147 147 140 140 140 138 138 135 135 135 134 134 134 141 141 134 134 134 129 129 128 128 128 118 118 118 117 117 116
122 125 125 125 130 130 126 126 126 122 122 118 118 118 109 109 109 106 106 108 108 108 112 112 112 115 115 115 115 115 120 120 126 126 126 134 134 134 140 140 133 133 133 128 128 132 132 132 132 132 132 137 137 141 141 141 143 143 143 147 147 140 140 140 138 138 135 135 135 134 134 134 141 141 134 134 134 129 129 128 128 128 118 118 118 117 117 116
122 124 124 124 128 128 124 124 124 121 121 117 117 117 109 109 109 108 108 110 110 110 112 112 112 114 114 112 112 112 118 118 125 125 125 134 134 134 142 142 136 136 136 132 132 136 136 136 135 135 135 140 140 142 142 142 143 143 143 147 147 140 140 140 138 138 138 138 138 139 139 139 144 144 139 139 139 134 134 132 132 132 122 122 122 118 118 116
122 124 124 124 128 128 124 124 124 121 121 117 117 117 109 109 109 108 108 110 110 110 112 112 112 114 114 112 112 112 118 118 125 125 125 134 134 134 142 142 136 136 136 132 132 136 136 136 135 135 135 140 140 142 142 142 143 143 143 147 147 140 140 140 138 138 138 138 138 139 139 139 144 144 139 139 139 134 134 132 132 132 122 122 122 118 118 116
121 121 121 121 125 125 121 121 121 118 118 115 115 115 109 109 109 109 109 110 110 110 111 111 111 113 113 112 112 112 116 116 124 124 124 136 136 136 157 157 153 153 153 125 125 128 128 128 138 138 138 141 141 142 142 142 143 143 143 147 147 140 140 140 139 139 139 139 139 141 141 141 147 147 142 142 142 137 137 134 134 134 124 124 124 118 118 115
121 121 121 121 125 125 121 121 121 118 118 115 115 115 109 109 109 109 109 110 110 110 111 111 111 113 113 112 112 112 116 116 124 124 124 136 136 136 157 -9999 -9999 -9999 -9999 125 125 128 128 128 138 138 138 141 141 142 142 142 143 143 143 147 147 140 140 140 139 139 139 139 139 141 141 141 147 147 142 142 142 137 137 134 134 134 124 124 124 118 118 115
121 121 121 121 125 125 121 121 121 118 118 115 115 115 109 109 109 109 109 110 110 110 111 111 111 113 113 112 112 112 116 116 124 124 124 136 136 -9999 -9999 -9999 -9999 -9999 -9999 -9999 -9999 -9999 128 128 138 138 138 141 141 142 142 142 143 143 143 147 147 140 140 140 139 139 139 139 139 141 141 141 147 147 142 142 142 -9999 -9999 -9999 -9999 -9999 -9999 -9999 -9999 -9999 -9999 -9999
122 120 120 120 121 121 117 117 117 116 116 114 114 114 108 108 108 107 107 107 107 107 109 109 109 114 114 115 115 115 119 119 142 142 142 -9999 -9999 -9999 -9999 -9999 -9999 -9999 -9999 -9999 -9999 -9999 -9999 -9999 140 140 140 131 131 132 132 132 153 153 153 -9999 -9999 -9999 -9999 142 142 142 142 142 142 143 143 -9999 -9999 -9999 -9999 -9999 -9999 -9999 -9999 -9999 -9999 -9999 -9999 -9999 -9999 -9999 -9999 -9999
122 120 120 120 121 121 117 117 117 116 116 114 114 114 108 108 108 107 107 107 107 107 109 109 109 114 114 115 115 115 119 119 142 -9999 -9999 -9999 -9999 -9999 -9999 -9999 -9999 -9999 -9999 -9999 -9999 -9999 -9999 -9999 -9999 -9999 140 131 131 132 132 132 -9999 -9999 -9999 -9999 -9999 -9999 -9999 -9999 -9999 -9999 -9999 -9999 -9999 -9999 -9999 -9999 -9999 -9999 -9999 -9999 -9999 -9999 -9999 -9999 -9999 -9999 -9999 -9999 -9999 -9999 -9999 -9999
122 120 120 120 121 121 117 117 117 116 116 114 114 114 108 108 108 107 107 107 107 107 109 109 109 114 114 115 115 115 -9999 -9999 -9999 -9999 -9999 -9999 -9999 -9999 -9999 -9999 -9999 -9999 -9999 -9999 -9999 -9999 -9999 -9999 -9999 -9999 -9999 -9999 -9999 -9999 -9999 -9999 -9999 -9999 -9999 -9999 -9999 -9999 -9999 -9999 -9999 -9999 -9999 -9999 -9999 -9999 -9999 -9999 -9999 -9999 -9999 -9999 -9999 -9999 -9999 -9999 -9999 -9999 -9999 -9999 -9999 -9999 -9999 -9999
126 122 122 122 122 122 117 117 117 115 115 114 114 114 108 108 108 105 105 106 106 106 110 110 110 118 118 135 -9999 -9999 -9999 -9999 -9999 -9999 -9999 -9999 -9999 -9999 -9999 -9999 -9999 -9999 -9999 -9999 -9999 -9999 -9999 -9999 -9999 -9999 -9999 -9999 -9999 -9999 -9999 -9999 -9999 -9999 -9999 -9999 -9999 -9999 -9999 -9999 -9999 -9999 -9999 -9999 -9999 -9999 -9999 -9999 -9999 -9999 -9999 -9999 -9999 -9999 -9999 -9999 -9999 -9999 -9999 -9999 -9999 -9999 -9999 -9999
126 122 122 122 122 122 117 117 117 115 115 114 114 114 108 108 108 105 105 106 106 106 110 110 110 118 -9999 -9999 -9999 -9999 -9999 -9999 -9999 -9999 -9999 -9999 -9999 -9999 -9999 -9999 -9999 -9999 -9999 -9999 -9999 -9999 -9999 -9999 -9999 -9999 -9999 -9999 -9999 -9999 -9999 -9999 -9999 -9999 -9999 -9999 -9999 -9999 -9999 -9999 -9999 -9999 -9999 -9999 -9999 -9999 -9999 -9999 -9999 -9999 -9999 -9999 -9999 -9999 -9999 -9999 -9999 -9999 -9999 -9999 -9999 -9999 -9999 -9999
128 125 125 125 125 125 119 119 119 116 116 113 113 113 106 106 106 117 117 122 122 122 -9999 -9999 -9999 -9999 -9999 -9999 -9999 -9999 -9999 -9999 -9999 -9999 -9999 -9999 -9999 -9999 -9999 -9999 -9999 -9999 -9999 -9999 -9999 -9999 -9999 -9999 -9999 -9999 -9999 -9999 -9999 -9999 -9999 -9999 -9999 -9999 -9999 -9999 -9999 -9999 -9999 -9999 -9999 -9999 -9999 -9999 -9999 -9999 -9999 -9999 -9999 -9999 -9999 -9999 -9999 -9999 -9999 -9999 -9999 -9999 -9999 -9999 -9999 -9999 -9999 -9999
128 125 125 125 125 125 119 119 119 116 116 113 113 113 106 106 -9999 -9999 -9999 -9999 -9999 -9999 -9999 -9999 -9999 -9999 -9999 -9999 -9999 -9999 -9999 -9999 -9999 -9999 -9999 -9999 -9999 -9999 -9999 -9999 -9999 -9999 -9999 -9999 -9999 -9999 -9999 -9999 -9999 -9999 -9999 -9999 -9999 -9999 -9999 -9999 -9999 -9999 -9999 -9999 -9999 -9999 -9999 -9999 -9999 -9999 -9999 -9999 -9999 -9999 -9999 -9999 -9999 -9999 -9999 -9999 -9999 -9999 -9999 -9999 -9999 -9999 -9999 -9999 -9999 -9999 -9999 -9999
128 125 125 125 125 125 119 119 119 116 116 -9999 -9999 -9999 -9999 -9999 -9999 -9999 -9999 -9999 -9999 -9999 -9999 -9999 -9999 -9999 -9999 -9999 -9999 -9999 -9999 -9999 -9999 -9999 -9999 -9999 -9999 -9999 -9999 -9999 -9999 -9999 -9999 -9999 -9999 -9999 -9999 -9999 -9999 -9999 -9999 -9999 -9999 -9999 -9999 -9999 -9999 -9999 -9999 -9999 -9999 -9999 -9999 -9999 -9999 -9999 -9999 -9999 -9999 -9999 -9999 -9999 -9999 -9999 -9999 -9999 -9999 -9999 -9999 -9999 -9999 -9999 -9999 -9999 -9999 -9999 -9999 -9999
126 125 125 125 127 127 121 121 121 117 117 -9999 -9999 -9999 -9999 -9999 -9999 -9999 -9999 -9999 -9999 -9999 -9999 -9999 -9999 -9999 -9999 -9999 -9999 -9999 -9999 -9999 -9999 -9999 -9999 -9999 -9999 -9999 -9999 -9999 -9999 -9999 -9999 -9999 -9999 -9999 -9999 -9999 -9999 -9999 -9999 -9999 -9999 -9999 -9999 -9999 -9999 -9999 -9999 -9999 -9999 -9999 -9999 -9999 -9999 -9999 -9999 -9999 -9999 -9999 -9999 -9999 -9999 -9999 -9999 -9999 -9999 -9999 -9999 -9999 -9999 -9999 -9999 -9999 -9999 -9999 -9999 -9999
126 125 125 125 127 127 121 121 121 117 117 121 -9999 -9999 -9999 -9999 -9999 -9999 -9999 -9999 -9999 -9999 -9999 -9999 -9999 -9999 -9999 -9999 -9999 -9999 -9999 -9999 -9999 -9999 -9999 -9999 -9999 -9999 -9999 -9999 -9999 -9999 -9999 -9999 -9999 -9999 -9999 -9999 -9999 -9999 -9999 -9999 -9999 -9999 -9999 -9999 -9999 -9999 -9999 -9999 -9999 -9999 -9999 -9999 -9999 -9999 -9999 -9999 -9999 -9999 -9999 -9999 -9999 -9999 -9999 -9999 -9999 -9999 -9999 -9999 -9999 -9999 -9999 -9999 -9999 -9999 -9999 -9999
122 125 125 125 130 130 125 125 125 120 120 130 130 130 127 127 -9999 -9999 -9999 -9999 -9999 -9999 -9999 -9999 -9999 -9999 -9999 -9999 -9999 -9999 -9999 -9999 -9999 -9999 -9999 -9999 -9999 -9999 -9999 -9999 -9999 -9999 -9999 -9999 -9999 -9999 -9999 -9999 -9999 -9999 -9999 -9999 -9999 -9999 -9999 -9999 -9999 -9999 -9999 -9999 -9999 -9999 -9999 -9999 -9999 -9999 -9999 -9999 -9999 -9999 -9999 -9999 -9999 -9999 -9999 -9999 -9999 -9999 -9999 -9999 -9999 -9999 -9999 -9999 -9999 -9999 -9999 -9999
122 125 125 125 130 130 125 125 125 120 120 130 130 130 127 127 -9999 -9999 -9999 -9999 -9999 -9999 -9999 -9999 -9999 -9999 -9999 -9999 -9999 -9999 -9999 -9999 -9999 -9999 -9999 -9999 -9999 -9999 -9999 -9999 -9999 -9999 -9999 -9999 -9999 -9999 -9999 -9999 -9999 -9999 -9999 -9999 -9999 -9999 -9999 -9999 -9999 -9999 -9999 -9999 -9999 -9999 -9999 -9999 -9999 -9999 -9999 -9999 -9999 -9999 -9999 -9999 -9999 -9999 -9999 -9999 -9999 -9999 -9999 -9999 -9999 -9999 -9999 -9999 -9999 -9999 -9999 -9999
122 125 125 125 130 130 125 125 125 120 120 130 130 130 127 127 -9999 -9999 -9999 -9999 -9999 -9999 -9999 -9999 -9999 -9999 -9999 -9999 -9999 -9999 -9999 -9999 -9999 -9999 -9999 -9999 -9999 -9999 -9999 -9999 -9999 -9999 -9999 -9999 -9999 -9999 -9999 -9999 -9999 -9999 -9999 -9999 -9999 -9999 -9999 -9999 -9999 -9999 -9999 -9999 -9999 -9999 -9999 -9999 -9999 -9999 -9999 -9999 -9999 -9999 -9999 -9999 -9999 -9999 -9999 -9999 -9999 -9999 -9999 -9999 -9999 -9999 -9999 -9999 -9999 -9999 -9999 -9999
118 122 122 122 129 129 130 -9999 -9999 -9999 127 128 128 128 123 -9999 -9999 -9999 -9999 -9999 -9999 -9999 -9999 -9999 -9999 -9999 -9999 -9999 -9999 -9999 -9999 -9999 -9999 -9999 -9999 -9999 -9999 -9999 -9999 -9999 -9999 -9999 -9999 -9999 -9999 -9999 -9999 -9999 -9999 -9999 -9999 -9999 -9999 -9999 -9999 -9999 -9999 -9999 -9999 -9999 -9999 -9999 -9999 -9999 -9999 -9999 -9999 -9999 -9999 -9999 -9999 -9999 -9999 -9999 -9999 -9999 -9999 -9999 -9999 -9999 -9999 -9999 -9999 -9999 -9999 -9999 -9999 -9999
