SEB_model/sample_data_files/historical/hillshade/may6pm.txt
ncols         559
nrows         351
xllcorner     388608.08691406
yllcorner     7584381.3441773
cellsize      5
NODATA_value  -9999
[rows 129 to 171 of 351, columns 288 to 383 of 559]
78 78 45 45 45 25 25 10 10 10 14 14 14 15 15 24 24 24 28 28 16 16 16 34 34 34 40 40 26 26 26 8 8 8 0 0 0 0 0 78 78 73 73 73 66 66 66 62 62 81 81 81 103 103 101 101 101 83 83 83 65 65 62 62 62 53 53 53 32 32 24 24 24 14 14 8 8 8 29 29 29 45 45 44 44 44 45 45 45 45 45 46 46 46 36 36
78 78 45 45 45 25 25 10 10 10 14 14 14 15 15 24 24 24 28 28 16 16 16 34 34 34 40 40 26 26 26 8 8 8 0 0 0 0 0 78 78 73 73 73 66 66 66 62 62 81 81 81 103 103 101 101 101 83 83 83 65 65 62 62 62 53 53 53 32 32 24 24 24 14 14 8 8 8 29 29 29 45 45 44 44 44 45 45 45 45 45 46 46 46 36 36
60 60 26 26 26 7 7 0 0 0 28 28 28 32 32 33 33 33 31 31 25 25 25 41 41 41 48 48 42 42 42 33 33 33 28 28 55 55 55 73 73 69 69 69 62 62 62 61 61 77 77 77 90 90 81 81 81 69 69 69 58 58 54 54 54 37 37 37 18 18 15 15 15 7 7 10 10 10 35 35 35 47 47 45 45 45 46 46 46 46 46 47 47 47 37 37
60 60 26 26 26 7 7 0 0 0 28 28 28 32 32 33 33 33 31 31 25 25 25 41 41 41 48 48 42 42 42 33 33 33 28 28 55 55 55 73 73 69 69 69 62 62 62 61 61 77 77 77 90 90 81 81 81 69 69 69 58 58 54 54 54 37 37 37 18 18 15 15 15 7 7 10 10 10 35 35 35 47 47 45 45 45 46 46 46 46 46 47 47 47 37 37
60 60 26 26 26 7 7 0 0 0 28 28 28 32 32 33 33 33 31 31 25 25 25 41 41 41 48 48 42 42 42 33 33 33 28 28 55 55 55 73 73 69 69 69 62 62 62 61 61 77 77 77 90 90 81 81 81 69 69 69 58 58 54 54 54 37 37 37 18 18 15 15 15 7 7 10 10 10 35 35 35 47 47 45 45 45 46 46 46 46 46 47 47 47 37 37
39 39 14 14 14 3 3 0 0 0 42 42 42 43 43 41 41 41 36 36 33 33 33 47 47 47 53 53 52 52 52 46 46 46 36 36 49 49 49 62 62 57 57 57 53 53 53 49 49 63 63 63 73 73 67 67 67 62 62 62 52 52 40 40 40 20 20 20 8 8 11 11 11 9 9 18 18 18 41 41 41 46 46 44 44 44 48 48 48 46 46 47 47 47 41 41
39 39 14 14 14 3 3 0 0 0 42 42 42 43 43 41 41 41 36 36 33 33 33 47 47 47 53 53 52 52 52 46 46 46 36 36 49 49 49 62 62 57 57 57 53 53 53 49 49 63 63 63 73 73 67 67 67 62 62 62 52 52 40 40 40 20 20 20 8 8 11 11 11 9 9 18 18 18 41 41 41 46 46 44 44 44 48 48 48 46 46 47 47 47 41 41
26 26 12 12 12 7 7 26 26 26 55 55 55 54 54 48 48 48 41 41 37 37 37 48 48 48 53 53 53 53 53 46 46 46 30 30 35 35 35 45 45 44 44 44 43 43 43 37 37 50 50 50 66 66 64 64 64 61 61 61 46 46 29 29 29 14 14 14 0 0 14 14 14 17 17 28 28 28 44 44 44 45 45 45 45 45 51 51 51 48 48 50 50 50 46 46
26 26 12 12 12 7 7 26 26 26 55 55 55 54 54 48 48 48 41 41 37 37 37 48 48 48 53 53 53 53 53 46 46 46 30 30 35 35 35 45 45 44 44 44 43 43 43 37 37 50 50 50 66 66 64 64 64 61 61 61 46 46 29 29 29 14 14 14 0 0 14 14 14 17 17 28 28 28 44 44 44 45 45 45 45 45 51 51 51 48 48 50 50 50 46 46
26 26 12 12 12 7 7 26 26 26 55 55 55 54 54 48 48 48 41 41 37 37 37 48 48 48 53 53 53 53 53 46 46 46 30 30 35 35 35 45 45 44 44 44 43 43 43 37 37 50 50 50 66 66 64 64 64 61 61 61 46 46 29 29 29 14 14 14 0 0 14 14 14 17 17 28 28 28 44 44 44 45 45 45 45 45 51 51 51 48 48 50 50 50 46 46
26 26 15 15 15 18 18 41 41 41 66 66 66 59 59 51 51 51 41 41 34 34 34 42 42 42 46 46 46 46 46 37 37 37 19 19 22 22 22 34 34 37 37 37 38 38 38 32 32 48 48 48 69 69 70 70 70 64 64 64 45 45 27 27 27 16 16 16 10 10 15 15 15 22 22 34 34 34 46 46 46 46 46 47 47 47 54 54 54 51 51 53 53 53 51 51
26 26 15 15 15 18 18 41 41 41 66 66 66 59 59 51 51 51 41 41 34 34 34 42 42 42 46 46 46 46 46 37 37 37 19 19 22 22 22 34 34 37 37 37 38 38 38 32 32 48 48 48 69 69 70 70 70 64 64 64 45 45 27 27 27 16 16 16 10 10 15 15 15 22 22 34 34 34 46 46 46 46 46 47 47 47 54 54 54 51 51 53 53 53 51 51
26 26 15 15 15 18 18 41 41 41 66 66 66 59 59 51 51 51 41 41 34 34 34 42 42 42 46 46 46 46 46 37 37 37 19 19 22 22 22 34 34 37 37 37 38 38 38 32 32 48 48 48 69 69 70 70 70 64 64 64 45 45 27 27 27 16 16 16 10 10 15 15 15 22 22 34 34 34 46 46 46 46 46 47 47 47 54 54 54 51 51 53 53 53 51 51
31 31 23 23 23 33 33 54 54 54 69 69 69 55 55 48 48 48 37 37 28 28 28 34 34 34 39 39 40 40 40 31 31 31 13 13 17 17 17 29 29 35 35 35 35 35 35 34 34 53 53 53 79 79 82 82 82 73 73 73 51 51 33 33 33 18 18 18 5 5 11 11 11 23 23 40 40 40 50 50 50 49 49 47 47 47 55 55 55 55 55 59 59 59 58 58
31 31 23 23 23 33 33 54 54 54 69 69 69 55 55 48 48 48 37 37 28 28 28 34 34 34 39 39 40 40 40 31 31 31 13 13 17 17 17 29 29 35 35 35 35 35 35 34 34 53 53 53 79 79 82 82 82 73 73 73 51 51 33 33 33 18 18 18 5 5 11 11 11 23 23 40 40 40 50 50 50 49 49 47 47 47 55 55 55 55 55 59 59 59 58 58
37 37 36 36 36 44 44 55 55 55 61 61 61 45 45 41 41 41 33 33 22 22 22 28 28 28 32 32 35 35 35 27 27 27 11 11 17 17 17 28 28 33 33 33 34 34 34 42 42 68 68 68 95 95 98 98 98 86 86 86 59 59 36 36 36 13 13 13 0 0 3 3 3 23 23 44 44 44 53 53 53 48 48 43 43 43 55 55 55 62 62 68 68 68 67 67
37 37 36 36 36 44 44 55 55 55 61 61 61 45 45 41 41 41 33 33 22 22 22 28 28 28 32 32 35 35 35 27 27 27 11 11 17 17 17 28 28 33 33 33 34 34 34 42 42 68 68 68 95 95 98 98 98 86 86 86 59 59 36 36 36 13 13 13 0 0 3 3 3 23 23 44 44 44 53 53 53 48 48 43 43 43 55 55 55 62 62 68 68 68 67 67
37 37 36 36 36 44 44 55 55 55 61 61 61 45 45 41 41 41 33 33 22 22 22 28 28 28 32 32 35 35 35 27 27 27 11 11 17 17 17 28 28 33 33 33 34 34 34 42 42 68 68 68 95 95 98 98 98 86 86 86 59 59 36 36 36 13 13 13 0 0 3 3 3 23 23 44 44 44 53 53 53 48 48 43 43 43 55 55 55 62 62 68 68 68 67 67
46 46 45 45 45 40 40 40 40 40 47 47 47 35 35 35 35 35 32 32 19 19 19 23 23 23 27 27 31 31 31 28 28 28 14 14 20 20 20 30 30 33 33 33 36 36 36 54 54 87 87 87 114 114 113 113 113 93 93 93 59 59 27 27 27 1 1 1 0 0 0 0 0 0 0 41 41 41 49 49 49 40 40 38 38 38 56 56 56 72 72 79 79 79 75 75
46 46 45 45 45 40 40 40 40 40 47 47 47 35 35 35 35 35 32 32 19 19 19 23 23 23 27 27 31 31 31 28 28 28 14 14 20 20 20 30 30 33 33 33 36 36 36 54 54 87 87 87 114 114 113 113 113 93 93 93 59 59 27 27 27 1 1 1 0 0 0 0 0 0 0 41 41 41 49 49 49 40 40 38 38 38 56 56 56 72 72 79 79 79 75 75
48 48 38 38 38 20 20 21 21 21 37 37 37 31 31 33 33 33 33 33 18 18 18 20 20 20 22 22 29 29 29 32 32 32 19 19 25 25 25 33 33 32 32 32 36 36 36 63 63 102 102 102 130 130 123 123 123 92 92 92 46 46 8 8 8 0 0 0 0 0 0 0 0 0 0 0 0 0 39 39 39 33 33 42 42 42 66 66 66 87 87 92 92 92 82 82
48 48 38 38 38 20 20 21 21 21 37 37 37 31 31 33 33 33 33 33 18 18 18 20 20 20 22 22 29 29 29 32 32 32 19 19 25 25 25 33 33 32 32 32 36 36 36 63 63 102 102 102 130 130 123 123 123 92 92 92 46 46 8 8 8 0 0 0 0 0 0 0 0 0 0 0 0 0 39 39 39 33 33 42 42 42 66 66 66 87 87 92 92 92 82 82
48 48 38 38 38 20 20 21 21 21 37 37 37 31 31 33 33 33 33 33 18 18 18 20 20 20 22 22 29 29 29 32 32 32 19 19 25 25 25 33 33 32 32 32 36 36 36 63 63 102 102 102 130 130 123 123 123 92 92 92 46 46 8 8 8 0 0 0 0 0 0 0 0 0 0 0 0 0 39 39 39 33 33 42 42 42 66 66 66 87 87 92 92 92 82 82
35 35 16 16 16 3 3 0 0 0 39 39 39 34 34 35 35 35 36 36 18 18 18 19 19 19 21 21 29 29 29 34 34 34 21 21 28 28 28 33 33 27 27 27 29 29 29 65 65 120 120 120 149 149 130 130 130 82 82 82 28 28 0 0 0 0 0 0 0 0 0 0 0 0 0 0 0 0 0 0 0 46 46 71 71 71 91 91 91 102 102 102 102 102 83 83
35 35 16 16 16 3 3 0 0 0 39 39 39 34 34 35 35 35 36 36 18 18 18 19 19 19 21 21 29 29 29 34 34 34 21 21 28 28 28 33 33 27 27 27 29 29 29 65 65 120 120 120 149 149 130 130 130 82 82 82 28 28 0 0 0 0 0 0 0 0 0 0 0 0 0 0 0 0 0 0 0 46 46 71 71 71 91 91 91 102 102 102 102 102 83 83
35 35 16 16 16 3 3 0 0 0 39 39 39 34 34 35 35 35 36 36 18 18 18 19 19 19 21 21 29 29 29 34 34 34 21 21 28 28 28 33 33 27 27 27 29 29 29 65 65 120 120 120 149 149 130 130 130 82 82 82 28 28 0 0 0 0 0 0 0 0 0 0 0 0 0 0 0 0 0 0 0 46 46 71 71 71 91 91 91 102 102 102 102 102 83 83
16 16 0 0 0 0 0 0 0 0 44 44 44 37 37 37 37 37 38 38 19 19 19 0 0 0 25 25 30 30 30 33 33 33 22 22 33 33 33 35 35 19 19 19 19 19 19 70 70 143 143 143 169 169 134 134 134 66 66 66 11 11 0 0 0 0 0 0 0 0 0 0 0 0 0 0 0 0 0 0 0 80 80 104 104 104 108 108 108 103 103 96 96 96 70 70
16 16 0 0 0 0 0 0 0 0 44 44 44 37 37 37 37 37 38 38 19 19 19 0 0 0 25 25 30 30 30 33 33 33 22 22 33 33 33 35 35 19 19 19 19 19 19 70 70 143 143 143 169 169 134 134 134 66 66 66 11 11 0 0 0 0 0 0 0 0 0 0 0 0 0 0 0 0 0 0 0 80 80 104 104 104 108 108 108 103 103 96 96 96 70 70
7 7 0 0 0 12 12 25 25 25 41 41 41 34 34 36 36 36 36 36 20 20 20 27 27 27 31 31 32 32 32 32 32 32 23 23 37 37 37 34 34 11 11 11 0 0 0 88 88 167 167 167 182 182 128 128 128 41 41 41 0 0 0 0 0 0 0 0 0 0 0 0 0 0 0 0 0 0 0 0 0 105 105 117 117 117 109 109 109 91 91 73 73 73 41 41
7 7 0 0 0 12 12 25 25 25 41 41 41 34 34 36 36 36 36 36 20 20 20 27 27 27 31 31 32 32 32 32 32 32 23 23 37 37 37 34 34 11 11 11 0 0 0 88 88 167 167 167 182 182 128 128 128 41 41 41 0 0 0 0 0 0 0 0 0 0 0 0 0 0 0 0 0 0 0 0 0 105 105 117 117 117 109 109 109 91 91 73 73 73 41 41
7 7 0 0 0 12 12 25 25 25 41 41 41 34 34 36 36 36 36 36 20 20 20 27 27 27 31 31 32 32 32 32 32 32 23 23 37 37 37 34 34 11 11 11 0 0 0 88 88 167 167 167 182 182 128 128 128 41 41 41 0 0 0 0 0 0 0 0 0 0 0 0 0 0 0 0 0 0 0 0 0 105 105 117 117 117 109 109 109 91 91 73 73 73 41 41
13 13 0 0 0 19 19 23 23 23 31 31 31 25 25 33 33 33 35 35 24 24 24 33 33 33 35 35 36 36 36 36 36 36 26 26 37 37 37 33 33 18 18 18 40 40 40 115 115 178 178 178 180 180 101 101 101 0 0 0 0 0 0 0 0 0 0 0 0 0 0 0 0 0 0 0 0 0 83 83 83 118 118 121 121 121 102 102 102 66 66 34 34 34 5 5
13 13 0 0 0 19 19 23 23 23 31 31 31 25 25 33 33 33 35 35 24 24 24 33 33 33 35 35 36 36 36 36 36 36 26 26 37 37 37 33 33 18 18 18 40 40 40 115 115 178 178 178 180 180 101 101 101 0 0 0 0 0 0 0 0 0 0 0 0 0 0 0 0 0 0 0 0 0 83 83 83 118 118 121 121 121 102 102 102 66 66 34 34 34 5 5
13 13 0 0 0 19 19 23 23 23 31 31 31 25 25 33 33 33 35 35 24 24 24 33 33 33 35 35 36 36 36 36 36 36 26 26 37 37 37 33 33 18 18 18 40 40 40 115 115 178 178 178 180 180 101 101 101 0 0 0 0 0 0 0 0 0 0 0 0 0 0 0 0 0 0 0 0 0 83 83 83 118 118 121 121 121 102 102 102 66 66 34 34 34 5 5
26 26 28 28 28 22 22 20 20 20 20 20 20 12 12 26 26 26 34 34 29 29 29 36 36 36 37 37 42 42 42 43 43 43 30 30 35 35 35 37 37 40 40 40 74 74 74 134 134 179 179 179 162 162 34 34 34 0 0 0 0 0 0 0 0 0 0 0 0 0 0 0 0 0 0 0 0 0 0 0 0 102 102 99 99 99 76 76 76 31 31 0 0 0 0 0
26 26 28 28 28 22 22 20 20 20 20 20 20 12 12 26 26 26 34 34 29 29 29 36 36 36 37 37 42 42 42 43 43 43 30 30 35 35 35 37 37 40 40 40 74 74 74 134 134 179 179 179 162 162 34 34 34 0 0 0 0 0 0 0 0 0 0 0 0 0 0 0 0 0 0 0 0 0 0 0 0 102 102 99 99 99 76 76 76 31 31 0 0 0 0 0
38 38 36 36 36 26 26 21 21 21 14 14 14 0 0 0 0 0 38 38 36 36 36 42 42 42 45 45 51 51 51 49 49 49 37 37 41 41 41 48 48 59 59 59 90 90 90 134 134 160 160 160 100 100 0 0 0 0 0 0 0 0 0 0 0 0 0 0 0 0 0 0 0 0 0 0 0 0 56 56 56 72 72 73 73 73 60 60 60 23 23 0 0 0 0 0
38 38 36 36 36 26 26 21 21 21 14 14 14 0 0 0 0 0 38 38 36 36 36 42 42 42 45 45 51 51 51 49 49 49 37 37 41 41 41 48 48 59 59 59 90 90 90 134 134 160 160 160 100 100 0 0 0 0 0 0 0 0 0 0 0 0 0 0 0 0 0 0 0 0 0 0 0 0 56 56 56 72 72 73 73 73 60 60 60 23 23 0 0 0 0 0
38 38 36 36 36 26 26 21 21 21 14 14 14 0 0 0 0 0 38 38 36 36 36 42 42 42 45 45 51 51 51 49 49 49 37 37 41 41 41 48 48 59 59 59 90 90 90 134 134 160 160 160 100 100 0 0 0 0 0 0 0 0 0 0 0 0 0 0 0 0 0 0 0 0 0 0 0 0 56 56 56 72 72 73 73 73 60 60 60 23 23 0 0 0 0 0
47 47 46 46 46 35 35 28 28 28 22 22 22 21 21 35 35 35 38 38 39 39 39 46 46 46 53 53 57 57 57 55 55 55 47 47 50 50 50 56 56 60 60 60 76 76 76 99 99 101 101 101 41 41 0 0 0 0 0 0 0 0 0 0 0 0 0 0 0 0 0 0 0 0 0 0 0 0 0 0 0 58 58 60 60 60 52 52 52 32 32 23 23 23 23 23
47 47 46 46 46 35 35 28 28 28 22 22 22 21 21 35 35 35 38 38 39 39 39 46 46 46 53 53 57 57 57 55 55 55 47 47 50 50 50 56 56 60 60 60 76 76 76 99 99 101 101 101 41 41 0 0 0 0 0 0 0 0 0 0 0 0 0 0 0 0 0 0 0 0 0 0 0 0 0 0 0 58 58 60 60 60 52 52 52 32 32 23 23 23 23 23
47 47 50 50 50 40 40 35 35 35 37 37 37 31 31 32 32 32 30 30 31 31 31 43 43 43 51 51 55 55 55 54 54 54 49 49 52 52 52 53 53 49 49 49 53 53 53 57 57 52 52 52 26 26 0 0 0 0 0 0 0 0 35 35 35 32 32 32 26 26 31 31 31 36 36 41 41 41 51 51 51 56 56 53 53 53 47 47 47 40 40 38 38 38 34 34
47 47 50 50 50 40 40 35 35 35 37 37 37 31 31 32 32 32 30 30 31 31 31 43 43 43 51 51 55 55 55 54 54 54 49 49 52 52 52 53 53 49 49 49 53 53 53 57 57 52 52 52 26 26 0 0 0 0 0 0 0 0 35 35 35 32 32 32 26 26 31 31 31 36 36 41 41 41 51 51 51 56 56 53 53 53 47 47 47 40 40 38 38 38 34 34
