SEB_model/sample_data_files/historical/hillshade/may6pm.txt
ncols         559
nrows         351
xllcorner     388608.08691406
yllcorner     7584381.3441773
cellsize      5
NODATA_value  -9999
[rows 172 to 214 of 351, columns 288 to 383 of 559]
47 47 50 50 50 40 40 35 35 35 37 37 37 31 31 32 32 32 30 30 31 31 31 43 43 43 51 51 55 55 55 54 54 54 49 49 52 52 52 53 53 49 49 49 53 53 53 57 57 52 52 52 26 26 0 0 0 0 0 0 0 0 35 35 35 32 32 32 26 26 31 31 31 36 36 41 41 41 51 51 51 56 56 53 53 53 47 47 47 40 40 38 38 38 34 34
43 43 46 46 46 44 44 48 48 48 52 52 52 32 32 25 25 25 25 25 27 27 27 40 40 40 46 46 49 49 49 51 51 51 46 46 48 48 48 46 46 39 39 39 40 40 40 36 36 32 32 32 28 28 23 23 23 32 32 32 37 37 37 37 37 34 34 34 28 28 32 32 32 37 37 42 42 42 52 52 52 54 54 52 52 52 48 48 48 45 45 45 45 45 39 39
43 43 46 46 46 44 44 48 48 48 52 52 52 32 32 25 25 25 25 25 27 27 27 40 40 40 46 46 49 49 49 51 51 51 46 46 48 48 48 46 46 39 39 39 40 40 40 36 36 32 32 32 28 28 23 23 23 32 32 32 37 37 37 37 37 34 34 34 28 28 32 32 32 37 37 42 42 42 52 52 52 54 54 52 52 52 48 48 48 45 45 45 45 45 39 39
43 43 46 46 46 44 44 48 48 48 52 52 52 32 32 25 25 25 25 25 27 27 27 40 40 40 46 46 49 49 49 51 51 51 46 46 48 48 48 46 46 39 39 39 40 40 40 36 36 32 32 32 28 28 23 23 23 32 32 32 37 37 37 37 37 34 34 34 28 28 32 32 32 37 37 42 42 42 52 52 52 54 54 52 52 52 48 48 48 45 45 45 45 45 39 39
36 36 37 37 37 47 47 59 59 59 55 55 55 32 32 25 25 25 26 26 27 27 27 36 36 36 40 40 44 44 44 46 46 46 43 43 45 45 45 44 44 38 38 38 40 40 40 36 36 34 34 34 32 32 29 29 29 36 36 36 39 39 38 38 38 35 35 35 30 30 35 35 35 39 39 44 44 44 52 52 52 53 53 51 51 51 49 49 49 47 47 49 49 49 43 43
36 36 37 37 37 47 47 59 59 59 55 55 55 32 32 25 25 25 26 26 27 27 27 36 36 36 40 40 44 44 44 46 46 46 43 43 45 45 45 44 44 38 38 38 40 40 40 36 36 34 34 34 32 32 29 29 29 36 36 36 39 39 38 38 38 35 35 35 30 30 35 35 35 39 39 44 44 44 52 52 52 53 53 51 51 51 49 49 49 47 47 49 49 49 43 43
32 32 31 31 31 47 47 58 58 58 49 49 49 33 33 30 30 30 34 34 31 31 31 36 36 36 38 38 42 42 42 46 46 46 43 43 48 48 48 48 48 42 42 42 44 44 44 41 41 38 38 38 34 34 26 26 26 32 32 32 37 37 39 39 39 38 38 38 35 35 39 39 39 42 42 46 46 46 53 53 53 53 53 52 52 52 51 51 51 48 48 49 49 49 44 44
32 32 31 31 31 47 47 58 58 58 49 49 49 33 33 30 30 30 34 34 31 31 31 36 36 36 38 38 42 42 42 46 46 46 43 43 48 48 48 48 48 42 42 42 44 44 44 41 41 38 38 38 34 34 26 26 26 32 32 32 37 37 39 39 39 38 38 38 35 35 39 39 39 42 42 46 46 46 53 53 53 53 53 52 52 52 51 51 51 48 48 49 49 49 44 44
32 32 31 31 31 47 47 58 58 58 49 49 49 33 33 30 30 30 34 34 31 31 31 36 36 36 38 38 42 42 42 46 46 46 43 43 48 48 48 48 48 42 42 42 44 44 44 41 41 38 38 38 34 34 26 26 26 32 32 32 37 37 39 39 39 38 38 38 35 35 39 39 39 42 42 46 46 46 53 53 53 53 53 52 52 52 51 51 51 48 48 49 49 49 44 44
35 35 30 30 30 43 43 49 49 49 43 43 43 36 36 40 40 40 48 48 44 44 44 44 44 44 42 42 46 46 46 49 49 49 46 46 51 51 51 51 51 46 46 46 48 48 48 45 45 42 42 42 37 37 26 26 26 30 30 30 35 35 38 38 38 41 41 41 39 39 44 44 44 46 46 47 47 47 54 54 54 56 56 55 55 55 53 53 53 48 48 46 46 46 42 42
35 35 30 30 30 43 43 49 49 49 43 43 43 36 36 40 40 40 48 48 44 44 44 44 44 44 42 42 46 46 46 49 49 49 46 46 51 51 51 51 51 46 46 46 48 48 48 45 45 42 42 42 37 37 26 26 26 30 30 30 35 35 38 38 38 41 41 41 39 39 44 44 44 46 46 47 47 47 54 54 54 56 56 55 55 55 53 53 53 48 48 46 46 46 42 42
35 35 30 30 30 43 43 49 49 49 43 43 43 36 36 40 40 40 48 48 44 44 44 44 44 44 42 42 46 46 46 49 49 49 46 46 51 51 51 51 51 46 46 46 48 48 48 45 45 42 42 42 37 37 26 26 26 30 30 30 35 35 38 38 38 41 41 41 39 39 44 44 44 46 46 47 47 47 54 54 54 56 56 55 55 55 53 53 53 48 48 46 46 46 -9999 -9999
35 35 25 25 25 33 33 37 37 37 38 38 38 38 38 49 49 49 60 60 57 57 57 54 54 54 48 48 48 48 48 50 50 50 45 45 49 49 49 50 50 46 46 46 49 49 49 47 47 45 45 45 40 40 28 28 28 30 30 30 31 31 34 34 34 38 38 38 38 38 44 44 44 46 46 48 48 48 54 54 54 57 57 57 57 57 52 52 52 43 43 22 -9999 -9999 -9999 -9999
35 35 25 25 25 33 33 37 37 37 38 38 38 38 38 49 49 49 60 60 57 57 57 54 54 54 48 48 48 48 48 50 50 50 45 45 49 49 49 50 50 46 46 46 49 49 49 47 47 45 45 45 40 40 28 28 28 30 30 30 31 31 34 34 34 38 38 38 38 38 44 44 44 46 46 48 48 48 54 54 54 57 57 57 57 57 52 52 52 43 -9999 -9999 -9999 -9999 -9999 -9999
27 27 17 17 17 26 26 30 30 30 38 38 38 46 46 63 63 63 74 74 67 67 67 62 62 62 55 55 54 54 54 53 53 53 45 45 48 48 48 49 49 45 45 45 48 48 48 48 48 46 46 46 43 43 35 35 35 34 34 34 31 31 31 31 31 35 35 35 35 35 42 42 42 46 46 49 49 49 56 56 56 43 43 36 36 36 -9999 -9999 -9999 -9999 -9999 -9999 -9999 -9999 -9999 -9999
27 27 17 17 17 26 26 30 30 30 38 38 38 46 46 63 63 63 74 74 67 67 67 62 62 62 55 55 54 54 54 53 53 53 45 45 48 48 48 49 49 45 45 45 48 48 48 48 48 46 46 46 43 43 35 35 35 34 34 34 31 31 31 31 31 35 35 35 35 35 42 42 42 46 46 49 49 49 56 56 -9999 -9999 -9999 -9999 -9999 -9999 -9999 -9999 -9999 -9999 -9999 -9999 -9999 -9999 -9999 -9999
27 27 17 17 17 26 26 30 30 30 38 38 38 46 46 63 63 63 74 74 67 67 67 62 62 62 55 55 54 54 54 53 53 53 45 45 48 48 48 49 49 45 45 45 48 48 48 48 48 46 46 46 43 43 35 35 35 34 34 34 31 31 31 31 31 35 35 35 35 35 42 42 42 46 46 -9999 -9999 -9999 -9999 -9999 -9999 -9999 -9999 -9999 -9999 -9999 -9999 -9999 -9999 -9999 -9999 -9999 -9999 -9999 -9999 -9999
12 12 0 0 0 26 26 33 33 33 47 47 47 62 62 81 81 81 85 85 72 72 72 65 65 65 61 61 61 61 61 58 58 58 50 50 50 50 50 49 49 43 43 43 46 46 46 46 46 46 46 46 46 46 42 42 42 41 41 41 35 35 34 34 34 35 35 35 33 33 40 40 40 45 45 -9999 -9999 -9999 -9999 -9999 -9999 -9999 -9999 -9999 -9999 -9999 -9999 -9999 -9999 -9999 -9999 -9999 -9999 -9999 -9999 -9999
12 12 0 0 0 26 26 33 33 33 47 47 47 62 62 81 81 81 85 85 72 72 72 65 65 65 61 61 61 61 61 58 58 58 50 50 50 50 50 49 49 43 43 43 46 46 46 46 46 46 46 46 46 46 42 42 42 41 41 41 35 35 34 34 34 35 35 35 33 33 40 40 40 45 45 39 -9999 -9999 -9999 -9999 -9999 -9999 -9999 -9999 -9999 -9999 -9999 -9999 -9999 -9999 -9999 -9999 -9999 -9999 -9999 -9999
5 5 0 0 0 37 37 46 46 46 62 62 62 79 79 93 93 93 87 87 70 70 70 65 65 65 64 64 62 62 62 59 59 59 52 52 51 51 51 47 47 39 39 39 42 42 42 43 43 44 44 44 46 46 43 43 43 44 44 44 40 40 38 38 38 35 35 35 29 29 35 35 35 41 41 29 29 29 0 0 -9999 -9999 -9999 -9999 -9999 -9999 -9999 -9999 -9999 -9999 -9999 -9999 -9999 -9999 -9999 -9999
5 5 0 0 0 37 37 46 46 46 62 62 62 79 79 93 93 93 87 87 70 70 70 65 65 65 64 64 62 62 62 59 59 59 52 52 51 51 51 47 47 39 39 39 42 42 42 43 43 44 44 44 46 46 43 43 43 44 44 44 40 40 38 38 38 35 35 35 29 29 35 35 35 41 41 29 29 29 0 0 -9999 -9999 -9999 -9999 -9999 -9999 -9999 -9999 -9999 -9999 -9999 -9999 -9999 -9999 -9999 -9999
5 5 0 0 0 37 37 46 46 46 62 62 62 79 79 93 93 93 87 87 70 70 70 65 65 65 64 64 62 62 62 59 59 59 52 52 51 51 51 47 47 39 39 39 42 42 42 43 43 44 44 44 46 46 43 43 43 44 44 44 40 40 38 38 38 35 35 35 29 29 35 35 35 41 41 29 29 29 0 0 -9999 -9999 -9999 -9999 -9999 -9999 -9999 -9999 -9999 -9999 -9999 -9999 -9999 -9999 -9999 -9999
18 18 41 41 41 58 58 63 63 63 76 76 76 88 88 94 94 94 83 83 66 66 66 64 64 64 63 63 59 59 59 54 54 54 49 49 51 51 51 48 48 40 40 40 42 42 42 43 43 44 44 44 45 45 43 43 43 44 44 44 43 43 42 42 42 38 38 38 30 30 30 -9999 -9999 -9999 32 31 31 31 37 -9999 -9999 -9999 -9999 -9999 -9999 -9999 -9999 -9999 -9999 -9999 -9999 -9999 -9999 -9999 -9999 -9999
18 18 41 41 41 58 58 63 63 63 76 76 76 88 88 94 94 94 83 83 66 66 66 64 64 64 63 63 59 59 59 54 54 54 49 49 51 51 51 48 48 40 40 40 42 42 42 43 43 44 44 44 45 45 43 43 43 44 44 44 43 43 -9999 42 42 38 38 38 30 30 -9999 -9999 -9999 -9999 -9999 -9999 -9999 -9999 -9999 -9999 -9999 -9999 -9999 -9999 -9999 -9999 -9999 -9999 -9999 -9999 -9999 -9999 -9999 -9999 -9999 -9999
18 18 41 41 41 58 58 63 63 63 76 76 76 88 88 94 94 94 83 83 66 66 66 64 64 64 63 63 59 59 59 54 54 54 49 49 51 51 51 48 48 40 40 40 42 42 42 43 43 44 44 44 45 45 43 43 43 44 44 44 43 43 42 -9999 -9999 38 38 38 -9999 -9999 -9999 -9999 -9999 -9999 -9999 -9999 -9999 -9999 -9999 -9999 -9999 -9999 -9999 -9999 -9999 -9999 -9999 -9999 -9999 -9999 -9999 -9999 -9999 -9999 -9999 -9999
43 43 67 67 67 77 77 76 76 76 84 84 84 89 89 88 88 88 74 74 59 59 59 59 59 59 57 57 51 51 51 49 49 49 48 48 52 52 52 51 51 45 45 45 45 45 45 46 46 46 46 46 46 46 44 44 44 44 44 44 43 43 43 43 -9999 -9999 -9999 -9999 -9999 -9999 -9999 -9999 -9999 -9999 -9999 -9999 -9999 -9999 -9999 -9999 -9999 -9999 -9999 -9999 -9999 -9999 -9999 -9999 -9999 -9999 -9999 -9999 -9999 -9999 -9999 -9999
43 43 67 67 67 77 77 76 76 76 84 84 84 89 89 88 88 88 74 74 59 59 59 59 59 59 57 57 51 51 51 49 49 49 48 48 52 52 52 51 51 45 45 45 45 45 45 46 46 46 46 46 46 46 44 44 44 44 44 44 43 43 43 43 43 39 39 39 33 -9999 -9999 -9999 -9999 -9999 -9999 -9999 -9999 -9999 -9999 -9999 -9999 -9999 -9999 -9999 -9999 -9999 -9999 -9999 -9999 -9999 -9999 -9999 -9999 -9999 -9999 -9999
67 67 86 86 86 87 87 85 85 85 87 87 87 84 84 77 77 77 63 63 52 52 52 54 54 54 51 51 48 48 48 48 48 48 50 50 54 54 54 53 53 49 49 49 48 48 48 48 48 47 47 47 46 46 44 44 44 43 43 43 42 42 40 40 40 37 37 37 33 33 29 29 29 32 32 38 38 38 41 41 41 42 42 42 -9999 -9999 -9999 -9999 -9999 -9999 -9999 -9999 -9999 -9999 -9999 -9999
67 67 86 86 86 87 87 85 85 85 87 87 87 84 84 77 77 77 63 63 52 52 52 54 54 54 51 51 48 48 48 48 48 48 50 50 54 54 54 53 53 49 49 49 48 48 48 48 48 47 47 47 46 46 44 44 44 43 43 43 42 42 40 40 40 37 37 37 33 33 29 29 29 32 32 38 38 38 41 41 41 42 42 42 42 42 -9999 -9999 -9999 -9999 -9999 -9999 -9999 -9999 -9999 -9999
67 67 86 86 86 87 87 85 85 85 87 87 87 84 84 77 77 77 63 63 52 52 52 54 54 54 51 51 48 48 48 48 48 48 50 50 54 54 54 53 53 49 49 49 48 48 48 48 48 47 47 47 46 46 44 44 44 43 43 43 42 42 40 40 40 37 37 37 33 33 29 29 29 32 32 38 38 38 41 41 41 42 42 42 42 42 35 35 -9999 -9999 -9999 -9999 -9999 -9999 -9999 -9999
86 86 96 96 96 91 91 89 89 89 86 86 86 77 77 67 67 67 56 56 50 50 50 53 53 53 50 50 47 47 47 48 48 48 51 51 54 54 54 54 54 51 51 51 49 49 49 48 48 47 47 47 45 45 43 43 43 43 43 43 42 42 39 39 39 36 36 36 32 32 34 34 34 39 39 44 44 44 49 49 49 48 48 43 43 43 25 25 25 -9999 -9999 -9999 -9999 -9999 -9999 -9999
86 86 96 96 96 91 91 89 89 89 86 86 86 77 77 67 67 67 56 56 50 50 50 53 53 53 50 50 47 47 47 48 48 48 51 51 54 54 54 54 54 51 51 51 49 49 49 48 48 47 47 47 45 45 43 43 43 43 43 43 42 42 39 39 39 36 36 36 32 32 34 34 34 39 39 44 44 44 49 49 49 48 48 43 43 43 25 25 25 19 -9999 -9999 -9999 -9999 -9999 -9999
95 95 98 98 98 94 94 91 91 91 86 86 86 73 73 63 63 63 55 55 50 50 50 49 49 49 47 47 45 45 45 45 45 45 49 49 53 53 53 53 53 51 51 51 48 48 48 48 48 47 47 47 45 45 43 43 43 43 43 43 42 42 39 39 39 35 35 35 32 32 32 32 32 38 38 46 46 46 51 51 51 45 45 34 34 34 20 20 20 16 -9999 -9999 -9999 -9999 -9999 -9999
95 95 98 98 98 94 94 91 91 91 86 86 86 73 73 63 63 63 55 55 50 50 50 49 49 49 47 47 45 45 45 45 45 45 49 49 53 53 53 53 53 51 51 51 48 48 48 48 48 47 47 47 45 45 43 43 43 43 43 43 42 42 39 39 39 35 35 35 32 32 32 32 32 38 38 46 46 46 51 51 51 45 45 34 34 34 20 20 20 16 -9999 -9999 -9999 -9999 -9999 -9999
95 95 98 98 98 94 94 91 91 91 86 86 86 73 73 63 63 63 55 55 50 50 50 49 49 49 47 47 45 45 45 45 45 45 49 49 53 53 53 53 53 51 51 51 48 48 48 48 48 47 47 47 45 45 43 43 43 43 43 43 42 42 39 39 39 35 35 35 32 32 32 32 32 38 38 46 46 46 51 51 51 45 45 34 34 34 20 20 20 16 -9999 -9999 -9999 -9999 -9999 -9999
95 95 99 99 99 98 98 96 96 96 89 89 89 73 73 58 58 58 50 50 46 46 46 45 45 45 45 45 45 45 45 46 46 46 47 47 51 51 51 53 53 52 52 52 49 49 49 48 48 48 48 48 46 46 43 43 43 42 42 42 41 41 39 39 39 35 35 35 31 31 31 31 31 37 37 48 48 48 53 53 53 41 41 29 29 29 24 24 24 -9999 -9999 -9999 -9999 -9999 -9999 -9999
95 95 99 99 99 98 98 96 96 96 89 89 89 73 73 58 58 58 50 50 46 46 46 45 45 45 45 45 45 45 45 46 46 46 47 47 51 51 51 53 53 52 52 52 49 49 49 48 48 48 48 48 46 46 43 43 43 42 42 42 41 41 39 39 39 35 35 35 31 31 31 31 31 37 37 48 48 48 53 53 53 41 41 29 29 29 24 24 -9999 -9999 -9999 -9999 -9999 -9999 -9999 -9999
95 95 99 99 99 98 98 96 96 96 89 89 89 73 73 58 58 58 50 50 46 46 46 45 45 45 45 45 45 45 45 46 46 46 47 47 51 51 51 53 53 52 52 52 49 49 49 48 48 48 48 48 46 46 43 43 43 42 42 42 41 41 39 39 39 35 35 35 31 31 31 31 31 37 37 48 48 48 53 53 53 41 41 29 29 29 24 -9999 -9999 -9999 -9999 -9999 -9999 -9999 -9999 -9999
93 93 102 102 102 108 108 104 104 104 87 87 87 67 67 51 51 51 44 44 43 43 43 45 45 45 46 46 47 47 47 47 47 47 47 47 50 50 50 52 52 51 51 51 50 50 50 49 49 48 48 48 45 45 42 42 42 40 40 40 39 39 37 37 37 34 34 34 31 31 33 33 33 42 42 52 52 52 54 54 54 40 40 25 25 -9999 -9999 -9999 -9999 -9999 -9999 -9999 -9999 -9999 -9999 -9999
93 93 102 102 102 108 108 104 104 104 87 87 87 67 67 51 51 51 44 44 43 43 43 45 45 45 46 46 47 47 47 47 47 47 47 47 50 50 50 52 52 51 51 51 50 50 50 49 49 48 48 48 45 45 42 42 42 40 40 40 39 39 37 37 37 34 34 34 31 31 33 33 33 42 42 52 52 52 54 54 54 40 40 25 -9999 -9999 -9999 -9999 -9999 -9999 -9999 -9999 -9999 -9999 -9999 -9999
97 97 111 111 111 117 117 105 105 105 81 81 81 59 59 46 46 46 42 42 42 42 42 45 45 45 47 47 49 49 49 48 48 48 49 49 51 51 51 51 51 50 50 50 49 49 49 49 49 47 47 47 43 43 39 39 39 38 38 38 37 37 35 35 35 34 34 34 33 33 37 37 37 48 48 49 49 49 45 45 45 36 36 -9999 -9999 -9999 -9999 -9999 -9999 -9999 -9999 -9999 -9999 -9999 -9999 -9999
97 97 111 111 111 117 117 105 105 105 81 81 81 59 59 46 46 46 42 42 42 42 42 45 45 45 47 47 49 49 49 48 48 48 49 49 51 51 51 51 51 50 50 50 49 49 49 49 49 47 47 47 43 43 39 39 39 38 38 38 37 37 35 35 35 34 34 34 33 33 37 37 37 48 48 49 49 -9999 -9999 -9999 -9999 -9999 -9999 -9999 -9999 -9999 -9999 -9999 -9999 -9999 -9999 -9999 -9999 -9999 -9999 -9999
97 97 111 111 111 117 117 105 105 105 81 81 81 59 59 46 46 46 42 42 42 42 42 45 45 45 47 47 49 49 49 48 48 48 49 49 51 51 51 51 51 50 50 50 49 49 49 49 49 47 47 47 43 43 39 39 39 38 38 38 37 37 35 35 35 34 34 34 33 33 37 37 37 48 48 -9999 -9999 -9999 -9999 -9999 -9999 -9999 -9999 -9999 -9999 -9999 -9999 -9999 -9999 -9999 -9999 -9999 -9999 -9999 -9999 -9999
