SEB_model/sample_data_files/historical/hillshade/may6pm.txt
ncols         559
nrows         351
xllcorner     388608.08691406
yllcorner     7584381.3441773
cellsize      5
NODATA_value  -9999
[rows 301 to 343 of 351, columns 96 to 191 of 559]
39 27 27 33 33 33 40 40 44 44 44 45 45 45 35 35 29 29 29 28 28 32 32 32 41 41 41 42 42 43 43 43 52 52 52 53 53 45 45 45 35 35 39 39 39 50 50 50 57 57 64 64 64 62 62 55 55 55 55 55 55 64 64 74 74 74 77 77 77 72 72 74 74 74 77 77 78 78 78 87 87 87 94 94 99 99 99 110 110 125 125 125 135 135 135 139
39 27 27 33 33 33 40 40 44 44 44 45 45 45 35 35 29 29 29 28 28 32 32 32 41 41 41 42 42 43 43 43 52 52 52 53 53 45 45 45 35 35 39 39 39 50 50 50 57 57 64 64 64 62 62 55 55 55 55 55 55 64 64 74 74 74 77 77 77 72 72 74 74 74 77 77 78 78 78 87 87 87 94 94 99 99 99 110 110 125 125 125 135 135 135 139
39 27 27 33 33 33 40 40 44 44 44 45 45 45 35 35 29 29 29 28 28 32 32 32 41 41 41 42 42 43 43 43 52 52 52 53 53 45 45 45 35 35 39 39 39 50 50 50 57 57 64 64 64 62 62 55 55 55 55 55 55 64 64 74 74 74 77 77 77 72 72 74 74 74 77 77 78 78 78 87 87 87 94 94 99 99 99 110 110 125 125 125 135 135 135 139
34 24 24 33 33 33 42 42 47 47 47 46 46 46 34 34 27 27 27 31 31 41 41 41 48 48 48 47 47 43 43 43 46 46 46 47 47 37 37 37 33 33 44 44 44 54 54 54 62 62 68 68 68 64 64 58 58 58 59 59 59 71 71 80 80 80 78 78 78 68 68 67 67 67 72 72 78 78 78 94 94 94 103 103 108 108 108 120 120 131 131 131 136 136 136 139
34 24 24 33 33 33 42 42 47 47 47 46 46 46 34 34 27 27 27 31 31 41 41 41 48 48 48 47 47 43 43 43 46 46 46 47 47 37 37 37 33 33 44 44 44 54 54 54 62 62 68 68 68 64 64 58 58 58 59 59 59 71 71 80 80 80 78 78 78 68 68 67 67 67 72 72 78 78 78 94 94 94 103 103 108 108 108 120 120 131 131 131 136 136 136 139
27 19 19 29 29 29 42 42 47 47 47 46 46 46 39 39 35 35 35 40 40 48 48 48 48 48 48 46 46 41 41 41 41 41 41 36 36 28 28 28 36 36 51 51 51 59 59 59 63 63 66 66 66 63 63 59 59 59 64 64 64 77 77 85 85 85 79 79 79 62 62 60 60 60 70 70 81 81 81 100 100 100 109 109 119 119 119 132 132 135 135 135 135 135 135 139
27 19 19 29 29 29 42 42 47 47 47 46 46 46 39 39 35 35 35 40 40 48 48 48 48 48 48 46 46 41 41 41 41 41 41 36 36 28 28 28 36 36 51 51 51 59 59 59 63 63 66 66 66 63 63 59 59 59 64 64 64 77 77 85 85 85 79 79 79 62 62 60 60 60 70 70 81 81 81 100 100 100 109 109 119 119 119 132 132 135 135 135 135 135 135 139
27 19 19 29 29 29 42 42 47 47 47 46 46 46 39 39 35 35 35 40 40 48 48 48 48 48 48 46 46 41 41 41 41 41 41 36 36 28 28 28 36 36 51 51 51 59 59 59 63 63 66 66 66 63 63 59 59 59 64 64 64 77 77 85 85 85 79 79 79 62 62 60 60 60 70 70 81 81 81 100 100 100 109 109 119 119 119 132 132 135 135 135 135 135 135 139
18 14 14 27 27 27 40 40 46 46 46 46 46 46 47 47 49 49 49 53 53 51 51 51 45 45 45 42 42 38 38 38 36 36 36 26 26 27 27 27 44 44 59 59 59 63 63 63 60 60 62 62 62 62 62 62 62 62 67 67 67 82 82 88 88 88 78 78 78 62 62 64 64 64 79 79 87 87 87 102 102 102 111 111 127 127 127 142 142 139 139 139 136 136 136 140
18 14 14 27 27 27 40 40 46 46 46 46 46 46 47 47 49 49 49 53 53 51 51 51 45 45 45 42 42 38 38 38 36 36 36 26 26 27 27 27 44 44 59 59 59 63 63 63 60 60 62 62 62 62 62 62 62 62 67 67 67 82 82 88 88 88 78 78 78 62 62 64 64 64 79 79 87 87 87 102 102 102 111 111 127 127 127 142 142 139 139 139 136 136 136 140
18 14 14 27 27 27 40 40 46 46 46 46 46 46 47 47 49 49 49 53 53 51 51 51 45 45 45 42 42 38 38 38 36 36 36 26 26 27 27 27 44 44 59 59 59 63 63 63 60 60 62 62 62 62 62 62 62 62 67 67 67 82 82 88 88 88 78 78 78 62 62 64 64 64 79 79 87 87 87 102 102 102 111 111 127 127 127 142 142 139 139 139 136 136 136 140
17 19 19 31 31 31 41 41 46 46 46 49 49 49 56 56 62 62 62 64 64 56 56 56 47 47 47 43 43 38 38 38 31 31 31 25 25 34 34 34 50 50 59 59 59 60 60 60 56 56 59 59 59 64 64 66 66 66 72 72 72 86 86 89 89 89 81 81 81 73 73 81 81 81 93 93 92 92 92 101 101 101 110 110 128 128 128 146 146 145 145 145 139 139 139 142
17 19 19 31 31 31 41 41 46 46 46 49 49 49 56 56 62 62 62 64 64 56 56 56 47 47 47 43 43 38 38 38 31 31 31 25 25 34 34 34 50 50 59 59 59 60 60 60 56 56 59 59 59 64 64 66 66 66 72 72 72 86 86 89 89 89 81 81 81 73 73 81 81 81 93 93 92 92 92 101 101 101 110 110 128 128 128 146 146 145 145 145 139 139 139 142
29 33 33 41 41 41 45 45 49 49 49 55 55 55 62 62 68 68 68 63 63 -9999 -9999 -9999 58 58 58 50 50 36 36 36 29 29 29 29 29 40 40 40 49 49 52 52 52 53 53 53 55 55 60 60 60 65 65 70 70 70 77 77 77 87 87 90 90 90 89 89 89 91 91 97 97 97 101 101 95 95 95 103 103 103 112 112 127 127 127 145 145 148 148 148 144 144 144 145
29 33 33 41 41 41 45 45 49 49 49 55 55 55 62 62 68 68 68 63 -9999 -9999 -9999 -9999 -9999 58 58 50 50 36 36 36 29 29 29 29 29 40 40 40 49 49 52 52 52 53 53 53 55 55 60 60 60 65 65 70 70 70 77 77 77 87 87 90 90 90 89 89 89 91 91 97 97 97 101 101 95 95 95 103 103 103 112 112 127 127 127 145 145 148 148 148 144 144 144 145
29 33 33 41 41 41 45 45 49 49 49 55 55 55 62 62 68 68 68 -9999 -9999 -9999 -9999 -9999 -9999 -9999 58 50 50 36 36 36 29 29 29 29 29 40 40 40 49 49 52 52 52 53 53 53 55 55 60 60 60 65 65 70 70 70 77 77 77 87 87 90 90 90 89 89 89 91 91 97 97 97 101 101 95 95 95 103 103 103 112 112 127 127 127 145 145 148 148 148 144 144 144 145
43 48 48 51 51 51 52 52 55 55 55 60 60 60 64 64 59 59 -9999 -9999 -9999 -9999 -9999 -9999 -9999 -9999 -9999 -9999 -9999 -9999 -9999 36 34 34 34 36 36 40 40 40 44 44 42 42 42 46 46 46 52 52 58 58 58 68 68 80 80 80 84 84 84 89 89 95 95 95 105 105 105 109 109 105 105 105 102 102 101 101 101 112 112 112 119 119 127 127 127 142 142 147 147 147 145 145 145 146
43 48 48 51 51 51 52 52 55 55 55 60 60 60 64 64 59 -9999 -9999 -9999 -9999 -9999 -9999 -9999 -9999 -9999 -9999 -9999 -9999 -9999 -9999 -9999 34 34 34 36 36 40 40 40 44 44 42 42 42 46 46 46 52 52 58 58 58 68 68 80 80 80 84 84 84 89 89 95 95 95 105 105 105 109 109 105 105 105 102 102 101 101 101 112 112 112 119 119 127 127 127 142 142 147 147 147 145 145 145 146
-9999 -9999 -9999 -9999 -9999 -9999 -9999 -9999 -9999 -9999 -9999 -9999 -9999 -9999 -9999 -9999 -9999 -9999 -9999 -9999 -9999 -9999 -9999 -9999 -9999 -9999 -9999 -9999 -9999 -9999 -9999 -9999 -9999 34 34 36 36 40 40 40 44 44 42 42 42 46 46 46 52 52 58 58 58 68 68 80 80 80 84 84 84 89 89 95 95 95 105 105 105 109 109 105 105 105 102 102 101 101 101 112 112 112 119 119 127 127 127 142 142 147 147 147 145 145 145 146
-9999 -9999 -9999 -9999 -9999 -9999 -9999 -9999 -9999 -9999 -9999 -9999 -9999 -9999 -9999 -9999 -9999 -9999 -9999 -9999 -9999 -9999 -9999 -9999 -9999 -9999 -9999 -9999 -9999 -9999 -9999 -9999 -9999 49 49 47 47 39 39 39 39 39 37 37 37 38 38 38 44 44 59 59 59 81 81 93 93 93 90 90 90 93 93 108 108 108 122 122 122 119 119 106 106 106 103 103 111 111 111 123 123 123 126 126 128 128 128 138 138 144 144 144 141 141 141 145
-9999 -9999 -9999 -9999 -9999 -9999 -9999 -9999 -9999 -9999 -9999 -9999 -9999 -9999 -9999 -9999 -9999 -9999 -9999 -9999 -9999 -9999 -9999 -9999 -9999 -9999 -9999 -9999 -9999 -9999 -9999 -9999 -9999 -9999 49 47 47 39 39 39 39 39 37 37 37 38 38 38 44 44 59 59 59 81 81 93 93 93 90 90 90 93 93 108 108 108 122 122 122 119 119 106 106 106 103 103 111 111 111 123 123 123 126 126 128 128 128 138 138 144 144 144 141 141 141 145
-9999 -9999 -9999 -9999 -9999 -9999 -9999 -9999 -9999 -9999 -9999 -9999 -9999 -9999 -9999 -9999 -9999 -9999 -9999 -9999 -9999 -9999 -9999 -9999 -9999 -9999 -9999 -9999 -9999 -9999 -9999 -9999 -9999 -9999 59 54 54 41 41 41 36 36 34 34 34 34 34 34 45 45 70 70 70 93 93 99 99 99 95 95 95 103 103 121 121 121 129 129 129 120 120 109 109 109 110 110 123 123 123 131 131 131 130 130 131 131 131 137 137 140 140 140 138 138 138 145
-9999 -9999 -9999 -9999 -9999 -9999 -9999 -9999 -9999 -9999 -9999 -9999 -9999 -9999 -9999 -9999 -9999 -9999 -9999 -9999 -9999 -9999 -9999 -9999 -9999 -9999 -9999 -9999 -9999 -9999 -9999 -9999 -9999 -9999 59 54 54 41 41 41 36 36 34 34 34 34 34 34 45 45 70 70 70 93 93 99 99 99 95 95 95 103 103 121 121 121 129 129 129 120 120 109 109 109 110 110 123 123 123 131 131 131 130 130 131 131 131 137 137 140 140 140 138 138 138 145
-9999 -9999 -9999 -9999 -9999 -9999 -9999 -9999 -9999 -9999 -9999 -9999 -9999 -9999 -9999 -9999 -9999 -9999 -9999 -9999 -9999 -9999 -9999 -9999 -9999 -9999 -9999 -9999 -9999 -9999 -9999 -9999 -9999 -9999 -9999 54 54 41 41 41 36 36 34 34 34 34 34 34 45 45 70 70 70 93 93 99 99 99 95 95 95 103 103 121 121 121 129 129 129 120 120 109 109 109 110 110 123 123 123 131 131 131 130 130 131 131 131 137 137 140 140 140 138 138 138 145
-9999 -9999 -9999 -9999 -9999 -9999 -9999 -9999 -9999 -9999 -9999 -9999 -9999 -9999 -9999 -9999 -9999 -9999 -9999 -9999 -9999 -9999 -9999 -9999 -9999 -9999 -9999 -9999 -9999 -9999 -9999 -9999 -9999 -9999 -9999 63 63 56 56 56 38 38 39 39 39 45 45 45 61 61 81 81 81 95 95 98 98 98 104 104 104 118 118 131 131 131 130 130 130 122 122 119 119 119 122 122 132 132 132 136 136 136 133 133 133 133 133 135 135 137 137 137 136 136 136 145
-9999 -9999 -9999 -9999 -9999 -9999 -9999 -9999 -9999 -9999 -9999 -9999 -9999 -9999 -9999 -9999 -9999 -9999 -9999 -9999 -9999 -9999 -9999 -9999 -9999 -9999 -9999 -9999 -9999 -9999 -9999 -9999 -9999 -9999 -9999 63 63 56 56 56 38 38 39 39 39 45 45 45 61 61 81 81 81 95 95 98 98 98 104 104 104 118 118 131 131 131 130 130 130 122 122 119 119 119 122 122 132 132 132 136 136 136 133 133 133 133 133 135 135 137 137 137 136 136 136 145
-9999 -9999 -9999 -9999 -9999 -9999 -9999 -9999 -9999 -9999 -9999 -9999 -9999 -9999 -9999 -9999 -9999 -9999 -9999 -9999 -9999 -9999 -9999 -9999 -9999 -9999 -9999 -9999 -9999 -9999 -9999 -9999 -9999 -9999 81 91 91 69 69 69 46 46 51 51 51 61 61 61 74 74 83 83 83 90 90 101 101 101 116 116 116 127 127 130 130 130 122 122 122 124 124 130 130 130 132 132 137 137 137 140 140 140 136 136 136 136 136 138 138 136 136 136 135 135 135 142
-9999 -9999 -9999 -9999 -9999 -9999 -9999 -9999 -9999 -9999 -9999 -9999 -9999 -9999 -9999 -9999 -9999 -9999 -9999 -9999 -9999 -9999 -9999 -9999 -9999 -9999 -9999 -9999 -9999 -9999 -9999 -9999 81 81 81 91 91 69 69 69 46 46 51 51 51 61 61 61 74 74 83 83 83 90 90 101 101 101 116 116 116 127 127 130 130 130 122 122 122 124 124 130 130 130 132 132 137 137 137 140 140 140 136 136 136 136 136 138 138 136 136 136 135 135 135 142
-9999 -9999 -9999 -9999 -9999 -9999 -9999 -9999 -9999 -9999 -9999 -9999 -9999 -9999 -9999 -9999 -9999 -9999 -9999 -9999 -9999 -9999 -9999 -9999 -9999 -9999 -9999 -9999 -9999 -9999 79 79 81 81 81 91 91 69 69 69 46 46 51 51 51 61 61 61 74 74 83 83 83 90 90 101 101 101 116 116 116 127 127 130 130 130 122 122 122 124 124 130 130 130 132 132 137 137 137 140 140 140 136 136 136 136 136 138 138 136 136 136 135 135 135 142
-9999 -9999 -9999 -9999 -9999 -9999 -9999 -9999 -9999 -9999 -9999 -9999 -9999 -9999 -9999 -9999 -9999 -9999 -9999 -9999 -9999 -9999 -9999 -9999 -9999 -9999 -9999 -9999 -9999 105 105 105 129 129 129 108 108 69 69 69 59 59 63 63 63 75 75 75 85 85 86 86 86 94 94 111 111 111 122 122 122 124 124 119 119 119 114 114 114 126 126 136 136 136 138 138 141 141 141 143 143 143 140 140 142 142 142 143 143 136 136 136 131 131 131 137
-9999 -9999 -9999 -9999 -9999 -9999 -9999 -9999 -9999 -9999 -9999 -9999 -9999 -9999 -9999 -9999 -9999 -9999 -9999 -9999 -9999 -9999 -9999 -9999 -9999 -9999 -9999 -9999 -9999 105 105 105 129 129 129 108 108 69 69 69 59 59 63 63 63 75 75 75 85 85 86 86 86 94 94 111 111 111 122 122 122 124 124 119 119 119 114 114 114 126 126 136 136 136 138 138 141 141 141 143 143 143 140 140 142 142 142 143 143 136 136 136 131 131 131 137
-9999 -9999 -9999 -9999 -9999 -9999 -9999 -9999 -9999 -9999 -9999 -9999 -9999 -9999 -9999 -9999 -9999 -9999 -9999 -9999 -9999 -9999 -9999 -9999 -9999 -9999 -9999 -9999 -9999 105 105 105 129 -9999 -9999 -9999 -9999 69 69 69 59 59 63 63 63 75 75 75 85 85 86 86 86 94 94 111 111 111 122 122 122 124 124 119 119 119 114 114 114 126 126 136 136 136 138 138 141 141 141 143 143 143 140 140 142 142 142 143 143 136 136 136 131 131 131 137
-9999 -9999 -9999 -9999 -9999 -9999 -9999 -9999 -9999 -9999 -9999 -9999 -9999 -9999 -9999 -9999 -9999 -9999 -9999 -9999 -9999 -9999 -9999 -9999 -9999 -9999 -9999 -9999 -9999 -9999 -9999 -9999 -9999 -9999 -9999 -9999 -9999 86 86 86 95 95 72 72 72 86 86 86 95 95 92 92 92 102 102 117 117 117 120 120 120 116 116 110 110 110 112 112 112 122 122 131 131 131 140 140 145 145 145 148 148 148 147 147 144 144 144 143 143 134 134 134 125 125 125 130
-9999 -9999 -9999 -9999 -9999 -9999 -9999 -9999 -9999 -9999 -9999 -9999 -9999 -9999 -9999 -9999 -9999 -9999 -9999 -9999 -9999 -9999 -9999 -9999 -9999 -9999 -9999 -9999 -9999 -9999 -9999 -9999 -9999 -9999 -9999 -9999 -9999 86 86 86 95 95 72 72 72 86 86 86 95 95 92 92 92 102 102 117 117 117 120 120 120 116 116 110 110 110 112 112 112 122 122 131 131 131 140 140 145 145 145 148 148 148 147 147 144 144 144 143 143 134 134 134 125 125 125 130
-9999 -9999 -9999 -9999 -9999 -9999 -9999 -9999 -9999 -9999 -9999 -9999 -9999 -9999 -9999 -9999 -9999 -9999 -9999 -9999 -9999 -9999 -9999 -9999 -9999 -9999 -9999 -9999 -9999 -9999 -9999 -9999 -9999 -9999 -9999 -9999 -9999 143 143 143 162 162 85 85 85 95 95 95 104 104 104 104 104 114 114 121 121 121 119 119 119 113 113 107 107 107 108 108 108 113 113 118 118 118 130 130 145 145 145 153 153 153 151 151 140 140 140 131 131 121 121 121 116 116 116 123
-9999 -9999 -9999 -9999 -9999 -9999 -9999 -9999 -9999 -9999 -9999 -9999 -9999 -9999 -9999 -9999 -9999 -9999 -9999 -9999 -9999 -9999 -9999 -9999 -9999 -9999 -9999 -9999 -9999 -9999 -9999 -9999 -9999 -9999 -9999 -9999 -9999 143 143 143 162 162 85 85 85 95 95 95 104 104 104 104 104 114 114 121 121 121 119 119 119 113 113 107 107 107 108 108 108 113 113 118 118 118 130 130 145 145 145 153 153 153 151 151 140 140 140 131 131 121 121 121 116 116 -9999 -9999
-9999 -9999 -9999 -9999 -9999 -9999 -9999 -9999 -9999 -9999 -9999 -9999 -9999 -9999 -9999 -9999 -9999 -9999 -9999 -9999 -9999 -9999 -9999 -9999 -9999 -9999 -9999 -9999 -9999 -9999 -9999 -9999 -9999 -9999 -9999 -9999 -9999 -9999 -9999 143 162 162 85 85 85 95 95 95 104 104 104 104 104 114 114 121 121 121 119 119 119 113 113 107 107 107 108 108 108 113 113 118 118 118 130 130 145 145 145 153 153 153 151 151 140 140 140 131 -9999 -9999 -9999 -9999 -9999 116 -9999 -9999
-9999 -9999 -9999 -9999 -9999 -9999 -9999 -9999 -9999 -9999 -9999 -9999 -9999 -9999 -9999 -9999 -9999 -9999 -9999 -9999 -9999 -9999 -9999 -9999 -9999 -9999 -9999 -9999 -9999 -9999 -9999 -9999 -9999 -9999 -9999 -9999 -9999 -9999 -9999 -9999 -9999 -9999 -9999 50 50 131 131 131 166 166 119 119 119 123 123 124 124 124 117 117 117 108 108 98 98 98 95 95 95 100 100 102 102 102 110 110 135 135 135 151 151 151 149 149 133 133 133 -9999 -9999 -9999 -9999 -9999 -9999 -9999 -9999 -9999
-9999 -9999 -9999 -9999 -9999 -9999 -9999 -9999 -9999 -9999 -9999 -9999 -9999 -9999 -9999 -9999 -9999 -9999 -9999 -9999 -9999 -9999 -9999 -9999 -9999 -9999 -9999 -9999 -9999 -9999 -9999 -9999 -9999 -9999 -9999 -9999 -9999 -9999 -9999 -9999 -9999 -9999 -9999 -9999 50 131 131 131 166 166 119 119 119 123 123 124 124 124 117 117 117 108 108 98 98 98 95 95 95 100 100 102 102 102 110 110 135 135 135 151 151 151 149 149 133 133 -9999 -9999 -9999 -9999 -9999 -9999 -9999 -9999 -9999 -9999
-9999 -9999 -9999 -9999 -9999 -9999 -9999 -9999 -9999 -9999 -9999 -9999 -9999 -9999 -9999 -9999 -9999 -9999 -9999 -9999 -9999 -9999 -9999 -9999 -9999 -9999 -9999 -9999 -9999 -9999 -9999 -9999 -9999 -9999 -9999 -9999 -9999 -9999 -9999 -9999 -9999 -9999 -9999 -9999 50 131 131 131 166 166 119 119 119 123 123 124 124 124 117 117 117 108 108 98 98 98 95 95 95 100 100 102 102 102 110 110 135 135 135 151 151 151 149 149 133 -9999 -9999 -9999 -9999 -9999 -9999 -9999 -9999 -9999 -9999 -9999
-9999 -9999 -9999 -9999 -9999 -9999 -9999 -9999 -9999 -9999 -9999 -9999 -9999 -9999 -9999 -9999 -9999 -9999 -9999 -9999 -9999 -9999 -9999 -9999 -9999 -9999 -9999 -9999 -9999 -9999 -9999 -9999 -9999 -9999 -9999 -9999 -9999 -9999 -9999 -9999 -9999 -9999 -9999 -9999 -9999 195 195 195 231 231 132 132 132 133 133 130 130 130 118 118 118 103 103 91 91 91 84 84 84 86 86 89 89 89 100 100 125 125 125 136 136 136 134 134 85 -9999 -9999 -9999 -9999 -9999 -9999 -9999 -9999 -9999 -9999 -9999
-9999 -9999 -9999 -9999 -9999 -9999 -9999 -9999 -9999 -9999 -9999 -9999 -9999 -9999 -9999 -9999 -9999 -9999 -9999 -9999 -9999 -9999 -9999 -9999 -9999 -9999 -9999 -9999 -9999 -9999 -9999 -9999 -9999 -9999 -9999 -9999 -9999 -9999 -9999 -9999 -9999 -9999 -9999 -9999 -9999 -9999 195 195 231 231 132 132 132 133 133 130 130 130 118 118 118 103 103 91 91 91 84 84 84 86 86 89 89 89 100 100 125 125 125 136 136 136 134 134 -9999 -9999 -9999 -9999 -9999 -9999 -9999 -9999 -9999 -9999 -9999 -9999
-9999 -9999 -9999 -9999 -9999 -9999 -9999 -9999 -9999 -9999 -9999 -9999 -9999 -9999 -9999 -9999 -9999 -9999 -9999 -9999 -9999 -9999 -9999 -9999 -9999 -9999 -9999 -9999 -9999 -9999 -9999 -9999 -9999 -9999 -9999 -9999 -9999 -9999 -9999 -9999 -9999 -9999 -9999 -9999 -9999 -9999 -9999 204 227 227 211 211 211 132 132 126 126 126 110 110 110 95 95 88 88 88 81 81 81 74 74 76 76 76 97 97 126 126 126 123 123 123 48 48 -9999 -9999 -9999 -9999 -9999 -9999 -9999 -9999 -9999 -9999 -9999 -9999
