SEB_model/sample_data_files/historical/hillshade/may6am.txt
ncols         559
nrows         351
xllcorner     388608.08691406
yllcorner     7584381.3441773
cellsize      5
NODATA_value  -9999
[rows 78 to 116 of 351, columns 264 to 351 of 559]
142 142 142 136 136 135 135 135 138 138 142 142 142 143 143 143 146 146 143 143 143 139 139 139 142 142 139 139 139 141 141 139 139 139 127 127 127 116 116 106 106 106 104 104 108 108 108 107 107 107 108 108 107 107 107 108 108 108 111 111 110 110 110 112 112 117 117 117 115 115 115 111 111 108 108 108 107 107 111 111 111 110 110 110 111 111 111 111
145 145 145 139 139 134 134 134 137 137 144 144 144 143 143 143 146 146 144 144 144 138 138 138 142 142 139 139 139 138 138 134 134 134 122 122 122 115 115 108 108 108 107 107 110 110 110 108 108 108 107 107 106 106 106 106 106 106 109 109 109 109 109 111 111 116 116 116 114 114 114 113 113 110 110 110 108 108 110 110 110 107 107 107 106 106 107 107
145 145 145 139 139 134 134 134 137 137 144 144 144 143 143 143 146 146 144 144 144 138 138 138 142 142 139 139 139 138 138 134 134 134 122 122 122 115 115 108 108 108 107 107 110 110 110 108 108 108 107 107 106 106 106 106 106 106 109 109 109 109 109 111 111 116 116 116 114 114 114 113 113 110 110 110 108 108 110 110 110 107 107 107 106 106 107 107
142 142 142 139 139 133 133 133 135 135 143 143 143 140 140 140 144 144 143 143 143 140 140 140 145 145 139 139 139 134 134 128 128 128 118 118 118 115 115 110 110 110 109 109 112 112 112 109 109 109 108 108 107 107 107 106 106 106 108 108 108 108 108 109 109 113 113 113 113 113 113 114 114 113 113 113 109 109 110 110 110 105 105 105 104 104 105 105
142 142 142 139 139 133 133 133 135 135 143 143 143 140 140 140 144 144 143 143 143 140 140 140 145 145 139 139 139 134 134 128 128 128 118 118 118 115 115 110 110 110 109 109 112 112 112 109 109 109 108 108 107 107 107 106 106 106 108 108 108 108 108 109 109 113 113 113 113 113 113 114 114 113 113 113 109 109 110 110 110 105 105 105 104 104 105 105
142 142 142 139 139 133 133 133 135 135 143 143 143 140 140 140 144 144 143 143 143 140 140 140 145 145 139 139 139 134 134 128 128 128 118 118 118 115 115 110 110 110 109 109 112 112 112 109 109 109 108 108 107 107 107 106 106 106 108 108 108 108 108 109 109 113 113 113 113 113 113 114 114 113 113 113 109 109 110 110 110 105 105 105 104 104 105 105
135 135 135 136 136 132 132 132 134 134 139 139 139 136 136 136 141 141 142 142 142 141 141 141 146 146 138 138 138 130 130 123 123 123 116 116 116 116 116 111 111 111 111 111 113 113 113 110 110 110 109 109 108 108 108 107 107 107 108 108 107 107 107 108 108 110 110 110 111 111 111 115 115 113 113 113 108 108 109 109 109 105 105 105 105 105 104 104
135 135 135 136 136 132 132 132 134 134 139 139 139 136 136 136 141 141 142 142 142 141 141 141 146 146 138 138 138 130 130 123 123 123 116 116 116 116 116 111 111 111 111 111 113 113 113 110 110 110 109 109 108 108 108 107 107 107 108 108 107 107 107 108 108 110 110 110 111 111 111 115 115 113 113 113 108 108 109 109 109 105 105 105 105 105 104 104
135 135 135 136 136 132 132 132 134 134 139 139 139 136 136 136 141 141 142 142 142 141 141 141 146 146 138 138 138 130 130 123 123 123 116 116 116 116 116 111 111 111 111 111 113 113 113 110 110 110 109 109 108 108 108 107 107 107 108 108 107 107 107 108 108 110 110 110 111 111 111 115 115 113 113 113 108 108 109 109 109 105 105 105 105 105 104 104
130 130 130 133 133 129 129 129 130 130 134 134 134 132 132 132 139 139 142 142 142 141 141 141 145 145 135 135 135 127 127 119 119 119 114 114 114 116 116 112 112 112 111 111 114 114 114 111 111 111 110 110 110 110 110 109 109 109 110 110 107 107 107 107 107 108 108 108 109 109 109 112 112 110 110 110 104 104 110 110 110 115 115 115 115 115 104 104
130 130 130 133 133 129 129 129 130 130 134 134 134 132 132 132 139 139 142 142 142 141 141 141 145 145 135 135 135 127 127 119 119 119 114 114 114 116 116 112 112 112 111 111 114 114 114 111 111 111 110 110 110 110 110 109 109 109 110 110 107 107 107 107 107 108 108 108 109 109 109 112 112 110 110 110 104 104 110 110 110 115 115 115 115 115 104 104
130 130 130 133 133 128 128 128 127 127 131 131 131 130 130 130 137 137 140 140 140 140 140 140 143 143 132 132 132 124 124 118 118 118 114 114 114 116 116 113 113 113 112 112 114 114 114 112 112 112 112 112 113 113 113 112 112 112 112 112 108 108 108 108 108 108 108 108 107 107 107 110 110 106 106 106 99 99 117 117 117 138 138 138 134 134 104 104
130 130 130 133 133 128 128 128 127 127 131 131 131 130 130 130 137 137 140 140 140 140 140 140 143 143 132 132 132 124 124 118 118 118 114 114 114 116 116 113 113 113 112 112 114 114 114 112 112 112 112 112 113 113 113 112 112 112 112 112 108 108 108 108 108 108 108 108 107 107 107 110 110 106 106 106 99 99 117 117 117 138 138 138 134 134 104 104
130 130 130 133 133 128 128 128 127 127 131 131 131 130 130 130 137 137 140 140 140 140 140 140 143 143 132 132 132 124 124 118 118 118 114 114 114 116 116 113 113 113 112 112 114 114 114 112 112 112 112 112 113 113 113 112 112 112 112 112 108 108 108 108 108 108 108 108 107 107 107 110 110 106 106 106 99 99 117 117 117 138 138 138 134 134 104 104
131 131 131 133 133 127 127 127 126 126 130 130 130 129 129 129 135 135 138 138 138 137 137 137 139 139 129 129 129 122 122 116 116 116 113 113 113 117 117 113 113 113 112 112 115 115 115 112 112 112 114 114 115 115 115 115 115 115 113 113 110 110 110 109 109 108 108 108 106 106 106 107 107 101 101 101 94 94 127 127 127 164 164 164 161 161 114 114
131 131 131 133 133 127 127 127 126 126 130 130 130 129 129 129 135 135 138 138 138 137 137 137 139 139 129 129 129 122 122 116 116 116 113 113 113 117 117 113 113 113 112 112 115 115 115 112 112 112 114 114 115 115 115 115 115 115 113 113 110 110 110 109 109 108 108 108 106 106 106 107 107 101 101 101 94 94 127 127 127 164 164 164 161 161 114 114
131 131 131 133 133 127 127 127 126 126 130 130 130 129 129 129 135 135 138 138 138 137 137 137 139 139 129 129 129 122 122 116 116 116 113 113 113 117 117 113 113 113 112 112 115 115 115 112 112 112 114 114 115 115 115 115 115 115 113 113 110 110 110 109 109 108 108 108 106 106 106 107 107 101 101 101 94 94 127 127 127 164 164 164 161 161 114 114
132 132 132 135 135 130 130 130 129 129 130 130 130 123 123 123 123 123 125 125 125 127 127 127 133 133 132 132 132 122 122 100 100 100 86 86 86 96 96 110 110 110 114 114 115 115 115 112 112 112 115 115 117 117 117 116 116 116 116 116 112 112 112 110 110 108 108 108 106 106 106 106 106 98 98 98 90 90 128 128 128 175 175 175 173 173 117 117
132 132 132 135 135 130 130 130 129 129 130 130 130 123 123 123 123 123 125 125 125 127 127 127 133 133 132 132 132 122 122 100 100 100 86 86 86 96 96 110 110 110 114 114 115 115 115 112 112 112 115 115 117 117 117 116 116 116 116 116 112 112 112 110 110 108 108 108 106 106 106 106 106 98 98 98 90 90 128 128 128 175 175 175 173 173 117 117
136 136 136 144 144 143 143 143 142 142 135 135 135 113 113 113 100 100 96 96 96 107 107 107 122 122 136 136 136 113 113 60 60 60 0 0 0 53 53 107 107 107 116 116 113 113 113 106 106 106 109 109 115 115 115 116 116 116 117 117 114 114 114 111 111 109 109 109 107 107 107 105 105 96 96 96 88 88 117 117 117 166 166 166 166 166 113 113
136 136 136 144 144 143 143 143 142 142 135 135 135 113 113 113 100 100 96 96 96 107 107 107 122 122 136 136 136 113 113 60 60 60 0 0 0 53 53 107 107 107 116 116 113 113 113 106 106 106 109 109 115 115 115 116 116 116 117 117 114 114 114 111 111 109 109 109 107 107 107 105 105 96 96 96 88 88 117 117 117 166 166 166 166 166 113 113
136 136 136 144 144 143 143 143 142 142 135 135 135 113 113 113 100 100 96 96 96 107 107 107 122 122 136 136 136 113 113 60 60 60 0 0 0 53 53 107 107 107 116 116 113 113 113 106 106 106 109 109 115 115 115 116 116 116 117 117 114 114 114 111 111 109 109 109 107 107 107 105 105 96 96 96 88 88 117 117 117 166 166 166 166 166 113 113
144 144 144 159 159 161 161 161 161 161 149 149 149 116 116 116 93 93 89 89 89 115 115 115 138 138 151 151 151 0 0 0 0 0 0 0 0 44 44 113 113 113 101 101 85 85 85 72 72 72 82 82 103 103 103 115 115 115 118 118 115 115 115 111 111 110 110 110 107 107 107 104 104 96 96 96 88 88 103 103 103 152 152 152 163 163 120 120
144 144 144 159 159 161 161 161 161 161 149 149 149 116 116 116 93 93 89 89 89 115 115 115 138 138 151 151 151 0 0 0 0 0 0 0 0 44 44 113 113 113 101 101 85 85 85 72 72 72 82 82 103 103 103 115 115 115 118 118 115 115 115 111 111 110 110 110 107 107 107 104 104 96 96 96 88 88 103 103 103 152 152 152 163 163 120 120
154 154 154 172 172 176 176 176 178 178 164 164 164 120 120 120 93 93 107 107 107 156 156 156 179 179 179 179 179 0 0 0 0 0 0 0 0 104 104 149 149 149 100 100 52 52 52 25 25 25 45 45 86 86 86 109 109 109 119 119 117 117 117 111 111 108 108 108 106 106 106 103 103 96 96 96 90 90 101 101 101 149 149 149 163 163 124 124
154 154 154 172 172 176 176 176 178 178 164 164 164 120 120 120 93 93 107 107 107 156 156 156 179 179 179 179 179 0 0 0 0 0 0 0 0 104 104 149 149 149 100 100 52 52 52 25 25 25 45 45 86 86 86 109 109 109 119 119 117 117 117 111 111 108 108 108 106 106 106 103 103 96 96 96 90 90 101 101 101 149 149 149 163 163 124 124
154 154 154 172 172 176 176 176 178 178 164 164 164 120 120 120 93 93 107 107 107 156 156 156 179 179 179 179 179 0 0 0 0 0 0 0 0 104 104 149 149 149 100 100 52 52 52 25 25 25 45 45 86 86 86 109 109 109 119 119 117 117 117 111 111 108 108 108 106 106 106 103 103 96 96 96 90 90 101 101 101 149 149 149 163 163 124 124
158 158 158 178 178 180 180 180 173 173 147 147 147 101 101 101 89 89 128 128 128 178 178 178 192 192 157 157 157 0 0 0 0 0 54 54 54 166 166 187 187 187 124 124 0 0 0 0 0 0 39 39 92 92 92 107 107 107 116 116 118 118 118 108 108 103 103 103 102 102 102 100 100 96 96 96 93 93 110 110 110 153 153 153 165 165 120 120
158 158 158 178 178 180 180 180 173 173 147 147 147 101 101 101 89 89 128 128 128 178 178 178 192 192 157 157 157 0 0 0 0 0 54 54 54 166 166 187 187 187 124 124 0 0 0 0 0 0 39 39 92 92 92 107 107 107 116 116 118 118 118 108 108 103 103 103 102 102 102 100 100 96 96 96 93 93 110 110 110 153 153 153 165 165 120 120
158 158 158 178 178 180 180 180 173 173 147 147 147 101 101 101 89 89 128 128 128 178 178 178 192 192 157 157 157 0 0 0 0 0 54 54 54 166 166 187 187 187 124 124 0 0 0 0 0 0 39 39 92 92 92 107 107 107 116 116 118 118 118 108 108 103 103 103 102 102 102 100 100 96 96 96 93 93 110 110 110 153 153 153 165 165 120 120
152 152 152 176 176 169 169 169 147 147 124 124 124 95 95 95 100 100 141 141 141 173 173 173 169 169 114 114 114 40 40 30 30 30 106 106 106 179 179 179 179 179 108 108 0 0 0 9 9 9 71 71 127 127 127 127 127 127 119 119 113 113 113 102 102 96 96 96 95 95 95 99 99 99 99 99 100 100 123 123 123 155 155 155 159 159 0 0
152 152 152 176 176 169 169 169 147 147 124 124 124 95 95 95 100 100 141 141 141 173 173 173 169 169 114 114 114 40 40 30 30 30 106 106 106 179 179 179 179 179 108 108 0 0 0 9 9 9 71 71 127 127 127 127 127 127 119 119 113 113 113 102 102 96 96 96 95 95 95 99 99 99 99 99 100 100 123 123 123 155 155 155 159 159 0 0
144 144 144 165 165 152 152 152 128 128 117 117 117 102 102 102 113 113 138 138 138 148 148 148 141 141 102 102 102 64 64 66 66 66 113 113 113 157 157 143 143 143 83 83 39 39 39 43 43 43 109 109 158 158 158 159 159 159 145 145 113 113 113 94 94 91 91 91 94 94 94 102 102 106 106 106 111 111 134 134 134 155 155 155 139 139 0 0
144 144 144 165 165 152 152 152 128 128 117 117 117 102 102 102 113 113 138 138 138 148 148 148 141 141 102 102 102 64 64 66 66 66 113 113 113 157 157 143 143 143 83 83 39 39 39 43 43 43 109 109 158 158 158 159 159 159 145 145 113 113 113 94 94 91 91 91 94 94 94 102 102 106 106 106 111 111 134 134 134 155 155 155 139 139 0 0
144 144 144 165 165 152 152 152 128 128 117 117 117 102 102 102 113 113 138 138 138 148 148 148 141 141 102 102 102 64 64 66 66 66 113 113 113 157 157 143 143 143 83 83 39 39 39 43 43 43 109 109 158 158 158 159 159 159 145 145 113 113 113 94 94 91 91 91 94 94 94 102 102 106 106 106 111 111 134 134 134 155 155 155 139 139 0 0
138 138 138 154 154 140 140 140 120 120 116 116 116 108 108 108 121 121 131 131 131 125 125 125 126 126 103 103 103 83 83 77 77 77 102 102 102 137 137 122 122 122 79 79 68 68 68 70 70 70 127 127 171 171 171 182 182 182 173 173 118 118 118 94 94 94 94 94 98 98 98 104 104 108 108 108 117 117 135 135 135 139 139 139 95 95 0 0
138 138 138 154 154 140 140 140 120 120 116 116 116 108 108 108 121 121 131 131 131 125 125 125 126 126 103 103 103 83 83 77 77 77 102 102 102 137 137 122 122 122 79 79 68 68 68 70 70 70 127 127 171 171 171 182 182 182 173 173 118 118 118 94 94 94 94 94 98 98 98 104 104 108 108 108 117 117 135 135 135 139 139 139 95 95 0 0
139 139 139 151 151 136 136 136 114 114 108 108 108 107 107 107 125 125 129 129 129 116 116 116 119 119 107 107 107 93 93 79 79 79 91 91 91 123 123 116 116 116 92 92 97 97 97 81 81 81 122 122 169 169 169 190 190 190 183 183 117 117 117 104 104 110 110 110 113 113 113 109 109 109 109 109 120 120 124 124 124 103 103 103 0 0 0 0
139 139 139 151 151 136 136 136 114 114 108 108 108 107 107 107 125 125 129 129 129 116 116 116 119 119 107 107 107 93 93 79 79 79 91 91 91 123 123 116 116 116 92 92 97 97 97 81 81 81 122 122 169 169 169 190 190 190 183 183 117 117 117 104 104 110 110 110 113 113 113 109 109 109 109 109 120 120 124 124 124 103 103 103 0 0 0 0
