SEB_model/sample_data_files/historical/hillshade/may6am.txt
ncols         559
nrows         351
xllcorner     388608.08691406
yllcorner     7584381.3441773
cellsize      5
NODATA_value  -9999
[rows 117 to 155 of 351, columns 440 to 527 of 559]
127 127 119 119 119 117 117 111 111 111 117 117 121 121 121 125 125 125 134 134 124 124 124 108 108 103 103 103 99 99 99 101 101 98 98 98 -9999 -9999 -9999 -9999 -9999 -9999 -9999 -9999 -9999 -9999 -9999 -9999 -9999 -9999 -9999 -9999 -9999 -9999 -9999 -9999 -9999 -9999 -9999 -9999 -9999 -9999 -9999 -9999 -9999 -9999 -9999 -9999 -9999 -9999 -9999 -9999 -9999 -9999 -9999 -9999 -9999 -9999 -9999 -9999 -9999 -9999 -9999 -9999 -9999 -9999 -9999 -9999
129 129 120 120 120 119 119 112 112 112 116 116 120 120 120 125 125 125 135 135 125 125 125 113 113 109 109 109 103 103 103 106 106 107 107 107 97 97 -9999 -9999 -9999 -9999 -9999 -9999 -9999 -9999 -9999 -9999 -9999 -9999 -9999 -9999 -9999 -9999 -9999 -9999 -9999 -9999 -9999 -9999 -9999 -9999 -9999 -9999 -9999 -9999 -9999 -9999 -9999 -9999 -9999 -9999 -9999 -9999 -9999 -9999 -9999 -9999 -9999 -9999 -9999 -9999 -9999 -9999 -9999 -9999 -9999 -9999
129 129 120 120 120 119 119 112 112 112 116 116 120 120 120 125 125 125 135 135 125 125 125 113 113 109 109 109 103 103 103 106 106 107 107 107 97 97 97 -9999 -9999 -9999 -9999 -9999 -9999 -9999 -9999 -9999 -9999 -9999 -9999 -9999 -9999 -9999 -9999 -9999 -9999 -9999 -9999 -9999 -9999 -9999 -9999 -9999 -9999 -9999 -9999 -9999 -9999 -9999 -9999 -9999 -9999 -9999 -9999 -9999 -9999 -9999 -9999 -9999 -9999 -9999 -9999 -9999 -9999 -9999 -9999 -9999
129 129 120 120 120 119 119 112 112 112 116 116 120 120 120 125 125 125 135 135 125 125 125 113 113 109 109 109 103 103 103 106 106 107 107 107 97 97 97 90 90 -9999 -9999 -9999 -9999 -9999 -9999 -9999 -9999 -9999 -9999 -9999 -9999 -9999 -9999 -9999 -9999 -9999 -9999 -9999 -9999 -9999 -9999 -9999 -9999 -9999 -9999 -9999 -9999 -9999 -9999 -9999 -9999 -9999 -9999 -9999 -9999 -9999 -9999 -9999 -9999 -9999 -9999 -9999 -9999 -9999 -9999 -9999
131 131 124 124 124 127 127 119 119 119 119 119 123 123 123 127 127 127 134 134 124 124 124 116 116 117 117 117 108 108 108 110 110 112 112 112 108 108 108 101 101 90 90 -9999 -9999 -9999 -9999 -9999 -9999 -9999 -9999 -9999 -9999 -9999 -9999 -9999 -9999 -9999 -9999 -9999 -9999 -9999 -9999 -9999 -9999 -9999 -9999 -9999 -9999 -9999 -9999 -9999 -9999 -9999 -9999 -9999 -9999 -9999 -9999 -9999 -9999 -9999 -9999 -9999 -9999 -9999 -9999 -9999
131 131 124 124 124 127 127 119 119 119 119 119 123 123 123 127 127 127 134 134 124 124 124 116 116 117 117 117 108 108 108 110 110 112 112 112 108 108 108 101 101 90 90 90 -9999 -9999 -9999 -9999 -9999 -9999 -9999 -9999 -9999 -9999 -9999 -9999 -9999 -9999 -9999 -9999 -9999 -9999 -9999 -9999 -9999 -9999 -9999 -9999 -9999 -9999 -9999 -9999 -9999 -9999 -9999 -9999 -9999 -9999 -9999 -9999 -9999 -9999 -9999 -9999 -9999 -9999 -9999 -9999
130 130 127 127 127 134 134 124 124 124 124 124 131 131 131 135 135 135 138 138 125 125 125 118 118 121 121 121 112 112 112 112 112 113 113 113 115 115 115 116 116 99 99 99 90 -9999 -9999 -9999 -9999 -9999 -9999 -9999 -9999 -9999 -9999 -9999 -9999 -9999 -9999 -9999 -9999 -9999 -9999 -9999 -9999 -9999 -9999 -9999 -9999 -9999 -9999 -9999 -9999 -9999 -9999 -9999 -9999 -9999 -9999 -9999 -9999 -9999 -9999 -9999 -9999 -9999 -9999 -9999
130 130 127 127 127 134 134 124 124 124 124 124 131 131 131 135 135 135 138 138 125 125 125 118 118 121 121 121 112 112 112 112 112 113 113 113 115 115 115 116 116 99 99 99 90 90 -9999 -9999 -9999 -9999 -9999 -9999 -9999 -9999 -9999 -9999 -9999 -9999 -9999 -9999 -9999 -9999 -9999 -9999 -9999 -9999 -9999 -9999 -9999 -9999 -9999 -9999 -9999 -9999 -9999 -9999 -9999 -9999 -9999 -9999 -9999 -9999 -9999 -9999 -9999 -9999 -9999 -9999
130 130 127 127 127 134 134 124 124 124 124 124 131 131 131 135 135 135 138 138 125 125 125 118 118 121 121 121 112 112 112 112 112 113 113 113 115 115 115 116 116 99 99 99 90 90 93 -9999 -9999 -9999 -9999 -9999 -9999 -9999 -9999 -9999 -9999 -9999 -9999 -9999 -9999 -9999 -9999 -9999 -9999 -9999 -9999 -9999 -9999 -9999 -9999 -9999 -9999 -9999 -9999 -9999 -9999 -9999 -9999 -9999 -9999 -9999 -9999 -9999 -9999 -9999 -9999 -9999
130 130 129 129 129 136 136 126 126 126 126 126 135 135 135 141 141 141 149 149 133 133 133 124 124 125 125 125 112 112 112 112 112 114 114 114 117 117 117 122 122 107 107 107 96 96 104 104 104 -9999 -9999 -9999 -9999 -9999 -9999 -9999 -9999 -9999 -9999 -9999 -9999 -9999 -9999 -9999 -9999 -9999 -9999 -9999 -9999 -9999 -9999 -9999 -9999 -9999 -9999 -9999 -9999 -9999 -9999 -9999 -9999 -9999 -9999 -9999 -9999 -9999 -9999 -9999
130 130 129 129 129 136 136 126 126 126 126 126 135 135 135 141 141 141 149 149 133 133 133 124 124 125 125 125 112 112 112 112 112 114 114 114 117 117 117 122 122 107 107 107 96 96 104 104 104 108 -9999 -9999 -9999 -9999 -9999 -9999 -9999 -9999 -9999 -9999 -9999 -9999 -9999 -9999 -9999 -9999 -9999 -9999 -9999 -9999 -9999 -9999 -9999 -9999 -9999 -9999 -9999 -9999 -9999 -9999 -9999 -9999 -9999 -9999 -9999 -9999 -9999 -9999
130 130 129 129 129 136 136 126 126 126 126 126 135 135 135 141 141 141 149 149 133 133 133 124 124 125 125 125 112 112 112 112 112 114 114 114 117 117 117 122 122 107 107 107 96 96 104 104 104 108 108 -9999 -9999 -9999 -9999 -9999 -9999 -9999 -9999 -9999 -9999 -9999 -9999 -9999 -9999 -9999 -9999 -9999 -9999 -9999 -9999 -9999 -9999 -9999 -9999 -9999 -9999 -9999 -9999 -9999 -9999 -9999 -9999 -9999 -9999 -9999 -9999 -9999
131 131 130 130 130 136 136 126 126 126 126 126 133 133 133 140 140 140 153 153 141 141 141 134 134 132 132 132 116 116 116 114 114 115 115 115 116 116 116 122 122 111 111 111 103 103 108 108 108 119 119 119 120 -9999 -9999 -9999 -9999 -9999 -9999 -9999 -9999 -9999 -9999 -9999 -9999 -9999 -9999 -9999 -9999 -9999 -9999 -9999 -9999 -9999 -9999 -9999 -9999 -9999 -9999 -9999 -9999 -9999 -9999 -9999 -9999 -9999 -9999 -9999
131 131 130 130 130 136 136 126 126 126 126 126 133 133 133 140 140 140 153 153 141 141 141 134 134 132 132 132 116 116 116 114 114 115 115 115 116 116 116 122 122 111 111 111 103 103 108 108 108 119 119 119 120 120 -9999 -9999 -9999 -9999 -9999 -9999 -9999 -9999 -9999 -9999 -9999 -9999 -9999 -9999 -9999 -9999 -9999 -9999 -9999 -9999 -9999 -9999 -9999 -9999 -9999 -9999 -9999 -9999 -9999 -9999 -9999 -9999 -9999 -9999
130 130 130 130 130 137 137 126 126 126 127 127 131 131 131 137 137 137 151 151 141 141 141 135 135 136 136 136 123 123 123 122 122 121 121 121 117 117 117 122 122 115 115 115 110 110 111 111 111 115 115 115 131 131 123 -9999 -9999 -9999 -9999 -9999 -9999 -9999 -9999 -9999 -9999 -9999 -9999 -9999 -9999 -9999 -9999 -9999 -9999 -9999 -9999 -9999 -9999 -9999 -9999 -9999 -9999 -9999 -9999 -9999 -9999 -9999 -9999 -9999
130 130 130 130 130 137 137 126 126 126 127 127 131 131 131 137 137 137 151 151 141 141 141 135 135 136 136 136 123 123 123 122 122 121 121 121 117 117 117 122 122 115 115 115 110 110 111 111 111 115 115 115 131 131 123 123 123 -9999 -9999 -9999 -9999 -9999 -9999 -9999 -9999 -9999 -9999 -9999 -9999 -9999 -9999 -9999 -9999 -9999 -9999 -9999 -9999 -9999 -9999 -9999 -9999 -9999 -9999 -9999 -9999 -9999 -9999 -9999
130 130 130 130 130 137 137 126 126 126 127 127 131 131 131 137 137 137 151 151 141 141 141 135 135 136 136 136 123 123 123 122 122 121 121 121 117 117 117 122 122 115 115 115 110 110 111 111 111 115 115 115 131 131 123 123 123 109 -9999 -9999 -9999 -9999 -9999 -9999 -9999 -9999 -9999 -9999 -9999 -9999 -9999 -9999 -9999 -9999 -9999 -9999 -9999 -9999 -9999 -9999 -9999 -9999 -9999 -9999 -9999 -9999 -9999 -9999
128 128 129 129 129 138 138 127 127 127 127 127 130 130 130 134 134 134 147 147 136 136 136 130 130 134 134 134 126 126 126 133 133 133 133 133 124 124 124 124 124 116 116 116 116 116 118 118 118 114 114 114 126 126 128 128 128 126 126 -9999 -9999 -9999 -9999 -9999 -9999 -9999 -9999 -9999 -9999 -9999 -9999 -9999 -9999 -9999 -9999 -9999 -9999 -9999 -9999 -9999 -9999 -9999 -9999 -9999 -9999 -9999 -9999 -9999
128 128 129 129 129 138 138 127 127 127 127 127 130 130 130 134 134 134 147 147 136 136 136 130 130 134 134 134 126 126 126 133 133 133 133 133 124 124 124 124 124 116 116 116 116 116 118 118 118 114 114 114 126 126 128 128 128 126 126 123 123 -9999 -9999 -9999 -9999 -9999 -9999 -9999 -9999 -9999 -9999 -9999 -9999 -9999 -9999 -9999 -9999 -9999 -9999 -9999 -9999 -9999 -9999 -9999 -9999 -9999 -9999 -9999
127 127 129 129 129 138 138 127 127 127 127 127 128 128 128 130 130 130 142 142 131 131 131 127 127 134 134 134 127 127 127 137 137 141 141 141 134 134 134 130 130 117 117 117 118 118 123 123 123 119 119 119 124 124 128 128 128 132 132 134 134 134 -9999 -9999 -9999 -9999 -9999 -9999 -9999 -9999 -9999 -9999 -9999 -9999 -9999 -9999 -9999 -9999 -9999 -9999 -9999 -9999 -9999 -9999 -9999 -9999 -9999 -9999
127 127 129 129 129 138 138 127 127 127 127 127 128 128 128 130 130 130 142 142 131 131 131 127 127 134 134 134 127 127 127 137 137 141 141 141 134 134 134 130 130 117 117 117 118 118 123 123 123 119 119 119 124 124 128 128 128 132 132 134 134 134 116 116 -9999 -9999 -9999 -9999 -9999 -9999 -9999 -9999 -9999 -9999 -9999 -9999 -9999 -9999 -9999 -9999 -9999 -9999 -9999 -9999 -9999 -9999 -9999 -9999
127 127 129 129 129 138 138 127 127 127 127 127 128 128 128 130 130 130 142 142 131 131 131 127 127 134 134 134 127 127 127 137 137 141 141 141 134 134 134 130 130 117 117 117 118 118 123 123 123 119 119 119 124 124 128 128 128 132 132 134 134 134 116 116 116 108 -9999 -9999 -9999 -9999 -9999 -9999 -9999 -9999 -9999 -9999 -9999 -9999 -9999 -9999 -9999 -9999 -9999 -9999 -9999 -9999 -9999 -9999
126 126 128 128 128 135 135 125 125 125 125 125 124 124 124 125 125 125 138 138 130 130 130 128 128 136 136 136 130 130 130 137 137 142 142 142 141 141 141 139 139 121 121 121 119 119 126 126 126 123 123 123 128 128 131 131 131 132 132 134 134 134 120 120 120 123 123 121 -9999 -9999 -9999 -9999 -9999 -9999 -9999 -9999 -9999 -9999 -9999 -9999 -9999 -9999 -9999 -9999 -9999 -9999 -9999 -9999
126 126 128 128 128 135 135 125 125 125 125 125 124 124 124 125 125 125 138 138 130 130 130 128 128 136 136 136 130 130 130 137 137 142 142 142 141 141 141 139 139 121 121 121 119 119 126 126 126 123 123 123 128 128 131 131 131 132 132 134 134 134 120 120 120 123 123 121 121 -9999 -9999 -9999 -9999 -9999 -9999 -9999 -9999 -9999 -9999 -9999 -9999 -9999 -9999 -9999 -9999 -9999 -9999 -9999
126 126 128 128 128 135 135 125 125 125 125 125 124 124 124 125 125 125 138 138 130 130 130 128 128 136 136 136 130 130 130 137 137 142 142 142 141 141 141 139 139 121 121 121 119 119 126 126 126 123 123 123 128 128 131 131 131 132 132 134 134 134 120 120 120 123 123 121 121 121 111 -9999 -9999 -9999 -9999 -9999 -9999 -9999 -9999 -9999 -9999 -9999 -9999 -9999 -9999 -9999 -9999 -9999
125 125 126 126 126 133 133 122 122 122 123 123 121 121 121 122 122 122 137 137 131 131 131 130 130 139 139 139 132 132 132 135 135 139 139 139 142 142 142 145 145 128 128 128 121 121 127 127 127 126 126 126 131 131 133 133 133 133 133 134 134 134 123 123 123 126 126 127 127 127 129 129 129 -9999 -9999 -9999 -9999 -9999 -9999 -9999 -9999 -9999 -9999 -9999 -9999 -9999 -9999 -9999
125 125 126 126 126 133 133 122 122 122 123 123 121 121 121 122 122 122 137 137 131 131 131 130 130 139 139 139 132 132 132 135 135 139 139 139 142 142 142 145 145 128 128 128 121 121 127 127 127 126 126 126 131 131 133 133 133 133 133 134 134 134 123 123 123 126 126 127 127 127 129 129 129 128 128 -9999 -9999 -9999 -9999 -9999 -9999 -9999 -9999 -9999 -9999 -9999 -9999 -9999
124 124 126 126 126 132 132 121 121 121 121 121 121 121 121 123 123 123 138 138 132 132 132 131 131 138 138 138 131 131 131 133 133 137 137 137 140 140 140 147 147 133 133 133 125 125 130 130 130 129 129 129 134 134 136 136 136 135 135 138 138 138 131 131 131 128 128 128 128 128 135 135 135 141 141 127 127 -9999 -9999 -9999 -9999 -9999 -9999 -9999 -9999 -9999 -9999 -9999
124 124 126 126 126 132 132 121 121 121 121 121 121 121 121 123 123 123 138 138 132 132 132 131 131 138 138 138 131 131 131 133 133 137 137 137 140 140 140 147 147 133 133 133 125 125 130 130 130 129 129 129 134 134 136 136 136 135 135 138 138 138 131 131 131 128 128 128 128 128 135 135 135 141 141 127 127 127 -9999 -9999 -9999 -9999 -9999 -9999 -9999 -9999 -9999 -9999
124 124 126 126 126 132 132 121 121 121 121 121 121 121 121 123 123 123 138 138 132 132 132 131 131 138 138 138 131 131 131 133 133 137 137 137 140 140 140 147 147 133 133 133 125 125 130 130 130 129 129 129 134 134 136 136 136 135 135 138 138 138 131 131 131 128 128 128 128 128 135 135 135 141 141 127 127 127 121 121 -9999 -9999 -9999 -9999 -9999 -9999 -9999 -9999
124 124 126 126 126 131 131 120 120 120 122 122 122 122 122 124 124 124 137 137 130 130 130 129 129 137 137 137 130 130 130 132 132 135 135 135 138 138 138 144 144 134 134 134 128 128 132 132 132 130 130 130 135 135 139 139 139 139 139 146 146 146 140 140 140 135 135 133 133 133 137 137 137 145 145 134 134 134 133 133 135 135 -9999 -9999 -9999 -9999 -9999 -9999
124 124 126 126 126 131 131 120 120 120 122 122 122 122 122 124 124 124 137 137 130 130 130 129 129 137 137 137 130 130 130 132 132 135 135 135 138 138 138 144 144 134 134 134 128 128 132 132 132 130 130 130 135 135 139 139 139 139 139 146 146 146 140 140 140 135 135 133 133 133 137 137 137 145 145 134 134 134 133 133 135 135 135 126 -9999 -9999 -9999 -9999
125 125 124 124 124 128 128 120 120 120 123 123 124 124 124 123 123 123 134 134 126 126 126 127 127 137 137 137 132 132 132 133 133 133 133 133 135 135 135 142 142 133 133 133 128 128 132 132 132 129 129 129 136 136 142 142 142 145 145 153 153 153 146 146 146 141 141 139 139 139 141 141 141 147 147 137 137 137 138 138 144 144 144 139 139 139 -9999 -9999
125 125 124 124 124 128 128 120 120 120 123 123 124 124 124 123 123 123 134 134 126 126 126 127 127 137 137 137 132 132 132 133 133 133 133 133 135 135 135 142 142 133 133 133 128 128 132 132 132 129 129 129 136 136 142 142 142 145 145 153 153 153 146 146 146 141 141 139 139 139 141 141 141 147 147 137 137 137 138 138 144 144 144 139 139 139 127 -9999
125 125 124 124 124 128 128 120 120 120 123 123 124 124 124 123 123 123 134 134 126 126 126 127 127 137 137 137 132 132 132 133 133 133 133 133 135 135 135 142 142 133 133 133 128 128 132 132 132 129 129 129 136 136 142 142 142 145 145 153 153 153 146 146 146 141 141 139 139 139 141 141 141 147 147 137 137 137 138 138 144 144 144 139 139 139 127 127
125 125 122 122 122 126 126 120 120 120 124 124 123 123 123 120 120 120 130 130 123 123 123 126 126 137 137 137 134 134 134 134 134 132 132 132 133 133 133 141 141 131 131 131 125 125 129 129 129 129 129 129 137 137 144 144 144 149 149 156 156 156 149 149 149 145 145 144 144 144 145 145 145 149 149 142 142 142 144 144 150 150 150 143 143 143 133 133
125 125 122 122 122 126 126 120 120 120 124 124 123 123 123 120 120 120 130 130 123 123 123 126 126 137 137 137 134 134 134 134 134 132 132 132 133 133 133 141 141 131 131 131 125 125 129 129 129 129 129 129 137 137 144 144 144 149 149 156 156 156 149 149 149 145 145 144 144 144 145 145 145 149 149 142 142 142 144 144 150 150 150 143 143 143 133 133
125 125 122 122 122 126 126 120 120 120 124 124 123 123 123 120 120 120 130 130 123 123 123 126 126 137 137 137 134 134 134 134 134 132 132 132 133 133 133 141 141 131 131 131 125 125 129 129 129 129 129 129 137 137 144 144 144 149 149 156 156 156 149 149 149 145 145 144 144 144 145 145 145 149 149 142 142 142 144 144 150 150 150 143 143 143 133 133
124 124 119 119 119 125 125 121 121 121 125 125 121 121 121 118 118 118 129 129 124 124 124 127 127 139 139 139 134 134 134 134 134 131 131 131 133 133 133 139 139 127 127 127 123 123 129 129 129 130 130 130 138 138 145 145 145 148 148 155 155 155 148 148 148 147 147 149 149 149 150 150 150 155 155 150 150 150 152 152 157 157 157 144 144 144 132 132
