SEB_model/sample_data_files/historical/hillshade/maynoon.txt
ncols         559
nrows         351
xllcorner     388608.08691406
yllcorner     7584381.3441773
cellsize      5
NODATA_value  -9999
[rows 80 to 119 of 351, columns 273 to 363 of 559]
201 195 195 195 192 192 192 186 186 184 184 184 185 185 185 183 183 185 185 185 183 183 179 179 179 177 177 177 176 176 178 178 178 180 180 181 181 181 182 182 182 183 183 183 183 183 182 182 182 180 180 179 179 179 177 177 175 175 175 174 174 174 174 174 176 176 176 178 178 177 177 177 177 177 177 174 174 171 171 171 167 167 167 163 163 161 161 161 159 159 157
192 186 186 186 183 183 183 179 179 176 176 176 177 177 177 177 177 179 179 179 178 178 175 175 175 173 173 173 172 172 174 174 174 175 175 176 176 176 177 177 177 177 177 178 178 178 178 178 178 178 178 177 177 177 176 176 173 173 173 171 171 171 171 171 172 172 172 173 173 172 172 172 171 171 171 170 170 168 168 168 166 166 166 162 162 160 160 160 158 158 155
192 186 186 186 183 183 183 179 179 176 176 176 177 177 177 177 177 179 179 179 178 178 175 175 175 173 173 173 172 172 174 174 174 175 175 176 176 176 177 177 177 177 177 178 178 178 178 178 178 178 178 177 177 177 176 176 173 173 173 171 171 171 171 171 172 172 172 173 173 172 172 172 171 171 171 170 170 168 168 168 166 166 166 162 162 160 160 160 158 158 155
192 186 186 186 183 183 183 179 179 176 176 176 177 177 177 177 177 179 179 179 178 178 175 175 175 173 173 173 172 172 174 174 174 175 175 176 176 176 177 177 177 177 177 178 178 178 178 178 178 178 178 177 177 177 176 176 173 173 173 171 171 171 171 171 172 172 172 173 173 172 172 172 171 171 171 170 170 168 168 168 166 166 166 162 162 160 160 160 158 158 155
188 183 183 183 180 180 180 176 176 174 174 174 175 175 175 173 173 175 175 175 175 175 173 173 173 172 172 172 171 171 172 172 172 173 173 173 173 173 174 174 174 174 174 175 175 175 176 176 176 177 177 178 178 178 177 177 176 176 176 174 174 174 172 172 172 172 172 171 171 169 169 169 170 170 170 173 173 176 176 176 175 175 175 171 171 166 166 166 162 162 157
188 183 183 183 180 180 180 176 176 174 174 174 175 175 175 173 173 175 175 175 175 175 173 173 173 172 172 172 171 171 172 172 172 173 173 173 173 173 174 174 174 174 174 175 175 175 176 176 176 177 177 178 178 178 177 177 176 176 176 174 174 174 172 172 172 172 172 171 171 169 169 169 170 170 170 173 173 176 176 176 175 175 175 171 171 166 166 166 162 162 157
188 183 183 183 180 180 180 176 176 174 174 174 175 175 175 173 173 175 175 175 175 175 173 173 173 172 172 172 171 171 172 172 172 173 173 173 173 173 174 174 174 174 174 175 175 175 176 176 176 177 177 178 178 178 177 177 176 176 176 174 174 174 172 172 172 172 172 171 171 169 169 169 170 170 170 173 173 176 176 176 175 175 175 171 171 166 166 166 162 162 157
188 184 184 184 181 181 181 177 177 175 175 175 174 174 174 172 172 172 172 172 172 172 171 171 171 170 170 170 170 170 171 171 171 171 171 171 171 171 172 172 172 173 173 174 174 174 176 176 176 178 178 179 179 179 180 180 179 179 179 178 178 178 175 175 173 173 173 170 170 169 169 169 176 176 176 190 190 201 201 201 203 203 203 196 196 187 187 187 178 178 169
188 184 184 184 181 181 181 177 177 175 175 175 174 174 174 172 172 172 172 172 172 172 171 171 171 170 170 170 170 170 171 171 171 171 171 171 171 171 172 172 172 173 173 174 174 174 176 176 176 178 178 179 179 179 180 180 179 179 179 178 178 178 175 175 173 173 173 170 170 169 169 169 176 176 176 190 190 201 201 201 203 203 203 196 196 187 187 187 178 178 169
184 181 181 181 180 180 180 177 177 175 175 175 173 173 173 169 169 169 169 169 169 169 168 168 168 168 168 168 167 167 168 168 168 168 168 168 168 168 169 169 169 169 169 171 171 171 173 173 173 174 174 176 176 176 176 176 177 177 177 176 176 176 174 174 172 172 172 168 168 168 168 168 181 181 181 203 203 220 220 220 222 222 222 211 211 199 199 199 190 190 181
184 181 181 181 180 180 180 177 177 175 175 175 173 173 173 169 169 169 169 169 169 169 168 168 168 168 168 168 167 167 168 168 168 168 168 168 168 168 169 169 169 169 169 171 171 171 173 173 173 174 174 176 176 176 176 176 177 177 177 176 176 176 174 174 172 172 172 168 168 168 168 168 181 181 181 203 203 220 220 220 222 222 222 211 211 199 199 199 190 190 181
184 181 181 181 180 180 180 177 177 175 175 175 173 173 173 169 169 169 169 169 169 169 168 168 168 168 168 168 167 167 168 168 168 168 168 168 168 168 169 169 169 169 169 171 171 171 173 173 173 174 174 176 176 176 176 176 177 177 177 176 176 176 174 174 172 172 172 168 168 168 168 168 181 181 181 203 203 220 220 220 222 222 222 211 211 199 199 199 190 190 181
182 181 181 181 180 180 180 177 177 174 174 174 172 172 172 168 168 167 167 167 166 166 165 165 165 164 164 164 164 164 165 165 165 166 166 166 166 166 166 166 166 166 166 167 167 167 169 169 169 170 170 172 172 172 174 174 174 174 174 174 174 174 173 173 171 171 171 169 169 165 165 165 165 165 165 181 181 203 203 203 203 203 203 190 190 182 182 182 179 179 176
182 181 181 181 180 180 180 177 177 174 174 174 172 172 172 168 168 167 167 167 166 166 165 165 165 164 164 164 164 164 165 165 165 166 166 166 166 166 166 166 166 166 166 167 167 167 169 169 169 170 170 172 172 172 174 174 174 174 174 174 174 174 173 173 171 171 171 169 169 165 165 165 165 165 165 181 181 203 203 203 203 203 203 190 190 182 182 182 179 179 176
182 181 181 181 180 180 180 177 177 174 174 174 172 172 172 168 168 167 167 167 166 166 165 165 165 164 164 164 164 164 165 165 165 166 166 166 166 166 166 166 166 166 166 167 167 167 169 169 169 170 170 172 172 172 174 174 174 174 174 174 174 174 173 173 171 171 171 169 169 165 165 165 165 165 165 181 181 203 203 203 203 203 203 190 190 182 182 182 179 179 176
193 201 201 201 207 207 207 205 205 199 199 199 191 191 191 186 186 193 193 193 210 210 219 219 219 211 211 211 184 184 165 165 165 162 162 163 163 163 165 165 165 165 165 165 165 165 166 166 166 167 167 170 170 170 171 171 172 172 172 172 172 172 172 172 171 171 171 169 169 159 159 159 139 139 139 136 136 147 147 147 143 143 143 137 137 138 138 138 146 146 154
193 201 201 201 207 207 207 205 205 199 199 199 191 191 191 186 186 193 193 193 210 210 219 219 219 211 211 211 184 184 165 165 165 162 162 163 163 163 165 165 165 165 165 165 165 165 166 166 166 167 167 170 170 170 171 171 172 172 172 172 172 172 172 172 171 171 171 169 169 159 159 159 139 139 139 136 136 147 147 147 143 143 143 137 137 138 138 138 146 146 154
205 219 219 219 231 231 231 235 235 233 233 233 227 227 227 224 224 224 224 224 237 237 246 246 246 227 227 227 197 197 180 180 180 182 182 185 185 185 182 182 182 174 174 167 167 167 165 165 165 165 165 166 166 166 168 168 169 169 169 170 170 170 170 170 170 170 170 170 170 158 158 158 128 128 128 112 112 119 119 119 126 126 126 125 125 122 122 122 125 125 133
205 219 219 219 231 231 231 235 235 233 233 233 227 227 227 224 224 224 224 224 237 237 246 246 246 227 227 227 197 197 180 180 180 182 182 185 185 185 182 182 182 174 174 167 167 167 165 165 165 165 165 166 166 166 168 168 169 169 169 170 170 170 170 170 170 170 170 170 170 158 158 158 128 128 128 112 112 119 119 119 126 126 126 125 125 122 122 122 125 125 133
205 219 219 219 231 231 231 235 235 233 233 233 227 227 227 224 224 224 224 224 237 237 246 246 246 227 227 227 197 197 180 180 180 182 182 185 185 185 182 182 182 174 174 167 167 167 165 165 165 165 165 166 166 166 168 168 169 169 169 170 170 170 170 170 170 170 170 170 170 158 158 158 128 128 128 112 112 119 119 119 126 126 126 125 125 122 122 122 125 125 133
202 215 215 215 229 229 229 230 230 226 226 226 223 223 223 222 222 219 219 219 237 237 233 233 233 206 206 206 216 216 223 223 223 233 233 233 233 233 221 221 221 197 197 175 175 175 166 166 166 165 165 167 167 167 168 168 168 168 168 168 168 168 169 169 170 170 170 171 171 166 166 166 147 147 147 139 139 157 157 157 171 171 171 165 165 151 151 151 139 139 135
202 215 215 215 229 229 229 230 230 226 226 226 223 223 223 222 222 219 219 219 237 237 233 233 233 206 206 206 216 216 223 223 223 233 233 233 233 233 221 221 221 197 197 175 175 175 166 166 166 165 165 167 167 167 168 168 168 168 168 168 168 168 169 169 170 170 170 171 171 166 166 166 147 147 147 139 139 157 157 157 171 171 171 165 165 151 151 151 139 139 135
181 182 182 182 180 180 180 167 167 166 166 166 174 174 174 179 179 179 179 179 179 179 136 136 136 146 146 146 197 197 213 213 213 237 237 241 241 241 224 224 224 202 202 185 185 185 174 174 174 169 169 171 171 171 174 174 174 174 174 173 173 173 173 173 174 174 174 176 176 179 179 179 174 174 174 176 176 197 197 197 205 205 205 191 191 177 177 177 157 157 146
181 182 182 182 180 180 180 167 167 166 166 166 174 174 174 179 179 179 179 179 179 179 136 136 136 146 146 146 197 197 213 213 213 237 237 241 241 241 224 224 224 202 202 185 185 185 174 174 174 169 169 171 171 171 174 174 174 174 174 173 173 173 173 173 174 174 174 176 176 179 179 179 174 174 174 176 176 197 197 197 205 205 205 191 191 177 177 177 157 157 146
181 182 182 182 180 180 180 167 167 166 166 166 174 174 174 179 179 179 179 179 179 179 136 136 136 146 146 146 197 197 213 213 213 237 237 241 241 241 224 224 224 202 202 185 185 185 174 174 174 169 169 171 171 171 174 174 174 174 174 173 173 173 173 173 174 174 174 176 176 179 179 179 174 174 174 176 176 197 197 197 205 205 205 191 191 177 177 177 157 157 146
153 131 131 131 116 116 116 113 113 122 122 122 123 123 123 113 113 92 92 92 64 64 67 67 67 117 117 117 153 153 160 160 160 187 187 182 182 182 162 162 162 165 165 178 178 178 187 187 187 188 188 188 188 188 190 190 190 190 190 187 187 187 185 185 186 186 186 190 190 195 195 195 190 190 190 188 188 204 204 204 201 201 201 183 183 176 176 176 164 164 152
153 131 131 131 116 116 116 113 113 122 122 122 123 123 123 113 113 92 92 92 64 64 67 67 67 117 117 117 153 153 160 160 160 187 187 182 182 182 162 162 162 165 165 178 178 178 187 187 187 188 188 188 188 188 190 190 190 190 190 187 187 187 185 185 186 186 186 190 190 195 195 195 190 190 190 188 188 204 204 204 201 201 201 183 183 176 176 176 164 164 152
153 131 131 131 116 116 116 113 113 122 122 122 123 123 123 113 113 92 92 92 64 64 67 67 67 117 117 117 153 153 160 160 160 187 187 182 182 182 162 162 162 165 165 178 178 178 187 187 187 188 188 188 188 188 190 190 190 190 190 187 187 187 185 185 186 186 186 190 190 195 195 195 190 190 190 188 188 204 204 204 201 201 201 183 183 176 176 176 164 164 152
143 128 128 128 127 127 127 135 135 135 135 135 115 115 115 84 84 60 60 60 63 63 98 98 98 132 132 132 117 117 90 90 90 74 74 69 69 69 84 84 84 119 119 152 152 152 181 181 181 198 198 202 202 202 201 201 198 198 198 194 194 194 193 193 195 195 195 201 201 204 204 204 196 196 196 190 190 191 191 191 167 167 167 153 153 160 160 160 163 163 156
143 128 128 128 127 127 127 135 135 135 135 135 115 115 115 84 84 60 60 60 63 63 98 98 98 132 132 132 117 117 90 90 90 74 74 69 69 69 84 84 84 119 119 152 152 152 181 181 181 198 198 202 202 202 201 201 198 198 198 194 194 194 193 193 195 195 195 201 201 204 204 204 196 196 196 190 190 191 191 191 167 167 167 153 153 160 160 160 163 163 156
141 138 138 138 144 144 144 153 153 149 149 149 127 127 127 99 99 90 90 90 101 101 118 118 118 115 115 115 86 86 56 56 56 38 38 44 44 44 71 71 71 99 99 117 117 117 145 145 145 177 177 198 198 198 198 198 193 193 193 191 191 191 192 192 195 195 195 200 200 199 199 199 190 190 190 180 180 156 156 156 123 123 123 126 126 151 151 151 165 165 166
141 138 138 138 144 144 144 153 153 149 149 149 127 127 127 99 99 90 90 90 101 101 118 118 118 115 115 115 86 86 56 56 56 38 38 44 44 44 71 71 71 99 99 117 117 117 145 145 145 177 177 198 198 198 198 198 193 193 193 191 191 191 192 192 195 195 195 200 200 199 199 199 190 190 190 180 180 156 156 156 123 123 123 126 126 151 151 151 165 165 166
141 138 138 138 144 144 144 153 153 149 149 149 127 127 127 99 99 90 90 90 101 101 118 118 118 115 115 115 86 86 56 56 56 38 38 44 44 44 71 71 71 99 99 117 117 117 145 145 145 177 177 198 198 198 198 198 193 193 193 191 191 191 192 192 195 195 195 200 200 199 199 199 190 190 190 180 180 156 156 156 123 123 123 126 126 151 151 151 165 165 166
143 140 140 140 140 140 140 141 141 137 137 137 126 126 126 115 115 116 116 116 127 127 137 137 137 133 133 133 112 112 94 94 94 89 89 103 103 103 122 122 122 123 123 114 114 114 124 124 124 149 149 178 178 178 185 185 191 191 191 198 198 198 202 202 204 204 204 204 204 197 197 197 182 182 182 155 155 113 113 113 96 96 96 117 117 151 151 151 167 167 172
143 140 140 140 140 140 140 141 141 137 137 137 126 126 126 115 115 116 116 116 127 127 137 137 137 133 133 133 112 112 94 94 94 89 89 103 103 103 122 122 122 123 123 114 114 114 124 124 124 149 149 178 178 178 185 185 191 191 191 198 198 198 202 202 204 204 204 204 204 197 197 197 182 182 182 155 155 113 113 113 96 96 96 117 117 151 151 151 167 167 172
151 144 144 144 137 137 137 136 136 140 140 140 143 143 143 138 138 137 137 137 143 143 146 146 146 138 138 138 123 123 122 122 122 137 137 159 159 159 177 177 177 172 172 151 151 151 138 138 138 144 144 165 165 165 168 168 178 178 178 189 189 189 196 196 195 195 195 190 190 177 177 177 148 148 148 108 108 85 85 85 98 98 98 133 133 157 157 157 167 167 169
151 144 144 144 137 137 137 136 136 140 140 140 143 143 143 138 138 137 137 137 143 143 146 146 146 138 138 138 123 123 122 122 122 137 137 159 159 159 177 177 177 172 172 151 151 151 138 138 138 144 144 165 165 165 168 168 178 178 178 189 189 189 196 196 195 195 195 190 190 177 177 177 148 148 148 108 108 85 85 85 98 98 98 133 133 157 157 157 167 167 169
151 144 144 144 137 137 137 136 136 140 140 140 143 143 143 138 138 137 137 137 143 143 146 146 146 138 138 138 123 123 122 122 122 137 137 159 159 159 177 177 177 172 172 151 151 151 138 138 138 144 144 165 165 165 168 168 178 178 178 189 189 189 196 196 195 195 195 190 190 177 177 177 148 148 148 108 108 85 85 85 98 98 98 133 133 157 157 157 167 167 169
142 134 134 134 135 135 135 146 146 159 159 159 164 164 164 155 155 149 149 149 146 146 142 142 142 140 140 140 141 141 152 152 152 168 168 178 178 178 194 194 194 195 195 178 178 178 157 157 157 152 152 165 165 165 160 160 159 159 159 162 162 162 166 166 164 164 164 156 156 138 138 138 107 107 107 86 86 94 94 94 127 127 127 156 156 165 165 165 166 166 163
142 134 134 134 135 135 135 146 146 159 159 159 164 164 164 155 155 149 149 149 146 146 142 142 142 140 140 140 141 141 152 152 152 168 168 178 178 178 194 194 194 195 195 178 178 178 157 157 157 152 152 165 165 165 160 160 159 159 159 162 162 162 166 166 164 164 164 156 156 138 138 138 107 107 107 86 86 94 94 94 127 127 127 156 156 165 165 165 166 166 163
