SEB_model/sample_data_files/historical/hillshade/maynoon.txt
ncols         559
nrows         351
xllcorner     388608.08691406
yllcorner     7584381.3441773
cellsize      5
NODATA_value  -9999
[rows 120 to 159 of 351, columns 455 to 545 of 559]
175 175 175 172 172 174 174 174 177 177 182 182 182 188 188 188 190 190 193 193 193 200 200 200 206 206 -9999 -9999 -9999 -9999 -9999 -9999 -9999 -9999 -9999 -9999 -9999 -9999 -9999 -9999 -9999 -9999 -9999 -9999 -9999 -9999 -9999 -9999 -9999 -9999 -9999 -9999 -9999 -9999 -9999 -9999 -9999 -9999 -9999 -9999 -9999 -9999 -9999 -9999 -9999 -9999 -9999 -9999 -9999 -9999 -9999 -9999 -9999 -9999 -9999 -9999 -9999 -9999 -9999 -9999 -9999 -9999 -9999 -9999 -9999 -9999 -9999 -9999 -9999 -9999 -9999
172 172 172 171 171 172 172 172 174 174 177 177 177 183 183 183 186 186 187 187 187 191 191 191 200 200 208 208 -9999 -9999 -9999 -9999 -9999 -9999 -9999 -9999 -9999 -9999 -9999 -9999 -9999 -9999 -9999 -9999 -9999 -9999 -9999 -9999 -9999 -9999 -9999 -9999 -9999 -9999 -9999 -9999 -9999 -9999 -9999 -9999 -9999 -9999 -9999 -9999 -9999 -9999 -9999 -9999 -9999 -9999 -9999 -9999 -9999 -9999 -9999 -9999 -9999 -9999 -9999 -9999 -9999 -9999 -9999 -9999 -9999 -9999 -9999 -9999 -9999 -9999 -9999
172 172 172 171 171 172 172 172 174 174 177 177 177 183 183 183 186 186 187 187 187 191 191 191 200 200 208 208 208 -9999 -9999 -9999 -9999 -9999 -9999 -9999 -9999 -9999 -9999 -9999 -9999 -9999 -9999 -9999 -9999 -9999 -9999 -9999 -9999 -9999 -9999 -9999 -9999 -9999 -9999 -9999 -9999 -9999 -9999 -9999 -9999 -9999 -9999 -9999 -9999 -9999 -9999 -9999 -9999 -9999 -9999 -9999 -9999 -9999 -9999 -9999 -9999 -9999 -9999 -9999 -9999 -9999 -9999 -9999 -9999 -9999 -9999 -9999 -9999 -9999 -9999
156 156 156 163 163 172 172 172 176 176 176 176 176 180 180 180 180 180 180 180 180 180 180 180 184 184 192 192 192 196 -9999 -9999 -9999 -9999 -9999 -9999 -9999 -9999 -9999 -9999 -9999 -9999 -9999 -9999 -9999 -9999 -9999 -9999 -9999 -9999 -9999 -9999 -9999 -9999 -9999 -9999 -9999 -9999 -9999 -9999 -9999 -9999 -9999 -9999 -9999 -9999 -9999 -9999 -9999 -9999 -9999 -9999 -9999 -9999 -9999 -9999 -9999 -9999 -9999 -9999 -9999 -9999 -9999 -9999 -9999 -9999 -9999 -9999 -9999 -9999 -9999
156 156 156 163 163 172 172 172 176 176 176 176 176 180 180 180 180 180 180 180 180 180 180 180 184 184 192 192 192 196 196 -9999 -9999 -9999 -9999 -9999 -9999 -9999 -9999 -9999 -9999 -9999 -9999 -9999 -9999 -9999 -9999 -9999 -9999 -9999 -9999 -9999 -9999 -9999 -9999 -9999 -9999 -9999 -9999 -9999 -9999 -9999 -9999 -9999 -9999 -9999 -9999 -9999 -9999 -9999 -9999 -9999 -9999 -9999 -9999 -9999 -9999 -9999 -9999 -9999 -9999 -9999 -9999 -9999 -9999 -9999 -9999 -9999 -9999 -9999 -9999
156 156 156 163 163 172 172 172 176 176 176 176 176 180 180 180 180 180 180 180 180 180 180 180 184 184 192 192 192 196 196 199 -9999 -9999 -9999 -9999 -9999 -9999 -9999 -9999 -9999 -9999 -9999 -9999 -9999 -9999 -9999 -9999 -9999 -9999 -9999 -9999 -9999 -9999 -9999 -9999 -9999 -9999 -9999 -9999 -9999 -9999 -9999 -9999 -9999 -9999 -9999 -9999 -9999 -9999 -9999 -9999 -9999 -9999 -9999 -9999 -9999 -9999 -9999 -9999 -9999 -9999 -9999 -9999 -9999 -9999 -9999 -9999 -9999 -9999 -9999
138 138 138 142 142 155 155 155 166 166 172 172 172 175 175 175 174 174 173 173 173 171 171 171 170 170 173 173 173 178 178 181 181 181 -9999 -9999 -9999 -9999 -9999 -9999 -9999 -9999 -9999 -9999 -9999 -9999 -9999 -9999 -9999 -9999 -9999 -9999 -9999 -9999 -9999 -9999 -9999 -9999 -9999 -9999 -9999 -9999 -9999 -9999 -9999 -9999 -9999 -9999 -9999 -9999 -9999 -9999 -9999 -9999 -9999 -9999 -9999 -9999 -9999 -9999 -9999 -9999 -9999 -9999 -9999 -9999 -9999 -9999 -9999 -9999 -9999
138 138 138 142 142 155 155 155 166 166 172 172 172 175 175 175 174 174 173 173 173 171 171 171 170 170 173 173 173 178 178 181 181 181 189 -9999 -9999 -9999 -9999 -9999 -9999 -9999 -9999 -9999 -9999 -9999 -9999 -9999 -9999 -9999 -9999 -9999 -9999 -9999 -9999 -9999 -9999 -9999 -9999 -9999 -9999 -9999 -9999 -9999 -9999 -9999 -9999 -9999 -9999 -9999 -9999 -9999 -9999 -9999 -9999 -9999 -9999 -9999 -9999 -9999 -9999 -9999 -9999 -9999 -9999 -9999 -9999 -9999 -9999 -9999 -9999
138 138 138 142 142 155 155 155 166 166 172 172 172 175 175 175 174 174 173 173 173 171 171 171 170 170 173 173 173 178 178 181 181 181 189 189 -9999 -9999 -9999 -9999 -9999 -9999 -9999 -9999 -9999 -9999 -9999 -9999 -9999 -9999 -9999 -9999 -9999 -9999 -9999 -9999 -9999 -9999 -9999 -9999 -9999 -9999 -9999 -9999 -9999 -9999 -9999 -9999 -9999 -9999 -9999 -9999 -9999 -9999 -9999 -9999 -9999 -9999 -9999 -9999 -9999 -9999 -9999 -9999 -9999 -9999 -9999 -9999 -9999 -9999 -9999
138 138 138 132 132 137 137 137 144 144 151 151 151 161 161 161 165 165 166 166 166 166 166 166 164 164 168 168 168 174 174 176 176 176 173 173 173 180 -9999 -9999 -9999 -9999 -9999 -9999 -9999 -9999 -9999 -9999 -9999 -9999 -9999 -9999 -9999 -9999 -9999 -9999 -9999 -9999 -9999 -9999 -9999 -9999 -9999 -9999 -9999 -9999 -9999 -9999 -9999 -9999 -9999 -9999 -9999 -9999 -9999 -9999 -9999 -9999 -9999 -9999 -9999 -9999 -9999 -9999 -9999 -9999 -9999 -9999 -9999 -9999 -9999
138 138 138 132 132 137 137 137 144 144 151 151 151 161 161 161 165 165 166 166 166 166 166 166 164 164 168 168 168 174 174 176 176 176 173 173 173 180 180 -9999 -9999 -9999 -9999 -9999 -9999 -9999 -9999 -9999 -9999 -9999 -9999 -9999 -9999 -9999 -9999 -9999 -9999 -9999 -9999 -9999 -9999 -9999 -9999 -9999 -9999 -9999 -9999 -9999 -9999 -9999 -9999 -9999 -9999 -9999 -9999 -9999 -9999 -9999 -9999 -9999 -9999 -9999 -9999 -9999 -9999 -9999 -9999 -9999 -9999 -9999 -9999
144 144 144 137 137 136 136 136 133 133 130 130 130 136 136 136 145 145 156 156 156 162 162 162 161 161 163 163 163 167 167 173 173 173 172 172 172 165 165 171 -9999 -9999 -9999 -9999 -9999 -9999 -9999 -9999 -9999 -9999 -9999 -9999 -9999 -9999 -9999 -9999 -9999 -9999 -9999 -9999 -9999 -9999 -9999 -9999 -9999 -9999 -9999 -9999 -9999 -9999 -9999 -9999 -9999 -9999 -9999 -9999 -9999 -9999 -9999 -9999 -9999 -9999 -9999 -9999 -9999 -9999 -9999 -9999 -9999 -9999 -9999
144 144 144 137 137 136 136 136 133 133 130 130 130 136 136 136 145 145 156 156 156 162 162 162 161 161 163 163 163 167 167 173 173 173 172 172 172 165 165 171 171 171 -9999 -9999 -9999 -9999 -9999 -9999 -9999 -9999 -9999 -9999 -9999 -9999 -9999 -9999 -9999 -9999 -9999 -9999 -9999 -9999 -9999 -9999 -9999 -9999 -9999 -9999 -9999 -9999 -9999 -9999 -9999 -9999 -9999 -9999 -9999 -9999 -9999 -9999 -9999 -9999 -9999 -9999 -9999 -9999 -9999 -9999 -9999 -9999 -9999
144 144 144 137 137 136 136 136 133 133 130 130 130 136 136 136 145 145 156 156 156 162 162 162 161 161 163 163 163 167 167 173 173 173 172 172 172 165 165 171 171 171 185 -9999 -9999 -9999 -9999 -9999 -9999 -9999 -9999 -9999 -9999 -9999 -9999 -9999 -9999 -9999 -9999 -9999 -9999 -9999 -9999 -9999 -9999 -9999 -9999 -9999 -9999 -9999 -9999 -9999 -9999 -9999 -9999 -9999 -9999 -9999 -9999 -9999 -9999 -9999 -9999 -9999 -9999 -9999 -9999 -9999 -9999 -9999 -9999
144 144 144 136 136 134 134 134 130 130 125 125 125 125 125 125 127 127 138 138 138 151 151 151 157 157 160 160 160 162 162 165 165 165 171 171 171 167 167 163 163 163 168 168 -9999 -9999 -9999 -9999 -9999 -9999 -9999 -9999 -9999 -9999 -9999 -9999 -9999 -9999 -9999 -9999 -9999 -9999 -9999 -9999 -9999 -9999 -9999 -9999 -9999 -9999 -9999 -9999 -9999 -9999 -9999 -9999 -9999 -9999 -9999 -9999 -9999 -9999 -9999 -9999 -9999 -9999 -9999 -9999 -9999 -9999 -9999
144 144 144 136 136 134 134 134 130 130 125 125 125 125 125 125 127 127 138 138 138 151 151 151 157 157 160 160 160 162 162 165 165 165 171 171 171 167 167 163 163 163 168 168 181 181 -9999 -9999 -9999 -9999 -9999 -9999 -9999 -9999 -9999 -9999 -9999 -9999 -9999 -9999 -9999 -9999 -9999 -9999 -9999 -9999 -9999 -9999 -9999 -9999 -9999 -9999 -9999 -9999 -9999 -9999 -9999 -9999 -9999 -9999 -9999 -9999 -9999 -9999 -9999 -9999 -9999 -9999 -9999 -9999 -9999
143 143 143 135 135 133 133 133 131 131 130 130 130 133 133 133 133 133 134 134 134 142 142 142 153 153 159 159 159 160 160 161 161 161 164 164 164 166 166 168 168 168 167 167 167 167 167 -9999 -9999 -9999 -9999 -9999 -9999 -9999 -9999 -9999 -9999 -9999 -9999 -9999 -9999 -9999 -9999 -9999 -9999 -9999 -9999 -9999 -9999 -9999 -9999 -9999 -9999 -9999 -9999 -9999 -9999 -9999 -9999 -9999 -9999 -9999 -9999 -9999 -9999 -9999 -9999 -9999 -9999 -9999 -9999
143 143 143 135 135 133 133 133 131 131 130 130 130 133 133 133 133 133 134 134 134 142 142 142 153 153 159 159 159 160 160 161 161 161 164 164 164 166 166 168 168 168 167 167 167 167 167 174 174 -9999 -9999 -9999 -9999 -9999 -9999 -9999 -9999 -9999 -9999 -9999 -9999 -9999 -9999 -9999 -9999 -9999 -9999 -9999 -9999 -9999 -9999 -9999 -9999 -9999 -9999 -9999 -9999 -9999 -9999 -9999 -9999 -9999 -9999 -9999 -9999 -9999 -9999 -9999 -9999 -9999 -9999
143 143 143 135 135 133 133 133 131 131 130 130 130 133 133 133 133 133 134 134 134 142 142 142 153 153 159 159 159 160 160 161 161 161 164 164 164 166 166 168 168 168 167 167 167 167 167 174 174 174 184 -9999 -9999 -9999 -9999 -9999 -9999 -9999 -9999 -9999 -9999 -9999 -9999 -9999 -9999 -9999 -9999 -9999 -9999 -9999 -9999 -9999 -9999 -9999 -9999 -9999 -9999 -9999 -9999 -9999 -9999 -9999 -9999 -9999 -9999 -9999 -9999 -9999 -9999 -9999 -9999
138 138 138 132 132 132 132 132 135 135 136 136 136 140 140 140 140 140 137 137 137 137 137 137 144 144 155 155 155 158 158 158 158 158 160 160 160 162 162 163 163 163 164 164 162 162 162 164 164 164 167 167 176 -9999 -9999 -9999 -9999 -9999 -9999 -9999 -9999 -9999 -9999 -9999 -9999 -9999 -9999 -9999 -9999 -9999 -9999 -9999 -9999 -9999 -9999 -9999 -9999 -9999 -9999 -9999 -9999 -9999 -9999 -9999 -9999 -9999 -9999 -9999 -9999 -9999 -9999
138 138 138 132 132 132 132 132 135 135 136 136 136 140 140 140 140 140 137 137 137 137 137 137 144 144 155 155 155 158 158 158 158 158 160 160 160 162 162 163 163 163 164 164 162 162 162 164 164 164 167 167 176 176 -9999 -9999 -9999 -9999 -9999 -9999 -9999 -9999 -9999 -9999 -9999 -9999 -9999 -9999 -9999 -9999 -9999 -9999 -9999 -9999 -9999 -9999 -9999 -9999 -9999 -9999 -9999 -9999 -9999 -9999 -9999 -9999 -9999 -9999 -9999 -9999 -9999
138 138 138 132 132 132 132 132 135 135 136 136 136 140 140 140 140 140 137 137 137 137 137 137 144 144 155 155 155 158 158 158 158 158 160 160 160 162 162 163 163 163 164 164 162 162 162 164 164 164 167 167 176 176 176 189 -9999 -9999 -9999 -9999 -9999 -9999 -9999 -9999 -9999 -9999 -9999 -9999 -9999 -9999 -9999 -9999 -9999 -9999 -9999 -9999 -9999 -9999 -9999 -9999 -9999 -9999 -9999 -9999 -9999 -9999 -9999 -9999 -9999 -9999 -9999
141 141 141 138 138 141 141 141 143 143 142 142 142 145 145 145 143 143 140 140 140 137 137 137 137 137 147 147 147 153 153 154 154 154 157 157 157 158 158 160 160 160 161 161 162 162 162 169 169 169 170 170 169 169 169 174 174 174 -9999 -9999 -9999 -9999 -9999 -9999 -9999 -9999 -9999 -9999 -9999 -9999 -9999 -9999 -9999 -9999 -9999 -9999 -9999 -9999 -9999 -9999 -9999 -9999 -9999 -9999 -9999 -9999 -9999 -9999 -9999 -9999 -9999
141 141 141 138 138 141 141 141 143 143 142 142 142 145 145 145 143 143 140 140 140 137 137 137 137 137 147 147 147 153 153 154 154 154 157 157 157 158 158 160 160 160 161 161 162 162 162 169 169 169 170 170 169 169 169 174 174 174 186 186 -9999 -9999 -9999 -9999 -9999 -9999 -9999 -9999 -9999 -9999 -9999 -9999 -9999 -9999 -9999 -9999 -9999 -9999 -9999 -9999 -9999 -9999 -9999 -9999 -9999 -9999 -9999 -9999 -9999 -9999 -9999
149 149 149 147 147 149 149 149 149 149 146 146 146 147 147 147 145 145 142 142 142 139 139 139 136 136 140 140 140 144 144 147 147 147 149 149 149 149 149 150 150 150 152 152 155 155 155 163 163 163 171 171 176 176 176 175 175 175 176 176 185 185 -9999 -9999 -9999 -9999 -9999 -9999 -9999 -9999 -9999 -9999 -9999 -9999 -9999 -9999 -9999 -9999 -9999 -9999 -9999 -9999 -9999 -9999 -9999 -9999 -9999 -9999 -9999 -9999 -9999
149 149 149 147 147 149 149 149 149 149 146 146 146 147 147 147 145 145 142 142 142 139 139 139 136 136 140 140 140 144 144 147 147 147 149 149 149 149 149 150 150 150 152 152 155 155 155 163 163 163 171 171 176 176 176 175 175 175 176 176 185 185 185 -9999 -9999 -9999 -9999 -9999 -9999 -9999 -9999 -9999 -9999 -9999 -9999 -9999 -9999 -9999 -9999 -9999 -9999 -9999 -9999 -9999 -9999 -9999 -9999 -9999 -9999 -9999 -9999
149 149 149 147 147 149 149 149 149 149 146 146 146 147 147 147 145 145 142 142 142 139 139 139 136 136 140 140 140 144 144 147 147 147 149 149 149 149 149 150 150 150 152 152 155 155 155 163 163 163 171 171 176 176 176 175 175 175 176 176 185 185 185 194 194 -9999 -9999 -9999 -9999 -9999 -9999 -9999 -9999 -9999 -9999 -9999 -9999 -9999 -9999 -9999 -9999 -9999 -9999 -9999 -9999 -9999 -9999 -9999 -9999 -9999 -9999
155 155 155 151 151 150 150 150 147 147 143 143 143 144 144 144 143 143 142 142 142 139 139 139 134 134 135 135 135 136 136 137 137 137 138 138 138 137 137 137 137 137 141 141 147 147 147 156 156 156 163 163 168 168 168 170 170 170 170 170 174 174 174 177 177 183 183 -9999 -9999 -9999 -9999 -9999 -9999 -9999 -9999 -9999 -9999 -9999 -9999 -9999 -9999 -9999 -9999 -9999 -9999 -9999 -9999 -9999 -9999 -9999 -9999
155 155 155 151 151 150 150 150 147 147 143 143 143 144 144 144 143 143 142 142 142 139 139 139 134 134 135 135 135 136 136 137 137 137 138 138 138 137 137 137 137 137 141 141 147 147 147 156 156 156 163 163 168 168 168 170 170 170 170 170 174 174 174 177 177 183 183 183 194 -9999 -9999 -9999 -9999 -9999 -9999 -9999 -9999 -9999 -9999 -9999 -9999 -9999 -9999 -9999 -9999 -9999 -9999 -9999 -9999 -9999 -9999
156 156 156 150 150 148 148 148 145 145 142 142 142 144 144 144 145 145 145 145 145 143 143 143 139 139 140 140 140 140 140 137 137 137 136 136 136 135 135 136 136 136 139 139 143 143 143 150 150 150 156 156 161 161 161 164 164 164 164 164 168 168 168 170 170 171 171 171 179 179 179 -9999 -9999 -9999 -9999 -9999 -9999 -9999 -9999 -9999 -9999 -9999 -9999 -9999 -9999 -9999 -9999 -9999 -9999 -9999 -9999
156 156 156 150 150 148 148 148 145 145 142 142 142 144 144 144 145 145 145 145 145 143 143 143 139 139 140 140 140 140 140 137 137 137 136 136 136 135 135 136 136 136 139 139 143 143 143 150 150 150 156 156 161 161 161 164 164 164 164 164 168 168 168 170 170 171 171 171 179 179 179 189 -9999 -9999 -9999 -9999 -9999 -9999 -9999 -9999 -9999 -9999 -9999 -9999 -9999 -9999 -9999 -9999 -9999 -9999 -9999
156 156 156 150 150 148 148 148 145 145 142 142 142 144 144 144 145 145 145 145 145 143 143 143 139 139 140 140 140 140 140 137 137 137 136 136 136 135 135 136 136 136 139 139 143 143 143 150 150 150 156 156 161 161 161 164 164 164 164 164 168 168 168 170 170 171 171 171 179 179 179 189 189 198 -9999 -9999 -9999 -9999 -9999 -9999 -9999 -9999 -9999 -9999 -9999 -9999 -9999 -9999 -9999 -9999 -9999
152 152 152 147 147 147 147 147 147 147 145 145 145 148 148 148 149 149 149 149 149 148 148 148 146 146 148 148 148 146 146 143 143 143 142 142 142 141 141 141 141 141 141 141 140 140 140 143 143 143 146 146 149 149 149 152 152 152 154 154 160 160 160 166 166 171 171 171 176 176 176 179 179 183 183 -9999 -9999 -9999 -9999 -9999 -9999 -9999 -9999 -9999 -9999 -9999 -9999 -9999 -9999 -9999 -9999
152 152 152 147 147 147 147 147 147 147 145 145 145 148 148 148 149 149 149 149 149 148 148 148 146 146 148 148 148 146 146 143 143 143 142 142 142 141 141 141 141 141 141 141 140 140 140 143 143 143 146 146 149 149 149 152 152 152 154 154 160 160 160 166 166 171 171 171 176 176 176 179 179 183 183 183 188 -9999 -9999 -9999 -9999 -9999 -9999 -9999 -9999 -9999 -9999 -9999 -9999 -9999 -9999
152 152 152 147 147 147 147 147 147 147 145 145 145 148 148 148 149 149 149 149 149 148 148 148 146 146 148 148 148 146 146 143 143 143 142 142 142 141 141 141 141 141 141 141 140 140 140 143 143 143 146 146 149 149 149 152 152 152 154 154 160 160 160 166 166 171 171 171 176 176 176 179 179 183 183 183 188 188 -9999 -9999 -9999 -9999 -9999 -9999 -9999 -9999 -9999 -9999 -9999 -9999 -9999
149 149 149 147 147 149 149 149 151 151 150 150 150 152 152 152 153 153 153 153 153 153 153 153 149 149 148 148 148 145 145 144 144 144 146 146 146 146 146 145 145 145 142 142 137 137 137 136 136 136 135 135 137 137 137 142 142 142 146 146 155 155 155 161 161 164 164 164 171 171 171 174 174 175 175 175 174 174 174 -9999 -9999 -9999 -9999 -9999 -9999 -9999 -9999 -9999 -9999 -9999 -9999
149 149 149 147 147 149 149 149 151 151 150 150 150 152 152 152 153 153 153 153 153 153 153 153 149 149 148 148 148 145 145 144 144 144 146 146 146 146 146 145 145 145 142 142 137 137 137 136 136 136 135 135 137 137 137 142 142 142 146 146 155 155 155 161 161 164 164 164 171 171 171 174 174 175 175 175 174 174 174 175 175 -9999 -9999 -9999 -9999 -9999 -9999 -9999 -9999 -9999 -9999
145 145 145 145 145 149 149 149 152 152 152 152 152 154 154 154 154 154 155 155 155 154 154 154 148 148 145 145 145 143 143 144 144 144 147 147 147 147 147 145 145 145 140 140 134 134 134 132 132 132 132 132 134 134 134 139 139 139 142 142 148 148 148 150 150 150 150 150 156 156 156 162 162 168 168 168 171 171 171 170 170 173 -9999 -9999 -9999 -9999 -9999 -9999 -9999 -9999 -9999
145 145 145 145 145 149 149 149 152 152 152 152 152 154 154 154 154 154 155 155 155 154 154 154 148 148 145 145 145 143 143 144 144 144 147 147 147 147 147 145 145 145 140 140 134 134 134 132 132 132 132 132 134 134 134 139 139 139 142 142 148 148 148 150 150 150 150 150 156 156 156 162 162 168 168 168 171 171 171 170 170 173 173 173 181 -9999 -9999 -9999 -9999 -9999 -9999
145 145 145 145 145 149 149 149 152 152 152 152 152 154 154 154 154 154 155 155 155 154 154 154 148 148 145 145 145 143 143 144 144 144 147 147 147 147 147 145 145 145 140 140 134 134 134 132 132 132 132 132 134 134 134 139 139 139 142 142 148 148 148 150 150 150 150 150 156 156 156 162 162 168 168 168 171 171 171 170 170 173 173 173 181 181 191 191 -9999 -9999 -9999
