SEB_model/sample_data_files/historical/hillshade/maynoon.txt
ncols         559
nrows         351
xllcorner     388608.08691406
yllcorner     7584381.3441773
cellsize      5
NODATA_value  -9999
[rows 240 to 279 of 351, columns 182 to 272 of 559]
145 143 143 134 134 134 126 126 126 120 120 121 121 121 127 127 127 128 128 124 124 124 114 114 99 99 99 89 89 89 84 84 81 81 81 78 78 78 70 70 67 67 67 70 70 74 74 74 75 75 75 69 69 55 55 55 38 38 27 27 27 22 22 22 21 21 19 19 19 17 17 17 18 18 20 20 20 22 22 22 22 22 20 20 20 15 15 12 12 12 14
139 138 138 130 130 130 121 121 121 113 113 113 113 113 115 115 115 115 115 111 111 111 101 101 90 90 90 85 85 85 81 81 75 75 75 69 69 69 62 62 59 59 59 60 60 63 63 63 64 64 64 55 55 40 40 40 29 29 22 22 22 18 18 18 17 17 16 16 16 16 16 16 18 18 22 22 22 25 25 26 26 26 26 26 26 24 24 23 23 23 26
139 138 138 130 130 130 121 121 121 113 113 113 113 113 115 115 115 115 115 111 111 111 101 101 90 90 90 85 85 85 81 81 75 75 75 69 69 69 62 62 59 59 59 60 60 63 63 63 64 64 64 55 55 40 40 40 29 29 22 22 22 18 18 18 17 17 16 16 16 16 16 16 18 18 22 22 22 25 25 26 26 26 26 26 26 24 24 23 23 23 26
139 138 138 130 130 130 121 121 121 113 113 113 113 113 115 115 115 115 115 111 111 111 101 101 90 90 90 85 85 85 81 81 75 75 75 69 69 69 62 62 59 59 59 60 60 63 63 63 64 64 64 55 55 40 40 40 29 29 22 22 22 18 18 18 17 17 16 16 16 16 16 16 18 18 22 22 22 25 25 26 26 26 26 26 26 24 24 23 23 23 26
124 123 123 117 117 117 105 105 105 90 90 85 85 85 87 87 87 89 89 89 89 89 81 81 74 74 74 71 71 71 67 67 64 64 64 61 61 61 56 56 53 53 53 50 50 47 47 47 41 41 41 33 33 27 27 27 23 23 19 19 19 17 17 17 18 18 20 20 20 21 21 21 22 22 24 24 24 26 26 27 27 27 28 28 28 30 30 34 34 34 37
124 123 123 117 117 117 105 105 105 90 90 85 85 85 87 87 87 89 89 89 89 89 81 81 74 74 74 71 71 71 67 67 64 64 64 61 61 61 56 56 53 53 53 50 50 47 47 47 41 41 41 33 33 27 27 27 23 23 19 19 19 17 17 17 18 18 20 20 20 21 21 21 22 22 24 24 24 26 26 27 27 27 28 28 28 30 30 34 34 34 37
113 112 112 110 110 110 99 99 99 77 77 64 64 64 66 66 66 72 72 80 80 80 76 76 66 66 66 63 63 63 63 63 63 63 63 61 61 61 58 58 52 52 52 40 40 28 28 28 21 21 21 20 20 21 21 21 22 22 20 20 20 20 20 20 22 22 26 26 26 28 28 28 28 28 27 27 27 26 26 26 26 26 28 28 28 33 33 39 39 39 43
113 112 112 110 110 110 99 99 99 77 77 64 64 64 66 66 66 72 72 80 80 80 76 76 66 66 66 63 63 63 63 63 63 63 63 61 61 61 58 58 52 52 52 40 40 28 28 28 21 21 21 20 20 21 21 21 22 22 20 20 20 20 20 20 22 22 26 26 26 28 28 28 28 28 27 27 27 26 26 26 26 26 28 28 28 33 33 39 39 39 43
113 112 112 110 110 110 99 99 99 77 77 64 64 64 66 66 66 72 72 80 80 80 76 76 66 66 66 63 63 63 63 63 63 63 63 61 61 61 58 58 52 52 52 40 40 28 28 28 21 21 21 20 20 21 21 21 22 22 20 20 20 20 20 20 22 22 26 26 26 28 28 28 28 28 27 27 27 26 26 26 26 26 28 28 28 33 33 39 39 39 43
116 112 112 107 107 107 98 98 98 74 74 52 52 52 46 46 46 52 52 63 63 63 64 64 57 57 57 55 55 55 56 56 58 58 58 56 56 56 46 46 34 34 34 22 22 14 14 14 12 12 12 15 15 20 20 20 24 24 26 26 26 27 27 27 29 29 32 32 32 33 33 33 32 32 30 30 30 28 28 27 27 27 30 30 30 36 36 43 43 43 47
116 112 112 107 107 107 98 98 98 74 74 52 52 52 46 46 46 52 52 63 63 63 64 64 57 57 57 55 55 55 56 56 58 58 58 56 56 56 46 46 34 34 34 22 22 14 14 14 12 12 12 15 15 20 20 20 24 24 26 26 26 27 27 27 29 29 32 32 32 33 33 33 32 32 30 30 30 28 28 27 27 27 30 30 30 36 36 43 43 43 47
116 112 112 107 107 107 98 98 98 74 74 52 52 52 46 46 46 52 52 63 63 63 64 64 57 57 57 55 55 55 56 56 58 58 58 56 56 56 46 46 34 34 34 22 22 14 14 14 12 12 12 15 15 20 20 20 24 24 26 26 26 27 27 27 29 29 32 32 32 33 33 33 32 32 30 30 30 28 28 27 27 27 30 30 30 36 36 43 43 43 47
128 123 123 118 118 118 114 114 114 95 95 69 69 69 55 55 55 49 49 50 50 50 52 52 52 52 52 52 52 52 50 50 46 46 46 37 37 37 24 24 15 15 15 14 14 15 15 15 16 16 16 19 19 24 24 24 29 29 32 32 32 34 34 34 35 35 35 35 35 34 34 34 32 32 31 31 31 30 30 30 30 30 33 33 33 38 38 43 43 43 46
128 123 123 118 118 118 114 114 114 95 95 69 69 69 55 55 55 49 49 50 50 50 52 52 52 52 52 52 52 52 50 50 46 46 46 37 37 37 24 24 15 15 15 14 14 15 15 15 16 16 16 19 19 24 24 24 29 29 32 32 32 34 34 34 35 35 35 35 35 34 34 34 32 32 31 31 31 30 30 30 30 30 33 33 33 38 38 43 43 43 46
124 123 123 125 125 125 131 131 131 125 125 104 104 104 76 76 76 56 56 49 49 49 51 51 52 52 52 50 50 50 40 40 27 27 27 17 17 17 12 12 12 12 12 14 14 17 17 17 20 20 20 24 24 28 28 28 31 31 34 34 34 34 34 34 34 34 32 32 32 31 31 31 30 30 30 30 30 30 30 31 31 31 31 31 31 33 33 35 35 35 37
124 123 123 125 125 125 131 131 131 125 125 104 104 104 76 76 76 56 56 49 49 49 51 51 52 52 52 50 50 50 40 40 27 27 27 17 17 17 12 12 12 12 12 14 14 17 17 17 20 20 20 24 24 28 28 28 31 31 34 34 34 34 34 34 34 34 32 32 32 31 31 31 30 30 30 30 30 30 30 31 31 31 31 31 31 33 33 35 35 35 37
124 123 123 125 125 125 131 131 131 125 125 104 104 104 76 76 76 56 56 49 49 49 51 51 52 52 52 50 50 50 40 40 27 27 27 17 17 17 12 12 12 12 12 14 14 17 17 17 20 20 20 24 24 28 28 28 31 31 34 34 34 34 34 34 34 34 32 32 32 31 31 31 30 30 30 30 -9999 -9999 -9999 31 31 31 31 31 31 33 33 35 35 35 37
110 115 115 121 121 121 126 126 126 122 122 108 108 108 84 84 84 62 62 53 53 53 50 50 47 47 47 38 38 38 23 23 12 12 12 9 9 9 11 11 14 14 14 17 17 20 20 20 23 23 23 26 26 28 28 28 29 29 29 29 29 28 28 28 27 27 27 27 27 27 27 27 27 27 27 -9999 -9999 -9999 -9999 26 26 26 24 24 24 22 22 22 22 22 -9999
110 115 115 121 121 121 126 126 126 122 122 108 108 108 84 84 84 62 62 53 53 53 50 50 47 47 47 38 38 38 23 23 12 12 12 9 9 9 11 11 14 14 14 17 17 20 20 20 23 23 23 26 26 28 28 28 29 29 29 29 29 28 28 28 27 27 27 27 27 27 27 27 27 -9999 -9999 -9999 -9999 -9999 -9999 26 26 26 24 24 24 22 22 22 -9999 -9999 -9999
105 108 108 109 109 109 109 109 109 105 105 101 101 101 90 90 90 73 73 63 63 63 55 55 44 44 44 28 28 28 16 16 13 13 13 13 13 13 16 16 19 19 19 21 21 23 23 23 24 24 24 24 24 23 23 23 22 22 21 21 21 21 21 21 22 22 22 22 22 23 23 23 -9999 -9999 -9999 -9999 -9999 -9999 -9999 -9999 22 22 19 19 19 16 16 -9999 -9999 -9999 -9999
105 108 108 109 109 109 109 109 109 105 105 101 101 101 90 90 90 73 73 63 63 63 55 55 44 44 44 28 28 28 16 16 13 13 13 13 13 13 16 16 19 19 19 21 21 23 23 23 24 24 24 24 24 23 23 23 22 22 21 21 21 21 21 21 22 22 22 22 22 23 23 -9999 -9999 -9999 -9999 -9999 -9999 -9999 -9999 -9999 -9999 22 19 19 19 -9999 -9999 -9999 -9999 -9999 -9999
105 108 108 109 109 109 109 109 109 105 105 101 101 101 90 90 90 73 73 63 63 63 55 55 44 44 44 28 28 28 16 16 13 13 13 13 13 13 16 16 19 19 19 21 21 23 23 23 24 24 24 24 24 23 23 23 22 22 21 21 21 21 21 21 22 22 22 22 22 23 -9999 -9999 -9999 -9999 -9999 -9999 -9999 -9999 -9999 -9999 -9999 -9999 -9999 -9999 -9999 -9999 -9999 -9999 -9999 -9999 -9999
98 96 96 89 89 89 84 84 84 81 81 83 83 83 81 81 81 73 73 65 65 65 53 53 37 37 37 24 24 24 21 21 22 22 22 23 23 23 25 25 25 25 25 25 25 24 24 24 23 23 23 20 20 18 18 18 17 17 17 17 17 18 18 18 19 19 20 20 -9999 -9999 -9999 -9999 -9999 -9999 -9999 -9999 -9999 -9999 -9999 -9999 -9999 -9999 -9999 -9999 -9999 -9999 -9999 -9999 -9999 -9999 -9999
98 96 96 89 89 89 84 84 84 81 81 83 83 83 81 81 81 73 73 65 65 65 53 53 37 37 37 24 24 24 21 21 22 22 22 23 23 23 25 25 25 25 25 25 25 24 24 24 23 23 23 20 20 18 18 18 17 17 17 17 17 18 18 18 19 19 20 20 -9999 -9999 -9999 -9999 -9999 -9999 -9999 -9999 -9999 -9999 -9999 -9999 -9999 -9999 -9999 -9999 -9999 -9999 -9999 -9999 -9999 -9999 -9999
98 96 96 89 89 89 84 84 84 81 81 83 83 83 81 81 81 73 73 65 65 65 53 53 37 37 37 24 24 24 21 21 22 22 22 23 23 23 25 25 25 25 25 25 25 24 24 24 23 23 23 20 20 18 18 18 17 17 17 17 17 18 18 18 19 19 20 20 20 21 -9999 -9999 -9999 -9999 -9999 -9999 -9999 -9999 -9999 -9999 -9999 -9999 -9999 -9999 -9999 -9999 -9999 -9999 -9999 -9999 -9999
93 87 87 81 81 81 82 82 82 81 81 77 77 77 76 76 76 73 73 66 66 66 52 52 37 37 37 32 32 32 33 33 35 35 35 36 36 36 35 35 32 32 32 29 29 25 25 25 22 22 22 19 19 17 17 17 17 17 18 18 18 19 19 19 20 20 20 20 20 21 21 -9999 -9999 -9999 -9999 -9999 -9999 -9999 -9999 -9999 -9999 -9999 -9999 -9999 -9999 -9999 -9999 -9999 -9999 -9999 -9999
93 87 87 81 81 81 82 82 82 81 81 77 77 77 76 76 76 73 73 66 66 66 52 52 37 37 37 32 32 32 33 33 35 35 35 36 36 36 35 35 32 32 32 29 29 25 25 25 22 22 22 19 19 17 17 17 17 17 18 18 18 19 19 19 20 20 20 20 20 21 -9999 -9999 -9999 -9999 -9999 -9999 -9999 -9999 -9999 -9999 -9999 -9999 -9999 -9999 -9999 -9999 -9999 -9999 -9999 -9999 -9999
88 83 83 81 81 81 85 85 85 85 85 80 80 80 78 78 78 78 78 72 72 72 58 58 49 49 49 47 47 47 48 48 48 48 48 46 46 46 41 41 36 36 36 30 30 25 25 25 21 21 21 19 19 19 19 19 19 19 20 20 20 20 20 20 20 20 20 20 20 -9999 -9999 -9999 -9999 -9999 -9999 -9999 -9999 -9999 -9999 -9999 -9999 -9999 -9999 -9999 -9999 -9999 -9999 -9999 -9999 -9999 -9999
88 83 83 81 81 81 85 85 85 85 85 80 80 80 78 78 78 78 78 72 72 72 58 58 49 49 49 47 47 47 48 48 48 48 48 46 46 46 41 41 36 36 36 30 30 25 25 25 21 21 21 19 19 19 19 19 19 19 20 20 20 20 20 20 20 20 20 20 -9999 -9999 -9999 -9999 -9999 -9999 -9999 -9999 -9999 -9999 -9999 -9999 -9999 -9999 -9999 -9999 -9999 -9999 -9999 -9999 -9999 -9999 -9999
88 83 83 81 81 81 85 85 85 85 85 80 80 80 78 78 78 78 78 72 72 72 58 58 49 49 49 47 47 47 48 48 48 48 48 46 46 46 41 41 36 36 36 30 30 25 25 25 21 21 21 19 19 19 19 19 19 19 20 20 20 20 20 20 20 20 20 -9999 -9999 -9999 -9999 -9999 -9999 -9999 -9999 -9999 -9999 -9999 -9999 -9999 -9999 -9999 -9999 -9999 -9999 -9999 -9999 -9999 -9999 -9999 -9999
81 77 77 73 73 73 71 71 71 71 71 73 73 73 75 75 75 72 72 65 65 65 57 57 54 54 54 55 55 55 56 56 54 54 54 49 49 49 43 43 37 37 37 31 31 26 26 26 23 23 23 21 21 21 21 21 21 21 20 20 20 19 19 19 19 -9999 -9999 -9999 -9999 -9999 -9999 -9999 -9999 -9999 -9999 -9999 -9999 -9999 -9999 -9999 -9999 -9999 -9999 -9999 -9999 -9999 -9999 -9999 -9999 -9999 -9999
81 77 77 73 73 73 71 71 71 71 71 73 73 73 75 75 75 72 72 65 65 65 57 57 54 54 54 55 55 55 56 56 54 54 54 49 49 49 43 43 37 37 37 31 31 26 26 26 23 23 23 21 21 21 21 21 21 21 20 20 20 19 19 -9999 -9999 -9999 -9999 -9999 -9999 -9999 -9999 -9999 -9999 -9999 -9999 -9999 -9999 -9999 -9999 -9999 -9999 -9999 -9999 -9999 -9999 -9999 -9999 -9999 -9999 -9999 -9999
90 82 82 77 77 77 75 75 75 75 75 76 76 76 77 77 77 69 69 58 58 58 54 54 55 55 55 57 57 57 57 57 54 54 54 49 49 49 42 42 36 36 36 31 31 27 27 27 24 24 24 22 22 21 21 21 21 21 20 20 -9999 -9999 -9999 -9999 -9999 -9999 -9999 -9999 -9999 -9999 -9999 -9999 -9999 -9999 -9999 -9999 -9999 -9999 -9999 -9999 -9999 -9999 -9999 -9999 -9999 -9999 -9999 -9999 -9999 -9999 -9999
90 82 82 77 77 77 75 75 75 75 75 76 76 76 77 77 77 69 69 58 58 58 54 54 55 55 55 57 57 57 57 57 54 54 54 49 49 49 42 42 36 36 36 31 31 27 27 27 24 24 24 22 22 21 -9999 -9999 -9999 -9999 -9999 -9999 -9999 -9999 -9999 -9999 -9999 -9999 -9999 -9999 -9999 -9999 -9999 -9999 -9999 -9999 -9999 -9999 -9999 -9999 -9999 -9999 -9999 -9999 -9999 -9999 -9999 -9999 -9999 -9999 -9999 -9999 -9999
90 82 82 77 77 77 75 75 75 75 75 76 76 76 77 77 77 69 69 58 58 58 54 54 55 55 55 57 57 57 57 57 54 54 54 49 49 49 42 42 36 36 36 31 31 27 27 27 24 24 24 22 -9999 -9999 -9999 -9999 -9999 -9999 -9999 -9999 -9999 -9999 -9999 -9999 -9999 -9999 -9999 -9999 -9999 -9999 -9999 -9999 -9999 -9999 -9999 -9999 -9999 -9999 -9999 -9999 -9999 -9999 -9999 -9999 -9999 -9999 -9999 -9999 -9999 -9999 -9999
90 81 81 77 77 77 76 76 76 75 75 74 74 74 69 69 69 60 60 52 52 52 52 52 55 55 55 57 57 57 57 57 54 54 54 48 48 48 41 41 35 35 35 31 31 27 27 27 25 25 25 -9999 -9999 -9999 -9999 -9999 -9999 -9999 -9999 -9999 -9999 -9999 -9999 -9999 -9999 -9999 -9999 -9999 -9999 -9999 -9999 -9999 -9999 -9999 -9999 -9999 -9999 -9999 -9999 -9999 -9999 -9999 -9999 -9999 -9999 -9999 -9999 -9999 -9999 -9999 -9999
90 81 81 77 77 77 76 76 76 75 75 74 74 74 69 69 69 60 60 52 52 52 52 52 55 55 55 57 57 57 57 57 54 54 54 48 48 48 41 41 35 35 35 31 31 27 27 27 25 25 25 23 23 -9999 -9999 -9999 -9999 -9999 -9999 -9999 -9999 -9999 -9999 -9999 -9999 -9999 -9999 -9999 -9999 -9999 -9999 -9999 -9999 -9999 -9999 -9999 -9999 -9999 -9999 -9999 -9999 -9999 -9999 -9999 -9999 -9999 -9999 -9999 -9999 -9999 -9999
90 81 81 77 77 77 76 76 76 75 75 74 74 74 69 69 69 60 60 52 52 52 52 52 55 55 55 57 57 57 57 57 54 54 54 48 48 48 41 41 35 35 35 31 31 27 27 27 25 25 25 23 23 22 -9999 -9999 -9999 -9999 -9999 -9999 -9999 -9999 -9999 -9999 -9999 -9999 -9999 -9999 -9999 -9999 -9999 -9999 -9999 -9999 -9999 -9999 -9999 -9999 -9999 -9999 -9999 -9999 -9999 -9999 -9999 -9999 -9999 -9999 -9999 -9999 -9999
86 79 79 73 73 73 70 70 70 69 69 68 68 68 63 63 63 54 54 51 51 51 55 55 58 58 58 60 60 60 58 58 54 54 54 48 48 48 41 41 35 35 35 30 30 27 27 27 25 25 25 24 24 23 -9999 -9999 -9999 -9999 -9999 -9999 -9999 -9999 -9999 -9999 -9999 -9999 -9999 -9999 -9999 -9999 -9999 -9999 -9999 -9999 -9999 -9999 -9999 -9999 -9999 -9999 -9999 -9999 -9999 -9999 -9999 -9999 -9999 -9999 -9999 -9999 -9999
86 79 79 73 73 73 70 70 70 69 69 68 68 68 63 63 63 54 54 51 51 51 55 55 58 58 58 60 60 60 58 58 54 54 54 48 48 48 41 41 35 35 35 30 30 27 27 27 25 25 25 24 24 23 23 -9999 -9999 -9999 -9999 -9999 -9999 -9999 -9999 -9999 -9999 -9999 -9999 -9999 -9999 -9999 -9999 -9999 -9999 -9999 -9999 -9999 -9999 -9999 -9999 -9999 -9999 -9999 -9999 -9999 -9999 -9999 -9999 -9999 -9999 -9999 -9999
