SEB_model/sample_data_files/historical/hillshade/maynoon.txt
ncols         559
nrows         351
xllcorner     388608.08691406
yllcorner     7584381.3441773
cellsize      5
NODATA_value  -9999
[rows 40 to 79 of 351, columns 273 to 363 of 559]
-9999 -9999 -9999 -9999 -9999 -9999 -9999 -9999 -9999 -9999 -9999 -9999 -9999 -9999 -9999 -9999 -9999 -9999 -9999 -9999 -9999 -9999 -9999 -9999 -9999 -9999 -9999 209 208 208 208 208 208 210 210 211 211 211 210 210 210 209 209 208 208 208 203 203 203 196 196 193 193 193 191 191 187 187 187 186 186 186 183 183 179 179 179 177 177 174 174 174 174 174 174 172 172 171 171 171 171 171 171 170 170 173 173 173 174 174 175
-9999 -9999 -9999 -9999 -9999 -9999 -9999 -9999 -9999 -9999 -9999 -9999 -9999 -9999 -9999 -9999 -9999 -9999 -9999 -9999 -9999 -9999 -9999 -9999 -9999 -9999 209 209 208 208 208 208 208 210 210 211 211 211 210 210 210 209 209 208 208 208 203 203 203 196 196 193 193 193 191 191 187 187 187 186 186 186 183 183 179 179 179 177 177 174 174 174 174 174 174 172 172 171 171 171 171 171 171 170 170 173 173 173 174 174 175
-9999 -9999 -9999 -9999 -9999 -9999 -9999 -9999 -9999 -9999 -9999 -9999 -9999 -9999 -9999 -9999 -9999 -9999 -9999 -9999 -9999 -9999 -9999 -9999 -9999 -9999 209 209 206 206 205 205 205 207 207 210 210 210 209 209 209 207 207 206 206 206 201 201 201 194 194 193 193 193 192 192 188 188 188 187 187 187 184 184 182 182 182 179 179 175 175 175 175 175 175 173 173 171 171 171 170 170 170 168 168 169 169 169 170 170 171
-9999 -9999 -9999 -9999 -9999 -9999 -9999 -9999 -9999 -9999 -9999 -9999 -9999 -9999 -9999 -9999 -9999 -9999 -9999 -9999 -9999 -9999 -9999 -9999 -9999 -9999 -9999 209 206 206 205 205 205 207 207 210 210 210 209 209 209 207 207 206 206 206 201 201 201 194 194 193 193 193 192 192 188 188 188 187 187 187 184 184 182 182 182 179 179 175 175 175 175 175 175 173 173 171 171 171 170 170 170 168 168 169 169 169 170 170 171
-9999 -9999 -9999 -9999 -9999 -9999 -9999 -9999 -9999 -9999 -9999 -9999 -9999 -9999 -9999 -9999 -9999 -9999 -9999 -9999 -9999 -9999 -9999 -9999 -9999 -9999 -9999 -9999 206 206 205 205 205 207 207 210 210 210 209 209 209 207 207 206 206 206 201 201 201 194 194 193 193 193 192 192 188 188 188 187 187 187 184 184 182 182 182 179 179 175 175 175 175 175 175 173 173 171 171 171 170 170 170 168 168 169 169 169 170 170 171
-9999 -9999 -9999 -9999 -9999 -9999 -9999 -9999 -9999 -9999 -9999 -9999 -9999 -9999 -9999 -9999 -9999 -9999 -9999 -9999 -9999 -9999 -9999 -9999 -9999 -9999 -9999 -9999 204 204 201 201 201 202 202 205 205 205 206 206 206 204 204 203 203 203 202 202 202 198 198 197 197 197 195 195 190 190 190 189 189 189 188 188 185 185 185 182 182 178 178 178 177 177 177 175 175 173 173 173 171 171 171 168 168 168 168 168 167 167 167
-9999 -9999 -9999 -9999 -9999 -9999 -9999 -9999 -9999 -9999 -9999 -9999 -9999 -9999 -9999 -9999 -9999 -9999 -9999 -9999 -9999 -9999 -9999 -9999 -9999 -9999 -9999 -9999 -9999 204 201 201 201 202 202 205 205 205 206 206 206 204 204 203 203 203 202 202 202 198 198 197 197 197 195 195 190 190 190 189 189 189 188 188 185 185 185 182 182 178 178 178 177 177 177 175 175 173 173 173 171 171 171 168 168 168 168 168 167 167 167
-9999 -9999 -9999 -9999 -9999 -9999 -9999 -9999 -9999 -9999 -9999 -9999 -9999 -9999 -9999 -9999 -9999 -9999 -9999 -9999 -9999 -9999 -9999 -9999 -9999 -9999 -9999 -9999 -9999 203 198 198 198 197 197 198 198 198 200 200 200 198 198 199 199 199 199 199 199 196 196 195 195 195 192 192 188 188 188 187 187 187 186 186 184 184 184 182 182 178 178 178 177 177 177 174 174 173 173 173 172 172 172 168 168 168 168 168 167 167 165
-9999 -9999 -9999 -9999 -9999 -9999 -9999 -9999 -9999 -9999 -9999 -9999 -9999 -9999 -9999 -9999 -9999 -9999 -9999 -9999 -9999 -9999 -9999 -9999 -9999 -9999 -9999 -9999 -9999 203 198 198 198 197 197 198 198 198 200 200 200 198 198 199 199 199 199 199 199 196 196 195 195 195 192 192 188 188 188 187 187 187 186 186 184 184 184 182 182 178 178 178 177 177 177 174 174 173 173 173 172 172 172 168 168 168 168 168 167 167 165
-9999 -9999 -9999 -9999 -9999 -9999 -9999 -9999 -9999 -9999 -9999 -9999 -9999 -9999 -9999 -9999 -9999 -9999 -9999 -9999 -9999 -9999 212 212 212 209 209 -9999 203 203 198 198 198 197 197 198 198 198 200 200 200 198 198 199 199 199 199 199 199 196 196 195 195 195 192 192 188 188 188 187 187 187 186 186 184 184 184 182 182 178 178 178 177 177 177 174 174 173 173 173 172 172 172 168 168 168 168 168 167 167 165
-9999 -9999 -9999 -9999 -9999 -9999 -9999 -9999 -9999 -9999 -9999 -9999 -9999 -9999 -9999 -9999 -9999 -9999 -9999 -9999 -9999 215 213 213 213 209 209 209 204 204 198 198 198 195 195 196 196 196 197 197 197 197 197 198 198 198 199 199 199 197 197 195 195 195 193 193 189 189 189 187 187 187 185 185 183 183 183 181 181 178 178 178 177 177 177 175 175 173 173 173 172 172 172 170 170 169 169 169 168 168 165
-9999 -9999 -9999 -9999 -9999 -9999 -9999 -9999 -9999 -9999 -9999 -9999 -9999 -9999 -9999 -9999 -9999 -9999 -9999 -9999 215 215 213 213 213 209 209 209 204 204 198 198 198 195 195 196 196 196 197 197 197 197 197 198 198 198 199 199 199 197 197 195 195 195 193 193 189 189 189 187 187 187 185 185 183 183 183 181 181 178 178 178 177 177 177 175 175 173 173 173 172 172 172 170 170 169 169 169 168 168 165
-9999 -9999 -9999 -9999 -9999 -9999 -9999 -9999 -9999 -9999 -9999 -9999 -9999 -9999 -9999 -9999 -9999 -9999 -9999 -9999 215 215 213 213 213 209 209 209 204 204 198 198 198 195 195 196 196 196 197 197 197 197 197 198 198 198 199 199 199 197 197 195 195 195 193 193 189 189 189 187 187 187 185 185 183 183 183 181 181 178 178 178 177 177 177 175 175 173 173 173 172 172 172 170 170 169 169 169 168 168 165
-9999 -9999 -9999 -9999 -9999 -9999 -9999 -9999 -9999 -9999 -9999 -9999 -9999 -9999 -9999 -9999 -9999 -9999 -9999 -9999 215 215 212 212 212 209 209 209 205 205 200 200 200 196 196 197 197 197 199 199 199 200 200 201 201 201 201 201 201 199 199 198 198 198 196 196 191 191 191 189 189 189 186 186 184 184 184 182 182 178 178 178 178 178 178 176 176 174 174 174 173 173 173 171 171 170 170 170 168 168 165
-9999 -9999 -9999 -9999 -9999 -9999 -9999 -9999 -9999 -9999 -9999 -9999 -9999 -9999 -9999 -9999 -9999 -9999 -9999 218 215 215 212 212 212 209 209 209 205 205 200 200 200 196 196 197 197 197 199 199 199 200 200 201 201 201 201 201 201 199 199 198 198 198 196 196 191 191 191 189 189 189 186 186 184 184 184 182 182 178 178 178 178 178 178 176 176 174 174 174 173 173 173 171 171 170 170 170 168 168 165
-9999 -9999 -9999 -9999 -9999 -9999 -9999 -9999 -9999 -9999 -9999 -9999 -9999 -9999 212 215 215 215 215 215 213 213 211 211 211 209 209 209 206 206 203 203 203 199 199 196 196 196 197 197 197 197 197 197 197 197 197 197 197 195 195 194 194 194 192 192 188 188 188 185 185 185 183 183 181 181 181 179 179 177 177 177 177 177 177 175 175 174 174 174 173 173 173 171 171 171 171 171 169 169 166
-9999 -9999 -9999 -9999 -9999 -9999 -9999 -9999 -9999 -9999 -9999 -9999 -9999 -9999 212 215 215 215 215 215 213 213 211 211 211 209 209 209 206 206 203 203 203 199 199 196 196 196 197 197 197 197 197 197 197 197 197 197 197 195 195 194 194 194 192 192 188 188 188 185 185 185 183 183 181 181 181 179 179 177 177 177 177 177 177 175 175 174 174 174 173 173 173 171 171 171 171 171 169 169 166
-9999 -9999 -9999 -9999 -9999 -9999 -9999 -9999 -9999 -9999 -9999 -9999 -9999 -9999 212 215 215 215 215 215 213 213 211 211 211 209 209 209 206 206 203 203 203 199 199 196 196 196 197 197 197 197 197 197 197 197 197 197 197 195 195 194 194 194 192 192 188 188 188 185 185 185 183 183 181 181 181 179 179 177 177 177 177 177 177 175 175 174 174 174 173 173 173 171 171 171 171 171 169 169 166
-9999 -9999 -9999 -9999 -9999 -9999 -9999 -9999 -9999 -9999 -9999 -9999 -9999 -9999 205 209 209 210 210 210 211 211 210 210 210 209 209 209 208 208 206 206 206 204 204 200 200 200 200 200 200 198 198 197 197 197 195 195 195 192 192 191 191 191 189 189 186 186 186 185 185 185 183 183 181 181 181 179 179 176 176 176 176 176 176 175 175 173 173 173 173 173 173 171 171 171 171 171 170 170 168
-9999 -9999 -9999 -9999 -9999 -9999 -9999 -9999 -9999 -9999 -9999 -9999 -9999 -9999 -9999 -9999 209 210 210 210 211 211 210 210 210 209 209 209 208 208 206 206 206 204 204 200 200 200 200 200 200 198 198 197 197 197 195 195 195 192 192 191 191 191 189 189 186 186 186 185 185 185 183 183 181 181 181 179 179 176 176 176 176 176 176 175 175 173 173 173 173 173 173 171 171 171 171 171 170 170 168
-9999 -9999 -9999 -9999 -9999 -9999 -9999 -9999 -9999 -9999 -9999 -9999 -9999 -9999 -9999 -9999 209 210 210 210 211 211 210 210 210 209 209 209 208 208 206 206 206 204 204 200 200 200 200 200 200 198 198 197 197 197 195 195 195 192 192 191 191 191 189 189 186 186 186 185 185 185 183 183 181 181 181 179 179 176 176 176 176 176 176 175 175 173 173 173 173 173 173 171 171 171 171 171 170 170 168
-9999 -9999 -9999 -9999 -9999 -9999 -9999 -9999 -9999 -9999 -9999 -9999 -9999 -9999 -9999 -9999 204 207 207 207 209 209 210 210 210 209 209 209 209 209 208 208 208 206 206 203 203 203 201 201 201 199 199 196 196 196 192 192 192 189 189 188 188 188 187 187 185 185 185 184 184 184 183 183 181 181 181 179 179 176 176 176 175 175 175 174 174 173 173 173 172 172 172 171 171 171 171 171 170 170 168
-9999 -9999 -9999 -9999 -9999 -9999 -9999 -9999 -9999 -9999 -9999 -9999 -9999 -9999 -9999 204 204 207 207 207 209 209 210 210 210 209 209 209 209 209 208 208 208 206 206 203 203 203 201 201 201 199 199 196 196 196 192 192 192 189 189 188 188 188 187 187 185 185 185 184 184 184 183 183 181 181 181 179 179 176 176 176 175 175 175 174 174 173 173 173 172 172 172 171 171 171 171 171 170 170 168
-9999 -9999 -9999 -9999 -9999 -9999 -9999 -9999 -9999 -9999 -9999 -9999 -9999 -9999 203 204 204 207 207 207 209 209 210 210 210 210 210 210 210 210 210 210 210 208 208 204 204 204 201 201 201 197 197 192 192 192 189 189 189 187 187 186 186 186 185 185 184 184 184 184 184 184 182 182 180 180 180 178 178 176 176 176 175 175 175 173 173 173 173 173 172 172 172 170 170 171 171 171 170 170 168
-9999 -9999 -9999 -9999 -9999 -9999 -9999 -9999 -9999 -9999 -9999 -9999 203 203 203 204 204 207 207 207 209 209 210 210 210 210 210 210 210 210 210 210 210 208 208 204 204 204 201 201 201 197 197 192 192 192 189 189 189 187 187 186 186 186 185 185 184 184 184 184 184 184 182 182 180 180 180 178 178 176 176 176 175 175 175 173 173 173 173 173 172 172 172 170 170 171 171 171 170 170 168
-9999 -9999 -9999 -9999 -9999 -9999 -9999 -9999 -9999 204 204 204 203 203 203 204 204 207 207 207 209 209 210 210 210 210 210 210 210 210 210 210 210 208 208 204 204 204 201 201 201 197 197 192 192 192 189 189 189 187 187 186 186 186 185 185 184 184 184 184 184 184 182 182 180 180 180 178 178 176 176 176 175 175 175 173 173 173 173 173 172 172 172 170 170 171 171 171 170 170 168
-9999 -9999 -9999 -9999 -9999 -9999 -9999 211 211 210 210 210 208 208 208 208 208 208 208 208 209 209 209 209 209 210 210 210 210 210 213 213 213 211 211 206 206 206 200 200 200 195 195 192 192 192 190 190 190 189 189 188 188 188 186 186 185 185 185 185 185 185 184 184 182 182 182 180 180 178 178 178 177 177 177 175 175 174 174 174 173 173 173 171 171 171 171 171 171 171 169
216 214 214 214 213 213 213 211 211 210 210 210 208 208 208 208 208 208 208 208 209 209 209 209 209 210 210 210 210 210 213 213 213 211 211 206 206 206 200 200 200 195 195 192 192 192 190 190 190 189 189 188 188 188 186 186 185 185 185 185 185 185 184 184 182 182 182 180 180 178 178 178 177 177 177 175 175 174 174 174 173 173 173 171 171 171 171 171 171 171 169
218 216 216 216 215 215 215 214 214 214 214 214 213 213 213 211 211 210 210 210 209 209 209 209 209 209 209 209 208 208 207 207 207 203 203 197 197 197 192 192 192 189 189 187 187 187 186 186 186 185 185 184 184 184 183 183 182 182 182 183 183 183 182 182 181 181 181 179 179 177 177 177 176 176 176 175 175 174 174 174 173 173 173 171 171 171 171 171 170 170 168
218 216 216 216 215 215 215 214 214 214 214 214 213 213 213 211 211 210 210 210 209 209 209 209 209 209 209 209 208 208 207 207 207 203 203 197 197 197 192 192 192 189 189 187 187 187 186 186 186 185 185 184 184 184 183 183 182 182 182 183 183 183 182 182 181 181 181 179 179 177 177 177 176 176 176 175 175 174 174 174 173 173 173 171 171 171 171 171 170 170 168
218 216 216 216 215 215 215 214 214 214 214 214 213 213 213 211 211 210 210 210 209 209 209 209 209 209 209 209 208 208 207 207 207 203 203 197 197 197 192 192 192 189 189 187 187 187 186 186 186 185 185 184 184 184 183 183 182 182 182 183 183 183 182 182 181 181 181 179 179 177 177 177 176 176 176 175 175 174 174 174 173 173 173 171 171 171 171 171 170 170 168
219 217 217 217 216 216 216 215 215 214 214 214 214 214 214 212 212 210 210 210 208 208 207 207 207 207 207 207 204 204 199 199 199 194 194 190 190 190 189 189 189 187 187 186 186 186 184 184 184 183 183 182 182 182 182 182 181 181 181 182 182 182 183 183 183 183 183 181 181 178 178 178 177 177 177 175 175 174 174 174 173 173 173 171 171 171 171 171 170 170 168
219 217 217 217 216 216 216 215 215 214 214 214 214 214 214 212 212 210 210 210 208 208 207 207 207 207 207 207 204 204 199 199 199 194 194 190 190 190 189 189 189 187 187 186 186 186 184 184 184 183 183 182 182 182 182 182 181 181 181 182 182 182 183 183 183 183 183 181 181 178 178 178 177 177 177 175 175 174 174 174 173 173 173 171 171 171 171 171 170 170 168
219 217 217 217 216 216 216 215 215 214 214 214 214 214 214 212 212 210 210 210 208 208 207 207 207 207 207 207 204 204 199 199 199 194 194 190 190 190 189 189 189 187 187 186 186 186 184 184 184 183 183 182 182 182 182 182 181 181 181 182 182 182 183 183 183 183 183 181 181 178 178 178 177 177 177 175 175 174 174 174 173 173 173 171 171 171 171 171 170 170 168
219 216 216 216 214 214 214 212 212 211 211 211 208 208 208 205 205 202 202 202 198 198 196 196 196 196 196 196 193 193 191 191 191 189 189 188 188 188 187 187 187 186 186 184 184 184 183 183 183 181 181 181 181 181 180 180 179 179 179 181 181 181 182 182 183 183 183 182 182 179 179 179 177 177 177 175 175 172 172 172 170 170 170 169 169 169 169 169 169 169 168
219 216 216 216 214 214 214 212 212 211 211 211 208 208 208 205 205 202 202 202 198 198 196 196 196 196 196 196 193 193 191 191 191 189 189 188 188 188 187 187 187 186 186 184 184 184 183 183 183 181 181 181 181 181 180 180 179 179 179 181 181 181 182 182 183 183 183 182 182 179 179 179 177 177 177 175 175 172 172 172 170 170 170 169 169 169 169 169 169 169 168
213 208 208 208 206 206 206 202 202 199 199 199 197 197 197 192 192 190 190 190 187 187 183 183 183 182 182 182 181 181 182 182 182 183 183 184 184 184 184 184 184 184 184 183 183 183 182 182 182 180 180 179 179 179 177 177 176 176 176 176 176 176 178 178 179 179 179 180 180 178 178 178 177 177 177 174 174 170 170 170 166 166 166 164 164 164 164 164 163 163 163
213 208 208 208 206 206 206 202 202 199 199 199 197 197 197 192 192 190 190 190 187 187 183 183 183 182 182 182 181 181 182 182 182 183 183 184 184 184 184 184 184 184 184 183 183 183 182 182 182 180 180 179 179 179 177 177 176 176 176 176 176 176 178 178 179 179 179 180 180 178 178 178 177 177 177 174 174 170 170 170 166 166 166 164 164 164 164 164 163 163 163
213 208 208 208 206 206 206 202 202 199 199 199 197 197 197 192 192 190 190 190 187 187 183 183 183 182 182 182 181 181 182 182 182 183 183 184 184 184 184 184 184 184 184 183 183 183 182 182 182 180 180 179 179 179 177 177 176 176 176 176 176 176 178 178 179 179 179 180 180 178 178 178 177 177 177 174 174 170 170 170 166 166 166 164 164 164 164 164 163 163 163
201 195 195 195 192 192 192 186 186 184 184 184 185 185 185 183 183 185 185 185 183 183 179 179 179 177 177 177 176 176 178 178 178 180 180 181 181 181 182 182 182 183 183 183 183 183 182 182 182 180 180 179 179 179 177 177 175 175 175 174 174 174 174 174 176 176 176 178 178 177 177 177 177 177 177 174 174 171 171 171 167 167 167 163 163 161 161 161 159 159 157
