SEB_model/sample_data_files/historical/hillshade/octnoon.txt
ncols         559
nrows         351
xllcorner     388608.08691406
yllcorner     7584381.3441773
cellsize      5
NODATA_value  -9999
[rows 260 to 311 of 351, columns 96 to 191 of 559]
81 81 81 78 78 78 75 75 74 74 74 79 79 79 79 79 76 76 76 70 70 64 64 64 57 57 57 49 49 44 44 44 42 42 42 41 41 40 40 40 39 39 41 41 41 43 43 43 46 46 50 50 50 57 57 63 63 63 60 60 60 39 39 0 0 0 0 0 0 0 0 0 0 0 0 0 0 0 0 0 0 0 0 0 0 0 0 0 0 0 0 0 0 0 0 0
81 81 81 78 78 78 75 75 74 74 74 79 79 79 79 79 76 76 76 70 70 64 64 64 57 57 57 49 49 44 44 44 42 42 42 41 41 40 40 40 39 39 41 41 41 43 43 43 46 46 50 50 50 57 57 63 63 63 60 60 60 39 39 0 0 0 0 0 0 0 0 0 0 0 0 0 0 0 0 0 0 0 0 0 0 0 0 0 0 0 0 0 0 0 0 0
62 61 61 70 70 70 79 79 79 79 79 79 79 79 75 75 68 68 68 58 58 49 49 49 44 44 44 41 41 40 40 40 40 40 40 41 41 41 41 41 41 41 44 44 44 47 47 47 51 51 56 56 56 60 60 62 62 62 58 58 58 0 0 0 0 0 0 0 0 0 0 0 0 0 0 0 0 0 0 0 0 0 0 0 0 0 0 0 0 0 0 0 0 0 0 0
62 61 61 70 70 70 79 79 79 79 79 79 79 79 75 75 68 68 68 58 58 49 49 49 44 44 44 41 41 40 40 40 40 40 40 41 41 41 41 41 41 41 44 44 44 47 47 47 51 51 56 56 56 60 60 62 62 62 58 58 58 0 0 0 0 0 0 0 0 0 0 0 0 0 0 0 0 0 0 0 0 0 0 0 0 0 0 0 0 0 0 0 0 0 0 0
62 61 61 70 70 70 79 79 79 79 79 79 79 79 75 75 68 68 68 58 58 49 49 49 44 44 44 41 41 40 40 40 40 40 40 41 41 41 41 41 41 41 44 44 44 47 47 47 51 51 56 56 56 60 60 62 62 62 58 58 58 0 0 0 0 0 0 0 0 0 0 0 0 0 0 0 0 0 0 0 0 0 0 0 0 0 0 0 0 0 0 0 0 0 0 0
52 58 58 70 70 70 81 81 78 78 78 73 73 73 65 65 57 57 57 49 49 43 43 43 40 40 40 38 38 36 36 36 37 37 37 39 39 41 41 41 42 42 45 45 45 49 49 49 52 52 58 58 58 60 60 58 58 58 0 0 0 0 0 0 0 0 0 0 0 0 0 0 0 0 0 0 0 0 0 0 0 0 0 0 0 0 0 0 0 0 0 0 0 0 0 0
52 58 58 70 70 70 81 81 78 78 78 73 73 73 65 65 57 57 57 49 49 43 43 43 40 40 40 38 38 36 36 36 37 37 37 39 39 41 41 41 42 42 45 45 45 49 49 49 52 52 58 58 58 60 60 58 58 58 0 0 0 0 0 0 0 0 0 0 0 0 0 0 0 0 0 0 0 0 0 0 0 0 0 0 0 0 0 0 0 0 0 0 0 0 0 0
47 62 62 72 72 72 75 75 70 70 70 63 63 63 56 56 51 51 51 48 48 42 42 42 39 39 39 34 34 30 30 30 29 29 29 32 32 37 37 37 40 40 44 44 44 46 46 46 47 47 47 47 47 42 42 0 0 0 0 0 0 0 0 0 0 0 0 0 0 0 0 0 0 0 0 0 0 0 0 0 0 0 0 0 0 0 0 0 0 0 0 0 0 0 0 0
47 62 62 72 72 72 75 75 70 70 70 63 63 63 56 56 51 51 51 48 48 42 42 42 39 39 39 34 34 30 30 30 29 29 29 32 32 37 37 37 40 40 44 44 44 46 46 46 47 47 47 47 47 42 42 0 0 0 0 0 0 0 0 0 0 0 0 0 0 0 0 0 0 0 0 0 0 0 0 0 0 0 0 0 0 0 0 0 0 0 0 0 0 0 0 0
47 62 62 72 72 72 75 75 70 70 70 63 63 63 56 56 51 51 51 48 48 42 42 42 39 39 39 34 34 30 30 30 29 29 29 32 32 37 37 37 40 40 44 44 44 46 46 46 47 47 47 47 47 42 42 0 0 0 0 0 0 0 0 0 0 0 0 0 0 0 0 0 0 0 0 0 0 0 0 0 0 0 0 0 0 0 0 0 0 0 0 0 0 0 0 0
45 62 62 69 69 69 66 66 61 61 61 58 58 58 56 56 53 53 53 49 49 42 42 42 36 36 36 31 31 26 26 26 23 23 23 23 23 29 29 29 36 36 42 42 42 44 44 44 39 39 30 30 30 0 0 0 0 0 0 0 0 0 0 0 0 0 0 0 0 0 0 0 0 0 0 0 0 0 0 0 0 0 0 0 0 0 0 0 0 0 0 0 0 0 0 0
45 62 62 69 69 69 66 66 61 61 61 58 58 58 56 56 53 53 53 49 49 42 42 42 36 36 36 31 31 26 26 26 23 23 23 23 23 29 29 29 36 36 42 42 42 44 44 44 39 39 30 30 30 0 0 0 0 0 0 0 0 0 0 0 0 0 0 0 0 0 0 0 0 0 0 0 0 0 0 0 0 0 0 0 0 0 0 0 0 0 0 0 0 0 0 0
43 56 56 60 60 60 57 57 54 54 54 55 55 55 57 57 55 55 55 50 50 43 43 43 37 37 37 32 32 28 28 28 25 25 25 24 24 30 30 30 39 39 43 43 43 40 40 40 30 30 18 18 18 0 0 0 0 0 0 0 0 0 0 0 0 0 0 0 0 0 0 0 0 0 0 0 0 0 0 0 0 0 0 0 0 0 0 0 0 0 0 0 0 0 0 0
43 56 56 60 60 60 57 57 54 54 54 55 55 55 57 57 55 55 55 50 50 43 43 43 37 37 37 32 32 28 28 28 25 25 25 24 24 30 30 30 39 39 43 43 43 40 40 40 30 30 18 18 18 0 0 0 0 0 0 0 0 0 0 0 0 0 0 0 0 0 0 0 0 0 0 0 0 0 0 0 0 0 0 0 0 0 0 0 0 0 0 0 0 0 0 0
43 56 56 60 60 60 57 57 54 54 54 55 55 55 57 57 55 55 55 50 50 43 43 43 37 37 37 32 32 28 28 28 25 25 25 24 24 30 30 30 39 39 43 43 43 40 40 40 30 30 18 18 18 0 0 0 0 0 0 0 0 0 0 0 0 0 0 0 0 0 0 0 0 0 0 0 0 0 0 0 0 0 0 0 0 0 0 0 0 0 0 0 0 0 0 0
41 48 48 54 54 54 56 56 56 56 56 57 57 57 57 57 54 54 54 48 48 41 41 41 36 36 36 32 32 28 28 28 25 25 25 27 27 33 33 33 36 36 34 34 34 26 26 26 17 17 0 0 0 0 0 0 0 0 0 0 0 0 0 0 0 0 0 0 0 0 0 0 0 0 0 0 0 0 0 0 0 0 0 0 0 0 0 0 0 0 0 0 0 0 0 0
41 48 48 54 54 54 56 56 56 56 56 57 57 57 57 57 54 54 54 48 48 41 41 41 36 36 36 32 32 28 28 28 25 25 25 27 27 33 33 33 36 36 34 34 34 26 26 26 17 17 0 0 0 0 0 0 0 0 0 0 0 0 0 0 0 0 0 0 0 0 0 0 0 0 0 0 0 0 0 0 0 0 0 0 0 0 0 0 0 0 0 0 0 0 0 0
41 48 48 54 54 54 56 56 56 56 56 57 57 57 57 57 54 54 54 48 48 41 41 41 36 36 36 32 32 28 28 28 25 25 25 27 27 33 33 33 36 36 34 34 34 26 26 26 17 17 0 0 0 0 0 0 0 0 0 0 0 0 0 0 0 0 0 0 0 0 0 0 0 0 0 0 0 0 0 0 0 0 0 0 0 0 0 0 0 0 0 0 0 0 0 0
40 43 43 52 52 52 57 57 57 57 57 56 56 56 54 54 50 50 50 43 43 38 38 38 34 34 34 30 30 25 25 25 24 24 24 28 28 32 32 32 27 27 16 16 16 7 7 7 2 2 0 0 0 0 0 3 3 3 0 0 0 0 0 0 0 0 0 0 0 0 0 0 0 0 0 0 0 0 0 0 0 0 0 0 0 0 0 0 0 0 0 0 0 0 0 0
40 43 43 52 52 52 57 57 57 57 57 56 56 56 54 54 50 50 50 43 43 38 38 38 34 34 34 30 30 25 25 25 24 24 24 28 28 32 32 32 27 27 16 16 16 7 7 7 2 2 0 0 0 0 0 3 3 3 0 0 0 0 0 0 0 0 0 0 0 0 0 0 0 0 0 0 0 0 0 0 0 0 0 0 0 0 0 0 0 0 0 0 0 0 0 0
43 43 43 50 50 50 53 53 52 52 52 49 49 49 48 48 45 45 45 41 41 38 38 38 35 35 35 30 30 28 28 28 28 28 28 30 30 29 29 29 20 20 8 8 8 2 2 2 2 2 5 5 5 13 13 23 23 23 0 0 0 0 0 0 0 0 0 0 0 0 0 0 0 0 0 0 0 0 0 0 0 0 0 0 0 0 0 0 0 0 0 0 0 0 0 0
43 43 43 50 50 50 53 53 52 52 52 49 49 49 48 48 45 45 45 41 41 38 38 38 35 35 35 30 30 28 28 28 28 28 28 30 30 29 29 29 20 20 8 8 8 2 2 2 2 2 5 5 5 13 13 23 23 23 0 0 0 0 0 0 0 0 0 0 0 0 0 0 0 0 0 0 0 0 0 0 0 0 0 0 0 0 0 0 0 0 0 0 0 0 0 0
43 43 43 50 50 50 53 53 52 52 52 49 49 49 48 48 45 45 45 41 41 38 38 38 35 35 35 30 30 28 28 28 28 28 28 30 30 29 29 29 20 20 8 8 8 2 2 2 2 2 5 5 5 13 13 23 23 23 0 0 0 0 0 0 0 0 0 0 0 0 0 0 0 0 0 0 0 0 0 0 0 0 0 0 0 0 0 0 0 0 0 0 0 0 0 0
48 46 46 50 50 50 51 51 49 49 49 46 46 46 44 44 43 43 43 39 39 35 35 35 32 32 32 31 31 34 34 34 36 36 36 32 32 24 24 24 15 15 9 9 9 6 6 6 6 6 11 11 11 19 19 0 0 0 0 0 0 0 0 0 0 0 0 0 0 0 0 0 0 0 0 0 0 0 0 0 0 0 0 0 0 0 0 0 0 0 0 0 0 0 0 0
48 46 46 50 50 50 51 51 49 49 49 46 46 46 44 44 43 43 43 39 39 35 35 35 32 32 32 31 31 34 34 34 36 36 36 32 32 24 24 24 15 15 9 9 9 6 6 6 6 6 11 11 11 19 19 0 0 0 0 0 0 0 0 0 0 0 0 0 0 0 0 0 0 0 0 0 0 0 0 0 0 0 0 0 0 0 0 0 0 0 0 0 0 0 0 0
48 46 46 50 50 50 51 51 49 49 49 46 46 46 44 44 43 43 43 39 39 35 35 35 32 32 32 31 31 34 34 34 36 36 36 32 32 24 24 24 15 15 9 9 9 6 6 6 6 6 11 11 11 19 19 0 0 0 0 0 0 0 0 0 0 0 0 0 0 0 0 0 0 0 0 0 0 0 0 0 0 0 0 0 0 0 0 0 0 0 0 0 0 0 0 0
47 44 44 47 47 47 48 48 48 48 48 45 45 45 42 42 39 39 39 34 34 31 31 31 32 32 32 36 36 43 43 43 43 43 43 35 35 23 23 23 15 15 12 12 12 10 10 10 8 8 10 10 10 13 13 0 0 0 0 0 0 0 0 0 0 0 0 0 0 0 0 0 0 0 0 0 0 0 0 0 0 0 0 0 0 0 0 0 0 0 0 0 0 0 0 0
47 44 44 47 47 47 48 48 48 48 48 45 45 45 42 42 39 39 39 34 34 31 31 31 32 32 32 36 36 43 43 43 43 43 43 35 35 23 23 23 15 15 12 12 12 10 10 10 8 8 10 10 10 13 13 0 0 0 0 0 0 0 0 0 0 0 0 0 0 0 0 0 0 0 0 0 0 0 0 0 0 0 0 0 0 0 0 0 0 0 0 0 0 0 0 0
47 44 44 46 46 46 48 48 48 48 48 46 46 46 42 42 39 39 39 35 35 35 35 35 39 39 39 45 45 49 49 49 45 45 45 34 34 22 22 22 15 15 13 13 13 13 13 13 12 12 11 11 11 11 11 0 0 0 0 0 0 0 0 0 0 0 0 0 0 0 0 0 0 0 0 0 0 0 0 0 0 0 0 0 0 0 0 0 0 0 0 0 0 0 0 0
47 44 44 46 46 46 48 48 48 48 48 46 46 46 42 42 39 39 39 35 35 35 35 35 39 39 39 45 45 49 49 49 45 45 45 34 34 22 22 22 15 15 13 13 13 13 13 13 12 12 11 11 11 11 11 0 0 0 0 0 0 0 0 0 0 0 0 0 0 0 0 0 0 0 0 0 0 0 0 0 0 0 0 0 0 0 0 0 0 0 0 0 0 0 0 0
47 44 44 46 46 46 48 48 48 48 48 46 46 46 42 42 39 39 39 35 35 35 35 35 39 39 39 45 45 49 49 49 45 45 45 34 34 22 22 22 15 15 13 13 13 13 13 13 12 12 11 11 11 11 11 0 0 0 0 0 0 0 0 0 0 0 0 0 0 0 0 0 0 0 0 0 0 0 0 0 0 0 0 0 0 0 0 0 0 0 0 0 0 0 0 0
54 48 48 46 46 46 45 45 44 44 44 43 43 43 42 42 42 42 42 42 42 45 45 45 49 49 49 51 51 49 49 49 39 39 39 27 27 19 19 19 18 18 19 19 19 20 20 20 16 16 12 12 12 8 8 0 0 0 0 0 0 0 0 0 0 0 0 0 0 0 0 0 0 0 0 0 0 0 0 0 0 0 0 0 0 0 0 0 0 0 0 0 0 0 0 0
54 48 48 46 46 46 45 45 44 44 44 43 43 43 42 42 42 42 42 42 42 45 45 45 49 49 49 51 51 49 49 49 39 39 39 27 27 19 19 19 18 18 19 19 19 20 20 20 16 16 12 12 12 8 8 0 0 0 0 0 0 0 0 0 0 0 0 0 0 0 0 0 0 0 0 0 0 0 0 0 0 0 0 0 0 0 0 0 0 0 0 0 0 0 0 0
58 50 50 45 45 45 41 41 39 39 39 39 39 39 41 41 45 45 45 48 48 51 51 51 53 53 53 51 51 44 44 44 35 35 35 26 26 24 24 24 25 25 28 28 28 28 28 28 24 24 19 19 19 13 13 0 0 0 0 0 0 0 0 0 0 0 0 0 0 0 0 0 0 0 0 0 0 0 0 0 0 0 0 0 0 0 0 0 0 0 0 0 0 0 0 0
58 50 50 45 45 45 41 41 39 39 39 39 39 39 41 41 45 45 45 48 48 51 51 51 53 53 53 51 51 44 44 44 35 35 35 26 26 24 24 24 25 25 28 28 28 28 28 28 24 24 19 19 19 13 13 0 0 0 0 0 0 0 0 0 0 0 0 0 0 0 0 0 0 0 0 0 0 0 0 0 0 0 0 0 0 0 0 0 0 0 0 0 0 0 0 0
58 50 50 45 45 45 41 41 39 39 39 39 39 39 41 41 45 45 45 48 48 51 51 51 53 53 53 51 51 44 44 44 35 35 35 26 26 24 24 24 25 25 28 28 28 28 28 28 24 24 19 19 19 13 13 0 0 0 0 0 0 0 0 0 0 0 0 0 0 0 0 0 0 0 0 0 0 0 0 0 0 0 0 0 0 0 0 0 0 0 0 0 0 0 0 0
54 45 45 41 41 41 38 38 35 35 35 35 35 35 39 39 46 46 46 49 49 48 48 48 46 46 46 40 40 33 33 33 28 28 28 23 23 23 23 23 26 26 29 29 29 29 29 29 27 27 22 22 22 15 15 0 0 0 0 0 0 0 0 0 0 0 0 0 0 0 0 0 0 0 0 0 0 0 0 0 0 0 0 0 0 0 0 0 0 0 0 0 0 0 0 0
54 45 45 41 41 41 38 38 35 35 35 35 35 35 39 39 46 46 46 49 49 48 48 48 46 46 46 40 40 33 33 33 28 28 28 23 23 23 23 23 26 26 29 29 29 29 29 29 27 27 22 22 22 15 15 0 0 0 0 0 0 0 0 0 0 0 0 0 0 0 0 0 0 0 0 0 0 0 0 0 0 0 0 0 0 0 0 0 0 0 0 0 0 0 0 0
54 45 45 41 41 41 38 38 35 35 35 35 35 35 39 39 46 46 46 49 49 48 48 48 46 46 46 40 40 33 33 33 28 28 28 23 23 23 23 23 26 26 29 29 29 29 29 29 27 27 22 22 22 15 15 0 0 0 0 0 0 0 0 0 0 0 0 0 0 0 0 0 0 0 0 0 0 0 0 0 0 0 0 0 0 0 0 0 0 0 0 0 0 0 0 0
45 41 41 39 39 39 35 35 29 29 29 25 25 25 28 28 36 36 36 42 42 41 41 41 35 35 35 25 25 19 19 19 20 20 20 21 21 23 23 23 27 27 30 30 30 29 29 29 27 27 22 22 22 0 0 0 0 0 0 0 0 0 0 0 0 0 0 0 0 0 0 0 0 0 0 0 0 0 0 0 0 0 0 0 0 0 0 0 0 0 0 0 0 0 0 0
45 41 41 39 39 39 35 35 29 29 29 25 25 25 28 28 36 36 36 42 42 41 41 41 35 35 35 25 25 19 19 19 20 20 20 21 21 23 23 23 27 27 30 30 30 29 29 29 27 27 22 22 22 0 0 0 0 0 0 0 0 0 0 0 0 0 0 0 0 0 0 0 0 0 0 0 0 0 0 0 0 0 0 0 0 0 0 0 0 0 0 0 0 0 0 0
45 44 44 43 43 43 39 39 32 32 32 26 26 26 24 24 28 28 28 33 33 31 31 31 23 23 23 15 15 12 12 12 16 16 16 21 21 24 24 24 28 28 29 29 29 28 28 28 25 25 20 20 20 0 0 0 0 0 0 0 0 0 0 0 0 0 0 0 0 0 0 0 0 0 0 0 0 0 0 0 0 0 0 0 0 0 0 0 0 0 0 0 0 0 0 0
45 44 44 43 43 43 39 39 32 32 32 26 26 26 24 24 28 28 28 33 33 31 31 31 23 23 23 15 15 12 12 12 16 16 16 21 21 24 24 24 28 28 29 29 29 28 28 28 25 25 20 20 20 0 0 0 0 0 0 0 0 0 0 0 0 0 0 0 0 0 0 0 0 0 0 0 0 0 0 0 0 0 0 0 0 0 0 0 0 0 0 0 0 0 0 0
45 44 44 43 43 43 39 39 32 32 32 26 26 26 24 24 28 28 28 33 33 31 31 31 23 23 23 15 15 12 12 12 16 16 16 21 21 24 24 24 28 28 29 29 29 28 28 28 25 25 20 20 20 0 0 0 0 0 0 0 0 0 0 0 0 0 0 0 0 0 0 0 0 0 0 0 0 0 0 0 0 0 0 0 0 0 0 0 0 0 0 0 0 0 0 0
52 54 54 56 56 56 55 55 50 50 50 45 45 45 37 37 31 31 31 26 26 20 20 20 16 16 16 13 13 11 11 11 14 14 14 21 21 28 28 28 31 31 29 29 29 24 24 24 21 21 19 19 19 0 0 0 0 0 0 0 0 0 0 0 0 0 0 0 0 0 0 0 0 0 0 0 0 0 0 0 0 0 0 0 0 0 0 0 0 0 0 0 0 0 0 0
52 54 54 56 56 56 55 55 50 50 50 45 45 45 37 37 31 31 31 26 26 20 20 20 16 16 16 13 13 11 11 11 14 14 14 21 21 28 28 28 31 31 29 29 29 24 24 24 21 21 19 19 19 0 0 0 0 0 0 0 0 0 0 0 0 0 0 0 0 0 0 0 0 0 0 0 0 0 0 0 0 0 0 0 0 0 0 0 0 0 0 0 0 0 0 0
63 66 66 71 71 71 73 73 72 72 72 69 69 69 60 60 46 46 46 32 32 22 22 22 20 20 20 21 21 23 23 23 24 24 24 29 29 37 37 37 38 38 31 31 31 25 25 25 23 23 25 25 25 0 0 0 0 0 0 0 0 0 0 0 0 0 0 0 0 0 0 0 0 0 0 0 0 0 0 0 0 0 0 0 0 0 0 0 0 0 0 0 0 0 0 0
63 66 66 71 71 71 73 73 72 72 72 69 69 69 60 60 46 46 46 32 32 22 22 22 20 20 20 21 21 23 23 23 24 24 24 29 29 37 37 37 38 38 31 31 31 25 25 25 23 23 25 25 25 0 0 0 0 0 0 0 0 0 0 0 0 0 0 0 0 0 0 0 0 0 0 0 0 0 0 0 0 0 0 0 0 0 0 0 0 0 0 0 0 0 0 0
63 66 66 71 71 71 73 73 72 72 72 69 69 69 60 60 46 46 46 32 32 22 22 22 20 20 20 21 21 23 23 23 24 24 24 29 29 37 37 37 38 38 31 31 31 25 25 25 23 23 25 25 25 0 0 0 0 0 0 0 0 0 0 0 0 0 0 0 0 0 0 0 0 0 0 0 0 0 0 0 0 0 0 0 0 0 0 0 0 0 0 0 0 0 0 0
88 86 86 86 86 86 86 86 86 86 86 84 84 84 77 77 63 63 63 46 46 35 35 35 33 33 33 33 33 33 33 33 35 35 35 39 39 39 39 39 35 35 31 31 31 28 28 28 28 28 32 32 32 0 0 0 0 0 0 0 0 0 0 0 0 0 0 0 0 0 0 0 0 0 0 0 0 0 0 0 0 0 0 0 0 0 0 0 0 0 0 0 0 0 0 0
88 86 86 86 86 86 86 86 86 86 86 84 84 84 77 77 63 63 63 46 46 35 35 35 33 33 33 33 33 33 33 33 35 35 35 39 39 39 39 39 35 35 31 31 31 28 28 28 28 28 32 32 32 0 0 0 0 0 0 0 0 0 0 0 0 0 0 0 0 0 0 0 0 0 0 0 0 0 0 0 0 0 0 0 0 0 0 0 0 0 0 0 0 0 0 0
88 86 86 86 86 86 86 86 86 86 86 84 84 84 77 77 63 63 63 46 46 35 35 35 33 33 33 33 33 33 33 33 35 35 35 39 39 39 39 39 35 35 31 31 31 28 28 28 28 28 32 32 32 0 0 0 0 0 0 0 0 0 0 0 0 0 0 0 0 0 0 0 0 0 0 0 0 0 0 0 0 0 0 0 0 0 0 0 0 0 0 0 0 0 0 0
