SEB_model/sample_data_files/historical/hillshade/octnoon.txt
ncols         559
nrows         351
xllcorner     388608.08691406
yllcorner     7584381.3441773
cellsize      5
NODATA_value  -9999
[rows 208 to 259 of 351, columns 96 to 191 of 559]
-9999 -9999 -9999 -9999 -9999 -9999 -9999 -9999 -9999 -9999 -9999 -9999 -9999 -9999 0 0 0 0 0 0 0 0 -9999 -9999 -9999 -9999 -9999 -9999 -9999 -9999 -9999 -9999 -9999 -9999 -9999 -9999 -9999 -9999 -9999 -9999 -9999 -9999 -9999 -9999 -9999 -9999 -9999 -9999 -9999 -9999 -9999 -9999 -9999 -9999 -9999 -9999 -9999 -9999 -9999 -9999 -9999 -9999 -9999 -9999 -9999 -9999 -9999 0 0 0 0 -9999 0 0 0 0 0 0 0 0 -9999 -9999 -9999 -9999 -9999 -9999 -9999 0 -9999 0 0 0 0 0 0 0
-9999 -9999 -9999 -9999 -9999 -9999 -9999 -9999 -9999 -9999 -9999 -9999 -9999 -9999 0 0 0 0 0 0 0 0 -9999 -9999 -9999 -9999 -9999 -9999 -9999 -9999 -9999 -9999 -9999 -9999 -9999 -9999 -9999 -9999 -9999 -9999 -9999 -9999 -9999 -9999 -9999 -9999 -9999 -9999 -9999 -9999 -9999 -9999 -9999 -9999 -9999 -9999 -9999 -9999 -9999 -9999 -9999 -9999 -9999 -9999 -9999 -9999 -9999 0 0 0 0 0 0 0 0 0 0 0 0 0 0 0 0 -9999 -9999 -9999 -9999 -9999 -9999 0 0 0 0 0 0 0
-9999 -9999 -9999 -9999 -9999 -9999 -9999 -9999 -9999 -9999 -9999 -9999 -9999 0 0 0 0 0 0 0 0 0 0 -9999 -9999 -9999 -9999 -9999 -9999 -9999 -9999 -9999 -9999 -9999 -9999 -9999 -9999 -9999 -9999 -9999 -9999 -9999 -9999 -9999 -9999 -9999 -9999 -9999 -9999 -9999 -9999 -9999 -9999 -9999 -9999 -9999 -9999 -9999 -9999 -9999 -9999 -9999 -9999 -9999 -9999 -9999 -9999 -9999 0 0 0 0 0 0 0 0 0 0 0 0 0 0 0 0 0 -9999 -9999 -9999 -9999 0 0 0 0 0 0 0
-9999 -9999 -9999 -9999 -9999 -9999 -9999 -9999 -9999 -9999 -9999 -9999 -9999 0 0 0 0 0 0 0 0 0 0 -9999 -9999 -9999 -9999 -9999 -9999 -9999 -9999 -9999 -9999 -9999 -9999 -9999 -9999 -9999 -9999 -9999 -9999 -9999 -9999 -9999 -9999 -9999 -9999 -9999 -9999 -9999 -9999 -9999 -9999 -9999 -9999 -9999 -9999 -9999 -9999 -9999 -9999 -9999 -9999 -9999 -9999 -9999 -9999 -9999 0 0 0 0 0 0 0 0 0 0 0 0 0 0 0 0 0 0 0 0 0 0 0 0 0 0 0 0
-9999 -9999 -9999 -9999 -9999 -9999 -9999 -9999 -9999 -9999 -9999 -9999 0 0 0 0 0 0 0 0 0 0 0 -9999 -9999 -9999 -9999 -9999 -9999 -9999 -9999 -9999 -9999 -9999 -9999 -9999 -9999 -9999 -9999 -9999 -9999 -9999 -9999 -9999 -9999 -9999 -9999 -9999 -9999 -9999 -9999 -9999 -9999 -9999 -9999 -9999 -9999 -9999 -9999 -9999 -9999 -9999 -9999 -9999 0 0 0 0 0 0 0 0 0 0 0 0 0 0 0 0 0 0 0 0 0 0 0 0 0 0 0 0 0 0 0 0
-9999 -9999 -9999 -9999 -9999 -9999 -9999 -9999 -9999 0 0 0 0 0 0 0 0 0 0 0 0 0 0 -9999 -9999 -9999 -9999 -9999 -9999 -9999 -9999 -9999 -9999 -9999 -9999 -9999 -9999 -9999 -9999 -9999 -9999 -9999 -9999 -9999 -9999 -9999 -9999 -9999 -9999 -9999 -9999 -9999 -9999 -9999 -9999 -9999 -9999 -9999 -9999 -9999 -9999 -9999 -9999 0 0 0 0 0 0 0 0 0 0 0 0 0 0 0 0 0 0 0 0 0 0 0 0 0 0 0 0 0 0 0 0 0
-9999 -9999 -9999 0 0 0 0 0 0 0 0 0 0 0 0 0 0 0 0 0 0 0 0 -9999 -9999 -9999 -9999 -9999 -9999 -9999 -9999 -9999 -9999 -9999 -9999 -9999 -9999 -9999 -9999 -9999 -9999 -9999 -9999 -9999 -9999 -9999 -9999 -9999 -9999 -9999 -9999 -9999 -9999 -9999 -9999 -9999 -9999 -9999 -9999 -9999 -9999 -9999 0 0 0 0 0 0 0 0 0 0 0 0 0 0 0 0 0 0 0 0 0 0 0 0 0 0 0 0 0 0 0 0 0 0
0 0 0 0 0 0 0 0 0 0 0 0 0 0 0 0 0 0 0 0 0 0 0 -9999 -9999 -9999 -9999 -9999 -9999 -9999 -9999 -9999 -9999 -9999 -9999 -9999 -9999 -9999 -9999 -9999 -9999 -9999 -9999 -9999 -9999 -9999 -9999 0 0 0 -9999 -9999 -9999 -9999 -9999 -9999 -9999 -9999 -9999 -9999 -9999 -9999 0 0 0 0 0 0 0 0 0 0 0 0 14 14 17 17 17 23 23 23 0 0 0 0 0 0 0 0 0 0 0 0 0 0
0 0 0 0 0 0 0 0 0 0 0 0 0 0 0 0 0 0 0 0 0 0 -9999 -9999 -9999 -9999 -9999 -9999 -9999 -9999 -9999 -9999 -9999 -9999 -9999 -9999 -9999 -9999 -9999 -9999 -9999 -9999 -9999 -9999 -9999 0 0 0 0 0 0 0 -9999 -9999 -9999 -9999 -9999 -9999 -9999 0 0 0 0 0 0 0 0 0 0 0 0 0 0 0 14 14 17 17 17 23 23 23 0 0 0 0 0 0 0 0 0 0 0 0 0 0
0 0 0 0 0 0 0 0 0 0 0 0 0 0 0 0 0 0 0 0 0 0 -9999 -9999 -9999 -9999 -9999 -9999 -9999 -9999 -9999 -9999 -9999 -9999 -9999 -9999 -9999 -9999 -9999 0 0 0 0 0 0 0 0 0 0 0 0 0 0 0 0 0 0 0 0 0 0 0 0 0 0 0 0 0 0 0 0 0 0 0 14 14 17 17 17 23 23 23 0 0 0 0 0 0 0 0 0 0 0 0 0 0
0 0 0 0 0 0 0 0 0 0 0 0 0 0 12 12 7 7 7 2 2 0 -9999 -9999 -9999 -9999 -9999 -9999 -9999 -9999 -9999 -9999 -9999 -9999 -9999 -9999 -9999 -9999 -9999 9 1 1 0 0 0 0 0 0 0 0 0 0 0 0 0 0 0 0 0 0 0 0 0 0 0 0 10 10 10 26 26 25 25 25 25 25 27 27 27 0 0 0 0 0 0 0 0 0 0 0 0 0 0 0 0 0
0 0 0 0 0 0 0 0 0 0 0 0 0 0 12 12 7 7 7 2 2 -9999 -9999 -9999 -9999 -9999 -9999 -9999 -9999 -9999 -9999 -9999 -9999 -9999 -9999 -9999 -9999 -9999 -9999 -9999 1 1 0 0 0 0 0 0 0 0 0 0 0 0 0 0 0 0 0 0 0 0 0 0 0 0 10 10 10 26 26 25 25 25 25 25 27 27 27 0 0 0 0 0 0 0 0 0 0 0 0 0 0 0 0 0
0 8 8 8 8 8 10 10 11 11 11 12 12 12 13 13 13 13 13 -9999 -9999 -9999 -9999 -9999 -9999 -9999 -9999 -9999 -9999 -9999 -9999 -9999 -9999 -9999 -9999 -9999 -9999 -9999 -9999 -9999 0 0 0 0 0 0 0 0 41 41 66 66 66 37 37 0 0 0 0 0 0 0 0 33 33 33 52 52 52 44 44 39 39 39 34 34 33 33 33 0 0 0 0 0 0 0 0 0 0 0 0 0 0 0 0 0
0 8 8 8 8 8 10 10 11 11 11 12 12 12 13 13 13 13 -9999 -9999 -9999 -9999 -9999 -9999 -9999 -9999 -9999 -9999 -9999 -9999 -9999 -9999 -9999 -9999 -9999 -9999 -9999 -9999 -9999 28 0 0 0 0 0 0 0 0 41 41 66 66 66 37 37 0 0 0 0 0 0 0 0 33 33 33 52 52 52 44 44 39 39 39 34 34 33 33 33 0 0 0 0 0 0 0 0 0 0 0 0 0 0 0 0 0
0 8 8 8 8 8 10 10 11 11 11 12 12 12 13 13 13 13 -9999 -9999 -9999 -9999 -9999 -9999 -9999 -9999 -9999 -9999 -9999 -9999 -9999 -9999 -9999 -9999 0 15 15 28 28 28 0 0 0 0 0 0 0 0 41 41 66 66 66 37 37 0 0 0 0 0 0 0 0 33 33 33 52 52 52 44 44 39 39 39 34 34 33 33 33 0 0 0 0 0 0 0 0 0 0 0 0 0 0 0 0 0
0 0 0 9 9 9 11 11 11 11 11 13 13 13 16 16 17 17 17 -9999 -9999 -9999 -9999 -9999 -9999 -9999 -9999 -9999 -9999 -9999 -9999 -9999 -9999 -9999 18 23 23 0 0 0 0 0 59 59 59 68 68 68 67 67 69 69 69 72 72 71 71 71 70 70 70 66 66 63 63 63 62 62 62 58 58 53 53 53 44 44 0 0 0 0 0 0 0 0 0 0 0 0 0 0 0 0 0 0 0 0
0 0 0 9 9 9 11 11 11 11 11 13 13 13 16 16 17 17 17 -9999 -9999 -9999 -9999 -9999 -9999 -9999 -9999 -9999 -9999 -9999 -9999 -9999 -9999 -9999 18 23 23 0 0 0 0 0 59 59 59 68 68 68 67 67 69 69 69 72 72 71 71 71 70 70 70 66 66 63 63 63 62 62 62 58 58 53 53 53 44 44 0 0 0 0 0 0 0 0 0 0 0 0 0 0 0 0 0 0 0 0
0 6 6 16 16 16 15 15 16 16 16 18 18 18 20 20 27 27 27 -9999 -9999 -9999 -9999 -9999 -9999 -9999 -9999 -9999 -9999 -9999 -9999 -9999 -9999 41 41 51 51 36 36 36 35 35 67 67 67 79 79 79 76 76 74 74 74 72 72 69 69 69 67 67 67 65 65 64 64 64 64 64 64 64 64 63 63 63 54 54 0 0 0 0 0 0 0 0 0 0 0 0 0 0 0 0 0 0 0 0
0 6 6 16 16 16 15 15 16 16 16 18 18 18 20 20 27 27 -9999 -9999 -9999 -9999 -9999 -9999 -9999 -9999 -9999 -9999 -9999 -9999 -9999 -9999 -9999 -9999 41 51 51 36 36 36 35 35 67 67 67 79 79 79 76 76 74 74 74 72 72 69 69 69 67 67 67 65 65 64 64 64 64 64 64 64 64 63 63 63 54 54 0 0 0 0 0 0 0 0 0 0 0 0 0 0 0 0 0 0 0 0
0 6 6 16 16 16 15 15 16 16 16 18 18 18 20 20 27 -9999 -9999 -9999 -9999 -9999 -9999 -9999 -9999 -9999 -9999 -9999 -9999 -9999 -9999 -9999 -9999 41 41 51 51 36 36 36 35 35 67 67 67 79 79 79 76 76 74 74 74 72 72 69 69 69 67 67 67 65 65 64 64 64 64 64 64 64 64 63 63 63 54 54 0 0 0 0 0 0 0 0 0 0 0 0 0 0 0 0 0 0 0 0
33 27 27 22 22 22 20 20 19 19 19 20 20 20 21 21 22 -9999 -9999 -9999 -9999 -9999 -9999 -9999 -9999 -9999 -9999 -9999 -9999 -9999 50 50 53 53 53 67 67 88 88 88 92 92 92 92 92 90 90 90 85 85 78 78 78 70 70 63 63 63 63 63 63 63 63 65 65 65 67 67 67 67 67 66 66 66 0 0 0 0 0 0 0 0 0 0 0 0 0 0 0 0 0 0 0 0 0 0
33 27 27 22 22 22 20 20 19 19 19 20 20 20 21 21 22 22 -9999 -9999 -9999 -9999 -9999 -9999 -9999 -9999 -9999 -9999 -9999 50 50 50 53 53 53 67 67 88 88 88 92 92 92 92 92 90 90 90 85 85 78 78 78 70 70 63 63 63 63 63 63 63 63 65 65 65 67 67 67 67 67 66 66 66 0 0 0 0 0 0 0 0 0 0 0 0 0 0 0 0 0 0 0 0 0 0
33 27 27 22 22 22 20 20 19 19 19 20 20 20 21 21 22 22 22 0 -9999 -9999 -9999 -9999 -9999 -9999 18 36 36 50 50 50 53 53 53 67 67 88 88 88 92 92 92 92 92 90 90 90 85 85 78 78 78 70 70 63 63 63 63 63 63 63 63 65 65 65 67 67 67 67 67 66 66 66 0 0 0 0 0 0 0 0 0 0 0 0 0 0 0 0 0 0 0 0 0 0
37 27 27 18 18 18 13 13 0 0 0 0 0 0 0 0 8 8 8 5 5 15 -9999 -9999 36 36 36 56 56 68 68 68 67 67 67 71 71 88 88 88 95 95 94 94 94 87 87 87 76 76 66 66 66 55 55 51 51 51 58 58 58 63 63 66 66 66 68 68 68 65 65 0 0 0 0 0 0 0 0 0 0 0 0 0 0 0 0 0 0 0 0 0 0 0 0 0
37 27 27 18 18 18 13 13 0 0 0 0 0 0 0 0 8 8 8 5 5 15 15 15 36 36 36 56 56 68 68 68 67 67 67 71 71 88 88 88 95 95 94 94 94 87 87 87 76 76 66 66 66 55 55 51 51 51 58 58 58 63 63 66 66 66 68 68 68 65 65 0 0 0 0 0 0 0 0 0 0 0 0 0 0 0 0 0 0 0 0 0 0 0 0 0
38 28 28 17 17 17 9 9 4 4 4 0 0 0 0 0 5 5 5 16 16 30 30 30 49 49 49 66 66 76 76 76 79 79 79 80 80 84 84 84 85 85 82 82 82 69 69 69 53 53 45 45 45 40 40 39 39 39 52 52 52 63 63 66 66 66 64 64 64 0 0 0 0 0 0 0 0 0 0 0 0 0 0 0 0 0 0 0 0 0 0 0 0 0 0 0
38 28 28 17 17 17 9 9 4 4 4 0 0 0 0 0 5 5 5 16 16 30 30 30 49 49 49 66 66 76 76 76 79 79 79 80 80 84 84 84 85 85 82 82 82 69 69 69 53 53 45 45 45 40 40 39 39 39 52 52 52 63 63 66 66 66 64 64 64 0 0 0 0 0 0 0 0 0 0 0 0 0 0 0 0 0 0 0 0 0 0 0 0 0 0 0
38 28 28 17 17 17 9 9 4 4 4 0 0 0 0 0 5 5 5 16 16 30 30 30 49 49 49 66 66 76 76 76 79 79 79 80 80 84 84 84 85 85 82 82 82 69 69 69 53 53 45 45 45 40 40 39 39 39 52 52 52 63 63 66 66 66 64 64 64 0 0 0 0 0 0 0 0 0 0 0 0 0 0 0 0 0 0 0 0 0 0 0 0 0 0 0
38 33 33 27 27 27 20 20 13 13 13 8 8 8 6 6 12 12 12 24 24 38 38 38 49 49 49 59 59 66 66 66 67 67 67 66 66 69 69 69 68 68 62 62 62 51 51 51 42 42 40 40 40 40 40 38 38 38 50 50 50 62 62 63 63 63 58 58 58 0 0 0 0 0 0 0 0 0 0 0 0 0 0 0 0 0 0 0 0 0 0 0 0 0 0 0
38 33 33 27 27 27 20 20 13 13 13 8 8 8 6 6 12 12 12 24 24 38 38 38 49 49 49 59 59 66 66 66 67 67 67 66 66 69 69 69 68 68 62 62 62 51 51 51 42 42 40 40 40 40 40 38 38 38 50 50 50 62 62 63 63 63 58 58 58 0 0 0 0 0 0 0 0 0 0 0 0 0 0 0 0 0 0 0 0 0 0 0 0 0 0 0
41 41 41 39 39 39 35 35 29 29 29 24 24 24 24 24 31 31 31 39 39 43 43 43 44 44 44 45 45 50 50 50 53 53 53 52 52 52 52 52 50 50 46 46 46 44 44 44 40 40 41 41 41 41 41 37 37 37 42 42 42 48 48 50 50 50 0 0 0 0 0 0 0 0 0 0 0 0 0 0 0 0 0 0 0 0 0 0 0 0 0 0 0 0 0 0
41 41 41 39 39 39 35 35 29 29 29 24 24 24 24 24 31 31 31 39 39 43 43 43 44 44 44 45 45 50 50 50 53 53 53 52 52 52 52 52 50 50 46 46 46 44 44 44 40 40 41 41 41 41 41 37 37 37 42 42 42 48 48 50 50 50 0 0 0 0 0 0 0 0 0 0 0 0 0 0 0 0 0 0 0 0 0 0 0 0 0 0 0 0 0 0
41 41 41 39 39 39 35 35 29 29 29 24 24 24 24 24 31 31 31 39 39 43 43 43 44 44 44 45 45 50 50 50 53 53 53 52 52 52 52 52 50 50 46 46 46 44 44 44 40 40 41 41 41 41 41 37 37 37 42 42 42 48 48 50 50 50 0 0 0 0 0 0 0 0 0 0 0 0 0 0 0 0 0 0 0 0 0 0 0 0 0 0 0 0 0 0
49 52 52 53 53 53 52 52 51 51 51 49 49 49 50 50 51 51 51 51 51 48 48 48 42 42 42 39 39 42 42 42 43 43 43 41 41 39 39 39 40 40 44 44 44 46 46 46 41 41 41 41 41 40 40 30 30 30 26 26 26 26 26 0 0 0 0 0 0 0 0 0 0 0 0 0 0 0 0 0 0 0 0 0 0 0 0 0 0 0 0 0 0 0 0 0
49 52 52 53 53 53 52 52 51 51 51 49 49 49 50 50 51 51 51 51 51 48 48 48 42 42 42 39 39 42 42 42 43 43 43 41 41 39 39 39 40 40 44 44 44 46 46 46 41 41 41 41 41 40 40 30 30 30 26 26 26 26 26 0 0 0 0 0 0 0 0 0 0 0 0 0 0 0 0 0 0 0 0 0 0 0 0 0 0 0 0 0 0 0 0 0
49 52 52 53 53 53 52 52 51 51 51 49 49 49 50 50 51 51 51 51 51 48 48 48 42 42 42 39 39 42 42 42 43 43 43 41 41 39 39 39 40 40 44 44 44 46 46 46 41 41 41 41 41 40 40 30 30 30 26 26 26 26 26 0 0 0 0 0 0 0 0 0 0 0 0 0 0 0 0 0 0 0 0 0 0 0 0 0 0 0 0 0 0 0 0 0
57 61 61 64 64 64 68 68 71 71 71 73 73 73 73 73 68 68 68 60 60 53 53 53 46 46 46 42 42 42 42 42 40 40 40 35 35 32 32 32 35 35 42 42 42 43 43 43 37 37 35 35 35 30 30 17 17 17 0 0 0 0 0 0 0 0 0 0 0 0 0 0 0 0 0 0 0 0 0 0 0 0 0 0 0 0 0 0 0 0 0 0 0 0 0 0
57 61 61 64 64 64 68 68 71 71 71 73 73 73 73 73 68 68 68 60 60 53 53 53 46 46 46 42 42 42 42 42 40 40 40 35 35 32 32 32 35 35 42 42 42 43 43 43 37 37 35 35 35 30 30 17 17 17 0 0 0 0 0 0 0 0 0 0 0 0 0 0 0 0 0 0 0 0 0 0 0 0 0 0 0 0 0 0 0 0 0 0 0 0 0 0
64 67 67 71 71 71 77 77 83 83 83 86 86 86 85 85 77 77 77 66 66 57 57 57 51 51 51 47 47 44 44 44 39 39 39 32 32 28 28 28 28 28 33 33 33 35 35 35 33 33 32 32 32 26 26 12 12 12 5 5 5 6 6 0 0 0 0 0 0 0 0 0 0 0 0 0 0 0 0 0 0 0 0 0 0 0 0 0 0 0 0 0 0 0 0 0
64 67 67 71 71 71 77 77 83 83 83 86 86 86 85 85 77 77 77 66 66 57 57 57 51 51 51 47 47 44 44 44 39 39 39 32 32 28 28 28 28 28 33 33 33 35 35 35 33 33 32 32 32 26 26 12 12 12 5 5 5 6 6 0 0 0 0 0 0 0 0 0 0 0 0 0 0 0 0 0 0 0 0 0 0 0 0 0 0 0 0 0 0 0 0 0
64 67 67 71 71 71 77 77 83 83 83 86 86 86 85 85 77 77 77 66 66 57 57 57 51 51 51 47 47 44 44 44 39 39 39 32 32 28 28 28 28 28 33 33 33 35 35 35 33 33 32 32 32 26 26 12 12 12 5 5 5 6 6 0 0 0 0 0 0 0 0 0 0 0 0 0 0 0 0 0 0 0 0 0 0 0 0 0 0 0 0 0 0 0 0 0
67 71 71 75 75 75 80 80 85 85 85 88 88 88 87 87 81 81 81 71 71 61 61 61 52 52 52 46 46 43 43 43 38 38 38 32 32 27 27 27 24 24 29 29 29 37 37 37 41 41 42 42 42 37 37 22 22 22 13 13 13 0 0 0 0 0 0 0 0 0 0 0 0 0 0 0 0 0 0 0 0 0 0 0 0 0 0 0 0 0 0 0 0 0 0 0
67 71 71 75 75 75 80 80 85 85 85 88 88 88 87 87 81 81 81 71 71 61 61 61 52 52 52 46 46 43 43 43 38 38 38 32 32 27 27 27 24 24 29 29 29 37 37 37 41 41 42 42 42 37 37 22 22 22 13 13 13 0 0 0 0 0 0 0 0 0 0 0 0 0 0 0 0 0 0 0 0 0 0 0 0 0 0 0 0 0 0 0 0 0 0 0
67 71 71 75 75 75 80 80 85 85 85 88 88 88 87 87 81 81 81 71 71 61 61 61 52 52 52 46 46 43 43 43 38 38 38 32 32 27 27 27 24 24 29 29 29 37 37 37 41 41 42 42 42 37 37 22 22 22 13 13 13 0 0 0 0 0 0 0 0 0 0 0 0 0 0 0 0 0 0 0 0 0 0 0 0 0 0 0 0 0 0 0 0 0 0 0
73 77 77 79 79 79 79 79 81 81 81 84 84 84 85 85 83 83 83 77 77 67 67 67 56 56 56 47 47 43 43 43 39 39 39 33 33 29 29 29 24 24 27 27 27 40 40 40 50 50 53 53 53 49 49 35 35 35 22 22 22 12 12 0 0 0 0 0 0 0 0 0 0 0 0 0 0 0 0 0 0 0 0 0 0 0 0 0 0 0 0 0 0 0 0 0
73 77 77 79 79 79 79 79 81 81 81 84 84 84 85 85 83 83 83 77 77 67 67 67 56 56 56 47 47 43 43 43 39 39 39 33 33 29 29 29 24 24 27 27 27 40 40 40 50 50 53 53 53 49 49 35 35 35 22 22 22 12 12 0 0 0 0 0 0 0 0 0 0 0 0 0 0 0 0 0 0 0 0 0 0 0 0 0 0 0 0 0 0 0 0 0
83 87 87 82 82 82 74 74 73 73 73 79 79 79 83 83 83 83 83 80 80 73 73 73 62 62 62 51 51 45 45 45 41 41 41 37 37 33 33 33 29 29 29 29 29 34 34 34 42 42 54 54 54 63 63 54 54 54 34 34 34 15 15 0 0 0 0 0 0 0 0 0 0 0 0 0 0 0 0 0 0 0 0 0 0 0 0 0 0 0 0 0 0 0 0 0
83 87 87 82 82 82 74 74 73 73 73 79 79 79 83 83 83 83 83 80 80 73 73 73 62 62 62 51 51 45 45 45 41 41 41 37 37 33 33 33 29 29 29 29 29 34 34 34 42 42 54 54 54 63 63 54 54 54 34 34 34 15 15 0 0 0 0 0 0 0 0 0 0 0 0 0 0 0 0 0 0 0 0 0 0 0 0 0 0 0 0 0 0 0 0 0
83 87 87 82 82 82 74 74 73 73 73 79 79 79 83 83 83 83 83 80 80 73 73 73 62 62 62 51 51 45 45 45 41 41 41 37 37 33 33 33 29 29 29 29 29 34 34 34 42 42 54 54 54 63 63 54 54 54 34 34 34 15 15 0 0 0 0 0 0 0 0 0 0 0 0 0 0 0 0 0 0 0 0 0 0 0 0 0 0 0 0 0 0 0 0 0
90 93 93 83 83 83 72 72 71 71 71 77 77 77 81 81 81 81 81 78 78 73 73 73 65 65 65 54 54 46 46 46 43 43 43 40 40 38 38 38 36 36 35 35 35 35 35 35 39 39 50 50 50 63 63 64 64 64 46 46 46 21 21 0 0 0 0 0 0 0 0 0 0 0 0 0 0 0 0 0 0 0 0 0 0 0 0 0 0 0 0 0 0 0 0 0
90 93 93 83 83 83 72 72 71 71 71 77 77 77 81 81 81 81 81 78 78 73 73 73 65 65 65 54 54 46 46 46 43 43 43 40 40 38 38 38 36 36 35 35 35 35 35 35 39 39 50 50 50 63 63 64 64 64 46 46 46 21 21 0 0 0 0 0 0 0 0 0 0 0 0 0 0 0 0 0 0 0 0 0 0 0 0 0 0 0 0 0 0 0 0 0
81 81 81 78 78 78 75 75 74 74 74 79 79 79 79 79 76 76 76 70 70 64 64 64 57 57 57 49 49 44 44 44 42 42 42 41 41 40 40 40 39 39 41 41 41 43 43 43 46 46 50 50 50 57 57 63 63 63 60 60 60 39 39 0 0 0 0 0 0 0 0 0 0 0 0 0 0 0 0 0 0 0 0 0 0 0 0 0 0 0 0 0 0 0 0 0
