SEB_model/sample_data_files/historical/hillshade/sep6am.txt
ncols         559
nrows         351
xllcorner     388608.08691406
yllcorner     7584381.3441773
cellsize      5
NODATA_value  -9999
[rows 168 to 209 of 351, columns 96 to 191 of 559]
43 35 35 33 33 33 38 38 42 42 42 46 46 46 51 51 48 48 48 48 48 53 53 53 53 53 53 56 56 59 59 59 60 60 60 60 60 48 48 48 38 38 34 34 34 37 37 37 47 47 49 49 49 53 53 60 60 60 56 56 56 52 52 48 48 48 49 49 49 58 58 55 55 55 58 58 69 69 69 71 71 71 70 70 74 74 74 90 90 102 102 102 118 118 118 131
43 35 35 33 33 33 38 38 42 42 42 46 46 46 51 51 48 48 48 48 48 53 53 53 53 53 53 56 56 59 59 59 60 60 60 60 60 48 48 48 38 38 34 34 34 37 37 37 47 47 49 49 49 53 53 60 60 60 56 56 56 52 52 48 48 48 49 49 49 58 58 55 55 55 58 58 69 69 69 71 71 71 70 70 74 74 74 90 90 102 102 102 118 118 118 131
42 36 36 33 33 33 35 35 40 40 40 43 43 43 45 45 46 46 46 52 52 59 59 59 60 60 60 61 61 62 62 62 61 61 61 58 58 47 47 47 39 39 36 36 36 39 39 39 47 47 49 49 49 53 53 59 59 59 58 58 58 57 57 56 56 56 58 58 58 65 65 62 62 62 67 67 81 81 81 79 79 79 72 72 72 72 72 86 86 102 102 102 118 118 118 132
42 36 36 33 33 33 35 35 40 40 40 43 43 43 45 45 46 46 46 52 52 59 59 59 60 60 60 61 61 62 62 62 61 61 61 58 58 47 47 47 39 39 36 36 36 39 39 39 47 47 49 49 49 53 53 59 59 59 58 58 58 57 57 56 56 56 58 58 58 65 65 62 62 62 67 67 81 81 81 79 79 79 72 72 72 72 72 86 86 102 102 102 118 118 118 132
42 36 36 33 33 33 35 35 40 40 40 43 43 43 45 45 46 46 46 52 52 59 59 59 60 60 60 61 61 62 62 62 61 61 61 58 58 47 47 47 39 39 36 36 36 39 39 39 47 47 49 49 49 53 53 59 59 59 58 58 58 57 57 56 56 56 58 58 58 65 65 62 62 62 67 67 81 81 81 79 79 79 72 72 72 72 72 86 86 102 102 102 118 118 118 132
40 36 36 33 33 33 34 34 39 39 39 43 43 43 44 44 46 46 46 54 54 61 61 61 63 63 63 64 64 63 63 63 60 60 60 56 56 48 48 48 43 43 41 41 41 43 43 43 49 49 50 50 50 52 52 58 58 58 58 58 58 60 60 62 62 62 63 63 63 68 68 65 65 65 73 73 88 88 88 80 80 80 70 70 71 71 71 87 87 106 106 106 116 116 116 128
40 36 36 33 33 33 34 34 39 39 39 43 43 43 44 44 46 46 46 54 54 61 61 61 63 63 63 64 64 63 63 63 60 60 60 56 56 48 48 48 43 43 41 41 41 43 43 43 49 49 50 50 50 52 52 58 58 58 58 58 58 60 60 62 62 62 63 63 63 68 68 65 65 65 73 73 88 88 88 80 80 80 70 70 71 71 71 87 87 106 106 106 116 116 116 128
40 36 36 33 33 33 34 34 39 39 39 43 43 43 44 44 46 46 46 54 54 61 61 61 63 63 63 64 64 63 63 63 60 60 60 56 56 48 48 48 43 43 41 41 41 43 43 43 49 49 50 50 50 52 52 58 58 58 58 58 58 60 60 62 62 62 63 63 63 68 68 65 65 65 73 73 88 88 88 80 80 80 70 70 71 71 71 87 87 106 106 106 116 116 116 128
37 35 35 33 33 33 35 35 40 40 40 45 45 45 47 47 50 50 50 55 55 60 60 60 63 63 63 63 63 61 61 61 57 57 57 53 53 50 50 50 48 48 46 46 46 47 47 47 51 51 51 51 51 54 54 58 58 58 58 58 58 61 61 64 64 64 65 65 65 68 68 66 66 66 76 76 90 90 90 81 81 81 72 72 77 77 77 94 94 112 112 112 115 115 115 122
37 35 35 33 33 33 35 35 40 40 40 45 45 45 47 47 50 50 50 55 55 60 60 60 63 63 63 63 63 61 61 61 57 57 57 53 53 50 50 50 48 48 46 46 46 47 47 47 51 51 51 51 51 54 54 58 58 58 58 58 58 61 61 64 64 64 65 65 65 68 68 66 66 66 76 76 90 90 90 81 81 81 72 72 77 77 77 94 94 112 112 112 115 115 115 122
34 34 34 35 35 35 37 37 43 43 43 48 48 48 52 52 54 54 54 56 56 57 57 57 60 60 60 60 60 58 58 58 54 54 54 52 52 51 51 51 50 50 50 50 50 51 51 51 53 53 55 55 55 58 58 61 61 61 61 61 61 63 63 65 65 65 66 66 66 68 68 67 67 67 77 77 90 90 90 82 82 82 79 79 89 89 89 103 103 117 117 117 114 114 114 117
34 34 34 35 35 35 37 37 43 43 43 48 48 48 52 52 54 54 54 56 56 57 57 57 60 60 60 60 60 58 58 58 54 54 54 52 52 51 51 51 50 50 50 50 50 51 51 51 53 53 55 55 55 58 58 61 61 61 61 61 61 63 63 65 65 65 66 66 66 68 68 67 67 67 77 77 90 90 90 82 82 82 79 79 89 89 89 103 103 117 117 117 114 114 114 117
34 34 34 35 35 35 37 37 43 43 43 48 48 48 52 52 54 54 54 56 56 57 57 57 60 60 60 60 60 58 58 58 54 54 54 52 52 51 51 51 50 50 50 50 50 51 51 51 53 53 55 55 55 58 58 61 61 61 61 61 61 63 63 65 65 65 66 66 66 68 68 67 67 67 77 77 90 90 90 82 82 82 79 79 89 89 89 103 103 117 117 117 114 114 114 117
31 33 33 35 35 35 39 39 44 44 44 50 50 50 55 55 57 57 57 55 55 53 53 53 55 55 55 56 56 55 55 55 52 52 52 50 50 51 51 51 52 52 53 53 53 55 55 55 56 56 58 58 58 61 61 64 64 64 64 64 64 66 66 66 66 66 67 67 67 70 70 67 67 67 75 75 87 87 87 84 84 84 88 88 100 100 100 109 109 116 116 116 111 111 111 113
31 33 33 35 35 35 39 39 44 44 44 50 50 50 55 55 57 57 57 55 55 53 -9999 -9999 -9999 55 55 56 56 55 55 55 52 52 52 50 50 51 51 51 52 52 53 53 53 55 55 55 56 56 58 58 58 61 61 64 64 64 64 64 64 66 66 66 66 66 67 67 67 70 70 67 67 67 75 75 87 87 87 84 84 84 88 88 100 100 100 109 109 116 116 116 111 111 111 113
31 33 33 35 35 35 39 39 44 44 44 50 50 50 55 55 57 57 -9999 -9999 -9999 -9999 -9999 -9999 -9999 -9999 -9999 -9999 -9999 55 55 55 -9999 -9999 -9999 -9999 -9999 -9999 -9999 -9999 52 52 53 53 53 55 55 55 56 56 58 58 58 61 61 64 64 64 64 64 64 66 66 66 66 66 67 67 67 70 70 67 67 67 75 75 87 87 87 84 84 84 88 88 100 100 100 109 109 116 116 116 111 111 111 113
-9999 -9999 -9999 -9999 -9999 -9999 -9999 -9999 -9999 44 44 51 51 51 56 -9999 -9999 -9999 -9999 -9999 -9999 -9999 -9999 -9999 -9999 -9999 -9999 -9999 -9999 -9999 -9999 -9999 -9999 -9999 -9999 -9999 -9999 -9999 -9999 -9999 -9999 -9999 -9999 -9999 -9999 -9999 -9999 -9999 -9999 -9999 62 62 62 63 63 69 69 69 70 70 70 69 69 69 69 69 72 72 72 75 75 71 71 71 74 74 83 83 83 88 88 88 99 99 111 111 111 113 113 115 115 115 111 111 111 115
-9999 -9999 -9999 -9999 -9999 -9999 -9999 -9999 -9999 -9999 -9999 -9999 -9999 -9999 -9999 -9999 -9999 -9999 -9999 -9999 -9999 -9999 -9999 -9999 -9999 -9999 -9999 -9999 -9999 -9999 -9999 -9999 -9999 -9999 -9999 -9999 -9999 -9999 -9999 -9999 -9999 -9999 -9999 -9999 -9999 -9999 -9999 -9999 -9999 -9999 -9999 -9999 -9999 -9999 -9999 -9999 -9999 -9999 -9999 -9999 -9999 -9999 -9999 -9999 -9999 -9999 -9999 -9999 -9999 -9999 -9999 -9999 -9999 71 74 74 83 83 83 88 88 88 99 99 111 111 111 113 113 115 115 115 111 111 111 115
-9999 -9999 -9999 -9999 -9999 -9999 -9999 -9999 -9999 -9999 -9999 -9999 -9999 -9999 -9999 -9999 -9999 -9999 -9999 -9999 -9999 -9999 -9999 -9999 -9999 -9999 -9999 -9999 -9999 -9999 -9999 -9999 -9999 -9999 -9999 -9999 -9999 -9999 -9999 -9999 -9999 -9999 -9999 -9999 -9999 -9999 -9999 -9999 -9999 -9999 -9999 -9999 -9999 -9999 -9999 -9999 -9999 -9999 -9999 -9999 -9999 -9999 -9999 -9999 -9999 -9999 -9999 -9999 -9999 -9999 -9999 -9999 -9999 75 74 74 79 79 79 90 90 90 107 107 118 118 118 116 116 113 113 113 112 112 112 120
-9999 -9999 -9999 -9999 -9999 -9999 -9999 -9999 -9999 -9999 -9999 -9999 -9999 -9999 -9999 -9999 -9999 -9999 -9999 -9999 -9999 -9999 -9999 -9999 -9999 -9999 -9999 -9999 -9999 -9999 -9999 -9999 -9999 -9999 -9999 -9999 -9999 -9999 -9999 -9999 -9999 -9999 -9999 -9999 -9999 -9999 -9999 -9999 -9999 -9999 -9999 -9999 -9999 -9999 -9999 -9999 -9999 -9999 -9999 -9999 -9999 -9999 -9999 -9999 -9999 -9999 -9999 -9999 -9999 -9999 -9999 -9999 -9999 -9999 74 74 79 79 79 90 90 90 107 107 118 118 118 116 116 113 113 113 112 112 112 120
-9999 -9999 -9999 -9999 -9999 -9999 -9999 -9999 -9999 -9999 -9999 -9999 -9999 -9999 -9999 -9999 -9999 -9999 -9999 -9999 -9999 -9999 -9999 -9999 -9999 -9999 -9999 -9999 -9999 -9999 -9999 -9999 -9999 -9999 -9999 -9999 -9999 -9999 -9999 -9999 -9999 -9999 -9999 -9999 -9999 -9999 -9999 -9999 -9999 -9999 -9999 -9999 -9999 -9999 -9999 -9999 -9999 -9999 -9999 -9999 -9999 -9999 -9999 -9999 -9999 -9999 -9999 -9999 -9999 -9999 -9999 -9999 -9999 -9999 74 74 79 79 79 90 90 90 107 107 118 118 118 116 116 113 113 113 112 112 112 120
-9999 -9999 -9999 -9999 -9999 -9999 -9999 -9999 -9999 -9999 -9999 -9999 -9999 -9999 -9999 -9999 -9999 -9999 -9999 -9999 -9999 -9999 -9999 -9999 -9999 -9999 -9999 -9999 -9999 -9999 -9999 -9999 -9999 -9999 -9999 -9999 -9999 -9999 -9999 -9999 -9999 -9999 -9999 -9999 -9999 -9999 -9999 -9999 -9999 -9999 -9999 -9999 -9999 -9999 -9999 -9999 -9999 -9999 -9999 -9999 -9999 -9999 -9999 -9999 -9999 -9999 -9999 -9999 -9999 -9999 -9999 -9999 -9999 -9999 -9999 79 82 82 82 96 96 96 113 113 121 121 121 119 119 116 116 116 117 117 117 126
-9999 -9999 -9999 -9999 -9999 -9999 -9999 -9999 -9999 -9999 -9999 -9999 -9999 -9999 -9999 -9999 -9999 -9999 -9999 -9999 -9999 -9999 -9999 -9999 -9999 -9999 -9999 -9999 -9999 -9999 -9999 -9999 -9999 -9999 -9999 -9999 -9999 -9999 -9999 -9999 -9999 -9999 -9999 -9999 -9999 -9999 -9999 -9999 -9999 -9999 -9999 -9999 -9999 -9999 -9999 -9999 -9999 -9999 -9999 -9999 -9999 -9999 -9999 -9999 -9999 -9999 -9999 -9999 -9999 -9999 -9999 -9999 -9999 -9999 -9999 -9999 -9999 -9999 -9999 96 96 96 113 113 121 121 121 119 119 116 116 116 117 117 117 126
-9999 -9999 -9999 -9999 -9999 -9999 -9999 -9999 -9999 -9999 -9999 -9999 -9999 -9999 -9999 -9999 -9999 -9999 -9999 -9999 -9999 -9999 -9999 -9999 -9999 -9999 -9999 -9999 -9999 -9999 56 56 53 53 53 51 51 50 -9999 -9999 -9999 -9999 -9999 -9999 -9999 -9999 -9999 -9999 -9999 -9999 -9999 -9999 -9999 -9999 -9999 -9999 -9999 -9999 -9999 -9999 -9999 -9999 -9999 -9999 -9999 -9999 -9999 -9999 -9999 -9999 -9999 -9999 -9999 -9999 -9999 -9999 -9999 -9999 -9999 103 103 103 115 115 120 120 120 120 120 124 124 124 128 128 128 133
-9999 -9999 -9999 -9999 -9999 -9999 -9999 -9999 -9999 -9999 -9999 -9999 -9999 -9999 -9999 -9999 -9999 -9999 -9999 -9999 -9999 -9999 -9999 -9999 -9999 48 48 49 49 56 56 56 53 53 53 51 51 50 50 50 55 55 -9999 -9999 -9999 -9999 -9999 -9999 -9999 -9999 -9999 -9999 -9999 -9999 -9999 -9999 -9999 -9999 -9999 -9999 -9999 -9999 -9999 -9999 -9999 -9999 -9999 -9999 -9999 -9999 -9999 -9999 -9999 -9999 -9999 -9999 -9999 -9999 -9999 103 103 103 115 115 120 120 120 120 120 124 124 124 128 128 128 133
-9999 -9999 -9999 -9999 -9999 -9999 -9999 -9999 -9999 -9999 -9999 -9999 -9999 -9999 -9999 -9999 -9999 -9999 -9999 -9999 -9999 56 56 56 48 48 48 49 49 56 56 56 53 53 53 51 51 50 50 50 55 55 68 68 -9999 -9999 -9999 -9999 -9999 -9999 -9999 -9999 -9999 -9999 -9999 -9999 -9999 -9999 -9999 -9999 -9999 -9999 -9999 -9999 -9999 -9999 -9999 -9999 -9999 -9999 -9999 -9999 -9999 -9999 -9999 86 90 90 90 103 103 103 115 115 120 120 120 120 120 124 124 124 128 128 128 133
-9999 -9999 -9999 -9999 -9999 -9999 -9999 -9999 -9999 -9999 -9999 -9999 -9999 -9999 -9999 -9999 -9999 45 45 41 41 51 51 51 42 42 42 54 54 66 66 66 54 54 54 50 50 47 47 47 53 53 68 68 68 73 -9999 -9999 -9999 -9999 -9999 -9999 -9999 -9999 -9999 -9999 -9999 -9999 -9999 -9999 -9999 -9999 -9999 -9999 -9999 -9999 -9999 -9999 -9999 -9999 -9999 -9999 -9999 -9999 -9999 84 89 89 89 108 108 108 115 115 116 116 116 118 118 131 131 131 138 138 138 138
-9999 -9999 -9999 -9999 -9999 -9999 -9999 -9999 -9999 -9999 -9999 -9999 -9999 -9999 -9999 -9999 45 45 45 41 41 51 51 51 42 42 42 54 54 66 66 66 54 54 54 50 50 47 47 47 53 53 68 68 68 73 73 -9999 -9999 -9999 -9999 -9999 -9999 -9999 -9999 -9999 -9999 -9999 -9999 -9999 -9999 -9999 -9999 -9999 -9999 -9999 -9999 -9999 -9999 -9999 -9999 -9999 -9999 -9999 84 84 89 89 89 108 108 108 115 115 116 116 116 118 118 131 131 131 138 138 138 138
-9999 -9999 -9999 -9999 -9999 -9999 -9999 -9999 -9999 -9999 -9999 -9999 -9999 -9999 -9999 -9999 45 45 45 41 41 51 51 51 42 42 42 54 54 66 66 66 54 54 54 50 50 47 47 47 53 53 68 68 68 73 73 -9999 -9999 -9999 -9999 -9999 -9999 -9999 -9999 -9999 -9999 -9999 -9999 -9999 -9999 -9999 -9999 -9999 -9999 -9999 -9999 -9999 -9999 -9999 -9999 -9999 -9999 -9999 84 84 89 89 89 108 108 108 115 115 116 116 116 118 118 131 131 131 138 138 138 138
-9999 -9999 -9999 -9999 -9999 -9999 -9999 -9999 -9999 -9999 -9999 -9999 -9999 -9999 -9999 52 0 0 0 23 23 57 57 57 59 59 59 74 74 80 80 80 62 62 62 54 54 56 -9999 -9999 -9999 66 74 74 74 77 -9999 -9999 -9999 -9999 -9999 -9999 -9999 -9999 -9999 -9999 -9999 -9999 -9999 -9999 -9999 -9999 -9999 -9999 -9999 -9999 -9999 -9999 -9999 -9999 -9999 -9999 -9999 -9999 73 73 83 83 83 111 111 111 112 112 115 115 115 118 118 136 136 136 145 145 145 142
-9999 -9999 -9999 -9999 -9999 -9999 -9999 -9999 -9999 -9999 -9999 -9999 -9999 -9999 -9999 52 0 0 0 23 23 57 57 57 59 59 59 74 74 80 80 80 62 62 62 -9999 -9999 -9999 -9999 -9999 -9999 -9999 -9999 -9999 -9999 -9999 -9999 -9999 -9999 -9999 -9999 -9999 -9999 -9999 -9999 -9999 -9999 -9999 -9999 -9999 -9999 -9999 -9999 -9999 -9999 -9999 -9999 -9999 -9999 -9999 -9999 -9999 -9999 -9999 73 73 83 83 83 111 111 111 112 112 115 115 115 118 118 136 136 136 145 145 145 142
-9999 -9999 -9999 -9999 -9999 -9999 -9999 -9999 -9999 -9999 -9999 -9999 -9999 -9999 -9999 -9999 0 0 0 22 22 70 70 70 77 77 77 85 85 80 80 80 70 -9999 -9999 -9999 -9999 -9999 -9999 -9999 -9999 -9999 -9999 -9999 -9999 -9999 -9999 -9999 -9999 -9999 -9999 -9999 -9999 -9999 -9999 -9999 -9999 -9999 -9999 -9999 -9999 -9999 -9999 -9999 -9999 -9999 -9999 -9999 -9999 -9999 -9999 -9999 -9999 -9999 -9999 -9999 77 77 77 99 99 99 106 106 113 113 113 122 122 142 142 142 146 146 146 141
-9999 -9999 -9999 -9999 -9999 -9999 -9999 -9999 -9999 -9999 -9999 -9999 -9999 -9999 -9999 -9999 -9999 0 0 22 22 70 70 70 77 77 77 85 85 80 80 80 -9999 -9999 -9999 -9999 -9999 -9999 -9999 -9999 -9999 -9999 -9999 -9999 -9999 -9999 -9999 -9999 -9999 -9999 -9999 -9999 -9999 -9999 -9999 -9999 -9999 -9999 -9999 -9999 -9999 -9999 -9999 -9999 -9999 -9999 -9999 -9999 -9999 -9999 -9999 -9999 -9999 -9999 -9999 -9999 -9999 77 77 99 99 99 106 106 113 113 113 122 122 142 142 142 146 146 146 141
-9999 -9999 -9999 -9999 -9999 -9999 -9999 -9999 -9999 -9999 -9999 -9999 -9999 -9999 -9999 -9999 -9999 0 0 22 22 70 70 70 77 77 77 85 85 80 80 -9999 -9999 -9999 -9999 -9999 -9999 -9999 -9999 -9999 -9999 -9999 -9999 -9999 -9999 -9999 -9999 -9999 -9999 -9999 -9999 -9999 -9999 -9999 -9999 -9999 -9999 -9999 -9999 -9999 -9999 -9999 -9999 -9999 -9999 -9999 -9999 -9999 -9999 -9999 -9999 -9999 -9999 -9999 -9999 -9999 -9999 -9999 77 99 99 99 106 106 113 113 113 122 122 142 142 142 146 146 146 141
-9999 -9999 -9999 -9999 -9999 -9999 -9999 -9999 -9999 -9999 -9999 -9999 -9999 -9999 -9999 -9999 -9999 0 0 21 21 77 77 77 83 83 83 81 81 76 -9999 -9999 -9999 -9999 -9999 -9999 -9999 -9999 -9999 -9999 -9999 -9999 -9999 -9999 -9999 -9999 -9999 -9999 -9999 -9999 -9999 -9999 -9999 -9999 -9999 -9999 -9999 -9999 -9999 -9999 -9999 -9999 -9999 -9999 -9999 -9999 -9999 -9999 -9999 -9999 -9999 -9999 -9999 -9999 -9999 -9999 -9999 -9999 -9999 84 84 84 97 97 103 103 103 129 129 147 147 147 140 140 140 132
-9999 -9999 -9999 -9999 -9999 -9999 -9999 -9999 -9999 -9999 -9999 -9999 -9999 -9999 -9999 -9999 -9999 0 0 21 21 77 77 -9999 -9999 -9999 -9999 -9999 -9999 -9999 -9999 -9999 -9999 -9999 -9999 -9999 -9999 -9999 -9999 -9999 -9999 -9999 -9999 -9999 -9999 -9999 -9999 -9999 -9999 -9999 -9999 -9999 -9999 -9999 -9999 -9999 -9999 -9999 -9999 -9999 -9999 -9999 -9999 -9999 -9999 -9999 -9999 -9999 -9999 -9999 -9999 -9999 -9999 -9999 -9999 -9999 -9999 -9999 -9999 -9999 -9999 84 97 97 103 103 103 129 129 147 147 147 140 140 140 132
-9999 -9999 -9999 -9999 -9999 -9999 -9999 -9999 -9999 -9999 -9999 -9999 -9999 -9999 -9999 -9999 -9999 0 0 13 13 92 -9999 -9999 -9999 -9999 -9999 -9999 -9999 -9999 -9999 -9999 -9999 -9999 -9999 -9999 -9999 -9999 -9999 -9999 -9999 -9999 -9999 -9999 -9999 -9999 -9999 -9999 -9999 -9999 -9999 -9999 -9999 -9999 -9999 -9999 -9999 -9999 -9999 -9999 -9999 -9999 -9999 -9999 -9999 -9999 -9999 -9999 -9999 -9999 -9999 84 84 -9999 -9999 -9999 -9999 -9999 -9999 -9999 -9999 90 0 0 73 73 73 136 136 153 153 153 141 141 141 133
-9999 -9999 -9999 -9999 -9999 -9999 -9999 -9999 -9999 -9999 -9999 -9999 -9999 -9999 -9999 -9999 -9999 0 0 13 13 92 -9999 -9999 -9999 -9999 -9999 -9999 -9999 -9999 -9999 -9999 -9999 -9999 -9999 -9999 -9999 -9999 -9999 -9999 -9999 -9999 -9999 -9999 -9999 -9999 -9999 -9999 -9999 -9999 -9999 -9999 -9999 -9999 -9999 -9999 -9999 -9999 -9999 -9999 -9999 -9999 -9999 -9999 -9999 -9999 -9999 -9999 -9999 -9999 -9999 84 84 84 96 -9999 -9999 -9999 -9999 -9999 -9999 -9999 0 0 73 73 73 136 136 153 153 153 141 141 141 133
-9999 -9999 -9999 -9999 -9999 -9999 -9999 -9999 -9999 -9999 -9999 -9999 -9999 -9999 -9999 0 0 0 0 13 13 92 -9999 -9999 -9999 -9999 -9999 -9999 -9999 -9999 -9999 -9999 -9999 -9999 -9999 -9999 -9999 -9999 -9999 -9999 -9999 -9999 -9999 -9999 -9999 -9999 -9999 -9999 -9999 -9999 -9999 -9999 -9999 -9999 -9999 -9999 -9999 -9999 -9999 -9999 -9999 -9999 -9999 -9999 -9999 -9999 -9999 -9999 -9999 -9999 -9999 84 84 84 96 96 110 -9999 -9999 -9999 -9999 -9999 0 0 73 73 73 136 136 153 153 153 141 141 141 133
-9999 -9999 -9999 -9999 -9999 -9999 -9999 -9999 -9999 -9999 -9999 -9999 -9999 -9999 0 0 0 0 0 18 18 103 -9999 -9999 -9999 -9999 -9999 -9999 -9999 -9999 -9999 -9999 -9999 -9999 -9999 -9999 -9999 -9999 -9999 -9999 -9999 -9999 -9999 -9999 -9999 -9999 -9999 -9999 -9999 -9999 -9999 -9999 -9999 -9999 -9999 -9999 -9999 -9999 -9999 -9999 -9999 -9999 -9999 -9999 -9999 -9999 -9999 92 -9999 -9999 -9999 -9999 0 0 88 88 122 122 122 -9999 -9999 -9999 -9999 -9999 -9999 -9999 68 144 144 155 155 155 140 140 140 139
-9999 -9999 -9999 -9999 -9999 -9999 -9999 -9999 -9999 -9999 -9999 -9999 -9999 -9999 0 0 0 0 0 18 18 103 -9999 -9999 -9999 -9999 -9999 -9999 -9999 -9999 -9999 -9999 -9999 -9999 -9999 -9999 -9999 -9999 -9999 -9999 -9999 -9999 -9999 -9999 -9999 -9999 -9999 -9999 -9999 -9999 -9999 -9999 -9999 -9999 -9999 -9999 -9999 -9999 -9999 -9999 -9999 -9999 -9999 -9999 -9999 -9999 -9999 92 92 81 81 -9999 0 0 88 88 122 122 122 100 -9999 -9999 -9999 -9999 -9999 -9999 -9999 144 -9999 155 155 155 140 140 140 139
-9999 -9999 -9999 -9999 -9999 -9999 -9999 -9999 -9999 -9999 -9999 -9999 -9999 -9999 0 0 0 0 0 18 18 103 -9999 -9999 -9999 -9999 -9999 -9999 -9999 -9999 -9999 -9999 -9999 -9999 -9999 -9999 -9999 -9999 -9999 -9999 -9999 -9999 -9999 -9999 -9999 -9999 -9999 -9999 -9999 -9999 -9999 -9999 -9999 -9999 -9999 -9999 -9999 -9999 -9999 -9999 -9999 -9999 -9999 -9999 -9999 -9999 -9999 92 92 81 81 0 0 0 88 88 122 122 122 100 100 100 0 -9999 -9999 -9999 -9999 -9999 -9999 155 155 155 140 140 140 139
