SEB_model/sample_data_files/historical/hillshade/sep6am.txt
ncols         559
nrows         351
xllcorner     388608.08691406
yllcorner     7584381.3441773
cellsize      5
NODATA_value  -9999
[rows 126 to 167 of 351, columns 384 to 479 of 559]
59 59 59 63 63 63 67 67 58 58 58 63 63 75 75 75 67 67 67 63 63 59 59 59 57 57 57 67 67 65 65 65 70 70 76 76 76 78 78 78 87 87 76 76 76 74 74 82 82 82 71 71 71 70 70 71 71 71 70 70 70 78 78 66 66 66 67 67 76 76 76 84 84 84 93 93 77 77 77 68 68 70 70 70 56 56 56 0 0 0 0 0 0 0 0 0
59 59 59 63 63 63 67 67 58 58 58 63 63 75 75 75 67 67 67 63 63 59 59 59 57 57 57 67 67 65 65 65 70 70 76 76 76 78 78 78 87 87 76 76 76 74 74 82 82 82 71 71 71 70 70 71 71 71 70 70 70 78 78 66 66 66 67 67 76 76 76 84 84 84 93 93 77 77 77 68 68 70 70 70 56 56 56 0 0 0 0 0 0 0 0 0
59 59 59 63 63 63 67 67 58 58 58 63 63 75 75 75 67 67 67 63 63 59 59 59 57 57 57 67 67 65 65 65 70 70 76 76 76 78 78 78 87 87 76 76 76 74 74 82 82 82 71 71 71 70 70 71 71 71 70 70 70 78 78 66 66 66 67 67 76 76 76 84 84 84 93 93 77 77 77 68 68 70 70 70 56 56 56 0 0 0 0 0 0 0 0 0
62 62 62 65 65 65 67 67 58 58 58 63 63 74 74 74 65 65 65 60 60 56 56 56 56 56 56 68 68 67 67 67 73 73 79 79 79 80 80 80 84 84 71 71 71 69 69 77 77 77 67 67 67 69 69 73 73 73 72 72 72 79 79 67 67 67 67 67 75 75 75 83 83 83 97 97 83 83 83 76 76 75 75 75 0 0 0 0 0 0 0 0 0 0 0 0
62 62 62 65 65 65 67 67 58 58 58 63 63 74 74 74 65 65 65 60 60 56 56 56 56 56 56 68 68 67 67 67 73 73 79 79 79 80 80 80 84 84 71 71 71 69 69 77 77 77 67 67 67 69 69 73 73 73 72 72 72 79 79 67 67 67 67 67 75 75 75 83 83 83 97 97 83 83 83 76 76 75 75 75 0 0 0 0 0 0 0 0 0 0 0 0
61 61 61 65 65 65 67 67 57 57 57 61 61 72 72 72 62 62 62 57 57 54 54 54 57 57 57 73 73 73 73 73 79 79 82 82 82 79 79 79 79 79 65 65 65 65 65 76 76 76 66 66 66 69 69 72 72 72 72 72 72 80 80 68 68 68 69 69 73 73 73 79 79 79 95 95 83 83 83 76 76 77 77 77 0 0 0 0 0 0 0 0 0 0 0 0
61 61 61 65 65 65 67 67 57 57 57 61 61 72 72 72 62 62 62 57 57 54 54 54 57 57 57 73 73 73 73 73 79 79 82 82 82 79 79 79 79 79 65 65 65 65 65 76 76 76 66 66 66 69 69 72 72 72 72 72 72 80 80 68 68 68 69 69 73 73 73 79 79 79 95 95 83 83 83 76 76 77 77 77 0 0 0 0 0 0 0 0 0 0 0 0
61 61 61 65 65 65 67 67 57 57 57 61 61 72 72 72 62 62 62 57 57 54 54 54 57 57 57 73 73 73 73 73 79 79 82 82 82 79 79 79 79 79 65 65 65 65 65 76 76 76 66 66 66 69 69 72 72 72 72 72 72 80 80 68 68 68 69 69 73 73 73 79 79 79 95 95 83 83 83 76 76 77 77 77 0 0 0 0 0 0 0 0 0 0 0 0
57 57 57 63 63 63 67 67 55 55 55 59 59 71 71 71 59 59 59 55 55 55 55 55 65 65 65 82 82 80 80 80 82 82 81 81 81 74 74 74 72 72 60 60 60 63 63 74 74 74 64 64 64 66 66 70 70 70 71 71 71 81 81 69 69 69 69 69 72 72 72 76 76 76 90 90 77 77 77 70 70 75 75 75 65 65 65 0 0 0 0 0 0 0 0 0
57 57 57 63 63 63 67 67 55 55 55 59 59 71 71 71 59 59 59 55 55 55 55 55 65 65 65 82 82 80 80 80 82 82 81 81 81 74 74 74 72 72 60 60 60 63 63 74 74 74 64 64 64 66 66 70 70 70 71 71 71 81 81 69 69 69 69 69 72 72 72 76 76 76 90 90 77 77 77 70 70 75 75 75 65 65 65 0 0 0 0 0 0 0 0 0
53 53 53 61 61 61 65 65 52 52 52 58 58 70 70 70 57 57 57 57 57 63 63 63 76 76 76 91 91 83 83 83 80 80 73 73 73 64 64 64 65 65 56 56 56 62 62 74 74 74 63 63 63 65 65 69 69 69 71 71 71 81 81 69 69 69 69 69 70 70 70 71 71 71 84 84 72 72 72 67 67 75 75 75 67 67 67 0 0 0 0 0 0 0 0 0
53 53 53 61 61 61 65 65 52 52 52 58 58 70 70 70 57 57 57 57 57 63 63 63 76 76 76 91 91 83 83 83 80 80 73 73 73 64 64 64 65 65 56 56 56 62 62 74 74 74 63 63 63 65 65 69 69 69 71 71 71 81 81 69 69 69 69 69 70 70 70 71 71 71 84 84 72 72 72 67 67 75 75 75 67 67 67 0 0 0 0 0 0 0 0 0
53 53 53 61 61 61 65 65 52 52 52 58 58 70 70 70 57 57 57 57 57 63 63 63 76 76 76 91 91 83 83 83 80 80 73 73 73 64 64 64 65 65 56 56 56 62 62 74 74 74 63 63 63 65 65 69 69 69 71 71 71 81 81 69 69 69 69 69 70 70 70 71 71 71 84 84 72 72 72 67 67 75 75 75 67 67 67 0 0 0 0 0 0 0 0 0
49 49 49 55 55 55 59 59 48 48 48 57 57 69 69 69 58 58 58 64 64 74 74 74 87 87 87 96 96 81 81 81 71 71 61 61 61 56 56 56 62 62 57 57 57 65 65 77 77 77 64 64 64 65 65 69 69 69 70 70 70 78 78 67 67 67 67 67 65 65 65 65 65 65 79 79 70 70 70 68 68 78 78 78 71 71 71 0 0 0 0 0 0 0 0 0
49 49 49 55 55 55 59 59 48 48 48 57 57 69 69 69 58 58 58 64 64 74 74 74 87 87 87 96 96 81 81 81 71 71 61 61 61 56 56 56 62 62 57 57 57 65 65 77 77 77 64 64 64 65 65 69 69 69 70 70 70 78 78 67 67 67 67 67 65 65 65 65 65 65 79 79 70 70 70 68 68 78 78 78 71 71 71 0 0 0 0 0 0 0 0 0
49 49 49 55 55 55 59 59 48 48 48 57 57 69 69 69 58 58 58 64 64 74 74 74 87 87 87 96 96 81 81 81 71 71 61 61 61 56 56 56 62 62 57 57 57 65 65 77 77 77 64 64 64 65 65 69 69 69 70 70 70 78 78 67 67 67 67 67 65 65 65 65 65 65 79 79 70 70 70 68 68 78 78 78 71 71 71 0 0 0 0 0 0 0 0 0
43 43 43 47 47 47 52 52 47 47 47 58 58 71 71 71 65 65 65 73 73 84 84 84 93 93 93 96 96 74 74 74 61 61 54 54 54 55 55 55 64 64 61 61 61 69 69 78 78 78 64 64 64 64 64 67 67 67 68 68 68 75 75 63 63 63 63 63 61 61 61 62 62 62 79 79 73 73 73 72 72 81 81 81 74 74 74 78 78 0 0 0 0 0 0 0
43 43 43 47 47 47 52 52 47 47 47 58 58 71 71 71 65 65 65 73 73 84 84 84 93 93 93 96 96 74 74 74 61 61 54 54 54 55 55 55 64 64 61 61 61 69 69 78 78 78 64 64 64 64 64 67 67 67 68 68 68 75 75 63 63 63 63 63 61 61 61 62 62 62 79 79 73 73 73 72 72 81 81 81 74 74 74 78 78 0 0 0 0 0 0 0
35 35 35 40 40 40 49 49 52 52 52 64 64 77 77 77 73 73 73 80 80 89 89 89 92 92 92 90 90 67 67 67 58 58 56 56 56 59 59 59 69 69 65 65 65 71 71 77 77 77 61 61 61 61 61 65 65 65 67 67 67 74 74 61 61 61 62 62 62 62 62 64 64 64 81 81 75 75 75 73 73 82 82 82 73 73 73 76 76 0 0 0 0 0 0 0
35 35 35 40 40 40 49 49 52 52 52 64 64 77 77 77 73 73 73 80 80 89 89 89 92 92 92 90 90 67 67 67 58 58 56 56 56 59 59 59 69 69 65 65 65 71 71 77 77 77 61 61 61 61 61 65 65 65 67 67 67 74 74 61 61 61 62 62 62 62 62 64 64 64 81 81 75 75 75 73 73 82 82 82 73 73 73 76 76 0 0 0 0 0 0 0
35 35 35 40 40 40 49 49 52 52 52 64 64 77 77 77 73 73 73 80 80 89 89 89 92 92 92 90 90 67 67 67 58 58 56 56 56 59 59 59 69 69 65 65 65 71 71 77 77 77 61 61 61 61 61 65 65 65 67 67 67 74 74 61 61 61 62 62 62 62 62 64 64 64 81 81 75 75 75 73 73 82 82 82 73 73 73 76 76 0 0 0 0 0 0 0
30 30 30 40 40 40 54 54 62 62 62 74 74 84 84 84 79 79 79 84 84 88 88 88 86 86 86 82 82 65 65 65 62 62 63 63 63 62 62 62 71 71 68 68 68 71 71 75 75 75 59 59 59 61 61 66 66 66 68 68 68 73 73 61 61 61 63 63 64 64 64 67 67 67 80 80 72 72 72 71 71 80 80 80 72 72 72 74 74 0 0 0 0 0 0 0
30 30 30 40 40 40 54 54 62 62 62 74 74 84 84 84 79 79 79 84 84 88 88 88 86 86 86 82 82 65 65 65 62 62 63 63 63 62 62 62 71 71 68 68 68 71 71 75 75 75 59 59 59 61 61 66 66 66 68 68 68 73 73 61 61 61 63 63 64 64 64 67 67 67 80 80 72 72 72 71 71 80 80 80 72 72 72 74 74 0 0 0 0 0 0 0
32 32 32 46 46 46 63 63 73 73 73 82 82 89 89 89 81 81 81 81 81 82 82 82 78 78 78 77 77 68 68 68 69 69 68 68 68 62 62 62 69 69 67 67 67 70 70 73 73 73 60 60 60 63 63 68 68 68 67 67 67 71 71 61 61 61 65 65 66 66 66 65 65 65 76 76 67 67 67 68 68 79 79 79 73 73 73 75 75 75 75 75 0 0 0 0
32 32 32 46 46 46 63 63 73 73 73 82 82 89 89 89 81 81 81 81 81 82 82 82 78 78 78 77 77 68 68 68 69 69 68 68 68 62 62 62 69 69 67 67 67 70 70 73 73 73 60 60 60 63 63 68 68 68 67 67 67 71 71 61 61 61 65 65 66 66 66 65 65 65 76 76 67 67 67 68 68 79 79 79 73 73 73 75 75 75 75 75 0 0 0 0
32 32 32 46 46 46 63 63 73 73 73 82 82 89 89 89 81 81 81 81 81 82 82 82 78 78 78 77 77 68 68 68 69 69 68 68 68 62 62 62 69 69 67 67 67 70 70 73 73 73 60 60 60 63 63 68 68 68 67 67 67 71 71 61 61 61 65 65 66 66 66 65 65 65 76 76 67 67 67 68 68 79 79 79 73 73 73 75 75 75 75 75 0 0 0 0
40 40 40 58 58 58 74 74 82 82 82 86 86 90 90 90 77 77 77 74 74 74 74 74 74 74 74 78 78 73 73 73 76 76 72 72 72 61 61 61 67 67 67 67 67 70 70 74 74 74 63 63 63 65 65 68 68 68 64 64 64 68 68 61 61 61 66 66 65 65 65 62 62 62 72 72 64 64 64 67 67 80 80 80 76 76 76 77 77 75 75 75 76 76 76 0
40 40 40 58 58 58 74 74 82 82 82 86 86 90 90 90 77 77 77 74 74 74 74 74 74 74 74 78 78 73 73 73 76 76 72 72 72 61 61 61 67 67 67 67 67 70 70 74 74 74 63 63 63 65 65 68 68 68 64 64 64 68 68 61 61 61 66 66 65 65 65 62 62 62 72 72 64 64 64 67 67 80 80 80 76 76 76 77 77 75 75 75 76 76 76 0
40 40 40 58 58 58 74 74 82 82 82 86 86 90 90 90 77 77 77 74 74 74 74 74 74 74 74 78 78 73 73 73 76 76 72 72 72 61 61 61 67 67 67 67 67 70 70 74 74 74 63 63 63 65 65 68 68 68 64 64 64 68 68 61 61 61 66 66 65 65 65 62 62 62 72 72 64 64 64 67 67 80 80 80 76 76 76 77 77 75 75 75 76 76 76 0
55 55 55 72 72 72 85 85 87 87 87 85 85 87 87 87 71 71 71 70 70 75 75 75 77 77 77 81 81 75 75 75 79 79 73 73 73 60 60 60 66 66 68 68 68 70 70 74 74 74 63 63 63 65 65 65 65 65 60 60 60 66 66 63 63 63 67 67 63 63 63 58 58 58 71 71 66 66 66 69 69 83 83 83 78 78 78 77 77 74 74 74 76 76 76 0
55 55 55 72 72 72 85 85 87 87 87 85 85 87 87 87 71 71 71 70 70 75 75 75 77 77 77 81 81 75 75 75 79 79 73 73 73 60 60 60 66 66 68 68 68 70 70 74 74 74 63 63 63 65 65 65 65 65 60 60 60 66 66 63 63 63 67 67 63 63 63 58 58 58 71 71 66 66 66 69 69 83 83 83 78 78 78 77 77 74 74 74 76 76 76 0
77 77 77 84 84 84 93 93 88 88 88 83 83 84 84 84 72 72 72 75 75 80 80 80 79 79 79 81 81 73 73 73 79 79 71 71 71 57 57 57 65 65 67 67 67 69 69 73 73 73 62 62 62 63 63 63 63 63 59 59 59 67 67 65 65 65 66 66 60 60 60 58 58 58 74 74 70 70 70 73 73 85 85 85 78 78 78 77 77 75 75 75 74 74 74 0
77 77 77 84 84 84 93 93 88 88 88 83 83 84 84 84 72 72 72 75 75 80 80 80 79 79 79 81 81 73 73 73 79 79 71 71 71 57 57 57 65 65 67 67 67 69 69 73 73 73 62 62 62 63 63 63 63 63 59 59 59 67 67 65 65 65 66 66 60 60 60 58 58 58 74 74 70 70 70 73 73 85 85 85 78 78 78 77 77 75 75 75 74 74 74 0
77 77 77 84 84 84 93 93 88 88 88 83 83 84 84 84 72 72 72 75 75 80 80 80 79 79 79 81 81 73 73 73 79 79 71 71 71 57 57 57 65 65 67 67 67 69 69 73 73 73 62 62 62 63 63 63 63 63 59 59 59 67 67 65 65 65 66 66 60 60 60 58 58 58 74 74 70 70 70 73 73 85 85 85 78 78 78 77 77 75 75 75 74 74 74 0
95 95 95 92 92 92 97 97 86 86 86 80 80 83 83 83 76 76 76 81 81 80 80 80 76 76 76 77 77 72 72 72 76 76 65 65 65 54 54 54 64 64 66 66 66 65 65 70 70 70 63 63 63 64 64 65 65 65 60 60 60 69 69 66 66 66 65 65 61 61 61 61 61 61 78 78 74 74 74 76 76 86 86 86 78 78 78 76 76 72 72 72 68 68 68 68
95 95 95 92 92 92 97 97 86 86 86 80 80 83 83 83 76 76 76 81 81 80 80 80 76 76 76 77 77 72 72 72 76 76 65 65 65 54 54 54 64 64 66 66 66 65 65 70 70 70 63 63 63 64 64 65 65 65 60 60 60 69 69 66 66 66 65 65 61 61 61 61 61 61 78 78 74 74 74 76 76 86 86 86 78 78 78 76 76 72 72 72 68 68 68 68
95 95 95 92 92 92 97 97 86 86 86 80 80 83 83 83 76 76 76 81 81 80 80 80 76 76 76 77 77 72 72 72 76 76 65 65 65 54 54 54 64 64 66 66 66 65 65 70 70 70 63 63 63 64 64 65 65 65 60 60 60 69 69 66 66 66 65 65 61 61 61 61 61 61 78 78 74 74 74 76 76 86 86 86 78 78 78 76 76 72 72 72 68 68 68 68
96 96 96 89 89 89 90 90 79 79 79 77 77 83 83 83 78 78 78 82 82 76 76 76 69 69 69 74 74 70 70 70 72 72 60 60 60 54 54 54 67 67 64 64 64 60 60 68 68 68 63 63 63 66 66 67 67 67 61 61 61 70 70 67 67 67 67 67 65 65 65 66 66 66 82 82 77 77 77 77 77 86 86 86 76 76 76 70 70 65 65 65 60 60 60 64
96 96 96 89 89 89 90 90 79 79 79 77 77 83 83 83 78 78 78 82 82 76 76 76 69 69 69 74 74 70 70 70 72 72 60 60 60 54 54 54 67 67 64 64 64 60 60 68 68 68 63 63 63 66 66 67 67 67 61 61 61 70 70 67 67 67 67 67 65 65 65 66 66 66 82 82 77 77 77 77 77 86 86 86 76 76 76 70 70 65 65 65 60 60 60 64
85 85 85 79 79 79 80 80 72 72 72 73 73 80 80 80 76 76 76 79 79 73 73 73 70 70 70 78 78 69 69 69 67 67 60 60 60 58 58 58 71 71 64 64 64 58 58 66 66 66 61 61 61 65 65 68 68 68 61 61 61 69 69 69 69 69 69 69 67 67 67 69 69 69 84 84 78 78 78 75 75 81 81 81 69 69 69 62 62 58 58 58 57 57 57 64
85 85 85 79 79 79 80 80 72 72 72 73 73 80 80 80 76 76 76 79 79 73 73 73 70 70 70 78 78 69 69 69 67 67 60 60 60 58 58 58 71 71 64 64 64 58 58 66 66 66 61 61 61 65 65 68 68 68 61 61 61 69 69 69 69 69 69 69 67 67 67 69 69 69 84 84 78 78 78 75 75 81 81 81 69 69 69 62 62 58 58 58 57 57 57 64
85 85 85 79 79 79 80 80 72 72 72 73 73 80 80 80 76 76 76 79 79 73 73 73 70 70 70 78 78 69 69 69 67 67 60 60 60 58 58 58 71 71 64 64 64 58 58 66 66 66 61 61 61 65 65 68 68 68 61 61 61 69 69 69 69 69 69 69 67 67 67 69 69 69 84 84 78 78 78 75 75 81 81 81 69 69 69 62 62 58 58 58 57 57 57 64
