SEB_model/sample_data_files/historical/hillshade/sep6am.txt
ncols         559
nrows         351
xllcorner     388608.08691406
yllcorner     7584381.3441773
cellsize      5
NODATA_value  -9999
[rows 84 to 125 of 351, columns 288 to 383 of 559]
95 95 86 86 86 76 76 67 67 67 59 59 59 59 59 55 55 55 54 54 56 56 56 53 53 53 52 52 52 52 52 50 50 50 52 52 51 51 51 51 51 54 54 54 54 54 54 58 58 56 56 56 50 50 51 51 51 48 48 48 48 48 47 47 47 45 45 45 50 50 47 47 47 54 54 67 67 67 64 64 64 71 71 73 73 73 64 64 64 64 64 57 57 57 54 54
95 95 86 86 86 76 76 67 67 67 59 59 59 59 59 55 55 55 54 54 56 56 56 53 53 53 52 52 52 52 52 50 50 50 52 52 51 51 51 51 51 54 54 54 54 54 54 58 58 56 56 56 50 50 51 51 51 48 48 48 48 48 47 47 47 45 45 45 50 50 47 47 47 54 54 67 67 67 64 64 64 71 71 73 73 73 64 64 64 64 64 57 57 57 54 54
95 95 86 86 86 76 76 67 67 67 59 59 59 59 59 55 55 55 54 54 56 56 56 53 53 53 52 52 52 52 52 50 50 50 52 52 51 51 51 51 51 54 54 54 54 54 54 58 58 56 56 56 50 50 51 51 51 48 48 48 48 48 47 47 47 45 45 45 50 50 47 47 47 54 54 67 67 67 64 64 64 71 71 73 73 73 64 64 64 64 64 57 57 57 54 54
94 94 82 82 82 72 72 63 63 63 58 58 58 59 59 55 55 55 54 54 57 57 57 54 54 54 53 53 53 53 53 53 53 53 54 54 51 51 51 51 51 52 52 52 53 53 53 56 56 53 53 53 46 46 52 52 52 59 59 59 62 62 53 53 53 40 40 40 40 40 39 39 39 48 48 62 62 62 59 59 59 68 68 72 72 72 66 66 66 66 66 57 57 57 55 55
94 94 82 82 82 72 72 63 63 63 58 58 58 59 59 55 55 55 54 54 57 57 57 54 54 54 53 53 53 53 53 53 53 53 54 54 51 51 51 51 51 52 52 52 53 53 53 56 56 53 53 53 46 46 52 52 52 59 59 59 62 62 53 53 53 40 40 40 40 40 39 39 39 48 48 62 62 62 59 59 59 68 68 72 72 72 66 66 66 66 66 57 57 57 55 55
90 90 78 78 78 68 68 61 61 61 56 56 56 59 59 55 55 55 54 54 57 57 57 54 54 54 55 55 56 56 56 56 56 56 55 55 52 52 52 51 51 51 51 51 51 51 51 53 53 48 48 48 40 40 61 61 61 87 87 87 89 89 60 60 60 24 24 24 21 21 26 26 26 39 39 55 55 55 52 52 52 64 64 68 68 68 63 63 63 66 66 56 56 56 56 56
90 90 78 78 78 68 68 61 61 61 56 56 56 59 59 55 55 55 54 54 57 57 57 54 54 54 55 55 56 56 56 56 56 56 55 55 52 52 52 51 51 51 51 51 51 51 51 53 53 48 48 48 40 40 61 61 61 87 87 87 89 89 60 60 60 24 24 24 21 21 26 26 26 39 39 55 55 55 52 52 52 64 64 68 68 68 63 63 63 66 66 56 56 56 56 56
90 90 78 78 78 68 68 61 61 61 56 56 56 59 59 55 55 55 54 54 57 57 57 54 54 54 55 55 56 56 56 56 56 56 55 55 52 52 52 51 51 51 51 51 51 51 51 53 53 48 48 48 40 40 61 61 61 87 87 87 89 89 60 60 60 24 24 24 21 21 26 26 26 39 39 55 55 55 52 52 52 64 64 68 68 68 63 63 63 66 66 56 56 56 56 56
86 86 73 73 73 65 65 59 59 59 56 56 56 60 60 56 56 56 55 55 57 57 57 54 54 54 56 56 58 58 58 58 58 58 56 56 53 53 53 52 52 51 51 51 49 49 49 50 50 43 43 43 35 35 71 71 71 116 116 116 116 116 0 0 0 0 0 0 0 0 15 15 15 32 32 50 50 50 46 46 46 59 59 63 63 63 59 59 59 63 63 54 54 54 55 55
86 86 73 73 73 65 65 59 59 59 56 56 56 60 60 56 56 56 55 55 57 57 57 54 54 54 56 56 58 58 58 58 58 58 56 56 53 53 53 52 52 51 51 51 49 49 49 50 50 43 43 43 35 35 71 71 71 116 116 116 116 116 0 0 0 0 0 0 0 0 15 15 15 32 32 50 50 50 46 46 46 59 59 63 63 63 59 59 59 63 63 54 54 54 55 55
86 86 73 73 73 65 65 59 59 59 56 56 56 60 60 56 56 56 55 55 57 57 57 54 54 54 56 56 58 58 58 58 58 58 56 56 53 53 53 52 52 51 51 51 49 49 49 50 50 43 43 43 35 35 71 71 71 116 116 116 116 116 0 0 0 0 0 0 0 0 15 15 15 32 32 50 50 50 46 46 46 59 59 63 63 63 59 59 59 63 63 54 54 54 55 55
82 82 84 84 84 77 77 55 55 55 36 36 36 40 40 52 52 52 56 56 58 58 58 55 55 55 57 57 59 59 59 58 58 58 59 59 55 55 55 53 53 51 51 51 49 49 49 48 48 40 40 40 31 31 72 72 72 125 125 125 122 122 0 0 0 0 0 0 0 0 16 16 16 37 37 55 55 55 47 47 47 58 58 61 61 61 56 56 56 61 61 51 51 51 54 54
82 82 84 84 84 77 77 55 55 55 36 36 36 40 40 52 52 52 56 56 58 58 58 55 55 55 57 57 59 59 59 58 58 58 59 59 55 55 55 53 53 51 51 51 49 49 49 48 48 40 40 40 31 31 72 72 72 125 125 125 122 122 0 0 0 0 0 0 0 0 16 16 16 37 37 55 55 55 47 47 47 58 58 61 61 61 56 56 56 61 61 51 51 51 54 54
85 85 105 105 105 85 85 0 0 0 0 0 0 0 0 52 52 52 62 62 58 58 58 51 51 51 53 53 57 57 57 58 58 58 60 60 57 57 57 53 53 52 52 52 49 49 49 47 47 37 37 37 28 28 59 59 59 112 112 112 111 111 0 0 0 0 0 0 0 0 21 21 21 47 47 65 65 65 54 54 54 64 64 64 64 64 54 54 54 59 59 49 49 49 54 54
85 85 105 105 105 85 85 0 0 0 0 0 0 0 0 52 52 52 62 62 58 58 58 51 51 51 53 53 57 57 57 58 58 58 60 60 57 57 57 53 53 52 52 52 49 49 49 47 47 37 37 37 28 28 59 59 59 112 112 112 111 111 0 0 0 0 0 0 0 0 21 21 21 47 47 65 65 65 54 54 54 64 64 64 64 64 54 54 54 59 59 49 49 49 54 54
85 85 105 105 105 85 85 0 0 0 0 0 0 0 0 52 52 52 62 62 58 58 58 51 51 51 53 53 57 57 57 58 58 58 60 60 57 57 57 53 53 52 52 52 49 49 49 47 47 37 37 37 28 28 59 59 59 112 112 112 111 111 0 0 0 0 0 0 0 0 21 21 21 47 47 65 65 65 54 54 54 64 64 64 64 64 54 54 54 59 59 49 49 49 54 54
106 106 127 127 127 0 0 0 0 0 0 0 0 0 0 73 73 73 64 64 44 44 44 24 24 24 27 27 46 46 46 58 58 58 61 61 58 58 58 53 53 52 52 52 49 49 49 46 46 37 37 37 28 28 44 44 44 98 98 98 109 109 0 0 0 0 0 0 0 0 16 16 16 52 52 73 73 73 63 63 63 71 71 68 68 68 54 54 54 58 58 49 49 49 55 55
106 106 127 127 127 0 0 0 0 0 0 0 0 0 0 73 73 73 64 64 44 44 44 24 24 24 27 27 46 46 46 58 58 58 61 61 58 58 58 53 53 52 52 52 49 49 49 46 46 37 37 37 28 28 44 44 44 98 98 98 109 109 0 0 0 0 0 0 0 0 16 16 16 52 52 73 73 73 63 63 63 71 71 68 68 68 54 54 54 58 58 49 49 49 55 55
141 141 0 0 0 0 0 0 0 0 0 0 0 51 51 114 114 114 0 0 0 0 0 0 0 0 0 0 29 29 29 52 52 52 63 63 61 61 61 54 54 51 51 51 49 49 49 45 45 38 38 38 31 31 45 45 45 99 99 99 117 117 0 0 0 0 0 0 0 0 0 0 0 45 45 74 74 74 68 68 68 75 75 68 68 68 54 54 54 59 59 52 52 52 57 57
141 141 0 0 0 0 0 0 0 0 0 0 0 51 51 114 114 114 0 0 0 0 0 0 0 0 0 0 29 29 29 52 52 52 63 63 61 61 61 54 54 51 51 51 49 49 49 45 45 38 38 38 31 31 45 45 45 99 99 99 117 117 0 0 0 0 0 0 0 0 0 0 0 45 45 74 74 74 68 68 68 75 75 68 68 68 54 54 54 59 59 52 52 52 57 57
141 141 0 0 0 0 0 0 0 0 0 0 0 51 51 114 114 114 0 0 0 0 0 0 0 0 0 0 29 29 29 52 52 52 63 63 61 61 61 54 54 51 51 51 49 49 49 45 45 38 38 38 31 31 45 45 45 99 99 99 117 117 0 0 0 0 0 0 0 0 0 0 0 45 45 74 74 74 68 68 68 75 75 68 68 68 54 54 54 59 59 52 52 52 57 57
0 0 0 0 0 0 0 0 0 0 0 0 0 116 116 145 145 145 0 0 0 0 0 0 0 0 0 0 34 34 34 53 53 53 63 63 65 65 65 55 55 48 48 48 47 47 47 45 45 40 40 40 38 38 58 58 58 108 108 108 0 0 0 0 0 0 0 0 0 0 0 0 0 33 33 69 69 69 68 68 68 74 74 66 66 66 56 56 56 61 61 57 57 57 59 59
0 0 0 0 0 0 0 0 0 0 0 0 0 116 116 145 145 145 0 0 0 0 0 0 0 0 0 0 34 34 34 53 53 53 63 63 65 65 65 55 55 48 48 48 47 47 47 45 45 40 40 40 38 38 58 58 58 108 108 108 0 0 0 0 0 0 0 0 0 0 0 0 0 33 33 69 69 69 68 68 68 74 74 66 66 66 56 56 56 61 61 57 57 57 59 59
0 0 0 0 0 0 0 0 0 0 0 0 0 116 116 145 145 145 0 0 0 0 0 0 0 0 0 0 34 34 34 53 53 53 63 63 65 65 65 55 55 48 48 48 47 47 47 45 45 40 40 40 38 38 58 58 58 108 108 108 0 0 0 0 0 0 0 0 0 0 0 0 0 33 33 69 69 69 68 68 68 74 74 66 66 66 56 56 56 61 61 57 57 57 59 59
113 113 0 0 0 0 0 0 0 0 44 44 44 127 127 0 0 0 0 0 0 0 0 0 0 0 5 5 69 69 69 74 74 74 69 69 64 64 64 50 50 43 43 43 41 41 41 45 45 46 46 46 48 48 75 75 75 114 114 114 0 0 0 0 0 0 0 0 0 0 0 0 0 29 29 61 61 61 64 64 64 72 72 68 68 68 61 61 61 63 63 60 60 60 61 61
113 113 0 0 0 0 0 0 0 0 44 44 44 127 127 0 0 0 0 0 0 0 0 0 0 0 5 5 69 69 69 74 74 74 69 69 64 64 64 50 50 43 43 43 41 41 41 45 45 46 46 46 48 48 75 75 75 114 114 114 0 0 0 0 0 0 0 0 0 0 0 0 0 29 29 61 61 61 64 64 64 72 72 68 68 68 61 61 61 63 63 60 60 60 61 61
81 81 0 0 0 0 0 0 0 0 50 50 50 99 99 83 83 83 0 0 0 0 0 0 0 0 45 45 102 102 102 105 105 105 95 95 63 63 63 40 40 37 37 37 39 39 39 48 48 53 53 53 60 60 88 88 88 0 0 0 0 0 0 0 0 0 0 0 0 0 0 0 0 37 37 58 58 58 63 63 63 73 73 71 71 71 64 64 64 63 63 59 59 59 60 60
81 81 0 0 0 0 0 0 0 0 50 50 50 99 99 83 83 83 0 0 0 0 0 0 0 0 45 45 102 102 102 105 105 105 95 95 63 63 63 40 40 37 37 37 39 39 39 48 48 53 53 53 60 60 88 88 88 0 0 0 0 0 0 0 0 0 0 0 0 0 0 0 0 37 37 58 58 58 63 63 63 73 73 71 71 71 64 64 64 63 63 59 59 59 60 60
81 81 0 0 0 0 0 0 0 0 50 50 50 99 99 83 83 83 0 0 0 0 0 0 0 0 45 45 102 102 102 105 105 105 95 95 63 63 63 40 40 37 37 37 39 39 39 48 48 53 53 53 60 60 88 88 88 0 0 0 0 0 0 0 0 0 0 0 0 0 0 0 0 37 37 58 58 58 63 63 63 73 73 71 71 71 64 64 64 63 63 59 59 59 60 60
64 64 40 40 40 18 18 13 13 13 39 39 39 77 77 59 59 59 0 0 2 2 2 0 0 0 66 66 117 117 117 131 131 131 123 123 63 63 63 38 38 39 39 39 45 45 45 54 54 58 58 58 68 68 0 0 0 0 0 0 0 0 0 0 0 0 0 0 0 0 15 15 15 49 49 59 59 59 66 66 66 73 73 68 68 68 60 60 60 61 61 56 56 56 56 56
64 64 40 40 40 18 18 13 13 13 39 39 39 77 77 59 59 59 0 0 2 2 2 0 0 0 66 66 117 117 117 131 131 131 123 123 63 63 63 38 38 39 39 39 45 45 45 54 54 58 58 58 68 68 0 0 0 0 0 0 0 0 0 0 0 0 0 0 0 0 15 15 15 49 49 59 59 59 66 66 66 73 73 68 68 68 60 60 60 61 61 56 56 56 56 56
58 58 46 46 46 31 31 0 0 0 27 27 27 61 61 54 54 54 29 29 36 36 36 0 0 0 67 67 119 119 119 144 144 144 135 135 60 60 60 46 46 54 54 54 60 60 60 57 57 57 57 57 0 0 0 0 0 0 0 0 0 0 0 0 0 0 0 0 0 0 46 46 46 57 57 63 63 63 68 68 68 68 68 58 58 58 53 53 53 60 60 54 54 54 53 53
58 58 46 46 46 31 31 0 0 0 27 27 27 61 61 54 54 54 29 29 36 36 36 0 0 0 67 67 119 119 119 144 144 144 135 135 60 60 60 46 46 54 54 54 60 60 60 57 57 57 57 57 0 0 0 0 0 0 0 0 0 0 0 0 0 0 0 0 0 0 46 46 46 57 57 63 63 63 68 68 68 68 68 58 58 58 53 53 53 60 60 54 54 54 53 53
58 58 46 46 46 31 31 0 0 0 27 27 27 61 61 54 54 54 29 29 36 36 36 0 0 0 67 67 119 119 119 144 144 144 135 135 60 60 60 46 46 54 54 54 60 60 60 57 57 57 57 57 0 0 0 0 0 0 0 0 0 0 0 0 0 0 0 0 0 0 46 46 46 57 57 63 63 63 68 68 68 68 68 58 58 58 53 53 53 60 60 54 54 54 53 53
48 48 47 47 47 31 31 0 0 0 22 22 22 63 63 69 69 69 49 49 63 63 63 0 0 0 64 64 111 111 111 141 141 141 131 131 51 51 51 49 49 66 66 66 70 70 70 56 56 0 0 0 0 0 0 0 0 0 0 0 0 0 0 0 0 0 0 0 33 33 61 61 61 58 58 63 63 63 66 66 66 60 60 49 49 49 49 49 49 60 60 53 53 53 53 53
48 48 47 47 47 31 31 0 0 0 22 22 22 63 63 69 69 69 49 49 63 63 63 0 0 0 64 64 111 111 111 141 141 141 131 131 51 51 51 49 49 66 66 66 70 70 70 56 56 0 0 0 0 0 0 0 0 0 0 0 0 0 0 0 0 0 0 0 33 33 61 61 61 58 58 63 63 63 66 66 66 60 60 49 49 49 49 49 49 60 60 53 53 53 53 53
48 48 47 47 47 31 31 0 0 0 22 22 22 63 63 69 69 69 49 49 63 63 63 0 0 0 64 64 111 111 111 141 141 141 131 131 51 51 51 49 49 66 66 66 70 70 70 56 56 0 0 0 0 0 0 0 0 0 0 0 0 0 0 0 0 0 0 0 33 33 61 61 61 58 58 63 63 63 66 66 66 60 60 49 49 49 49 49 49 60 60 53 53 53 53 53
33 33 42 42 42 0 0 14 14 14 35 35 35 77 77 83 83 83 59 59 77 77 77 52 52 52 63 63 100 100 100 129 129 129 121 121 46 46 46 41 41 63 63 63 64 64 64 0 0 0 0 0 0 0 0 0 0 0 0 0 0 0 0 0 0 13 13 13 51 51 62 62 62 54 54 63 63 63 63 63 63 54 54 47 47 47 50 50 50 59 59 54 54 54 53 53
33 33 42 42 42 0 0 14 14 14 35 35 35 77 77 83 83 83 59 59 77 77 77 52 52 52 63 63 100 100 100 129 129 129 121 121 46 46 46 41 41 63 63 63 64 64 64 0 0 0 0 0 0 0 0 0 0 0 0 0 0 0 0 0 0 13 13 13 51 51 62 62 62 54 54 63 63 63 63 63 63 54 54 47 47 47 50 50 50 59 59 54 54 54 53 53
18 18 36 36 36 23 23 32 32 32 56 56 56 87 87 85 85 85 61 61 81 81 81 59 59 59 58 58 89 89 89 117 117 117 116 116 50 50 50 29 29 46 46 46 49 49 49 45 45 0 0 0 0 0 0 0 0 0 0 0 0 0 10 10 10 30 30 30 53 53 59 59 59 55 55 68 68 68 63 63 63 51 51 48 48 48 49 49 49 55 55 52 52 52 53 53
18 18 36 36 36 23 23 32 32 32 56 56 56 87 87 85 85 85 61 61 81 81 81 59 59 59 58 58 89 89 89 117 117 117 116 116 50 50 50 29 29 46 46 46 49 49 49 45 45 0 0 0 0 0 0 0 0 0 0 0 0 0 10 10 10 30 30 30 53 53 59 59 59 55 55 68 68 68 63 63 63 51 51 48 48 48 49 49 49 55 55 52 52 52 53 53
18 18 36 36 36 23 23 32 32 32 56 56 56 87 87 85 85 85 61 61 81 81 81 59 59 59 58 58 89 89 89 117 117 117 116 116 50 50 50 29 29 46 46 46 49 49 49 45 45 0 0 0 0 0 0 0 0 0 0 0 0 0 10 10 10 30 30 30 53 53 59 59 59 55 55 68 68 68 63 63 63 51 51 48 48 48 49 49 49 55 55 52 52 52 53 53
