SEB_model/sample_data_files/historical/hillshade/sep6am.txt
ncols         559
nrows         351
xllcorner     388608.08691406
yllcorner     7584381.3441773
cellsize      5
NODATA_value  -9999
[rows 84 to 125 of 351, columns 96 to 191 of 559]
-9999 34 34 32 32 32 33 33 37 37 37 40 40 40 42 42 45 45 45 46 46 47 47 47 47 47 47 46 46 42 42 42 53 53 -9999 -9999 -9999 -9999 -9999 -9999 -9999 -9999 -9999 -9999 -9999 -9999 -9999 -9999 -9999 -9999 -9999 -9999 -9999 -9999 -9999 -9999 -9999 -9999 -9999 -9999 -9999 -9999 -9999 -9999 -9999 -9999 -9999 -9999 -9999 -9999 -9999 -9999 -9999 -9999 -9999 58 54 54 54 58 58 58 64 64 67 67 67 80 80 89 89 89 79 79 79 78
-9999 -9999 -9999 -9999 -9999 -9999 33 33 37 37 37 40 40 40 42 42 45 45 45 46 46 47 47 47 47 47 47 46 46 42 42 42 53 -9999 -9999 -9999 -9999 -9999 -9999 -9999 -9999 -9999 -9999 -9999 -9999 -9999 -9999 -9999 -9999 -9999 -9999 -9999 -9999 -9999 -9999 -9999 -9999 -9999 -9999 -9999 -9999 -9999 -9999 -9999 -9999 -9999 -9999 -9999 -9999 -9999 -9999 -9999 -9999 -9999 -9999 -9999 -9999 54 54 58 58 58 64 64 67 67 67 80 80 89 89 89 79 79 79 78
-9999 -9999 -9999 -9999 -9999 32 33 33 37 37 37 40 40 40 42 42 45 45 45 46 46 47 47 47 47 47 47 46 46 42 -9999 -9999 -9999 -9999 -9999 -9999 -9999 -9999 -9999 -9999 -9999 -9999 -9999 -9999 -9999 -9999 -9999 -9999 -9999 -9999 -9999 -9999 -9999 -9999 -9999 -9999 -9999 -9999 -9999 -9999 -9999 -9999 -9999 -9999 -9999 -9999 -9999 -9999 -9999 -9999 -9999 -9999 -9999 -9999 -9999 -9999 -9999 -9999 -9999 -9999 -9999 -9999 64 64 67 67 67 80 80 89 89 89 79 79 79 78
-9999 -9999 -9999 -9999 33 33 33 33 38 38 38 41 41 41 43 43 46 46 46 48 48 48 48 48 48 48 48 48 48 47 47 -9999 -9999 -9999 -9999 -9999 -9999 -9999 -9999 -9999 -9999 -9999 -9999 -9999 -9999 -9999 -9999 -9999 -9999 -9999 -9999 -9999 -9999 -9999 -9999 -9999 -9999 -9999 -9999 -9999 -9999 -9999 -9999 -9999 -9999 -9999 -9999 -9999 -9999 -9999 -9999 -9999 -9999 -9999 -9999 -9999 -9999 -9999 -9999 -9999 -9999 -9999 -9999 -9999 67 67 67 75 75 83 83 83 82 82 82 85
-9999 -9999 36 33 33 33 33 33 38 38 38 41 41 41 43 43 46 46 46 48 48 48 48 48 48 48 48 48 48 47 47 -9999 -9999 -9999 -9999 -9999 -9999 -9999 -9999 -9999 -9999 -9999 -9999 -9999 -9999 -9999 -9999 -9999 -9999 -9999 -9999 -9999 -9999 -9999 -9999 -9999 -9999 -9999 -9999 -9999 -9999 -9999 -9999 -9999 -9999 -9999 -9999 -9999 -9999 -9999 -9999 -9999 -9999 -9999 -9999 -9999 -9999 -9999 -9999 -9999 -9999 -9999 -9999 -9999 -9999 -9999 -9999 -9999 75 83 83 83 82 82 82 85
42 38 38 36 36 36 35 35 38 38 38 41 41 41 44 44 47 47 47 49 49 49 49 49 49 49 49 49 49 49 -9999 -9999 -9999 -9999 -9999 -9999 -9999 -9999 -9999 -9999 -9999 -9999 -9999 -9999 -9999 -9999 -9999 -9999 -9999 -9999 -9999 -9999 -9999 -9999 -9999 -9999 -9999 -9999 -9999 -9999 -9999 -9999 -9999 -9999 -9999 -9999 -9999 -9999 -9999 -9999 -9999 -9999 -9999 -9999 -9999 -9999 -9999 -9999 -9999 -9999 -9999 -9999 -9999 -9999 -9999 -9999 -9999 -9999 72 78 78 78 84 84 84 89
42 38 38 36 36 36 35 35 38 38 38 41 41 41 44 44 47 47 47 49 49 49 49 49 49 49 49 49 49 49 -9999 -9999 -9999 -9999 -9999 -9999 -9999 -9999 -9999 -9999 -9999 -9999 -9999 -9999 -9999 -9999 -9999 -9999 -9999 -9999 -9999 -9999 -9999 -9999 -9999 -9999 -9999 -9999 -9999 -9999 -9999 -9999 -9999 -9999 -9999 -9999 -9999 -9999 -9999 -9999 -9999 -9999 -9999 -9999 -9999 -9999 -9999 -9999 -9999 -9999 -9999 -9999 -9999 -9999 -9999 -9999 -9999 -9999 72 78 78 78 84 84 84 89
42 38 38 36 36 36 35 35 38 38 38 41 41 41 44 44 47 47 47 49 49 49 49 49 49 49 49 49 -9999 -9999 -9999 -9999 -9999 -9999 -9999 -9999 -9999 -9999 -9999 -9999 -9999 -9999 -9999 -9999 -9999 -9999 -9999 -9999 -9999 -9999 -9999 -9999 -9999 -9999 -9999 -9999 -9999 -9999 -9999 -9999 -9999 -9999 -9999 -9999 -9999 -9999 -9999 -9999 -9999 -9999 -9999 -9999 -9999 -9999 -9999 -9999 -9999 -9999 -9999 -9999 -9999 -9999 -9999 -9999 -9999 -9999 -9999 -9999 72 78 78 78 84 84 84 89
43 41 41 39 39 39 38 38 39 39 39 42 42 42 45 45 48 48 48 49 49 50 50 50 50 50 50 49 -9999 -9999 -9999 -9999 -9999 -9999 -9999 -9999 -9999 -9999 -9999 -9999 -9999 -9999 -9999 -9999 -9999 -9999 -9999 -9999 -9999 -9999 -9999 -9999 -9999 -9999 -9999 -9999 -9999 -9999 -9999 -9999 -9999 -9999 -9999 -9999 -9999 -9999 -9999 -9999 -9999 -9999 -9999 -9999 -9999 -9999 -9999 -9999 -9999 -9999 -9999 -9999 -9999 -9999 -9999 -9999 -9999 -9999 -9999 -9999 71 77 77 77 86 86 86 91
43 41 41 39 39 39 38 38 39 39 39 42 42 42 45 45 48 48 48 49 49 50 50 50 -9999 -9999 -9999 -9999 -9999 -9999 -9999 -9999 -9999 -9999 -9999 -9999 -9999 -9999 -9999 -9999 -9999 -9999 -9999 -9999 -9999 -9999 -9999 -9999 -9999 -9999 -9999 -9999 -9999 -9999 -9999 -9999 -9999 -9999 -9999 -9999 -9999 -9999 -9999 -9999 -9999 -9999 -9999 -9999 -9999 -9999 -9999 -9999 -9999 -9999 -9999 -9999 -9999 -9999 -9999 -9999 -9999 -9999 -9999 -9999 -9999 -9999 -9999 -9999 71 77 77 77 86 86 86 91
43 41 41 39 39 39 38 38 39 39 39 42 42 42 45 45 48 48 48 49 49 50 50 50 -9999 -9999 -9999 -9999 -9999 -9999 -9999 -9999 -9999 -9999 -9999 -9999 -9999 -9999 -9999 -9999 -9999 -9999 -9999 -9999 -9999 -9999 -9999 -9999 -9999 -9999 -9999 -9999 -9999 -9999 -9999 -9999 -9999 -9999 -9999 -9999 -9999 -9999 -9999 -9999 -9999 -9999 -9999 -9999 -9999 -9999 -9999 -9999 -9999 -9999 -9999 -9999 -9999 -9999 -9999 -9999 -9999 -9999 -9999 -9999 -9999 -9999 -9999 71 71 77 77 77 86 86 86 91
45 45 45 42 42 42 41 41 42 42 42 43 43 43 45 45 47 47 47 49 49 50 50 50 -9999 -9999 -9999 -9999 -9999 -9999 -9999 -9999 -9999 -9999 48 49 -9999 -9999 -9999 -9999 -9999 -9999 -9999 -9999 -9999 -9999 -9999 -9999 -9999 -9999 -9999 -9999 -9999 -9999 -9999 -9999 -9999 -9999 -9999 -9999 -9999 -9999 -9999 -9999 -9999 -9999 -9999 -9999 -9999 -9999 -9999 -9999 -9999 -9999 -9999 -9999 -9999 -9999 -9999 -9999 -9999 -9999 -9999 71 70 70 70 72 72 78 78 78 86 86 86 91
45 45 45 42 42 42 41 41 42 42 42 43 43 43 45 45 47 47 47 49 49 50 50 -9999 -9999 -9999 -9999 -9999 -9999 -9999 -9999 49 48 48 48 49 49 51 51 -9999 -9999 -9999 -9999 -9999 -9999 -9999 -9999 -9999 -9999 -9999 -9999 -9999 -9999 -9999 -9999 -9999 -9999 -9999 -9999 -9999 -9999 -9999 -9999 -9999 -9999 -9999 -9999 -9999 -9999 -9999 -9999 -9999 -9999 -9999 -9999 -9999 -9999 -9999 -9999 -9999 -9999 -9999 71 71 70 70 70 72 72 78 78 78 86 86 86 91
47 48 48 45 45 45 45 45 46 46 46 46 46 46 48 48 47 47 47 47 47 48 -9999 -9999 -9999 -9999 -9999 -9999 -9999 49 49 49 49 49 49 50 50 52 52 52 -9999 -9999 -9999 -9999 -9999 -9999 -9999 -9999 -9999 -9999 -9999 -9999 -9999 -9999 -9999 -9999 -9999 -9999 -9999 -9999 -9999 -9999 -9999 -9999 -9999 -9999 -9999 -9999 -9999 -9999 -9999 -9999 -9999 -9999 -9999 -9999 -9999 -9999 -9999 -9999 71 71 70 70 70 70 70 74 74 80 80 80 85 85 85 90
47 48 48 45 45 45 45 45 46 46 46 46 46 46 48 48 47 47 47 47 47 48 48 48 -9999 -9999 -9999 49 49 49 49 49 49 49 49 50 50 52 52 52 52 52 -9999 -9999 -9999 -9999 -9999 -9999 -9999 -9999 -9999 -9999 -9999 -9999 -9999 -9999 -9999 -9999 -9999 -9999 -9999 -9999 -9999 -9999 -9999 -9999 -9999 -9999 -9999 -9999 -9999 -9999 -9999 -9999 -9999 -9999 -9999 -9999 -9999 71 71 71 70 70 70 70 70 74 74 80 80 80 85 85 85 90
47 48 48 45 45 45 45 45 46 46 46 46 46 46 48 48 47 47 47 47 47 48 48 48 49 49 49 49 49 49 49 49 49 49 49 50 50 52 52 52 52 52 48 48 48 -9999 -9999 -9999 -9999 -9999 -9999 -9999 -9999 -9999 -9999 -9999 -9999 -9999 -9999 -9999 -9999 -9999 -9999 -9999 -9999 -9999 -9999 -9999 -9999 -9999 -9999 -9999 -9999 -9999 -9999 -9999 -9999 -9999 70 71 71 71 70 70 70 70 70 74 74 80 80 80 85 85 85 90
45 49 49 46 46 46 48 48 50 50 50 52 52 52 55 55 49 49 49 43 43 45 45 45 47 47 47 49 49 50 50 50 51 51 51 52 52 54 54 54 54 54 51 51 51 48 48 -9999 -9999 -9999 -9999 -9999 -9999 -9999 -9999 -9999 -9999 -9999 -9999 -9999 -9999 -9999 -9999 -9999 -9999 -9999 -9999 -9999 -9999 -9999 -9999 -9999 -9999 -9999 -9999 70 70 70 70 69 69 69 68 68 70 70 70 75 75 81 81 81 84 84 84 86
45 49 49 46 46 46 48 48 50 50 50 52 52 52 55 55 49 49 49 43 43 45 45 45 47 47 47 49 49 50 50 50 51 51 51 52 52 54 54 54 54 54 51 51 51 48 48 48 49 -9999 -9999 -9999 -9999 -9999 -9999 -9999 -9999 -9999 -9999 -9999 -9999 -9999 -9999 -9999 -9999 -9999 -9999 -9999 -9999 -9999 -9999 -9999 -9999 -9999 70 70 70 70 70 69 69 69 68 68 70 70 70 75 75 81 81 81 84 84 84 86
44 49 49 49 49 49 53 53 55 55 55 58 58 58 61 61 50 50 50 42 42 42 42 42 45 45 45 49 49 52 52 52 53 53 53 53 53 54 54 54 54 54 53 53 53 52 52 52 52 52 54 -9999 -9999 -9999 -9999 -9999 -9999 -9999 -9999 -9999 -9999 -9999 -9999 -9999 -9999 -9999 -9999 -9999 -9999 -9999 -9999 -9999 -9999 69 70 70 70 70 70 68 68 68 67 67 68 68 68 74 74 80 80 80 81 81 81 81
44 49 49 49 49 49 53 53 55 55 55 58 58 58 61 61 50 50 50 42 42 42 42 42 45 45 45 49 49 52 52 52 53 53 53 53 53 54 54 54 54 54 53 53 53 52 52 52 52 52 54 54 54 56 56 58 58 58 58 58 58 58 58 -9999 -9999 -9999 -9999 -9999 -9999 -9999 -9999 -9999 -9999 69 70 70 70 70 70 68 68 68 67 67 68 68 68 74 74 80 80 80 81 81 81 81
44 49 49 49 49 49 53 53 55 55 55 58 58 58 61 61 50 50 50 42 42 42 42 42 45 45 45 49 49 52 52 52 53 53 53 53 53 54 54 54 54 54 53 53 53 52 52 52 52 52 54 54 54 56 56 58 58 58 58 58 58 58 58 60 60 -9999 -9999 -9999 -9999 -9999 -9999 -9999 69 69 70 70 70 70 70 68 68 68 67 67 68 68 68 74 74 80 80 80 81 81 81 81
47 53 53 54 54 54 58 58 60 60 60 60 60 60 61 61 50 50 50 41 41 40 40 40 43 43 43 48 48 52 52 52 54 54 54 54 54 54 54 54 54 54 54 54 54 55 55 55 56 56 57 57 57 57 57 57 57 57 57 57 57 57 57 59 59 59 63 -9999 -9999 -9999 -9999 69 69 69 69 69 68 68 68 65 65 65 63 63 65 65 65 71 71 78 78 78 76 76 76 76
47 53 53 54 54 54 58 58 60 60 60 60 60 60 61 61 50 50 50 41 41 40 40 40 43 43 43 48 48 52 52 52 54 54 54 54 54 54 54 54 54 54 54 54 54 55 55 55 56 56 57 57 57 57 57 57 57 57 57 57 57 57 57 59 59 59 63 63 63 67 67 69 69 69 69 69 68 68 68 65 65 65 63 63 65 65 65 71 71 78 78 78 76 76 76 76
47 53 53 54 54 54 58 58 60 60 60 60 60 60 61 61 50 50 50 41 41 40 40 40 43 43 43 48 48 52 52 52 54 54 54 54 54 54 54 54 54 54 54 54 54 55 55 55 56 56 57 57 57 57 57 57 57 57 57 57 57 57 57 59 59 59 63 63 63 67 67 69 69 69 69 69 68 68 68 65 65 65 63 63 65 65 65 71 71 78 78 78 76 76 76 76
52 58 58 58 58 58 63 63 64 64 64 60 60 60 58 58 48 48 48 40 40 39 39 39 41 41 41 46 46 51 51 51 54 54 54 56 56 56 56 56 55 55 56 56 56 58 58 58 59 59 59 59 59 56 56 54 54 54 54 54 54 55 55 58 58 58 63 63 63 68 68 69 69 69 69 69 66 66 66 60 60 60 59 59 61 61 61 69 69 77 77 77 75 75 75 74
52 58 58 58 58 58 63 63 64 64 64 60 60 60 58 58 48 48 48 40 40 39 39 39 41 41 41 46 46 51 51 51 54 54 54 56 56 56 56 56 55 55 56 56 56 58 58 58 59 59 59 59 59 56 56 54 54 54 54 54 54 55 55 58 58 58 63 63 63 68 68 69 69 69 69 69 66 66 66 60 60 60 59 59 61 61 61 69 69 77 77 77 75 75 75 74
56 61 61 63 63 63 67 67 66 66 66 59 59 59 54 54 44 44 44 38 38 38 38 38 40 40 40 44 44 48 48 48 53 53 53 57 57 59 59 59 59 59 58 58 58 59 59 59 61 61 58 58 58 53 53 50 50 50 50 50 50 53 53 57 57 57 63 63 63 69 69 67 67 67 65 65 64 64 64 58 58 58 58 58 62 62 62 69 69 77 77 77 75 75 75 75
56 61 61 63 63 63 67 67 66 66 66 59 59 59 54 54 44 44 44 38 38 38 38 38 40 40 40 44 44 48 48 48 53 53 53 57 57 59 59 59 59 59 58 58 58 59 59 59 61 61 58 58 58 53 53 50 50 50 50 50 50 53 53 57 57 57 63 63 63 69 69 67 67 67 65 65 64 64 64 58 58 58 58 58 62 62 62 69 69 77 77 77 75 75 75 75
56 61 61 63 63 63 67 67 66 66 66 59 59 59 54 54 44 44 44 38 38 38 38 38 40 40 40 44 44 48 48 48 53 53 53 57 57 59 59 59 59 59 58 58 58 59 59 59 61 61 58 58 58 53 53 50 50 50 50 50 50 53 53 57 57 57 63 63 63 69 69 67 67 67 65 65 64 64 64 58 58 58 58 58 62 62 62 69 69 77 77 77 75 75 75 75
59 65 65 67 67 67 69 69 66 66 66 56 56 56 47 47 37 37 37 34 34 36 36 36 38 38 38 42 42 47 47 47 53 53 53 60 60 61 61 61 61 61 60 60 60 59 59 59 59 59 51 51 51 46 46 46 46 46 47 47 47 51 51 56 56 56 63 63 63 68 68 64 64 64 61 61 61 61 61 58 58 58 60 60 63 63 63 68 68 77 77 77 77 77 77 78
59 65 65 67 67 67 69 69 66 66 66 56 56 56 47 47 37 37 37 34 34 36 36 36 38 38 38 42 42 47 47 47 53 53 53 60 60 61 61 61 61 61 60 60 60 59 59 59 59 59 51 51 51 46 46 46 46 46 47 47 47 51 51 56 56 56 63 63 63 68 68 64 64 64 61 61 61 61 61 58 58 58 60 60 63 63 63 68 68 77 77 77 77 77 77 78
64 71 71 75 75 75 74 74 65 65 65 51 51 51 40 40 32 32 32 31 31 34 34 34 38 38 38 44 44 51 51 51 59 59 59 65 65 62 62 62 59 59 57 57 57 56 56 56 54 54 44 44 44 39 39 42 42 42 46 46 46 51 51 58 58 58 64 64 64 68 68 62 62 62 58 58 60 60 60 59 59 59 61 61 63 63 63 67 67 76 76 76 77 77 77 81
64 71 71 75 75 75 74 74 65 65 65 51 51 51 40 40 32 32 32 31 31 34 34 34 38 38 38 44 44 51 51 51 59 59 59 65 65 62 62 62 59 59 57 57 57 56 56 56 54 54 44 44 44 39 39 42 42 42 46 46 46 51 51 58 58 58 64 64 64 68 68 62 62 62 58 58 60 60 60 59 59 59 61 61 63 63 63 67 67 76 76 76 77 77 77 81
64 71 71 75 75 75 74 74 65 65 65 51 51 51 40 40 32 32 32 31 31 34 34 34 38 38 38 44 44 51 51 51 59 59 59 65 65 62 62 62 59 59 57 57 57 56 56 56 54 54 44 44 44 39 39 42 42 42 46 46 46 51 51 58 58 58 64 64 64 68 68 62 62 62 58 58 60 60 60 59 59 59 61 61 63 63 63 67 67 76 76 76 77 77 77 81
71 80 80 83 83 83 76 76 58 58 58 39 39 39 33 33 31 31 31 33 33 39 39 39 43 43 43 51 51 60 60 60 68 68 68 71 71 62 62 62 53 53 49 49 49 49 49 49 47 47 38 38 38 35 35 41 41 41 47 47 47 54 54 61 61 61 66 66 66 67 67 58 58 58 55 55 58 58 58 58 58 58 60 60 61 61 61 65 65 74 74 74 76 76 76 81
71 80 80 83 83 83 76 76 58 58 58 39 39 39 33 33 31 31 31 33 33 39 39 39 43 43 43 51 51 60 60 60 68 68 68 71 71 62 62 62 53 53 49 49 49 49 49 49 47 47 38 38 38 35 35 41 41 41 47 47 47 54 54 61 61 61 66 66 66 67 67 58 58 58 55 55 58 58 58 58 58 58 60 60 61 61 61 65 65 74 74 74 76 76 76 81
71 80 80 83 83 83 76 76 58 58 58 39 39 39 33 33 31 31 31 33 33 39 39 39 43 43 43 51 51 60 60 60 68 68 68 71 71 62 62 62 53 53 49 49 49 49 49 49 47 47 38 38 38 35 35 41 41 41 47 47 47 54 54 61 61 61 66 66 66 67 67 58 58 58 55 55 58 58 58 58 58 58 60 60 61 61 61 65 65 74 74 74 76 76 76 81
76 84 84 84 84 84 68 68 44 44 44 30 30 30 32 32 36 36 36 41 41 50 50 50 53 53 53 62 62 70 70 70 77 77 77 74 74 58 58 58 44 44 39 39 39 40 40 40 40 40 34 34 34 35 35 42 42 42 50 50 50 58 58 65 65 65 68 68 68 65 65 54 54 54 50 50 54 54 54 55 55 55 58 58 60 60 60 63 63 70 70 70 72 72 72 77
76 84 84 84 84 84 68 68 44 44 44 30 30 30 32 32 36 36 36 41 41 50 50 50 53 53 53 62 62 70 70 70 77 77 77 74 74 58 58 58 44 44 39 39 39 40 40 40 40 40 34 34 34 35 35 42 42 42 50 50 50 58 58 65 65 65 68 68 68 65 65 54 54 54 50 50 54 54 54 55 55 55 58 58 60 60 60 63 63 70 70 70 72 72 72 77
77 82 82 76 76 76 56 56 37 37 37 34 34 34 39 39 42 42 42 49 49 60 60 60 64 64 64 71 71 77 77 77 80 80 80 72 72 51 51 51 36 36 31 31 31 35 35 35 35 35 34 34 34 37 37 44 44 44 53 53 53 62 62 69 69 69 70 70 70 64 64 50 50 50 45 45 51 51 51 53 53 53 56 56 58 58 58 60 60 65 65 65 65 65 65 69
77 82 82 76 76 76 56 56 37 37 37 34 34 34 39 39 42 42 42 49 49 60 60 60 64 64 64 71 71 77 77 77 80 80 80 72 72 51 51 51 36 36 31 31 31 35 35 35 35 35 34 34 34 37 37 44 44 44 53 53 53 62 62 69 69 69 70 70 70 64 64 50 50 50 45 45 51 51 51 53 53 53 56 56 58 58 58 60 60 65 65 65 65 65 65 69
77 82 82 76 76 76 56 56 37 37 37 34 34 34 39 39 42 42 42 49 49 60 60 60 64 64 64 71 71 77 77 77 80 80 80 72 72 51 51 51 36 36 31 31 31 35 35 35 35 35 34 34 34 37 37 44 44 44 53 53 53 62 62 69 69 69 70 70 70 64 64 50 50 50 45 45 51 51 51 53 53 53 56 56 58 58 58 60 60 65 65 65 65 65 65 69
