SEB_model/sample_data_files/historical/hillshade/sepnoon.txt
ncols         559
nrows         351
xllcorner     388608.08691406
yllcorner     7584381.3441773
cellsize      5
NODATA_value  -9999
[rows 240 to 287 of 351, columns 96 to 191 of 559]
91 91 91 90 90 90 85 85 80 80 80 76 76 76 76 76 81 81 81 88 88 90 90 90 90 90 90 92 92 98 98 98 101 101 101 100 100 101 101 101 99 99 96 96 96 94 94 94 91 91 91 91 91 92 92 85 85 85 89 89 89 96 96 98 98 98 97 97 97 91 91 93 93 93 94 94 92 92 92 92 92 92 89 89 89 89 89 87 87 77 77 77 68 68 68 62
99 101 101 102 102 102 102 102 100 100 100 99 99 99 100 100 100 100 100 99 99 94 94 94 88 88 88 86 86 90 90 90 92 92 92 90 90 89 89 89 91 91 95 95 95 96 96 96 92 92 91 91 91 90 90 79 79 79 75 75 75 75 75 80 80 80 86 86 86 85 85 86 86 86 87 87 87 87 87 88 88 88 85 85 82 82 82 80 80 71 71 71 62 62 62 55
99 101 101 102 102 102 102 102 100 100 100 99 99 99 100 100 100 100 100 99 99 94 94 94 88 88 88 86 86 90 90 90 92 92 92 90 90 89 89 89 91 91 95 95 95 96 96 96 92 92 91 91 91 90 90 79 79 79 75 75 75 75 75 80 80 80 86 86 86 85 85 86 86 86 87 87 87 87 87 88 88 88 85 85 82 82 82 80 80 71 71 71 62 62 62 55
99 101 101 102 102 102 102 102 100 100 100 99 99 99 100 100 100 100 100 99 99 94 94 94 88 88 88 86 86 90 90 90 92 92 92 90 90 89 89 89 91 91 95 95 95 96 96 96 92 92 91 91 91 90 90 79 79 79 75 75 75 75 75 80 80 80 86 86 86 85 85 86 86 86 87 87 87 87 87 88 88 88 85 85 82 82 82 80 80 71 71 71 62 62 62 55
107 109 109 113 113 113 116 116 119 119 119 122 122 122 121 121 115 115 115 107 107 100 100 100 93 93 93 89 89 91 91 91 89 89 89 85 85 83 83 83 86 86 92 92 92 93 93 93 88 88 85 85 85 81 81 67 67 67 59 59 59 58 58 66 66 66 77 77 77 79 79 79 79 79 76 76 74 74 74 74 74 74 68 68 64 64 64 62 62 56 56 56 43 43 43 28
107 109 109 113 113 113 116 116 119 119 119 122 122 122 121 121 115 115 115 107 107 100 100 100 93 93 93 89 89 91 91 91 89 89 89 85 85 83 83 83 86 86 92 92 92 93 93 93 88 88 85 85 85 81 81 67 67 67 59 59 59 58 58 66 66 66 77 77 77 79 79 79 79 79 76 76 74 74 74 74 74 74 68 68 64 64 64 62 62 56 56 56 43 43 43 28
113 115 115 120 120 120 125 125 130 130 130 133 133 133 132 132 124 124 124 113 113 104 104 104 98 98 98 94 94 93 93 93 89 89 89 83 83 79 79 79 79 79 84 84 84 85 85 85 84 84 83 83 83 77 77 62 62 62 55 55 55 56 56 61 61 61 70 70 70 74 74 73 73 73 68 68 64 64 64 63 63 63 57 57 51 51 51 50 50 47 47 47 35 35 35 13
113 115 115 120 120 120 125 125 130 130 130 133 133 133 132 132 124 124 124 113 113 104 104 104 98 98 98 94 94 93 93 93 89 89 89 83 83 79 79 79 79 79 84 84 84 85 85 85 84 84 83 83 83 77 77 62 62 62 55 55 55 56 56 61 61 61 70 70 70 74 74 73 73 73 68 68 64 64 64 63 63 63 57 57 51 51 51 50 50 47 47 47 35 35 35 13
113 115 115 120 120 120 125 125 130 130 130 133 133 133 132 132 124 124 124 113 113 104 104 104 98 98 98 94 94 93 93 93 89 89 89 83 83 79 79 79 79 79 84 84 84 85 85 85 84 84 83 83 83 77 77 62 62 62 55 55 55 56 56 61 61 61 70 70 70 74 74 73 73 73 68 68 64 64 64 63 63 63 57 57 51 51 51 50 50 47 47 47 35 35 35 13
116 119 119 123 123 123 128 128 132 132 132 135 135 135 134 134 128 128 128 118 118 108 108 108 99 99 99 94 94 92 92 92 88 88 88 83 83 78 78 78 75 75 80 80 80 88 88 88 91 91 93 93 93 88 88 73 73 73 63 63 63 58 58 56 56 56 61 61 61 65 65 67 67 67 64 64 62 62 62 63 63 63 60 60 55 55 55 49 49 43 43 43 32 32 32 8
116 119 119 123 123 123 128 128 132 132 132 135 135 135 134 134 128 128 128 118 118 108 108 108 99 99 99 94 94 92 92 92 88 88 88 83 83 78 78 78 75 75 80 80 80 88 88 88 91 91 93 93 93 88 88 73 73 73 63 63 63 58 58 56 56 56 61 61 61 65 65 67 67 67 64 64 62 62 62 63 63 63 60 60 55 55 55 49 49 43 43 43 32 32 32 8
116 119 119 123 123 123 128 128 132 132 132 135 135 135 134 134 128 128 128 118 118 108 108 108 99 99 99 94 94 92 92 92 88 88 88 83 83 78 78 78 75 75 80 80 80 88 88 88 91 91 93 93 93 88 88 73 73 73 63 63 63 58 58 56 56 56 61 61 61 65 65 67 67 67 64 64 62 62 62 63 63 63 60 60 55 55 55 49 49 43 43 43 32 32 32 8
121 125 125 126 126 126 127 127 128 128 128 131 131 131 132 132 130 130 130 124 124 114 114 114 103 103 103 95 95 92 92 92 89 89 89 84 84 80 80 80 75 75 78 78 78 90 90 90 100 100 103 103 103 99 99 85 85 85 72 72 72 62 62 55 55 55 55 55 55 60 60 67 67 67 68 68 69 69 69 73 73 73 72 72 67 67 67 61 61 55 55 55 49 49 49 29
121 125 125 126 126 126 127 127 128 128 128 131 131 131 132 132 130 130 130 124 124 114 114 114 103 103 103 95 95 92 92 92 89 89 89 84 84 80 80 80 75 75 78 78 78 90 90 90 100 100 103 103 103 99 99 85 85 85 72 72 72 62 62 55 55 55 55 55 55 60 60 67 67 67 68 68 69 69 69 73 73 73 72 72 67 67 67 61 61 55 55 55 49 49 49 29
130 134 134 129 129 129 122 122 122 122 122 126 126 126 130 130 130 130 130 127 127 120 120 120 110 110 110 100 100 94 94 94 91 91 91 87 87 84 84 84 80 80 80 80 80 85 85 85 92 92 104 104 104 112 112 103 103 103 84 84 84 65 65 55 55 55 52 52 52 54 54 64 64 64 67 67 66 66 66 68 68 68 66 66 63 63 63 61 61 63 63 63 68 68 68 62
130 134 134 129 129 129 122 122 122 122 122 126 126 126 130 130 130 130 130 127 127 120 120 120 110 110 110 100 100 94 94 94 91 91 91 87 87 84 84 84 80 80 80 80 80 85 85 85 92 92 104 104 104 112 112 103 103 103 84 84 84 65 65 55 55 55 52 52 52 54 54 64 64 64 67 67 66 66 66 68 68 68 66 66 63 63 63 61 61 63 63 63 68 68 68 62
130 134 134 129 129 129 122 122 122 122 122 126 126 126 130 130 130 130 130 127 127 120 120 120 110 110 110 100 100 94 94 94 91 91 91 87 87 84 84 84 80 80 80 80 80 85 85 85 92 92 104 104 104 112 112 103 103 103 84 84 84 65 65 55 55 55 52 52 52 54 54 64 64 64 67 67 66 66 66 68 68 68 66 66 63 63 63 61 61 63 63 63 68 68 68 62
137 139 139 130 130 130 120 120 119 119 119 125 125 125 128 128 128 128 128 125 125 120 120 120 113 113 113 102 102 96 96 96 93 93 93 90 90 88 88 88 86 86 86 86 86 86 86 86 90 90 99 99 99 112 112 113 113 113 96 96 96 72 72 56 56 56 49 49 49 48 48 54 54 54 53 53 46 46 46 44 44 44 44 44 47 47 47 53 53 59 59 59 63 63 63 58
137 139 139 130 130 130 120 120 119 119 119 125 125 125 128 128 128 128 128 125 125 120 120 120 113 113 113 102 102 96 96 96 93 93 93 90 90 88 88 88 86 86 86 86 86 86 86 86 90 90 99 99 99 112 112 113 113 113 96 96 96 72 72 56 56 56 49 49 49 48 48 54 54 54 53 53 46 46 46 44 44 44 44 44 47 47 47 53 53 59 59 59 63 63 63 58
128 129 129 125 125 125 123 123 122 122 122 126 126 126 126 126 123 123 123 118 118 112 112 112 106 106 106 98 98 94 94 94 92 92 92 91 91 90 90 90 90 90 91 91 91 93 93 93 96 96 100 100 100 106 106 112 112 112 109 109 109 90 90 71 71 71 60 60 60 53 53 52 52 52 48 48 41 41 41 39 39 39 39 39 41 41 41 44 44 45 45 45 44 44 44 40
128 129 129 125 125 125 123 123 122 122 122 126 126 126 126 126 123 123 123 118 118 112 112 112 106 106 106 98 98 94 94 94 92 92 92 91 91 90 90 90 90 90 91 91 91 93 93 93 96 96 100 100 100 106 106 112 112 112 109 109 109 90 90 71 71 71 60 60 60 53 53 52 52 52 48 48 41 41 41 39 39 39 39 39 41 41 41 44 44 45 45 45 44 44 44 40
128 129 129 125 125 125 123 123 122 122 122 126 126 126 126 126 123 123 123 118 118 112 112 112 106 106 106 98 98 94 94 94 92 92 92 91 91 90 90 90 90 90 91 91 91 93 93 93 96 96 100 100 100 106 106 112 112 112 109 109 109 90 90 71 71 71 60 60 60 53 53 52 52 52 48 48 41 41 41 39 39 39 39 39 41 41 41 44 44 45 45 45 44 44 44 40
111 110 110 118 118 118 127 127 126 126 126 126 126 126 123 123 116 116 116 107 107 98 98 98 94 94 94 91 91 90 90 90 91 91 91 91 91 91 91 91 91 91 94 94 94 97 97 97 100 100 105 105 105 109 109 111 111 111 107 107 107 88 88 68 68 68 55 55 55 46 46 43 43 43 40 40 37 37 37 37 37 37 36 36 34 34 34 31 31 23 23 23 0 0 0 0
111 110 110 118 118 118 127 127 126 126 126 126 126 126 123 123 116 116 116 107 107 98 98 98 94 94 94 91 91 90 90 90 91 91 91 91 91 91 91 91 91 91 94 94 94 97 97 97 100 100 105 105 105 109 109 111 111 111 107 107 107 88 88 68 68 68 55 55 55 46 46 43 43 43 40 40 37 37 37 37 37 37 36 36 34 34 34 31 31 23 23 23 0 0 0 0
111 110 110 118 118 118 127 127 126 126 126 126 126 126 123 123 116 116 116 107 107 98 98 98 94 94 94 91 91 90 90 90 91 91 91 91 91 91 91 91 91 91 94 94 94 97 97 97 100 100 105 105 105 109 109 111 111 111 107 107 107 88 88 68 68 68 55 55 55 46 46 43 43 43 40 40 37 37 37 37 37 37 36 36 34 34 34 31 31 23 23 23 0 0 0 0
101 107 107 119 119 119 128 128 126 126 126 121 121 121 114 114 106 106 106 99 99 93 93 93 90 90 90 88 88 86 86 86 87 87 87 90 90 92 92 92 93 93 95 95 95 99 99 99 102 102 107 107 107 109 109 107 107 107 96 96 96 76 76 59 59 59 48 48 48 39 39 37 37 37 37 37 36 36 36 37 37 37 33 33 28 28 28 21 21 14 14 14 15 15 15 14
101 107 107 119 119 119 128 128 126 126 126 121 121 121 114 114 106 106 106 99 99 93 93 93 90 90 90 88 88 86 86 86 87 87 87 90 90 92 92 92 93 93 95 95 95 99 99 99 102 102 107 107 107 109 109 107 107 107 96 96 96 76 76 59 59 59 48 48 48 39 39 37 37 37 37 37 36 36 36 37 37 37 33 33 28 28 28 21 21 14 14 14 15 15 15 14
97 111 111 120 120 120 123 123 118 118 118 112 112 112 106 106 101 101 101 97 97 92 92 92 89 89 89 85 85 81 81 81 80 80 80 83 83 87 87 87 90 90 94 94 94 96 96 96 97 97 96 96 96 92 92 83 83 83 73 73 73 62 62 49 49 49 40 40 40 35 35 35 35 35 36 36 34 34 34 34 34 34 29 29 22 22 22 17 17 14 14 14 18 18 18 18
97 111 111 120 120 120 123 123 118 118 118 112 112 112 106 106 101 101 101 97 97 92 92 92 89 89 89 85 85 81 81 81 80 80 80 83 83 87 87 87 90 90 94 94 94 96 96 96 97 97 96 96 96 92 92 83 83 83 73 73 73 62 62 49 49 49 40 40 40 35 35 35 35 35 36 36 34 34 34 34 34 34 29 29 22 22 22 17 17 14 14 14 18 18 18 18
97 111 111 120 120 120 123 123 118 118 118 112 112 112 106 106 101 101 101 97 97 92 92 92 89 89 89 85 85 81 81 81 80 80 80 83 83 87 87 87 90 90 94 94 94 96 96 96 97 97 96 96 96 92 92 83 83 83 73 73 73 62 62 49 49 49 40 40 40 35 35 35 35 35 36 36 34 34 34 34 34 34 29 29 22 22 22 17 17 14 14 14 18 18 18 18
95 111 111 117 117 117 115 115 110 110 110 107 107 107 105 105 103 103 103 99 99 92 92 92 87 87 87 81 81 77 77 77 74 74 74 74 74 80 80 80 87 87 92 92 92 94 94 94 89 89 80 80 80 67 67 52 52 52 46 46 46 44 44 38 38 38 32 32 32 27 27 28 28 28 29 29 28 28 28 27 27 27 21 21 15 15 15 10 10 6 6 6 0 0 0 3
95 111 111 117 117 117 115 115 110 110 110 107 107 107 105 105 103 103 103 99 99 92 92 92 87 87 87 81 81 77 77 77 74 74 74 74 74 80 80 80 87 87 92 92 92 94 94 94 89 89 80 80 80 67 67 52 52 52 46 46 46 44 44 38 38 38 32 32 32 27 27 28 28 28 29 29 28 28 28 27 27 27 21 21 15 15 15 10 10 6 6 6 0 0 0 3
93 105 105 110 110 110 107 107 104 104 104 105 105 105 106 106 104 104 104 100 100 93 93 93 88 88 88 83 83 79 79 79 77 77 77 75 75 81 81 81 89 89 94 94 94 91 91 91 81 81 69 69 69 55 55 44 44 44 42 42 42 45 45 49 49 49 47 47 47 41 41 41 41 41 42 42 41 41 41 41 41 41 34 34 24 24 24 15 15 9 9 9 7 7 7 8
93 105 105 110 110 110 107 107 104 104 104 105 105 105 106 106 104 104 104 100 100 93 93 93 88 88 88 83 83 79 79 79 77 77 77 75 75 81 81 81 89 89 94 94 94 91 91 91 81 81 69 69 69 55 55 44 44 44 42 42 42 45 45 49 49 49 47 47 47 41 41 41 41 41 42 42 41 41 41 41 41 41 34 34 24 24 24 15 15 9 9 9 7 7 7 8
93 105 105 110 110 110 107 107 104 104 104 105 105 105 106 106 104 104 104 100 100 93 93 93 88 88 88 83 83 79 79 79 77 77 77 75 75 81 81 81 89 89 94 94 94 91 91 91 81 81 69 69 69 55 55 44 44 44 42 42 42 45 45 49 49 49 47 47 47 41 41 41 41 41 42 42 41 41 41 41 41 41 34 34 24 24 24 15 15 9 9 9 7 7 7 8
91 98 98 104 104 104 105 105 105 105 105 106 106 106 107 107 103 103 103 98 98 91 91 91 87 87 87 83 83 79 79 79 76 76 76 78 78 83 83 83 86 86 84 84 84 77 77 77 68 68 59 59 59 51 51 48 48 48 52 52 52 59 59 64 64 64 63 63 63 54 54 48 48 48 45 45 43 43 43 42 42 42 36 36 24 24 24 14 14 10 10 10 9 9 9 8
91 98 98 104 104 104 105 105 105 105 105 106 106 106 107 107 103 103 103 98 98 91 91 91 87 87 87 83 83 79 79 79 76 76 76 78 78 83 83 83 86 86 84 84 84 77 77 77 68 68 59 59 59 51 51 48 48 48 52 52 52 59 59 64 64 64 63 63 63 54 54 48 48 48 45 45 43 43 43 42 42 42 36 36 24 24 24 14 14 10 10 10 9 9 9 8
91 98 98 104 104 104 105 105 105 105 105 106 106 106 107 107 103 103 103 98 98 91 91 91 87 87 87 83 83 79 79 79 76 76 76 78 78 83 83 83 86 86 84 84 84 77 77 77 68 68 59 59 59 51 51 48 48 48 52 52 52 59 59 64 64 64 63 63 63 54 54 48 48 48 45 45 43 43 43 42 42 42 36 36 24 24 24 14 14 10 10 10 9 9 9 8
90 93 93 102 102 102 106 106 107 107 107 105 105 105 104 104 100 100 100 94 94 88 88 88 85 85 85 81 81 76 76 76 75 75 75 79 79 83 83 83 78 78 67 67 67 59 59 59 54 54 51 51 51 50 50 55 55 55 65 65 65 75 75 79 79 79 75 75 75 61 61 47 47 47 37 37 32 32 32 30 30 30 26 26 19 19 19 12 12 6 6 6 3 3 3 2
90 93 93 102 102 102 106 106 107 107 107 105 105 105 104 104 100 100 100 94 94 88 88 88 85 85 85 81 81 76 76 76 75 75 75 79 79 83 83 83 78 78 67 67 67 59 59 59 54 54 51 51 51 50 50 55 55 55 65 65 65 75 75 79 79 79 75 75 75 61 61 47 47 47 37 37 32 32 32 30 30 30 26 26 19 19 19 12 12 6 6 6 3 3 3 2
93 93 93 100 100 100 103 103 102 102 102 99 99 99 98 98 95 95 95 91 91 89 89 89 86 86 86 81 81 79 79 79 79 79 79 81 81 79 79 79 71 71 60 60 60 54 54 54 54 54 57 57 57 64 64 74 74 74 85 85 85 92 92 92 92 92 87 87 87 75 75 62 62 62 49 49 39 39 39 35 35 35 32 32 30 30 30 25 25 18 18 18 13 13 13 9
93 93 93 100 100 100 103 103 102 102 102 99 99 99 98 98 95 95 95 91 91 89 89 89 86 86 86 81 81 79 79 79 79 79 79 81 81 79 79 79 71 71 60 60 60 54 54 54 54 54 57 57 57 64 64 74 74 74 85 85 85 92 92 92 92 92 87 87 87 75 75 62 62 62 49 49 39 39 39 35 35 35 32 32 30 30 30 25 25 18 18 18 13 13 13 9
93 93 93 100 100 100 103 103 102 102 102 99 99 99 98 98 95 95 95 91 91 89 89 89 86 86 86 81 81 79 79 79 79 79 79 81 81 79 79 79 71 71 60 60 60 54 54 54 54 54 57 57 57 64 64 74 74 74 85 85 85 92 92 92 92 92 87 87 87 75 75 62 62 62 49 49 39 39 39 35 35 35 32 32 30 30 30 25 25 18 18 18 13 13 13 9
97 96 96 100 100 100 101 101 99 99 99 96 96 96 95 95 93 93 93 90 90 86 86 86 83 83 83 82 82 85 85 85 86 86 86 82 82 75 75 75 67 67 61 61 61 58 58 58 58 58 62 62 62 70 70 78 78 78 84 84 84 87 87 85 85 85 82 82 82 76 76 67 67 67 55 55 41 41 41 35 35 35 34 34 34 34 34 32 32 28 28 28 21 21 21 13
97 96 96 100 100 100 101 101 99 99 99 96 96 96 95 95 93 93 93 90 90 86 86 86 83 83 83 82 82 85 85 85 86 86 86 82 82 75 75 75 67 67 61 61 61 58 58 58 58 58 62 62 62 70 70 78 78 78 84 84 84 87 87 85 85 85 82 82 82 76 76 67 67 67 55 55 41 41 41 35 35 35 34 34 34 34 34 32 32 28 28 28 21 21 21 13
97 96 96 100 100 100 101 101 99 99 99 96 96 96 95 95 93 93 93 90 90 86 86 86 83 83 83 82 82 85 85 85 86 86 86 82 82 75 75 75 67 67 61 61 61 58 58 58 58 58 62 62 62 70 70 78 78 78 84 84 84 87 87 85 85 85 82 82 82 76 76 67 67 67 55 55 41 41 41 35 35 35 34 34 34 34 34 32 32 28 28 28 21 21 21 13
96 94 94 97 97 97 98 98 98 98 98 96 96 96 92 92 89 89 89 85 85 82 82 82 83 83 83 87 87 93 93 93 93 93 93 85 85 75 75 75 66 66 63 63 63 62 62 62 60 60 62 62 62 65 65 68 68 68 71 71 71 71 71 70 70 70 68 68 68 64 64 59 59 59 50 50 39 39 39 33 33 33 33 33 33 33 33 32 32 27 27 27 20 20 20 9
96 94 94 97 97 97 98 98 98 98 98 96 96 96 92 92 89 89 89 85 85 82 82 82 83 83 83 87 87 93 93 93 93 93 93 85 85 75 75 75 66 66 63 63 63 62 62 62 60 60 62 62 62 65 65 68 68 68 71 71 71 71 71 70 70 70 68 68 68 64 64 59 59 59 50 50 39 39 39 33 33 33 33 33 33 33 33 32 32 27 27 27 20 20 20 9
