SEB_model/sample_data_files/historical/hillshade/sepnoon.txt
ncols         559
nrows         351
xllcorner     388608.08691406
yllcorner     7584381.3441773
cellsize      5
NODATA_value  -9999
[rows 96 to 143 of 351, columns 96 to 191 of 559]
178 181 181 184 184 184 186 186 189 189 189 191 191 191 191 191 190 190 190 189 189 189 189 -9999 -9999 -9999 -9999 -9999 -9999 -9999 -9999 188 188 188 188 188 188 189 189 -9999 -9999 -9999 -9999 -9999 -9999 -9999 -9999 -9999 -9999 -9999 -9999 -9999 -9999 -9999 -9999 -9999 -9999 -9999 -9999 -9999 -9999 -9999 -9999 -9999 -9999 -9999 -9999 -9999 -9999 -9999 -9999 -9999 -9999 -9999 -9999 -9999 -9999 -9999 -9999 -9999 -9999 -9999 190 190 190 190 190 190 190 189 189 189 187 187 187 185
176 177 177 179 179 179 181 181 183 183 183 185 185 185 188 188 190 190 190 190 190 188 -9999 -9999 -9999 -9999 -9999 -9999 -9999 187 187 187 187 187 187 188 188 189 189 189 -9999 -9999 -9999 -9999 -9999 -9999 -9999 -9999 -9999 -9999 -9999 -9999 -9999 -9999 -9999 -9999 -9999 -9999 -9999 -9999 -9999 -9999 -9999 -9999 -9999 -9999 -9999 -9999 -9999 -9999 -9999 -9999 -9999 -9999 -9999 -9999 -9999 -9999 -9999 -9999 190 190 189 189 188 188 188 188 188 187 187 187 186 186 186 184
176 177 177 179 179 179 181 181 183 183 183 185 185 185 188 188 190 190 190 190 190 188 188 188 -9999 -9999 -9999 186 186 187 187 187 187 187 187 188 188 189 189 189 190 190 -9999 -9999 -9999 -9999 -9999 -9999 -9999 -9999 -9999 -9999 -9999 -9999 -9999 -9999 -9999 -9999 -9999 -9999 -9999 -9999 -9999 -9999 -9999 -9999 -9999 -9999 -9999 -9999 -9999 -9999 -9999 -9999 -9999 -9999 -9999 -9999 -9999 190 190 190 189 189 188 188 188 188 188 187 187 187 186 186 186 184
176 177 177 179 179 179 181 181 183 183 183 185 185 185 188 188 190 190 190 190 190 188 188 188 187 187 187 186 186 187 187 187 187 187 187 188 188 189 189 189 190 190 192 192 192 -9999 -9999 -9999 -9999 -9999 -9999 -9999 -9999 -9999 -9999 -9999 -9999 -9999 -9999 -9999 -9999 -9999 -9999 -9999 -9999 -9999 -9999 -9999 -9999 -9999 -9999 -9999 -9999 -9999 -9999 -9999 -9999 -9999 190 190 190 190 189 189 188 188 188 188 188 187 187 187 186 186 186 184
178 176 176 176 176 176 177 177 179 179 179 182 182 182 186 186 191 191 191 191 191 189 189 189 187 187 187 186 186 186 186 186 187 187 187 188 188 189 189 189 189 189 190 190 190 193 193 -9999 -9999 -9999 -9999 -9999 -9999 -9999 -9999 -9999 -9999 -9999 -9999 -9999 -9999 -9999 -9999 -9999 -9999 -9999 -9999 -9999 -9999 -9999 -9999 -9999 -9999 -9999 -9999 190 190 190 190 190 190 190 189 189 189 189 189 188 188 186 186 186 185 185 185 182
178 176 176 176 176 176 177 177 179 179 179 182 182 182 186 186 191 191 191 191 191 189 189 189 187 187 187 186 186 186 186 186 187 187 187 188 188 189 189 189 189 189 190 190 190 193 193 193 195 -9999 -9999 -9999 -9999 -9999 -9999 -9999 -9999 -9999 -9999 -9999 -9999 -9999 -9999 -9999 -9999 -9999 -9999 -9999 -9999 -9999 -9999 -9999 -9999 -9999 190 190 190 190 190 190 190 190 189 189 189 189 189 188 188 186 186 186 185 185 185 182
171 171 171 173 173 173 177 177 181 181 181 184 184 184 186 186 189 189 189 190 190 190 190 190 188 188 188 187 187 187 187 187 188 188 188 189 189 189 189 189 189 189 189 189 189 191 191 191 194 194 195 -9999 -9999 -9999 -9999 -9999 -9999 -9999 -9999 -9999 -9999 -9999 -9999 -9999 -9999 -9999 -9999 -9999 -9999 -9999 -9999 -9999 -9999 191 190 190 190 190 190 190 190 190 189 189 187 187 187 183 183 180 180 180 177 177 177 172
171 171 171 173 173 173 177 177 181 181 181 184 184 184 186 186 189 189 189 190 190 190 190 190 188 188 188 187 187 187 187 187 188 188 188 189 189 189 189 189 189 189 189 189 189 191 191 191 194 194 195 195 195 196 196 196 196 196 195 195 195 194 194 -9999 -9999 -9999 -9999 -9999 -9999 -9999 -9999 -9999 -9999 191 190 190 190 190 190 190 190 190 189 189 187 187 187 183 183 180 180 180 177 177 177 172
171 171 171 173 173 173 177 177 181 181 181 184 184 184 186 186 189 189 189 190 190 190 190 190 188 188 188 187 187 187 187 187 188 188 188 189 189 189 189 189 189 189 189 189 189 191 191 191 194 194 195 195 195 196 196 196 196 196 195 195 195 194 194 193 193 -9999 -9999 -9999 -9999 -9999 -9999 -9999 191 191 190 190 190 190 190 190 190 190 189 189 187 187 187 183 183 180 180 180 177 177 177 172
177 181 181 185 185 185 187 187 190 190 190 192 192 192 192 192 193 193 193 194 194 193 193 193 191 191 191 189 189 188 188 188 188 188 188 189 189 189 189 189 190 190 190 190 190 191 191 191 193 193 195 195 195 196 196 196 196 196 195 195 195 194 194 193 193 193 193 -9999 -9999 -9999 -9999 191 191 191 191 191 190 190 190 188 188 188 185 185 181 181 181 177 177 173 173 173 171 171 171 168
177 181 181 185 185 185 187 187 190 190 190 192 192 192 192 192 193 193 193 194 194 193 193 193 191 191 191 189 189 188 188 188 188 188 188 189 189 189 189 189 190 190 190 190 190 191 191 191 193 193 195 195 195 196 196 196 196 196 195 195 195 194 194 193 193 193 193 193 193 192 192 191 191 191 191 191 190 190 190 188 188 188 185 185 181 181 181 177 177 173 173 173 171 171 171 168
177 181 181 185 185 185 187 187 190 190 190 192 192 192 192 192 193 193 193 194 194 193 193 193 191 191 191 189 189 188 188 188 188 188 188 189 189 189 189 189 190 190 190 190 190 191 191 191 193 193 195 195 195 196 196 196 196 196 195 195 195 194 194 193 193 193 193 193 193 192 192 191 191 191 191 191 190 190 190 188 188 188 185 185 181 181 181 177 177 173 173 173 171 171 171 168
185 187 187 190 190 190 191 191 193 193 193 195 195 195 195 195 195 195 195 195 195 194 194 194 194 194 194 192 192 190 190 190 188 188 188 188 188 189 189 189 190 190 192 192 192 193 193 193 194 194 195 195 195 195 195 194 194 194 192 192 192 189 189 187 187 187 185 185 185 184 184 183 183 183 181 181 179 179 179 178 178 178 175 175 172 172 172 170 170 167 167 167 168 168 168 168
185 187 187 190 190 190 191 191 193 193 193 195 195 195 195 195 195 195 195 195 195 194 194 194 194 194 194 192 192 190 190 190 188 188 188 188 188 189 189 189 190 190 192 192 192 193 193 193 194 194 195 195 195 195 195 194 194 194 192 192 192 189 189 187 187 187 185 185 185 184 184 183 183 183 181 181 179 179 179 178 178 178 175 175 172 172 172 170 170 167 167 167 168 168 168 168
190 192 192 194 194 194 196 196 197 197 197 198 198 198 197 197 195 195 195 193 193 192 192 192 191 191 191 189 189 187 187 187 185 185 185 185 185 186 186 186 188 188 190 190 190 191 191 191 191 191 190 190 190 188 188 184 184 184 181 181 181 178 178 175 175 175 173 173 173 171 171 171 171 171 168 168 166 166 166 165 165 165 165 165 166 166 166 165 165 164 164 164 164 164 164 166
190 192 192 194 194 194 196 196 197 197 197 198 198 198 197 197 195 195 195 193 193 192 192 192 191 191 191 189 189 187 187 187 185 185 185 185 185 186 186 186 188 188 190 190 190 191 191 191 191 191 190 190 190 188 188 184 184 184 181 181 181 178 178 175 175 175 173 173 173 171 171 171 171 171 168 168 166 166 166 165 165 165 165 165 166 166 166 165 165 164 164 164 164 164 164 166
190 192 192 194 194 194 196 196 197 197 197 198 198 198 197 197 195 195 195 193 193 192 192 192 191 191 191 189 189 187 187 187 185 185 185 185 185 186 186 186 188 188 190 190 190 191 191 191 191 191 190 190 190 188 188 184 184 184 181 181 181 178 178 175 175 175 173 173 173 171 171 171 171 171 168 168 166 166 166 165 165 165 165 165 166 166 166 165 165 164 164 164 164 164 164 166
193 193 193 195 195 195 197 197 198 198 198 199 199 199 197 197 194 194 194 191 191 188 188 188 186 186 186 184 184 184 184 184 184 184 184 185 185 186 186 186 187 187 187 187 187 186 186 186 185 185 182 182 182 177 177 172 172 172 170 170 170 169 169 168 168 168 167 167 167 166 166 165 165 165 164 164 162 162 162 162 162 162 163 163 164 164 164 162 162 160 160 160 160 160 160 161
193 193 193 195 195 195 197 197 198 198 198 199 199 199 197 197 194 194 194 191 191 188 188 188 186 186 186 184 184 184 184 184 184 184 184 185 185 186 186 186 187 187 187 187 187 186 186 186 185 185 182 182 182 177 177 172 172 172 170 170 170 169 169 168 168 168 167 167 167 166 166 165 165 165 164 164 162 162 162 162 162 162 163 163 164 164 164 162 162 160 160 160 160 160 160 161
170 173 173 176 176 176 180 180 181 181 181 179 179 179 175 175 172 172 172 170 170 170 170 170 171 171 171 172 172 175 175 175 178 178 178 181 181 184 184 184 183 183 180 180 180 176 176 176 172 172 168 168 168 164 164 161 161 161 160 160 160 159 159 159 159 159 159 159 159 159 159 158 158 158 156 156 155 155 155 154 154 154 154 154 153 153 153 150 150 147 147 147 146 146 146 146
170 173 173 176 176 176 180 180 181 181 181 179 179 179 175 175 172 172 172 170 170 170 170 170 171 171 171 172 172 175 175 175 178 178 178 181 181 184 184 184 183 183 180 180 180 176 176 176 172 172 168 168 168 164 164 161 161 161 160 160 160 159 159 159 159 159 159 159 159 159 159 158 158 158 156 156 155 155 155 154 154 154 154 154 153 153 153 150 150 147 147 147 146 146 146 146
170 173 173 176 176 176 180 180 181 181 181 179 179 179 175 175 172 172 172 170 170 170 170 170 171 171 171 172 172 175 175 175 178 178 178 181 181 184 184 184 183 183 180 180 180 176 176 176 172 172 168 168 168 164 164 161 161 161 160 160 160 159 159 159 159 159 159 159 159 159 159 158 158 158 156 156 155 155 155 154 154 154 154 154 153 153 153 150 150 147 147 147 146 146 146 146
140 145 145 150 150 150 153 153 151 151 151 143 143 143 135 135 135 135 135 139 139 145 145 145 152 152 152 158 158 164 164 164 170 170 170 175 175 178 178 178 176 176 170 170 170 163 163 163 157 157 153 153 153 151 151 150 150 150 150 150 150 152 152 153 153 153 155 155 155 155 155 154 154 154 152 152 148 148 148 146 146 146 144 144 142 142 142 140 140 136 136 136 133 133 133 130
140 145 145 150 150 150 153 153 151 151 151 143 143 143 135 135 135 135 135 139 139 145 145 145 152 152 152 158 158 164 164 164 170 170 170 175 175 178 178 178 176 176 170 170 170 163 163 163 157 157 153 153 153 151 151 150 150 150 150 150 150 152 152 153 153 153 155 155 155 155 155 154 154 154 152 152 148 148 148 146 146 146 144 144 142 142 142 140 140 136 136 136 133 133 133 130
140 145 145 150 150 150 153 153 151 151 151 143 143 143 135 135 135 135 135 139 139 145 145 145 152 152 152 158 158 164 164 164 170 170 170 175 175 178 178 178 176 176 170 170 170 163 163 163 157 157 153 153 153 151 151 150 150 150 150 150 150 152 152 153 153 153 155 155 155 155 155 154 154 154 152 152 148 148 148 146 146 146 144 144 142 142 142 140 140 136 136 136 133 133 133 130
119 120 120 119 119 119 114 114 106 106 106 102 102 102 104 104 111 111 111 119 119 128 128 128 139 139 139 147 147 154 154 154 160 160 160 163 163 164 164 164 160 160 153 153 153 146 146 146 140 140 138 138 138 138 138 139 139 139 141 141 141 143 143 146 146 146 148 148 148 149 149 148 148 148 145 145 140 140 140 138 138 138 136 136 134 134 134 131 131 127 127 127 123 123 123 117
119 120 120 119 119 119 114 114 106 106 106 102 102 102 104 104 111 111 111 119 119 128 128 128 139 139 139 147 147 154 154 154 160 160 160 163 163 164 164 164 160 160 153 153 153 146 146 146 140 140 138 138 138 138 138 139 139 139 141 141 141 143 143 146 146 146 148 148 148 149 149 148 148 148 145 145 140 140 140 138 138 138 136 136 134 134 134 131 131 127 127 127 123 123 123 117
100 97 97 0 0 0 0 0 0 0 0 0 0 0 0 0 0 0 0 0 0 0 0 0 0 0 0 0 0 0 0 0 0 0 0 0 0 0 0 0 121 121 118 118 118 116 116 116 115 115 116 116 116 118 118 120 120 120 122 122 122 124 124 126 126 126 128 128 128 129 129 129 129 129 127 127 125 125 125 124 124 124 123 123 122 122 122 120 120 116 116 116 110 110 110 101
100 97 97 0 0 0 0 0 0 0 0 0 0 0 0 0 0 0 0 0 0 0 0 0 0 0 0 0 0 0 0 0 0 0 0 0 0 0 0 0 121 121 118 118 118 116 116 116 115 115 116 116 116 118 118 120 120 120 122 122 122 124 124 126 126 126 128 128 128 129 129 129 129 129 127 127 125 125 125 124 124 124 123 123 122 122 122 120 120 116 116 116 110 110 110 101
100 97 97 0 0 0 0 0 0 0 0 0 0 0 0 0 0 0 0 0 0 0 0 0 0 0 0 0 0 0 0 0 0 0 0 0 0 0 0 0 121 121 118 118 118 116 116 116 115 115 116 116 116 118 118 120 120 120 122 122 122 124 124 126 126 126 128 128 128 129 129 129 129 129 127 127 125 125 125 124 124 124 123 123 122 122 122 120 120 116 116 116 110 110 110 101
0 0 0 0 0 0 0 0 0 0 0 0 0 0 0 0 0 0 0 0 0 0 0 0 0 0 0 0 0 0 0 0 0 0 0 0 0 0 0 0 0 0 0 0 0 91 91 91 94 94 98 98 98 102 102 105 105 105 107 107 107 108 108 107 107 107 106 106 106 107 107 109 109 109 111 111 113 113 113 115 115 115 115 115 115 115 115 113 113 110 110 110 107 107 107 99
0 0 0 0 0 0 0 0 0 0 0 0 0 0 0 0 0 0 0 0 0 0 0 0 0 0 0 0 0 0 0 0 0 0 0 0 0 0 0 0 0 0 0 0 0 91 91 91 94 94 98 98 98 102 102 105 105 105 107 107 107 108 108 107 107 107 106 106 106 107 107 109 109 109 111 111 113 113 113 115 115 115 115 115 115 115 115 113 113 110 110 110 107 107 107 99
0 0 0 0 0 0 0 0 0 0 0 0 0 0 0 0 0 0 0 0 0 0 0 0 0 0 0 0 0 0 0 0 0 0 0 0 0 0 0 0 0 0 0 0 0 91 91 91 94 94 98 98 98 102 102 105 105 105 107 107 107 108 108 107 107 107 106 106 106 107 107 109 109 109 111 111 113 113 113 115 115 115 115 115 115 115 115 113 113 110 110 110 107 107 107 99
0 0 0 0 0 0 0 0 0 0 0 0 0 0 0 0 0 0 0 0 0 0 0 0 0 0 0 0 0 0 0 0 0 0 0 0 0 0 0 0 0 0 0 0 0 0 0 0 0 0 91 91 91 94 94 97 97 97 97 97 97 95 95 92 92 92 89 89 89 90 90 96 96 96 101 101 105 105 105 108 108 108 109 109 108 108 108 106 106 104 104 104 104 104 104 102
0 0 0 0 0 0 0 0 0 0 0 0 0 0 0 0 0 0 0 0 0 0 0 0 0 0 0 0 0 0 0 0 0 0 0 0 0 0 0 0 0 0 0 0 0 0 0 0 0 0 91 91 91 94 94 97 97 97 97 97 97 95 95 92 92 92 89 89 89 90 90 96 96 96 101 101 105 105 105 108 108 108 109 109 108 108 108 106 106 104 104 104 104 104 104 102
0 0 0 0 0 0 0 0 0 0 0 0 0 0 0 0 0 0 0 0 0 0 0 0 0 0 0 0 0 0 0 0 0 0 0 0 0 0 0 0 0 0 0 0 0 0 0 0 0 0 0 0 0 89 89 89 89 89 87 87 87 84 84 82 82 82 79 79 79 81 81 88 88 88 95 95 100 100 100 103 103 103 103 103 101 101 101 99 99 96 96 96 96 96 96 100
0 0 0 0 0 0 0 0 0 0 0 0 0 0 0 0 0 0 0 0 0 0 0 0 0 0 0 0 0 0 0 0 0 0 0 0 0 0 0 0 0 0 0 0 0 0 0 0 0 0 0 0 0 89 89 89 89 89 87 87 87 84 84 82 82 82 79 79 79 81 81 88 88 88 95 95 100 100 100 103 103 103 103 103 101 101 101 99 99 96 96 96 96 96 96 100
0 0 0 0 0 0 0 0 0 0 0 0 0 0 0 0 0 0 0 0 0 0 0 0 0 0 0 0 0 0 0 0 0 0 0 0 0 0 0 0 0 0 0 0 0 0 0 0 0 0 0 0 0 89 89 89 89 89 87 87 87 84 84 82 82 82 79 79 79 81 81 88 88 88 95 95 100 100 100 103 103 103 103 103 101 101 101 99 99 96 96 96 96 96 96 100
0 0 0 0 0 0 0 0 0 0 0 0 0 0 0 0 0 0 0 0 0 0 0 0 0 0 0 0 0 0 0 0 0 0 0 0 0 0 0 0 0 0 0 0 0 0 0 0 0 0 0 0 0 0 0 0 0 0 79 79 79 77 77 76 76 76 76 76 76 78 78 84 84 84 91 91 95 95 95 98 98 98 98 98 95 95 95 94 94 98 98 98 118 118 118 147
0 0 0 0 0 0 0 0 0 0 0 0 0 0 0 0 0 0 0 0 0 0 0 0 0 0 0 0 0 0 0 0 0 0 0 0 0 0 0 0 0 0 0 0 0 0 0 0 0 0 0 0 0 0 0 0 0 0 79 79 79 77 77 76 76 76 76 76 76 78 78 84 84 84 91 91 95 95 95 98 98 98 98 98 95 95 95 94 94 98 98 98 118 118 118 147
0 0 0 0 0 0 0 0 0 0 0 0 0 0 0 0 0 0 0 0 0 0 0 0 0 0 0 0 0 0 0 0 0 0 0 0 0 0 0 0 0 0 0 0 0 0 0 0 0 0 0 0 0 0 0 0 0 0 0 0 0 70 70 70 70 70 71 71 71 73 73 76 76 76 80 80 84 84 84 87 87 87 87 87 86 86 86 86 86 91 91 91 110 110 110 139
0 0 0 0 0 0 0 0 0 0 0 0 0 0 0 0 0 0 0 0 0 0 0 0 0 0 0 0 0 0 0 0 0 0 0 0 0 0 0 0 0 0 0 0 0 0 0 0 0 0 0 0 0 0 0 0 0 0 0 0 0 70 70 70 70 70 71 71 71 73 73 76 76 76 80 80 84 84 84 87 87 87 87 87 86 86 86 86 86 91 91 91 110 110 110 139
0 0 0 0 0 0 0 0 0 0 0 0 0 0 0 0 0 0 0 0 0 0 0 0 0 0 0 0 0 0 0 0 0 0 0 0 0 0 0 0 0 0 0 0 0 0 0 0 0 0 0 0 0 0 0 0 0 0 0 0 0 70 70 70 70 70 71 71 71 73 73 76 76 76 80 80 84 84 84 87 87 87 87 87 86 86 86 86 86 91 91 91 110 110 110 139
0 0 0 0 0 0 0 0 0 0 0 0 0 0 0 0 0 0 0 0 0 0 0 0 0 0 0 0 0 0 0 0 0 0 0 0 0 0 0 0 0 0 0 0 0 0 0 0 0 0 0 0 0 0 0 0 0 0 0 0 0 0 0 0 0 0 69 69 69 69 69 70 70 70 70 70 72 72 72 75 75 75 77 77 78 78 78 78 78 75 75 75 76 76 76 85
0 0 0 0 0 0 0 0 0 0 0 0 0 0 0 0 0 0 0 0 0 0 0 0 0 0 0 0 0 0 0 0 0 0 0 0 0 0 0 0 0 0 0 0 0 0 0 0 0 0 0 0 0 0 0 0 0 0 0 0 0 0 0 0 0 0 69 69 69 69 69 70 70 70 70 70 72 72 72 75 75 75 77 77 78 78 78 78 78 75 75 75 76 76 76 85
0 0 0 0 0 0 0 0 0 0 0 0 0 0 0 0 0 0 0 0 0 0 0 0 0 0 0 0 0 0 0 0 0 0 0 0 0 0 0 0 0 0 0 0 0 0 0 0 0 0 0 0 0 0 0 0 0 0 0 0 0 0 0 0 0 0 69 69 69 69 69 70 70 70 70 70 72 72 72 75 75 75 77 77 78 78 78 78 78 75 75 75 76 76 76 85
0 0 0 0 0 0 0 0 0 0 0 0 0 0 0 0 0 0 0 0 0 0 0 0 0 0 0 0 0 0 0 0 0 0 0 0 0 0 0 0 0 0 0 0 0 0 0 0 0 0 0 0 0 0 0 0 0 0 0 0 0 0 0 0 0 0 0 0 0 0 0 0 0 0 0 0 0 0 0 67 67 67 69 69 71 71 71 71 71 62 62 62 45 45 45 0
0 0 0 0 0 0 0 0 0 0 0 0 0 0 0 0 0 0 0 0 0 0 0 0 0 0 0 0 0 0 0 0 0 0 0 0 0 0 0 0 0 0 0 0 0 0 0 0 0 0 0 0 0 0 0 0 0 0 0 0 0 0 0 0 0 0 0 0 0 0 0 0 0 0 0 0 0 0 0 67 67 67 69 69 71 71 71 71 71 62 62 62 45 45 45 0
