SEB_model/sample_data_files/historical/hillshade/sepnoon.txt
ncols         559
nrows         351
xllcorner     388608.08691406
yllcorner     7584381.3441773
cellsize      5
NODATA_value  -9999
[rows 48 to 95 of 351, columns 192 to 287 of 559]
-9999 -9999 -9999 -9999 -9999 -9999 -9999 -9999 -9999 -9999 -9999 -9999 -9999 -9999 -9999 -9999 -9999 -9999 -9999 -9999 -9999 -9999 -9999 -9999 -9999 -9999 -9999 -9999 -9999 -9999 -9999 -9999 -9999 -9999 -9999 -9999 -9999 -9999 -9999 -9999 -9999 -9999 -9999 -9999 -9999 -9999 -9999 -9999 -9999 -9999 -9999 -9999 -9999 -9999 -9999 -9999 -9999 -9999 -9999 -9999 -9999 -9999 -9999 -9999 -9999 -9999 -9999 -9999 -9999 -9999 -9999 -9999 -9999 -9999 -9999 -9999 -9999 -9999 -9999 -9999 -9999 -9999 -9999 -9999 -9999 -9999 -9999 -9999 -9999 -9999 -9999 -9999 -9999 -9999 -9999 -9999
-9999 -9999 -9999 -9999 -9999 -9999 -9999 -9999 -9999 -9999 -9999 -9999 -9999 -9999 -9999 -9999 -9999 -9999 -9999 -9999 -9999 -9999 -9999 -9999 -9999 -9999 -9999 -9999 -9999 -9999 -9999 -9999 -9999 -9999 -9999 -9999 -9999 -9999 -9999 -9999 -9999 -9999 -9999 -9999 -9999 -9999 -9999 -9999 -9999 -9999 -9999 -9999 -9999 -9999 -9999 -9999 -9999 -9999 -9999 -9999 -9999 -9999 -9999 -9999 -9999 -9999 -9999 -9999 -9999 -9999 -9999 -9999 -9999 -9999 -9999 -9999 -9999 -9999 -9999 -9999 -9999 -9999 -9999 -9999 -9999 -9999 -9999 -9999 -9999 -9999 -9999 -9999 -9999 -9999 -9999 -9999
-9999 -9999 -9999 -9999 -9999 -9999 -9999 -9999 -9999 -9999 -9999 -9999 -9999 -9999 -9999 -9999 -9999 -9999 -9999 -9999 -9999 -9999 -9999 -9999 -9999 -9999 -9999 -9999 -9999 -9999 -9999 -9999 -9999 -9999 -9999 -9999 -9999 -9999 -9999 -9999 -9999 -9999 -9999 -9999 -9999 -9999 -9999 -9999 -9999 -9999 -9999 -9999 -9999 -9999 -9999 -9999 -9999 -9999 -9999 -9999 -9999 -9999 -9999 -9999 -9999 -9999 -9999 -9999 -9999 -9999 -9999 -9999 -9999 -9999 -9999 -9999 -9999 -9999 -9999 -9999 -9999 -9999 -9999 -9999 -9999 -9999 -9999 -9999 -9999 -9999 -9999 -9999 -9999 -9999 -9999 -9999
-9999 -9999 -9999 -9999 -9999 -9999 -9999 -9999 -9999 -9999 -9999 -9999 -9999 -9999 -9999 -9999 -9999 -9999 -9999 -9999 -9999 -9999 -9999 -9999 -9999 -9999 -9999 -9999 -9999 -9999 -9999 -9999 -9999 -9999 -9999 -9999 -9999 -9999 -9999 -9999 -9999 -9999 -9999 -9999 -9999 -9999 -9999 -9999 -9999 -9999 -9999 -9999 -9999 -9999 -9999 -9999 -9999 -9999 -9999 -9999 -9999 -9999 -9999 -9999 -9999 -9999 -9999 -9999 -9999 -9999 -9999 -9999 -9999 -9999 -9999 -9999 -9999 -9999 -9999 -9999 -9999 -9999 -9999 -9999 -9999 -9999 -9999 -9999 -9999 -9999 -9999 -9999 -9999 -9999 -9999 -9999
-9999 -9999 -9999 -9999 -9999 -9999 -9999 -9999 -9999 -9999 -9999 -9999 -9999 -9999 -9999 -9999 -9999 -9999 -9999 -9999 -9999 -9999 -9999 -9999 -9999 -9999 -9999 -9999 -9999 -9999 -9999 -9999 -9999 -9999 -9999 -9999 -9999 -9999 -9999 -9999 -9999 -9999 -9999 -9999 -9999 -9999 -9999 -9999 -9999 -9999 -9999 -9999 -9999 -9999 -9999 -9999 -9999 -9999 -9999 -9999 -9999 -9999 -9999 -9999 -9999 -9999 -9999 -9999 -9999 -9999 -9999 -9999 -9999 -9999 -9999 -9999 -9999 -9999 -9999 -9999 -9999 -9999 -9999 -9999 -9999 -9999 -9999 -9999 -9999 -9999 -9999 -9999 -9999 -9999 -9999 -9999
-9999 -9999 -9999 -9999 -9999 -9999 -9999 -9999 -9999 -9999 -9999 -9999 -9999 -9999 -9999 -9999 -9999 -9999 -9999 -9999 -9999 -9999 -9999 -9999 -9999 -9999 -9999 -9999 -9999 -9999 -9999 -9999 -9999 -9999 -9999 -9999 -9999 -9999 -9999 -9999 -9999 -9999 -9999 -9999 -9999 -9999 -9999 -9999 -9999 -9999 -9999 -9999 -9999 -9999 -9999 -9999 -9999 -9999 -9999 -9999 -9999 -9999 -9999 -9999 -9999 -9999 -9999 -9999 -9999 -9999 -9999 -9999 -9999 -9999 -9999 -9999 -9999 -9999 -9999 -9999 -9999 -9999 -9999 -9999 -9999 -9999 -9999 -9999 -9999 -9999 -9999 -9999 -9999 -9999 -9999 -9999
-9999 -9999 -9999 -9999 -9999 -9999 -9999 -9999 -9999 -9999 -9999 -9999 -9999 -9999 -9999 -9999 -9999 -9999 -9999 -9999 -9999 -9999 -9999 -9999 -9999 -9999 -9999 -9999 -9999 -9999 -9999 -9999 -9999 -9999 -9999 -9999 -9999 -9999 -9999 -9999 -9999 -9999 -9999 -9999 -9999 -9999 -9999 -9999 -9999 -9999 -9999 -9999 -9999 -9999 -9999 -9999 -9999 -9999 -9999 -9999 -9999 -9999 -9999 -9999 -9999 -9999 -9999 -9999 -9999 -9999 -9999 -9999 -9999 -9999 -9999 -9999 -9999 -9999 -9999 -9999 -9999 -9999 -9999 -9999 -9999 -9999 -9999 -9999 -9999 -9999 -9999 -9999 -9999 -9999 -9999 -9999
-9999 -9999 -9999 -9999 -9999 -9999 -9999 -9999 -9999 -9999 -9999 -9999 -9999 -9999 -9999 -9999 -9999 -9999 -9999 -9999 -9999 -9999 -9999 -9999 -9999 -9999 -9999 -9999 -9999 -9999 -9999 -9999 -9999 -9999 -9999 -9999 -9999 -9999 -9999 -9999 -9999 -9999 -9999 -9999 -9999 -9999 -9999 -9999 -9999 -9999 -9999 -9999 -9999 -9999 -9999 -9999 -9999 -9999 -9999 -9999 -9999 -9999 -9999 -9999 -9999 -9999 -9999 -9999 -9999 -9999 -9999 -9999 -9999 -9999 -9999 -9999 -9999 -9999 -9999 -9999 -9999 -9999 -9999 -9999 -9999 -9999 -9999 -9999 -9999 -9999 -9999 -9999 -9999 -9999 -9999 181
-9999 -9999 -9999 -9999 -9999 -9999 -9999 -9999 -9999 -9999 -9999 -9999 -9999 -9999 -9999 -9999 -9999 -9999 -9999 -9999 -9999 -9999 -9999 -9999 -9999 -9999 -9999 -9999 -9999 -9999 -9999 -9999 -9999 -9999 -9999 -9999 -9999 -9999 -9999 -9999 -9999 -9999 -9999 -9999 -9999 -9999 -9999 -9999 -9999 -9999 -9999 -9999 -9999 -9999 -9999 -9999 -9999 -9999 -9999 -9999 -9999 -9999 -9999 -9999 -9999 -9999 -9999 -9999 -9999 -9999 -9999 -9999 -9999 -9999 -9999 -9999 -9999 -9999 -9999 -9999 -9999 -9999 -9999 -9999 -9999 -9999 -9999 -9999 -9999 -9999 -9999 -9999 -9999 -9999 -9999 181
-9999 -9999 -9999 -9999 -9999 -9999 -9999 -9999 -9999 -9999 -9999 -9999 -9999 -9999 -9999 -9999 -9999 -9999 -9999 -9999 -9999 -9999 -9999 -9999 -9999 -9999 -9999 -9999 -9999 -9999 -9999 -9999 -9999 -9999 -9999 -9999 -9999 -9999 -9999 -9999 -9999 -9999 -9999 -9999 -9999 -9999 -9999 -9999 -9999 -9999 -9999 -9999 -9999 -9999 -9999 -9999 -9999 -9999 -9999 -9999 -9999 -9999 -9999 -9999 -9999 -9999 -9999 -9999 -9999 -9999 -9999 -9999 -9999 -9999 -9999 -9999 -9999 -9999 -9999 -9999 -9999 -9999 -9999 -9999 -9999 -9999 -9999 -9999 -9999 -9999 -9999 -9999 -9999 -9999 -9999 181
-9999 -9999 -9999 -9999 -9999 -9999 -9999 -9999 -9999 -9999 -9999 -9999 -9999 -9999 -9999 -9999 -9999 -9999 -9999 -9999 -9999 -9999 -9999 -9999 -9999 -9999 -9999 -9999 -9999 -9999 -9999 -9999 -9999 -9999 -9999 -9999 -9999 -9999 -9999 -9999 -9999 -9999 -9999 -9999 -9999 -9999 -9999 -9999 -9999 -9999 -9999 -9999 -9999 -9999 -9999 -9999 -9999 -9999 -9999 -9999 -9999 -9999 -9999 -9999 -9999 -9999 -9999 -9999 -9999 -9999 -9999 -9999 -9999 -9999 -9999 -9999 -9999 -9999 -9999 -9999 -9999 -9999 -9999 -9999 -9999 -9999 -9999 -9999 -9999 -9999 -9999 -9999 -9999 -9999 -9999 170
-9999 -9999 -9999 -9999 -9999 -9999 -9999 -9999 -9999 -9999 -9999 -9999 -9999 -9999 -9999 -9999 -9999 -9999 -9999 -9999 -9999 -9999 -9999 -9999 -9999 -9999 -9999 -9999 -9999 -9999 -9999 -9999 -9999 -9999 -9999 -9999 -9999 -9999 -9999 -9999 -9999 -9999 -9999 -9999 -9999 -9999 -9999 -9999 -9999 -9999 -9999 -9999 -9999 -9999 -9999 -9999 -9999 -9999 -9999 -9999 -9999 -9999 -9999 -9999 -9999 -9999 -9999 -9999 -9999 -9999 -9999 -9999 -9999 -9999 -9999 -9999 -9999 -9999 -9999 -9999 -9999 -9999 -9999 -9999 -9999 -9999 -9999 -9999 -9999 -9999 -9999 -9999 -9999 -9999 -9999 -9999
-9999 -9999 -9999 -9999 -9999 -9999 -9999 -9999 -9999 -9999 -9999 -9999 -9999 -9999 -9999 -9999 -9999 -9999 -9999 -9999 -9999 -9999 -9999 -9999 -9999 -9999 -9999 -9999 -9999 -9999 -9999 -9999 -9999 -9999 -9999 -9999 -9999 -9999 -9999 -9999 -9999 -9999 -9999 -9999 -9999 -9999 -9999 -9999 -9999 -9999 -9999 -9999 -9999 -9999 -9999 -9999 -9999 -9999 -9999 -9999 -9999 -9999 -9999 -9999 -9999 -9999 -9999 -9999 -9999 -9999 -9999 -9999 -9999 -9999 -9999 -9999 192 -9999 -9999 -9999 -9999 -9999 -9999 -9999 -9999 -9999 -9999 -9999 -9999 -9999 -9999 -9999 -9999 -9999 -9999 -9999
-9999 -9999 -9999 -9999 -9999 -9999 -9999 -9999 -9999 -9999 -9999 -9999 -9999 -9999 -9999 -9999 -9999 -9999 -9999 -9999 -9999 -9999 -9999 -9999 -9999 -9999 -9999 -9999 -9999 -9999 -9999 -9999 -9999 -9999 -9999 -9999 -9999 -9999 -9999 -9999 -9999 -9999 -9999 -9999 -9999 -9999 -9999 -9999 -9999 -9999 -9999 -9999 -9999 -9999 -9999 -9999 -9999 -9999 -9999 -9999 -9999 -9999 -9999 -9999 -9999 -9999 -9999 -9999 -9999 -9999 -9999 -9999 -9999 -9999 193 192 192 189 -9999 -9999 -9999 -9999 -9999 -9999 -9999 -9999 -9999 -9999 -9999 -9999 -9999 -9999 -9999 -9999 -9999 -9999
-9999 -9999 -9999 -9999 -9999 -9999 -9999 -9999 -9999 -9999 -9999 -9999 -9999 -9999 -9999 -9999 -9999 -9999 -9999 -9999 -9999 -9999 -9999 -9999 -9999 -9999 -9999 -9999 -9999 -9999 -9999 -9999 -9999 -9999 -9999 -9999 -9999 -9999 -9999 -9999 -9999 -9999 -9999 -9999 -9999 -9999 -9999 -9999 -9999 -9999 -9999 -9999 -9999 -9999 -9999 -9999 -9999 -9999 -9999 -9999 -9999 -9999 -9999 -9999 -9999 -9999 -9999 -9999 -9999 -9999 -9999 -9999 193 193 193 192 192 189 189 -9999 -9999 -9999 -9999 -9999 -9999 -9999 -9999 -9999 -9999 -9999 -9999 -9999 -9999 -9999 -9999 -9999
-9999 -9999 -9999 -9999 -9999 -9999 -9999 -9999 -9999 -9999 -9999 -9999 -9999 -9999 -9999 -9999 -9999 -9999 -9999 -9999 -9999 -9999 -9999 -9999 -9999 -9999 -9999 -9999 -9999 -9999 -9999 -9999 -9999 -9999 -9999 -9999 -9999 -9999 -9999 -9999 -9999 -9999 -9999 -9999 -9999 -9999 -9999 -9999 -9999 -9999 -9999 -9999 -9999 -9999 -9999 -9999 -9999 -9999 -9999 -9999 -9999 -9999 -9999 -9999 -9999 -9999 -9999 -9999 196 195 195 195 195 195 195 193 193 190 190 -9999 -9999 -9999 -9999 -9999 -9999 -9999 -9999 -9999 -9999 -9999 -9999 -9999 -9999 -9999 -9999 166
-9999 -9999 -9999 -9999 -9999 -9999 -9999 -9999 -9999 -9999 -9999 -9999 -9999 -9999 -9999 -9999 -9999 -9999 -9999 -9999 -9999 -9999 -9999 -9999 -9999 -9999 -9999 -9999 -9999 -9999 -9999 -9999 -9999 -9999 -9999 -9999 -9999 -9999 -9999 -9999 -9999 -9999 -9999 -9999 -9999 -9999 -9999 -9999 -9999 -9999 -9999 -9999 -9999 -9999 -9999 -9999 -9999 -9999 -9999 -9999 -9999 -9999 -9999 -9999 -9999 195 195 196 196 195 195 195 195 195 195 193 193 190 190 190 -9999 -9999 -9999 -9999 -9999 -9999 -9999 -9999 -9999 -9999 -9999 -9999 -9999 166 166 166
-9999 -9999 -9999 -9999 -9999 -9999 -9999 -9999 -9999 -9999 -9999 -9999 -9999 -9999 -9999 -9999 -9999 -9999 -9999 -9999 -9999 -9999 -9999 -9999 -9999 -9999 -9999 -9999 -9999 -9999 -9999 -9999 -9999 -9999 -9999 -9999 -9999 -9999 -9999 -9999 -9999 -9999 -9999 -9999 -9999 -9999 -9999 -9999 -9999 -9999 -9999 -9999 -9999 -9999 -9999 -9999 -9999 -9999 -9999 -9999 -9999 -9999 -9999 -9999 195 195 195 196 196 195 195 195 195 195 195 193 193 190 190 190 -9999 -9999 -9999 -9999 -9999 -9999 -9999 -9999 -9999 -9999 168 168 168 166 166 166
225 -9999 -9999 -9999 -9999 -9999 -9999 -9999 -9999 -9999 -9999 -9999 -9999 -9999 -9999 -9999 -9999 -9999 -9999 -9999 -9999 -9999 -9999 -9999 -9999 -9999 -9999 -9999 -9999 -9999 -9999 -9999 -9999 -9999 -9999 -9999 -9999 -9999 -9999 -9999 -9999 -9999 -9999 -9999 -9999 -9999 -9999 -9999 -9999 -9999 -9999 -9999 -9999 -9999 -9999 -9999 -9999 -9999 -9999 -9999 -9999 -9999 -9999 195 196 196 196 198 198 198 198 198 197 197 197 195 195 192 192 192 189 -9999 -9999 -9999 -9999 -9999 -9999 -9999 178 178 175 175 175 173 173 173
225 227 227 -9999 -9999 -9999 -9999 -9999 -9999 -9999 -9999 -9999 -9999 -9999 -9999 -9999 -9999 -9999 -9999 -9999 -9999 -9999 -9999 -9999 -9999 -9999 -9999 -9999 -9999 -9999 -9999 -9999 -9999 -9999 -9999 -9999 -9999 -9999 -9999 -9999 -9999 -9999 -9999 -9999 -9999 -9999 -9999 -9999 -9999 -9999 -9999 -9999 -9999 -9999 -9999 -9999 -9999 -9999 -9999 -9999 -9999 -9999 195 195 196 196 196 198 198 198 198 198 197 197 197 195 195 192 192 192 189 189 185 185 185 182 182 182 178 178 175 175 175 173 173 173
223 226 226 226 227 227 227 -9999 -9999 -9999 -9999 -9999 -9999 -9999 -9999 -9999 -9999 -9999 -9999 -9999 -9999 -9999 -9999 -9999 -9999 -9999 -9999 -9999 -9999 -9999 -9999 -9999 -9999 -9999 -9999 -9999 -9999 -9999 -9999 -9999 -9999 -9999 -9999 -9999 -9999 -9999 -9999 -9999 -9999 -9999 -9999 -9999 -9999 -9999 -9999 -9999 -9999 -9999 -9999 -9999 -9999 -9999 194 194 196 196 196 198 198 200 200 200 200 200 200 197 197 194 194 194 190 190 186 186 186 184 184 184 182 182 180 180 180 178 178 178
223 226 226 226 227 227 227 226 226 224 224 224 221 221 -9999 -9999 -9999 -9999 -9999 218 217 217 -9999 -9999 -9999 -9999 -9999 -9999 -9999 -9999 -9999 -9999 -9999 -9999 -9999 -9999 -9999 -9999 -9999 -9999 -9999 -9999 -9999 -9999 -9999 -9999 -9999 -9999 -9999 -9999 -9999 -9999 -9999 -9999 -9999 -9999 -9999 -9999 -9999 -9999 195 195 194 194 196 196 196 198 198 200 200 200 200 200 200 197 197 194 194 194 190 190 186 186 186 184 184 184 182 182 180 180 180 178 178 178
223 226 226 226 227 227 227 226 226 224 224 224 221 221 219 -9999 -9999 218 218 218 217 217 216 -9999 -9999 -9999 -9999 -9999 -9999 -9999 -9999 -9999 -9999 -9999 -9999 -9999 -9999 -9999 -9999 -9999 -9999 -9999 -9999 -9999 -9999 -9999 -9999 -9999 -9999 -9999 -9999 -9999 -9999 -9999 -9999 203 198 198 198 195 195 195 194 194 196 196 196 198 198 200 200 200 200 200 200 197 197 194 194 194 190 190 186 186 186 184 184 184 182 182 180 180 180 178 178 178
224 226 226 226 227 227 227 227 227 225 225 225 223 223 221 221 221 219 219 219 218 218 216 216 216 -9999 -9999 -9999 -9999 -9999 -9999 -9999 -9999 -9999 -9999 -9999 -9999 -9999 -9999 -9999 -9999 -9999 -9999 -9999 -9999 -9999 -9999 -9999 -9999 -9999 211 208 208 208 203 203 198 198 198 194 194 194 192 192 192 192 192 195 195 199 199 199 200 200 200 198 198 194 194 194 190 190 186 186 186 183 183 183 181 181 180 180 180 178 178 178
224 226 226 226 227 227 227 227 227 225 225 225 223 223 221 221 221 219 219 219 218 218 216 216 216 215 -9999 -9999 -9999 -9999 -9999 -9999 -9999 -9999 -9999 -9999 -9999 -9999 -9999 -9999 -9999 -9999 -9999 -9999 -9999 -9999 -9999 -9999 -9999 211 211 208 208 208 203 203 198 198 198 194 194 194 192 192 192 192 192 195 195 199 199 199 200 200 200 198 198 194 194 194 190 190 186 186 186 183 183 183 181 181 180 180 180 178 178 178
224 226 226 226 227 227 227 227 227 225 225 225 223 223 221 221 221 219 219 219 218 218 216 216 216 215 215 -9999 -9999 -9999 -9999 -9999 -9999 -9999 -9999 -9999 -9999 -9999 -9999 -9999 -9999 -9999 -9999 -9999 -9999 -9999 -9999 212 211 211 211 208 208 208 203 203 198 198 198 194 194 194 192 192 192 192 192 195 195 199 199 199 200 200 200 198 198 194 194 194 190 190 186 186 186 183 183 183 181 181 180 180 180 178 178 178
223 225 225 225 227 227 227 228 228 227 227 227 225 225 223 223 223 221 221 221 219 219 217 217 217 214 214 -9999 -9999 -9999 -9999 -9999 -9999 -9999 -9999 -9999 -9999 -9999 -9999 -9999 -9999 -9999 -9999 -9999 -9999 -9999 211 211 209 209 209 206 206 206 201 201 197 197 197 192 192 192 188 188 187 187 187 189 189 193 193 193 196 196 196 195 195 191 191 191 187 187 183 183 183 180 180 180 176 176 174 174 174 170 170 170
223 225 225 225 227 227 227 228 228 227 227 227 225 225 223 223 223 221 221 221 219 219 217 217 217 214 214 -9999 -9999 -9999 -9999 -9999 -9999 -9999 -9999 -9999 -9999 -9999 -9999 -9999 -9999 -9999 -9999 -9999 214 214 211 211 209 209 209 206 206 206 201 201 197 197 197 192 192 192 188 188 187 187 187 189 189 193 193 193 196 196 196 195 195 191 191 191 187 187 183 183 183 180 180 180 176 176 174 174 174 170 170 170
220 222 222 222 225 225 225 227 227 227 227 227 225 225 223 223 223 222 222 222 220 220 217 217 217 214 214 -9999 -9999 -9999 -9999 -9999 -9999 -9999 -9999 -9999 -9999 -9999 -9999 -9999 -9999 -9999 -9999 213 213 213 211 211 207 207 207 203 203 203 199 199 194 194 194 190 190 190 185 185 181 181 181 181 181 184 184 184 187 187 187 187 187 183 183 183 176 176 170 170 170 166 166 166 161 161 157 157 157 152 152 152
220 222 222 222 225 225 225 227 227 227 227 227 225 225 223 223 223 222 222 222 220 220 217 217 217 214 214 214 -9999 -9999 -9999 -9999 -9999 -9999 -9999 -9999 -9999 -9999 -9999 -9999 -9999 215 215 213 213 213 211 211 207 207 207 203 203 203 199 199 194 194 194 190 190 190 185 185 181 181 181 181 181 184 184 184 187 187 187 187 187 183 183 183 176 176 170 170 170 166 166 166 161 161 157 157 157 152 152 152
220 222 222 222 225 225 225 227 227 227 227 227 225 225 223 223 223 222 222 222 220 220 217 217 217 214 214 214 211 -9999 -9999 -9999 -9999 -9999 -9999 -9999 -9999 -9999 -9999 215 215 215 215 213 213 213 211 211 207 207 207 203 203 203 199 199 194 194 194 190 190 190 185 185 181 181 181 181 181 184 184 184 187 187 187 187 187 183 183 183 176 176 170 170 170 166 166 166 161 161 157 157 157 152 152 152
216 217 217 217 220 220 220 224 224 224 224 224 223 223 222 222 222 221 221 221 219 219 216 216 216 212 212 212 209 209 208 208 -9999 -9999 -9999 209 209 209 210 210 210 212 212 212 212 212 211 211 207 207 207 202 202 202 197 197 193 193 193 188 188 188 182 182 177 177 177 174 174 174 174 174 173 173 173 170 170 166 166 166 158 158 151 151 151 146 146 146 139 139 136 136 136 136 136 136
216 217 217 217 220 220 220 224 224 224 224 224 223 223 222 222 222 221 221 221 219 219 216 216 216 212 212 212 209 209 208 208 208 208 208 209 209 209 210 210 210 212 212 212 212 212 211 211 207 207 207 202 202 202 197 197 193 193 193 188 188 188 182 182 177 177 177 174 174 174 174 174 173 173 173 170 170 166 166 166 158 158 151 151 151 146 146 146 139 139 136 136 136 136 136 136
210 211 211 211 213 213 213 217 217 219 219 219 219 219 218 218 218 216 216 216 215 215 212 212 212 209 209 209 206 206 205 205 205 206 206 207 207 207 208 208 208 210 210 212 212 212 212 212 209 209 209 204 204 204 198 198 193 193 193 188 188 188 182 182 176 176 176 170 170 165 165 165 157 157 157 150 150 148 148 148 144 144 139 139 139 134 134 134 129 129 126 126 126 126 126 126
210 211 211 211 213 213 213 217 217 219 219 219 219 219 218 218 218 216 216 216 215 215 212 212 212 209 209 209 206 206 205 205 205 206 206 207 207 207 208 208 208 210 210 212 212 212 212 212 209 209 209 204 204 204 198 198 193 193 193 188 188 188 182 182 176 176 176 170 170 165 165 165 157 157 157 150 150 148 148 148 144 144 139 139 139 134 134 134 129 129 126 126 126 126 126 126
210 211 211 211 213 213 213 217 217 219 219 219 219 219 218 218 218 216 216 216 215 215 212 212 212 209 209 209 206 206 205 205 205 206 206 207 207 207 208 208 208 210 210 212 212 212 212 212 209 209 209 204 204 204 198 198 193 193 193 188 188 188 182 182 176 176 176 170 170 165 165 165 157 157 157 150 150 148 148 148 144 144 139 139 139 134 134 134 129 129 126 126 126 126 126 126
204 204 204 204 204 204 204 208 208 212 212 212 214 214 213 213 213 211 211 211 210 210 209 209 209 206 206 206 203 203 201 201 201 202 202 203 203 203 205 205 205 208 208 211 211 211 212 212 210 210 210 205 205 205 199 199 193 193 193 188 188 188 182 182 175 175 175 165 165 156 156 156 149 149 149 144 144 142 142 142 139 139 134 134 134 130 130 130 125 125 123 123 123 123 123 123
204 204 204 204 204 204 204 208 208 212 212 212 214 214 213 213 213 211 211 211 210 210 209 209 209 206 206 206 203 203 201 201 201 202 202 203 203 203 205 205 205 208 208 211 211 211 212 212 210 210 210 205 205 205 199 199 193 193 193 188 188 188 182 182 175 175 175 165 165 156 156 156 149 149 149 144 144 142 142 142 139 139 134 134 134 130 130 130 125 125 123 123 123 123 123 123
204 204 204 204 204 204 204 208 208 212 212 212 214 214 213 213 213 211 211 211 210 210 209 209 209 206 206 206 203 203 201 201 201 202 202 203 203 203 205 205 205 208 208 211 211 211 212 212 210 210 210 205 205 205 199 199 193 193 193 188 188 188 182 182 175 175 175 165 165 156 156 156 149 149 149 144 144 142 142 142 139 139 134 134 134 130 130 130 125 125 123 123 123 123 123 123
197 197 197 197 196 196 196 197 197 201 201 201 205 205 207 207 207 207 207 207 206 206 205 205 205 203 203 203 200 200 197 197 197 196 196 197 197 197 199 199 199 203 203 208 208 208 210 210 208 208 208 203 203 203 197 197 192 192 192 187 187 187 178 178 167 167 167 155 155 149 149 149 146 146 146 143 143 142 142 142 139 139 134 134 134 130 130 130 126 126 124 124 124 123 123 123
197 197 197 197 196 196 196 197 197 201 201 201 205 205 207 207 207 207 207 207 206 206 205 205 205 203 203 203 200 200 197 197 197 196 196 197 197 197 199 199 199 203 203 208 208 208 210 210 208 208 208 203 203 203 197 197 192 192 192 187 187 187 178 178 167 167 167 155 155 149 149 149 146 146 146 143 143 142 142 142 139 139 134 134 134 130 130 130 126 126 124 124 124 123 123 123
191 191 191 191 189 189 189 188 188 191 191 191 196 196 201 201 201 203 203 203 204 204 203 203 203 201 201 201 197 197 192 192 192 188 188 187 187 187 188 188 188 193 193 199 199 199 201 201 200 200 200 195 195 195 189 189 181 181 181 171 171 171 159 159 148 148 148 142 142 139 139 139 139 139 139 137 137 137 137 137 134 134 130 130 130 129 129 129 126 126 123 123 123 121 121 121
191 191 191 191 189 189 189 188 188 191 191 191 196 196 201 201 201 203 203 203 204 204 203 203 203 201 201 201 197 197 192 192 192 188 188 187 187 187 188 188 188 193 193 199 199 199 201 201 200 200 200 195 195 195 189 189 181 181 181 171 171 171 159 159 148 148 148 142 142 139 139 139 139 139 139 137 137 137 137 137 134 134 130 130 130 129 129 129 126 126 123 123 123 121 121 121
191 191 191 191 189 189 189 188 188 191 191 191 196 196 201 201 201 203 203 203 204 204 203 203 203 201 201 201 197 197 192 192 192 188 188 187 187 187 188 188 188 193 193 199 199 199 201 201 200 200 200 195 195 195 189 189 181 181 181 171 171 171 159 159 148 148 148 142 142 139 139 139 139 139 139 137 137 137 137 137 134 134 130 130 130 129 129 129 126 126 123 123 123 121 121 121
188 186 186 186 184 184 184 183 183 185 185 185 189 189 196 196 196 200 200 200 202 202 201 201 201 199 199 199 195 195 189 189 189 183 183 178 178 178 176 176 176 177 177 181 181 181 182 182 177 177 177 171 171 171 164 164 156 156 156 146 146 146 138 138 135 135 135 133 133 132 132 132 132 132 132 131 131 132 132 132 131 131 129 129 129 129 129 129 126 126 122 122 122 119 119 119
188 186 186 186 184 184 184 183 183 185 185 185 189 189 196 196 196 200 200 200 202 202 201 201 201 199 199 199 195 195 189 189 189 183 183 178 178 178 176 176 176 177 177 181 181 181 182 182 177 177 177 171 171 171 164 164 156 156 156 146 146 146 138 138 135 135 135 133 133 132 132 132 132 132 132 131 131 132 132 132 131 131 129 129 129 129 129 129 126 126 122 122 122 119 119 119
188 186 186 186 184 184 184 183 183 185 185 185 189 189 196 196 196 200 200 200 202 202 201 201 201 199 199 199 195 195 189 189 189 183 183 178 178 178 176 176 176 177 177 181 181 181 182 182 177 177 177 171 171 171 164 164 156 156 156 146 146 146 138 138 135 135 135 133 133 132 132 132 132 132 132 131 131 132 132 132 131 131 129 129 129 129 129 129 126 126 122 122 122 119 119 119
185 183 183 183 181 181 181 180 180 180 180 180 183 183 189 189 189 196 196 196 201 201 202 202 202 200 200 200 196 196 190 190 190 182 182 173 173 173 165 165 165 158 158 153 153 153 147 147 142 142 142 138 138 138 133 133 130 130 130 129 129 129 127 127 127 127 127 125 125 125 125 125 126 126 126 128 128 136 136 136 146 146 156 156 156 163 163 163 161 161 153 153 153 143 143 143
