SEB_model/sample_data_files/historical/hillshade/sepnoon.txt
ncols         559
nrows         351
xllcorner     388608.08691406
yllcorner     7584381.3441773
cellsize      5
NODATA_value  -9999
[rows 144 to 191 of 351, columns 384 to 479 of 559]
69 69 69 63 63 63 61 61 65 65 65 72 72 78 78 78 85 85 85 89 89 91 91 91 89 89 89 84 84 81 81 81 80 80 84 84 84 88 88 88 90 90 95 95 95 96 96 94 94 94 93 93 93 90 90 88 88 88 88 88 88 87 87 88 88 88 87 87 88 88 88 90 90 90 89 89 91 91 91 91 91 88 88 88 88 88 88 86 86 83 83 83 81 81 81 77
69 69 69 63 63 63 61 61 65 65 65 72 72 78 78 78 85 85 85 89 89 91 91 91 89 89 89 84 84 81 81 81 80 80 84 84 84 88 88 88 90 90 95 95 95 96 96 94 94 94 93 93 93 90 90 88 88 88 88 88 88 87 87 88 88 88 87 87 88 88 88 90 90 90 89 89 91 91 91 91 91 88 88 88 88 88 88 86 86 83 83 83 81 81 81 77
69 69 69 63 63 63 61 61 65 65 65 72 72 78 78 78 85 85 85 89 89 91 91 91 89 89 89 84 84 81 81 81 80 80 84 84 84 88 88 88 90 90 95 95 95 96 96 94 94 94 93 93 93 90 90 88 88 88 88 88 88 87 87 88 88 88 87 87 88 88 88 90 90 90 89 89 91 91 91 91 91 88 88 88 88 88 88 86 86 83 83 83 81 81 81 77
73 73 73 71 71 71 74 74 81 81 81 88 88 94 94 94 100 100 100 101 101 98 98 98 92 92 92 84 84 83 83 83 87 87 93 93 93 97 97 97 96 96 96 96 96 95 95 93 93 93 93 93 93 93 93 94 94 94 94 94 94 92 92 93 93 93 94 94 96 96 96 97 97 97 94 94 92 92 92 88 88 84 84 84 85 85 85 84 84 83 83 83 80 80 80 75
73 73 73 71 71 71 74 74 81 81 81 88 88 94 94 94 100 100 100 101 101 98 98 98 92 92 92 84 84 83 83 83 87 87 93 93 93 97 97 97 96 96 96 96 96 95 95 93 93 93 93 93 93 93 93 94 94 94 94 94 94 92 92 93 93 93 94 94 96 96 96 97 97 97 94 94 92 92 92 88 88 84 84 84 85 85 85 84 84 83 83 83 80 80 80 75
73 73 73 79 79 79 86 86 94 94 94 100 100 103 103 103 106 106 106 104 104 97 97 97 90 90 90 86 86 88 88 88 94 94 99 99 99 101 101 101 98 98 97 97 97 95 95 94 94 94 97 97 97 100 100 101 101 101 101 101 101 98 98 97 97 97 98 98 99 99 99 98 98 98 92 92 89 89 89 86 86 83 83 83 85 85 85 87 87 87 87 87 84 84 84 80
73 73 73 79 79 79 86 86 94 94 94 100 100 103 103 103 106 106 106 104 104 97 97 97 90 90 90 86 86 88 88 88 94 94 99 99 99 101 101 101 98 98 97 97 97 95 95 94 94 94 97 97 97 100 100 101 101 101 101 101 101 98 98 97 97 97 98 98 99 99 99 98 98 98 92 92 89 89 89 86 86 83 83 83 85 85 85 87 87 87 87 87 84 84 84 80
73 73 73 79 79 79 86 86 94 94 94 100 100 103 103 103 106 106 106 104 104 97 97 97 90 90 90 86 86 88 88 88 94 94 99 99 99 101 101 101 98 98 97 97 97 95 95 94 94 94 97 97 97 100 100 101 101 101 101 101 101 98 98 97 97 97 98 98 99 99 99 98 98 98 92 92 89 89 89 86 86 83 83 83 85 85 85 87 87 87 87 87 84 84 84 80
60 60 60 72 72 72 83 83 93 93 93 97 97 97 97 97 96 96 96 89 89 82 82 82 80 80 80 82 82 87 87 87 92 92 98 98 98 101 101 101 99 99 99 99 99 100 100 100 100 100 103 103 103 104 104 103 103 103 102 102 102 98 98 98 98 98 97 97 97 97 97 94 94 94 89 89 88 88 88 88 88 87 87 87 90 90 90 91 91 91 91 91 90 90 90 88
60 60 60 72 72 72 83 83 93 93 93 97 97 97 97 97 96 96 96 89 89 82 82 82 80 80 80 82 82 87 87 87 92 92 98 98 98 101 101 101 99 99 99 99 99 100 100 100 100 100 103 103 103 104 104 103 103 103 102 102 102 98 98 98 98 98 97 97 97 97 97 94 94 94 89 89 88 88 88 88 88 87 87 87 90 90 90 91 91 91 91 91 90 90 90 88
60 60 60 72 72 72 83 83 93 93 93 97 97 97 97 97 96 96 96 89 89 82 82 82 80 80 80 82 82 87 87 87 92 92 98 98 98 101 101 101 99 99 99 99 99 100 100 100 100 100 103 103 103 104 104 103 103 103 102 102 102 98 98 98 98 98 97 97 97 97 97 94 94 94 89 89 88 88 88 88 88 87 87 87 90 90 90 91 91 91 91 91 90 90 90 88
53 53 53 67 67 67 77 77 84 84 84 84 84 81 81 81 80 80 80 81 81 84 84 84 88 88 88 90 90 91 91 91 91 91 93 93 93 94 94 94 93 93 93 93 93 94 94 94 94 94 95 95 95 95 95 93 93 93 91 91 91 89 89 91 91 91 92 92 92 92 92 90 90 90 88 88 91 91 91 93 93 93 93 93 95 95 95 95 95 95 95 95 95 95 95 92
53 53 53 67 67 67 77 77 84 84 84 84 84 81 81 81 80 80 80 81 81 84 84 84 88 88 88 90 90 91 91 91 91 91 93 93 93 94 94 94 93 93 93 93 93 94 94 94 94 94 95 95 95 95 95 93 93 93 91 91 91 89 89 91 91 91 92 92 92 92 92 90 90 90 88 88 91 91 91 93 93 93 93 93 95 95 95 95 95 95 95 95 95 95 95 92
69 69 69 82 82 82 88 88 91 91 91 89 89 86 86 86 88 88 88 92 92 96 96 96 98 98 98 95 95 93 93 93 90 90 88 88 88 85 85 85 82 82 81 81 81 79 79 77 77 77 78 78 78 78 78 78 78 78 80 80 80 81 81 83 83 83 84 84 84 84 84 85 85 85 86 86 91 91 91 94 94 95 95 95 97 97 97 97 97 98 98 98 97 97 97 90
69 69 69 82 82 82 88 88 91 91 91 89 89 86 86 86 88 88 88 92 92 96 96 96 98 98 98 95 95 93 93 93 90 90 88 88 88 85 85 85 82 82 81 81 81 79 79 77 77 77 78 78 78 78 78 78 78 78 80 80 80 81 81 83 83 83 84 84 84 84 84 85 85 85 86 86 91 91 91 94 94 95 95 95 97 97 97 97 97 98 98 98 97 97 97 90
69 69 69 82 82 82 88 88 91 91 91 89 89 86 86 86 88 88 88 92 92 96 96 96 98 98 98 95 95 93 93 93 90 90 88 88 88 85 85 85 82 82 81 81 81 79 79 77 77 77 78 78 78 78 78 78 78 78 80 80 80 81 81 83 83 83 84 84 84 84 84 85 85 85 86 86 91 91 91 94 94 95 95 95 97 97 97 97 97 98 98 98 97 97 97 90
107 107 107 115 115 115 115 115 114 114 114 111 111 108 108 108 110 110 110 111 111 110 110 110 106 106 106 100 100 98 98 98 95 95 92 92 92 88 88 88 85 85 83 83 83 79 79 73 73 73 74 74 74 75 75 78 78 78 80 80 80 80 80 81 81 81 82 82 84 84 84 87 87 87 89 89 94 94 94 97 97 96 96 96 98 98 98 97 97 94 94 94 89 89 89 82
107 107 107 115 115 115 115 115 114 114 114 111 111 108 108 108 110 110 110 111 111 110 110 110 106 106 106 100 100 98 98 98 95 95 92 92 92 88 88 88 85 85 83 83 83 79 79 73 73 73 74 74 74 75 75 78 78 78 80 80 80 80 80 81 81 81 82 82 84 84 84 87 87 87 89 89 94 94 94 97 97 96 96 96 98 98 98 97 97 94 94 94 89 89 89 82
107 107 107 115 115 115 115 115 114 114 114 111 111 108 108 108 110 110 110 111 111 110 110 110 106 106 106 100 100 98 98 98 95 95 92 92 92 88 88 88 85 85 83 83 83 79 79 73 73 73 74 74 74 75 75 78 78 78 80 80 80 80 80 81 81 81 82 82 84 84 84 87 87 87 89 89 94 94 94 97 97 96 96 96 98 98 98 97 97 94 94 94 89 89 89 82
137 137 137 132 132 132 122 122 115 115 115 111 111 109 109 109 111 111 111 112 112 110 110 110 106 106 106 101 101 101 101 101 97 97 95 95 95 96 96 96 97 97 98 98 98 94 94 89 89 89 86 86 86 85 85 86 86 86 87 87 87 85 85 86 86 86 88 88 91 91 91 94 94 94 95 95 98 98 98 99 99 97 97 97 98 98 98 93 93 85 85 85 79 79 79 75
137 137 137 132 132 132 122 122 115 115 115 111 111 109 109 109 111 111 111 112 112 110 110 110 106 106 106 101 101 101 101 101 97 97 95 95 95 96 96 96 97 97 98 98 98 94 94 89 89 89 86 86 86 85 85 86 86 86 87 87 87 85 85 86 86 86 88 88 91 91 91 94 94 94 95 95 98 98 98 99 99 97 97 97 98 98 98 93 93 85 85 85 79 79 79 75
110 110 110 99 99 99 90 90 86 86 86 84 84 80 80 80 78 78 78 76 76 78 78 78 87 87 87 95 95 101 101 101 99 99 99 99 99 103 103 103 105 105 109 109 109 109 109 107 107 107 104 104 104 100 100 97 97 97 96 96 96 93 93 92 92 92 94 94 96 96 96 96 96 96 94 94 96 96 96 94 94 87 87 87 80 80 80 73 73 70 70 70 69 69 69 70
110 110 110 99 99 99 90 90 86 86 86 84 84 80 80 80 78 78 78 76 76 78 78 78 87 87 87 95 95 101 101 101 99 99 99 99 99 103 103 103 105 105 109 109 109 109 109 107 107 107 104 104 104 100 100 97 97 97 96 96 96 93 93 92 92 92 94 94 96 96 96 96 96 96 94 94 96 96 96 94 94 87 87 87 80 80 80 73 73 70 70 70 69 69 69 70
110 110 110 99 99 99 90 90 86 86 86 84 84 80 80 80 78 78 78 76 76 78 78 78 87 87 87 95 95 101 101 101 99 99 99 99 99 103 103 103 105 105 109 109 109 109 109 107 107 107 104 104 104 100 100 97 97 97 96 96 96 93 93 92 92 92 94 94 96 96 96 96 96 96 94 94 96 96 96 94 94 87 87 87 80 80 80 73 73 70 70 70 69 69 69 70
66 66 66 63 63 63 65 65 67 67 67 65 65 60 60 60 58 58 58 56 56 58 58 58 67 67 67 77 77 88 88 88 96 96 104 104 104 109 109 109 110 110 114 114 114 117 117 118 118 118 119 119 119 116 116 112 112 112 109 109 109 106 106 104 104 104 104 104 103 103 103 103 103 103 99 99 95 95 95 87 87 74 74 74 64 64 64 60 60 58 58 58 57 57 57 58
66 66 66 63 63 63 65 65 67 67 67 65 65 60 60 60 58 58 58 56 56 58 58 58 67 67 67 77 77 88 88 88 96 96 104 104 104 109 109 109 110 110 114 114 114 117 117 118 118 118 119 119 119 116 116 112 112 112 109 109 109 106 106 104 104 104 104 104 103 103 103 103 103 103 99 99 95 95 95 87 87 74 74 74 64 64 64 60 60 58 58 58 57 57 57 58
55 55 55 55 55 55 58 58 63 63 63 64 64 62 62 62 62 62 62 61 61 60 60 60 59 59 59 60 60 66 66 66 74 74 85 85 85 94 94 94 99 99 108 108 108 116 116 121 121 121 125 125 125 125 125 122 122 122 120 120 120 117 117 115 115 115 111 111 107 107 107 101 101 101 92 92 84 84 84 76 76 69 69 69 66 66 66 65 65 63 63 63 59 59 59 58
55 55 55 55 55 55 58 58 63 63 63 64 64 62 62 62 62 62 62 61 61 60 60 60 59 59 59 60 60 66 66 66 74 74 85 85 85 94 94 94 99 99 108 108 108 116 116 121 121 121 125 125 125 125 125 122 122 122 120 120 120 117 117 115 115 115 111 111 107 107 107 101 101 101 92 92 84 84 84 76 76 69 69 69 66 66 66 65 65 63 63 63 59 59 59 58
55 55 55 55 55 55 58 58 63 63 63 64 64 62 62 62 62 62 62 61 61 60 60 60 59 59 59 60 60 66 66 66 74 74 85 85 85 94 94 94 99 99 108 108 108 116 116 121 121 121 125 125 125 125 125 122 122 122 120 120 120 117 117 115 115 115 111 111 107 107 107 101 101 101 92 92 84 84 84 76 76 69 69 69 66 66 66 65 65 63 63 63 59 59 59 58
39 39 39 39 39 39 42 42 47 47 47 52 52 55 55 55 58 58 58 60 60 62 62 62 62 62 62 61 61 61 61 61 61 61 63 63 63 70 70 70 75 75 83 83 83 91 91 97 97 97 103 103 103 105 105 105 105 105 105 105 105 103 103 99 99 99 95 95 91 91 91 86 86 86 80 80 77 77 77 77 77 78 78 78 79 79 79 80 80 81 81 81 78 78 78 73
39 39 39 39 39 39 42 42 47 47 47 52 52 55 55 55 58 58 58 60 60 62 62 62 62 62 62 61 61 61 61 61 61 61 63 63 63 70 70 70 75 75 83 83 83 91 91 97 97 97 103 103 103 105 105 105 105 105 105 105 105 103 103 99 99 99 95 95 91 91 91 86 86 86 80 80 77 77 77 77 77 78 78 78 79 79 79 80 80 81 81 81 78 78 78 73
39 39 39 39 39 39 42 42 47 47 47 52 52 55 55 55 58 58 58 60 60 62 62 62 62 62 62 61 61 61 61 61 61 61 63 63 63 70 70 70 75 75 83 83 83 91 91 97 97 97 103 103 103 105 105 105 105 105 105 105 105 103 103 99 99 99 95 95 91 91 91 86 86 86 80 80 77 77 77 77 77 78 78 78 79 79 79 80 80 81 81 81 78 78 78 73
34 34 34 33 33 33 33 33 38 38 38 43 43 49 49 49 53 53 53 56 56 58 58 58 58 58 58 58 58 60 60 60 61 61 62 62 62 63 63 63 64 64 68 68 68 72 72 75 75 75 79 79 79 82 82 82 82 82 82 82 82 80 80 79 79 79 77 77 77 77 77 78 78 78 78 78 80 80 80 82 82 84 84 84 86 86 86 89 89 92 92 92 92 92 92 88
34 34 34 33 33 33 33 33 38 38 38 43 43 49 49 49 53 53 53 56 56 58 58 58 58 58 58 58 58 60 60 60 61 61 62 62 62 63 63 63 64 64 68 68 68 72 72 75 75 75 79 79 79 82 82 82 82 82 82 82 82 80 80 79 79 79 77 77 77 77 77 78 78 78 78 78 80 80 80 82 82 84 84 84 86 86 86 89 89 92 92 92 -9999 -9999 -9999 -9999
31 31 31 31 31 31 44 44 77 77 77 87 87 62 62 62 51 51 51 52 52 52 52 52 51 51 51 50 50 52 52 52 54 54 56 56 56 59 59 59 61 61 66 66 66 70 70 74 74 74 77 77 77 78 78 78 78 78 78 78 78 77 77 77 77 77 77 77 91 91 91 120 120 120 133 133 130 130 130 128 128 126 -9999 -9999 -9999 -9999 -9999 -9999 -9999 -9999 -9999 -9999 -9999 -9999 -9999 -9999
31 31 31 31 31 31 44 -9999 -9999 -9999 -9999 87 87 62 62 62 51 51 51 52 52 52 52 52 51 51 51 50 50 52 52 52 54 54 56 56 56 59 59 59 61 61 66 66 66 70 70 74 74 74 77 77 77 78 78 78 78 78 78 78 78 77 77 77 77 77 77 77 91 91 -9999 -9999 -9999 -9999 -9999 -9999 -9999 -9999 -9999 -9999 -9999 -9999 -9999 -9999 -9999 -9999 -9999 -9999 -9999 -9999 -9999 -9999 -9999 -9999 -9999 -9999
31 31 31 31 31 -9999 -9999 -9999 -9999 -9999 -9999 -9999 -9999 -9999 62 62 51 51 51 52 52 52 52 52 51 51 51 50 50 52 52 52 54 54 56 56 56 59 59 59 61 61 66 66 66 -9999 -9999 -9999 -9999 -9999 -9999 -9999 -9999 -9999 -9999 -9999 -9999 -9999 -9999 78 78 77 77 77 77 77 77 -9999 -9999 -9999 -9999 -9999 -9999 -9999 -9999 -9999 -9999 -9999 -9999 -9999 -9999 -9999 -9999 -9999 -9999 -9999 -9999 -9999 -9999 -9999 -9999 -9999 -9999 -9999 -9999 -9999
43 43 43 -9999 -9999 -9999 -9999 -9999 -9999 -9999 -9999 -9999 -9999 -9999 -9999 -9999 91 91 91 83 83 59 59 59 55 55 55 -9999 -9999 -9999 -9999 94 98 98 102 102 102 105 105 -9999 -9999 -9999 -9999 -9999 -9999 -9999 -9999 -9999 -9999 -9999 -9999 -9999 -9999 -9999 -9999 -9999 -9999 -9999 -9999 -9999 -9999 -9999 -9999 -9999 -9999 -9999 -9999 -9999 -9999 -9999 -9999 -9999 -9999 -9999 -9999 -9999 -9999 -9999 -9999 -9999 -9999 -9999 -9999 -9999 -9999 -9999 -9999 -9999 -9999 -9999 -9999 -9999 -9999 -9999 -9999 -9999
43 -9999 -9999 -9999 -9999 -9999 -9999 -9999 -9999 -9999 -9999 -9999 -9999 -9999 -9999 -9999 -9999 -9999 91 83 83 59 59 59 -9999 -9999 -9999 -9999 -9999 -9999 -9999 -9999 -9999 -9999 -9999 -9999 -9999 -9999 -9999 -9999 -9999 -9999 -9999 -9999 -9999 -9999 -9999 -9999 -9999 -9999 -9999 -9999 -9999 -9999 -9999 -9999 -9999 -9999 -9999 -9999 -9999 -9999 -9999 -9999 -9999 -9999 -9999 -9999 -9999 -9999 -9999 -9999 -9999 -9999 -9999 -9999 -9999 -9999 -9999 -9999 -9999 -9999 -9999 -9999 -9999 -9999 -9999 -9999 -9999 -9999 -9999 -9999 -9999 -9999 -9999 -9999
-9999 -9999 -9999 -9999 -9999 -9999 -9999 -9999 -9999 -9999 -9999 -9999 -9999 -9999 -9999 -9999 -9999 -9999 -9999 -9999 -9999 -9999 -9999 -9999 -9999 -9999 -9999 -9999 -9999 -9999 -9999 -9999 -9999 -9999 -9999 -9999 -9999 -9999 -9999 -9999 -9999 -9999 -9999 -9999 -9999 -9999 -9999 -9999 -9999 -9999 -9999 -9999 -9999 -9999 -9999 -9999 -9999 -9999 -9999 -9999 -9999 -9999 -9999 -9999 -9999 -9999 -9999 -9999 -9999 -9999 -9999 -9999 -9999 -9999 -9999 -9999 -9999 -9999 -9999 -9999 -9999 -9999 -9999 -9999 -9999 -9999 -9999 -9999 -9999 -9999 -9999 -9999 -9999 -9999 -9999 -9999
-9999 -9999 -9999 -9999 -9999 -9999 -9999 -9999 -9999 -9999 -9999 -9999 -9999 -9999 -9999 -9999 -9999 -9999 -9999 -9999 -9999 -9999 -9999 -9999 -9999 -9999 -9999 -9999 -9999 -9999 -9999 -9999 -9999 -9999 -9999 -9999 -9999 -9999 -9999 -9999 -9999 -9999 -9999 -9999 -9999 -9999 -9999 -9999 -9999 -9999 -9999 -9999 -9999 -9999 -9999 -9999 -9999 -9999 -9999 -9999 -9999 -9999 -9999 -9999 -9999 -9999 -9999 -9999 -9999 -9999 -9999 -9999 -9999 -9999 -9999 -9999 -9999 -9999 -9999 -9999 -9999 -9999 -9999 -9999 -9999 -9999 -9999 -9999 -9999 -9999 -9999 -9999 -9999 -9999 -9999 -9999
-9999 -9999 -9999 -9999 -9999 -9999 -9999 -9999 -9999 -9999 -9999 -9999 -9999 -9999 -9999 -9999 -9999 -9999 -9999 -9999 -9999 -9999 -9999 -9999 -9999 -9999 -9999 -9999 -9999 -9999 -9999 -9999 -9999 -9999 -9999 -9999 -9999 -9999 -9999 -9999 -9999 -9999 -9999 -9999 -9999 -9999 -9999 -9999 -9999 -9999 -9999 -9999 -9999 -9999 -9999 -9999 -9999 -9999 -9999 -9999 -9999 -9999 -9999 -9999 -9999 -9999 -9999 -9999 -9999 -9999 -9999 -9999 -9999 -9999 -9999 -9999 -9999 -9999 -9999 -9999 -9999 -9999 -9999 -9999 -9999 -9999 -9999 -9999 -9999 -9999 -9999 -9999 -9999 -9999 -9999 -9999
-9999 -9999 -9999 -9999 -9999 -9999 -9999 -9999 -9999 -9999 -9999 -9999 -9999 -9999 -9999 -9999 -9999 -9999 -9999 -9999 -9999 -9999 -9999 -9999 -9999 -9999 -9999 -9999 -9999 -9999 -9999 -9999 -9999 -9999 -9999 -9999 -9999 -9999 -9999 -9999 -9999 -9999 -9999 -9999 -9999 -9999 -9999 -9999 -9999 -9999 -9999 -9999 -9999 -9999 -9999 -9999 -9999 -9999 -9999 -9999 -9999 -9999 -9999 -9999 -9999 -9999 -9999 -9999 -9999 -9999 -9999 -9999 -9999 -9999 -9999 -9999 -9999 -9999 -9999 -9999 -9999 -9999 -9999 -9999 -9999 -9999 -9999 -9999 -9999 -9999 -9999 -9999 -9999 -9999 -9999 -9999
-9999 -9999 -9999 -9999 -9999 -9999 -9999 -9999 -9999 -9999 -9999 -9999 -9999 -9999 -9999 -9999 -9999 -9999 -9999 -9999 -9999 -9999 -9999 -9999 -9999 -9999 -9999 -9999 -9999 -9999 -9999 -9999 -9999 -9999 -9999 -9999 -9999 -9999 -9999 -9999 -9999 -9999 -9999 -9999 -9999 -9999 -9999 -9999 -9999 -9999 -9999 -9999 -9999 -9999 -9999 -9999 -9999 -9999 -9999 -9999 -9999 -9999 -9999 -9999 -9999 -9999 -9999 -9999 -9999 -9999 -9999 -9999 -9999 -9999 -9999 -9999 -9999 -9999 -9999 -9999 -9999 -9999 -9999 -9999 -9999 -9999 -9999 -9999 -9999 -9999 -9999 -9999 -9999 -9999 -9999 -9999
-9999 -9999 -9999 -9999 -9999 -9999 -9999 -9999 -9999 -9999 -9999 -9999 -9999 -9999 -9999 -9999 -9999 -9999 -9999 -9999 -9999 -9999 -9999 -9999 -9999 -9999 -9999 -9999 -9999 -9999 -9999 -9999 -9999 -9999 -9999 -9999 -9999 -9999 -9999 -9999 -9999 -9999 -9999 -9999 -9999 -9999 -9999 -9999 -9999 -9999 -9999 -9999 -9999 -9999 -9999 -9999 -9999 -9999 -9999 -9999 -9999 -9999 -9999 -9999 -9999 -9999 -9999 -9999 -9999 -9999 -9999 -9999 -9999 -9999 -9999 -9999 -9999 -9999 -9999 -9999 -9999 -9999 -9999 -9999 -9999 -9999 -9999 -9999 -9999 -9999 -9999 -9999 -9999 -9999 -9999 -9999
-9999 -9999 -9999 -9999 -9999 -9999 -9999 -9999 -9999 -9999 -9999 -9999 -9999 -9999 -9999 -9999 -9999 -9999 -9999 -9999 -9999 -9999 -9999 -9999 -9999 -9999 -9999 -9999 -9999 -9999 -9999 -9999 -9999 -9999 -9999 -9999 -9999 -9999 -9999 -9999 -9999 -9999 -9999 -9999 -9999 -9999 -9999 -9999 -9999 -9999 -9999 -9999 -9999 -9999 -9999 -9999 -9999 -9999 -9999 -9999 -9999 -9999 -9999 -9999 -9999 -9999 -9999 -9999 -9999 -9999 -9999 -9999 -9999 -9999 -9999 -9999 -9999 -9999 -9999 -9999 -9999 -9999 -9999 -9999 -9999 -9999 -9999 -9999 -9999 -9999 -9999 -9999 -9999 -9999 -9999 -9999
-9999 -9999 -9999 -9999 -9999 -9999 -9999 -9999 -9999 -9999 -9999 -9999 -9999 -9999 -9999 -9999 -9999 -9999 -9999 -9999 -9999 -9999 -9999 -9999 -9999 -9999 -9999 -9999 -9999 -9999 -9999 -9999 -9999 -9999 -9999 -9999 -9999 -9999 -9999 -9999 -9999 -9999 -9999 -9999 -9999 -9999 -9999 -9999 -9999 -9999 -9999 -9999 -9999 -9999 -9999 -9999 -9999 -9999 -9999 -9999 -9999 -9999 -9999 -9999 -9999 -9999 -9999 -9999 -9999 -9999 -9999 -9999 -9999 -9999 -9999 -9999 -9999 -9999 -9999 -9999 -9999 -9999 -9999 -9999 -9999 -9999 -9999 -9999 -9999 -9999 -9999 -9999 -9999 -9999 -9999 -9999
-9999 -9999 -9999 -9999 -9999 -9999 -9999 -9999 -9999 -9999 -9999 -9999 -9999 -9999 -9999 -9999 -9999 -9999 -9999 -9999 -9999 -9999 -9999 -9999 -9999 -9999 -9999 -9999 -9999 -9999 -9999 -9999 -9999 -9999 -9999 -9999 -9999 -9999 -9999 -9999 -9999 -9999 -9999 -9999 -9999 -9999 -9999 -9999 -9999 -9999 -9999 -9999 -9999 -9999 -9999 -9999 -9999 -9999 -9999 -9999 -9999 -9999 -9999 -9999 -9999 -9999 -9999 -9999 -9999 -9999 -9999 -9999 -9999 -9999 -9999 -9999 -9999 -9999 -9999 -9999 -9999 -9999 -9999 -9999 -9999 -9999 -9999 -9999 -9999 -9999 -9999 -9999 -9999 -9999 -9999 -9999
