SEB_model/sample_data_files/59_hillshade.txt
ncols         475
nrows         344
xllcorner     388726.00889408
yllcorner     7584415.1517739
cellsize      5
NODATA_value  -9999
[rows 276 to 321 of 344, columns 96 to 191 of 475]
123 123 123 118 118 118 118 118 121 121 121 128 128 142 142 142 135 135 121 121 121 114 114 114 104 104 102 102 102 90 90 90 73 73 78 78 78 85 85 100 100 100 108 108 108 106 106 106 106 106 95 95 86 86 86 80 80 80 69 69 65 65 65 66 66 66 67 67 72 72 72 66 66 64 64 64 65 65 65 43 43 14 14 14 3 3 3 10 10 19 19 19 10 10 0 0
123 123 123 118 118 118 118 118 121 121 121 128 128 142 142 142 135 135 121 121 121 114 114 114 104 104 102 102 102 90 90 90 73 73 78 78 78 85 85 100 100 100 108 108 108 106 106 106 106 106 95 95 86 86 86 80 80 80 69 69 65 65 65 66 66 66 67 67 72 72 72 66 66 64 64 64 65 65 65 43 43 14 14 14 3 3 3 10 10 19 19 19 10 10 0 0
122 122 122 118 118 118 118 118 125 125 125 136 136 141 141 141 120 120 100 100 100 99 99 99 94 94 95 95 95 86 86 86 79 79 91 91 91 100 100 111 111 111 111 111 111 103 103 99 99 99 86 86 75 75 75 70 70 70 62 62 61 61 61 60 60 60 59 59 60 60 60 54 54 51 51 51 48 48 48 25 25 3 3 3 0 0 0 6 6 12 12 12 3 3 0 0
122 122 122 118 118 118 118 118 125 125 125 136 136 141 141 141 120 120 100 100 100 99 99 99 94 94 95 95 95 86 86 86 79 79 91 91 91 100 100 111 111 111 111 111 111 103 103 99 99 99 86 86 75 75 75 70 70 70 62 62 61 61 61 60 60 60 59 59 60 60 60 54 54 51 51 51 48 48 48 25 25 3 3 3 0 0 0 6 6 12 12 12 3 3 0 0
124 124 124 118 118 120 120 120 133 133 133 138 138 129 129 129 98 98 84 84 84 95 95 95 96 96 98 98 98 96 96 96 97 97 112 112 112 115 115 117 117 117 112 112 112 101 101 96 96 96 82 82 73 73 73 71 71 71 68 68 68 68 68 67 67 67 65 65 67 67 67 63 63 62 62 62 54 54 54 29 29 14 14 14 14 14 14 20 20 21 21 21 6 6 0 0
124 124 124 118 118 120 120 120 133 133 133 138 138 129 129 129 98 98 84 84 84 95 95 95 96 96 98 98 98 96 96 96 97 97 112 112 112 115 115 117 117 117 112 112 112 101 101 96 96 96 82 82 73 73 73 71 71 71 68 68 68 68 68 67 67 67 65 65 67 67 67 63 63 62 62 62 54 54 54 29 29 14 14 14 14 14 14 20 20 21 21 21 6 6 0 0
124 124 124 118 118 120 120 120 133 133 133 138 138 129 129 129 98 98 84 84 84 95 95 95 96 96 98 98 98 96 96 96 97 97 112 112 112 115 115 117 117 117 112 112 112 101 101 96 96 96 82 82 73 73 73 71 71 71 68 68 68 68 68 67 67 67 65 65 67 67 67 63 63 62 62 62 54 54 54 29 29 14 14 14 14 14 14 20 20 21 21 21 6 6 0 0
123 123 123 122 122 129 129 129 142 142 142 135 135 114 114 114 84 84 83 83 83 100 100 100 99 99 101 101 101 102 102 102 103 103 112 112 112 109 109 107 107 107 100 100 100 88 88 83 83 83 71 71 66 66 66 68 68 68 66 66 65 65 65 64 64 64 63 63 66 66 66 61 61 55 55 55 40 40 40 22 22 17 17 17 19 19 19 22 22 18 18 18 0 0 0 0
123 123 123 122 122 129 129 129 142 142 142 135 135 114 114 114 84 84 83 83 83 100 100 100 99 99 101 101 101 102 102 102 103 103 112 112 112 109 109 107 107 107 100 100 100 88 88 83 83 83 71 71 66 66 66 68 68 68 66 66 65 65 65 64 64 64 63 63 66 66 66 61 61 55 55 55 40 40 40 22 22 17 17 17 19 19 19 22 22 18 18 18 0 0 0 0
127 127 127 132 132 141 141 141 145 145 145 125 125 101 101 101 83 83 90 90 90 105 105 105 100 100 101 101 101 101 101 101 100 100 105 105 105 99 99 95 95 95 87 87 87 76 76 72 72 72 63 63 62 62 62 67 67 67 64 64 60 60 60 56 56 56 54 54 56 56 56 47 47 33 33 33 20 20 20 16 16 18 18 18 20 20 20 18 18 8 8 8 0 0 0 0
127 127 127 132 132 141 141 141 145 145 145 125 125 101 101 101 83 83 90 90 90 105 105 105 100 100 101 101 101 101 101 101 100 100 105 105 105 99 99 95 95 95 87 87 87 76 76 72 72 72 63 63 62 62 62 67 67 67 64 64 60 60 60 56 56 56 54 54 56 56 56 47 47 33 33 33 20 20 20 16 16 18 18 18 20 20 20 18 18 8 8 8 0 0 0 0
127 127 127 132 132 141 141 141 145 145 145 125 125 101 101 101 83 83 90 90 90 105 105 105 100 100 101 101 101 101 101 101 100 100 105 105 105 99 99 95 95 95 87 87 87 76 76 72 72 72 63 63 62 62 62 67 67 67 64 64 60 60 60 56 56 56 54 54 56 56 56 47 47 33 33 33 20 20 20 16 16 18 18 18 20 20 20 18 18 8 8 8 0 0 0 0
139 139 139 144 144 147 147 147 138 138 138 109 109 90 90 90 84 84 96 96 96 107 107 107 100 100 97 97 97 92 92 92 90 90 94 94 94 88 88 84 84 84 74 74 74 65 65 63 63 63 56 56 54 54 54 58 58 58 53 53 47 47 47 44 44 44 43 43 46 46 46 34 34 18 18 18 16 16 16 18 18 19 19 19 18 18 18 10 10 0 0 0 0 0 0 0
139 139 139 144 144 147 147 147 138 138 138 109 109 90 90 90 84 84 96 96 96 107 107 107 100 100 97 97 97 92 92 92 90 90 94 94 94 88 88 84 84 84 74 74 74 65 65 63 63 63 56 56 54 54 54 58 58 58 53 53 47 47 47 44 44 44 43 43 46 46 46 34 34 18 18 18 16 16 16 18 18 19 19 19 18 18 18 10 10 0 0 0 0 0 0 0
139 139 139 144 144 147 147 147 138 138 138 109 109 90 90 90 84 84 96 96 96 107 107 107 100 100 97 97 97 92 92 92 90 90 94 94 94 88 88 84 84 84 74 74 74 65 65 63 63 63 56 56 54 54 54 58 58 58 53 53 47 47 47 44 44 44 43 43 46 46 46 34 34 18 18 18 16 16 16 18 18 19 19 19 18 18 18 10 10 0 0 0 0 0 0 0
151 151 151 150 150 141 141 141 120 120 120 90 90 82 82 82 87 87 99 99 99 105 105 105 94 94 87 87 87 79 79 79 74 74 76 76 76 70 70 64 64 64 54 54 54 46 46 47 47 47 40 40 36 36 36 39 39 39 35 35 33 33 33 32 32 32 33 33 35 35 35 20 20 10 10 10 14 14 14 16 16 14 14 14 7 7 7 0 0 0 0 0 0 0 0 0
151 151 151 150 150 141 141 141 120 120 120 90 90 82 82 82 87 87 99 99 99 105 105 105 94 94 87 87 87 79 79 79 74 74 76 76 76 70 70 64 64 64 54 54 54 46 46 47 47 47 40 40 36 36 36 39 39 39 35 35 33 33 33 32 32 32 33 33 35 35 35 20 20 10 10 10 14 14 14 16 16 14 14 14 7 7 7 0 0 0 0 0 0 0 0 0
153 153 153 142 142 124 124 124 99 99 99 82 82 90 90 90 101 101 108 108 108 107 107 107 96 96 88 88 88 82 82 82 76 76 76 76 76 69 69 62 62 62 54 54 54 49 49 51 51 51 45 45 41 41 41 45 45 45 45 45 45 45 45 45 45 45 46 46 41 41 41 23 23 17 17 17 19 19 19 18 18 10 10 10 0 0 0 0 0 0 0 0 0 0 0 0
153 153 153 142 142 124 124 124 99 99 99 82 82 90 90 90 101 101 108 108 108 107 107 107 96 96 88 88 88 82 82 82 76 76 76 76 76 69 69 62 62 62 54 54 54 49 49 51 51 51 45 45 41 41 41 45 45 45 45 45 45 45 45 45 45 45 46 46 41 41 41 23 23 17 17 17 19 19 19 18 18 10 10 10 0 0 0 0 0 0 0 0 0 0 0 0
153 153 153 142 142 124 124 124 99 99 99 82 82 90 90 90 101 101 108 108 108 107 107 107 96 96 88 88 88 82 82 82 76 76 76 76 76 69 69 62 62 62 54 54 54 49 49 51 51 51 45 45 41 41 41 45 45 45 45 45 45 45 45 45 45 45 46 46 41 41 41 23 23 17 17 17 19 19 19 18 18 10 10 10 0 0 0 0 0 0 0 0 0 0 0 0
143 143 143 125 125 105 105 105 92 92 92 92 92 107 107 107 112 112 110 110 110 104 104 104 92 92 85 85 85 80 80 80 76 76 76 76 76 67 67 57 57 57 49 49 49 45 45 48 48 48 43 43 41 41 41 48 48 48 49 49 48 48 48 46 46 46 43 43 32 32 32 17 17 14 14 14 13 13 13 10 10 0 0 0 0 0 0 0 0 0 0 0 0 0 0 0
143 143 143 125 125 105 105 105 92 92 92 92 92 107 107 107 112 112 110 110 110 104 104 104 92 92 85 85 85 80 80 80 76 76 76 76 76 67 67 57 57 57 49 49 49 45 45 48 48 48 43 43 41 41 41 48 48 48 49 49 48 48 48 46 46 46 43 43 32 32 32 17 17 14 14 14 13 13 13 10 10 0 0 0 0 0 0 0 0 0 0 0 0 0 0 0
132 132 132 113 113 101 101 101 102 102 102 108 108 117 117 117 112 112 104 104 104 97 97 97 87 87 81 81 81 76 76 76 74 74 76 76 76 67 67 56 56 56 48 48 48 49 49 54 54 54 50 50 50 50 50 54 54 54 49 49 44 44 44 41 41 41 34 34 21 21 21 11 11 11 11 11 9 9 9 5 5 0 0 0 0 0 0 0 0 0 0 0 0 0 0 0
132 132 132 113 113 101 101 101 102 102 102 108 108 117 117 117 112 112 104 104 104 97 97 97 87 87 81 81 81 76 76 76 74 74 76 76 76 67 67 56 56 56 48 48 48 49 49 54 54 54 50 50 50 50 50 54 54 54 49 49 44 44 44 41 41 41 34 34 21 21 21 11 11 11 11 11 9 9 9 5 5 0 0 0 0 0 0 0 0 0 0 0 0 0 0 0
132 132 132 113 113 101 101 101 102 102 102 108 108 117 117 117 112 112 104 104 104 97 97 97 87 87 81 81 81 76 76 76 74 74 76 76 76 67 67 56 56 56 48 48 48 49 49 54 54 54 50 50 50 50 50 54 54 54 49 49 44 44 44 41 41 41 34 34 21 21 21 11 11 11 11 11 9 9 9 5 5 0 0 0 0 0 0 0 0 0 0 0 0 0 0 0
122 122 122 111 111 111 111 111 118 118 118 118 118 116 116 116 105 105 97 97 97 91 91 91 83 83 77 77 77 74 74 74 75 75 77 77 77 65 65 55 55 55 51 51 51 56 56 63 63 63 60 60 60 60 60 54 54 54 38 38 30 30 30 29 29 29 25 25 16 16 16 10 10 8 8 8 4 4 4 2 2 0 0 0 0 0 0 0 0 0 0 0 0 0 0 0
122 122 122 111 111 111 111 111 118 118 118 118 118 116 116 116 105 105 97 97 97 91 91 91 83 83 77 77 77 74 74 74 75 75 77 77 77 65 65 55 55 55 51 51 51 56 56 63 63 63 60 60 60 60 60 54 54 54 38 38 30 30 30 29 29 29 25 25 16 16 16 10 10 8 8 8 4 4 4 2 2 0 0 0 0 0 0 0 0 0 0 0 0 0 0 0
122 122 122 111 111 111 111 111 118 118 118 118 118 116 116 116 105 105 97 97 97 91 91 91 83 83 77 77 77 74 74 74 75 75 77 77 77 65 65 55 55 55 51 51 51 56 56 63 63 63 60 60 60 60 60 54 54 54 38 38 30 30 30 29 29 29 25 25 16 16 16 10 10 8 8 8 4 4 4 2 2 0 0 0 0 0 0 0 0 0 0 0 0 0 0 0
120 120 120 120 120 125 125 125 125 125 125 116 116 107 107 107 95 95 89 89 89 82 82 82 73 73 68 68 68 69 69 69 71 71 68 68 68 54 54 46 46 46 48 48 48 55 55 61 61 61 55 55 48 48 48 34 34 34 18 18 12 12 12 13 13 13 11 11 5 5 5 0 0 0 0 0 0 0 0 0 0 0 0 0 0 0 0 0 0 0 0 0 0 0 0 0
120 120 120 120 120 125 125 125 125 125 125 116 116 107 107 107 95 95 89 89 89 82 82 82 73 73 68 68 68 69 69 69 71 71 68 68 68 54 54 46 46 46 48 48 48 55 55 61 61 61 55 55 48 48 48 34 34 34 18 18 12 12 12 13 13 13 11 11 5 5 5 0 0 0 0 0 0 0 0 0 0 0 0 0 0 0 0 0 0 0 0 0 0 0 0 0
129 129 129 132 132 131 131 131 123 123 123 109 109 99 99 99 89 89 81 81 81 73 73 73 68 68 71 71 71 75 75 75 75 75 69 69 69 57 57 54 54 54 61 61 61 74 74 76 76 76 63 63 48 48 48 33 33 33 25 25 24 24 24 27 27 27 28 28 19 19 19 7 7 0 0 0 0 0 0 0 0 0 0 0 0 0 0 0 0 0 0 0 0 0 0 0
129 129 129 132 132 131 131 131 123 123 123 109 109 99 99 99 89 89 81 81 81 73 73 73 68 68 71 71 71 75 75 75 75 75 69 69 69 57 57 54 54 54 61 61 61 74 74 76 76 76 63 63 48 48 48 33 33 33 25 25 24 24 24 27 27 27 28 28 19 19 19 7 7 0 0 0 0 0 0 0 0 0 0 0 0 0 0 0 0 0 0 0 0 0 0 0
129 129 129 132 132 131 131 131 123 123 123 109 109 99 99 99 89 89 81 81 81 73 73 73 68 68 71 71 71 75 75 75 75 75 69 69 69 57 57 54 54 54 61 61 61 74 74 76 76 76 63 63 48 48 48 33 33 33 25 25 24 24 24 27 27 27 28 28 19 19 19 7 7 0 0 0 0 0 0 0 0 0 0 0 0 0 0 0 0 0 0 0 0 0 0 0
137 137 137 134 134 126 126 126 114 114 114 100 100 90 90 90 79 79 70 70 70 67 67 67 70 70 75 75 75 77 77 77 72 72 66 66 66 56 56 57 57 57 70 70 70 80 80 71 71 71 47 47 33 33 33 25 25 25 23 23 24 24 24 31 31 31 35 35 24 24 24 6 6 0 0 0 0 0 0 0 0 0 0 0 0 0 0 0 0 0 0 0 0 0 0 0
137 137 137 134 134 126 126 126 114 114 114 100 100 90 90 90 79 79 70 70 70 67 67 67 70 70 75 75 75 77 77 77 72 72 66 66 66 56 56 57 57 57 70 70 70 80 80 71 71 71 47 47 33 33 33 25 25 25 23 23 24 24 24 31 31 31 35 35 24 24 24 6 6 0 0 0 0 0 0 0 0 0 0 0 0 0 0 0 0 0 0 0 0 0 0 0
137 137 137 134 134 126 126 126 114 114 114 100 100 90 90 90 79 79 70 70 70 67 67 67 70 70 75 75 75 77 77 77 72 72 66 66 66 56 56 57 57 57 70 70 70 80 80 71 71 71 47 47 33 33 33 25 25 25 23 23 24 24 24 31 31 31 35 35 24 24 24 6 6 0 0 0 0 0 0 0 0 0 0 0 0 0 0 0 0 0 0 0 0 0 0 0
135 135 135 125 125 113 113 113 101 101 101 87 87 78 78 78 69 69 68 68 68 73 73 73 78 78 79 79 79 72 72 72 64 64 59 59 59 51 51 57 57 57 67 67 67 62 62 41 41 41 20 20 18 18 18 16 16 16 12 12 11 11 11 18 18 18 23 23 9 9 9 0 0 0 0 0 0 0 0 0 0 0 0 0 0 0 0 0 0 0 0 0 0 0 0 0
135 135 135 125 125 113 113 113 101 101 101 87 87 78 78 78 69 69 68 68 68 73 73 73 78 78 79 79 79 72 72 72 64 64 59 59 59 51 51 57 57 57 67 67 67 62 62 41 41 41 20 20 18 18 18 16 16 16 12 12 11 11 11 18 18 18 23 23 9 9 9 0 0 0 0 0 0 0 0 0 0 0 0 0 0 0 0 0 0 0 0 0 0 0 0 0
-9999 172 172 119 119 105 105 105 96 96 96 84 84 78 78 78 74 74 80 80 80 87 87 87 88 88 82 82 82 74 74 74 69 69 65 65 65 61 61 65 65 65 63 63 63 46 46 28 28 28 24 24 34 34 34 29 29 29 20 20 17 17 17 25 25 25 29 29 12 12 12 0 0 0 0 0 0 0 0 0 0 0 0 0 0 0 0 0 0 0 0 0 0 0 0 0
-9999 -9999 172 119 119 105 105 105 96 96 96 84 84 78 78 78 74 74 80 80 80 87 87 87 88 88 82 82 82 74 74 74 69 69 65 65 65 61 61 65 65 65 63 63 63 46 46 28 28 28 24 24 34 34 34 29 29 29 20 20 17 17 17 25 25 25 29 29 12 12 12 0 0 0 0 0 0 0 0 0 0 0 0 0 0 0 0 0 0 0 0 0 0 0 0 0
-9999 -9999 -9999 119 119 105 105 105 96 96 96 84 84 78 78 78 74 74 80 80 80 87 87 87 88 88 82 82 82 74 74 74 69 69 65 65 65 61 61 65 65 65 63 63 63 46 46 28 28 28 24 24 34 34 34 29 29 29 20 20 17 17 17 25 25 25 29 29 12 12 12 0 0 0 0 0 0 0 0 0 0 0 0 0 0 0 0 0 0 0 0 0 0 0 0 0
-9999 -9999 -9999 -9999 -9999 -9999 -9999 188 146 146 146 91 91 84 84 84 83 83 89 89 89 89 89 89 84 84 78 78 78 70 70 70 63 63 59 59 59 58 58 54 54 54 38 38 38 23 23 21 21 21 29 29 33 33 33 19 19 19 9 9 10 10 10 20 20 20 21 21 4 4 4 0 0 0 0 0 0 0 0 0 0 0 0 0 0 0 0 0 0 0 0 0 0 0 0 0
-9999 -9999 -9999 -9999 -9999 -9999 -9999 -9999 146 146 146 91 91 84 84 84 83 83 89 89 89 89 89 89 84 84 78 78 78 70 70 70 63 63 59 59 59 58 58 54 54 54 38 38 38 23 23 21 21 21 29 29 33 33 33 19 19 19 9 9 10 10 10 20 20 20 21 21 4 4 4 0 0 0 0 0 0 0 0 0 0 0 0 0 0 0 0 0 0 0 0 0 0 0 0 0
-9999 -9999 -9999 -9999 -9999 -9999 -9999 -9999 -9999 142 142 92 92 95 95 95 91 91 92 92 92 87 87 87 80 80 71 71 71 56 56 56 49 49 51 51 51 47 47 31 31 31 15 15 15 14 14 25 25 25 30 30 21 21 21 2 2 2 0 0 3 3 3 14 14 14 13 13 0 0 0 0 0 0 0 0 0 0 0 0 0 0 0 0 0 0 0 0 0 0 0 0 0 0 0 0
-9999 -9999 -9999 -9999 -9999 -9999 -9999 -9999 -9999 -9999 142 92 92 95 95 95 91 91 92 92 92 87 87 87 80 80 71 71 71 56 56 56 49 49 51 51 51 47 47 31 31 31 15 15 15 14 14 25 25 25 30 30 21 21 21 2 2 2 0 0 3 3 3 14 14 14 13 13 0 0 0 0 0 0 0 0 0 0 0 0 0 0 0 0 0 0 0 0 0 0 0 0 0 0 0 0
-9999 -9999 -9999 -9999 -9999 -9999 -9999 -9999 -9999 -9999 142 92 92 95 95 95 91 91 92 92 92 87 87 87 80 80 71 71 71 56 56 56 49 49 51 51 51 47 47 31 31 31 15 15 15 14 14 25 25 25 30 30 21 21 21 2 2 2 0 0 3 3 3 14 14 14 13 13 0 0 0 0 0 0 0 0 0 0 0 0 0 0 0 0 0 0 0 0 0 0 0 0 0 0 0 0
