SEB_model/sample_data_files/59_hillshade.txt
ncols         475
nrows         344
xllcorner     388726.00889408
yllcorner     7584415.1517739
cellsize      5
NODATA_value  -9999
[rows 138 to 183 of 344, columns 0 to 95 of 475]
-9999 -9999 -9999 -9999 -9999 -9999 -9999 -9999 -9999 -9999 -9999 57 50 50 50 64 64 64 66 66 68 68 68 71 71 71 75 75 84 84 84 87 87 86 86 86 87 87 87 88 88 88 88 88 87 87 87 87 87 88 88 88 87 87 87 87 87 88 88 88 89 89 91 91 91 93 93 95 95 95 97 97 97 97 97 99 99 99 99 99 99 99 99 99 99 99 97 97 98 98 98 100 100 100 100 100
-9999 -9999 -9999 -9999 -9999 -9999 -9999 -9999 -9999 -9999 -9999 -9999 73 73 73 82 82 82 78 78 78 78 78 77 77 77 78 78 82 82 82 80 80 80 80 80 82 82 82 82 82 82 82 82 84 84 85 85 85 86 86 86 87 87 87 87 87 87 87 87 88 88 89 89 89 91 91 92 92 92 92 92 92 93 93 97 97 97 98 98 97 97 97 97 97 97 96 96 97 97 97 98 98 98 97 97
-9999 -9999 -9999 -9999 -9999 -9999 -9999 -9999 -9999 -9999 -9999 -9999 73 73 73 82 82 82 78 78 78 78 78 77 77 77 78 78 82 82 82 80 80 80 80 80 82 82 82 82 82 82 82 82 84 84 85 85 85 86 86 86 87 87 87 87 87 87 87 87 88 88 89 89 89 91 91 92 92 92 92 92 92 93 93 97 97 97 98 98 97 97 97 97 97 97 96 96 97 97 97 98 98 98 97 97
-9999 -9999 -9999 -9999 -9999 -9999 -9999 -9999 -9999 -9999 -9999 -9999 58 58 58 68 68 68 77 77 75 75 75 74 74 74 73 73 77 77 77 76 76 76 76 76 78 78 78 78 78 80 80 80 83 83 86 86 86 87 87 87 87 87 86 86 86 86 86 86 86 86 88 88 88 89 89 89 89 89 89 89 89 90 90 94 94 94 95 95 94 94 94 96 96 96 95 95 96 96 96 96 96 96 94 94
-9999 -9999 -9999 -9999 -9999 -9999 -9999 -9999 -9999 -9999 -9999 69 58 58 58 68 68 68 77 77 75 75 75 74 74 74 73 73 77 77 77 76 76 76 76 76 78 78 78 78 78 80 80 80 83 83 86 86 86 87 87 87 87 87 86 86 86 86 86 86 86 86 88 88 88 89 89 89 89 89 89 89 89 90 90 94 94 94 95 95 94 94 94 96 96 96 95 95 96 96 96 96 96 96 94 94
-9999 -9999 -9999 -9999 -9999 -9999 -9999 -9999 -9999 -9999 -9999 69 58 58 58 68 68 68 77 77 75 75 75 74 74 74 73 73 77 77 77 76 76 76 76 76 78 78 78 78 78 80 80 80 83 83 86 86 86 87 87 87 87 87 86 86 86 86 86 86 86 86 88 88 88 89 89 89 89 89 89 89 89 90 90 94 94 94 95 95 94 94 94 96 96 96 95 95 96 96 96 96 96 96 94 94
-9999 -9999 -9999 -9999 -9999 -9999 -9999 -9999 -9999 -9999 -9999 58 48 48 48 67 67 67 75 75 72 72 72 70 70 70 70 70 74 74 74 74 74 72 72 72 71 71 71 72 72 77 77 77 81 81 83 83 83 85 85 85 85 85 85 85 85 84 84 84 84 84 85 85 85 86 86 87 87 87 88 88 88 88 88 91 91 91 89 89 88 88 88 91 91 91 92 92 94 94 94 93 93 93 92 92
-9999 -9999 -9999 -9999 -9999 -9999 -9999 -9999 -9999 -9999 58 58 48 48 48 67 67 67 75 75 72 72 72 70 70 70 70 70 74 74 74 74 74 72 72 72 71 71 71 72 72 77 77 77 81 81 83 83 83 85 85 85 85 85 85 85 85 84 84 84 84 84 85 85 85 86 86 87 87 87 88 88 88 88 88 91 91 91 89 89 88 88 88 91 91 91 92 92 94 94 94 93 93 93 92 92
-9999 -9999 -9999 -9999 -9999 -9999 -9999 -9999 -9999 76 58 58 48 48 48 67 67 67 75 75 72 72 72 70 70 70 70 70 74 74 74 74 74 72 72 72 71 71 71 72 72 77 77 77 81 81 83 83 83 85 85 85 85 85 85 85 85 84 84 84 84 84 85 85 85 86 86 87 87 87 88 88 88 88 88 91 91 91 89 89 88 88 88 91 91 91 92 92 94 94 94 93 93 93 92 92
-9999 -9999 51 51 51 -9999 -9999 -9999 58 58 51 51 57 57 57 71 71 71 67 67 64 64 64 63 63 63 65 65 68 68 68 66 66 66 66 66 66 66 66 67 67 72 72 72 72 72 72 72 72 75 75 75 73 73 70 70 70 70 70 70 73 73 77 77 77 81 81 84 84 84 85 85 85 85 85 85 85 85 81 81 79 79 79 83 83 83 84 84 85 85 85 86 86 86 86 86
-9999 50 51 51 51 56 56 58 58 58 51 51 57 57 57 71 71 71 67 67 64 64 64 63 63 63 65 65 68 68 68 66 66 66 66 66 66 66 66 67 67 72 72 72 72 72 72 72 72 75 75 75 73 73 70 70 70 70 70 70 73 73 77 77 77 81 81 84 84 84 85 85 85 85 85 85 85 85 81 81 79 79 79 83 83 83 84 84 85 85 85 86 86 86 86 86
-9999 42 44 44 44 54 54 56 56 56 55 55 60 60 60 64 64 64 60 60 59 59 59 61 61 61 61 61 60 60 60 59 59 61 61 61 64 64 64 69 69 73 73 73 71 71 70 70 70 71 71 71 65 65 60 60 60 60 60 60 62 62 68 68 68 73 73 77 77 77 78 78 78 78 78 78 78 78 75 75 76 76 76 80 80 80 81 81 80 80 80 81 81 81 82 82
42 42 44 44 44 54 54 56 56 56 55 55 60 60 60 64 64 64 60 60 59 59 59 61 61 61 61 61 60 60 60 59 59 61 61 61 64 64 64 69 69 73 73 73 71 71 70 70 70 71 71 71 65 65 60 60 60 60 60 60 62 62 68 68 68 73 73 77 77 77 78 78 78 78 78 78 78 78 75 75 76 76 76 80 80 80 81 81 80 80 80 81 81 81 82 82
42 42 44 44 44 54 54 56 56 56 55 55 60 60 60 64 64 64 60 60 59 59 59 61 61 61 61 61 60 60 60 59 59 61 61 61 64 64 64 69 69 73 73 73 71 71 70 70 70 71 71 71 65 65 60 60 60 60 60 60 62 62 68 68 68 73 73 77 77 77 78 78 78 78 78 78 78 78 75 75 76 76 76 80 80 80 81 81 80 80 80 81 81 81 82 82
38 38 48 48 48 63 63 68 68 68 -9999 -9999 -9999 -9999 -9999 57 57 57 47 47 50 50 50 52 52 52 49 49 48 48 48 49 49 54 54 54 60 60 60 66 66 70 70 70 69 69 68 68 68 66 66 66 59 59 54 54 54 52 52 52 53 53 57 57 57 57 57 58 58 58 58 58 58 59 59 62 62 62 61 61 64 64 64 70 70 70 70 70 71 71 71 71 71 71 72 72
38 38 48 48 48 63 63 68 -9999 -9999 -9999 -9999 -9999 -9999 -9999 -9999 57 57 47 47 50 50 50 52 52 52 49 49 48 48 48 49 49 54 54 54 60 60 60 66 66 70 70 70 69 69 68 68 68 66 66 66 59 59 54 54 54 52 52 52 53 53 57 57 57 57 57 58 58 58 58 58 58 59 59 62 62 62 61 61 64 64 64 70 70 70 70 70 71 71 71 71 71 71 72 72
-9999 -9999 -9999 -9999 -9999 -9999 -9999 -9999 -9999 -9999 -9999 -9999 -9999 -9999 -9999 -9999 -9999 57 47 47 50 50 50 52 52 52 49 49 48 48 48 49 49 54 54 54 60 60 60 66 66 70 70 70 69 69 68 68 68 66 66 66 59 59 54 54 54 52 52 52 53 53 57 57 57 57 57 58 58 58 58 58 58 59 59 62 62 62 61 61 64 64 64 70 70 70 70 70 71 71 71 71 71 71 72 72
-9999 -9999 -9999 -9999 -9999 -9999 -9999 -9999 -9999 -9999 -9999 -9999 -9999 -9999 -9999 -9999 -9999 -9999 33 33 39 39 39 37 37 37 34 34 37 37 37 43 43 49 49 49 54 54 54 56 -9999 -9999 -9999 -9999 -9999 -9999 59 59 59 54 54 54 46 46 42 42 42 41 41 41 42 42 46 46 46 44 44 44 44 44 42 42 42 41 41 42 42 42 41 41 44 44 44 50 50 50 52 52 55 55 55 56 56 56 54 54
-9999 -9999 -9999 -9999 -9999 -9999 -9999 -9999 -9999 -9999 -9999 -9999 -9999 -9999 -9999 -9999 -9999 -9999 -9999 -9999 -9999 39 39 37 37 37 34 34 37 37 37 43 43 49 49 -9999 -9999 -9999 -9999 -9999 -9999 -9999 -9999 -9999 -9999 -9999 -9999 59 59 54 54 54 46 46 42 42 42 41 41 41 42 42 46 46 46 44 44 44 44 44 42 42 42 41 41 42 42 42 41 41 44 44 44 50 50 50 52 52 55 55 55 56 56 56 54 54
-9999 -9999 -9999 -9999 -9999 -9999 -9999 -9999 -9999 -9999 -9999 -9999 -9999 -9999 -9999 -9999 -9999 -9999 -9999 -9999 -9999 -9999 -9999 -9999 -9999 -9999 -9999 -9999 -9999 -9999 -9999 -9999 -9999 -9999 -9999 -9999 -9999 -9999 -9999 -9999 -9999 -9999 -9999 -9999 -9999 -9999 -9999 51 51 46 46 46 43 43 42 42 42 42 42 42 44 44 48 48 48 48 48 48 48 48 46 46 46 41 41 40 40 40 36 36 39 39 39 45 45 45 49 49 52 52 52 51 51 51 44 44
-9999 -9999 -9999 -9999 -9999 -9999 -9999 -9999 -9999 -9999 -9999 -9999 -9999 -9999 -9999 -9999 -9999 -9999 -9999 -9999 -9999 -9999 -9999 -9999 -9999 -9999 -9999 -9999 -9999 -9999 -9999 -9999 -9999 -9999 -9999 -9999 -9999 -9999 -9999 -9999 -9999 -9999 -9999 -9999 -9999 -9999 -9999 51 51 46 46 46 43 43 42 42 42 42 42 42 44 44 48 48 48 48 48 48 48 48 46 46 46 41 41 40 40 40 36 36 39 39 39 45 45 45 49 49 52 52 52 51 51 51 44 44
-9999 -9999 -9999 -9999 -9999 -9999 -9999 -9999 -9999 -9999 -9999 -9999 -9999 -9999 -9999 -9999 -9999 -9999 -9999 -9999 -9999 -9999 -9999 -9999 -9999 -9999 -9999 -9999 -9999 -9999 -9999 -9999 -9999 -9999 -9999 -9999 -9999 -9999 -9999 -9999 -9999 -9999 -9999 -9999 -9999 -9999 -9999 51 51 46 46 46 43 43 42 42 42 42 42 42 44 44 48 48 48 48 48 48 48 48 46 46 46 41 41 40 40 40 36 36 39 39 39 45 45 45 49 49 52 52 52 51 51 51 44 44
-9999 -9999 -9999 -9999 -9999 -9999 -9999 -9999 -9999 -9999 -9999 -9999 -9999 -9999 -9999 -9999 -9999 -9999 -9999 -9999 -9999 -9999 -9999 -9999 -9999 -9999 -9999 -9999 -9999 -9999 -9999 -9999 -9999 -9999 -9999 -9999 -9999 -9999 -9999 -9999 -9999 -9999 -9999 -9999 -9999 -9999 -9999 34 34 30 30 30 31 31 32 32 32 34 34 34 37 37 42 42 42 43 43 43 43 43 38 38 38 32 32 30 30 30 27 27 29 29 29 35 35 35 37 37 38 38 38 33 33 33 25 25
-9999 -9999 -9999 -9999 -9999 -9999 -9999 -9999 -9999 -9999 -9999 -9999 -9999 -9999 -9999 -9999 -9999 -9999 -9999 -9999 -9999 -9999 -9999 -9999 -9999 -9999 -9999 -9999 -9999 -9999 -9999 -9999 -9999 -9999 -9999 -9999 -9999 -9999 -9999 -9999 39 42 42 42 41 41 34 34 34 30 30 30 31 31 32 32 32 34 34 34 37 37 42 42 42 43 43 43 43 43 38 38 38 32 32 30 30 30 27 27 29 29 29 35 35 35 37 37 38 38 38 33 33 33 25 25
-9999 -9999 -9999 -9999 -9999 -9999 -9999 -9999 -9999 -9999 -9999 -9999 -9999 -9999 -9999 -9999 -9999 -9999 -9999 -9999 -9999 -9999 -9999 -9999 -9999 -9999 -9999 -9999 -9999 -9999 -9999 -9999 -9999 -9999 -9999 -9999 -9999 -9999 -9999 -9999 33 35 35 35 34 34 29 29 29 26 26 26 25 25 25 25 25 26 26 26 29 29 34 34 34 34 34 33 33 33 26 26 26 20 20 20 20 20 19 19 21 21 21 26 26 26 25 25 23 23 23 16 16 16 10 10
-9999 -9999 -9999 -9999 -9999 -9999 -9999 -9999 -9999 -9999 -9999 -9999 -9999 -9999 -9999 -9999 -9999 -9999 -9999 -9999 -9999 -9999 -9999 -9999 -9999 -9999 -9999 -9999 -9999 -9999 -9999 -9999 -9999 -9999 -9999 -9999 -9999 -9999 -9999 -9999 33 35 35 35 34 34 29 29 29 26 26 26 25 25 25 25 25 26 26 26 29 29 34 34 34 34 34 33 33 33 26 26 26 20 20 20 20 20 19 19 21 21 21 26 26 26 25 25 23 23 23 16 16 16 10 10
-9999 -9999 -9999 -9999 -9999 -9999 -9999 -9999 -9999 -9999 -9999 -9999 -9999 -9999 -9999 -9999 -9999 -9999 -9999 -9999 -9999 -9999 -9999 -9999 -9999 -9999 -9999 -9999 -9999 -9999 -9999 -9999 -9999 -9999 -9999 -9999 -9999 -9999 -9999 -9999 -9999 35 35 35 34 34 29 29 29 26 26 26 25 25 25 25 25 26 26 26 29 29 34 34 34 34 34 33 33 33 26 26 26 20 20 20 20 20 19 19 21 21 21 26 26 26 25 25 23 23 23 16 16 16 10 10
-9999 -9999 -9999 -9999 -9999 -9999 -9999 -9999 -9999 -9999 -9999 -9999 -9999 -9999 -9999 -9999 -9999 -9999 -9999 -9999 -9999 -9999 -9999 -9999 -9999 -9999 -9999 -9999 -9999 -9999 -9999 -9999 -9999 -9999 -9999 -9999 -9999 -9999 -9999 -9999 -9999 -9999 29 29 29 29 27 27 27 25 25 25 23 23 22 22 22 24 24 24 25 25 27 27 27 26 26 24 24 24 18 18 18 13 13 15 15 15 17 17 19 19 19 21 21 21 17 17 12 12 12 6 6 6 4 4
-9999 -9999 -9999 -9999 -9999 -9999 -9999 -9999 -9999 -9999 -9999 -9999 -9999 -9999 -9999 -9999 -9999 -9999 -9999 -9999 -9999 -9999 -9999 -9999 -9999 -9999 -9999 -9999 -9999 -9999 -9999 -9999 -9999 -9999 -9999 -9999 -9999 -9999 -9999 -9999 -9999 -9999 -9999 -9999 -9999 -9999 -9999 27 27 25 25 25 23 23 22 22 22 24 24 24 25 25 27 27 27 26 26 24 24 24 18 18 18 13 13 15 15 15 17 17 19 19 19 21 21 21 17 17 12 12 12 6 6 6 4 4
-9999 -9999 -9999 -9999 -9999 -9999 -9999 -9999 -9999 -9999 -9999 -9999 -9999 -9999 -9999 -9999 -9999 -9999 -9999 -9999 -9999 -9999 -9999 -9999 -9999 -9999 -9999 -9999 -9999 -9999 -9999 -9999 -9999 -9999 -9999 -9999 -9999 -9999 -9999 -9999 -9999 -9999 -9999 -9999 -9999 -9999 -9999 -9999 27 25 25 25 23 23 22 22 22 24 24 24 25 25 27 27 27 26 26 24 24 24 18 18 18 13 13 15 15 15 17 17 19 19 19 21 21 21 17 17 12 12 12 6 6 6 4 4
-9999 -9999 -9999 -9999 -9999 -9999 -9999 -9999 -9999 -9999 -9999 -9999 -9999 -9999 -9999 -9999 -9999 -9999 -9999 -9999 -9999 -9999 -9999 -9999 -9999 -9999 -9999 -9999 -9999 -9999 -9999 -9999 -9999 -9999 -9999 -9999 -9999 -9999 -9999 -9999 -9999 -9999 -9999 -9999 -9999 -9999 -9999 -9999 -9999 12 12 12 9 9 13 13 13 17 17 17 17 17 18 18 18 15 15 12 12 12 7 7 7 4 4 7 7 7 8 8 10 10 10 11 11 11 6 6 3 3 3 2 2 2 4 4
-9999 -9999 -9999 -9999 -9999 -9999 -9999 -9999 -9999 -9999 -9999 -9999 -9999 -9999 -9999 -9999 -9999 -9999 -9999 -9999 -9999 -9999 -9999 -9999 -9999 -9999 -9999 -9999 -9999 -9999 -9999 -9999 -9999 -9999 -9999 -9999 -9999 -9999 -9999 -9999 -9999 -9999 -9999 -9999 -9999 -9999 -9999 -9999 -9999 -9999 12 12 9 9 13 13 13 17 17 17 17 17 18 18 18 15 15 12 12 12 7 7 7 4 4 7 7 7 8 8 10 10 10 11 11 11 6 6 3 3 3 2 2 2 4 4
-9999 -9999 -9999 -9999 -9999 -9999 -9999 -9999 -9999 -9999 -9999 -9999 -9999 -9999 -9999 -9999 -9999 -9999 -9999 -9999 -9999 -9999 -9999 -9999 -9999 -9999 -9999 -9999 -9999 -9999 -9999 -9999 -9999 -9999 -9999 -9999 -9999 -9999 -9999 -9999 -9999 -9999 -9999 -9999 -9999 -9999 -9999 -9999 -9999 -9999 8 8 6 6 12 12 12 16 16 16 14 14 16 16 16 15 15 11 11 11 9 9 9 8 8 11 11 11 11 11 13 13 13 15 15 15 12 12 14 14 14 18 18 18 21 21
-9999 -9999 -9999 -9999 -9999 -9999 -9999 -9999 -9999 -9999 -9999 -9999 -9999 -9999 -9999 -9999 -9999 -9999 -9999 -9999 -9999 -9999 -9999 -9999 -9999 -9999 -9999 -9999 -9999 -9999 -9999 -9999 -9999 -9999 -9999 -9999 -9999 -9999 -9999 -9999 -9999 -9999 -9999 -9999 -9999 -9999 -9999 -9999 -9999 -9999 -9999 8 6 6 12 12 12 16 16 16 14 14 16 16 16 15 15 11 11 11 9 9 9 8 8 11 11 11 11 11 13 13 13 15 15 15 12 12 14 14 14 18 18 18 21 21
-9999 -9999 -9999 -9999 -9999 -9999 -9999 -9999 -9999 -9999 -9999 -9999 -9999 -9999 -9999 -9999 -9999 -9999 -9999 -9999 -9999 -9999 -9999 -9999 -9999 -9999 -9999 -9999 -9999 -9999 -9999 -9999 -9999 -9999 -9999 -9999 -9999 -9999 -9999 -9999 -9999 -9999 -9999 -9999 -9999 -9999 -9999 -9999 -9999 -9999 -9999 -9999 -9999 6 12 12 12 16 16 16 14 14 16 16 16 15 15 11 11 11 9 9 9 8 8 11 11 11 11 11 13 13 13 15 15 15 12 12 14 14 14 18 18 18 21 21
-9999 -9999 -9999 -9999 -9999 -9999 -9999 -9999 -9999 -9999 -9999 -9999 -9999 -9999 -9999 -9999 -9999 -9999 -9999 -9999 -9999 -9999 -9999 -9999 -9999 -9999 -9999 -9999 -9999 -9999 -9999 -9999 -9999 -9999 -9999 -9999 -9999 -9999 -9999 -9999 -9999 -9999 -9999 -9999 -9999 -9999 -9999 -9999 -9999 -9999 -9999 -9999 -9999 -9999 -9999 -9999 12 6 6 6 0 0 0 0 0 0 0 0 0 0 0 0 0 0 0 3 3 3 3 3 7 7 7 10 10 10 10 10 15 15 15 22 22 22 26 26
-9999 -9999 -9999 -9999 -9999 -9999 -9999 -9999 -9999 -9999 -9999 -9999 -9999 -9999 -9999 -9999 -9999 -9999 -9999 -9999 -9999 -9999 -9999 -9999 -9999 -9999 -9999 -9999 -9999 -9999 -9999 -9999 -9999 -9999 -9999 -9999 -9999 -9999 -9999 -9999 -9999 -9999 -9999 -9999 -9999 -9999 -9999 -9999 -9999 -9999 -9999 -9999 -9999 -9999 -9999 -9999 -9999 -9999 -9999 6 0 0 0 0 0 0 0 0 0 0 0 0 0 0 0 3 3 3 3 3 7 7 7 10 10 10 10 10 15 15 15 22 22 22 26 26
-9999 -9999 -9999 -9999 -9999 -9999 -9999 -9999 -9999 -9999 -9999 -9999 -9999 -9999 -9999 -9999 -9999 -9999 -9999 -9999 -9999 -9999 -9999 -9999 -9999 -9999 -9999 -9999 -9999 -9999 -9999 -9999 -9999 -9999 -9999 -9999 -9999 -9999 -9999 -9999 -9999 -9999 -9999 -9999 -9999 -9999 -9999 -9999 -9999 -9999 -9999 -9999 -9999 -9999 -9999 -9999 -9999 -9999 -9999 -9999 0 0 0 0 0 0 0 0 0 0 0 0 0 0 0 3 3 3 3 3 7 7 7 10 10 10 10 10 15 15 15 22 22 22 26 26
-9999 -9999 -9999 -9999 -9999 -9999 -9999 -9999 -9999 -9999 -9999 -9999 -9999 -9999 -9999 -9999 -9999 -9999 -9999 -9999 -9999 -9999 -9999 -9999 -9999 -9999 -9999 -9999 -9999 -9999 -9999 -9999 -9999 -9999 -9999 -9999 -9999 -9999 -9999 -9999 -9999 -9999 -9999 -9999 -9999 -9999 -9999 -9999 -9999 -9999 -9999 -9999 -9999 -9999 -9999 -9999 -9999 -9999 -9999 -9999 -9999 0 0 0 0 0 0 0 0 0 0 0 0 0 0 0 0 0 0 0 0 0 0 0 0 0 0 0 6 6 6 11 11 11 14 14
-9999 -9999 -9999 -9999 -9999 -9999 -9999 -9999 -9999 -9999 -9999 -9999 -9999 -9999 -9999 -9999 -9999 -9999 -9999 -9999 -9999 -9999 -9999 -9999 -9999 -9999 -9999 -9999 -9999 -9999 -9999 -9999 -9999 -9999 -9999 -9999 -9999 -9999 -9999 -9999 -9999 -9999 -9999 -9999 -9999 -9999 -9999 -9999 -9999 -9999 -9999 -9999 -9999 -9999 -9999 -9999 -9999 -9999 -9999 -9999 -9999 -9999 0 0 0 0 0 0 0 0 0 0 0 0 0 0 0 0 0 0 0 0 0 0 0 0 0 0 6 6 6 11 11 11 14 14
-9999 -9999 -9999 -9999 -9999 -9999 -9999 -9999 -9999 -9999 -9999 -9999 -9999 -9999 -9999 -9999 -9999 -9999 -9999 -9999 -9999 -9999 -9999 -9999 -9999 -9999 -9999 -9999 -9999 -9999 -9999 -9999 -9999 -9999 -9999 -9999 -9999 -9999 -9999 -9999 -9999 -9999 -9999 -9999 -9999 -9999 -9999 -9999 -9999 -9999 -9999 -9999 -9999 -9999 -9999 -9999 -9999 -9999 -9999 -9999 -9999 -9999 -9999 0 0 0 0 0 0 0 0 0 0 0 0 0 0 0 0 0 0 0 0 0 0 0 0 0 3 3 3 6 6 6 6 6
-9999 -9999 -9999 -9999 -9999 -9999 -9999 -9999 -9999 -9999 -9999 -9999 -9999 -9999 -9999 -9999 -9999 -9999 -9999 -9999 -9999 -9999 -9999 -9999 -9999 -9999 -9999 -9999 -9999 -9999 -9999 -9999 -9999 -9999 -9999 -9999 -9999 -9999 -9999 -9999 -9999 -9999 -9999 -9999 -9999 -9999 -9999 -9999 -9999 -9999 -9999 -9999 -9999 -9999 -9999 -9999 -9999 -9999 -9999 -9999 -9999 -9999 -9999 -9999 0 0 0 0 0 0 0 0 0 0 0 0 0 0 0 0 0 0 0 0 0 0 0 0 3 3 3 6 6 6 6 6
-9999 -9999 -9999 -9999 -9999 -9999 -9999 -9999 -9999 -9999 -9999 -9999 -9999 -9999 -9999 -9999 -9999 -9999 -9999 -9999 -9999 -9999 -9999 -9999 -9999 -9999 -9999 -9999 -9999 -9999 -9999 -9999 -9999 -9999 -9999 -9999 -9999 -9999 -9999 -9999 -9999 -9999 -9999 -9999 -9999 -9999 -9999 -9999 -9999 -9999 -9999 2 1 1 0 0 0 0 0 0 -9999 -9999 -9999 0 0 0 0 0 0 0 0 0 0 0 0 0 0 0 0 0 0 0 0 0 0 0 0 0 3 3 3 6 6 6 6 6
-9999 -9999 -9999 -9999 -9999 -9999 -9999 -9999 -9999 -9999 -9999 -9999 -9999 -9999 -9999 -9999 -9999 -9999 -9999 -9999 -9999 -9999 -9999 -9999 -9999 -9999 -9999 -9999 -9999 -9999 -9999 -9999 -9999 -9999 -9999 -9999 -9999 -9999 -9999 -9999 -9999 -9999 -9999 -9999 -9999 -9999 -9999 2 2 1 1 1 0 0 0 0 0 0 0 0 0 0 0 0 0 0 0 0 0 0 0 0 0 0 0 0 0 0 0 0 0 0 0 0 0 0 0 0 0 0 0 0 0 0 0 0
-9999 -9999 -9999 -9999 -9999 -9999 -9999 -9999 -9999 -9999 -9999 -9999 -9999 -9999 -9999 -9999 -9999 -9999 -9999 -9999 -9999 -9999 -9999 -9999 -9999 -9999 -9999 -9999 -9999 -9999 -9999 -9999 -9999 -9999 -9999 -9999 -9999 -9999 -9999 -9999 -9999 -9999 -9999 -9999 -9999 4 2 2 2 1 1 1 0 0 0 0 0 0 0 0 0 0 0 0 0 0 0 0 0 0 0 0 0 0 0 0 0 0 0 0 0 0 0 0 0 0 0 0 0 0 0 0 0 -9999 -9999 -9999
-9999 -9999 -9999 -9999 -9999 -9999 -9999 -9999 -9999 -9999 -9999 -9999 -9999 -9999 -9999 -9999 -9999 -9999 -9999 -9999 -9999 -9999 -9999 -9999 -9999 -9999 -9999 -9999 -9999 -9999 -9999 -9999 -9999 -9999 -9999 -9999 -9999 -9999 -9999 -9999 -9999 -9999 -9999 4 2 2 1 1 1 0 0 0 0 0 0 0 0 0 0 0 0 0 0 0 0 0 0 5 5 5 6 6 6 -9999 -9999 -9999 6 6 0 0 0 0 0 0 0 0 0 0 0 0 -9999 -9999 -9999 -9999 -9999 -9999
