SEB_model/sample_data_files/59_hillshade.txt
ncols         475
nrows         344
xllcorner     388726.00889408
yllcorner     7584415.1517739
cellsize      5
NODATA_value  -9999
[rows 92 to 137 of 344, columns 288 to 383 of 475]
122 122 120 120 124 124 124 126 126 126 127 127 131 131 131 126 126 126 126 126 130 130 130 126 126 126 126 126 125 125 125 146 146 179 179 179 190 190 174 174 174 136 136 136 115 115 122 122 122 126 126 126 130 130 132 132 132 124 124 122 122 122 121 121 121 122 122 129 129 129 128 128 130 130 130 134 134 134 127 127 127 127 127 129 129 129 130 130 134 134 134 131 131 130 130 130
122 122 120 120 124 124 124 126 126 126 127 127 131 131 131 126 126 126 126 126 130 130 130 126 126 126 126 126 125 125 125 146 146 179 179 179 190 190 174 174 174 136 136 136 115 115 122 122 122 126 126 126 130 130 132 132 132 124 124 122 122 122 121 121 121 122 122 129 129 129 128 128 130 130 130 134 134 134 127 127 127 127 127 129 129 129 130 130 134 134 134 131 131 130 130 130
122 122 121 121 125 125 125 126 126 126 127 127 131 131 131 127 127 126 126 126 130 130 130 126 126 125 125 125 123 123 123 141 141 163 163 163 157 157 120 120 120 71 71 71 60 60 84 84 84 99 99 99 112 112 118 118 118 115 115 117 117 117 119 119 119 122 122 128 128 128 127 127 130 130 130 136 136 136 130 130 129 129 129 130 130 130 130 130 134 134 134 131 131 134 134 134
122 122 121 121 125 125 125 126 126 126 127 127 131 131 131 127 127 126 126 126 130 130 130 126 126 125 125 125 123 123 123 141 141 163 163 163 157 157 120 120 120 71 71 71 60 60 84 84 84 99 99 99 112 112 118 118 118 115 115 117 117 117 119 119 119 122 122 128 128 128 127 127 130 130 130 136 136 136 130 130 129 129 129 130 130 130 130 130 134 134 134 131 131 134 134 134
122 122 121 121 125 125 125 126 126 126 127 127 131 131 131 127 127 126 126 126 130 130 130 126 126 125 125 125 123 123 123 141 141 163 163 163 157 157 120 120 120 71 71 71 60 60 84 84 84 99 99 99 112 112 118 118 118 115 115 117 117 117 119 119 119 122 122 128 128 128 127 127 130 130 130 136 136 136 130 130 129 129 129 130 130 130 130 130 134 134 134 131 131 134 134 134
136 136 127 127 126 126 126 127 127 127 127 127 131 131 131 126 126 125 125 125 129 129 129 124 124 123 123 123 122 122 122 131 131 145 145 145 129 129 93 93 93 52 52 52 43 43 71 71 71 86 86 86 99 99 107 107 107 107 107 112 112 112 115 115 115 118 118 124 124 124 125 125 129 129 129 135 135 135 128 128 127 127 127 128 128 128 128 128 132 132 132 131 131 134 134 134
136 136 127 127 126 126 126 127 127 127 127 127 131 131 131 126 126 125 125 125 129 129 129 124 124 123 123 123 122 122 122 131 131 145 145 145 129 129 93 93 93 52 52 52 43 43 71 71 71 86 86 86 99 99 107 107 107 107 107 112 112 112 115 115 115 118 118 124 124 124 125 125 129 129 129 135 135 135 128 128 127 127 127 128 128 128 128 128 132 132 132 131 131 134 134 134
136 136 127 127 126 126 126 127 127 127 127 127 131 131 131 126 126 125 125 125 129 129 129 124 124 123 123 123 122 122 122 131 131 145 145 145 129 129 93 93 93 52 52 52 43 43 71 71 71 86 86 86 99 99 107 107 107 107 107 112 112 112 115 115 115 118 118 124 124 124 125 125 129 129 129 135 135 135 128 128 127 127 127 128 128 128 128 128 132 132 132 131 131 134 134 134
148 148 125 125 123 123 123 127 127 127 129 129 132 132 132 127 127 126 126 126 129 129 129 125 125 124 124 124 123 123 123 128 128 148 148 148 148 148 131 131 131 93 93 93 69 69 89 89 89 98 98 98 107 107 110 110 110 108 108 110 110 110 110 110 110 114 114 122 122 122 125 125 127 127 127 131 131 131 124 124 124 124 124 127 127 127 127 127 133 133 133 130 130 134 134 134
148 148 125 125 123 123 123 127 127 127 129 129 132 132 132 127 127 126 126 126 129 129 129 125 125 124 124 124 123 123 123 128 128 148 148 148 148 148 131 131 131 93 93 93 69 69 89 89 89 98 98 98 107 107 110 110 110 108 108 110 110 110 110 110 110 114 114 122 122 122 125 125 127 127 127 131 131 131 124 124 124 124 124 127 127 127 127 127 133 133 133 130 130 134 134 134
118 118 101 101 116 116 116 130 130 130 131 131 137 137 137 132 132 130 130 130 133 133 133 129 129 129 129 129 129 129 129 138 138 171 171 171 183 183 172 172 172 123 123 123 79 79 94 94 94 107 107 107 115 115 116 116 116 111 111 109 109 109 107 107 107 112 112 122 122 122 124 124 125 125 125 128 128 128 122 122 123 123 123 126 126 126 125 125 131 131 131 127 127 129 129 129
118 118 101 101 116 116 116 130 130 130 131 131 137 137 137 132 132 130 130 130 133 133 133 129 129 129 129 129 129 129 129 138 138 171 171 171 183 183 172 172 172 123 123 123 79 79 94 94 94 107 107 107 115 115 116 116 116 111 111 109 109 109 107 107 107 112 112 122 122 122 124 124 125 125 125 128 128 128 122 122 123 123 123 126 126 126 125 125 131 131 131 127 127 129 129 129
118 118 101 101 116 116 116 130 130 130 131 131 137 137 137 132 132 130 130 130 133 133 133 129 129 129 129 129 129 129 129 138 138 171 171 171 183 183 172 172 172 123 123 123 79 79 94 94 94 107 107 107 115 115 116 116 116 111 111 109 109 109 107 107 107 112 112 122 122 122 124 124 125 125 125 128 128 128 122 122 123 123 123 126 126 126 125 125 131 131 131 127 127 129 129 129
45 45 63 63 115 115 115 144 144 144 147 147 152 152 152 144 144 138 138 138 142 142 142 140 140 143 143 143 146 146 146 162 162 193 193 193 199 199 175 175 175 107 107 107 58 58 76 76 76 103 103 103 116 116 115 115 115 107 107 103 103 103 105 105 105 111 111 121 121 121 122 122 123 123 123 127 127 127 122 122 124 124 124 124 124 124 123 123 128 128 128 124 124 126 126 126
45 45 63 63 115 115 115 144 144 144 147 147 152 152 152 144 144 138 138 138 142 142 142 140 140 143 143 143 146 146 146 162 162 193 193 193 199 199 175 175 175 107 107 107 58 58 76 76 76 103 103 103 116 116 115 115 115 107 107 103 103 103 105 105 105 111 111 121 121 121 122 122 123 123 123 127 127 127 122 122 124 124 124 124 124 124 123 123 128 128 128 124 124 126 126 126
0 0 48 48 123 123 123 156 156 156 160 160 162 162 162 150 150 144 144 144 150 150 150 151 151 156 156 156 162 162 162 182 182 203 203 203 196 196 147 147 147 61 61 61 23 23 55 55 55 97 97 97 114 114 115 115 115 110 110 114 114 114 119 119 119 122 122 129 129 129 127 127 125 125 125 128 128 128 122 122 125 125 125 125 125 125 123 123 127 127 127 123 123 126 126 126
0 0 48 48 123 123 123 156 156 156 160 160 162 162 162 150 150 144 144 144 150 150 150 151 151 156 156 156 162 162 162 182 182 203 203 203 196 196 147 147 147 61 61 61 23 23 55 55 55 97 97 97 114 114 115 115 115 110 110 114 114 114 119 119 119 122 122 129 129 129 127 127 125 125 125 128 128 128 122 122 125 125 125 125 125 125 123 123 127 127 127 123 123 126 126 126
0 0 48 48 123 123 123 156 156 156 160 160 162 162 162 150 150 144 144 144 150 150 150 151 151 156 156 156 162 162 162 182 182 203 203 203 196 196 147 147 147 61 61 61 23 23 55 55 55 97 97 97 114 114 115 115 115 110 110 114 114 114 119 119 119 122 122 129 129 129 127 127 125 125 125 128 128 128 122 122 125 125 125 125 125 125 123 123 127 127 127 123 123 126 126 126
0 0 60 60 120 120 120 149 149 149 162 162 161 161 161 147 147 143 143 143 151 151 151 154 154 160 160 160 169 169 169 185 185 195 195 195 169 169 88 88 88 13 13 13 5 5 56 56 56 104 104 104 120 120 126 126 126 126 126 129 129 129 130 130 130 127 127 132 132 132 127 127 123 123 123 125 125 125 121 121 124 124 124 124 124 124 122 122 126 126 126 122 122 126 126 126
0 0 60 60 120 120 120 149 149 149 162 162 161 161 161 147 147 143 143 143 151 151 151 154 154 160 160 160 169 169 169 185 185 195 195 195 169 169 88 88 88 13 13 13 5 5 56 56 56 104 104 104 120 120 126 126 126 126 126 129 129 129 130 130 130 127 127 132 132 132 127 127 123 123 123 125 125 125 121 121 124 124 124 124 124 124 122 122 126 126 126 122 122 126 126 126
0 0 60 60 120 120 120 149 149 149 162 162 161 161 161 147 147 143 143 143 151 151 151 154 154 160 160 160 169 169 169 185 185 195 195 195 169 169 88 88 88 13 13 13 5 5 56 56 56 104 104 104 120 120 126 126 126 126 126 129 129 129 130 130 130 127 127 132 132 132 127 127 123 123 123 125 125 125 121 121 124 124 124 124 124 124 122 122 126 126 126 122 122 126 126 126
56 56 94 94 129 129 129 151 151 151 163 163 150 150 150 139 139 143 143 143 160 160 160 165 165 169 169 169 177 177 177 183 183 174 174 174 114 114 21 21 21 0 0 0 13 13 77 77 77 115 115 115 127 127 134 134 134 132 132 131 131 131 126 126 126 122 122 126 126 126 121 121 117 117 117 120 120 120 117 117 120 120 120 119 119 119 117 117 123 123 123 120 120 124 124 124
56 56 94 94 129 129 129 151 151 151 163 163 150 150 150 139 139 143 143 143 160 160 160 165 165 169 169 169 177 177 177 183 183 174 174 174 114 114 21 21 21 0 0 0 13 13 77 77 77 115 115 115 127 127 134 134 134 132 132 131 131 131 126 126 126 122 122 126 126 126 121 121 117 117 117 120 120 120 117 117 120 120 120 119 119 119 117 117 123 123 123 120 120 124 124 124
112 112 135 135 161 161 161 172 172 172 167 167 136 136 136 129 129 140 140 140 159 159 159 159 159 158 158 158 162 162 162 152 152 116 116 116 35 35 0 0 0 0 0 0 50 50 104 104 104 124 124 124 128 128 130 130 130 124 124 118 118 118 113 113 113 112 112 116 116 116 112 112 112 112 112 118 118 118 117 117 118 118 118 117 117 117 114 114 121 121 121 119 119 121 121 121
112 112 135 135 161 161 161 172 172 172 167 167 136 136 136 129 129 140 140 140 159 159 159 159 159 158 158 158 162 162 162 152 152 116 116 116 35 35 0 0 0 0 0 0 50 50 104 104 104 124 124 124 128 128 130 130 130 124 124 118 118 118 113 113 113 112 112 116 116 116 112 112 112 112 112 118 118 118 117 117 118 118 118 117 117 117 114 114 121 121 121 119 119 121 121 121
112 112 135 135 161 161 161 172 172 172 167 167 136 136 136 129 129 140 140 140 159 159 159 159 159 158 158 158 162 162 162 152 152 116 116 116 35 35 0 0 0 0 0 0 50 50 104 104 104 124 124 124 128 128 130 130 130 124 124 118 118 118 113 113 113 112 112 116 116 116 112 112 112 112 112 118 118 118 117 117 118 118 118 117 117 117 114 114 121 121 121 119 119 121 121 121
136 136 153 153 177 177 177 184 184 184 169 169 130 130 130 124 124 132 132 132 142 142 142 131 131 126 126 126 126 126 126 98 98 48 48 48 0 0 0 0 0 42 42 42 92 92 119 119 119 124 124 124 121 121 118 118 118 108 108 103 103 103 104 104 104 108 108 113 113 113 110 110 111 111 111 119 119 119 116 116 115 115 115 114 114 114 111 111 118 118 118 115 115 116 116 116
136 136 153 153 177 177 177 184 184 184 169 169 130 130 130 124 124 132 132 132 142 142 142 131 131 126 126 126 126 126 126 98 98 48 48 48 0 0 0 0 0 42 42 42 92 92 119 119 119 124 124 124 121 121 118 118 118 108 108 103 103 103 104 104 104 108 108 113 113 113 110 110 111 111 111 119 119 119 116 116 115 115 115 114 114 114 111 111 118 118 118 115 115 116 116 116
136 136 153 153 177 177 177 184 184 184 169 169 130 130 130 124 124 132 132 132 142 142 142 131 131 126 126 126 126 126 126 98 98 48 48 48 0 0 0 0 0 42 42 42 92 92 119 119 119 124 124 124 121 121 118 118 118 108 108 103 103 103 104 104 104 108 108 113 113 113 110 110 111 111 111 119 119 119 116 116 115 115 115 114 114 114 111 111 118 118 118 115 115 116 116 116
144 144 151 151 170 170 170 174 174 174 158 158 126 126 126 118 118 120 120 120 117 117 117 100 100 95 95 95 86 86 86 45 45 12 12 12 2 2 33 33 33 84 84 84 107 107 115 115 115 115 115 115 112 112 110 110 110 103 103 104 104 104 109 109 109 113 113 116 116 116 112 112 113 113 113 119 119 119 115 115 114 114 114 113 113 113 111 111 117 117 117 111 111 110 110 110
144 144 151 151 170 170 170 174 174 174 158 158 126 126 126 118 118 120 120 120 117 117 117 100 100 95 95 95 86 86 86 45 45 12 12 12 2 2 33 33 33 84 84 84 107 107 115 115 115 115 115 115 112 112 110 110 110 103 103 104 104 104 109 109 109 113 113 116 116 116 112 112 113 113 113 119 119 119 115 115 114 114 114 113 113 113 111 111 117 117 117 111 111 110 110 110
135 135 130 130 145 145 145 151 151 151 144 144 121 121 121 108 108 105 105 105 98 98 98 84 84 76 76 76 55 55 55 21 21 16 16 16 37 37 71 71 71 96 96 96 98 98 104 104 104 109 109 109 110 110 112 112 112 106 106 108 108 108 111 111 111 112 112 114 114 114 111 111 115 115 115 122 122 122 118 118 117 117 117 116 116 116 114 114 120 120 120 114 114 112 112 112
135 135 130 130 145 145 145 151 151 151 144 144 121 121 121 108 108 105 105 105 98 98 98 84 84 76 76 76 55 55 55 21 21 16 16 16 37 37 71 71 71 96 96 96 98 98 104 104 104 109 109 109 110 110 112 112 112 106 106 108 108 108 111 111 111 112 112 114 114 114 111 111 115 115 115 122 122 122 118 118 117 117 117 116 116 116 114 114 120 120 120 114 114 112 112 112
135 135 130 130 145 145 145 151 151 151 144 144 121 121 121 108 108 105 105 105 98 98 98 84 84 76 76 76 55 55 55 21 21 16 16 16 37 37 71 71 71 96 96 96 98 98 104 104 104 109 109 109 110 110 112 112 112 106 106 108 108 108 111 111 111 112 112 114 114 114 111 111 115 115 115 122 122 122 118 118 117 117 117 116 116 116 114 114 120 120 120 114 114 112 112 112
124 124 119 119 135 135 135 141 141 141 130 130 106 106 106 86 86 85 85 85 88 88 88 80 80 68 68 68 46 46 46 32 32 49 49 49 71 71 84 84 84 90 90 90 92 92 104 104 104 115 115 115 116 116 115 115 115 108 108 110 110 110 113 113 113 112 112 114 114 114 113 113 118 118 118 124 124 124 118 118 118 118 118 117 117 117 115 115 120 120 120 115 115 112 112 112
124 124 119 119 135 135 135 141 141 141 130 130 106 106 106 86 86 85 85 85 88 88 88 80 80 68 68 68 46 46 46 32 32 49 49 49 71 71 84 84 84 90 90 90 92 92 104 104 104 115 115 115 116 116 115 115 115 108 108 110 110 110 113 113 113 112 112 114 114 114 113 113 118 118 118 124 124 124 118 118 118 118 118 117 117 117 115 115 120 120 120 115 115 112 112 112
112 112 107 107 117 117 117 115 115 115 99 99 75 75 75 56 56 58 58 58 68 68 68 63 63 53 53 53 44 44 44 49 49 72 72 72 82 82 85 85 85 94 94 94 104 104 122 122 122 131 131 131 126 126 119 119 119 109 109 112 112 112 116 116 116 113 113 117 117 117 116 116 121 121 121 124 124 124 117 117 116 116 116 114 114 114 112 112 117 117 117 112 112 109 109 109
112 112 107 107 117 117 117 115 115 115 99 99 75 75 75 56 56 58 58 58 68 68 68 63 63 53 53 53 44 44 44 49 49 72 72 72 82 82 85 85 85 94 94 94 104 104 122 122 122 131 131 131 126 126 119 119 119 109 109 112 112 112 116 116 116 113 113 117 117 117 116 116 121 121 121 124 124 124 117 117 116 116 116 114 114 114 112 112 117 117 117 112 112 109 109 109
112 112 107 107 117 117 117 115 115 115 99 99 75 75 75 56 56 58 58 58 68 68 68 63 63 53 53 53 44 44 44 49 49 72 72 72 82 82 85 85 85 94 94 94 104 104 122 122 122 131 131 131 126 126 119 119 119 109 109 112 112 112 116 116 116 113 113 117 117 117 116 116 121 121 121 124 124 124 117 117 116 116 116 114 114 114 112 112 117 117 117 112 112 109 109 109
93 93 86 86 88 88 88 84 84 84 72 72 62 62 62 50 50 55 55 55 68 68 68 68 68 67 67 67 71 71 71 81 81 95 95 95 95 95 98 98 98 114 114 114 126 126 139 139 139 140 140 140 128 128 118 118 118 110 110 115 115 115 118 118 118 116 116 119 119 119 118 118 120 120 120 120 120 120 113 113 112 112 112 109 109 109 108 108 113 113 113 108 108 106 106 106
93 93 86 86 88 88 88 84 84 84 72 72 62 62 62 50 50 55 55 55 68 68 68 68 68 67 67 67 71 71 71 81 81 95 95 95 95 95 98 98 98 114 114 114 126 126 139 139 139 140 140 140 128 128 118 118 118 110 110 115 115 115 118 118 118 116 116 119 119 119 118 118 120 120 120 120 120 120 113 113 112 112 112 109 109 109 108 108 113 113 113 108 108 106 106 106
93 93 86 86 88 88 88 84 84 84 72 72 62 62 62 50 50 55 55 55 68 68 68 68 68 67 67 67 71 71 71 81 81 95 95 95 95 95 98 98 98 114 114 114 126 126 139 139 139 140 140 140 128 128 118 118 118 110 110 115 115 115 118 118 118 116 116 119 119 119 118 118 120 120 120 120 120 120 113 113 112 112 112 109 109 109 108 108 113 113 113 108 108 106 106 106
82 82 77 77 79 79 79 77 77 77 76 76 79 79 79 74 74 80 80 80 92 92 92 94 94 98 98 98 101 101 101 103 103 107 107 107 107 107 116 116 116 133 133 133 141 141 144 144 144 137 137 137 122 122 114 114 114 110 110 117 117 117 119 119 119 116 116 119 119 119 115 115 115 115 115 116 116 116 109 109 106 106 106 102 102 102 103 103 110 110 110 106 106 107 107 107
82 82 77 77 79 79 79 77 77 77 76 76 79 79 79 74 74 80 80 80 92 92 92 94 94 98 98 98 101 101 101 103 103 107 107 107 107 107 116 116 116 133 133 133 141 141 144 144 144 137 137 137 122 122 114 114 114 110 110 117 117 117 119 119 119 116 116 119 119 119 115 115 115 115 115 116 116 116 109 109 106 106 106 102 102 102 103 103 110 110 110 106 106 107 107 107
88 88 86 86 91 91 91 96 96 96 104 104 115 115 115 112 112 113 113 113 121 121 121 121 121 120 120 120 114 114 114 108 108 109 109 109 112 112 123 123 123 136 136 136 139 139 135 135 135 125 125 125 113 113 110 110 110 110 110 115 115 115 116 116 116 114 114 115 115 115 110 110 111 111 111 114 114 114 107 107 103 103 103 99 99 99 102 102 109 109 109 109 109 117 117 117
88 88 86 86 91 91 91 96 96 96 104 104 115 115 115 112 112 113 113 113 121 121 121 121 121 120 120 120 114 114 114 108 108 109 109 109 112 112 123 123 123 136 136 136 139 139 135 135 135 125 125 125 113 113 110 110 110 110 110 115 115 115 116 116 116 114 114 115 115 115 110 110 111 111 111 114 114 114 107 107 103 103 103 99 99 99 102 102 109 109 109 109 109 117 117 117
