SEB_model/sample_data_files/59_hillshade.txt
ncols         475
nrows         344
xllcorner     388726.00889408
yllcorner     7584415.1517739
cellsize      5
NODATA_value  -9999
[rows 138 to 183 of 344, columns 192 to 287 of 475]
108 102 102 102 96 96 100 100 100 100 100 106 106 106 111 111 111 110 110 118 118 118 121 121 121 116 116 110 110 110 105 105 112 112 112 116 116 116 117 117 120 120 120 118 118 122 122 122 128 128 128 127 127 134 134 134 131 131 131 117 117 110 110 110 103 103 110 110 110 114 114 114 120 120 136 136 136 132 132 117 117 117 100 100 100 86 86 89 89 89 91 91 91 86 86 88
98 90 90 90 88 88 98 98 98 101 101 109 109 109 117 117 117 118 118 122 122 122 109 109 109 93 93 93 93 93 102 102 114 114 114 113 113 113 109 109 113 113 113 114 114 121 121 121 127 127 127 124 124 129 129 129 116 116 116 95 95 101 101 101 113 113 125 125 125 117 117 117 110 110 122 122 122 112 112 95 95 95 83 83 83 76 76 86 86 86 94 94 94 95 95 103
98 90 90 90 88 88 98 98 98 101 101 109 109 109 117 117 117 118 118 122 122 122 109 109 109 93 93 93 93 93 102 102 114 114 114 113 113 113 109 109 113 113 113 114 114 121 121 121 127 127 127 124 124 129 129 129 116 116 116 95 95 101 101 101 113 113 125 125 125 117 117 117 110 110 122 122 122 112 112 95 95 95 83 83 83 76 76 86 86 86 94 94 94 95 95 103
88 84 84 84 88 88 102 102 102 105 105 110 110 110 116 116 116 115 115 110 110 110 87 87 87 73 73 89 89 89 109 109 116 116 116 105 105 105 101 101 109 109 109 115 115 121 121 121 124 124 124 118 118 119 119 119 101 101 101 85 85 109 109 109 126 126 126 126 126 102 102 102 90 90 100 100 100 85 85 71 71 71 69 69 69 73 73 87 87 87 97 97 97 102 102 111
88 84 84 84 88 88 102 102 102 105 105 110 110 110 116 116 116 115 115 110 110 110 87 87 87 73 73 89 89 89 109 109 116 116 116 105 105 105 101 101 109 109 109 115 115 121 121 121 124 124 124 118 118 119 119 119 101 101 101 85 85 109 109 109 126 126 126 126 126 102 102 102 90 90 100 100 100 85 85 71 71 71 69 69 69 73 73 87 87 87 97 97 97 102 102 111
88 84 84 84 88 88 102 102 102 105 105 110 110 110 116 116 116 115 115 110 110 110 87 87 87 73 73 89 89 89 109 109 116 116 116 105 105 105 101 101 109 109 109 115 115 121 121 121 124 124 124 118 118 119 119 119 101 101 101 85 85 109 109 109 126 126 126 126 126 102 102 102 90 90 100 100 100 85 85 71 71 71 69 69 69 73 73 87 87 87 97 97 97 102 102 111
84 86 86 86 94 94 106 106 106 106 106 109 109 109 113 113 113 108 108 95 95 95 73 73 73 75 75 104 104 104 119 119 114 114 114 98 98 98 99 99 114 114 114 122 122 123 123 123 119 119 119 110 110 107 107 107 91 91 91 92 92 122 122 122 128 128 112 112 112 81 81 81 69 69 73 73 73 61 61 60 60 60 72 72 72 80 80 92 92 92 101 101 101 105 105 115
84 86 86 86 94 94 106 106 106 106 106 109 109 109 113 113 113 108 108 95 95 95 73 73 73 75 75 104 104 104 119 119 114 114 114 98 98 98 99 99 114 114 114 122 122 123 123 123 119 119 119 110 110 107 107 107 91 91 91 92 92 122 122 122 128 128 112 112 112 81 81 81 69 69 73 73 73 61 61 60 60 60 72 72 72 80 80 92 92 92 101 101 101 105 105 115
84 86 86 86 94 94 106 106 106 106 106 109 109 109 113 113 113 108 108 95 95 95 73 73 73 75 75 104 104 104 119 119 114 114 114 98 98 98 99 99 114 114 114 122 122 123 123 123 119 119 119 110 110 107 107 107 91 91 91 92 92 122 122 122 128 128 112 112 112 81 81 81 69 69 73 73 73 61 61 60 60 60 72 72 72 80 80 92 92 92 101 101 101 105 105 115
89 91 91 91 95 95 103 103 103 102 102 105 105 105 108 108 108 99 99 86 86 86 78 78 78 95 95 121 121 121 120 120 104 104 104 94 94 94 104 104 123 123 123 124 124 117 117 117 111 111 111 105 105 102 102 102 97 97 97 108 108 131 131 131 123 123 97 97 97 67 67 67 53 53 60 60 60 64 64 76 76 76 91 91 91 93 93 100 100 100 103 103 103 107 107 115
89 91 91 91 95 95 103 103 103 102 102 105 105 105 108 108 108 99 99 86 86 86 78 78 78 95 95 121 121 121 120 120 104 104 104 94 94 94 104 104 123 123 123 124 124 117 117 117 111 111 111 105 105 102 102 102 97 97 97 108 108 131 131 131 123 123 97 97 97 67 67 67 53 53 60 60 60 64 64 76 76 76 91 91 91 93 93 100 100 100 103 103 103 107 107 115
91 89 89 89 91 91 100 100 100 100 100 103 103 103 106 106 106 98 98 92 92 92 97 97 97 114 114 125 125 125 112 112 100 100 100 104 104 104 116 116 125 125 125 115 115 106 106 106 108 108 108 106 106 104 104 104 103 103 103 113 113 122 122 122 104 104 78 78 78 55 55 55 52 52 76 76 76 95 95 106 106 106 109 109 109 103 103 105 105 105 104 104 104 108 108 115
91 89 89 89 91 91 100 100 100 100 100 103 103 103 106 106 106 98 98 92 92 92 97 97 97 114 114 125 125 125 112 112 100 100 100 104 104 104 116 116 125 125 125 115 115 106 106 106 108 108 108 106 106 104 104 104 103 103 103 113 113 122 122 122 104 104 78 78 78 55 55 55 52 52 76 76 76 95 95 106 106 106 109 109 109 103 103 105 105 105 104 104 104 108 108 115
91 89 89 89 91 91 100 100 100 100 100 103 103 103 106 106 106 98 98 92 92 92 97 97 97 114 114 125 125 125 112 112 100 100 100 104 104 104 116 116 125 125 125 115 115 106 106 106 108 108 108 106 106 104 104 104 103 103 103 113 113 122 122 122 104 104 78 78 78 55 55 55 52 52 76 76 76 95 95 106 106 106 109 109 109 103 103 105 105 105 104 104 104 108 108 115
70 74 74 74 81 81 93 93 93 94 94 95 95 95 97 97 97 89 89 89 89 89 96 96 96 105 105 109 109 109 100 100 104 104 104 112 112 112 113 113 108 108 108 94 94 93 93 93 103 103 103 101 101 99 99 99 101 101 101 107 107 107 107 107 83 83 60 60 60 51 51 51 67 67 104 104 104 118 118 114 114 114 107 107 107 100 100 101 101 101 100 100 100 105 105 112
70 74 74 74 81 81 93 93 93 94 94 95 95 95 97 97 97 89 89 89 89 89 96 96 96 105 105 109 109 109 100 100 104 104 104 112 112 112 113 113 108 108 108 94 94 93 93 93 103 103 103 101 101 99 99 99 101 101 101 107 107 107 107 107 83 83 60 60 60 51 51 51 67 67 104 104 104 118 118 114 114 114 107 107 107 100 100 101 101 101 100 100 100 105 105 112
70 74 74 74 81 81 93 93 93 94 94 95 95 95 97 97 97 89 89 89 89 89 96 96 96 105 105 109 109 109 100 100 104 104 104 112 112 112 113 113 108 108 108 94 94 93 93 93 103 103 103 101 101 99 99 99 101 101 101 107 107 107 107 107 83 83 60 60 60 51 51 51 67 67 104 104 104 118 118 114 114 114 107 107 107 100 100 101 101 101 100 100 100 105 105 112
58 70 70 70 78 78 88 88 88 85 85 81 81 81 79 79 79 73 73 78 78 78 85 85 85 90 90 96 96 96 96 96 103 103 103 103 103 103 92 92 85 85 85 79 79 86 86 86 97 97 97 91 91 89 89 89 91 91 91 92 92 85 85 85 60 60 50 50 50 60 60 60 86 86 113 113 113 109 109 95 95 95 92 92 92 90 90 94 94 94 95 95 95 101 101 106
58 70 70 70 78 78 88 88 88 85 85 81 81 81 79 79 79 73 73 78 78 78 85 85 85 90 90 96 96 96 96 96 103 103 103 103 103 103 92 92 85 85 85 79 79 86 86 86 97 97 97 91 91 89 89 89 91 91 91 92 92 85 85 85 60 60 50 50 50 60 60 60 86 86 113 113 113 109 109 95 95 95 92 92 92 90 90 94 94 94 95 95 95 101 101 106
81 91 91 91 90 90 97 97 97 90 90 84 84 84 84 84 84 81 81 85 85 85 85 85 85 88 88 97 97 97 98 98 98 98 98 90 90 90 80 80 81 81 81 83 83 93 93 93 99 99 99 91 91 87 87 87 87 87 87 80 80 70 70 70 51 51 55 55 55 77 77 77 96 96 106 106 106 92 92 82 82 82 88 88 88 91 91 97 97 97 99 99 99 104 104 106
81 91 91 91 90 90 97 97 97 90 90 84 84 84 84 84 84 81 81 85 85 85 85 85 85 88 88 97 97 97 98 98 98 98 98 90 90 90 80 80 81 81 81 83 83 93 93 93 99 99 99 91 91 87 87 87 87 87 87 80 80 70 70 70 51 51 55 55 55 77 77 77 96 96 106 106 106 92 92 82 82 82 88 88 88 91 91 97 97 97 99 99 99 104 104 106
81 91 91 91 90 90 97 97 97 90 90 84 84 84 84 84 84 81 81 85 85 85 85 85 85 88 88 97 97 97 98 98 98 98 98 90 90 90 80 80 81 81 81 83 83 93 93 93 99 99 99 91 91 87 87 87 87 87 87 80 80 70 70 70 51 51 55 55 55 77 77 77 96 96 106 106 106 92 92 82 82 82 88 88 88 91 91 97 97 97 99 99 99 104 104 106
104 102 102 102 94 94 98 98 98 91 91 90 90 90 96 96 96 95 95 97 97 97 97 97 97 102 102 109 109 109 102 102 92 92 92 82 82 82 78 78 84 84 84 88 88 94 94 94 98 98 98 90 90 87 87 87 84 84 84 72 72 62 62 62 51 51 66 66 66 87 87 87 94 94 96 96 96 85 85 83 83 83 92 92 92 95 95 101 101 101 102 102 102 105 105 107
104 102 102 102 94 94 98 98 98 91 91 90 90 90 96 96 96 95 95 97 97 97 97 97 97 102 102 109 109 109 102 102 92 92 92 82 82 82 78 78 84 84 84 88 88 94 94 94 98 98 98 90 90 87 87 87 84 84 84 72 72 62 62 62 51 51 66 66 66 87 87 87 94 94 96 96 96 85 85 83 83 83 92 92 92 95 95 101 101 101 102 102 102 105 105 107
106 97 97 97 90 90 96 96 96 92 92 96 96 96 108 108 108 110 110 114 114 114 119 119 119 124 124 124 124 124 110 110 98 98 98 92 92 92 91 91 95 95 95 95 95 97 97 97 101 101 101 95 95 91 91 91 84 84 84 67 67 60 60 60 56 56 76 76 76 91 91 91 92 92 96 96 96 91 91 92 92 92 101 101 101 102 102 105 105 105 106 106 106 108 108 114
106 97 97 97 90 90 96 96 96 92 92 96 96 96 108 108 108 110 110 114 114 114 119 119 119 124 124 124 124 124 110 110 98 98 98 92 92 92 91 91 95 95 95 95 95 97 97 97 101 101 101 95 95 91 91 91 84 84 84 67 67 60 60 60 56 56 76 76 76 91 91 91 92 92 96 96 96 91 91 92 92 92 101 101 101 102 102 105 105 105 106 106 106 108 108 114
106 97 97 97 90 90 96 96 96 92 92 96 96 96 108 108 108 110 110 114 114 114 119 119 119 124 124 124 124 124 110 110 98 98 98 92 92 92 91 91 95 95 95 95 95 97 97 97 101 101 101 95 95 91 91 91 84 84 84 67 67 60 60 60 56 56 76 76 76 91 91 91 92 92 96 96 96 91 91 92 92 92 101 101 101 102 102 105 105 105 106 106 106 108 108 114
89 83 83 83 81 81 88 88 88 86 86 95 95 95 111 111 111 113 113 118 118 118 124 124 124 126 126 124 124 124 110 110 104 104 104 99 99 99 96 96 98 98 98 97 97 100 100 100 106 106 106 100 100 91 91 91 78 78 78 62 62 63 63 63 66 66 83 83 83 91 91 91 91 91 98 98 98 94 94 95 95 95 103 103 103 103 103 107 107 107 109 109 109 111 111 116
89 83 83 83 81 81 88 88 88 86 86 95 95 95 111 111 111 113 113 118 118 118 124 124 124 126 126 124 124 124 110 110 104 104 104 99 99 99 96 96 98 98 98 97 97 100 100 100 106 106 106 100 100 91 91 91 78 78 78 62 62 63 63 63 66 66 83 83 83 91 91 91 91 91 98 98 98 94 94 95 95 95 103 103 103 103 103 107 107 107 109 109 109 111 111 116
89 83 83 83 81 81 88 88 88 86 86 95 95 95 111 111 111 113 113 118 118 118 124 124 124 126 126 124 124 124 110 110 104 104 104 99 99 99 96 96 98 98 98 97 97 100 100 100 106 106 106 100 100 91 91 91 78 78 78 62 62 63 63 63 66 66 83 83 83 91 91 91 91 91 98 98 98 94 94 95 95 95 103 103 103 103 103 107 107 107 109 109 109 111 111 116
74 72 72 72 70 70 74 74 74 72 72 82 82 82 95 95 95 93 93 97 97 97 104 104 104 104 104 104 104 104 95 95 91 91 91 87 87 87 83 83 88 88 88 89 89 95 95 95 104 104 104 94 94 80 80 80 66 66 66 59 59 67 67 67 69 69 78 78 78 79 79 79 80 80 88 88 88 84 84 85 85 85 95 95 95 98 98 105 105 105 108 108 108 106 106 106
74 72 72 72 70 70 74 74 74 72 72 82 82 82 95 95 95 93 93 97 97 97 104 104 104 104 104 104 104 104 95 95 91 91 91 87 87 87 83 83 88 88 88 89 89 95 95 95 104 104 104 94 94 80 80 80 66 66 66 59 59 67 67 67 69 69 78 78 78 79 79 79 80 80 88 88 88 84 84 85 85 85 95 95 95 98 98 105 105 105 108 108 108 106 106 106
85 81 81 81 79 79 83 83 83 83 83 91 91 91 99 99 99 91 91 92 92 92 93 93 93 91 91 93 93 93 87 87 85 85 85 83 83 83 82 82 89 89 89 92 92 100 100 100 106 106 106 91 91 77 77 77 70 70 70 71 71 81 81 81 80 80 84 84 84 86 86 86 90 90 97 97 97 92 92 95 95 95 108 108 108 110 110 111 111 111 107 107 107 100 100 95
85 81 81 81 79 79 83 83 83 83 83 91 91 91 99 99 99 91 91 92 92 92 93 93 93 91 91 93 93 93 87 87 85 85 85 83 83 83 82 82 89 89 89 92 92 100 100 100 106 106 106 91 91 77 77 77 70 70 70 71 71 81 81 81 80 80 84 84 84 86 86 86 90 90 97 97 97 92 92 95 95 95 108 108 108 110 110 111 111 111 107 107 107 100 100 95
85 81 81 81 79 79 83 83 83 83 83 91 91 91 99 99 99 91 91 92 92 92 93 93 93 91 91 93 93 93 87 87 85 85 85 83 83 83 82 82 89 89 89 92 92 100 100 100 106 106 106 91 91 77 77 77 70 70 70 71 71 81 81 81 80 80 84 84 84 86 86 86 90 90 97 97 97 92 92 95 95 95 108 108 108 110 110 111 111 111 107 107 107 100 100 95
87 81 81 81 77 77 83 83 83 86 86 91 91 91 91 91 91 81 81 81 81 81 82 82 82 80 80 85 85 85 79 79 78 78 78 76 76 76 76 76 85 85 85 87 87 93 93 93 94 94 94 79 79 71 71 71 72 72 72 76 76 82 82 82 77 77 82 82 82 88 88 88 93 93 100 100 100 97 97 105 105 105 115 115 115 106 106 99 99 99 92 92 92 84 84 80
87 81 81 81 77 77 83 83 83 86 86 91 91 91 91 91 91 81 81 81 81 81 82 82 82 80 80 85 85 85 79 79 78 78 78 76 76 76 76 76 85 85 85 87 87 93 93 93 94 94 94 79 79 71 71 71 72 72 72 76 76 82 82 82 77 77 82 82 82 88 88 88 93 93 100 100 100 97 97 105 105 105 115 115 115 106 106 99 99 99 92 92 92 84 84 80
87 81 81 81 77 77 83 83 83 86 86 91 91 91 91 91 91 81 81 81 81 81 82 82 82 80 80 85 85 85 79 79 78 78 78 76 76 76 76 76 85 85 85 87 87 93 93 93 94 94 94 79 79 71 71 71 72 72 72 76 76 82 82 82 77 77 82 82 82 88 88 88 93 93 100 100 100 97 97 105 105 105 115 115 115 106 106 99 99 99 92 92 92 84 84 80
85 78 78 78 79 79 90 90 90 92 92 88 88 88 84 84 84 76 76 77 77 77 78 78 78 77 77 81 81 81 75 75 74 74 74 74 74 74 75 75 81 81 81 81 81 83 83 83 83 83 83 72 72 73 73 73 79 79 79 82 82 85 85 85 79 79 84 84 84 91 91 91 95 95 105 105 105 106 106 114 114 114 113 113 113 97 97 93 93 93 88 88 88 80 80 79
85 78 78 78 79 79 90 90 90 92 92 88 88 88 84 84 84 76 76 77 77 77 78 78 78 77 77 81 81 81 75 75 74 74 74 74 74 74 75 75 81 81 81 81 81 83 83 83 83 83 83 72 72 73 73 73 79 79 79 82 82 85 85 85 79 79 84 84 84 91 91 91 95 95 105 105 105 106 106 114 114 114 113 113 113 97 97 93 93 93 88 88 88 80 80 79
79 79 79 79 90 90 105 105 105 100 100 87 87 87 83 83 83 78 78 77 77 77 76 76 76 73 73 77 77 77 71 71 71 71 71 71 71 71 68 68 73 73 73 71 71 72 72 72 75 75 75 72 72 77 77 77 83 83 83 83 83 87 87 87 83 83 90 90 90 95 95 95 95 95 108 108 108 112 112 117 117 117 112 112 112 100 100 97 97 97 88 88 88 80 80 80
79 79 79 79 90 90 105 105 105 100 100 87 87 87 83 83 83 78 78 77 77 77 76 76 76 73 73 77 77 77 71 71 71 71 71 71 71 71 68 68 73 73 73 71 71 72 72 72 75 75 75 72 72 77 77 77 83 83 83 83 83 87 87 87 83 83 90 90 90 95 95 95 95 95 108 108 108 112 112 117 117 117 112 112 112 100 100 97 97 97 88 88 88 80 80 80
79 79 79 79 90 90 105 105 105 100 100 87 87 87 83 83 83 78 78 77 77 77 76 76 76 73 73 77 77 77 71 71 71 71 71 71 71 71 68 68 73 73 73 71 71 72 72 72 75 75 75 72 72 77 77 77 83 83 83 83 83 87 87 87 83 83 90 90 90 95 95 95 95 95 108 108 108 112 112 117 117 117 112 112 112 100 100 97 97 97 88 88 88 80 80 80
65 79 79 79 96 96 106 106 106 92 92 75 75 75 75 75 75 70 70 69 69 69 67 67 67 65 65 67 67 67 61 61 60 60 60 58 58 58 53 53 57 57 57 55 55 58 58 58 69 69 69 69 69 74 74 74 77 77 77 75 75 80 80 80 78 78 82 82 82 82 82 82 81 81 99 99 99 106 106 110 110 110 107 107 107 94 94 90 90 90 77 77 77 67 67 65
65 79 79 79 96 96 106 106 106 92 92 75 75 75 75 75 75 70 70 69 69 69 67 67 67 65 65 67 67 67 61 61 60 60 60 58 58 58 53 53 57 57 57 55 55 58 58 58 69 69 69 69 69 74 74 74 77 77 77 75 75 80 80 80 78 78 82 82 82 82 82 82 81 81 99 99 99 106 106 110 110 110 107 107 107 94 94 90 90 90 77 77 77 67 67 65
72 92 92 92 104 104 105 105 105 87 87 77 77 77 83 83 83 81 81 81 81 81 79 79 79 76 76 77 77 77 68 68 67 67 67 63 63 63 56 56 59 59 59 58 58 65 65 65 81 81 81 83 83 87 87 87 88 88 88 85 85 89 89 89 82 82 77 77 77 73 73 73 83 83 111 111 111 120 120 120 120 120 114 114 114 100 100 89 89 89 73 73 73 63 63 62
