SEB_model/sample_data_files/59_thickness_5m.txt
ncols         475
nrows         344
xllcorner     388726.00889408
yllcorner     7584415.1517739
cellsize      5
NODATA_value  -9999
[rows 128 to 159 of 344, columns 360 to 431 of 475]
69.45697 68.65118 69.06116 68.2179 67.34436 67.54608 66.64203 66.92603 65.99396 65.05292 65.68048 64.71344 63.737 64.03912 63.0141 62.97559 61.92096 60.86945 60.63403 59.56915 58.50525 58.16748 57.16907 56.49316 55.49866 54.50787 53.57544 52.57172 51.76703 50.72119 49.61694 47.48016 46.15961 44.84406 44.81244 43.47424 43.32019 41.95422 40.56848 40.61243 39.1391 39.08527 37.60431 36.1156 36.30878 35.0025 33.68628 33.51129 32.14703 32.47559 31.09772 29.711 29.84705 28.92987 28.02203 28.08917 27.25507 28.01147 27.14966 26.29193 27.12164 26.37976 26.8031 26.15649 25.60583 -9999 -9999 -9999 -9999 -9999 -9999 -9999
69.58197 68.79401 69.21985 68.38135 67.52905 67.74408 66.84796 67.15027 66.2442 65.30359 65.94366 64.98883 63.99243 64.31226 63.27545 63.23059 62.16132 61.07373 60.81592 59.74072 58.66516 58.32697 57.34503 56.70105 55.70282 54.74695 53.84149 52.8573 52.09283 51.09753 50.10303 47.91882 46.62384 45.33197 45.35034 44.05591 43.95721 42.65912 41.33844 41.43805 40.00214 39.95245 38.45703 36.97467 37.16162 35.78882 34.42157 34.20721 32.84204 33.13892 31.75232 30.42731 30.48572 29.42493 28.36432 28.3252 27.39075 28.12695 27.09399 26.1745 26.68134 26.0661 26.29681 25.65814 25.10352 26.0174 25.48395 -9999 -9999 -9999 -9999 -9999
71.71527 70.94989 71.72681 70.90869 70.05359 70.63251 69.76398 69.40411 68.49963 67.58917 68.74066 67.78839 66.81628 67.27332 66.22705 65.85236 64.76849 63.66461 63.45026 62.34027 61.25946 61.23914 60.25714 59.42279 58.40472 57.43756 56.38806 55.42224 53.8988 52.90558 51.86359 50.86108 49.63153 48.39862 47.91327 46.71332 47.61957 46.38354 45.11676 45.03284 43.66058 44.10596 42.58502 41.09119 40.80951 39.40332 38.02228 37.98541 36.56653 36.07739 34.66772 33.34515 35.24438 34.06335 32.87311 32.18872 31.11749 30.71832 29.69275 28.75409 29.60065 28.6261 28.85602 28.16815 27.60614 28.57056 27.9823 27.35059 27.90308 -9999 -9999 -9999
71.84613 71.09503 71.88306 71.07617 70.229 70.82074 69.96466 69.62067 68.74304 67.83917 69.02094 68.06879 67.10455 67.56195 66.50623 66.11926 65.02002 63.90393 63.68109 62.5307 61.40082 61.39392 60.44666 59.64063 58.67944 57.65411 56.59149 55.63379 54.11316 53.11353 52.07941 51.12469 49.96222 48.82104 48.40112 47.22144 48.17456 46.98553 45.81317 45.86023 44.53833 44.93134 43.38123 41.89758 41.60321 40.20514 38.81458 38.76025 37.37604 36.84271 35.43109 34.0567 35.86163 34.57813 33.3114 32.53589 31.34918 30.86108 29.74408 28.68585 29.448 28.39636 28.51263 27.78052 27.20789 28.13416 27.48492 26.84888 27.37823 26.742 -9999 -9999
72.00885 71.24335 72.03796 71.23511 70.4126 70.99835 70.15424 69.82513 68.96503 68.08319 69.28503 68.36835 67.40424 67.85956 66.7998 66.39063 65.28046 64.14941 63.91406 62.77411 61.63611 61.61292 60.64343 59.82916 58.89697 57.95166 56.79974 55.84387 54.32251 53.3186 52.28046 51.37134 50.2738 49.15033 48.78394 47.6543 48.65198 47.52954 46.39746 46.55005 45.29883 45.63239 44.09595 42.62708 42.36011 40.96082 39.59467 39.55219 38.13947 37.62201 36.20361 34.77203 36.49146 35.11646 33.76672 32.91528 31.65808 31.08356 29.8858 28.6828 29.34406 28.22119 28.35077 27.60419 26.88214 27.7478 27.11371 26.50378 26.84479 26.22754 27.36975 -9999
74.81207 74.05719 73.59528 72.79828 71.97394 73.1698 72.32581 72.90735 72.06238 71.21136 71.34857 70.45642 69.52277 69.388 68.30774 68.09912 66.97083 65.82806 66.31799 65.15265 64.0603 62.98285 62.02374 60.82422 59.87396 58.94257 58.23767 57.17438 56.95392 55.95898 54.9212 54.49133 53.43958 52.35522 53.8017 52.6994 53.15247 52.04639 50.94379 51.30817 50.05682 49.62781 48.18671 46.75317 46.17395 44.80701 43.47186 43.99493 42.58862 41.96924 40.53107 39.05975 38.50909 37.01935 35.57739 36.12799 34.81531 34.03015 32.76453 31.50208 31.54034 30.33191 31.15277 30.39777 29.72498 30.46075 29.80035 28.98737 28.78229 28.08655 29.29797 28.61633
74.95465 74.19891 73.73712 72.92377 72.11884 73.32764 72.49316 73.07056 72.24066 71.40881 71.56891 70.72247 69.83423 69.68744 68.57983 68.34802 67.19916 66.06494 66.5307 65.409 64.32281 63.25317 62.26813 61.05554 60.0769 59.12872 58.36206 57.41199 57.16406 56.18195 55.1795 54.77753 53.742 52.68231 54.14642 53.05115 53.51062 52.4093 51.2511 51.63196 50.3764 50.04877 48.69641 47.31274 46.78674 45.46649 44.17584 44.70972 43.34436 42.755 41.31586 39.83539 39.21167 37.6604 36.08618 36.56555 35.2337 34.42188 33.0896 31.78613 31.78284 30.50232 31.25989 30.41693 29.67419 30.46582 29.5437 28.81866 28.55133 27.78888 28.90619 28.10022
75.06122 74.30145 73.82916 73.03302 72.23517 73.45288 72.6333 73.23242 72.39337 71.56433 71.74817 70.92194 70.07898 69.91711 68.79102 68.55176 67.4104 66.25995 66.74567 65.63422 64.54871 63.47839 62.50275 61.27704 60.29407 59.34467 58.56293 57.6134 57.38824 56.40204 55.42657 55.06494 54.04822 52.98499 54.461 53.37451 53.83136 52.73584 51.59814 51.95001 50.6828 50.40802 49.11578 47.83014 47.34521 46.08765 44.83014 45.39783 44.07245 43.54291 42.12665 40.64557 39.99817 38.375 36.7229 37.12469 35.76569 34.90582 33.55237 32.18878 32.15375 30.86072 31.59357 30.61194 29.74957 30.43066 29.68921 28.7359 28.3689 27.55054 28.50732 27.68152
75.58002 74.85834 75.1217 74.34204 73.55554 74.78601 73.98206 74.04388 73.2074 72.3844 73.44855 72.60834 71.71515 71.16711 70.08252 70.29102 69.14972 68.0191 67.56934 66.44678 65.37195 63.7738 62.79626 62.81879 61.84412 60.87445 61.09149 60.06439 61.43463 60.47046 59.5072 59.66687 58.67999 57.61023 59.32269 58.25275 58.40717 57.29077 56.14941 56.06476 54.85767 54.22113 52.98419 51.75354 51.59961 50.39319 49.18378 48.45837 47.22473 46.67224 45.32532 43.84143 43.51331 41.87787 40.20654 39.33594 37.86804 38.09161 36.68634 35.29083 35.2453 33.94257 34.29114 33.18402 32.27435 32.9859 32.13947 31.31598 31.5849 30.59613 30.64276 29.69409
75.58417 74.8808 75.17798 74.40344 73.62122 74.86731 74.07043 74.1275 73.31641 72.48199 73.54352 72.67859 71.77136 71.24097 70.18433 70.42529 69.31372 68.17023 67.72961 66.6377 65.5343 63.9541 62.96802 62.98773 62.02844 61.05371 61.27258 60.24329 61.62372 60.67664 59.71948 59.86871 58.87402 57.85785 59.59021 58.52954 58.69958 57.58301 56.4353 56.34985 55.14655 54.53186 53.34222 52.1629 52.04333 50.91528 49.73804 49.10535 47.94006 47.47729 46.20441 44.78223 44.42236 42.74634 41.08862 40.14636 38.60345 38.76324 37.32068 35.92725 35.83472 34.48865 34.77277 33.55017 32.59589 33.27679 32.28778 31.32959 31.71637 30.59058 30.55634 29.53247
78.08331 77.33441 77.17273 76.42578 75.63757 76.21857 75.41766 75.46478 74.65332 73.82892 73.71625 72.8551 71.94586 72.23224 71.19006 71.0473 69.94818 68.84607 68.47076 67.38239 66.31464 65.57349 64.58984 67.14233 66.18457 65.22345 64.70508 63.75537 66.0127 65.07324 64.10962 66.1897 65.19287 64.20575 64.31995 63.2818 63.09662 61.97351 60.8222 60.19287 58.93726 57.92432 56.77911 55.65967 54.72437 53.59283 52.49481 52.06946 50.97443 50.82727 49.68988 48.31445 47.50549 45.80322 44.11761 43.26086 41.65192 40.98688 39.50818 38.08185 38.67255 37.31915 37.14911 35.94165 34.85632 35.67548 34.71326 33.68097 34.3255 33.25024 33.14935 32.07391
78.10394 77.38641 77.20361 76.46204 75.70459 76.26044 75.47247 75.52032 74.7074 73.87561 73.77643 72.89532 71.99976 72.29242 71.24988 71.1203 70.03479 68.94543 68.5835 67.49658 66.43292 65.70013 64.71344 67.29193 66.33447 65.388 64.96106 63.97919 66.2431 65.28223 64.33453 66.41797 65.41003 64.45923 64.59491 63.60742 63.37683 62.2547 61.10846 60.48456 59.24292 58.26312 57.14539 56.06641 55.15894 54.06195 52.9967 52.61731 51.57129 51.4762 50.42084 49.09167 48.29022 46.61346 44.92419 44.05481 42.40515 41.67853 40.21979 38.80768 39.39606 38.06116 37.89594 36.633 35.47394 36.25208 35.0968 34.04565 34.61517 33.41608 33.33417 32.08716
78.12274 77.40887 77.2312 76.49829 75.74048 76.33124 75.51569 75.56305 74.74304 73.91077 73.80615 72.92859 72.00104 72.29974 71.27142 71.15918 70.08411 69.00562 68.66998 67.59424 66.50537 65.78827 64.77698 67.39709 66.39423 65.52802 65.12067 64.20984 66.4328 65.50055 64.58673 66.70276 65.76581 64.82422 64.98834 63.96271 63.74567 62.61469 61.45374 60.74335 59.57483 58.62585 57.52808 56.44397 55.56433 54.48724 53.45081 53.10742 52.07715 51.98285 50.87506 49.57123 48.93335 47.34076 45.71149 44.86639 43.21417 42.4903 41.01276 39.586 40.16925 38.81732 38.66779 37.41547 36.26373 36.99829 35.86298 34.67987 35.00348 33.74872 33.52332 32.1936
78.43018 77.69971 77.54724 76.80896 76.05725 75.18921 74.40259 75.01819 74.19714 73.36053 73.02466 72.12775 71.21185 70.4798 69.46991 68.99072 67.93988 66.87451 66.50201 65.42743 64.34656 66.66064 65.6524 67.7475 66.80914 65.97705 69.46997 68.57056 71.40729 70.50153 69.59265 71.01636 70.14063 69.26416 69.12274 68.0788 67.18842 66.04773 64.84198 63.36255 62.13293 61.23431 60.12402 59.03943 57.98834 56.9248 55.92554 55.76923 54.76752 54.76355 53.62939 52.39508 51.85266 50.35559 48.80316 47.66107 46.03766 45.52283 44.02319 42.54437 41.88812 40.5246 40.95142 39.66876 38.44769 39.08136 37.89587 36.66779 36.68683 35.19592 33.87823 32.44885
78.42249 77.7373 77.57825 76.84558 76.09351 75.22437 74.42932 75.08081 74.22107 73.38037 73.02563 72.1405 71.22308 70.50085 69.50781 69.0304 67.9837 66.92957 66.56934 65.49231 64.42432 66.73444 65.70905 67.83051 66.93634 66.10278 69.63074 68.73975 71.59833 70.74408 69.84692 71.30133 70.46985 69.61633 69.49554 68.43518 67.54071 66.3811 65.17896 63.68622 62.48157 61.55847 60.44592 59.36572 58.30994 57.28076 56.27808 56.15784 55.14886 55.17981 54.09686 52.90253 52.46002 51.07434 49.57538 48.48975 46.89941 46.3822 44.83087 43.3407 42.66388 41.2785 41.69647 40.38849 39.16107 39.75488 38.56427 37.28046 37.25012 35.77045 34.28992 32.745
77.7464 77.04547 76.38177 75.64764 74.89398 71.68445 70.89111 70.68384 69.85083 68.95789 68.20215 67.31677 66.39563 66.05292 65.06921 64.89075 63.8418 62.8009 64.44568 63.38757 62.3324 63.53857 62.5058 65.63098 64.75464 63.88611 69.15302 68.31732 73.06915 72.18036 71.37177 72.74451 71.92523 71.0954 72.54932 71.49707 70.20496 69.03564 67.85327 66.1236 64.95178 63.81873 62.70776 61.62866 61.44293 60.43872 59.46021 59.27521 58.29547 57.9848 56.92407 55.83209 55.18701 53.89417 52.47369 51.21094 49.63477 48.62317 47.06323 45.552 45.23145 43.81543 43.3819 42.06317 40.82538 40.23969 39.05969 37.79877 36.59021 35.03369 33.96692 32.35297
77.7984 77.08978 76.41852 75.68353 74.92328 71.71436 70.9198 70.70935 69.85925 69.01044 68.22119 67.33783 66.42535 66.08813 65.10712 64.93903 63.89948 62.84137 64.50897 63.46045 62.41583 63.64294 62.65094 65.76617 64.87152 64.06354 69.27655 68.46649 73.198 72.37024 71.54663 72.96198 72.15601 71.34833 72.87177 71.81335 70.50354 69.31885 68.10083 66.44586 65.22974 64.05664 62.93292 61.87909 61.69769 60.71179 59.72772 59.60516 58.66333 58.38708 57.37012 56.36066 55.80481 54.61584 53.28442 52.00708 50.40796 49.38184 47.80878 46.27179 45.93408 44.52856 44.07593 42.78284 41.50525 40.92621 39.73572 38.53937 37.25885 35.65601 34.62836 32.97028
77.8576 77.14752 76.47699 75.72076 74.96051 71.74707 70.94788 70.71399 69.88269 69.03577 68.27435 67.36829 66.4649 66.13428 65.15509 64.98743 63.9552 62.90521 64.59174 63.53229 62.49823 63.7522 62.7807 65.89691 65.01154 64.18512 69.40057 68.50647 73.35406 72.54504 71.73169 73.16205 72.35931 71.53418 73.00299 71.9903 70.7301 69.57318 68.39484 66.7049 65.51971 64.32788 63.16467 62.06976 61.90967 60.94769 60.02032 59.88617 59.01056 58.76715 57.78741 56.82745 56.3642 55.33917 54.10138 52.74255 51.11346 50.09045 48.49786 46.94806 46.59125 45.19104 44.75098 43.44159 42.17346 41.54962 40.3382 39.03552 37.84235 36.30597 35.29431 33.70587
75.03784 74.32776 71.04688 70.2959 69.51672 67.81952 66.98407 64.63971 63.80511 62.9574 62.89197 62.01355 61.10449 61.25 60.26068 61.51575 60.48694 59.45367 60.30634 59.26172 58.24323 60.51337 59.53174 64.97668 64.09717 63.24536 68.00525 67.15234 71.54865 70.75 69.95837 73.05804 72.25342 71.41638 73.71429 72.7262 72.36426 71.23505 70.0744 69.59521 68.40015 66.67432 65.53076 64.40344 63.74738 62.83789 61.94183 61.01813 60.1214 59.49146 58.58496 57.63208 56.85486 55.86566 54.65515 53.49567 51.90411 50.33386 48.7533 47.21069 46.3233 44.90088 45.20819 43.89148 42.62683 42.26147 41.00677 39.68359 38.72284 37.23962 36.89539 35.33813
75.10498 74.39343 71.11072 70.35376 69.58228 67.82977 67.01471 64.66193 63.82281 62.97308 62.90863 62.03845 61.15692 61.31494 60.30963 61.56439 60.53387 59.50708 60.35632 59.33588 58.31421 60.58081 59.61951 65.0708 64.19299 63.35632 68.15485 67.28229 71.66388 70.87329 70.08673 73.19684 72.3775 71.54651 73.85022 72.88879 72.5434 71.42725 70.29022 69.80548 68.61859 66.92322 65.77563 64.65973 64.01416 63.11249 62.22601 61.31299 60.4201 59.82788 58.909 57.97876 57.17963 56.1261 54.92065 53.90662 52.41199 50.89874 49.34869 47.81842 46.92352 45.48651 45.78424 44.48792 43.2522 42.86743 41.60437 40.29266 39.36713 37.91882 37.62286 36.09753
75.17566 74.46008 71.17432 70.41431 69.61926 67.90448 67.05206 64.68085 63.83624 62.98236 62.91516 62.04303 61.14893 61.30554 60.32147 61.59106 60.57013 59.54248 60.4118 59.39923 58.40106 60.66687 59.70209 65.14703 64.28168 63.44507 68.22797 67.3963 71.77179 70.98499 70.20453 73.29163 72.4928 71.67712 74.00433 73.0708 72.74963 71.66455 70.521 70.02789 68.86249 67.17761 66.05743 64.98633 64.32257 63.40179 62.50854 61.58661 60.70819 60.07886 59.1767 58.26703 57.45276 56.38391 55.2146 54.28448 52.87512 51.42633 49.92169 48.39154 47.48596 46.02393 46.3266 45.06018 43.836 43.49933 42.23535 40.95026 40.04395 38.65521 38.40002 36.88654
69.29974 68.58929 66.1344 65.35388 64.54541 61.65375 60.82245 59.94061 59.09003 58.2309 57.97583 57.09027 56.19397 56.59186 55.6225 56.29675 55.29047 54.28711 56.12952 55.11749 54.11841 58.94379 57.98077 61.51556 60.65118 59.82922 63.927 63.1145 67.74695 66.94122 66.16479 71.40833 70.60803 69.79816 74.02777 73.13361 73.60815 72.51099 71.37 70.3103 69.12592 68.23114 67.15552 66.09833 65.48676 64.55951 63.63239 63.15674 62.26398 61.04596 60.1474 59.21198 57.36194 56.29749 55.146 53.98914 52.64569 52.08923 50.63391 49.12946 48.84247 47.32672 46.6759 45.4892 44.31091 44.14307 42.8941 41.63538 40.62738 39.2865 38.59662 37.08136
69.32733 68.69537 66.21033 65.40186 64.58301 61.68109 60.84283 59.98407 59.09515 58.23108 57.97211 57.07251 56.16919 56.56537 55.61652 56.30847 55.30664 54.3175 56.18237 55.19275 54.19653 59.00232 58.02588 61.55463 60.70471 59.87891 64.01514 63.21985 67.83789 67.04437 66.25244 71.51678 70.71643 69.9295 74.17963 73.3407 73.83453 72.73163 71.56909 70.51996 69.39429 68.47729 67.39056 66.36304 65.76074 64.82098 63.91364 63.39752 62.51807 61.30615 60.40656 59.47858 57.63354 56.60181 55.50171 54.37903 53.11005 52.61481 51.19421 49.72681 49.46301 47.94751 47.30505 46.14893 44.98102 44.81366 43.59167 42.33484 41.34277 40.05164 39.43396 37.89679
63.68469 63.06885 60.04059 59.2204 58.3985 56.80359 55.96228 53.62018 52.75861 51.85364 52.57233 51.6803 50.77118 50.32336 49.38513 51.53223 50.55243 49.58551 53.59796 52.61151 51.60944 53.79828 52.81628 56.16071 55.34882 54.54523 59.71021 58.91284 64.10217 63.29926 62.50934 67.19244 66.40527 65.63153 72.42468 71.63959 73.95868 72.84943 71.72711 71.07843 69.9223 68.93475 67.75891 66.72272 66.04657 65.10663 64.18304 63.53528 62.6413 62.04797 61.16589 60.27344 59.57971 58.59436 57.48578 56.31006 55.1037 53.87189 52.49451 51.0611 50.31726 48.89429 47.41919 46.19037 45.00159 44.70972 43.48578 42.23077 41.83459 40.53937 39.67346 38.16187
63.71936 63.00354 60.01312 59.23151 58.4024 56.81384 55.97571 53.63446 52.75897 51.88519 52.58093 51.68793 50.78546 50.32623 49.40686 51.56689 50.61877 49.66333 53.68176 52.69055 51.71259 53.9212 52.96149 56.35089 55.4931 54.6701 59.84033 58.99658 64.18835 63.38666 62.54315 67.24194 66.43768 65.64197 72.44122 71.63727 73.9826 72.93066 71.80157 71.19531 70.05676 69.09271 68.03662 66.93231 66.24219 65.29321 64.39948 63.77783 62.88196 62.31384 61.43542 60.53577 59.86536 58.9068 57.88702 56.77185 55.64063 54.45569 53.10803 51.7229 51.01514 49.64764 48.19379 46.95374 45.73291 45.42249 44.16754 42.87982 42.48621 41.15076 40.24878 38.79285
63.67737 62.98621 59.97833 59.22186 58.43085 56.82178 55.99133 53.6402 52.77936 51.90503 52.62054 51.70984 50.79224 50.35107 49.44043 51.61475 50.68695 49.75732 53.78748 52.81018 51.85126 54.07733 53.13788 56.5387 55.67053 54.82922 59.97589 59.13519 64.27808 63.45496 62.63501 67.27582 66.45746 65.63428 72.40247 71.617 73.98285 72.91895 71.86566 71.30371 70.23999 69.27698 68.12903 67.12878 66.44318 65.48065 64.61078 63.97687 63.125 62.54016 61.68268 60.79694 60.13464 59.21429 58.25519 57.22302 56.17584 55.05353 53.70044 52.32507 51.66211 50.32513 48.90051 47.65662 46.44653 46.12695 44.82373 43.50824 43.08209 41.73962 40.82623 39.4054
55.08636 54.38837 52.8429 52.0896 51.3219 50.86133 49.98499 48.05548 47.19952 46.32739 45.56403 44.65955 43.73438 47.11249 46.22803 47.33429 46.4245 45.508 47.78235 46.83264 45.87744 48.14905 47.22522 52.04089 51.164 50.30536 55.68579 54.83563 58.83038 57.93457 57.09076 61.52094 60.66113 59.7782 68.2569 67.41785 71.62518 70.68372 69.67792 71.64038 70.6189 69.9046 68.76117 67.78192 66.7666 65.83246 64.9469 64.40503 63.5498 63.00104 62.13873 61.25671 60.53516 59.64185 58.74304 57.98364 57.0415 56.14465 54.77771 53.40546 51.85406 50.54749 49.13776 47.92566 46.74969 46.07324 44.71289 43.36432 43.09143 41.76404 41.07373 39.67639
55.08514 54.37164 52.83923 52.099 51.33826 50.88403 50.0166 48.09918 47.25006 46.38385 45.6272 44.72498 43.80432 47.1759 46.31647 47.45026 46.55273 45.62317 47.92194 46.9834 46.03839 48.31561 47.39636 52.21613 51.33221 50.46973 55.82587 54.97064 58.98352 58.09399 57.18597 61.57477 60.68329 59.74237 68.12885 67.18182 71.49194 70.64624 69.7439 71.74847 70.73816 70.07471 69.08246 67.98486 66.99133 66.08386 65.18738 64.64178 63.78662 63.23389 62.36127 61.50336 60.79565 59.92554 59.00793 58.26147 57.30212 56.42395 55.1546 53.85199 52.33728 51.06024 49.67505 48.45654 47.25586 46.57935 45.23566 43.88477 43.62762 42.29205 41.63086 40.28326
44.28546 43.59747 39.9234 39.1955 38.435 38.65863 37.8382 39.99164 39.15057 38.29309 40.23767 39.34515 38.4433 38.10925 37.22498 38.55737 37.65857 36.75128 37.72522 36.78772 35.85992 38.71857 37.79999 44.11786 43.22711 42.3515 47.54352 46.68866 52.55127 51.66858 50.77051 56.65558 55.76593 54.79822 59.9021 58.95593 65.87585 65.05872 64.20471 68.11853 67.15216 69.11182 68.14056 67.16669 67.42303 66.52881 65.6377 64.81506 63.96497 62.91589 62.05896 61.19159 60.36481 59.49335 58.60291 57.6687 56.66565 55.34253 54.16516 52.9187 51.93634 50.69055 49.60657 48.38074 47.14813 46.23755 44.93542 43.61548 43.11469 41.81232 40.09174 38.78851
44.31964 43.61334 39.96637 39.24542 38.49335 38.72797 37.914 40.09357 39.24774 38.40088 40.35901 39.48621 38.60327 38.28424 37.40259 38.69891 37.82135 36.92932 37.88068 36.96057 36.03699 38.90027 37.99091 44.29254 43.39508 42.49689 47.70111 46.83746 52.69952 51.83081 50.89056 56.82257 55.87994 54.94116 60.07556 59.15997 66.0274 65.20496 64.35699 68.30963 67.36176 69.32556 68.33978 67.37994 67.66052 66.75323 65.86578 65.05597 64.15411 63.12543 62.27014 61.39642 60.56738 59.68054 58.77209 57.8526 56.84766 55.55042 54.42603 53.23987 52.2879 51.05829 49.98212 48.74377 47.50739 46.61176 45.31488 44.02789 43.53528 42.26691 40.56427 39.28961
44.37482 43.67401 40.02887 39.31342 38.57733 38.8183 38.01019 40.1994 39.38617 38.52838 40.50427 39.63849 38.77448 38.45831 37.58777 38.93213 38.00299 37.09601 38.09192 37.14728 36.22516 39.11389 38.16614 44.45538 43.55359 42.66583 47.86835 47.00458 52.86218 51.98517 51.10229 56.9765 56.06537 55.14154 60.2984 59.38324 66.23706 65.40875 64.55933 68.51465 67.5777 69.54034 68.59601 67.4892 67.86755 66.9679 66.08191 65.255 64.3739 63.28912 62.43439 61.55688 60.72699 59.83801 58.91064 58.00861 57.03992 55.75757 54.67072 53.52783 52.61487 51.36279 50.28772 49.07245 47.82782 46.92841 45.67621 44.39911 43.94214 42.67438 41.01544 39.75104
32.99951 32.30713 30.89557 30.18915 29.46039 27.61157 26.80676 28.38672 27.57507 26.75311 26.93036 26.08527 25.21869 26.68481 25.82062 30.06824 29.17816 28.24744 32.01532 31.09686 30.16406 34.85199 33.92535 39.53583 38.61255 37.71332 41.42578 40.57703 46.22375 45.37646 44.43933 49.23291 48.32556 47.41785 54.18079 53.27795 58.6601 57.82574 56.94952 59.18921 58.24805 63.151 62.13959 61.15314 63.07513 62.18103 61.29742 61.61127 60.68243 59.98212 59.08368 58.21979 57.42999 56.52863 55.63678 54.78674 53.8399 52.95483 51.88159 50.76538 49.93732 48.73584 47.79028 46.58612 45.32965 44.51428 43.27185 42.02362 40.65869 39.4104 38.23975 36.97174
