SEB_model/sample_data_files/59_thickness_5m.txt
ncols         475
nrows         344
xllcorner     388726.00889408
yllcorner     7584415.1517739
cellsize      5
NODATA_value  -9999
[rows 32 to 63 of 344, columns 288 to 359 of 475]
-9999 -9999 4.562012 2.255493 7.603149 5.667969 9.38208 7.38562 5.366333 10.61243 8.704468 13.68079 11.8689 10.09155 14.70508 12.9364 11.12415 14.26245 12.54041 16.22424 14.57129 12.97839 16.08679 14.6062 18.76794 17.34021 15.87329 18.53699 16.79553 14.81372 16.40063 14.26086 16.0658 14.13538 12.35815 14.30029 12.81714 11.44055 13.77161 12.56519 14.33948 13.10913 11.84167 14.61328 13.2981 15.12915 13.86072 12.62 14.60669 13.40137 12.20618 14.26245 13.09399 14.95276 13.80298 12.68762 14.02625 13.01819 14.03748 13.31567 -9999 -9999 -9999 -9999 -9999 -9999 -9999 -9999 -9999 -9999 -9999 -9999
-9999 11.88489 9.577026 7.418335 12.31677 10.36133 13.88171 11.85608 9.852417 14.59143 12.78674 17.30457 15.56726 13.85144 17.24243 15.48828 13.74377 17.14722 15.46277 18.82117 17.21997 15.71875 19.20117 17.76697 20.88562 19.49255 18.06348 21.32397 19.58057 17.40161 18.81152 16.62 18.11768 16.31616 14.67371 16.8418 15.40771 14.04858 16.22498 14.96741 16.61182 15.349 14.08606 16.16357 14.86987 16.51331 15.26379 13.99597 16.00293 14.79382 13.59326 15.23206 14.05103 15.72266 14.59631 13.51746 14.87158 13.92627 14.89087 14.1073 13.55322 -9999 -9999 -9999 -9999 -9999 -9999 -9999 -9999 -9999 -9999 -9999
5.081421 9.957397 7.877808 5.824463 10.97644 9.013916 12.25317 10.25989 8.279419 13.04749 11.36865 15.96838 14.32458 12.7019 16.15552 14.44238 12.69031 16.12073 14.45093 17.84253 16.30884 14.82434 18.40015 17.00256 20.15881 18.76392 17.30737 20.50452 18.65979 16.45105 17.77405 15.48242 17.02039 15.39697 13.88147 16.15015 14.75879 13.43396 15.60217 14.30811 15.92188 14.65942 13.37231 15.43872 14.16187 15.83521 14.55725 13.29041 15.28955 14.08496 12.87097 14.50879 13.33301 15.00256 13.88708 12.83118 14.24475 13.33289 14.30969 13.64124 12.96936 14.08545 -9999 -9999 -9999 -9999 -9999 -9999 -9999 -9999 -9999 -9999
3.083862 8.159668 6.220215 4.240967 9.310913 7.377686 10.68823 8.749023 6.84082 11.68225 10.0343 14.67053 13.0874 11.50952 15.03821 13.33508 11.64197 15.104 13.4364 16.85645 15.36011 13.96265 17.56067 16.23022 19.42651 18.02795 16.52344 19.6322 17.67725 15.4978 16.82751 14.47571 16.04639 14.58142 13.14844 15.4729 14.1261 12.81567 14.97034 13.65771 15.2644 13.95898 12.66785 14.73059 13.46265 15.11902 13.85889 12.5896 14.60071 13.37708 12.16833 13.80505 12.62561 14.29883 13.17615 12.14319 13.62451 12.77258 13.75854 13.05688 12.39771 13.48291 -9999 -9999 -9999 -9999 -9999 -9999 -9999 -9999 -9999 -9999
8.490356 13.49097 11.63733 9.692749 14.0675 12.30261 15.0437 13.18909 11.40271 15.84827 14.20898 17.54834 15.98132 14.45264 17.99805 16.41602 14.7594 18.01379 16.39331 19.79089 18.37781 17.03809 20.55591 19.25708 22.40344 21.03564 19.55872 21.8855 19.85107 17.6908 18.98145 16.82458 18.44678 16.86816 15.41272 17.82825 16.50073 15.19641 17.28821 15.96289 17.4082 16.08594 14.77417 16.68042 15.39697 17.19775 15.9231 14.68835 15.7948 14.57886 13.35681 15.00256 13.83484 15.25659 14.11731 13.13989 14.50647 13.68652 14.89941 14.15234 13.48853 14.40149 13.77905 -9999 -9999 -9999 -9999 -9999 -9999 -9999 -9999 -9999
6.917114 11.85547 9.998779 8.030151 12.51978 10.67053 13.4635 11.68457 9.959961 14.47534 12.87903 16.24988 14.77942 13.24719 16.83105 15.28064 13.698 16.99573 15.448 18.94446 17.53833 16.21191 19.75659 18.43921 21.57629 20.22021 18.79968 21.04724 18.98096 16.88635 18.28235 16.2688 17.93799 16.29236 14.81348 17.2113 15.86584 14.5791 16.67358 15.30542 16.73645 15.39966 14.10291 15.9801 14.7002 16.48523 15.22168 13.98718 15.11377 13.89404 12.70166 14.34558 13.1731 14.62134 13.51453 12.51794 13.89868 13.05835 14.26367 13.54761 12.84509 13.75281 13.16858 12.56946 13.63306 -9999 -9999 -9999 -9999 -9999 -9999 -9999
5.558838 10.2594 8.276855 6.298706 10.81238 9.009155 11.85632 10.14783 8.489624 13.07959 11.52271 14.98877 13.50977 12.01453 15.6427 14.14478 12.66199 16.03809 14.53101 18.09949 16.7373 15.43665 18.95129 17.61536 20.74451 19.29407 17.72241 20.04578 18.08813 16.07458 17.56909 15.65088 17.36865 15.71838 14.18994 16.57275 15.22375 13.9032 15.96045 14.61841 16.05359 14.72949 13.40515 15.27625 13.97803 15.79358 14.52966 13.28967 14.40906 13.224 12.03284 13.69666 12.53528 13.99573 12.90967 11.91382 13.26685 12.42053 13.6001 12.88464 12.21423 13.07178 12.48328 11.91626 12.92688 12.4104 -9999 -9999 -9999 -9999 -9999 -9999
11.50342 15.3595 13.27917 11.30908 15.255 13.49353 16.07227 14.44702 12.87708 16.1825 14.72339 18.31519 16.8728 15.43457 18.75745 17.32678 15.89429 19.354 17.91223 21.3573 20.00964 18.68542 21.99731 20.66931 23.67249 22.15601 20.51855 22.599 20.69873 18.77698 20.1217 18.27258 19.94666 18.31189 16.76587 18.56116 17.19226 15.8512 17.63037 16.28979 18.03503 16.70398 15.37402 17.06262 15.77002 17.04822 15.80347 14.54895 16.08948 14.90161 13.74402 14.85413 13.71191 14.96179 13.87805 12.87402 14.16968 13.30383 14.42798 13.68433 13.00281 14.09424 13.46472 12.88904 13.64966 13.07483 13.8656 -9999 -9999 -9999 -9999 -9999
9.490356 13.37524 11.32336 9.409302 13.41003 11.71436 14.3606 12.78943 11.32471 14.73352 13.31311 16.96484 15.58069 14.20386 17.60547 16.22205 14.85779 18.37012 16.97937 20.43018 19.13916 17.83997 21.16931 19.80579 22.79333 21.22559 19.57275 21.65649 19.79529 17.90686 19.33435 17.5553 19.27686 17.64661 16.10828 17.88843 16.49109 15.15259 16.9325 15.62463 17.34985 16.02795 14.69751 16.38171 15.06506 16.34949 15.09888 13.87207 15.39038 14.20386 13.05042 14.203 13.08264 14.32922 13.2262 12.19189 13.4563 12.57849 13.67273 12.92578 12.22803 13.31189 12.724 12.12915 12.83838 12.19153 12.91431 12.3241 11.7373 -9999 -9999 -9999
13.7771 17.5896 15.55884 13.73438 17.28137 15.62292 17.88818 16.4126 15.08337 18.14783 16.79199 20.23535 18.92114 17.59619 20.95203 19.63757 18.33838 21.62683 20.28784 23.47571 22.18066 20.94482 23.91895 22.58496 25.18823 23.60437 21.95728 23.82813 21.99036 20.12598 21.64758 19.93811 21.41003 19.80859 18.27148 20.04944 18.62256 17.27563 19.00989 17.68433 19.19617 17.86609 16.55176 17.72498 16.40222 17.83301 16.56799 15.32507 16.33362 15.14685 13.99353 15.04358 13.94043 14.84631 13.74561 12.67615 13.76868 12.87524 13.97986 13.19397 12.48804 13.6001 13.00879 12.46729 13.30457 12.5885 13.2948 12.68311 12.09827 12.80859 12.26587 -9999
11.9281 15.67737 13.65063 11.86938 15.40344 13.78528 16.13123 14.83435 13.56067 16.68066 15.39648 18.91309 17.64856 16.36084 19.75476 18.5094 17.24011 20.56763 19.27661 22.50317 21.27063 20.0304 23.04517 21.79712 24.34094 22.72949 21.07007 22.974 21.17725 19.35388 20.90637 19.1908 20.69592 19.0835 17.51721 19.32043 17.95337 16.62292 18.32642 17.03003 18.552 17.24768 15.92456 17.09912 15.76501 17.16943 15.87952 14.60852 15.61133 14.41199 13.25952 14.28308 13.1676 14.10242 13.00098 11.94556 13.00769 12.06372 13.14758 12.33179 11.58679 12.68457 12.02612 11.38599 12.23206 11.52881 12.22314 11.60986 11.03284 11.77942 11.2583 10.74072
10.20642 14.02209 11.93835 10.06897 13.59143 11.94543 14.43774 13.24023 12.03613 15.24011 14.02295 17.62256 16.38647 15.15955 18.59839 17.37878 16.13159 19.51501 18.25208 21.50098 20.2616 19.04651 22.05933 20.77148 23.40015 21.83813 20.20898 22.16638 20.42236 18.66138 20.22485 18.51233 19.97632 18.34644 16.76721 18.59253 17.27539 15.98486 17.71887 16.4259 17.974 16.67053 15.32507 16.47327 15.13513 16.51501 15.20447 13.89844 14.8822 13.67065 12.50427 13.51428 12.39233 13.33374 12.23901 11.16772 12.21753 11.22424 12.27502 11.42529 10.65881 11.69897 10.97449 10.22681 11.09546 10.38379 11.08936 10.48694 9.914673 10.6759 10.24536 9.781616
14.91309 17.18115 15.08398 13.21021 17.07617 15.48401 17.47461 16.33984 15.20239 18.80713 17.65015 21.00793 19.85071 18.66785 21.90649 20.70093 19.49695 22.5741 21.34082 24.15601 22.9353 21.70593 24.37292 23.0918 25.49829 24.00354 22.43823 24.30432 22.60657 20.88293 22.33862 20.63342 22.10205 20.42603 18.77173 20.44104 19.17688 17.89868 19.42871 18.18262 19.36389 18.06287 16.70874 17.96533 16.58984 17.52844 16.18066 14.849 15.61145 14.37708 13.21045 14.07361 12.9436 14.07117 12.96863 11.88794 12.9585 11.9342 12.83728 11.96411 11.16858 12.13318 11.32031 10.573 11.39453 10.67444 11.27234 10.69604 10.17053 11.13049 10.74353 10.36047
13.02808 15.25098 13.22461 11.46252 15.51819 14.08203 16.05969 14.9563 13.83167 17.47791 16.33777 19.74451 18.61926 17.46497 20.72925 19.55249 18.38574 21.49695 20.28564 23.1095 21.8656 20.66003 23.34558 22.08313 24.54688 23.12585 21.63403 23.55493 21.90381 20.22241 21.69031 20.01208 21.50122 19.86316 18.31152 19.90198 18.60974 17.34534 18.89282 17.63684 18.82898 17.49756 16.14734 17.38159 15.99768 16.89319 15.52197 14.17346 14.87268 13.6217 12.47717 13.33838 12.20984 13.32214 12.20752 11.11011 12.16968 11.1106 11.99036 11.07349 10.20337 11.08777 10.27173 9.463867 10.25061 9.479004 10.07007 9.480225 9.024902 10.05273 9.71228 9.390503
10.72534 13.06494 11.26477 9.785156 13.98462 12.69739 14.72241 13.61536 12.54065 16.18213 15.07495 18.52673 17.38794 16.26526 19.55493 18.42273 17.27441 20.42847 19.24255 22.08655 20.83276 19.63977 22.33484 21.10059 23.6134 22.26416 20.84607 22.83386 21.21118 19.54858 21.05554 19.39038 20.92212 19.34949 17.84558 19.41602 18.10339 16.83838 18.3866 17.12549 18.32874 16.98779 15.59302 16.81665 15.39746 16.27576 14.88989 13.52649 14.22668 12.9646 11.80115 12.65283 11.51111 12.61414 11.46765 10.3584 11.39539 10.32605 11.19226 10.21143 9.259644 10.13782 9.253662 8.397705 9.134033 8.325195 8.840088 8.27771 7.880859 9.003662 8.718384 8.435913
13.14746 15.75513 14.41882 13.17676 16.42651 15.27234 18.55225 17.47498 16.37915 19.67383 18.53699 21.73242 20.60828 19.50159 22.57288 21.45679 20.35388 23.20386 22.05481 24.46057 23.23779 22.03064 24.63306 23.41516 25.67554 24.38464 23.04883 24.95789 23.32458 21.67798 23.11694 21.49988 22.82996 21.30139 19.83386 21.42053 20.09753 18.80811 19.85132 18.62024 19.90479 18.54834 17.10242 17.81384 16.37537 17.13184 15.74377 14.37952 15.10901 13.84705 12.64331 13.74158 12.57666 13.55408 12.40039 11.25085 12.1156 11.03894 11.90674 10.84338 9.871826 10.67334 9.762939 8.863037 9.565308 8.684814 9.161621 8.587036 8.314331 9.394165 9.156738 8.902832
11.07739 13.90857 12.75537 11.62378 14.99695 13.93652 17.28979 16.25305 15.20093 18.44543 17.39001 20.52246 19.40381 18.30164 21.39941 20.30322 19.25647 22.14929 21.0564 23.4541 22.24915 21.05322 23.66541 22.45422 24.7428 23.47021 22.14844 24.06274 22.52136 20.9303 22.41895 20.85352 22.22705 20.73938 19.30933 20.91577 19.59106 18.30127 19.3457 18.08337 19.37793 18.00989 16.53174 17.22559 15.78015 16.5293 15.14343 13.79065 14.53796 13.27393 12.05481 13.12781 11.94714 12.91064 11.72205 10.53796 11.3811 10.28699 11.08435 10.03577 9.015991 9.768311 8.846802 7.942261 8.63147 7.767822 8.252075 7.69397 7.433594 8.518921 8.258423 8.031494
13.99109 17.18884 15.90076 14.81787 18.46643 17.46338 21.00916 20.0426 18.94873 21.91943 20.79065 23.65759 22.51794 21.44031 24.18738 23.1438 22.0907 24.53418 23.45459 25.90515 24.72681 23.55701 25.88708 24.68933 26.74695 25.47656 24.16504 25.92554 24.43018 22.90576 24.32593 22.79968 24.10498 22.65662 21.2655 22.19458 20.86877 19.5752 21.09412 19.82397 20.85522 19.4762 18.03162 18.54468 17.09363 17.82727 16.43811 15.10291 15.86975 14.60803 13.38745 14.31567 13.12073 13.9563 12.74963 11.53564 12.27209 11.10962 11.83923 10.75354 9.715698 10.06714 9.119263 8.234741 8.977051 8.164185 8.820801 8.287231 7.936157 9.08667 8.789673 8.551147
12.58716 15.93762 14.56689 13.44116 17.15503 16.17834 19.82324 18.87842 17.73767 20.67175 19.54126 22.40637 21.31372 20.2229 22.96375 21.93909 20.93042 23.35437 22.2948 24.80603 23.67981 22.54041 24.89893 23.72583 25.81433 24.55115 23.26794 25.03503 23.58777 22.10559 23.57922 22.09387 23.44006 22.04895 20.66614 21.62512 20.31775 19.01855 20.52075 19.2179 20.21472 18.82751 17.39685 17.92542 16.48596 17.20703 15.81799 14.50952 15.31128 14.08618 12.84863 13.7771 12.5686 13.38171 12.16309 10.93005 11.60815 10.42883 11.10608 9.984985 8.921021 9.26709 8.306519 7.427368 8.230713 7.478882 8.205688 7.685791 7.254517 8.359741 8.078979 7.796997
11.13794 14.58203 13.2854 12.11548 15.85388 14.8855 18.46912 17.47778 16.40442 19.3739 18.2832 21.15576 20.08496 19.00537 21.72778 20.71582 19.73535 22.17554 21.13538 23.68762 22.60474 21.50928 23.89465 22.76428 24.86316 23.63586 22.34131 24.1571 22.75549 21.32935 22.84192 21.39404 22.77905 21.41187 20.06067 21.04773 19.74023 18.44897 19.94165 18.61658 19.59155 18.19788 16.77502 17.31519 15.88562 16.60413 15.18945 13.95068 14.77173 13.56079 12.35425 13.26306 12.05164 12.8363 11.5929 10.33032 10.98718 9.755859 10.40942 9.256714 8.158813 8.499512 7.536377 6.670654 7.512329 6.846313 7.621216 7.066528 6.655762 7.71521 7.398315 7.077271
13.72278 17.43591 16.16797 15.0575 18.96741 18.00208 21.61353 20.62146 19.5863 22.71875 21.66296 24.10815 23.03845 21.97534 24.27063 23.26196 22.28455 24.69373 23.68152 25.93835 24.89441 23.83057 25.94763 24.85071 26.7439 25.53357 24.28723 25.95129 24.60022 23.23132 24.65405 23.26074 24.29578 22.91504 21.59656 22.83008 21.54614 20.25745 21.14636 19.79712 20.9458 19.54163 18.13538 18.8623 17.44995 17.74817 16.39612 15.13513 16.2887 15.08032 13.88098 14.54956 13.31824 14.00159 12.71924 11.41589 12.01123 10.73975 11.24377 10.0509 8.952759 9.570923 8.643799 7.821777 8.383057 7.748169 8.531982 8.025269 7.565186 8.640869 8.276001 7.961914
12.21802 15.99402 14.7915 13.68005 17.57471 16.58447 20.21118 19.24036 18.24426 21.40955 20.40173 22.84619 21.81177 20.78235 23.10681 22.09729 21.10925 23.52454 22.52368 24.80713 23.77893 22.7345 24.89319 23.8158 25.74878 24.58459 23.4082 25.11169 23.81665 22.47473 23.96118 22.60034 23.64685 22.31921 21.00842 22.23145 20.93176 19.67493 20.58264 19.20154 20.3302 18.93604 17.53699 18.28943 16.90686 17.25476 15.93274 14.66797 15.82397 14.60803 13.40271 14.0675 12.86584 13.54956 12.2301 10.87463 11.42004 10.11108 10.57996 9.345947 8.221313 8.869629 7.996338 7.237305 7.852051 7.177246 8.009155 7.56897 7.014893 8.029419 7.659668 7.312988
14.68469 18.70837 17.51733 16.42078 20.40076 19.39587 23.17371 22.22253 21.27539 24.31018 23.32251 25.30505 24.30359 23.29041 25.51404 24.52087 23.5387 25.83142 24.85522 26.87585 25.87549 24.83862 26.74731 25.69446 27.46143 26.36511 25.23218 26.82837 25.59424 24.29517 25.52258 24.18469 25.37537 24.04822 22.74316 23.74109 22.45959 21.1886 22.05566 20.67175 21.55188 20.16846 18.79407 19.68604 18.34119 18.66162 17.37524 16.11987 16.92932 15.72009 14.49731 15.22229 14.01306 14.74451 13.37317 11.97803 12.44043 11.09912 11.47266 10.21594 9.043457 9.705078 8.921021 8.198975 8.865845 8.270996 9.062378 8.558594 8.147583 9.028687 8.612061 8.255493
13.17236 17.20935 16.03833 14.9552 18.92883 17.93286 21.7262 20.80933 19.89832 22.99438 22.03467 24.04114 23.04443 22.05371 24.31433 23.32959 22.35889 24.6709 23.69189 25.73083 24.70996 23.71143 25.61487 24.59631 26.42151 25.38525 24.33765 26.0011 24.82532 23.58862 24.80481 23.49927 24.68164 23.36487 22.06494 23.05737 21.77722 20.49133 21.35193 20.00171 20.91113 19.55884 18.19299 19.11462 17.7998 18.16211 16.90576 15.67517 16.48328 15.26782 14.06665 14.75378 13.50903 14.17297 12.82275 11.43384 11.89124 10.54077 10.91833 9.642578 8.424805 9.130737 8.397217 7.700439 8.369751 7.770752 8.57019 8.059326 7.587036 8.621826 8.173218 7.7677
11.64929 15.69348 14.54395 13.47314 17.44946 16.46387 20.27429 19.37866 18.48218 21.59277 20.67444 22.71033 21.75671 20.79919 23.08167 22.12073 21.17004 23.47839 22.51526 24.54639 23.53064 22.52808 24.48584 23.49072 25.36853 24.39063 23.44006 25.16809 24.07629 22.84546 24.08545 22.76392 23.96594 22.65918 21.35925 22.34216 21.06677 19.78564 20.63721 19.32422 20.26599 18.93274 17.59595 18.53784 17.25452 17.66199 16.44568 15.23511 16.05701 14.85754 13.63403 14.30017 13.0166 13.64014 12.27625 10.89185 11.34387 10.00134 10.39966 9.171387 8.052612 8.747314 7.963623 7.287354 8.008789 7.304199 8.118408 7.599609 7.080078 8.058838 7.666016 7.221924
14.32837 18.27649 17.12109 16.04358 20.02515 19.06848 22.97498 22.06763 21.20007 24.07336 23.17224 25.02051 24.11987 23.22913 25.08752 24.14075 23.17407 25.02478 24.04419 25.89001 24.88538 23.90381 25.71045 24.78174 26.61145 25.71985 24.84973 26.63916 25.5636 24.31824 25.6134 24.30261 25.39404 24.08154 22.78687 23.73645 22.4635 21.20117 22.11255 20.82751 21.64075 20.33789 19.03918 19.76831 18.51123 19.10242 17.92126 16.73682 17.48999 16.28796 15.04077 15.64502 14.33337 14.76892 13.38062 11.98706 12.39307 11.05933 11.46313 10.2865 9.249878 9.872314 9.091919 8.393066 9.201294 8.476929 9.321167 8.78418 8.338257 9.107178 8.649536 8.257813
12.8147 16.83972 15.64954 14.56812 18.55334 17.58154 21.48584 20.60413 19.74219 22.63 21.75012 23.64514 22.78992 21.94165 23.86047 22.92651 21.95422 23.77979 22.77417 24.60828 23.61853 22.65247 24.48938 23.60864 25.51025 24.69226 23.8739 25.75232 24.77222 23.49976 24.81323 23.5376 24.64429 23.34827 22.06091 23.01428 21.75269 20.49622 21.43872 20.19055 21.0437 19.76685 18.49353 19.26355 18.04187 18.64441 17.48975 16.33435 17.10022 15.89832 14.67358 15.26257 13.92688 14.3241 12.90356 11.48096 11.88171 10.55127 10.9729 9.859253 8.8396 9.527222 8.730469 8.023315 8.783813 8.099609 8.921753 8.391479 7.880981 8.699951 8.13208 7.700073
11.33032 15.36658 14.23987 13.11243 17.05457 16.09119 20.01367 19.13525 18.26892 21.1781 20.34314 22.2699 21.43909 20.63782 22.61108 21.72461 20.70544 22.50732 21.48462 23.30896 22.32043 21.37292 23.23401 22.40063 24.37402 23.57983 22.79968 24.66858 23.69312 22.55872 23.95044 22.71606 23.85583 22.5874 21.30029 22.27246 21.04553 19.8136 20.76538 19.53394 20.43311 19.19165 17.96301 18.78638 17.59912 18.21838 17.0863 15.94226 16.72522 15.5531 14.33728 14.93408 13.56104 13.91492 12.45422 10.98767 11.36926 10.01636 10.48645 9.397827 8.453735 9.171021 8.38269 7.618164 8.430908 7.802124 8.564209 8.052368 7.429565 8.246826 7.714355 7.14978
14.39417 17.96167 16.78552 15.67847 19.245 18.27173 21.59583 20.6958 19.849 22.76611 21.97131 24.08447 23.28809 22.48962 24.40601 23.53333 22.53369 24.18274 23.16382 24.82947 23.82861 22.87842 24.61072 23.83826 25.68262 24.94666 24.19263 25.94263 25.00818 23.95959 25.39136 24.21594 25.26587 24.0293 22.77087 23.71704 22.51123 21.30139 22.19531 20.96912 21.7832 20.59351 19.40393 20.19702 19.05151 19.82813 18.70764 17.59106 18.18005 17.02625 15.84204 16.41309 14.98267 15.23828 13.73633 12.23352 12.43433 11.073 11.49084 10.49463 9.602783 10.30212 9.545776 8.839478 9.607544 8.975098 9.773315 9.118652 8.517944 9.452637 8.884399 8.320801
13.00232 16.52197 15.36853 14.24707 17.82288 16.82874 20.14417 19.24927 18.39758 21.34851 20.56445 22.7179 21.92651 21.12219 23.04028 22.15637 21.19641 22.8844 21.875 23.54907 22.54443 21.55811 23.32019 22.625 24.55017 23.83752 23.09412 24.86438 23.97278 22.99475 24.48486 23.38867 24.49158 23.30017 22.09119 23.05566 21.85376 20.65442 21.5658 20.3595 21.21838 20.03625 18.8811 19.71692 18.6001 19.40991 18.3219 17.22559 17.82788 16.68127 15.49609 16.04224 14.6167 14.86108 13.33484 11.81335 11.96741 10.51965 10.99597 10.0874 9.250122 9.988403 9.249146 8.565796 9.374268 8.664795 9.439209 8.849487 8.206543 9.093628 8.489136 7.900269
16.03406 19.05493 17.87329 16.75562 19.72693 18.72961 21.71643 20.82043 19.99524 22.49158 21.75281 24.0094 23.23694 22.4364 24.37903 23.49683 22.573 24.2688 23.30066 24.89551 23.90796 22.90662 24.57715 23.96594 25.75513 25.07031 24.34521 26.02832 25.17249 24.24683 25.61548 24.57043 25.69214 24.54932 23.37256 24.38684 23.20044 22.01624 22.87732 21.68579 22.44507 21.28027 20.17041 20.9115 19.83911 20.66333 19.59265 18.51978 18.94946 17.81799 16.61523 17.40002 15.98523 16.19495 14.6803 13.16785 13.30298 11.85974 12.28699 11.43628 10.5769 11.29346 10.55518 9.880127 10.66638 10.02856 10.83112 10.24298 9.645325 10.4162 9.83075 9.239929
14.66003 17.63513 16.47083 15.3573 18.31689 17.33179 20.31848 19.41895 18.58545 21.15259 20.42749 22.70105 21.93555 21.14368 23.08008 22.20825 21.30579 23.04187 22.11108 23.76746 22.84155 21.94128 23.65564 22.9884 24.7478 24.07971 23.35901 25.06287 24.23901 23.37048 24.77637 23.79797 24.9729 23.85522 22.698 23.75122 22.5874 21.42761 22.30579 21.11804 21.89075 20.7157 19.65271 20.46021 19.42529 20.25586 19.20923 18.15332 18.60962 17.50232 16.30627 17.06653 15.63623 15.85864 14.36328 12.88965 13.09497 11.77051 12.19043 11.26685 10.44849 11.07629 10.34204 9.64624 10.44434 9.780884 10.66302 9.987854 9.392517 10.21161 9.603699 9.05072
