SEB_model/sample_data_files/59_thickness_5m.txt
ncols         475
nrows         344
xllcorner     388726.00889408
yllcorner     7584415.1517739
cellsize      5
NODATA_value  -9999
[rows 160 to 191 of 344, columns 360 to 431 of 475]
33.11523 32.43127 31.0213 30.30646 29.58527 27.74377 26.95801 28.53271 27.73218 26.91565 27.13391 26.24969 25.42389 26.89307 26.01172 30.28741 29.40302 28.49646 32.23413 31.30347 30.36566 35.04846 34.12067 39.72906 38.80597 37.89838 41.62683 40.77667 46.43103 45.58942 44.72278 49.44775 48.57391 47.69037 54.4762 53.60278 58.9978 58.14417 57.26599 59.46393 58.50726 63.38123 62.38989 61.36621 63.26447 62.33276 61.42786 61.72137 60.79901 60.09613 59.21649 58.30591 57.52985 56.65601 55.77283 54.93701 54.00958 53.15784 52.12878 51.00067 50.20068 48.99469 48.06366 46.83917 45.59711 44.78625 43.55096 42.32147 40.98346 39.76135 38.58929 37.37439
33.26086 32.57983 31.16791 30.46173 29.72406 27.86194 27.09021 28.66882 27.90112 27.09131 27.27008 26.45209 25.61896 27.08569 26.24292 30.52411 29.63672 28.72827 32.47119 31.51666 30.58936 35.28424 34.34326 39.95471 39.04016 38.14191 41.86249 40.99377 46.66278 45.82227 44.90015 49.71387 48.85699 47.99097 54.78552 53.94287 59.34955 58.49536 57.5882 59.77216 58.77252 63.60547 62.59583 61.55676 63.42358 62.46783 61.51312 61.79059 60.87335 60.17963 59.28131 58.39447 57.61407 56.76434 55.89081 55.0741 54.17029 53.35419 52.36151 51.25726 50.43341 49.21405 48.28601 47.05273 45.82465 45.02704 43.79785 42.58948 41.2829 40.07477 38.93927 37.73749
21.85461 21.17944 22.19611 21.49261 20.74213 21.23114 20.47174 20.84888 20.05359 19.22937 21.47424 20.66266 19.83917 22.14417 21.32611 24.23285 23.33618 22.4043 25.76154 24.79694 23.86737 27.25452 26.33368 32.388 31.47968 30.5874 35.51709 34.64282 39.22144 38.38025 37.47479 43.48029 42.62897 41.7771 47.24249 46.40991 49.02545 48.18402 47.26666 52.18896 51.15247 55.10956 54.03326 52.98871 54.74835 53.66119 52.67902 54.5592 53.63019 53.69153 52.80115 51.93243 52.34644 51.47998 50.63025 50.07275 49.18066 48.68372 47.75177 46.62256 46.22437 44.99707 43.69403 42.46881 41.24933 40.89758 39.67792 38.48853 37.52209 36.36639 35.38074 34.23108
22.03796 21.36902 22.38983 21.6463 20.93658 21.44366 20.6662 21.05701 20.23364 19.43311 21.66833 20.85107 20.04431 22.38464 21.56726 24.50317 23.57001 22.63959 25.98724 25.05219 24.10144 27.4939 26.58319 32.65424 31.73987 30.83948 35.77435 34.91028 39.49078 38.63428 37.78809 43.80103 42.91895 42.07483 47.54913 46.72498 49.3479 48.54492 47.62311 52.47247 51.41107 55.32562 54.24036 53.15918 54.7973 53.76685 52.7478 54.59229 53.68207 53.72321 52.86719 51.99963 52.41736 51.56012 50.71973 50.15192 49.26117 48.76593 47.79083 46.71454 46.36194 45.18353 43.86737 42.65137 41.42981 41.08215 39.87006 38.69159 37.75806 36.61151 35.69806 34.57343
13.25696 12.55798 14.48303 13.81128 13.10938 15.12708 14.3584 15.64856 14.76282 14.05249 15.41418 14.70203 13.89362 16.2677 15.45807 18.85217 17.93011 17.00946 20.40338 19.49066 18.58301 21.83728 20.91852 25.29395 24.33752 23.50403 28.40118 27.5412 32.92896 32.07013 31.22748 36.59991 35.74585 34.90253 39.7207 38.8988 42.31396 41.4743 40.53412 44.30872 43.23444 46.39246 45.25269 44.14795 45.91498 44.86523 43.82349 46.24457 45.32672 46.92682 46.05341 45.18103 45.5531 44.72485 43.86932 44.15942 43.26947 43.45941 42.49237 41.43176 41.05078 39.89789 39.19629 37.95398 36.73071 36.50195 35.28955 34.12158 33.53247 32.45111 31.52472 30.4538
13.47925 12.63 14.73999 14.07349 13.35742 15.35974 14.56812 15.89197 14.95679 14.12451 15.59528 14.88776 14.08612 16.44727 15.6134 18.97559 18.04651 17.12006 20.61084 19.71954 18.81934 22.10901 21.20551 25.48297 24.61682 23.79175 28.68457 27.81281 33.19849 32.35223 31.46802 36.8692 36.02081 35.17181 39.98004 39.13336 42.53937 41.6474 40.69391 44.49072 43.42499 46.55884 45.44208 44.28461 46.12054 44.98779 43.94489 46.37128 45.42303 46.98169 46.11145 45.23938 45.60864 44.77972 43.90503 44.22064 43.33081 43.52063 42.55469 41.5119 41.14972 40.01337 39.32867 38.09845 36.87952 36.65552 35.46094 34.29712 33.74255 32.68121 31.82043 30.77405
13.42456 12.84705 14.93591 14.35168 13.62976 15.60046 14.79443 16.01099 15.1709 14.31604 15.78326 15.09351 14.26556 16.63416 15.74377 19.04877 18.19714 17.28363 20.70959 19.9491 19.08051 22.2821 21.36255 25.79749 24.90057 24.03986 28.97583 28.09387 33.48462 32.65125 31.75006 37.14111 36.28528 35.40778 40.2608 39.38684 42.74933 41.83978 40.86932 44.68396 43.61029 46.7337 45.61249 44.47974 46.26569 45.18939 44.0611 46.48132 45.51367 47.0603 46.16907 45.29199 45.6543 44.81702 43.95441 44.26477 43.38428 43.57758 42.61896 41.60022 41.25293 40.125 39.41986 38.24408 37.03662 36.82538 35.64789 34.51416 33.95667 32.91516 32.07098 31.06488
9.420654 8.851685 10.31122 9.735657 9.021667 10.62927 9.817383 11.56616 10.73206 9.9021 11.89532 11.01837 10.39709 12.51477 11.65289 14.37939 13.51959 12.66394 15.87067 15.01483 14.15826 17.04755 16.19037 19.7854 18.95074 18.06256 22.70892 21.85199 26.26752 25.41766 24.54926 28.92267 28.05322 27.16724 30.87421 30.00641 34.95697 34.05164 33.0976 36.18219 35.0871 39.26581 38.14026 36.99268 38.60114 37.39709 36.32135 38.4856 37.50177 39.35077 38.45038 37.56024 37.31177 36.43402 35.5777 37.33026 36.47058 36.92072 35.97662 34.96808 34.94366 33.7901 33.73602 32.5415 31.37451 31.35583 30.19519 29.08191 29.47339 28.45258 27.36163 26.32092
9.607788 9.065552 10.50739 9.886047 9.184143 10.8186 9.910645 11.7677 10.94031 10.11426 12.11591 11.21515 10.39581 12.64252 11.82507 14.56946 13.6983 12.87274 16.11725 15.29364 14.40015 17.35675 16.50555 20.11017 19.24701 18.409 23.02448 22.1441 26.5567 25.72235 24.84393 29.25214 28.37396 27.45984 31.11871 30.23315 35.20911 34.25995 33.35309 36.44073 35.30127 39.45795 38.30225 37.14124 38.70978 37.57025 36.41718 38.56763 37.56616 39.4035 38.47949 37.57941 37.32513 36.46265 35.60278 37.3703 36.51923 36.98218 36.07404 35.09064 35.02228 33.88727 33.8327 32.65381 31.49445 31.48511 30.35211 29.24774 29.66095 28.63129 27.49872 26.55731
9.85022 9.254517 10.70721 10.06488 9.363831 10.90771 10.10693 11.9834 11.16882 10.33777 12.31573 11.47003 10.57745 12.87726 12.01678 14.76044 13.93842 13.13751 16.41235 15.59253 14.75275 17.69635 16.85815 20.46356 19.60101 18.73737 23.37201 22.47516 26.8645 26.00037 25.15717 29.54846 28.66852 27.73584 31.37 30.49896 35.40436 34.47864 33.53748 36.59985 35.46973 39.6225 38.45471 37.27856 38.83466 37.6817 36.5484 38.63416 37.62195 39.44751 38.51526 37.62823 37.34662 36.48041 35.65472 37.39819 36.53888 37.01672 36.12024 35.14136 35.10602 33.95789 33.91797 32.7608 31.59802 31.61493 30.48602 29.39191 29.8064 28.77399 27.70233 26.73651
6.422485 5.71228 7.426025 6.797119 5.956909 7.815247 7.041077 9.121826 8.318481 7.513916 9.501404 8.686462 7.880371 9.793518 9.021851 11.25769 10.42206 9.653687 12.1637 11.35065 10.5332 13.26276 12.40656 15.7757 14.91803 14.01111 17.60266 16.74054 20.7406 19.83112 18.98608 23.08801 22.18829 21.26532 24.89539 23.92737 27.56897 26.62445 25.64508 29.07153 27.94061 30.43945 29.25848 28.06335 30.8858 29.70966 28.56409 30.52374 29.48889 31.16162 30.22784 29.32056 30.28827 29.41357 28.60297 29.96417 29.09778 29.32495 28.40417 27.42755 27.98505 26.90198 26.95416 25.84302 24.70972 25.01013 23.90509 22.82172 23.50122 22.50562 22.78278 21.85284
6.814697 6.011719 7.601196 6.912964 6.234009 8.093689 7.327454 9.429932 8.633667 7.761108 9.829163 9.037903 8.150574 10.28931 9.434082 11.64648 10.89337 10.10455 12.59656 11.77673 10.96271 13.69183 12.84961 16.23022 15.32916 14.43909 18.01416 17.10748 21.13635 20.19647 19.28375 23.36456 22.41266 21.42902 25.05188 24.2215 27.81952 26.8338 25.82867 29.25702 28.13629 30.60339 29.42102 28.21527 31.01837 29.8266 28.60938 30.5993 29.54358 31.1991 30.25549 29.34363 30.33002 29.4928 28.61615 29.98077 29.10956 29.30975 28.38739 27.42126 28.00317 26.90985 26.91608 25.91339 24.79498 25.06451 24.00336 22.89478 23.61047 22.61823 22.92059 21.99188
3.055908 2.231812 4.347656 3.705444 3.060059 5.205078 4.428711 6.509399 5.680298 4.848389 7.041931 6.221863 5.474792 7.803284 7.041016 9.385742 8.616394 7.868408 10.26581 9.432068 8.605774 11.30725 10.47192 13.38586 12.47778 11.57318 14.57019 13.60889 16.65521 15.73657 14.771 17.80798 16.90448 15.94617 19.19928 18.28339 21.75928 20.73254 19.70782 22.53497 21.41205 24.32159 23.13104 21.91571 24.31665 23.0415 21.85376 24.29572 23.23016 24.94623 23.9906 23.09869 24.82745 23.99323 23.12531 24.12079 23.22986 24.08136 23.15649 22.19141 23.0033 21.81219 22.12421 21.02917 19.94403 20.65491 19.55377 18.51166 19.21118 18.25507 18.66949 17.79028
3.411499 2.584473 4.829834 4.177979 3.494873 5.637817 4.880371 6.932861 6.115845 5.317749 7.487122 6.732605 6.001404 8.362976 7.648376 10.00256 9.239746 8.460022 10.88483 10.02307 9.190247 11.89825 11.0481 13.94897 13.0235 12.0722 15.06091 14.11047 17.10107 16.14935 15.14478 18.22516 17.11139 16.22485 19.52905 18.55542 21.90851 21.00092 19.95178 22.758 21.63116 24.53552 23.32013 22.09552 24.44049 23.19385 21.95502 24.34558 23.26379 24.98358 24.04138 23.13293 24.86237 24.02734 23.15509 23.89941 23.25928 24.10132 23.17957 22.20752 22.87262 21.84912 22.18243 21.08679 19.97662 20.70758 19.65338 18.61517 19.31921 18.39539 18.86804 18.00818
3.816772 3.229858 5.474731 4.833984 4.08313 6.236328 5.456543 7.505859 6.686401 5.800293 8.049622 7.313416 6.620056 9.042542 8.273926 10.7334 9.991394 9.19812 11.57471 10.7066 9.852478 12.54858 11.69037 14.57275 13.60095 12.64618 15.57996 14.60724 17.58832 16.59509 15.56763 18.53528 17.46021 16.46521 19.86261 18.83954 22.15692 21.16388 20.23547 23.02393 21.89709 24.81116 23.5932 22.32031 24.6496 23.35846 22.08228 24.41522 23.28961 25.05237 24.11823 23.1922 24.94513 24.07855 22.92493 23.9317 23.07562 24.12988 23.20514 22.07635 22.94476 21.92004 22.24091 21.15137 20.05719 20.80719 19.77417 18.73169 19.43817 18.55963 19.05823 18.23322
0.7266846 0.1628418 2.614014 1.930664 1.280762 3.478516 2.625854 4.927002 3.982422 3.127319 5.446655 4.74707 4.126709 6.613586 5.979553 8.492432 7.761719 6.964722 9.463074 8.56958 7.682617 10.42139 9.534973 12.37 11.40405 10.41888 13.35132 12.30414 15.25555 14.21631 13.15063 15.94055 14.83936 13.77185 16.45935 15.66016 18.19812 17.20911 16.16913 18.70044 17.62915 19.9328 18.677 17.41168 19.47125 18.15979 16.82672 19.02716 17.82855 20.04504 19.12683 18.03796 20.00122 18.8905 17.97272 19.36566 18.50891 19.46497 18.59131 17.64954 18.48175 17.42792 18.10138 17.02112 15.95526 16.61743 15.55981 14.56104 15.505 14.63269 15.25348 14.47357
1.315552 0.9702148 3.382324 2.831543 2.230713 4.296143 3.535034 5.737183 4.831177 3.880981 6.174683 5.540283 4.986572 7.561462 6.969055 9.503784 8.765747 7.985718 10.47351 9.584351 8.681213 11.32928 10.36053 13.18237 12.1795 11.14807 14.03925 12.9801 15.81085 14.79901 13.64978 16.34906 15.23267 14.15491 16.82104 15.80139 18.54327 17.48901 16.47351 19.02625 17.9447 20.23773 18.98248 17.69794 19.70367 18.38 17.11505 19.17987 18.05713 20.18378 19.18835 18.18524 19.91205 18.9826 18.0658 19.41785 18.54553 19.50702 18.69763 17.82953 18.59753 17.50653 18.17621 17.11444 16.08691 16.7442 15.76013 14.77496 15.755 14.8894 15.53864 14.79651
0 0 0.2510986 0 0 1.750732 0.958252 3.274536 2.29187 1.247192 3.628906 3.097046 2.6698 5.436218 4.82074 7.460144 6.744446 5.937683 8.473206 7.565796 6.628357 9.063721 8.062134 10.82623 9.775696 8.717529 11.60217 10.43042 13.34723 12.16272 11.04022 13.54498 12.38666 11.25873 13.81042 12.88544 15.58905 14.61676 13.56433 16.1756 15.0921 17.47424 16.21716 14.89716 17.09137 15.77045 14.41858 16.39355 15.13464 17.07233 16.04767 15.0025 16.4201 15.44531 14.50085 15.54865 14.61346 15.70471 14.90149 14.06952 14.953 13.86523 14.31891 13.2995 12.26733 13.14288 12.19757 11.27344 12.10559 11.27979 12.41022 11.70416
0 0 1.470093 1.073364 0.5942383 3.09729 2.3573 4.675415 3.65686 2.496704 4.593384 4.366943 4.019043 6.804626 6.176941 8.823425 8.06427 7.242981 9.744385 8.801636 7.78595 10.23694 9.141663 11.841 10.74255 9.619385 12.43115 11.2807 14.14465 12.90314 11.64166 14.1496 12.91486 11.7392 14.37732 13.34125 16.03021 14.99567 14.0033 16.58685 15.4635 17.85352 16.59082 15.26898 17.45911 16.14374 14.80334 16.75635 15.45142 17.3634 16.32257 15.25049 16.62451 15.60101 14.59564 15.5874 14.65656 15.67755 14.81073 13.90631 14.88483 13.86487 14.38043 13.36798 12.42261 13.34802 12.44568 11.52991 12.45233 11.62054 12.7431 12.08728
0.4796143 0.07495117 2.923096 2.62207 2.206299 4.810669 -9999 -9999 -9999 -9999 -9999 -9999 -9999 8.378601 7.764099 10.34747 9.547424 8.675232 11.13391 10.11279 9.072754 11.4754 10.36267 12.98883 11.79669 10.61493 13.4223 12.2041 15.01263 13.72015 12.39435 14.77875 13.49054 12.33472 14.89453 13.87231 16.55444 15.50018 14.49005 17.05414 15.89368 18.2746 16.99908 15.69556 17.87329 16.5509 15.24628 17.00879 15.84076 17.72437 16.66266 15.58722 16.87347 15.78412 14.70325 15.65741 14.66772 15.63947 14.7041 13.7605 14.80237 13.87122 14.40082 13.49286 12.61017 13.58612 12.68182 11.87805 12.83881 12.04028 -9999 -9999
0 0 0.7866211 0.536499 -9999 -9999 -9999 -9999 -9999 -9999 -9999 -9999 -9999 -9999 -9999 8.529236 7.663269 6.716125 9.076538 8.024902 6.939941 9.336975 8.169922 10.66211 9.40448 8.169495 10.87695 9.619385 12.30731 10.96899 9.591187 11.99707 10.56061 9.317688 11.83771 10.8205 13.61658 12.59839 11.487 14.09302 12.90179 15.47681 14.19946 12.88953 -9999 -9999 -9999 -9999 -9999 -9999 -9999 -9999 -9999 -9999 -9999 -9999 -9999 -9999 -9999 -9999 -9999 10.92017 11.42236 10.54907 9.729004 10.73157 9.963013 -9999 -9999 -9999 -9999 -9999
0.619873 -9999 -9999 -9999 -9999 -9999 -9999 -9999 -9999 -9999 -9999 -9999 -9999 -9999 -9999 -9999 -9999 8.37262 10.67712 9.576294 8.432129 10.77301 9.554626 11.95917 10.69635 9.439148 -9999 -9999 -9999 -9999 -9999 -9999 -9999 10.26514 12.7204 11.67041 14.45288 13.33875 -9999 -9999 -9999 -9999 -9999 -9999 -9999 -9999 -9999 -9999 -9999 -9999 -9999 -9999 -9999 -9999 -9999 -9999 -9999 -9999 -9999 -9999 -9999 -9999 -9999 -9999 -9999 -9999 -9999 -9999 -9999 -9999 -9999 -9999
-9999 -9999 -9999 -9999 -9999 -9999 -9999 -9999 -9999 -9999 -9999 -9999 -9999 -9999 -9999 -9999 -9999 -9999 -9999 11.2135 10.0072 12.29376 10.9278 13.36475 -9999 -9999 -9999 -9999 -9999 -9999 -9999 -9999 -9999 -9999 -9999 -9999 -9999 -9999 -9999 -9999 -9999 -9999 -9999 -9999 -9999 -9999 -9999 -9999 -9999 -9999 -9999 -9999 -9999 -9999 -9999 -9999 -9999 -9999 -9999 -9999 -9999 -9999 -9999 -9999 -9999 -9999 -9999 -9999 -9999 -9999 -9999 -9999
-9999 -9999 -9999 -9999 -9999 -9999 -9999 -9999 -9999 -9999 -9999 -9999 -9999 -9999 -9999 -9999 -9999 -9999 -9999 -9999 -9999 -9999 -9999 -9999 -9999 -9999 -9999 -9999 -9999 -9999 -9999 -9999 -9999 -9999 -9999 -9999 -9999 -9999 -9999 -9999 -9999 -9999 -9999 -9999 -9999 -9999 -9999 -9999 -9999 -9999 -9999 -9999 -9999 -9999 -9999 -9999 -9999 -9999 -9999 -9999 -9999 -9999 -9999 -9999 -9999 -9999 -9999 -9999 -9999 -9999 -9999 -9999
-9999 -9999 -9999 -9999 -9999 -9999 -9999 -9999 -9999 -9999 -9999 -9999 -9999 -9999 -9999 -9999 -9999 -9999 -9999 -9999 -9999 -9999 -9999 -9999 -9999 -9999 -9999 -9999 -9999 -9999 -9999 -9999 -9999 -9999 -9999 -9999 -9999 -9999 -9999 -9999 -9999 -9999 -9999 -9999 -9999 -9999 -9999 -9999 -9999 -9999 -9999 -9999 -9999 -9999 -9999 -9999 -9999 -9999 -9999 -9999 -9999 -9999 -9999 -9999 -9999 -9999 -9999 -9999 -9999 -9999 -9999 -9999
-9999 -9999 -9999 -9999 -9999 -9999 -9999 -9999 -9999 -9999 -9999 -9999 -9999 -9999 -9999 -9999 -9999 -9999 -9999 -9999 -9999 -9999 -9999 -9999 -9999 -9999 -9999 -9999 -9999 -9999 -9999 -9999 -9999 -9999 -9999 -9999 -9999 -9999 -9999 -9999 -9999 -9999 -9999 -9999 -9999 -9999 -9999 -9999 -9999 -9999 -9999 -9999 -9999 -9999 -9999 -9999 -9999 -9999 -9999 -9999 -9999 -9999 -9999 -9999 -9999 -9999 -9999 -9999 -9999 -9999 -9999 -9999
-9999 -9999 -9999 -9999 -9999 -9999 -9999 -9999 -9999 -9999 -9999 -9999 -9999 -9999 -9999 -9999 -9999 -9999 -9999 -9999 -9999 -9999 -9999 -9999 -9999 -9999 -9999 -9999 -9999 -9999 -9999 -9999 -9999 -9999 -9999 -9999 -9999 -9999 -9999 -9999 -9999 -9999 -9999 -9999 -9999 -9999 -9999 -9999 -9999 -9999 -9999 -9999 -9999 -9999 -9999 -9999 -9999 -9999 -9999 -9999 -9999 -9999 -9999 -9999 -9999 -9999 -9999 -9999 -9999 -9999 -9999 -9999
-9999 -9999 -9999 -9999 -9999 -9999 -9999 -9999 -9999 -9999 -9999 -9999 -9999 -9999 -9999 -9999 -9999 -9999 -9999 -9999 -9999 -9999 -9999 -9999 -9999 -9999 -9999 -9999 -9999 -9999 -9999 -9999 -9999 -9999 -9999 -9999 -9999 -9999 -9999 -9999 -9999 -9999 -9999 -9999 -9999 -9999 -9999 -9999 -9999 -9999 -9999 -9999 -9999 -9999 -9999 -9999 -9999 -9999 -9999 -9999 -9999 -9999 -9999 -9999 -9999 -9999 -9999 -9999 -9999 -9999 -9999 -9999
-9999 -9999 -9999 -9999 -9999 -9999 -9999 -9999 -9999 -9999 -9999 -9999 -9999 -9999 -9999 -9999 -9999 -9999 -9999 -9999 -9999 -9999 -9999 -9999 -9999 -9999 -9999 -9999 -9999 -9999 -9999 -9999 -9999 -9999 -9999 -9999 -9999 -9999 -9999 -9999 -9999 -9999 -9999 -9999 -9999 -9999 -9999 -9999 -9999 -9999 -9999 -9999 -9999 -9999 -9999 -9999 -9999 -9999 -9999 -9999 -9999 -9999 -9999 -9999 -9999 -9999 -9999 -9999 -9999 -9999 -9999 -9999
-9999 -9999 -9999 -9999 -9999 -9999 -9999 -9999 -9999 -9999 -9999 -9999 -9999 -9999 -9999 -9999 -9999 -9999 -9999 -9999 -9999 -9999 -9999 -9999 -9999 -9999 -9999 -9999 -9999 -9999 -9999 -9999 -9999 -9999 -9999 -9999 -9999 -9999 -9999 -9999 -9999 -9999 -9999 -9999 -9999 -9999 -9999 -9999 -9999 -9999 -9999 -9999 -9999 -9999 -9999 -9999 -9999 -9999 -9999 -9999 -9999 -9999 -9999 -9999 -9999 -9999 -9999 -9999 -9999 -9999 -9999 -9999
-9999 -9999 -9999 -9999 -9999 -9999 -9999 -9999 -9999 -9999 -9999 -9999 -9999 -9999 -9999 -9999 -9999 -9999 -9999 -9999 -9999 -9999 -9999 -9999 -9999 -9999 -9999 -9999 -9999 -9999 -9999 -9999 -9999 -9999 -9999 -9999 -9999 -9999 -9999 -9999 -9999 -9999 -9999 -9999 -9999 -9999 -9999 -9999 -9999 -9999 -9999 -9999 -9999 -9999 -9999 -9999 -9999 -9999 -9999 -9999 -9999 -9999 -9999 -9999 -9999 -9999 -9999 -9999 -9999 -9999 -9999 -9999
-9999 -9999 -9999 -9999 -9999 -9999 -9999 -9999 -9999 -9999 -9999 -9999 -9999 -9999 -9999 -9999 -9999 -9999 -9999 -9999 -9999 -9999 -9999 -9999 -9999 -9999 -9999 -9999 -9999 -9999 -9999 -9999 -9999 -9999 -9999 -9999 -9999 -9999 -9999 -9999 -9999 -9999 -9999 -9999 -9999 -9999 -9999 -9999 -9999 -9999 -9999 -9999 -9999 -9999 -9999 -9999 -9999 -9999 -9999 -9999 -9999 -9999 -9999 -9999 -9999 -9999 -9999 -9999 -9999 -9999 -9999 -9999
