SEB_model/sample_data_files/59_thickness_5m.txt
ncols         475
nrows         344
xllcorner     388726.00889408
yllcorner     7584415.1517739
cellsize      5
NODATA_value  -9999
[rows 64 to 95 of 344, columns 216 to 287 of 475]
-9999 -9999 -9999 -9999 -9999 -9999 -9999 -9999 -9999 -9999 -9999 -9999 -9999 -9999 -9999 -9999 -9999 0 0 0 0 0 0 0 0 0 0 0 0 0 0 0 -9999 -9999 -9999 -9999 -9999 -9999 -9999 -9999 -9999 -9999 -9999 -9999 -9999 7.207031 5.209717 8.699341 6.556152 9.722412 7.568604 5.433105 8.409424 6.788086 5.270996 8.665405 7.259033 10.37244 8.898926 7.432861 10.46008 9.349731 12.23608 11.1394 9.978638 13.02307 11.76465 10.59973 13.62891 12.47656 15.61487 14.44836
-9999 -9999 -9999 -9999 2.130859 6.421143 3.864502 1.499023 7.184082 -9999 -9999 -9999 -9999 -9999 -9999 -9999 0 0 2.550171 0 0 0.5268555 0 0.9588623 0 0 1.397949 0 4.437622 2.060913 0 4.139404 1.743408 -9999 -9999 -9999 -9999 -9999 -9999 -9999 -9999 -9999 8.60022 6.754883 9.838867 8.157471 6.460205 10.60864 8.764526 12.48206 10.46912 8.637695 11.73511 10.30322 8.96936 12.18738 10.81995 14.04968 12.4032 11.07861 13.71753 12.61914 15.61035 14.55896 13.49011 16.31189 15.23682 14.09814 16.75806 15.63269 18.31311 17.11414
-9999 -9999 1.486694 0 0 0 0 0 0.5424805 0 1.782227 0 -9999 -9999 -9999 0 0 0 0 0 0 0 0 0 0 0 0 0 1.033203 0 0 0.6954346 0 0 -9999 -9999 -9999 -9999 -9999 -9999 2.232666 1.131104 5.048584 3.469727 6.605347 4.581787 3.151978 7.537354 5.959351 9.857544 8.237427 6.459595 9.818115 8.343872 7.012573 10.46606 8.929321 12.18225 10.76379 9.413086 12.14331 11.03967 13.96484 12.94226 11.91797 14.78931 13.75952 12.63696 15.31433 14.19006 16.8468 15.64758
-9999 0 0 0 0 0 0 0 0 0 0 0 0 0 0 0 0 0 0 0 0 0 0 0 0 0 0 0 0 0 0 0 0 0 0 0 0 0 0 0.4730225 0 0 2.078247 0.6898193 3.761108 2.0354 0.5092773 4.939087 3.414673 7.700562 6.091797 4.483887 8.004639 6.674194 5.385254 8.638306 7.314453 10.44189 9.116943 7.817993 10.62073 9.497192 12.46643 11.40784 10.40088 13.3363 12.30518 11.2207 13.94006 12.81042 15.48389 14.29932
-9999 0 1.360596 0 0 0.8625488 0 0 1.282837 0 2.993774 0 0 0 0 2.741943 0 0 1.4823 0 0 0.9234619 0 1.904297 0 0 2.873535 0.5224609 4.052246 1.334106 0 2.283203 0 0 1.643433 0.1489258 4.304688 2.817139 1.057373 5.015259 3.871338 2.661865 6.277344 4.782104 8.170044 6.565552 5.094849 8.836304 7.6604 11.3927 9.90918 8.420898 11.80396 10.45007 9.153564 12.42993 11.11206 14.15198 12.86255 11.59705 14.44812 13.30713 16.03943 15.03906 14.07129 16.63611 15.62598 14.59265 16.96326 15.86865 17.77917 16.64038
0 0 0 0 0 0 0 0 0 0 0 0 0 0 0 0 0 0 0 0 0 0 0 0 0 0 0.3125 0 1.273071 0 0 0 0 0 0 0 2.173462 0.4925537 0 2.981812 1.775635 0.5001221 4.095215 2.590698 6.062134 4.573242 3.057373 7.085693 5.636108 9.455444 8.028442 6.645874 10.10791 8.805298 7.55603 10.83606 9.591064 12.61792 11.36926 10.13599 12.99048 11.88574 14.62268 13.64685 12.69568 15.2915 14.29883 13.27771 15.69714 14.63306 16.59753 15.52637
0.1662598 0 2.460205 0.4484863 0 3.213013 1.029907 0 4.081543 1.157837 6.062378 2.395142 0 3.896118 1.005127 6.879395 3.922974 0.947876 6.82666 4.157104 1.299316 5.580566 2.88208 6.863647 5.039429 3.237915 7.049561 4.686035 7.279297 4.279053 1.534058 4.750122 2.564087 0.625 4.59729 3.208618 7.269531 5.939697 4.320435 8.053589 6.730713 5.368408 9.083496 7.593628 11.07324 9.569336 8.070313 11.63623 10.2373 13.354 11.9967 10.66504 13.98792 12.76587 11.53076 14.68762 13.43835 16.38086 15.14575 13.93835 16.7804 15.67908 18.18274 17.25757 16.31958 18.55139 17.53223 16.54382 18.14111 17.14417 18.89526 17.90442
0 0 0 0 0 0 0 0 0 0 1.985962 0 0 0.5229492 0 3.740234 0.670166 0 3.768188 1.144409 0 2.714478 0 4.273193 2.602783 0.8431396 4.687256 2.59021 4.762085 1.388916 0 2.207642 0.2722168 0 2.644409 1.312866 5.377563 4.117798 2.589722 6.321533 5.031128 3.709717 7.390137 6.098511 9.502441 7.944824 6.389282 9.895996 8.480469 11.72937 10.41504 9.051636 12.45203 11.24121 10.09094 13.24719 12.07202 15.01904 13.83521 12.64941 15.50342 14.42627 16.9436 16.04211 15.10876 17.35425 16.39758 15.39282 17.02136 16.0719 17.90503 16.99353
0 0 0 0 0 0 0 0 0 0 0 0 0 0 0 0.479248 0 0 0.7148438 0 0 0.21875 0 2.073242 0.3138428 0 2.150757 0 1.835205 0 0 0 0 0 0.7498779 0 3.630981 2.405151 1.238281 5.055054 3.53418 2.22644 5.903809 4.588501 8.073486 6.51709 5.011719 8.314087 6.914307 10.05713 8.796143 7.585815 10.95691 9.867798 8.692261 11.8916 10.74438 13.77869 12.60767 11.47729 14.39819 13.35815 15.8678 14.92468 13.99194 16.24939 15.30896 14.3584 15.99951 15.07007 17.00964 16.18994
0 0 0 0 0 0.9222412 0 0 0.4034424 0 2.91333 0.2700195 0 3.153442 0.7735596 7.213745 4.604492 2.046631 8.515259 5.930786 3.528076 8.621094 6.550049 9.641724 7.741333 5.653076 8.222046 5.497314 7.342896 4.23584 2.049072 5.43335 3.806274 2.359253 6.02063 4.846558 8.581421 7.467773 6.31543 10.00049 8.727661 7.291138 10.9624 9.644043 13.28882 11.76758 10.19482 13.047 11.48352 14.07422 12.90112 11.79663 14.78162 13.63 12.50244 15.57666 14.46826 17.68213 16.59106 15.53967 18.32239 17.29724 19.46826 18.53076 17.57263 19.19568 18.27539 17.34973 18.55774 17.66211 19.54272 18.78894
0 0 0 0 0 0 0 0 0 0 0 0 0 0 0 3.787964 1.498535 0 5.670044 3.215088 1.092285 6.370605 4.328857 7.52124 5.81897 3.29834 5.601563 2.938599 5.216553 2.589722 0.3673096 3.627319 1.954712 0.6286621 4.421021 3.318604 7.148682 6.077759 4.970825 8.637817 7.438477 6.181396 9.862183 8.421021 12.08411 10.55688 9.001831 11.81873 10.21838 12.78113 11.63416 10.5238 13.46875 12.35986 11.25598 14.37061 13.31104 16.56824 15.55798 14.53394 17.36438 16.37048 18.52673 17.58679 16.66467 18.27307 17.38196 16.50049 17.78918 16.97388 18.83081 18.11096
0 0 0 0 0 0.7637939 0 0 0.5289307 0 2.779175 0.8563232 0 5.273682 3.092651 9.370972 7.321533 5.120239 11.22656 8.981812 6.901123 11.91724 9.825195 13.16162 11.15723 8.78186 11.08911 8.727295 10.8822 8.557007 6.436157 8.987427 7.204834 6.067505 9.517212 8.501709 12.00293 10.93225 9.835693 13.36487 12.16113 10.95581 14.41687 13.01782 16.46069 14.9635 13.42786 16.02332 14.47131 16.73669 15.45203 14.26099 16.98535 15.87952 14.81165 17.77112 16.75549 19.95154 18.96423 17.99829 21.13977 20.15967 21.49048 20.53015 19.61096 20.89014 20.01477 19.20569 20.40759 19.63123 21.23364 20.50964
0 0 0 0 0 0 0 0 0 0 0 0 0 1.784424 0 6.241699 4.38208 2.488159 8.822998 6.774658 4.730225 9.634277 7.387817 10.40747 8.065674 5.92041 8.633545 6.542847 8.990967 6.932251 4.987671 7.725342 6.169067 4.942993 8.435425 7.401855 10.87915 9.758179 8.66626 12.19312 11.08008 9.844849 13.34521 11.95874 15.44556 13.9928 12.49304 15.12451 13.61511 15.84082 14.48865 13.19727 15.87793 14.76941 13.72754 16.73425 15.78845 18.99805 18.07239 17.12122 20.29443 19.35193 20.68579 19.75488 18.81848 20.10986 19.33582 18.53674 19.78064 19.05383 20.66162 19.99512
0 0 0 0 0 0 0 0 0 0 0 0 0 0 0 3.284424 1.68042 0.04248047 6.577271 4.653687 2.63623 7.470215 4.960938 7.618652 4.974854 3.230103 6.329956 4.53833 7.288452 5.447998 3.73584 6.598389 5.206543 3.994751 7.389404 6.338013 9.817261 8.749023 7.608643 11.20947 10.04956 8.838867 12.33191 10.99695 14.53491 13.13086 11.6825 14.32031 12.78308 14.98804 13.56128 12.23315 14.84106 13.71619 12.71252 15.80151 14.85547 18.13867 17.24121 16.33557 19.52197 18.60571 19.96631 19.03381 18.0946 19.38757 18.66077 17.94067 19.21326 18.5199 20.13928 19.51147
0 0 0 0 0 0 0 0 0 0 1.206055 0 0 3.859619 2.209717 8.433838 6.980713 5.459229 11.35913 9.403564 7.227539 11.54529 9.019897 12.25171 9.762085 8.069458 11.45947 9.864624 12.31653 10.66858 9.116577 11.81836 10.5592 9.349976 12.37219 11.30835 14.3385 13.27075 12.2395 15.46631 14.29285 13.06689 16.25256 14.92773 18.00024 16.65845 15.27002 17.61633 16.05603 18.25854 16.80945 15.40466 17.79321 16.68298 15.76355 18.63013 17.74548 20.54968 19.68896 18.83679 21.28064 20.36414 22.12964 21.23608 20.32971 21.69019 20.97119 20.2876 21.46082 20.76367 22.2312 21.59851
0 0 0 0 0 0 0 0 0 0 0 0 0 1.219604 0 6.135132 4.734619 3.334717 9.327393 7.273193 5.008423 9.299072 6.948242 10.43823 8.370605 6.580078 9.890259 8.354004 10.94824 9.392334 7.997681 10.83008 9.61145 8.440674 11.49048 10.44983 13.51099 12.45935 11.33032 14.58093 13.38147 12.14978 15.37122 14.09436 17.14417 15.81543 14.4292 16.79761 15.24744 17.45166 15.98779 14.56628 16.88611 15.81177 14.94019 17.8562 17.01025 19.86414 19.04883 18.19666 20.66638 19.81128 21.60718 20.73596 19.88794 21.28564 20.54407 19.84473 21.01904 20.36072 21.79846 21.17102
0 0 0 0 0 0 0 0 0 0 0 0 0 0 0 3.94458 2.543945 1.110229 7.022705 4.982178 2.730225 7.182861 5.080444 8.842285 6.926636 5.235718 8.581543 7.088135 9.75 8.333008 7.023926 9.889038 8.694824 7.570801 10.6344 9.607056 12.69678 11.64673 10.4906 13.69971 12.50671 11.30957 14.5304 13.26538 16.34106 14.96838 13.54297 15.97717 14.45898 16.68713 15.25146 13.87988 16.30493 15.21594 14.3219 17.20007 16.35876 19.25012 18.44824 17.61914 20.11292 19.28845 21.15173 20.32056 19.48633 20.91309 20.17285 19.46997 20.62842 19.96704 21.46826 20.77734
0 0 0 0 0 0 0 0 0 0 2.336792 0.8239746 0 4.819092 3.422485 8.862549 7.460449 5.889893 11.04907 9.018677 6.901978 10.96631 9.111084 13.04065 11.34778 9.684448 12.97473 11.58057 14.30505 13.00317 11.73926 14.44629 13.23096 12.12659 15.12537 14.11951 17.13599 16.07593 14.9353 17.36719 16.21619 15.00732 17.93408 16.64404 19.19971 17.81055 16.36938 18.76648 17.29565 19.57239 18.18237 16.89087 19.18213 18.12305 17.18188 19.6073 18.76331 21.03809 20.25061 19.4469 21.61499 20.84619 22.61536 21.82935 21.00818 22.59363 21.85925 21.14417 22.68213 21.97986 23.24426 22.60291
0 0 0 0 0 0 0 0 0 0 0.144043 0 0 2.669434 1.41394 6.818481 5.382813 3.751709 8.859375 6.819946 4.638916 9.10022 7.508667 11.59912 10.05432 8.544067 11.99707 10.5509 13.37231 12.12854 10.89392 13.63867 12.50281 11.38477 14.38599 13.34546 16.32214 15.25024 14.1438 16.59399 15.42065 14.25989 17.16626 15.91113 18.42407 17.03748 15.61914 18.02148 16.58508 18.90442 17.55457 16.30164 18.66321 17.63831 16.68945 19.11914 18.28015 20.54407 19.76318 18.98083 21.20325 20.44067 22.24023 21.46399 20.67407 22.26245 21.52185 20.81152 22.34753 21.68347 22.90393 22.24341
0 0 0 0 0 1.056519 0 0 3.201904 1.821777 6.404785 4.972412 3.574707 8.471558 7.255249 11.84875 10.3407 8.72937 12.92114 11.02002 9.157837 13.10498 11.56116 15.16113 13.70361 12.31885 15.69531 14.42383 17.18372 15.9646 14.76062 17.6897 16.57556 15.47375 18.23083 17.1676 19.58704 18.51599 17.43018 19.88501 18.76038 17.55237 19.98254 18.7052 21.13904 19.74719 18.33972 20.60205 19.18262 21.30859 19.95447 18.76025 20.90503 19.9126 18.99353 21.10925 20.27344 22.29077 21.50989 20.72388 22.72461 21.98999 23.62317 22.85242 22.06909 23.57776 22.82495 22.13281 23.71204 23.05029 24.59509 23.8772
0 0 0 0 0 0 0 0 1.387573 0.08117676 4.596558 3.202515 1.826172 6.776733 5.614746 10.22253 8.72168 7.104736 11.43823 9.665161 7.97583 11.95874 10.38367 14.01843 12.59619 11.24976 14.73926 13.53137 16.34741 15.18396 14.04175 16.98254 15.88489 14.78162 17.50354 16.47107 18.89478 17.81946 16.72363 19.20862 18.06055 16.88306 19.29541 18.03577 20.45508 19.07617 17.67566 19.9679 18.60657 20.73523 19.43604 18.29333 20.45667 19.49414 18.5752 20.70508 19.87378 21.86963 21.10632 20.37976 22.32385 21.60132 23.24402 22.49683 21.72986 23.25647 22.55005 21.86157 23.41418 22.75269 24.29712 23.6488
0 0 0 0 0 0 0 0 0 0 3.008911 1.72168 0.4465332 5.401001 4.177002 8.745728 7.318481 5.8125 10.09583 8.427979 6.835815 10.83264 9.3479 12.99072 11.6167 10.33191 13.8728 12.7323 15.59558 14.47485 13.36401 16.35352 15.2561 14.16382 16.91248 15.84277 18.25269 17.17468 16.07373 18.5509 17.40906 16.24475 18.63391 17.35168 19.79858 18.43872 17.0636 19.39294 18.04248 20.2522 19.01526 17.89404 20.06177 19.10083 18.18738 20.32727 19.48792 21.47632 20.72571 19.97815 21.97546 21.24158 22.86597 22.14331 21.40027 22.94604 22.25354 21.57678 23.16528 22.47314 24.01831 23.40552
3.128174 1.347046 3.945679 2.567749 1.353271 5.115479 3.852905 2.567627 6.522583 5.17688 9.463501 8.269043 7.089966 11.27466 10.01123 13.96643 12.54712 11.08911 14.60107 12.97412 11.43103 14.71277 13.30127 16.75891 15.42822 14.20386 17.29041 16.20166 19.21716 18.12854 17.06995 19.78113 18.73499 17.59875 20.25366 19.19458 21.51709 20.43103 19.31921 21.37952 20.21643 19.03003 21.41357 20.11951 22.41345 21.07153 19.73511 21.83057 20.51477 22.38501 21.20544 20.12195 21.96704 20.98938 20.09717 21.98364 21.13708 23.08203 22.27832 21.50952 23.36975 22.64124 24.26685 23.5542 22.85779 24.10767 23.42883 22.75989 24.14697 23.49304 24.89099 24.23938
1.617676 0 2.752686 1.337036 0.09924316 3.812622 2.561401 1.2771 5.259644 4.027588 8.34021 7.167603 5.974976 10.1582 8.924683 12.87427 11.48584 9.987671 13.57922 11.94751 10.41528 13.72803 12.31201 15.86841 14.65454 13.48975 16.60144 15.59473 18.59644 17.55579 16.55762 19.29199 18.20435 17.1106 19.76038 18.68567 21.00903 19.89941 18.78735 20.83008 19.66809 18.4541 20.83374 19.55273 21.85876 20.53442 19.19946 21.31726 20.01514 21.91077 20.81189 19.75012 21.61438 20.68005 19.79089 21.65662 20.84094 22.73926 21.93677 21.16357 23.0022 22.30994 23.94189 23.23987 22.56042 23.85986 23.15735 22.50012 23.89404 23.26062 24.65295 23.9928
9.309814 7.89978 10.35132 8.999512 7.717896 10.9884 9.717651 8.430176 12.29272 11.06287 14.83057 13.64758 12.47607 15.7594 14.51782 17.32495 15.95105 14.42688 17.60242 16.03101 14.48877 17.44067 15.99414 19.00476 17.89783 16.82703 20.10388 19.08337 21.88403 20.8927 19.89514 22.32227 21.23828 20.17737 22.61121 21.49817 23.61035 22.53333 21.39209 23.57288 22.38367 21.15979 23.4248 22.14673 24.22998 22.92639 21.61743 23.43542 22.15723 23.7876 22.73694 21.7074 23.3219 22.39856 21.50952 23.30103 22.4325 24.23267 23.41553 22.60742 24.04944 23.37268 25.06201 24.39734 23.70752 25.19617 24.54541 23.83923 25.0072 24.36475 25.72009 25.03369
8.059814 6.698242 9.348755 7.917725 6.647827 9.911377 8.680664 7.469849 11.31567 10.12939 13.93042 12.75586 11.56006 14.87048 13.61121 16.39392 14.98938 13.51904 16.71423 15.17834 13.70056 16.67773 15.25757 18.31018 17.26282 16.23938 19.56897 18.55615 21.4231 20.46875 19.4281 21.86377 20.80798 19.74585 22.18616 21.08777 23.21326 22.09033 20.97876 23.13574 21.91919 20.68286 22.93945 21.65344 23.74988 22.47583 21.17004 23.03845 21.80652 23.4696 22.39819 21.396 23.04065 22.09863 21.24768 23.00757 22.17261 23.9425 23.12927 22.34253 23.79333 23.10461 24.81934 24.13977 23.49121 24.953 24.30811 23.65027 24.77795 24.13989 25.51953 24.87463
6.880371 5.557617 8.30542 7.012329 5.683105 8.923462 7.729004 6.55127 10.41406 9.2677 13.07935 11.9259 10.74939 14.10791 12.81885 15.51917 14.11353 12.67249 15.91382 14.40686 12.96936 16.07776 14.7605 17.80078 16.7627 15.73108 19.08215 18.14502 21.03796 20.03784 19.01587 21.48047 20.42505 19.3595 21.79968 20.72168 22.82385 21.72705 20.5741 22.73865 21.5072 20.2489 22.48511 21.19592 23.31482 22.03223 20.77393 22.65979 21.46777 23.15918 22.10132 21.11572 22.75452 21.84668 20.97644 22.74182 21.9021 23.69714 22.91382 22.12988 23.58875 22.89612 24.59106 23.93445 23.26428 24.75 24.10779 23.43311 24.58215 23.94165 25.30298 24.66577
13.20044 11.92969 14.31555 13.04919 11.78552 15.10852 13.94202 12.77271 16.87732 15.69287 18.93018 17.80688 16.64893 18.77136 17.52014 19.82336 18.38892 16.97351 19.45667 18.026 16.63293 19.4574 18.22229 21.32849 20.29346 19.29272 22.30542 21.39697 24.02063 23.0011 22.02466 24.26672 23.21448 22.15283 24.37585 23.29712 25.55078 24.41565 23.25378 25.16711 23.93884 22.66516 24.79492 23.51526 25.52649 24.25159 23.01782 24.64978 23.48877 24.86328 23.82434 22.84387 24.36353 23.47656 22.60803 24.21155 23.39539 24.83972 24.05603 23.28479 24.60156 23.90393 25.51355 24.84106 24.1936 25.68921 25.0625 24.42322 25.7627 25.13159 26.11841 25.51465
12.27771 11.02441 13.43176 12.18103 10.95264 14.28455 13.12036 11.98523 16.09241 15.01013 18.21826 17.10291 16.00549 18.08423 16.78772 19.09961 17.68225 16.2439 18.77148 17.40295 16.03442 18.91882 17.75745 20.89868 19.87341 18.90564 21.97571 21.03259 23.66431 22.71924 21.70691 23.95776 22.90735 21.83606 24.08752 22.99146 25.22424 24.0769 22.9104 24.82214 23.55859 22.27063 24.39392 23.09131 25.09814 23.82849 22.61707 24.27979 23.14429 24.55188 23.5365 22.56067 24.10217 23.21082 22.36401 23.98926 23.17346 24.64429 23.86194 23.10095 24.41797 23.71863 25.32581 24.66357 24.00134 25.52698 24.86145 24.24695 25.5708 24.93115 25.98682 25.3092
11.47522 10.21729 12.63733 11.43311 10.19702 13.54468 12.38 11.24451 15.36853 14.27222 17.54016 16.4375 15.33923 17.46899 16.09448 18.41028 16.99414 15.58533 18.14185 16.74683 15.44849 18.42041 17.30859 20.49243 19.5011 18.63257 21.67004 20.73535 23.38318 22.42883 21.47168 23.68188 22.62573 21.55542 23.8009 22.71277 24.92224 23.77673 22.61597 24.4895 23.21106 21.90857 24.0094 22.68091 24.67761 23.41663 22.21838 23.90942 22.8219 24.24487 23.24023 22.29358 23.8512 22.96973 22.12146 23.82178 23.00366 24.44043 23.6665 22.92798 24.25659 23.54736 25.15259 24.48938 23.83789 25.34766 24.74292 24.06555 25.41907 24.7793 25.79651 25.13293
16.0896 14.88525 17.51294 16.28223 15.05786 18.23584 17.06714 15.91638 19.56787 18.46313 21.33801 20.22229 19.07532 21.00244 19.6676 21.68604 20.29761 18.9491 21.33728 19.95679 18.68201 21.46252 20.4176 23.33044 22.39282 21.4906 24.4928 23.60083 25.87183 24.9458 23.99329 25.91553 24.83459 23.77698 25.81262 24.70593 26.72119 25.56909 24.4021 26.51184 25.21497 23.8822 25.9187 24.58618 26.59192 25.32617 24.13477 25.60425 24.5509 25.69763 24.73438 23.79614 25.23193 24.35132 23.58984 24.97498 24.15259 25.47327 24.69885 23.97644 25.24695 24.54321 25.91833 25.25476 24.60181 26.10815 25.45166 24.81201 26.20496 25.55164 26.46643 25.7915
15.38281 14.2262 16.85168 15.64673 14.43347 17.62268 16.41858 15.30811 18.90894 17.81848 20.6134 19.47961 18.3457 20.24768 18.96106 21.0293 19.71753 18.37366 20.81665 19.51489 18.30627 21.07324 20.05444 23.01306 22.06238 21.16602 24.19385 23.3009 25.58923 24.7085 23.76379 25.66479 24.599 23.51599 25.55994 24.46802 26.49524 25.34851 24.15784 26.26599 24.93726 23.57544 25.57971 24.20068 26.20129 24.90454 23.72388 25.21936 24.17358 25.3866 24.45789 23.54102 24.99023 24.16357 23.40039 24.78601 23.99084 25.30872 24.54187 23.81909 25.09302 24.4115 25.7915 25.12451 24.47095 25.9491 25.30237 24.63391 26.04114 25.38928 26.30798 25.62622
