SEB_model/sample_data_files/59surface_elevation.txt
ncols         475
nrows         344
xllcorner     388726.00889408
yllcorner     7584415.1517739
cellsize      5
NODATA_value  -9999
[rows 116 to 144 of 344, columns 0 to 64 of 475]
-9999 -9999 -9999 -9999 -9999 -9999 -9999 -9999 -9999 -9999 -9999 -9999 -9999 -9999 -9999 -9999 -9999 -9999 -9999 -9999 -9999 -9999 -9999 -9999 -9999 -9999 -9999 -9999 -9999 -9999 -9999 -9999 -9999 -9999 -9999 -9999 -9999 -9999 -9999 -9999 -9999 -9999 -9999 -9999 -9999 -9999 -9999 -9999 -9999 -9999 -9999 -9999 -9999 1258.841 1258.435 1258.104 1257.925 1257.954 1257.831 1257.665 1257.188 1256.477 1255.83 1255.31 1254.756
-9999 -9999 -9999 -9999 -9999 -9999 -9999 -9999 -9999 -9999 -9999 -9999 -9999 -9999 -9999 -9999 -9999 -9999 -9999 -9999 -9999 -9999 -9999 -9999 -9999 -9999 -9999 -9999 -9999 -9999 -9999 -9999 -9999 -9999 -9999 -9999 -9999 -9999 -9999 -9999 -9999 -9999 -9999 -9999 -9999 -9999 -9999 -9999 -9999 -9999 -9999 -9999 -9999 1256.852 1256.639 1256.148 1255.921 1255.906 1255.771 1255.43 1254.959 1254.446 1253.844 1253.156 1252.465
-9999 -9999 -9999 -9999 -9999 -9999 -9999 -9999 -9999 -9999 -9999 -9999 -9999 -9999 -9999 -9999 -9999 -9999 1281.996 1280.603 1279.283 1277.987 1276.824 -9999 -9999 -9999 -9999 -9999 -9999 -9999 -9999 -9999 -9999 -9999 -9999 -9999 -9999 -9999 -9999 -9999 -9999 -9999 -9999 -9999 -9999 -9999 -9999 -9999 -9999 -9999 -9999 -9999 -9999 1255.332 1254.919 1254.553 1254.223 1253.969 1253.869 1253.352 1252.939 1252.513 1251.992 1251.227 1250.371
-9999 -9999 -9999 -9999 -9999 -9999 -9999 -9999 -9999 -9999 -9999 -9999 -9999 -9999 -9999 -9999 -9999 1280.712 1279.281 1277.88 1276.478 1275.286 1274.228 1273.17 1272.281 -9999 -9999 -9999 -9999 -9999 -9999 -9999 -9999 -9999 -9999 -9999 -9999 -9999 -9999 -9999 -9999 -9999 -9999 -9999 -9999 -9999 -9999 -9999 -9999 1255.108 1254.773 1254.348 1253.982 1253.743 1253.304 1252.913 1252.633 1252.277 1251.918 1251.531 1251.072 1250.662 1250.198 1249.231 1248.321
-9999 -9999 -9999 -9999 -9999 -9999 -9999 -9999 -9999 -9999 -9999 -9999 -9999 -9999 -9999 -9999 -9999 1278.174 1276.645 1275.186 1273.882 1272.732 1271.758 1270.898 1269.991 1269.447 -9999 -9999 -9999 -9999 -9999 -9999 -9999 -9999 -9999 -9999 -9999 -9999 -9999 -9999 -9999 -9999 -9999 -9999 -9999 -9999 -9999 -9999 -9999 1253.752 1253.318 1252.919 1252.482 1252.205 1251.771 1251.4 1251.018 1250.597 1250.058 1249.593 1249.216 1248.621 1248.007 1247.155 1246.252
-9999 -9999 -9999 -9999 -9999 -9999 -9999 -9999 -9999 -9999 -9999 -9999 -9999 -9999 -9999 -9999 -9999 1275.73 1274.208 1272.767 1271.482 1270.355 1269.713 1269.032 1268.422 1267.836 -9999 -9999 -9999 -9999 -9999 -9999 -9999 -9999 -9999 -9999 -9999 -9999 -9999 -9999 -9999 -9999 -9999 -9999 -9999 -9999 -9999 -9999 -9999 1252.465 1252.33 1251.794 1251.078 1250.742 1250.303 1249.858 1249.382 1248.866 1248.34 1247.75 1247.231 1246.595 1245.89 1245.08 1244.217
-9999 -9999 -9999 -9999 -9999 -9999 -9999 -9999 -9999 -9999 -9999 -9999 -9999 -9999 -9999 -9999 -9999 -9999 1271.983 1270.596 1269.586 1268.757 1268.122 1267.685 1267.094 1266.576 1266.004 -9999 -9999 -9999 -9999 -9999 -9999 -9999 -9999 -9999 -9999 1257.37 1256.875 1256.142 1255.619 -9999 -9999 -9999 -9999 -9999 -9999 -9999 -9999 1251.576 1250.975 1250.423 1249.916 1249.371 1248.867 1248.351 1247.824 1247.212 1246.67 1246.01 1245.346 1244.688 1243.973 1243.118 1242.332
-9999 -9999 -9999 -9999 -9999 -9999 -9999 -9999 -9999 -9999 -9999 -9999 -9999 -9999 -9999 -9999 -9999 -9999 -9999 1269.087 1268.292 1267.603 1267.027 1266.628 1266.071 1265.515 1265.02 1264.332 -9999 -9999 -9999 -9999 -9999 -9999 -9999 1257.868 1257.184 1256.652 1256.008 1255.464 1254.681 1254.21 1253.665 1253.239 1252.829 -9999 -9999 -9999 -9999 1250.382 1249.774 1249.193 1248.656 1248.1 1247.528 1246.968 1246.352 1245.713 1245.047 1244.371 1243.667 1242.96 1242.203 1241.371 1240.568
-9999 -9999 -9999 -9999 -9999 -9999 -9999 -9999 -9999 -9999 -9999 -9999 -9999 -9999 -9999 -9999 -9999 -9999 -9999 1268.183 1267.442 1266.827 1266.274 1265.671 1265.264 1264.756 1264.126 1263.516 1262.799 1262.117 1261.2 1260.222 1259.369 1258.714 1257.937 1257.392 1256.613 1255.996 1255.329 1254.751 1254.272 1253.657 1253.196 1252.599 1252.023 1251.507 1250.908 1250.507 1249.934 1249.346 1248.731 1248.165 1247.534 1247.003 1246.387 1245.676 1245.002 1244.301 1243.618 1242.83 1242.117 1241.421 1240.719 1239.991 1239.317
-9999 -9999 -9999 -9999 -9999 -9999 -9999 -9999 -9999 -9999 -9999 -9999 -9999 -9999 -9999 -9999 -9999 -9999 -9999 1267.632 1267.009 1266.455 1265.739 1265.199 1264.67 1264.13 1263.585 1262.898 1262.289 1261.487 1260.661 1259.782 1259.048 1258.286 1257.496 1256.747 1256.291 1255.496 1254.808 1254.073 1253.7 1253.22 1252.569 1251.949 1251.408 1250.759 1250.152 1249.595 1249.042 1248.443 1247.821 1247.186 1246.63 1245.951 1245.279 1244.578 1243.802 1243.08 1242.313 1241.517 1240.7 1240.101 1239.558 1238.969 1238.455
-9999 -9999 -9999 -9999 -9999 -9999 -9999 -9999 -9999 -9999 -9999 -9999 -9999 -9999 -9999 -9999 -9999 -9999 1267.932 1267.276 1266.709 1266.156 1265.62 1264.86 1264.288 1263.742 1263.156 1262.513 1261.784 1261.144 1260.366 1259.524 1258.728 1257.999 1257.194 1256.496 1255.658 1255.131 1254.284 1253.659 1253.357 1252.752 1252.094 1251.511 1250.831 1250.307 1249.523 1248.862 1248.277 1247.735 1247.046 1246.452 1245.778 1245.073 1244.307 1243.552 1242.789 1241.989 1241.227 1240.462 1239.721 1239.159 1238.666 1238.228 1237.701
-9999 -9999 -9999 -9999 -9999 -9999 -9999 -9999 -9999 -9999 -9999 -9999 -9999 -9999 -9999 -9999 -9999 1268.506 1267.856 1267.303 1266.627 1266.065 1265.545 1264.998 1264.184 1263.559 1262.924 1262.348 1261.728 1260.979 1260.211 1259.397 1258.564 1257.839 1257.151 1256.34 1255.491 1254.875 1254.532 1253.724 1253.065 1252.383 1252.317 1251.451 1250.602 1249.813 1249.042 1248.32 1247.682 1247.044 1246.416 1245.787 1245.062 1244.304 1243.514 1242.71 1241.879 1241.099 1240.325 1239.662 1239.05 1238.5 1238.056 1237.683 1237.303
-9999 -9999 -9999 -9999 -9999 -9999 -9999 -9999 -9999 -9999 -9999 -9999 -9999 -9999 -9999 1270.637 1269.402 1268.932 1267.956 1267.414 1266.891 1266.21 1265.679 1265.119 1264.515 1263.597 1262.896 1262.231 1261.766 1260.967 1260.145 1259.296 1258.618 1257.814 1257.081 1256.255 1255.934 1254.385 1254.602 1254.239 1252.89 1252.803 1251.906 1251.074 1250.2 1249.372 1248.609 1247.9 1247.218 1246.578 1245.954 1245.274 1244.331 1243.658 1242.855 1241.994 1241.139 1240.363 1239.644 1239.066 1238.504 1238.149 1237.895 1237.032 1237.233
-9999 -9999 -9999 -9999 -9999 -9999 -9999 -9999 -9999 -9999 -9999 -9999 -9999 -9999 1272.243 1270.744 1269.73 1269.178 1268.623 1267.71 1267.173 1266.676 1265.986 1265.407 1264.75 1263.951 1263.135 1262.66 1262.355 1261.236 1260.087 1259.28 1258.607 1257.974 1257.098 1256.509 1255.859 1255.186 1254.42 1253.611 1253.574 1252.594 1251.706 1250.727 1249.825 1249.071 1248.31 1247.603 1246.963 1246.274 1245.455 1244.756 1244.062 1243.227 1242.343 1241.431 1240.552 1239.828 1239.206 1238.638 1238.117 1237.948 1237.319 1237.009 1236.999
-9999 -9999 -9999 -9999 -9999 -9999 -9999 -9999 -9999 -9999 -9999 -9999 -9999 1273.998 1272.542 1270.912 1270.153 1269.486 1269.032 1268.515 1267.666 1267.14 1266.601 1265.837 1265.155 1264.451 1264.634 1263.581 1262.544 1261.501 1260.368 1259.467 1258.744 1258.087 1257.402 1256.595 1255.922 1255.222 1254.662 1253.823 1252.968 1252.551 1251.59 1250.581 1249.648 1248.89 1248.193 1247.458 1246.764 1246.052 1245.208 1244.348 1243.663 1242.809 1241.966 1241.055 1240.15 1239.443 1238.881 1238.374 1237.972 1237.425 1237.094 1236.794 1236.891
-9999 -9999 -9999 -9999 -9999 -9999 -9999 -9999 -9999 -9999 -9999 -9999 1275.777 1274.301 1272.348 1271.452 1270.663 1270.009 1269.534 1269.091 1268.562 1267.771 1267.21 1266.51 1265.763 1265.935 1265.035 1264.052 1262.97 1261.93 1260.842 1259.842 1259.013 1258.303 1257.628 1256.97 1256.13 1255.559 1254.778 1253.949 1253.044 1252.274 1251.61 1250.558 1249.627 1248.923 1248.122 1247.425 1246.707 1245.876 1245.041 1244.148 1243.285 1242.654 1241.755 1241.007 1240.059 1239.342 1238.81 1238.243 1237.684 1237.574 1236.964 1236.683 1236.401
-9999 -9999 -9999 -9999 -9999 -9999 -9999 -9999 -9999 -9999 -9999 -9999 1276.102 1273.846 1272.959 1272.183 1271.457 1270.818 1270.227 1269.715 1269.232 1268.685 1267.904 1267.296 1267.26 1266.486 1265.655 1264.634 1263.661 1262.552 1261.419 1260.302 1259.455 1258.688 1258.057 1257.319 1256.532 1255.848 1255.042 1254.192 1253.468 1252.625 1251.603 1250.655 1249.674 1248.996 1248.305 1247.542 1246.713 1245.875 1245.066 1244.161 1243.24 1242.417 1241.992 1240.974 1240.034 1239.326 1238.787 1238.196 1237.817 1237.508 1237.026 1236.477 1236.269
-9999 -9999 -9999 -9999 -9999 -9999 -9999 -9999 -9999 -9999 -9999 1277.713 1275.349 1274.488 1273.745 1273.033 1272.311 1271.668 1271.072 1270.459 1269.94 1269.535 1269.052 1268.576 1267.946 1267.176 1266.367 1265.415 1264.411 1263.304 1262.185 1261.083 1260.117 1259.263 1258.505 1257.883 1257.017 1256.244 1255.46 1254.746 1253.967 1253.042 1251.975 1250.946 1250.06 1249.349 1248.624 1247.809 1246.906 1246.083 1245.242 1244.38 1243.377 1242.818 1241.893 1241.048 1240.098 1239.409 1238.691 1238.252 1237.844 1237.585 1237.134 1236.698 1236.319
-9999 -9999 -9999 -9999 -9999 -9999 -9999 -9999 -9999 -9999 -9999 1276.811 1275.988 1275.311 1274.634 1273.912 1273.223 1272.57 1271.952 1271.386 1270.778 1270.308 1269.822 1269.279 1268.724 1268.01 1267.149 1266.265 1265.232 1264.174 1263.044 1261.97 1260.932 1259.927 1259.225 1258.469 1257.729 1256.85 1256.149 1255.396 1254.538 1253.58 1252.541 1251.565 1250.682 1249.902 1249.061 1248.205 1247.362 1246.438 1245.565 1244.577 1243.974 1243.07 1242.092 1241.113 1240.211 1239.507 1238.804 1238.378 1237.996 1237.534 1237.24 1236.818 1236.57
-9999 -9999 -9999 -9999 -9999 -9999 -9999 -9999 -9999 -9999 -9999 1277.315 1276.828 1276.207 1275.505 1274.822 1274.15 1273.499 1272.887 1272.298 1271.749 1271.191 1270.697 1270.173 1269.616 1268.967 1268.103 1267.113 1266.19 1265.117 1264.048 1262.987 1261.941 1260.972 1260.114 1259.304 1258.459 1257.643 1256.835 1255.938 1255.143 1254.168 1253.227 1252.31 1251.418 1250.562 1249.719 1248.775 1247.857 1246.977 1246.03 1245.23 1244.395 1243.435 1242.412 1241.465 1240.489 1239.766 1239.224 1238.536 1238.096 1238.151 1237.441 1237.039 1236.701
-9999 -9999 -9999 -9999 -9999 -9999 -9999 -9999 -9999 -9999 -9999 1278.191 1277.697 1277.072 1276.409 1275.742 1275.08 1274.466 1273.814 1273.246 1272.68 1272.143 1271.585 1271.048 1270.542 1270.038 1269.103 1268.1 1267.174 1266.161 1265.131 1264.094 1263.085 1262.098 1261.168 1260.276 1259.373 1258.48 1257.627 1256.732 1255.838 1254.993 1254.034 1253.128 1252.232 1251.334 1250.42 1249.488 1248.492 1247.581 1246.706 1245.804 1244.861 1243.928 1242.963 1241.91 1240.997 1240.186 1239.529 1239.056 1238.461 1238.373 1238.098 1237.361 1236.936
-9999 -9999 -9999 -9999 -9999 -9999 -9999 -9999 -9999 -9999 -9999 1279.101 1278.574 1277.945 1277.307 1276.652 1276.026 1275.368 1274.749 1274.152 1273.582 1273.052 1272.47 1271.929 1271.37 1270.788 1269.999 1269.103 1268.152 1267.257 1266.265 1265.266 1264.265 1263.283 1262.324 1261.365 1260.405 1259.464 1258.564 1257.674 1256.72 1255.898 1254.965 1254.074 1253.161 1252.212 1251.256 1250.264 1249.257 1248.331 1247.414 1246.472 1245.508 1244.633 1243.552 1242.603 1241.67 1240.77 1239.945 1239.502 1239.095 1238.733 1238.338 1237.966 1237.34
-9999 -9999 -9999 -9999 -9999 -9999 -9999 -9999 -9999 -9999 -9999 1280.017 1279.395 1278.799 1278.165 1277.564 1276.896 1276.262 1275.637 1275.038 1274.459 1273.861 1273.327 1272.767 1272.215 1271.567 1270.847 1270.036 1269.209 1268.316 1267.43 1266.44 1265.455 1264.506 1263.545 1262.576 1261.611 1260.64 1259.67 1258.719 1257.759 1256.825 1255.908 1255.131 1254.185 1253.242 1252.26 1251.228 1250.186 1249.235 1248.271 1247.305 1246.361 1245.362 1244.387 1243.438 1242.514 1241.64 1240.841 1240.204 1239.67 1239.202 1238.785 1238.418 1238.051
-9999 -9999 -9999 -9999 -9999 -9999 -9999 -9999 -9999 -9999 -9999 -9999 1280.132 1279.574 1279.016 1278.379 1277.729 1277.086 1276.496 1275.894 1275.292 1274.69 1274.133 1273.607 1273.02 1272.382 1271.671 1270.969 1270.244 1269.486 1268.557 1267.565 1266.674 1265.728 1264.81 1263.874 1262.913 1261.927 1260.93 1259.891 1258.894 1257.972 1257.079 1256.253 1255.357 1254.419 1253.443 1252.424 1251.391 1250.333 1249.27 1248.275 1247.313 1246.346 1245.398 1244.447 1243.559 1242.672 1241.871 1241.151 1240.475 1239.916 1239.468 1239.014 1238.595
-9999 -9999 -9999 -9999 -9999 -9999 -9999 -9999 -9999 -9999 -9999 -9999 1280.789 1280.322 1279.788 1279.172 1278.522 1277.911 1277.294 1276.681 1276.08 1275.485 1274.969 1274.405 1273.81 1273.152 1272.526 1271.867 1271.227 1270.526 1269.644 1268.711 1267.815 1266.992 1266.107 1265.205 1264.27 1263.304 1262.285 1261.232 1260.149 1259.278 1258.409 1257.47 1256.538 1255.718 1254.778 1253.792 1252.748 1251.624 1250.464 1249.379 1248.474 1247.512 1246.549 1245.636 1244.707 1243.816 1243.003 1242.247 1241.582 1240.925 1240.342 1239.765 1239.265
-9999 -9999 -9999 -9999 -9999 -9999 -9999 -9999 -9999 -9999 -9999 -9999 1281.403 1280.968 1280.472 1279.837 1279.296 1278.681 1278.07 1277.447 1276.856 1276.317 1275.753 1275.172 1274.551 1273.967 1273.367 1272.765 1272.108 1271.424 1270.66 1269.828 1269.037 1268.255 1267.427 1266.572 1265.693 1264.757 1263.765 1262.749 1261.728 1260.777 1259.842 1258.918 1257.979 1257.16 1256.278 1255.301 1254.24 1253.121 1251.949 1250.837 1249.855 1248.866 1247.854 1246.861 1245.933 1245.08 1244.234 1243.529 1242.81 1242.135 1241.46 1240.789 1240.2
-9999 -9999 -9999 -9999 -9999 -9999 -9999 -9999 -9999 -9999 -9999 1282.13 1281.796 1281.429 1280.996 1280.513 1279.978 1279.422 1278.829 1278.204 1277.621 1277.078 1276.503 1275.882 1275.33 1274.761 1274.194 1273.592 1272.987 1272.335 1271.631 1270.899 1270.185 1269.466 1268.724 1267.978 1267.15 1266.268 1265.337 1264.349 1263.35 1262.37 1261.405 1260.443 1259.52 1258.716 1257.88 1256.955 1255.906 1254.787 1253.619 1252.488 1251.446 1250.399 1249.308 1248.244 1247.294 1246.439 1245.641 1244.855 1244.16 1243.422 1242.755 1242.139 1241.414
-9999 -9999 -9999 -9999 -9999 -9999 -9999 -9999 -9999 -9999 -9999 1282.628 1282.313 1281.957 1281.562 1281.153 1280.68 1280.195 1279.566 1278.922 1278.355 1277.76 1277.175 1276.612 1276.047 1275.562 1274.993 1274.431 1273.854 1273.214 1272.579 1271.964 1271.332 1270.703 1270.074 1269.354 1268.621 1267.842 1266.946 1265.967 1264.989 1264.019 1263.052 1262.108 1261.219 1260.405 1259.589 1258.736 1257.705 1256.536 1255.365 1254.24 1253.159 1252.07 1250.947 1249.767 1248.817 1248.012 1247.176 1246.332 1245.551 1244.878 1244.208 1243.492 1242.864
-9999 -9999 -9999 -9999 -9999 -9999 -9999 -9999 -9999 -9999 -9999 1283.177 1282.865 1282.525 1282.162 1281.754 1281.312 1280.824 1280.249 1279.631 1279.048 1278.454 1277.884 1277.386 1276.864 1276.328 1275.806 1275.269 1274.68 1273.984 1273.542 1272.986 1272.422 1271.847 1271.274 1270.669 1270.059 1269.436 1268.543 1267.565 1266.575 1265.666 1264.719 1263.815 1262.957 1262.114 1261.334 1260.541 1259.501 1258.309 1257.148 1256.053 1255.006 1253.932 1252.836 1251.7 1250.709 1249.816 1248.873 1247.942 1247.124 1246.473 1245.772 1245.071 1244.319
