SEB_model/sample_data_files/59surface_elevation.txt
ncols         475
nrows         344
xllcorner     388726.00889408
yllcorner     7584415.1517739
cellsize      5
NODATA_value  -9999
[rows 203 to 231 of 344, columns 130 to 194 of 475]
-9999 -9999 -9999 -9999 -9999 -9999 -9999 -9999 -9999 -9999 -9999 -9999 -9999 -9999 -9999 -9999 -9999 -9999 -9999 -9999 -9999 -9999 1328.358 1324.569 1321.666 1319.184 1315.742 1309.643 1306.83 1305.029 1302.859 1299.827 1296.522 1293.349 1290.139 1286.81 1283.549 1280.532 1277.927 1275.895 1274.268 1272.822 1271.292 1269.121 1266.753 1264.17 1261.406 1258.446 1255.284 1252.024 1249.352 1247.222 1245.094 1242.75 1240.393 1238.516 1236.506 1234.519 1232.673 1230.951 1229.218 1227.393 1225.664 1224.139 1222.818
-9999 -9999 -9999 -9999 -9999 -9999 -9999 -9999 -9999 -9999 -9999 -9999 -9999 -9999 1363.578 1360.887 -9999 -9999 -9999 -9999 -9999 1339.164 1334.23 1329.555 1327.161 1324.627 1320.784 1314.41 1310.726 1307.985 1305.25 1302.678 1300.109 1297.794 1294.997 1290.957 1286.808 1283.552 1280.432 1278.494 1277.019 1275.461 1273.81 1271.882 1269.813 1267.439 1264.555 1261.542 1258.431 1255.346 1252.705 1250.545 1248.624 1246.666 1244.258 1241.927 1239.558 1237.388 1235.569 1233.639 1231.585 1229.548 1227.516 1225.869 1224.592
-9999 -9999 -9999 -9999 -9999 -9999 -9999 -9999 -9999 -9999 -9999 -9999 -9999 1367.41 1365.461 1362.944 1359.868 1356.872 1354.244 1352.259 1349.612 1344.676 1340.091 1336.261 1333.238 1329.702 1325.239 1320.031 1315.744 1311.792 1308.163 1305.833 1303.745 1301.757 1300.309 1295.368 1290.536 1287.084 1284.054 1281.78 1279.938 1278.214 1276.404 1274.582 1272.657 1270.409 1267.676 1264.826 1261.835 1258.859 1256.088 1253.872 1252.106 1250.634 1248.085 1245.707 1243.253 1240.957 1238.994 1236.856 1234.521 1232 1229.487 1227.905 1226.699
-9999 -9999 -9999 -9999 -9999 -9999 -9999 -9999 -9999 1378.312 1375.905 -9999 -9999 1369.273 1367.225 1364.799 1362.186 1359.52 1357.28 1354.989 1352.199 1348.619 1345.088 1342.155 1339.29 1335.008 1330.247 1325.181 1321.024 1317.032 1312.766 1309.778 1307.156 1304.751 1302.227 1298.527 1294.346 1290.748 1287.749 1285.307 1283.185 1281.175 1279.142 1277.256 1275.211 1273.019 1270.656 1268.198 1265.337 1262.281 1259.44 1256.919 1255.129 1253.506 1251.55 1249.55 1247.545 1245.214 1242.982 1240.608 1237.943 1235.225 1232.53 1230.724 1229.252
-9999 -9999 -9999 -9999 -9999 -9999 -9999 -9999 -9999 1380.344 1378.008 1375.621 1373.282 1371.056 1368.835 1366.536 1364.071 1361.602 1359.302 1357.066 1354.466 1351.648 1348.969 1346.253 1343.451 1340.036 1335.859 1330.261 1326.62 1322.792 1318.349 1314.183 1310.405 1307.243 1304.486 1301.273 1297.619 1294.202 1291.311 1288.87 1286.602 1284.372 1282.177 1280.033 1277.807 1275.584 1273.441 1271.38 1268.723 1265.76 1262.792 1259.718 1258.26 1256.617 1254.795 1253.055 1251.395 1249.236 1247.162 1244.826 1241.952 1239.07 1236.396 1234.091 1232.173
-9999 -9999 -9999 -9999 -9999 -9999 -9999 -9999 -9999 1381.991 1379.654 1377.323 1374.999 1372.665 1370.35 1368.05 1365.668 1363.264 1360.934 1358.637 1356.345 1354.138 1351.586 1349.436 1346.884 1344.237 1341.279 1336.869 1332.352 1327.653 1322.973 1318.542 1314.276 1310.554 1307.782 1304.412 1300.76 1297.379 1294.717 1292.326 1290.05 1287.678 1285.308 1282.865 1280.417 1278.017 1276.011 1274.031 1271.734 1269.31 1266.813 1264.375 1262.197 1260.042 1257.878 1256.204 1254.6 1252.806 1251.105 1249.378 1246.166 1243.111 1240.226 1237.596 1235.296
-9999 -9999 -9999 -9999 -9999 -9999 -9999 -9999 -9999 -9999 1381.139 1378.745 1376.417 1374.086 1371.73 1369.401 1367.107 1364.749 1362.359 1359.998 1357.767 1355.739 1353.652 1351.671 1349.474 1347.051 1344.464 1341.587 1337.104 1331.976 1327.186 1322.974 1319.014 1315.462 1312.017 1308.094 1304.214 1300.757 1298.152 1295.733 1293.292 1290.991 1288.533 1285.886 1283.183 1280.589 1278.757 1276.846 1274.824 1272.753 1270.881 1269.188 1266.385 1263.766 1261.161 1259.422 1257.816 1256.067 1254.299 1252.35 1249.761 1246.949 1244.164 1241.147 1238.456
-9999 -9999 -9999 -9999 -9999 -9999 -9999 -9999 -9999 -9999 1382.5 1380.034 1377.647 1375.236 1372.965 1370.69 1368.365 1366.057 1363.701 1361.287 1359.123 1357.194 1355.177 1353.198 1351.313 1349.135 1346.659 1343.741 1340.037 1335.706 1331.064 1327.228 1323.673 1320.429 1316.762 1312.097 1308.077 1304.777 1301.845 1299.169 1296.569 1294.11 1291.648 1289.004 1286.338 1283.855 1281.727 1279.743 1277.84 1275.952 1274.222 1272.406 1269.996 1267.497 1265.196 1263.094 1261.116 1259.151 1257.11 1255.128 1252.944 1250.638 1248.238 1245.443 1242.425
-9999 -9999 -9999 -9999 -9999 -9999 -9999 -9999 -9999 -9999 1383.668 1381.099 1378.555 1376.254 1374.016 1371.803 1369.549 1367.196 1364.864 1362.546 1360.362 1358.349 1356.401 1354.596 1352.707 1350.608 1348.232 1345.557 1342.524 1339.087 1335.249 1331.348 1327.865 1324.567 1320.865 1316.497 1312.459 1308.881 1305.517 1302.521 1299.774 1297.123 1294.487 1291.911 1289.436 1286.944 1284.615 1282.588 1280.657 1278.853 1277.071 1275.165 1273.078 1270.998 1269.02 1266.714 1264.51 1262.266 1259.827 1258.054 1256.041 1253.968 1251.962 1249.565 1246.324
-9999 -9999 -9999 -9999 -9999 -9999 1392.3 1391.099 1389.456 1387.194 1384.587 1381.881 1379.332 1377.073 1374.876 1372.712 1370.547 1368.179 1365.827 1363.565 1361.369 1359.237 1357.294 1355.657 1353.752 1351.588 1349.56 1347.071 1344.504 1341.78 1338.449 1334.752 1331.356 1327.988 1324.344 1320.493 1316.676 1312.82 1309.041 1305.683 1302.662 1299.948 1297.233 1294.588 1292.108 1289.646 1287.287 1285.171 1283.235 1281.487 1279.729 1277.778 1275.826 1273.936 1272.028 1269.913 1267.842 1265.679 1263.396 1261.259 1259.124 1256.935 1254.804 1252.393 1249.635
-9999 -9999 -9999 -9999 -9999 1393.756 1392.632 1391.464 1390.191 1387.833 1385.152 1382.525 1380.065 1377.794 1375.573 1373.403 1371.201 1368.918 1366.624 1364.369 1362.181 1360.033 1358.082 1356.38 1354.389 1352.497 1350.501 1348.264 1345.867 1343.292 1340.425 1337.262 1334.188 1330.978 1327.483 1323.914 1320.553 1316.464 1312.316 1308.654 1305.363 1302.46 1299.669 1296.904 1294.363 1291.958 1289.705 1287.588 1285.681 1283.865 1282.049 1280.185 1278.302 1276.46 1274.577 1272.71 1270.921 1269.113 1266.821 1264.563 1262.217 1259.776 1257.514 1255.069 1252.555
-9999 -9999 -9999 -9999 1394.642 1393.562 1392.408 1391.289 1389.933 1387.823 1385.368 1383.018 1380.6 1378.261 1376.094 1373.9 1371.763 1369.519 1367.252 1365.013 1362.816 1360.71 1358.763 1356.795 1354.996 1353.129 1351.197 1349.006 1346.84 1344.483 1341.979 1339.183 1336.377 1333.315 1329.998 1326.704 1323.203 1319.341 1315.3 1311.351 1307.751 1304.562 1301.627 1298.94 1296.372 1294.028 1291.794 1289.789 1287.926 1286.065 1284.215 1282.346 1280.504 1278.688 1276.896 1275.173 1273.526 1271.832 1269.827 1267.722 1265.38 1262.778 1260.214 1257.653 1255.217
-9999 -9999 -9999 1395.819 1394.516 1393.377 1392.153 1390.909 1389.348 1387.432 1385.306 1383.062 1380.86 1378.601 1376.404 1374.334 1372.192 1370.036 1367.796 1365.538 1363.34 1361.243 1359.173 1357.292 1355.41 1353.608 1351.689 1349.688 1347.55 1345.477 1343.261 1340.832 1338.224 1335.35 1332.228 1328.875 1325.457 1321.763 1317.877 1313.785 1309.739 1306.411 1303.459 1300.675 1298.199 1295.822 1293.656 1291.686 1289.904 1288.094 1286.232 1284.357 1282.548 1280.737 1279.006 1277.374 1275.769 1274.101 1272.354 1270.578 1268.444 1265.509 1262.697 1260.016 1257.578
1399.397 1397.924 1396.568 1395.449 1394.299 1393.056 1391.854 1390.388 1388.785 1387.043 1385.076 1382.998 1380.931 1378.782 1376.69 1374.657 1372.592 1370.452 1368.229 1366.012 1363.753 1361.57 1359.505 1357.586 1355.811 1354.013 1352.098 1350.144 1348.18 1346.302 1344.288 1342.281 1340.039 1337.212 1334.067 1330.819 1327.443 1323.983 1320.248 1316.107 1311.929 1308.235 1305.11 1302.337 1299.734 1297.453 1295.405 1293.561 1291.705 1290.005 1288.113 1286.239 1284.41 1282.633 1280.936 1279.378 1277.782 1276.135 1274.404 1272.652 1270.494 1267.784 1264.982 1262.259 1259.812
1399.382 1397.857 1396.659 1395.331 1393.968 1392.841 1391.328 1389.828 1388.274 1386.636 1384.809 1382.908 1380.923 1378.858 1376.882 1374.911 1372.894 1370.831 1368.675 1366.381 1364.068 1361.798 1359.69 1357.834 1356.047 1354.324 1352.486 1350.624 1348.807 1347.021 1345.168 1343.321 1341.277 1338.658 1335.621 1332.556 1329.312 1325.904 1322.293 1318.396 1314.074 1309.907 1306.636 1303.883 1301.308 1299.045 1297.171 1295.278 1293.44 1291.649 1289.816 1287.952 1286.12 1284.367 1282.67 1281.126 1279.59 1277.925 1276.147 1274.268 1272.099 1269.701 1267.135 1264.594 1262.286
1399.364 1397.792 1396.37 1395.118 1393.795 1392.294 1390.775 1389.303 1387.851 1386.258 1384.588 1382.777 1380.92 1378.923 1376.989 1375.056 1373.098 1371.143 1369.024 1366.651 1364.317 1362.073 1359.895 1358.099 1356.346 1354.6 1352.883 1351.101 1349.347 1347.602 1345.807 1343.987 1342.025 1339.625 1336.935 1334.068 1330.976 1327.597 1324.085 1320.531 1316.034 1311.657 1308.28 1305.472 1302.925 1300.764 1298.809 1296.89 1294.965 1293.179 1291.321 1289.522 1287.704 1285.944 1284.26 1282.658 1281.18 1279.574 1277.753 1275.834 1273.714 1271.424 1269.096 1266.786 1264.615
1399.372 1397.742 1396.35 1394.959 1393.615 1392.063 1390.383 1388.947 1387.542 1386.04 1384.398 1382.8 1380.893 1378.997 1377.058 1375.124 1373.175 1371.192 1369.075 1366.808 1364.596 1362.382 1360.294 1358.398 1356.643 1354.936 1353.237 1351.518 1349.766 1348.042 1346.408 1344.61 1342.771 1340.535 1338.03 1335.302 1332.255 1328.933 1325.449 1321.706 1317.652 1313.646 1310.108 1307.123 1304.664 1302.362 1300.231 1298.324 1296.432 1294.577 1292.751 1290.946 1289.144 1287.38 1285.689 1284.089 1282.512 1280.929 1279.226 1277.357 1275.315 1273.15 1270.935 1268.807 1266.796
1399.354 1397.689 1396.194 1394.701 1393.462 1391.972 1390.418 1388.914 1387.414 1385.876 1384.336 1382.604 1380.917 1378.999 1377.057 1375.174 1373.185 1371.143 1369.041 1366.909 1364.759 1362.636 1360.585 1358.676 1356.917 1355.255 1353.504 1351.789 1350.101 1348.417 1346.8 1345.153 1343.405 1341.428 1339.135 1336.427 1333.394 1330.107 1326.57 1322.916 1319.105 1315.339 1311.804 1308.798 1306.191 1303.904 1301.673 1299.697 1297.835 1295.95 1294.103 1292.263 1290.43 1288.64 1286.939 1285.333 1283.769 1282.194 1280.566 1278.838 1276.866 1274.816 1272.778 1270.763 1268.861
1399.354 1397.702 1396.13 1394.826 1393.484 1391.975 1390.487 1388.933 1387.377 1385.843 1384.246 1382.583 1380.862 1378.966 1377.051 1375.155 1373.182 1371.089 1369.018 1366.964 1364.877 1362.826 1360.812 1358.905 1357.132 1355.386 1353.721 1352.046 1350.397 1348.796 1347.186 1345.615 1344.012 1342.214 1340.258 1337.587 1334.405 1331.074 1327.609 1324.05 1320.458 1316.851 1313.448 1310.302 1307.665 1305.222 1303.064 1301.029 1299.154 1297.256 1295.359 1293.493 1291.641 1289.791 1288.055 1286.488 1284.921 1283.387 1281.824 1280.168 1278.321 1276.385 1274.474 1272.587 1270.745
1399.314 1397.671 1396.283 1394.918 1393.465 1392.04 1390.548 1388.969 1387.374 1385.752 1384.146 1382.606 1380.793 1378.909 1377.057 1375.117 1373.156 1371.115 1369.07 1367.04 1364.99 1362.962 1361 1359.072 1357.244 1355.544 1353.872 1352.312 1350.647 1349.084 1347.531 1345.999 1344.46 1342.866 1341.016 1338.442 1335.248 1331.922 1328.584 1325.148 1321.691 1318.268 1314.904 1311.752 1308.896 1306.418 1304.249 1302.334 1300.371 1298.433 1296.573 1294.763 1292.85 1290.914 1289.131 1287.566 1286.025 1284.456 1282.916 1281.32 1279.629 1277.852 1276.031 1274.231 1272.503
1399.316 1397.666 1396.343 1394.848 1393.444 1392.015 1390.607 1389.048 1387.332 1385.653 1384.068 1382.395 1380.697 1378.876 1376.992 1375.123 1373.205 1371.214 1369.188 1367.141 1365.086 1363.071 1361.078 1359.171 1357.353 1355.652 1354.048 1352.42 1350.842 1349.273 1347.783 1346.336 1344.777 1343.085 1341.163 1338.705 1335.788 1332.64 1329.483 1326.134 1322.835 1319.542 1316.256 1313.062 1310.059 1307.472 1305.324 1303.371 1301.469 1299.593 1297.803 1295.993 1294.106 1292.189 1290.348 1288.667 1287.045 1285.479 1283.928 1282.401 1280.847 1279.173 1277.414 1275.68 1274.024
1399.281 1397.832 1396.287 1394.817 1393.375 1391.905 1390.461 1388.917 1387.252 1385.629 1383.969 1382.321 1380.647 1378.807 1376.952 1375.107 1373.271 1371.331 1369.326 1367.246 1365.185 1363.138 1361.125 1359.215 1357.437 1355.804 1354.164 1352.547 1350.956 1349.431 1347.953 1346.496 1344.974 1343.262 1341.336 1338.984 1336.24 1333.287 1330.23 1327.111 1323.939 1320.77 1317.568 1314.338 1311.184 1308.523 1306.318 1304.337 1302.556 1300.799 1299.014 1297.244 1295.408 1293.526 1291.652 1289.8 1288.072 1286.454 1284.898 1283.357 1281.856 1280.242 1278.556 1276.953 1275.288
1399.408 1397.79 1396.263 1394.765 1393.23 1391.703 1390.182 1388.651 1387.064 1385.492 1383.943 1382.288 1380.529 1378.742 1376.966 1375.151 1373.294 1371.427 1369.474 1367.354 1365.236 1363.127 1361.103 1359.219 1357.51 1355.883 1354.293 1352.696 1351.089 1349.557 1348.117 1346.615 1345.039 1343.398 1341.531 1339.318 1336.689 1333.896 1330.972 1328.015 1325.028 1322.005 1318.92 1315.667 1312.51 1309.711 1307.356 1305.34 1303.655 1301.954 1300.253 1298.54 1296.769 1294.894 1292.955 1290.984 1289.068 1287.416 1285.833 1284.295 1282.726 1281.186 1279.517 1277.96 1276.407
1399.377 1397.825 1396.291 1394.711 1393.1 1391.502 1389.897 1388.401 1386.888 1385.395 1383.86 1382.208 1380.46 1378.699 1376.888 1375.095 1373.25 1371.415 1369.527 1367.357 1365.223 1363.134 1361.07 1359.207 1357.567 1355.975 1354.385 1352.828 1351.237 1349.688 1348.214 1346.744 1345.177 1343.521 1341.689 1339.531 1337.104 1334.493 1331.74 1328.931 1326.063 1323.16 1320.172 1316.944 1313.771 1310.838 1308.341 1306.436 1304.685 1303.091 1301.498 1299.938 1298.157 1296.327 1294.378 1292.304 1290.24 1288.449 1286.781 1285.199 1283.636 1282.085 1280.51 1278.974 1277.417
1399.371 1397.898 1396.317 1394.705 1393.053 1391.352 1389.728 1388.22 1386.762 1385.283 1383.733 1382.15 1380.513 1378.722 1376.87 1375.025 1373.123 1371.246 1369.271 1367.234 1365.168 1363.146 1361.188 1359.359 1357.728 1356.114 1354.536 1352.987 1351.453 1349.896 1348.406 1346.9 1345.334 1343.701 1341.882 1339.812 1337.544 1335.097 1332.54 1329.863 1327.09 1324.258 1321.291 1318.177 1315.043 1311.939 1309.273 1307.455 1305.794 1304.193 1302.68 1301.15 1299.549 1297.827 1295.932 1293.816 1291.632 1289.589 1287.755 1286.066 1284.543 1283.005 1281.504 1279.984 1278.432
1399.694 1398.081 1396.442 1394.762 1393.046 1391.312 1389.682 1388.185 1386.763 1385.291 1383.762 1382.251 1380.534 1378.784 1376.882 1374.924 1372.966 1370.996 1369.013 1367.035 1365.098 1363.209 1361.333 1359.579 1357.894 1356.28 1354.687 1353.206 1351.64 1350.108 1348.587 1347.079 1345.554 1343.9 1342.136 1340.2 1338.024 1335.722 1333.294 1330.765 1328.117 1325.358 1322.479 1319.484 1316.42 1313.408 1310.768 1308.733 1306.923 1305.309 1303.812 1302.402 1300.909 1299.403 1297.609 1295.401 1293.028 1290.692 1288.69 1287.029 1285.489 1283.982 1282.507 1281.028 1279.569
1400.098 1398.419 1396.646 1394.845 1393.084 1391.297 1389.658 1388.159 1386.718 1385.297 1383.9 1382.331 1380.679 1378.899 1376.9 1374.911 1372.828 1370.752 1368.787 1366.903 1365.07 1363.234 1361.491 1359.75 1358.072 1356.442 1354.955 1353.385 1351.846 1350.306 1348.775 1347.292 1345.743 1344.134 1342.443 1340.593 1338.537 1336.341 1334.024 1331.696 1329.115 1326.578 1323.722 1320.857 1317.892 1314.983 1312.362 1310.074 1308.119 1306.437 1304.953 1303.522 1302.146 1300.849 1299.409 1296.915 1294.411 1291.964 1289.822 1288.069 1286.469 1284.97 1283.563 1282.14 1280.749
1400.451 1398.684 1396.817 1395.032 1393.198 1391.359 1389.639 1388.216 1386.819 1385.439 1383.995 1382.477 1380.869 1379.041 1376.965 1374.842 1372.67 1370.486 1368.585 1366.8 1365.038 1363.309 1361.593 1359.907 1358.241 1356.683 1355.101 1353.555 1352.026 1350.504 1348.988 1347.478 1345.935 1344.363 1342.713 1340.964 1339.023 1336.982 1334.781 1332.599 1330.209 1327.759 1324.991 1322.139 1319.275 1316.466 1313.817 1311.404 1309.286 1307.517 1305.937 1304.5 1303.152 1301.829 1300.282 1298.093 1295.702 1293.357 1291.131 1289.152 1287.493 1286.03 1284.633 1283.237 1281.89
1400.435 1398.696 1396.949 1395.127 1393.378 1391.559 1389.893 1388.396 1387 1385.561 1384.074 1382.568 1380.973 1379.144 1376.973 1374.809 1372.604 1370.457 1368.544 1366.744 1365.03 1363.337 1361.699 1360.064 1358.44 1356.838 1355.291 1353.732 1352.215 1350.721 1349.193 1347.672 1346.167 1344.604 1343.037 1341.349 1339.483 1337.558 1335.592 1333.433 1331.288 1328.88 1326.154 1323.368 1320.575 1317.837 1315.185 1312.68 1310.448 1308.52 1306.808 1305.331 1303.948 1302.588 1300.963 1299.021 1296.945 1294.71 1292.454 1290.251 1288.621 1287.119 1285.69 1284.31 1282.976
