SEB_model/sample_data_files/59surface_elevation.txt
ncols         475
nrows         344
xllcorner     388726.00889408
yllcorner     7584415.1517739
cellsize      5
NODATA_value  -9999
[rows 232 to 260 of 344, columns 65 to 129 of 475]
1464.052 1463.203 1462.43 1461.653 1460.882 1460.093 1459.396 1458.716 1458.017 1457.27 1456.481 1455.671 1454.833 1453.984 1452.977 1452.036 1451.07 1450.091 1449.322 1448.571 1447.828 1447.098 1446.289 1445.403 1444.319 1443.482 1442.573 1441.689 1440.871 1440.033 1439.263 1438.561 1437.892 1437.209 1436.526 1435.927 1435.279 1434.536 1433.976 1433.313 1432.708 1432.07 1431.285 1430.531 1429.727 1428.843 1427.895 1426.935 1425.957 1424.936 1423.867 1422.727 1421.544 1420.344 1418.7 1416.908 1415.106 1413.329 1411.551 1409.794 1408.17 1406.576 1405.015 1403.491 1402
1464.718 1463.89 1463.009 1462.098 1461.293 1460.498 1459.774 1459.103 1458.394 1457.646 1456.849 1456.043 1455.127 1454.235 1453.234 1452.236 1451.272 1450.334 1449.52 1448.77 1448.02 1447.286 1446.443 1445.606 1444.724 1443.62 1442.731 1441.848 1440.942 1440.089 1439.357 1438.678 1437.995 1437.316 1436.716 1436.079 1435.445 1434.833 1434.155 1433.565 1432.945 1432.265 1431.577 1430.78 1429.998 1429.115 1428.217 1427.28 1426.287 1425.264 1424.136 1422.905 1421.617 1420.241 1418.637 1416.837 1415.052 1413.237 1411.452 1409.719 1408.069 1406.494 1404.946 1403.44 1401.983
1465.142 1464.312 1463.344 1462.513 1461.762 1460.981 1460.217 1459.511 1458.781 1458.006 1457.216 1456.358 1455.474 1454.513 1453.515 1452.548 1451.569 1450.662 1449.821 1449.043 1448.242 1447.487 1446.672 1445.843 1444.98 1444.045 1442.891 1442.007 1441.115 1440.258 1439.541 1438.856 1438.162 1437.633 1436.948 1436.331 1435.674 1434.98 1434.423 1433.774 1433.127 1432.445 1431.778 1431.04 1430.237 1429.388 1428.511 1427.552 1426.541 1425.504 1424.316 1422.982 1421.58 1420.092 1418.454 1416.742 1414.943 1413.118 1411.36 1409.617 1407.96 1406.389 1404.868 1403.428 1401.939
1465.622 1464.576 1463.767 1463.025 1462.203 1461.437 1460.695 1459.946 1459.212 1458.436 1457.589 1456.714 1455.802 1454.855 1453.819 1452.923 1451.938 1451.008 1450.177 1449.337 1448.51 1447.677 1446.934 1446.091 1445.256 1444.355 1443.336 1442.223 1441.375 1440.576 1439.835 1439.102 1438.474 1437.799 1437.151 1436.486 1435.821 1435.197 1434.704 1434.028 1433.269 1432.628 1431.924 1431.222 1430.471 1429.625 1428.697 1427.754 1426.771 1425.658 1424.421 1423.041 1421.537 1419.951 1418.325 1416.62 1414.839 1413.069 1411.234 1409.487 1407.869 1406.313 1404.819 1403.318 1401.826
1465.851 1465.04 1464.25 1463.449 1462.663 1461.874 1461.139 1460.416 1459.677 1458.858 1457.979 1457.069 1456.139 1455.216 1454.262 1453.263 1452.33 1451.404 1450.519 1449.66 1448.81 1448.008 1447.165 1446.368 1445.527 1444.594 1443.688 1442.579 1441.701 1440.877 1440.144 1439.371 1438.659 1438.005 1437.411 1436.757 1436.067 1435.529 1434.875 1434.193 1433.532 1432.784 1432.074 1431.402 1430.616 1429.776 1428.871 1427.966 1426.95 1425.832 1424.578 1423.154 1421.557 1419.855 1418.277 1416.579 1414.848 1413.032 1411.146 1409.368 1407.79 1406.265 1404.711 1403.19 1401.695
1466.482 1465.747 1464.923 1463.858 1463.075 1462.296 1461.551 1460.859 1460.142 1459.278 1458.365 1457.444 1456.504 1455.578 1454.629 1453.643 1452.682 1451.772 1450.88 1450.001 1449.159 1448.317 1447.495 1446.66 1445.806 1444.916 1443.793 1442.945 1441.962 1441.103 1440.299 1439.531 1438.822 1438.234 1437.611 1436.973 1436.484 1435.68 1435.034 1434.409 1433.711 1432.975 1432.29 1431.532 1430.747 1429.915 1429.04 1428.133 1427.129 1426.046 1424.802 1423.353 1421.751 1420.075 1418.402 1416.698 1414.926 1413.077 1411.22 1409.453 1407.836 1406.227 1404.653 1403.093 1401.558
1466.945 1466.13 1465.311 1464.492 1463.603 1462.8 1461.988 1461.217 1460.46 1459.616 1458.714 1457.807 1456.875 1455.943 1454.977 1454.062 1453.099 1452.172 1451.266 1450.366 1449.513 1448.701 1447.856 1446.996 1446.201 1445.251 1444.32 1443.228 1442.272 1441.359 1440.445 1439.651 1439.033 1438.438 1437.832 1437.3 1436.681 1436.051 1435.278 1434.563 1433.85 1433.227 1432.449 1431.688 1430.9 1430.071 1429.191 1428.269 1427.341 1426.28 1425.096 1423.649 1422.014 1420.317 1418.593 1416.857 1415.055 1413.217 1411.391 1409.645 1407.919 1406.232 1404.606 1403.004 1401.41
1467.45 1466.493 1465.677 1464.86 1464.046 1463.109 1462.335 1461.581 1460.761 1459.928 1459.065 1458.157 1457.227 1456.299 1455.398 1454.391 1453.512 1452.597 1451.672 1450.784 1449.926 1449.083 1448.23 1447.403 1446.532 1445.668 1444.652 1443.744 1442.666 1441.694 1440.686 1439.88 1439.336 1438.726 1438.16 1437.523 1436.92 1436.265 1435.534 1434.721 1434.103 1433.394 1432.63 1431.803 1431.017 1430.196 1429.328 1428.464 1427.517 1426.478 1425.339 1423.905 1422.302 1420.593 1418.868 1417.034 1415.264 1413.409 1411.618 1409.814 1408.021 1406.271 1404.58 1402.92 1401.333
1467.807 1466.881 1466.022 1465.206 1464.309 1463.51 1462.691 1461.898 1461.091 1460.264 1459.402 1458.507 1457.595 1456.711 1455.801 1454.878 1453.891 1452.987 1452.09 1451.187 1450.334 1449.489 1448.65 1447.824 1446.934 1446.043 1445.109 1444.027 1443.051 1442.091 1441.168 1440.401 1439.778 1439.132 1438.437 1437.787 1437.217 1436.448 1435.697 1435.024 1434.252 1433.493 1432.723 1431.99 1431.161 1430.324 1429.456 1428.592 1427.657 1426.699 1425.531 1424.156 1422.576 1420.855 1419.069 1417.302 1415.459 1413.617 1411.813 1409.991 1408.134 1406.329 1404.59 1402.895 1401.218
1468.141 1467.278 1466.404 1465.455 1464.646 1463.876 1463.067 1462.206 1461.421 1460.599 1459.744 1458.863 1457.974 1457.086 1456.164 1455.25 1454.346 1453.373 1452.533 1451.66 1450.749 1449.931 1449.109 1448.245 1447.347 1446.424 1445.559 1444.618 1443.556 1442.579 1441.732 1440.945 1440.245 1439.539 1438.807 1438.073 1437.315 1436.606 1435.904 1435.151 1434.429 1433.597 1432.893 1432.092 1431.266 1430.421 1429.563 1428.665 1427.803 1426.814 1425.74 1424.435 1422.769 1421.044 1419.277 1417.455 1415.653 1413.788 1411.968 1410.104 1408.249 1406.379 1404.605 1402.814 1401.107
1468.452 1467.738 1466.958 1465.788 1465.018 1464.192 1463.377 1462.588 1461.751 1460.916 1460.085 1459.219 1458.344 1457.445 1456.551 1455.623 1454.683 1453.85 1452.925 1452.068 1451.24 1450.429 1449.577 1448.71 1447.782 1446.937 1446.043 1445.036 1444.079 1443.057 1442.183 1441.412 1440.663 1439.928 1439.138 1438.306 1437.484 1436.86 1436.12 1435.323 1434.547 1433.865 1432.991 1432.189 1431.361 1430.519 1429.656 1428.805 1427.874 1426.85 1425.785 1424.514 1422.877 1421.176 1419.405 1417.599 1415.776 1413.951 1412.101 1410.261 1408.347 1406.49 1404.661 1402.817 1401.039
1468.813 1468.08 1467.305 1466.474 1465.339 1464.495 1463.711 1462.919 1462.077 1461.217 1460.396 1459.565 1458.681 1457.815 1456.926 1456.043 1455.11 1454.223 1453.359 1452.474 1451.684 1450.86 1450.029 1449.164 1448.282 1447.384 1446.45 1445.431 1444.49 1443.57 1442.631 1441.788 1441.01 1440.236 1439.36 1438.526 1437.762 1436.97 1436.31 1435.441 1434.769 1433.967 1433.121 1432.272 1431.471 1430.606 1429.752 1428.867 1427.896 1426.852 1425.728 1424.386 1422.867 1421.199 1419.476 1417.689 1415.902 1414.059 1412.26 1410.409 1408.485 1406.556 1404.65 1402.824 1401.121
1469.104 1468.419 1467.658 1466.847 1465.947 1464.875 1464.035 1463.205 1462.369 1461.557 1460.729 1459.889 1459.043 1458.153 1457.303 1456.448 1455.538 1454.593 1453.753 1452.949 1452.063 1451.255 1450.461 1449.619 1448.716 1447.795 1446.793 1445.832 1444.876 1444.007 1443.083 1442.127 1441.272 1440.392 1439.52 1438.694 1437.914 1437.147 1436.313 1435.651 1434.849 1434.055 1433.241 1432.386 1431.557 1430.726 1429.825 1428.892 1427.928 1426.857 1425.668 1424.33 1422.829 1421.211 1419.507 1417.77 1415.941 1414.152 1412.32 1410.475 1408.536 1406.583 1404.664 1402.888 1401.152
1469.362 1468.693 1467.96 1467.161 1466.276 1465.194 1464.355 1463.479 1462.673 1461.868 1461.04 1460.207 1459.369 1458.536 1457.661 1456.799 1455.913 1455.04 1454.125 1453.31 1452.483 1451.628 1450.834 1449.996 1449.107 1448.23 1447.306 1446.222 1445.323 1444.359 1443.436 1442.518 1441.506 1440.559 1439.655 1438.772 1438.03 1437.256 1436.565 1435.752 1434.941 1434.108 1433.318 1432.485 1431.661 1430.804 1429.907 1428.936 1427.961 1426.861 1425.638 1424.311 1422.858 1421.25 1419.579 1417.837 1416.058 1414.231 1412.384 1410.476 1408.53 1406.563 1404.721 1402.87 1401.127
1469.627 1468.994 1468.279 1467.538 1466.668 1465.769 1464.62 1463.807 1463.008 1462.146 1461.33 1460.529 1459.71 1458.884 1458.055 1457.144 1456.271 1455.469 1454.581 1453.723 1452.909 1452.08 1451.213 1450.357 1449.519 1448.622 1447.695 1446.754 1445.683 1444.734 1443.833 1442.832 1441.827 1440.801 1439.868 1438.997 1438.197 1437.449 1436.701 1435.877 1435.052 1434.219 1433.367 1432.586 1431.738 1430.881 1429.978 1428.991 1427.963 1426.854 1425.668 1424.379 1422.896 1421.292 1419.605 1417.902 1416.129 1414.291 1412.407 1410.483 1408.528 1406.613 1404.693 1402.836 1401.077
1469.882 1469.277 1468.578 1467.8 1466.943 1466.072 1465.205 1464.085 1463.253 1462.407 1461.62 1460.837 1460.015 1459.191 1458.365 1457.54 1456.646 1455.801 1454.979 1454.089 1453.26 1452.424 1451.626 1450.793 1449.929 1449.034 1448.091 1447.121 1446.165 1445.158 1444.139 1443.116 1442.108 1441.089 1440.109 1439.189 1438.364 1437.549 1436.743 1436.021 1435.18 1434.299 1433.503 1432.608 1431.808 1430.9 1429.989 1428.978 1427.922 1426.841 1425.715 1424.427 1422.963 1421.377 1419.698 1418.022 1416.226 1414.333 1412.414 1410.499 1408.535 1406.587 1404.681 1402.823 1401.052
1470.134 1469.564 1468.826 1468.035 1467.225 1466.405 1465.472 1464.315 1463.489 1462.702 1461.929 1461.124 1460.304 1459.49 1458.674 1457.873 1457.051 1456.125 1455.333 1454.505 1453.688 1452.81 1452.012 1451.17 1450.319 1449.437 1448.485 1447.512 1446.57 1445.555 1444.442 1443.426 1442.381 1441.355 1440.332 1439.394 1438.516 1437.683 1436.915 1436.025 1435.241 1434.403 1433.526 1432.689 1431.8 1430.881 1429.934 1428.928 1427.876 1426.828 1425.675 1424.423 1423.036 1421.554 1419.976 1418.221 1416.327 1414.368 1412.397 1410.473 1408.496 1406.558 1404.671 1402.896 1401.15
1470.258 1469.719 1469.038 1468.305 1467.446 1466.617 1465.77 1464.832 1463.741 1463 1462.224 1461.405 1460.602 1459.811 1459.062 1458.188 1457.372 1456.51 1455.688 1454.856 1454.006 1453.211 1452.348 1451.521 1450.718 1449.852 1448.91 1447.914 1446.9 1445.867 1444.776 1443.714 1442.679 1441.625 1440.599 1439.636 1438.73 1437.903 1437.071 1436.194 1435.269 1434.452 1433.67 1432.686 1431.808 1430.84 1429.877 1428.876 1427.858 1426.791 1425.638 1424.397 1423.087 1421.714 1420.269 1418.405 1416.402 1414.409 1412.427 1410.423 1408.463 1406.551 1404.751 1402.975 1401.275
1470.309 1469.799 1469.177 1468.416 1467.681 1466.807 1465.971 1465.167 1464.03 1463.263 1462.462 1461.671 1460.876 1460.144 1459.362 1458.578 1457.745 1456.974 1456.14 1455.22 1454.421 1453.584 1452.706 1451.888 1451.046 1450.187 1449.276 1448.253 1447.23 1446.218 1445.212 1444.126 1442.978 1441.914 1440.882 1439.895 1439 1438.077 1437.17 1436.282 1435.338 1434.509 1433.685 1432.771 1431.781 1430.818 1429.826 1428.854 1427.812 1426.744 1425.593 1424.385 1423.099 1421.729 1420.22 1418.417 1416.462 1414.456 1412.407 1410.349 1408.41 1406.579 1404.814 1403.053 1401.374
1470.374 1469.901 1469.293 1468.61 1467.841 1467.052 1466.192 1465.38 1464.575 1463.475 1462.684 1461.912 1461.199 1460.426 1459.654 1458.879 1458.104 1457.264 1456.453 1455.628 1454.726 1453.887 1453.074 1452.214 1451.407 1450.519 1449.607 1448.635 1447.601 1446.576 1445.488 1444.398 1443.29 1442.204 1441.163 1440.171 1439.218 1438.288 1437.344 1436.424 1435.497 1434.56 1433.645 1432.767 1431.794 1430.787 1429.823 1428.801 1427.768 1426.679 1425.555 1424.354 1423.094 1421.74 1420.202 1418.431 1416.536 1414.484 1412.385 1410.268 1408.414 1406.641 1404.876 1403.172 1401.51
1470.467 1470.019 1469.432 1468.751 1468.016 1467.208 1466.458 1465.585 1464.768 1463.952 1462.894 1462.197 1461.45 1460.695 1459.955 1459.21 1458.466 1457.697 1456.765 1455.936 1455.106 1454.26 1453.413 1452.569 1451.753 1450.84 1449.942 1448.993 1448.002 1446.911 1445.814 1444.635 1443.54 1442.463 1441.459 1440.455 1439.437 1438.454 1437.508 1436.589 1435.635 1434.671 1433.695 1432.702 1431.776 1430.804 1429.773 1428.762 1427.717 1426.668 1425.546 1424.344 1423.099 1421.751 1420.254 1418.504 1416.562 1414.542 1412.46 1410.44 1408.56 1406.731 1405.023 1403.329 1401.693
1470.54 1470.113 1469.536 1468.868 1468.143 1467.412 1466.641 1465.811 1464.941 1464.141 1463.153 1462.43 1461.685 1460.991 1460.234 1459.505 1458.764 1458.003 1457.193 1456.301 1455.473 1454.606 1453.694 1452.953 1452.09 1451.169 1450.285 1449.349 1448.312 1447.24 1446.089 1444.98 1443.848 1442.8 1441.731 1440.669 1439.633 1438.634 1437.654 1436.688 1435.724 1434.72 1433.724 1432.727 1431.818 1430.796 1429.758 1428.738 1427.716 1426.671 1425.538 1424.363 1423.114 1421.762 1420.274 1418.531 1416.62 1414.611 1412.623 1410.643 1408.725 1406.948 1405.202 1403.516 1401.942
1470.612 1470.175 1469.651 1468.972 1468.267 1467.55 1466.805 1465.946 1465.158 1464.062 1463.324 1462.601 1462.003 1461.266 1460.541 1459.819 1459.101 1458.321 1457.505 1456.639 1455.807 1454.934 1454.051 1453.21 1452.337 1451.486 1450.622 1449.682 1448.567 1447.413 1446.3 1445.183 1444.12 1442.994 1441.923 1440.869 1439.832 1438.809 1437.751 1436.758 1435.747 1434.741 1433.792 1432.777 1431.789 1430.806 1429.772 1428.754 1427.705 1426.626 1425.546 1424.368 1423.121 1421.79 1420.266 1418.557 1416.677 1414.763 1412.778 1410.817 1408.932 1407.154 1405.43 1403.781 1402.206
1470.668 1470.245 1469.744 1469.14 1468.381 1467.653 1466.86 1466.184 1465.386 1464.597 1463.475 1462.854 1462.262 1461.568 1460.849 1460.147 1459.442 1458.696 1457.84 1456.978 1456.178 1455.232 1454.342 1453.472 1452.573 1451.704 1450.804 1449.825 1448.762 1447.657 1446.534 1445.471 1444.291 1443.191 1442.082 1441.046 1439.987 1438.919 1437.876 1436.858 1435.872 1434.858 1433.827 1432.836 1431.852 1430.833 1429.818 1428.773 1427.704 1426.669 1425.539 1424.362 1423.133 1421.804 1420.341 1418.654 1416.811 1414.88 1412.921 1410.957 1409.099 1407.334 1405.649 1404.02 1402.453
1470.696 1470.302 1469.828 1469.197 1468.529 1467.75 1467.041 1466.333 1465.629 1464.778 1463.832 1463.164 1462.502 1461.833 1461.152 1460.464 1459.779 1459.066 1458.171 1457.327 1456.442 1455.509 1454.593 1453.712 1452.81 1451.861 1450.93 1449.943 1448.893 1447.803 1446.718 1445.607 1444.503 1443.33 1442.239 1441.168 1440.087 1439.016 1437.949 1436.919 1435.897 1434.905 1433.885 1432.923 1431.901 1430.906 1429.848 1428.768 1427.726 1426.628 1425.521 1424.354 1423.114 1421.818 1420.424 1418.743 1416.893 1414.992 1413.065 1411.126 1409.288 1407.577 1405.887 1404.265 1402.693
1470.701 1470.308 1469.82 1469.226 1468.577 1467.938 1467.199 1466.475 1465.741 1464.978 1463.978 1463.373 1462.687 1462.051 1461.406 1460.77 1460.137 1459.406 1458.589 1457.686 1456.694 1455.786 1454.887 1453.892 1452.969 1452.033 1451.055 1450.06 1449.013 1447.945 1446.845 1445.733 1444.618 1443.503 1442.386 1441.29 1440.201 1439.117 1438.075 1437.002 1435.974 1434.923 1433.944 1432.91 1431.934 1430.922 1429.873 1428.789 1427.706 1426.668 1425.543 1424.335 1423.115 1421.802 1420.382 1418.75 1416.95 1415.102 1413.222 1411.359 1409.539 1407.807 1406.122 1404.503 1402.951
1470.729 1470.318 1469.825 1469.253 1468.655 1468.011 1467.33 1466.56 1465.882 1465.088 1464.458 1463.502 1462.849 1462.227 1461.608 1461.037 1460.43 1459.759 1458.846 1457.904 1456.892 1455.966 1455.048 1454.148 1453.179 1452.204 1451.22 1450.191 1449.157 1448.094 1446.999 1445.844 1444.762 1443.684 1442.532 1441.395 1440.3 1439.22 1438.134 1437.092 1436.037 1435.008 1433.989 1432.985 1431.953 1430.922 1429.875 1428.805 1427.755 1426.685 1425.521 1424.348 1423.096 1421.812 1420.385 1418.765 1417.023 1415.214 1413.372 1411.558 1409.777 1408.03 1406.381 1404.749 1403.227
1470.777 1470.351 1469.861 1469.315 1468.729 1468.065 1467.517 1466.909 1466.019 1465.349 1464.647 1463.979 1462.998 1462.372 1461.801 1461.183 1460.574 1459.867 1458.966 1458.027 1457.05 1456.155 1455.29 1454.338 1453.403 1452.402 1451.377 1450.342 1449.306 1448.253 1447.169 1446.088 1444.902 1443.778 1442.656 1441.504 1440.423 1439.312 1438.225 1437.106 1436.088 1435.039 1434.033 1432.995 1431.973 1430.948 1429.893 1428.821 1427.784 1426.669 1425.528 1424.352 1423.127 1421.82 1420.419 1418.801 1417.078 1415.296 1413.521 1411.73 1409.978 1408.255 1406.593 1404.994 1403.469
1470.789 1470.38 1469.931 1469.403 1468.838 1468.242 1467.622 1466.977 1466.317 1465.503 1464.813 1464.109 1463.411 1462.521 1461.888 1461.272 1460.616 1459.856 1459.003 1458.142 1457.254 1456.365 1455.379 1454.459 1453.511 1452.538 1451.52 1450.471 1449.444 1448.386 1447.307 1446.186 1445.052 1443.861 1442.734 1441.598 1440.508 1439.387 1438.247 1437.155 1436.087 1435.076 1434.061 1433.042 1432.04 1430.987 1429.928 1428.853 1427.78 1426.674 1425.524 1424.359 1423.122 1421.796 1420.377 1418.803 1417.096 1415.379 1413.634 1411.842 1410.117 1408.404 1406.764 1405.223 1403.748
