SEB_model/sample_data_files/59surface_elevation.txt
ncols         475
nrows         344
xllcorner     388726.00889408
yllcorner     7584415.1517739
cellsize      5
NODATA_value  -9999
[rows 29 to 57 of 344, columns 325 to 389 of 475]
1085.947 1084.664 1083.453 1082.277 1081.077 1079.824 1078.546 1077.257 1075.996 1074.768 1073.567 1072.397 1071.236 1070.08 1068.952 1067.802 1066.637 1065.465 1064.322 1063.206 1062.198 -9999 -9999 -9999 -9999 -9999 -9999 -9999 -9999 -9999 -9999 -9999 -9999 -9999 -9999 -9999 -9999 -9999 -9999 -9999 -9999 -9999 -9999 -9999 -9999 -9999 -9999 -9999 -9999 -9999 -9999 -9999 -9999 -9999 -9999 -9999 -9999 -9999 -9999 -9999 -9999 -9999 -9999 -9999 -9999
1085.344 1084.051 1082.85 1081.696 1080.548 1079.272 1077.94 1076.636 1075.36 1074.108 1072.881 1071.699 1070.492 1069.32 1068.182 1067.021 1065.84 1064.688 1063.541 1062.427 1061.362 1060.461 -9999 -9999 -9999 -9999 -9999 -9999 -9999 -9999 -9999 -9999 -9999 -9999 -9999 -9999 -9999 -9999 -9999 -9999 -9999 -9999 -9999 -9999 -9999 -9999 -9999 -9999 -9999 -9999 -9999 -9999 -9999 -9999 -9999 -9999 -9999 -9999 -9999 -9999 -9999 -9999 -9999 -9999 -9999
1084.725 1083.453 1082.226 1081.05 1079.893 1078.615 1077.288 1075.958 1074.691 1073.425 1072.191 1070.981 1069.781 1068.593 1067.415 1066.243 1065.086 1063.925 1062.788 1061.677 1060.6 1059.674 -9999 -9999 -9999 -9999 -9999 -9999 -9999 -9999 -9999 -9999 -9999 -9999 -9999 -9999 -9999 -9999 -9999 -9999 -9999 -9999 -9999 -9999 -9999 -9999 -9999 -9999 -9999 -9999 -9999 -9999 -9999 -9999 -9999 -9999 -9999 -9999 -9999 -9999 -9999 -9999 -9999 -9999 -9999
1084.111 1082.81 1081.604 1080.376 1079.146 1077.878 1076.59 1075.275 1073.999 1072.73 1071.49 1070.258 1069.053 1067.857 1066.663 1065.494 1064.339 1063.189 1062.073 1061.002 1059.994 1059.117 1058.395 -9999 -9999 -9999 -9999 -9999 -9999 -9999 -9999 -9999 -9999 -9999 -9999 -9999 -9999 -9999 -9999 -9999 -9999 -9999 -9999 -9999 -9999 -9999 -9999 -9999 -9999 -9999 -9999 -9999 -9999 -9999 -9999 -9999 -9999 -9999 -9999 -9999 -9999 -9999 -9999 -9999 -9999
1083.483 1082.196 1080.939 1079.684 1078.422 1077.159 1075.875 1074.581 1073.294 1072.045 1070.777 1069.536 1068.327 1067.127 1065.935 1064.754 1063.601 1062.474 1061.396 1060.356 1059.411 1058.578 1057.795 1057.241 -9999 -9999 -9999 -9999 -9999 -9999 -9999 -9999 -9999 -9999 -9999 -9999 -9999 -9999 -9999 -9999 -9999 -9999 -9999 -9999 -9999 -9999 -9999 -9999 -9999 -9999 -9999 -9999 -9999 -9999 -9999 -9999 -9999 -9999 -9999 -9999 -9999 -9999 -9999 -9999 -9999
1082.868 1081.573 1080.279 1078.994 1077.732 1076.445 1075.15 1073.873 1072.616 1071.338 1070.071 1068.823 1067.619 1066.405 1065.212 1064.036 1062.881 1061.765 1060.709 1059.729 1058.817 1057.997 1057.329 1056.657 1056.046 -9999 -9999 -9999 -9999 -9999 -9999 -9999 -9999 -9999 -9999 -9999 -9999 -9999 -9999 -9999 -9999 -9999 -9999 -9999 -9999 -9999 -9999 -9999 -9999 -9999 -9999 -9999 -9999 -9999 -9999 -9999 -9999 -9999 -9999 -9999 -9999 -9999 -9999 -9999 -9999
1082.25 1080.942 1079.629 1078.337 1077.031 1075.74 1074.442 1073.174 1071.9 1070.64 1069.371 1068.134 1066.911 1065.702 1064.508 1063.329 1062.177 1061.054 1060.021 1059.109 1058.257 1057.446 1056.744 1056.085 1055.443 -9999 -9999 -9999 -9999 -9999 -9999 -9999 -9999 -9999 -9999 -9999 -9999 -9999 -9999 -9999 -9999 -9999 -9999 -9999 -9999 -9999 -9999 -9999 -9999 -9999 -9999 -9999 -9999 -9999 -9999 -9999 -9999 -9999 -9999 -9999 -9999 -9999 -9999 -9999 -9999
1081.622 1080.327 1079.001 1077.666 1076.343 1075.032 1073.753 1072.469 1071.192 1069.917 1068.682 1067.451 1066.235 1065.013 1063.823 1062.656 1061.486 1060.347 1059.37 1058.467 1057.647 1056.879 1056.132 1055.468 1054.852 1054.23 -9999 -9999 -9999 -9999 -9999 -9999 -9999 -9999 -9999 -9999 -9999 -9999 -9999 -9999 -9999 -9999 -9999 -9999 -9999 -9999 -9999 -9999 -9999 -9999 -9999 -9999 -9999 -9999 -9999 -9999 -9999 -9999 -9999 -9999 -9999 -9999 -9999 -9999 -9999
1081.004 1079.712 1078.344 1076.994 1075.657 1074.36 1073.052 1071.772 1070.479 1069.216 1067.981 1066.77 1065.55 1064.358 1063.166 1061.994 1060.851 1059.744 1058.748 1057.859 1057.019 1056.243 1055.527 1054.825 1054.204 1053.619 1053.02 1052.485 -9999 -9999 -9999 -9999 -9999 -9999 -9999 -9999 -9999 -9999 -9999 -9999 -9999 -9999 -9999 -9999 -9999 -9999 -9999 -9999 -9999 -9999 -9999 -9999 -9999 -9999 -9999 -9999 -9999 -9999 -9999 -9999 -9999 -9999 -9999 -9999 -9999
1080.328 1078.999 1077.657 1076.311 1074.987 1073.663 1072.348 1071.05 1069.788 1068.524 1067.284 1066.065 1064.88 1063.689 1062.517 1061.356 1060.225 1059.139 1058.144 1057.228 1056.381 1055.58 1054.864 1054.194 1053.523 1052.934 1052.367 1051.778 1051.262 -9999 -9999 -9999 -9999 -9999 -9999 -9999 -9999 -9999 -9999 -9999 -9999 -9999 -9999 -9999 -9999 -9999 -9999 -9999 -9999 -9999 -9999 -9999 -9999 -9999 -9999 -9999 -9999 -9999 -9999 -9999 -9999 -9999 -9999 -9999 -9999
1079.626 1078.286 1076.946 1075.634 1074.303 1072.973 1071.649 1070.356 1069.085 1067.84 1066.585 1065.373 1064.185 1063.027 1061.869 1060.726 1059.595 1058.511 1057.507 1056.568 1055.702 1054.896 1054.152 1053.47 1052.842 1052.213 1051.637 1051.06 1050.485 1049.925 -9999 -9999 -9999 -9999 -9999 -9999 -9999 -9999 -9999 -9999 -9999 -9999 -9999 -9999 -9999 -9999 -9999 -9999 -9999 -9999 -9999 -9999 -9999 -9999 -9999 -9999 -9999 -9999 -9999 -9999 -9999 -9999 -9999 -9999 -9999
1078.927 1077.589 1076.281 1074.948 1073.627 1072.296 1070.968 1069.651 1068.386 1067.135 1065.909 1064.673 1063.487 1062.333 1061.217 1060.097 1058.962 1057.859 1056.825 1055.855 1054.977 1054.14 1053.393 1052.696 1052.06 1051.472 1050.877 1050.249 1049.602 1048.974 1048.384 1047.797 -9999 -9999 -9999 -9999 -9999 -9999 -9999 -9999 -9999 -9999 -9999 -9999 -9999 -9999 -9999 -9999 -9999 -9999 -9999 -9999 -9999 -9999 -9999 -9999 -9999 -9999 -9999 -9999 -9999 -9999 -9999 -9999 -9999
1078.22 1076.942 1075.616 1074.292 1072.962 1071.648 1070.316 1068.993 1067.707 1066.442 1065.199 1063.965 1062.778 1061.625 1060.524 1059.421 1058.272 1057.172 1056.102 1055.116 1054.222 1053.355 1052.569 1051.863 1051.208 1050.617 1050.075 1049.335 1048.619 1047.968 1047.356 1046.771 1046.209 1045.667 -9999 -9999 -9999 -9999 -9999 -9999 -9999 -9999 -9999 -9999 -9999 -9999 -9999 -9999 -9999 -9999 -9999 -9999 -9999 -9999 -9999 -9999 -9999 -9999 -9999 -9999 -9999 -9999 -9999 -9999 -9999
1077.568 1076.258 1074.962 1073.648 1072.344 1071.021 1069.69 1068.356 1067.043 1065.753 1064.482 1063.242 1062.043 1060.891 1059.764 1058.648 1057.528 1056.427 1055.371 1054.355 1053.411 1052.523 1051.707 1050.962 1050.293 1049.634 1048.994 1048.263 1047.56 1046.896 1046.283 1045.706 1045.18 1044.659 1044.141 1043.689 -9999 -9999 -9999 -9999 -9999 -9999 -9999 -9999 -9999 -9999 -9999 -9999 -9999 -9999 -9999 -9999 -9999 -9999 -9999 -9999 -9999 -9999 -9999 -9999 -9999 -9999 -9999 -9999 -9999
1076.93 1075.651 1074.358 1073.07 1071.766 1070.421 1069.064 1067.726 1066.389 1065.078 1063.772 1062.513 1061.302 1060.135 1058.995 1057.873 1056.76 1055.665 1054.594 1053.565 1052.571 1051.65 1050.8 1050.034 1049.307 1048.583 1047.835 1047.126 1046.415 1045.762 1045.16 1044.588 1044.077 1043.646 1043.182 1042.793 1042.412 1042.046 -9999 -9999 -9999 -9999 -9999 -9999 -9999 -9999 -9999 -9999 -9999 -9999 -9999 -9999 -9999 -9999 -9999 -9999 -9999 -9999 -9999 -9999 -9999 -9999 -9999 -9999 -9999
1076.313 1075.047 1073.801 1072.493 1071.192 1069.838 1068.472 1067.096 1065.745 1064.397 1063.065 1061.777 1060.542 1059.376 1058.24 1057.11 1055.994 1054.892 1053.811 1052.754 1051.73 1050.748 1049.875 1049.08 1048.279 1047.466 1046.719 1045.961 1045.241 1044.573 1043.997 1043.471 1042.987 1042.6 1042.217 1041.88 1041.562 1041.252 1040.947 -9999 -9999 -9999 -9999 -9999 -9999 -9999 -9999 -9999 -9999 -9999 -9999 -9999 -9999 -9999 -9999 -9999 -9999 -9999 -9999 -9999 -9999 -9999 -9999 -9999 -9999
1075.76 1074.511 1073.255 1071.958 1070.627 1069.277 1067.888 1066.504 1065.109 1063.738 1062.39 1061.038 1059.787 1058.642 1057.505 1056.376 1055.245 1054.13 1053.033 1051.965 1050.906 1049.901 1048.985 1048.115 1047.233 1046.417 1045.609 1044.817 1044.045 1043.371 1042.781 1042.326 1041.91 1041.569 1041.247 1040.955 1040.683 1040.386 1040.167 1039.928 -9999 -9999 -9999 -9999 -9999 -9999 -9999 -9999 -9999 -9999 -9999 -9999 -9999 -9999 -9999 -9999 -9999 -9999 -9999 -9999 -9999 -9999 -9999 -9999 -9999
1075.253 1074.005 1072.744 1071.458 1070.117 1068.722 1067.323 1065.904 1064.492 1063.106 1061.743 1060.392 1059.13 1057.966 1056.819 1055.677 1054.537 1053.391 1052.281 1051.191 1050.122 1049.103 1048.123 1047.171 1046.283 1045.399 1044.543 1043.7 1042.892 1042.141 1041.579 1041.182 1040.861 1040.575 1040.293 1040.034 1039.787 1039.54 1039.297 1039.001 1038.581 -9999 -9999 -9999 -9999 -9999 -9999 -9999 -9999 -9999 -9999 -9999 -9999 -9999 -9999 -9999 -9999 -9999 -9999 -9999 -9999 -9999 -9999 -9999 -9999
1074.728 1073.492 1072.261 1070.995 1069.638 1068.192 1066.737 1065.298 1063.883 1062.495 1061.131 1059.809 1058.547 1057.343 1056.173 1055.008 1053.847 1052.693 1051.544 1050.426 1049.35 1048.309 1047.246 1046.274 1045.351 1044.441 1043.541 1042.663 1041.783 1040.963 1040.388 1040.115 1039.875 1039.638 1039.384 1039.142 1038.908 1038.663 1038.402 1038.104 1037.725 -9999 -9999 -9999 -9999 -9999 -9999 -9999 -9999 -9999 -9999 -9999 -9999 -9999 -9999 -9999 -9999 -9999 -9999 -9999 -9999 -9999 -9999 -9999 -9999
1074.221 1072.986 1071.724 1070.468 1069.1 1067.622 1066.149 1064.703 1063.281 1061.895 1060.542 1059.238 1057.974 1056.755 1055.559 1054.379 1053.203 1052.015 1050.831 1049.692 1048.598 1047.487 1046.438 1045.418 1044.446 1043.525 1042.62 1041.73 1040.866 1040.053 1039.495 1039.235 1039 1038.74 1038.513 1038.288 1038.056 1037.8 1037.533 1037.241 1036.907 -9999 -9999 -9999 -9999 -9999 -9999 -9999 -9999 -9999 -9999 -9999 -9999 -9999 -9999 -9999 -9999 -9999 -9999 -9999 -9999 -9999 -9999 -9999 -9999
1073.691 1072.409 1071.139 1069.827 1068.448 1067.004 1065.546 1064.095 1062.672 1061.283 1059.947 1058.671 1057.41 1056.189 1054.983 1053.788 1052.597 1051.391 1050.177 1049.005 1047.843 1046.728 1045.642 1044.604 1043.599 1042.652 1041.767 1040.921 1040.108 1039.398 1038.864 1038.513 1038.241 1037.944 1037.706 1037.476 1037.223 1036.974 1036.698 1036.403 1036.122 1035.795 -9999 -9999 -9999 -9999 -9999 -9999 -9999 -9999 -9999 -9999 -9999 -9999 -9999 -9999 -9999 -9999 -9999 -9999 -9999 -9999 -9999 -9999 -9999
1073.135 1071.836 1070.533 1069.187 1067.8 1066.369 1064.927 1063.487 1062.052 1060.662 1059.354 1058.113 1056.888 1055.65 1054.445 1053.236 1052.023 1050.804 1049.571 1048.341 1047.162 1045.995 1044.873 1043.809 1042.799 1041.839 1040.96 1040.175 1039.423 1038.783 1038.263 1037.832 1037.514 1037.233 1036.951 1036.658 1036.438 1036.18 1035.914 1035.626 1035.326 1035.033 -9999 -9999 -9999 -9999 -9999 -9999 -9999 -9999 -9999 -9999 -9999 -9999 -9999 -9999 -9999 -9999 -9999 -9999 -9999 -9999 -9999 -9999 -9999
1072.565 1071.256 1069.931 1068.564 1067.17 1065.747 1064.317 1062.887 1061.449 1060.034 1058.795 1057.573 1056.362 1055.156 1053.931 1052.719 1051.477 1050.234 1048.971 1047.72 1046.489 1045.298 1044.145 1043.047 1042.032 1041.069 1040.203 1039.457 1038.791 1038.198 1037.644 1037.233 1036.87 1036.553 1036.232 1035.927 1035.655 1035.426 1035.159 1034.896 1034.581 1034.272 1033.936 -9999 -9999 -9999 -9999 -9999 -9999 -9999 -9999 -9999 -9999 -9999 -9999 -9999 -9999 -9999 -9999 -9999 -9999 -9999 -9999 -9999 -9999
1071.985 1070.685 1069.336 1067.954 1066.55 1065.144 1063.73 1062.317 1060.909 1059.557 1058.296 1057.073 1055.864 1054.665 1053.456 1052.224 1050.989 1049.707 1048.404 1047.114 1045.843 1044.605 1043.412 1042.314 1041.297 1040.37 1039.548 1038.825 1038.19 1037.604 1037.097 1036.637 1036.248 1035.884 1035.569 1035.26 1034.948 1034.672 1034.439 1034.169 1033.888 1033.575 1033.261 -9999 -9999 -9999 -9999 -9999 -9999 -9999 -9999 -9999 -9999 -9999 -9999 -9999 -9999 -9999 -9999 -9999 -9999 -9999 -9999 -9999 -9999
1071.403 1070.121 1068.74 1067.339 1065.944 1064.545 1063.157 1061.774 1060.416 1059.094 1057.829 1056.608 1055.392 1054.187 1052.974 1051.772 1050.537 1049.218 1047.862 1046.523 1045.214 1043.941 1042.707 1041.583 1040.596 1039.722 1038.963 1038.294 1037.619 1037.081 1036.641 1036.087 1035.637 1035.267 1034.921 1034.611 1034.285 1033.992 1033.734 1033.487 1033.213 1032.927 1032.574 -9999 -9999 -9999 -9999 -9999 -9999 -9999 -9999 -9999 -9999 -9999 -9999 -9999 -9999 -9999 -9999 -9999 -9999 -9999 -9999 -9999 -9999
1070.776 1069.484 1068.1 1066.711 1065.328 1063.953 1062.582 1061.238 1059.915 1058.629 1057.374 1056.152 1054.942 1053.72 1052.512 1051.303 1050.089 1048.718 1047.322 1045.95 1044.609 1043.294 1042.038 1040.865 1039.914 1039.13 1038.408 1037.709 1037.114 1036.554 1036.051 1035.64 1035.086 1034.669 1034.313 1034.083 1033.77 1033.363 1033.079 1032.828 1032.573 1032.297 1032.001 -9999 -9999 -9999 -9999 -9999 -9999 -9999 -9999 -9999 -9999 -9999 -9999 -9999 -9999 -9999 -9999 -9999 -9999 -9999 -9999 -9999 -9999
1070.078 1068.78 1067.43 1066.07 1064.718 1063.352 1062.011 1060.696 1059.416 1058.16 1056.929 1055.706 1054.49 1053.289 1052.044 1050.799 1049.517 1048.167 1046.778 1045.401 1044.051 1042.74 1041.464 1040.247 1039.34 1038.606 1037.909 1037.213 1036.614 1036.062 1035.551 1035.079 1034.679 1034.23 1033.825 1033.476 1033.151 1032.846 1032.522 1032.215 1031.926 1031.601 1031.215 -9999 -9999 -9999 -9999 -9999 -9999 -9999 -9999 -9999 -9999 -9999 -9999 -9999 -9999 -9999 -9999 -9999 -9999 -9999 -9999 -9999 -9999
1069.373 1068.066 1066.753 1065.425 1064.092 1062.755 1061.434 1060.151 1058.916 1057.699 1056.489 1055.279 1054.08 1052.856 1051.59 1050.307 1048.984 1047.621 1046.236 1044.854 1043.511 1042.221 1040.993 1039.874 1038.956 1038.173 1037.496 1036.852 1036.147 1035.61 1035.092 1034.572 1034.116 1033.723 1033.279 1032.883 1032.547 1032.239 1031.955 1031.658 1031.376 1031.097 1030.751 1030.302 -9999 -9999 -9999 -9999 -9999 -9999 -9999 -9999 -9999 -9999 -9999 -9999 -9999 -9999 -9999 -9999 -9999 -9999 -9999 -9999 -9999
1068.675 1067.375 1066.09 1064.776 1063.473 1062.175 1060.868 1059.611 1058.429 1057.247 1056.063 1054.881 1053.679 1052.431 1051.165 1049.854 1048.495 1047.107 1045.713 1044.329 1042.995 1041.739 1040.563 1039.526 1038.577 1037.797 1037.098 1036.461 1035.736 1035.158 1034.621 1034.175 1033.609 1033.152 1032.76 1032.326 1031.95 1031.638 1031.363 1031.114 1030.862 1030.625 1030.294 1029.81 -9999 -9999 -9999 -9999 -9999 -9999 -9999 -9999 -9999 -9999 -9999 -9999 -9999 -9999 -9999 -9999 -9999 -9999 -9999 -9999 -9999
