SEB_model/sample_data_files/contemp/IceThickness/thick_2009_5m.txt
ncols         313
nrows         278
xllcorner     388961.19995117
yllcorner     7584381.3441773
cellsize      5
NODATA_value  -9999
[rows 186 to 216 of 278, columns 0 to 69 of 313]
-9999 -9999 -9999 -9999 -9999 -9999 -9999 0 6.632941 6.632941 6.361517 6.361517 6.361517 6.488165 6.488165 6.488165 6.488959 6.488959 6.739935 6.739935 6.739935 8.354193 8.354193 8.354193 9.252996 9.252996 7.936408 7.936408 7.936408 9.559759 9.559759 8.592901 8.592901 8.592901 8.932501 8.932501 8.932501 9.804083 9.804083 9.880804 9.880804 9.880804 10.6872 10.6872 12.89014 12.89014 12.89014 15.30847 15.30847 15.30847 16.18506 16.18506 17.22949 17.22949 17.22949 20.62598 20.62598 20.62598 23.9491 23.9491 23.02246 23.02246 23.02246 21.29736 21.29736 22.41943 22.41943 22.41943 21.89551 21.89551
-9999 -9999 -9999 -9999 -9999 -9999 -9999 0 6.632941 6.632941 6.361517 6.361517 6.361517 6.488165 6.488165 6.488165 6.488959 6.488959 6.739935 6.739935 6.739935 8.354193 8.354193 8.354193 9.252996 9.252996 7.936408 7.936408 7.936408 9.559759 9.559759 8.592901 8.592901 8.592901 8.932501 8.932501 8.932501 9.804083 9.804083 9.880804 9.880804 9.880804 10.6872 10.6872 12.89014 12.89014 12.89014 15.30847 15.30847 15.30847 16.18506 16.18506 17.22949 17.22949 17.22949 20.62598 20.62598 20.62598 23.9491 23.9491 23.02246 23.02246 23.02246 21.29736 21.29736 22.41943 22.41943 22.41943 21.89551 21.89551
-9999 -9999 -9999 -9999 -9999 -9999 -9999 0 6.632941 6.632941 6.361517 6.361517 6.361517 6.488165 6.488165 6.488165 6.488959 6.488959 6.739935 6.739935 6.739935 8.354193 8.354193 8.354193 9.252996 9.252996 7.936408 7.936408 7.936408 9.559759 9.559759 8.592901 8.592901 8.592901 8.932501 8.932501 8.932501 9.804083 9.804083 9.880804 9.880804 9.880804 10.6872 10.6872 12.89014 12.89014 12.89014 15.30847 15.30847 15.30847 16.18506 16.18506 17.22949 17.22949 17.22949 20.62598 20.62598 20.62598 23.9491 23.9491 23.02246 23.02246 23.02246 21.29736 21.29736 22.41943 22.41943 22.41943 21.89551 21.89551
-9999 -9999 -9999 -9999 -9999 -9999 5.899298 5.899298 5.697577 5.697577 5.870306 5.870306 5.870306 6.488898 6.488898 6.488898 6.735602 6.735602 7.969672 7.969672 7.969672 8.764837 8.764837 8.764837 10.1615 10.1615 8.133734 8.133734 8.133734 9.373602 9.373602 8.88703 8.88703 8.88703 9.53266 9.53266 9.53266 10.36316 10.36316 11.27125 11.27125 11.27125 12.56641 12.56641 15.50818 15.50818 15.50818 18.10962 18.10962 18.10962 18.93726 18.93726 19.25452 19.25452 19.25452 17.66614 17.66614 17.66614 21.11047 21.11047 23.82544 23.82544 23.82544 22.94189 22.94189 23.38098 23.38098 23.38098 22.45337 22.45337
-9999 -9999 -9999 -9999 -9999 -9999 5.899298 5.899298 5.697577 5.697577 5.870306 5.870306 5.870306 6.488898 6.488898 6.488898 6.735602 6.735602 7.969672 7.969672 7.969672 8.764837 8.764837 8.764837 10.1615 10.1615 8.133734 8.133734 8.133734 9.373602 9.373602 8.88703 8.88703 8.88703 9.53266 9.53266 9.53266 10.36316 10.36316 11.27125 11.27125 11.27125 12.56641 12.56641 15.50818 15.50818 15.50818 18.10962 18.10962 18.10962 18.93726 18.93726 19.25452 19.25452 19.25452 17.66614 17.66614 17.66614 21.11047 21.11047 23.82544 23.82544 23.82544 22.94189 22.94189 23.38098 23.38098 23.38098 22.45337 22.45337
-9999 -9999 -9999 -9999 -9999 -9999 5.899298 5.899298 5.697577 5.697577 5.870306 5.870306 5.870306 6.488898 6.488898 6.488898 6.735602 6.735602 7.969672 7.969672 7.969672 8.764837 8.764837 8.764837 10.1615 10.1615 8.133734 8.133734 8.133734 9.373602 9.373602 8.88703 8.88703 8.88703 9.53266 9.53266 9.53266 10.36316 10.36316 11.27125 11.27125 11.27125 12.56641 12.56641 15.50818 15.50818 15.50818 18.10962 18.10962 18.10962 18.93726 18.93726 19.25452 19.25452 19.25452 17.66614 17.66614 17.66614 21.11047 21.11047 23.82544 23.82544 23.82544 22.94189 22.94189 23.38098 23.38098 23.38098 22.45337 22.45337
-9999 -9999 -9999 -9999 -9999 -9999 -9999 0 5.533637 5.533637 5.888129 5.888129 5.888129 6.30799 6.30799 6.30799 7.027045 7.027045 8.110357 8.110357 8.110357 8.778875 8.778875 8.778875 10.00525 10.00525 8.531622 8.531622 8.531622 9.104986 9.104986 9.857794 9.857794 9.857794 9.75971 9.75971 9.75971 10.87781 10.87781 11.73377 11.73377 11.73377 13.18372 13.18372 15.60254 15.60254 15.60254 18.14197 18.14197 18.14197 19.27295 19.27295 21.08972 21.08972 21.08972 18.92957 18.92957 18.92957 20.14722 20.14722 22.89844 22.89844 22.89844 23.43994 23.43994 24.28943 24.28943 24.28943 23.32776 23.32776
-9999 -9999 -9999 -9999 -9999 -9999 -9999 0 5.533637 5.533637 5.888129 5.888129 5.888129 6.30799 6.30799 6.30799 7.027045 7.027045 8.110357 8.110357 8.110357 8.778875 8.778875 8.778875 10.00525 10.00525 8.531622 8.531622 8.531622 9.104986 9.104986 9.857794 9.857794 9.857794 9.75971 9.75971 9.75971 10.87781 10.87781 11.73377 11.73377 11.73377 13.18372 13.18372 15.60254 15.60254 15.60254 18.14197 18.14197 18.14197 19.27295 19.27295 21.08972 21.08972 21.08972 18.92957 18.92957 18.92957 20.14722 20.14722 22.89844 22.89844 22.89844 23.43994 23.43994 24.28943 24.28943 24.28943 23.32776 23.32776
-9999 -9999 -9999 -9999 -9999 -9999 -9999 -9999 0 0 5.893439 5.893439 5.893439 6.049567 6.049567 6.049567 6.796515 6.796515 7.882758 7.882758 7.882758 8.313055 8.313055 8.313055 9.304083 9.304083 9.117071 9.117071 9.117071 10.00562 10.00562 10.13416 10.13416 10.13416 9.911871 9.911871 9.911871 10.91913 10.91913 11.56025 11.56025 11.56025 12.7345 12.7345 15.15332 15.15332 15.15332 17.65967 17.65967 17.65967 19.20142 19.20142 21.24341 21.24341 21.24341 21.69214 21.69214 21.69214 21.74707 21.74707 21.72144 21.72144 21.72144 23.49744 23.49744 25.37976 25.37976 25.37976 25.3418 25.3418
-9999 -9999 -9999 -9999 -9999 -9999 -9999 -9999 -9999 -9999 5.893439 5.893439 5.893439 6.049567 6.049567 6.049567 6.796515 6.796515 7.882758 7.882758 7.882758 8.313055 8.313055 8.313055 9.304083 9.304083 9.117071 9.117071 9.117071 10.00562 10.00562 10.13416 10.13416 10.13416 9.911871 9.911871 9.911871 10.91913 10.91913 11.56025 11.56025 11.56025 12.7345 12.7345 15.15332 15.15332 15.15332 17.65967 17.65967 17.65967 19.20142 19.20142 21.24341 21.24341 21.24341 21.69214 21.69214 21.69214 21.74707 21.74707 21.72144 21.72144 21.72144 23.49744 23.49744 25.37976 25.37976 25.37976 25.3418 25.3418
-9999 -9999 -9999 -9999 -9999 -9999 -9999 -9999 -9999 -9999 -9999 -9999 -9999 6.049567 6.049567 6.049567 6.796515 6.796515 7.882758 7.882758 7.882758 8.313055 8.313055 8.313055 9.304083 9.304083 9.117071 9.117071 9.117071 10.00562 10.00562 10.13416 10.13416 10.13416 9.911871 9.911871 9.911871 10.91913 10.91913 11.56025 11.56025 11.56025 12.7345 12.7345 15.15332 15.15332 15.15332 17.65967 17.65967 17.65967 19.20142 19.20142 21.24341 21.24341 21.24341 21.69214 21.69214 21.69214 21.74707 21.74707 21.72144 21.72144 21.72144 23.49744 23.49744 25.37976 25.37976 25.37976 25.3418 25.3418
-9999 -9999 -9999 -9999 -9999 -9999 -9999 -9999 -9999 -9999 -9999 -9999 -9999 -9999 -9999 0 6.43598 6.43598 7.293768 7.293768 7.293768 8.007147 8.007147 8.007147 9.398626 9.398626 9.759893 9.759893 9.759893 9.765814 9.765814 10.13654 10.13654 10.13654 9.923468 9.923468 9.923468 10.95173 10.95173 11.65931 11.65931 11.65931 13.07397 13.07397 15.34985 15.34985 15.34985 17.29919 17.29919 17.29919 18.8949 18.8949 20.85925 20.85925 20.85925 21.65552 21.65552 21.65552 23.37415 23.37415 22.81213 22.81213 22.81213 23.3136 23.3136 25.71643 25.71643 25.71643 27.24707 27.24707
-9999 -9999 -9999 -9999 -9999 -9999 -9999 -9999 -9999 -9999 -9999 -9999 -9999 -9999 -9999 0 6.43598 6.43598 7.293768 7.293768 7.293768 8.007147 8.007147 8.007147 9.398626 9.398626 9.759893 9.759893 9.759893 9.765814 9.765814 10.13654 10.13654 10.13654 9.923468 9.923468 9.923468 10.95173 10.95173 11.65931 11.65931 11.65931 13.07397 13.07397 15.34985 15.34985 15.34985 17.29919 17.29919 17.29919 18.8949 18.8949 20.85925 20.85925 20.85925 21.65552 21.65552 21.65552 23.37415 23.37415 22.81213 22.81213 22.81213 23.3136 23.3136 25.71643 25.71643 25.71643 27.24707 27.24707
-9999 -9999 -9999 -9999 -9999 -9999 -9999 -9999 -9999 -9999 -9999 -9999 -9999 -9999 -9999 -9999 6.43598 6.43598 7.293768 7.293768 7.293768 8.007147 8.007147 8.007147 9.398626 9.398626 9.759893 9.759893 9.759893 9.765814 9.765814 10.13654 10.13654 10.13654 9.923468 9.923468 9.923468 10.95173 10.95173 11.65931 11.65931 11.65931 13.07397 13.07397 15.34985 15.34985 15.34985 17.29919 17.29919 17.29919 18.8949 18.8949 20.85925 20.85925 20.85925 21.65552 21.65552 21.65552 23.37415 23.37415 22.81213 22.81213 22.81213 23.3136 23.3136 25.71643 25.71643 25.71643 27.24707 27.24707
-9999 -9999 -9999 -9999 -9999 -9999 -9999 -9999 -9999 -9999 -9999 -9999 -9999 -9999 -9999 -9999 6.012396 6.012396 6.706366 6.706366 6.706366 7.834845 7.834845 7.834845 9.590277 9.590277 9.782843 9.782843 9.782843 9.932928 9.932928 10.63752 10.63752 10.63752 10.11847 10.11847 10.11847 11.0636 11.0636 11.67762 11.67762 11.67762 12.93384 12.93384 15.22437 15.22437 15.22437 16.99744 16.99744 16.99744 18.64563 18.64563 20.57239 20.57239 20.57239 21.34912 21.34912 21.34912 23.15747 23.15747 23.46472 23.46472 23.46472 23.88794 23.88794 26.64209 26.64209 26.64209 28.42908 28.42908
-9999 -9999 -9999 -9999 -9999 -9999 -9999 -9999 -9999 -9999 -9999 -9999 -9999 -9999 -9999 -9999 -9999 6.012396 6.706366 6.706366 6.706366 7.834845 7.834845 7.834845 9.590277 9.590277 9.782843 9.782843 9.782843 9.932928 9.932928 10.63752 10.63752 10.63752 10.11847 10.11847 10.11847 11.0636 11.0636 11.67762 11.67762 11.67762 12.93384 12.93384 15.22437 15.22437 15.22437 16.99744 16.99744 16.99744 18.64563 18.64563 20.57239 20.57239 20.57239 21.34912 21.34912 21.34912 23.15747 23.15747 23.46472 23.46472 23.46472 23.88794 23.88794 26.64209 26.64209 26.64209 28.42908 28.42908
-9999 -9999 -9999 -9999 -9999 -9999 -9999 -9999 -9999 -9999 -9999 -9999 -9999 -9999 -9999 -9999 -9999 5.700507 6.488287 6.488287 6.488287 7.466986 7.466986 7.466986 8.884588 8.884588 9.918768 9.918768 9.918768 9.777777 9.777777 10.41504 10.41504 10.41504 9.746893 9.746893 9.746893 10.771 10.771 11.44398 11.44398 11.44398 12.55847 12.55847 14.78223 14.78223 14.78223 16.35107 16.35107 16.35107 17.96082 17.96082 19.86682 19.86682 19.86682 20.77905 20.77905 20.77905 22.47314 22.47314 23.37683 23.37683 23.37683 24.83557 24.83557 27.85156 27.85156 27.85156 29.80249 29.80249
-9999 -9999 -9999 -9999 -9999 -9999 -9999 -9999 -9999 -9999 -9999 -9999 -9999 -9999 -9999 -9999 -9999 5.700507 6.488287 6.488287 6.488287 7.466986 7.466986 7.466986 8.884588 8.884588 9.918768 9.918768 9.918768 9.777777 9.777777 10.41504 10.41504 10.41504 9.746893 9.746893 9.746893 10.771 10.771 11.44398 11.44398 11.44398 12.55847 12.55847 14.78223 14.78223 14.78223 16.35107 16.35107 16.35107 17.96082 17.96082 19.86682 19.86682 19.86682 20.77905 20.77905 20.77905 22.47314 22.47314 23.37683 23.37683 23.37683 24.83557 24.83557 27.85156 27.85156 27.85156 29.80249 29.80249
-9999 -9999 -9999 -9999 -9999 -9999 -9999 -9999 -9999 -9999 -9999 -9999 -9999 -9999 -9999 -9999 -9999 5.700507 6.488287 6.488287 6.488287 7.466986 7.466986 7.466986 8.884588 8.884588 9.918768 9.918768 9.918768 9.777777 9.777777 10.41504 10.41504 10.41504 9.746893 9.746893 9.746893 10.771 10.771 11.44398 11.44398 11.44398 12.55847 12.55847 14.78223 14.78223 14.78223 16.35107 16.35107 16.35107 17.96082 17.96082 19.86682 19.86682 19.86682 20.77905 20.77905 20.77905 22.47314 22.47314 23.37683 23.37683 23.37683 24.83557 24.83557 27.85156 27.85156 27.85156 29.80249 29.80249
-9999 -9999 -9999 -9999 -9999 -9999 -9999 -9999 -9999 -9999 -9999 -9999 -9999 -9999 -9999 -9999 -9999 5.582404 6.335577 6.335577 6.335577 6.958258 6.958258 6.958258 8.375555 8.375555 9.956976 9.956976 9.956976 9.76264 9.76264 9.953009 9.953009 9.953009 9.644476 9.644476 9.644476 10.54804 10.54804 11.21387 11.21387 11.21387 12.00854 12.00854 14.0863 14.0863 14.0863 15.48071 15.48071 15.48071 16.99866 16.99866 18.87549 18.87549 18.87549 19.76733 19.76733 19.76733 21.5155 21.5155 23.98059 23.98059 23.98059 26.63757 26.63757 30.28223 30.28223 30.28223 31.59119 31.59119
-9999 -9999 -9999 -9999 -9999 -9999 -9999 -9999 -9999 -9999 -9999 -9999 -9999 -9999 -9999 -9999 5.582404 5.582404 6.335577 6.335577 6.335577 6.958258 6.958258 6.958258 8.375555 8.375555 9.956976 9.956976 9.956976 9.76264 9.76264 9.953009 9.953009 9.953009 9.644476 9.644476 9.644476 10.54804 10.54804 11.21387 11.21387 11.21387 12.00854 12.00854 14.0863 14.0863 14.0863 15.48071 15.48071 15.48071 16.99866 16.99866 18.87549 18.87549 18.87549 19.76733 19.76733 19.76733 21.5155 21.5155 23.98059 23.98059 23.98059 26.63757 26.63757 30.28223 30.28223 30.28223 31.59119 31.59119
-9999 -9999 -9999 -9999 -9999 -9999 -9999 -9999 -9999 -9999 -9999 -9999 -9999 -9999 -9999 -9999 5.704108 5.704108 6.424994 6.424994 6.424994 7.13111 7.13111 7.13111 8.060492 8.060492 9.443609 9.443609 9.443609 9.479071 9.479071 9.456915 9.456915 9.456915 9.2367 9.2367 9.2367 10.04285 10.04285 10.92451 10.92451 10.92451 11.67817 11.67817 13.35901 13.35901 13.35901 14.67505 14.67505 14.67505 16.03552 16.03552 17.70068 17.70068 17.70068 18.6875 18.6875 18.6875 21.01355 21.01355 24.58228 24.58228 24.58228 27.28174 27.28174 30.52551 30.52551 30.52551 30.10217 30.10217
-9999 -9999 -9999 -9999 -9999 -9999 -9999 -9999 -9999 -9999 -9999 -9999 -9999 -9999 -9999 0 5.704108 5.704108 6.424994 6.424994 6.424994 7.13111 7.13111 7.13111 8.060492 8.060492 9.443609 9.443609 9.443609 9.479071 9.479071 9.456915 9.456915 9.456915 9.2367 9.2367 9.2367 10.04285 10.04285 10.92451 10.92451 10.92451 11.67817 11.67817 13.35901 13.35901 13.35901 14.67505 14.67505 14.67505 16.03552 16.03552 17.70068 17.70068 17.70068 18.6875 18.6875 18.6875 21.01355 21.01355 24.58228 24.58228 24.58228 27.28174 27.28174 30.52551 30.52551 30.52551 30.10217 30.10217
-9999 -9999 -9999 -9999 -9999 -9999 -9999 -9999 -9999 -9999 -9999 -9999 -9999 -9999 0 0 5.704108 5.704108 6.424994 6.424994 6.424994 7.13111 7.13111 7.13111 8.060492 8.060492 9.443609 9.443609 9.443609 9.479071 9.479071 9.456915 9.456915 9.456915 9.2367 9.2367 9.2367 10.04285 10.04285 10.92451 10.92451 10.92451 11.67817 11.67817 13.35901 13.35901 13.35901 14.67505 14.67505 14.67505 16.03552 16.03552 17.70068 17.70068 17.70068 18.6875 18.6875 18.6875 21.01355 21.01355 24.58228 24.58228 24.58228 27.28174 27.28174 30.52551 30.52551 30.52551 30.10217 30.10217
-9999 -9999 -9999 -9999 -9999 -9999 -9999 -9999 -9999 -9999 -9999 -9999 5.429083 5.627692 5.627692 5.627692 5.871222 5.871222 6.390082 6.390082 6.390082 7.047675 7.047675 7.047675 8.169378 8.169378 8.661261 8.661261 8.661261 8.939642 8.939642 9.126348 9.126348 9.126348 9.210882 9.210882 9.210882 9.688726 9.688726 10.38294 10.38294 10.38294 11.11152 11.11152 12.22998 12.22998 12.22998 13.65295 13.65295 13.65295 14.94556 14.94556 16.88074 16.88074 16.88074 18.84192 18.84192 18.84192 21.57715 21.57715 24.3606 24.3606 24.3606 26.74023 26.74023 28.82495 28.82495 28.82495 30.46167 30.46167
-9999 -9999 -9999 -9999 -9999 -9999 -9999 -9999 -9999 -9999 5.429083 5.429083 5.429083 5.627692 5.627692 5.627692 5.871222 5.871222 6.390082 6.390082 6.390082 7.047675 7.047675 7.047675 8.169378 8.169378 8.661261 8.661261 8.661261 8.939642 8.939642 9.126348 9.126348 9.126348 9.210882 9.210882 9.210882 9.688726 9.688726 10.38294 10.38294 10.38294 11.11152 11.11152 12.22998 12.22998 12.22998 13.65295 13.65295 13.65295 14.94556 14.94556 16.88074 16.88074 16.88074 18.84192 18.84192 18.84192 21.57715 21.57715 24.3606 24.3606 24.3606 26.74023 26.74023 28.82495 28.82495 28.82495 30.46167 30.46167
-9999 -9999 -9999 -9999 -9999 -9999 -9999 -9999 0 0 5.429083 5.429083 5.429083 5.627692 5.627692 5.627692 5.871222 5.871222 6.390082 6.390082 6.390082 7.047675 7.047675 7.047675 8.169378 8.169378 8.661261 8.661261 8.661261 8.939642 8.939642 9.126348 9.126348 9.126348 9.210882 9.210882 9.210882 9.688726 9.688726 10.38294 10.38294 10.38294 11.11152 11.11152 12.22998 12.22998 12.22998 13.65295 13.65295 13.65295 14.94556 14.94556 16.88074 16.88074 16.88074 18.84192 18.84192 18.84192 21.57715 21.57715 24.3606 24.3606 24.3606 26.74023 26.74023 28.82495 28.82495 28.82495 30.46167 30.46167
-9999 -9999 -9999 -9999 -9999 5.678412 5.678412 5.678412 5.826056 5.826056 5.983527 5.983527 5.983527 6.055121 6.055121 6.055121 6.373419 6.373419 6.865546 6.865546 6.865546 7.034491 7.034491 7.034491 7.984931 7.984931 8.444403 8.444403 8.444403 8.888678 8.888678 8.886847 8.886847 8.886847 8.950872 8.950872 8.950872 9.439337 9.439337 10.0199 10.0199 10.0199 10.77735 10.77735 11.56495 11.56495 11.56495 12.45471 12.45471 12.45471 13.96753 13.96753 16.50806 16.50806 16.50806 18.5979 18.5979 18.5979 21.25781 21.25781 23.59802 23.59802 23.59802 25.0481 25.0481 27.82129 27.82129 27.82129 29.25793 29.25793
-9999 -9999 -9999 0 0 5.678412 5.678412 5.678412 5.826056 5.826056 5.983527 5.983527 5.983527 6.055121 6.055121 6.055121 6.373419 6.373419 6.865546 6.865546 6.865546 7.034491 7.034491 7.034491 7.984931 7.984931 8.444403 8.444403 8.444403 8.888678 8.888678 8.886847 8.886847 8.886847 8.950872 8.950872 8.950872 9.439337 9.439337 10.0199 10.0199 10.0199 10.77735 10.77735 11.56495 11.56495 11.56495 12.45471 12.45471 12.45471 13.96753 13.96753 16.50806 16.50806 16.50806 18.5979 18.5979 18.5979 21.25781 21.25781 23.59802 23.59802 23.59802 25.0481 25.0481 27.82129 27.82129 27.82129 29.25793 29.25793
-9999 -9999 5.426154 5.696906 5.696906 6.124457 6.124457 6.124457 6.180121 6.180121 6.291083 6.291083 6.291083 6.311469 6.311469 6.311469 6.653327 6.653327 7.099677 7.099677 7.099677 7.255927 7.255927 7.255927 7.685553 7.685553 8.091803 8.091803 8.091803 8.871222 8.871222 9.212103 9.212103 9.212103 8.640692 8.640692 8.640692 9.064581 9.064581 9.466314 9.466314 9.466314 10.02936 10.02936 10.89783 10.89783 10.89783 11.83759 11.83759 11.83759 13.58557 13.58557 16.01563 16.01563 16.01563 18.15271 18.15271 18.15271 20.55457 20.55457 22.50269 22.50269 22.50269 25.0741 25.0741 27.20459 27.20459 27.20459 27.84143 27.84143
-9999 5.426154 5.426154 5.696906 5.696906 6.124457 6.124457 6.124457 6.180121 6.180121 6.291083 6.291083 6.291083 6.311469 6.311469 6.311469 6.653327 6.653327 7.099677 7.099677 7.099677 7.255927 7.255927 7.255927 7.685553 7.685553 8.091803 8.091803 8.091803 8.871222 8.871222 9.212103 9.212103 9.212103 8.640692 8.640692 8.640692 9.064581 9.064581 9.466314 9.466314 9.466314 10.02936 10.02936 10.89783 10.89783 10.89783 11.83759 11.83759 11.83759 13.58557 13.58557 16.01563 16.01563 16.01563 18.15271 18.15271 18.15271 20.55457 20.55457 22.50269 22.50269 22.50269 25.0741 25.0741 27.20459 27.20459 27.20459 27.84143 27.84143
