SEB_model/sample_data_files/contemp/IceThickness/thick_2009_5m.txt
ncols         313
nrows         278
xllcorner     388961.19995117
yllcorner     7584381.3441773
cellsize      5
NODATA_value  -9999
[rows 155 to 185 of 278, columns 0 to 69 of 313]
-9999 -9999 -9999 -9999 -9999 -9999 -9999 -9999 -9999 -9999 -9999 -9999 -9999 -9999 -9999 -9999 -9999 -9999 -9999 -9999 -9999 -9999 -9999 -9999 -9999 -9999 -9999 -9999 -9999 -9999 -9999 -9999 -9999 -9999 -9999 -9999 -9999 -9999 -9999 -9999 -9999 -9999 -9999 -9999 -9999 -9999 -9999 -9999 -9999 -9999 -9999 -9999 -9999 -9999 -9999 -9999 -9999 -9999 -9999 8.491827 9.761114 9.761114 9.761114 11.32178 11.32178 14.14038 14.14038 14.14038 15.49939 15.49939
-9999 -9999 -9999 -9999 -9999 -9999 -9999 -9999 -9999 -9999 -9999 -9999 -9999 -9999 -9999 -9999 -9999 -9999 -9999 -9999 -9999 -9999 -9999 -9999 -9999 -9999 -9999 -9999 -9999 -9999 -9999 -9999 -9999 -9999 -9999 -9999 -9999 -9999 -9999 -9999 -9999 -9999 -9999 -9999 -9999 -9999 -9999 -9999 -9999 -9999 -9999 -9999 -9999 -9999 -9999 -9999 -9999 -9999 8.491827 8.491827 9.761114 9.761114 9.761114 11.32178 11.32178 14.14038 14.14038 14.14038 15.49939 15.49939
-9999 -9999 -9999 -9999 -9999 -9999 -9999 -9999 -9999 -9999 -9999 -9999 -9999 -9999 -9999 -9999 -9999 -9999 -9999 -9999 -9999 0 0 0 0 -9999 -9999 -9999 -9999 -9999 -9999 -9999 -9999 -9999 -9999 -9999 -9999 -9999 -9999 -9999 -9999 -9999 -9999 -9999 -9999 -9999 -9999 -9999 -9999 -9999 -9999 -9999 -9999 -9999 -9999 -9999 0 0 8.491827 8.491827 9.761114 9.761114 9.761114 11.32178 11.32178 14.14038 14.14038 14.14038 15.49939 15.49939
-9999 -9999 -9999 -9999 -9999 -9999 -9999 -9999 -9999 -9999 -9999 -9999 -9999 -9999 -9999 -9999 -9999 -9999 -9999 5.398871 5.398871 5.436896 5.436896 5.436896 5.483588 5.483588 -9999 -9999 -9999 -9999 -9999 -9999 -9999 -9999 -9999 -9999 -9999 -9999 -9999 -9999 -9999 -9999 -9999 -9999 -9999 -9999 -9999 -9999 -9999 -9999 -9999 -9999 -9999 -9999 0 8.482 8.482 8.482 10.51716 10.51716 11.90546 11.90546 11.90546 15.43884 15.43884 19.47998 19.47998 19.47998 21.06543 21.06543
-9999 -9999 -9999 -9999 -9999 -9999 -9999 -9999 -9999 -9999 -9999 -9999 -9999 -9999 -9999 -9999 -9999 -9999 5.398871 5.398871 5.398871 5.436896 5.436896 5.436896 5.483588 5.483588 0 -9999 -9999 -9999 -9999 -9999 -9999 -9999 -9999 -9999 -9999 -9999 -9999 -9999 -9999 -9999 -9999 -9999 -9999 -9999 -9999 -9999 -9999 -9999 -9999 0 0 0 0 8.482 8.482 8.482 10.51716 10.51716 11.90546 11.90546 11.90546 15.43884 15.43884 19.47998 19.47998 19.47998 21.06543 21.06543
-9999 -9999 -9999 -9999 -9999 -9999 -9999 -9999 -9999 -9999 -9999 -9999 -9999 -9999 -9999 -9999 -9999 5.472662 5.604926 5.604926 5.604926 5.54151 5.54151 5.54151 5.604437 5.604437 5.668829 5.668829 -9999 -9999 -9999 -9999 -9999 -9999 -9999 -9999 -9999 -9999 -9999 -9999 -9999 -9999 -9999 -9999 -9999 -9999 -9999 -9999 -9999 6.27973 6.939826 6.939826 8.711615 8.711615 8.711615 10.89387 10.89387 10.89387 14.1001 14.1001 16.9707 16.9707 16.9707 19.40369 19.40369 24.31799 24.31799 24.31799 25.88025 25.88025
-9999 -9999 -9999 -9999 -9999 -9999 -9999 -9999 -9999 -9999 -9999 -9999 -9999 -9999 -9999 -9999 5.472662 5.472662 5.604926 5.604926 5.604926 5.54151 5.54151 5.54151 5.604437 5.604437 5.668829 5.668829 5.668829 -9999 -9999 -9999 -9999 -9999 -9999 -9999 -9999 -9999 -9999 -9999 -9999 -9999 -9999 -9999 -9999 -9999 -9999 -9999 6.27973 6.27973 6.939826 6.939826 8.711615 8.711615 8.711615 10.89387 10.89387 10.89387 14.1001 14.1001 16.9707 16.9707 16.9707 19.40369 19.40369 24.31799 24.31799 24.31799 25.88025 25.88025
-9999 -9999 -9999 -9999 -9999 -9999 -9999 -9999 -9999 -9999 -9999 -9999 -9999 -9999 -9999 -9999 5.472662 5.472662 5.604926 5.604926 5.604926 5.54151 5.54151 5.54151 5.604437 5.604437 5.668829 5.668829 5.668829 0 -9999 -9999 -9999 -9999 -9999 -9999 -9999 -9999 -9999 -9999 -9999 -9999 -9999 -9999 -9999 -9999 -9999 6.27973 6.27973 6.27973 6.939826 6.939826 8.711615 8.711615 8.711615 10.89387 10.89387 10.89387 14.1001 14.1001 16.9707 16.9707 16.9707 19.40369 19.40369 24.31799 24.31799 24.31799 25.88025 25.88025
-9999 -9999 -9999 -9999 -9999 -9999 -9999 -9999 -9999 -9999 -9999 -9999 -9999 -9999 -9999 -9999 -9999 5.755194 6.008978 6.008978 6.008978 6.036932 6.036932 6.036932 6.008185 6.008185 5.884161 5.884161 5.884161 5.698798 5.698798 -9999 -9999 -9999 -9999 -9999 -9999 -9999 -9999 -9999 -9999 -9999 -9999 -9999 -9999 -9999 6.186835 7.030646 7.030646 7.030646 8.571966 8.571966 10.67988 10.67988 10.67988 13.75525 13.75525 13.75525 18.23218 18.23218 22.02502 22.02502 22.02502 24.56836 24.56836 27.99036 27.99036 27.99036 30.5896 30.5896
-9999 -9999 -9999 -9999 -9999 -9999 -9999 -9999 -9999 -9999 -9999 -9999 -9999 -9999 -9999 -9999 -9999 5.755194 6.008978 6.008978 6.008978 6.036932 6.036932 6.036932 6.008185 6.008185 5.884161 5.884161 5.884161 5.698798 5.698798 0 -9999 -9999 -9999 -9999 -9999 -9999 -9999 -9999 -9999 -9999 -9999 -9999 -9999 6.186835 6.186835 7.030646 7.030646 7.030646 8.571966 8.571966 10.67988 10.67988 10.67988 13.75525 13.75525 13.75525 18.23218 18.23218 22.02502 22.02502 22.02502 24.56836 24.56836 27.99036 27.99036 27.99036 30.5896 30.5896
-9999 -9999 -9999 -9999 -9999 -9999 -9999 -9999 -9999 -9999 -9999 -9999 -9999 -9999 -9999 -9999 5.562811 5.562811 5.939826 5.939826 5.939826 5.988776 5.988776 5.988776 5.9336 5.9336 5.749823 5.749823 5.749823 5.818427 5.818427 5.67475 5.67475 -9999 -9999 -9999 -9999 -9999 -9999 -9999 -9999 -9999 -9999 -9999 -9999 6.760748 6.760748 7.640021 7.640021 7.640021 9.700506 9.700506 12.03088 12.03088 12.03088 15.11035 15.11035 15.11035 21.10352 21.10352 25.39746 25.39746 25.39746 29.43115 29.43115 33.32983 33.32983 33.32983 33.60767 33.60767
-9999 -9999 -9999 -9999 -9999 -9999 -9999 -9999 -9999 -9999 -9999 -9999 -9999 -9999 -9999 -9999 -9999 5.562811 5.939826 5.939826 5.939826 5.988776 5.988776 5.988776 5.9336 5.9336 5.749823 5.749823 5.749823 5.818427 5.818427 5.67475 5.67475 5.67475 -9999 -9999 -9999 -9999 -9999 -9999 -9999 -9999 -9999 -9999 6.760748 6.760748 6.760748 7.640021 7.640021 7.640021 9.700506 9.700506 12.03088 12.03088 12.03088 15.11035 15.11035 15.11035 21.10352 21.10352 25.39746 25.39746 25.39746 29.43115 29.43115 33.32983 33.32983 33.32983 33.60767 33.60767
-9999 -9999 -9999 -9999 -9999 -9999 -9999 -9999 -9999 -9999 -9999 -9999 -9999 -9999 -9999 -9999 -9999 5.562811 5.939826 5.939826 5.939826 5.988776 5.988776 5.988776 5.9336 5.9336 5.749823 5.749823 5.749823 5.818427 5.818427 5.67475 5.67475 5.67475 0 0 -9999 -9999 -9999 -9999 -9999 -9999 -9999 0 6.760748 6.760748 6.760748 7.640021 7.640021 7.640021 9.700506 9.700506 12.03088 12.03088 12.03088 15.11035 15.11035 15.11035 21.10352 21.10352 25.39746 25.39746 25.39746 29.43115 29.43115 33.32983 33.32983 33.32983 33.60767 33.60767
-9999 -9999 -9999 -9999 -9999 -9999 -9999 -9999 -9999 -9999 -9999 -9999 -9999 -9999 -9999 -9999 -9999 5.820746 6.157965 6.157965 6.157965 6.324774 6.324774 6.324774 6.499518 6.499518 6.138983 6.138983 6.138983 5.856329 5.856329 5.76203 5.76203 5.76203 5.633551 5.633551 5.633551 5.784918 -9999 -9999 -9999 -9999 6.849066 6.849066 8.104559 8.104559 8.104559 8.926886 8.926886 8.926886 10.00403 10.00403 13.05969 13.05969 13.05969 16.80359 16.80359 16.80359 21.98474 21.98474 26.86389 26.86389 26.86389 33.98706 33.98706 38.12915 38.12915 38.12915 37.10828 37.10828
-9999 -9999 -9999 -9999 -9999 -9999 -9999 -9999 -9999 -9999 -9999 -9999 -9999 -9999 -9999 -9999 -9999 5.820746 6.157965 6.157965 6.157965 6.324774 6.324774 6.324774 6.499518 6.499518 6.138983 6.138983 6.138983 5.856329 5.856329 5.76203 5.76203 5.76203 5.633551 5.633551 5.633551 5.784918 5.784918 6.311774 6.311774 6.311774 6.849066 6.849066 8.104559 8.104559 8.104559 8.926886 8.926886 8.926886 10.00403 10.00403 13.05969 13.05969 13.05969 16.80359 16.80359 16.80359 21.98474 21.98474 26.86389 26.86389 26.86389 33.98706 33.98706 38.12915 38.12915 38.12915 37.10828 37.10828
-9999 -9999 -9999 -9999 -9999 -9999 -9999 -9999 -9999 -9999 -9999 -9999 -9999 -9999 -9999 -9999 -9999 5.820746 6.157965 6.157965 6.157965 6.324774 6.324774 6.324774 6.499518 6.499518 6.138983 6.138983 6.138983 5.856329 5.856329 5.76203 5.76203 5.76203 5.633551 5.633551 5.633551 5.784918 5.784918 6.311774 6.311774 6.311774 6.849066 6.849066 8.104559 8.104559 8.104559 8.926886 8.926886 8.926886 10.00403 10.00403 13.05969 13.05969 13.05969 16.80359 16.80359 16.80359 21.98474 21.98474 26.86389 26.86389 26.86389 33.98706 33.98706 38.12915 38.12915 38.12915 37.10828 37.10828
-9999 -9999 -9999 -9999 -9999 -9999 -9999 -9999 -9999 -9999 -9999 -9999 -9999 -9999 -9999 -9999 6.036688 6.036688 6.678412 6.678412 6.678412 6.67066 6.67066 6.67066 6.690985 6.690985 6.331549 6.331549 6.331549 6.144537 6.144537 6.06391 6.06391 6.06391 6.125739 6.125739 6.125739 6.781928 6.781928 7.021124 7.021124 7.021124 8.23078 8.23078 9.844061 9.844061 9.844061 10.16627 10.16627 10.16627 10.54902 10.54902 13.04297 13.04297 13.04297 16.41589 16.41589 16.41589 22.84192 22.84192 25.12842 25.12842 25.12842 31.35461 31.35461 38.66199 38.66199 38.66199 40.75012 40.75012
-9999 -9999 -9999 -9999 -9999 -9999 -9999 -9999 -9999 -9999 -9999 -9999 -9999 -9999 -9999 0 6.036688 6.036688 6.678412 6.678412 6.678412 6.67066 6.67066 6.67066 6.690985 6.690985 6.331549 6.331549 6.331549 6.144537 6.144537 6.06391 6.06391 6.06391 6.125739 6.125739 6.125739 6.781928 6.781928 7.021124 7.021124 7.021124 8.23078 8.23078 9.844061 9.844061 9.844061 10.16627 10.16627 10.16627 10.54902 10.54902 13.04297 13.04297 13.04297 16.41589 16.41589 16.41589 22.84192 22.84192 25.12842 25.12842 25.12842 31.35461 31.35461 38.66199 38.66199 38.66199 40.75012 40.75012
-9999 -9999 -9999 -9999 -9999 -9999 -9999 -9999 -9999 -9999 -9999 -9999 -9999 -9999 5.982672 5.982672 6.296942 6.296942 6.822211 6.822211 6.822211 7.248847 7.248847 7.248847 7.058966 7.058966 6.624335 6.624335 6.624335 6.446356 6.446356 6.576788 6.576788 6.576788 7.423407 7.423407 7.423407 7.625861 7.625861 7.605719 7.605719 7.605719 9.377386 9.377386 11.15912 11.15912 11.15912 11.67475 11.67475 11.67475 11.45948 11.45948 14.19531 14.19531 14.19531 15.89063 15.89063 15.89063 21.28711 21.28711 25.78247 25.78247 25.78247 26.53784 26.53784 33.89258 33.89258 33.89258 39.77917 39.77917
-9999 -9999 -9999 -9999 -9999 -9999 -9999 -9999 -9999 -9999 -9999 -9999 -9999 5.982672 5.982672 5.982672 6.296942 6.296942 6.822211 6.822211 6.822211 7.248847 7.248847 7.248847 7.058966 7.058966 6.624335 6.624335 6.624335 6.446356 6.446356 6.576788 6.576788 6.576788 7.423407 7.423407 7.423407 7.625861 7.625861 7.605719 7.605719 7.605719 9.377386 9.377386 11.15912 11.15912 11.15912 11.67475 11.67475 11.67475 11.45948 11.45948 14.19531 14.19531 14.19531 15.89063 15.89063 15.89063 21.28711 21.28711 25.78247 25.78247 25.78247 26.53784 26.53784 33.89258 33.89258 33.89258 39.77917 39.77917
-9999 -9999 -9999 -9999 -9999 -9999 -9999 -9999 -9999 -9999 -9999 0 0 5.982672 5.982672 5.982672 6.296942 6.296942 6.822211 6.822211 6.822211 7.248847 7.248847 7.248847 7.058966 7.058966 6.624335 6.624335 6.624335 6.446356 6.446356 6.576788 6.576788 6.576788 7.423407 7.423407 7.423407 7.625861 7.625861 7.605719 7.605719 7.605719 9.377386 9.377386 11.15912 11.15912 11.15912 11.67475 11.67475 11.67475 11.45948 11.45948 14.19531 14.19531 14.19531 15.89063 15.89063 15.89063 21.28711 21.28711 25.78247 25.78247 25.78247 26.53784 26.53784 33.89258 33.89258 33.89258 39.77917 39.77917
-9999 -9999 -9999 -9999 -9999 -9999 -9999 -9999 -9999 -9999 -9999 5.99079 5.99079 6.272345 6.272345 6.272345 6.647589 6.647589 6.876715 6.876715 6.876715 7.053656 7.053656 7.053656 7.595648 7.595648 6.692999 6.692999 6.692999 6.99372 6.99372 7.933783 7.933783 7.933783 7.870306 7.870306 7.870306 7.761176 7.761176 8.123907 8.123907 8.123907 9.734137 9.734137 11.79963 11.79963 11.79963 14.37317 14.37317 14.37317 14.89954 14.89954 16.66162 16.66162 16.66162 16.94312 16.94312 16.94312 20.40442 20.40442 22.87512 22.87512 22.87512 26.18506 26.18506 28.17297 28.17297 28.17297 33.06201 33.06201
-9999 -9999 -9999 -9999 -9999 -9999 -9999 -9999 -9999 -9999 5.99079 5.99079 5.99079 6.272345 6.272345 6.272345 6.647589 6.647589 6.876715 6.876715 6.876715 7.053656 7.053656 7.053656 7.595648 7.595648 6.692999 6.692999 6.692999 6.99372 6.99372 7.933783 7.933783 7.933783 7.870306 7.870306 7.870306 7.761176 7.761176 8.123907 8.123907 8.123907 9.734137 9.734137 11.79963 11.79963 11.79963 14.37317 14.37317 14.37317 14.89954 14.89954 16.66162 16.66162 16.66162 16.94312 16.94312 16.94312 20.40442 20.40442 22.87512 22.87512 22.87512 26.18506 26.18506 28.17297 28.17297 28.17297 33.06201 33.06201
-9999 -9999 -9999 -9999 -9999 -9999 -9999 -9999 -9999 0 5.99079 5.99079 5.99079 6.272345 6.272345 6.272345 6.647589 6.647589 6.876715 6.876715 6.876715 7.053656 7.053656 7.053656 7.595648 7.595648 6.692999 6.692999 6.692999 6.99372 6.99372 7.933783 7.933783 7.933783 7.870306 7.870306 7.870306 7.761176 7.761176 8.123907 8.123907 8.123907 9.734137 9.734137 11.79963 11.79963 11.79963 14.37317 14.37317 14.37317 14.89954 14.89954 16.66162 16.66162 16.66162 16.94312 16.94312 16.94312 20.40442 20.40442 22.87512 22.87512 22.87512 26.18506 26.18506 28.17297 28.17297 28.17297 33.06201 33.06201
-9999 -9999 -9999 -9999 -9999 -9999 -9999 -9999 -9999 6.125861 6.3935 6.3935 6.3935 6.596137 6.596137 6.596137 6.836493 6.836493 6.864264 6.864264 6.864264 6.973029 6.973029 6.973029 7.555609 7.555609 7.048895 7.048895 7.048895 8.045355 8.045355 8.296453 8.296453 8.296453 8.139227 8.139227 8.139227 8.383062 8.383062 8.75263 8.75263 8.75263 10.32709 10.32709 12.58423 12.58423 12.58423 15.68274 15.68274 15.68274 17.02551 17.02551 19.06433 19.06433 19.06433 17.84326 17.84326 17.84326 20.36011 20.36011 21.30981 21.30981 21.30981 23.63672 23.63672 26.62158 26.62158 26.62158 27.33826 27.33826
-9999 -9999 -9999 -9999 -9999 -9999 -9999 -9999 -9999 6.125861 6.3935 6.3935 6.3935 6.596137 6.596137 6.596137 6.836493 6.836493 6.864264 6.864264 6.864264 6.973029 6.973029 6.973029 7.555609 7.555609 7.048895 7.048895 7.048895 8.045355 8.045355 8.296453 8.296453 8.296453 8.139227 8.139227 8.139227 8.383062 8.383062 8.75263 8.75263 8.75263 10.32709 10.32709 12.58423 12.58423 12.58423 15.68274 15.68274 15.68274 17.02551 17.02551 19.06433 19.06433 19.06433 17.84326 17.84326 17.84326 20.36011 20.36011 21.30981 21.30981 21.30981 23.63672 23.63672 26.62158 26.62158 26.62158 27.33826 27.33826
-9999 -9999 -9999 -9999 -9999 -9999 -9999 -9999 6.389227 6.389227 6.948309 6.948309 6.948309 6.353766 6.353766 6.353766 6.657111 6.657111 6.941046 6.941046 6.941046 6.830267 6.830267 6.830267 7.496283 7.496283 8.575689 8.575689 8.575689 7.750861 7.750861 7.782355 7.782355 7.782355 8.022345 8.022345 8.022345 8.322332 8.322332 9.181829 9.181829 9.181829 10.70838 10.70838 13.63245 13.63245 13.63245 15.62903 15.62903 15.62903 18.08081 18.08081 21.00879 21.00879 21.00879 20.75452 20.75452 20.75452 21.6604 21.6604 21.26685 21.26685 21.26685 21.9624 21.9624 23.53992 23.53992 23.53992 24.34045 24.34045
-9999 -9999 -9999 -9999 -9999 -9999 -9999 -9999 6.389227 6.389227 6.948309 6.948309 6.948309 6.353766 6.353766 6.353766 6.657111 6.657111 6.941046 6.941046 6.941046 6.830267 6.830267 6.830267 7.496283 7.496283 8.575689 8.575689 8.575689 7.750861 7.750861 7.782355 7.782355 7.782355 8.022345 8.022345 8.022345 8.322332 8.322332 9.181829 9.181829 9.181829 10.70838 10.70838 13.63245 13.63245 13.63245 15.62903 15.62903 15.62903 18.08081 18.08081 21.00879 21.00879 21.00879 20.75452 20.75452 20.75452 21.6604 21.6604 21.26685 21.26685 21.26685 21.9624 21.9624 23.53992 23.53992 23.53992 24.34045 24.34045
-9999 -9999 -9999 -9999 -9999 -9999 -9999 -9999 6.389227 6.389227 6.948309 6.948309 6.948309 6.353766 6.353766 6.353766 6.657111 6.657111 6.941046 6.941046 6.941046 6.830267 6.830267 6.830267 7.496283 7.496283 8.575689 8.575689 8.575689 7.750861 7.750861 7.782355 7.782355 7.782355 8.022345 8.022345 8.022345 8.322332 8.322332 9.181829 9.181829 9.181829 10.70838 10.70838 13.63245 13.63245 13.63245 15.62903 15.62903 15.62903 18.08081 18.08081 21.00879 21.00879 21.00879 20.75452 20.75452 20.75452 21.6604 21.6604 21.26685 21.26685 21.26685 21.9624 21.9624 23.53992 23.53992 23.53992 24.34045 24.34045
-9999 -9999 -9999 -9999 -9999 -9999 -9999 0 6.579474 6.579474 6.710761 6.710761 6.710761 6.292609 6.292609 6.292609 6.523077 6.523077 6.673834 6.673834 6.673834 7.182013 7.182013 7.182013 8.707464 8.707464 7.147284 7.147284 7.147284 8.794256 8.794256 8.273565 8.273565 8.273565 8.519598 8.519598 8.519598 9.018682 9.018682 9.923407 9.923407 9.923407 10.11432 10.11432 12.15784 12.15784 12.15784 14.16736 14.16736 14.16736 14.99561 14.99561 18.35059 18.35059 18.35059 21.9928 21.9928 21.9928 23.64685 23.64685 22.02856 22.02856 22.02856 21.48438 21.48438 23.15369 23.15369 23.15369 22.25049 22.25049
-9999 -9999 -9999 -9999 -9999 -9999 -9999 0 6.579474 6.579474 6.710761 6.710761 6.710761 6.292609 6.292609 6.292609 6.523077 6.523077 6.673834 6.673834 6.673834 7.182013 7.182013 7.182013 8.707464 8.707464 7.147284 7.147284 7.147284 8.794256 8.794256 8.273565 8.273565 8.273565 8.519598 8.519598 8.519598 9.018682 9.018682 9.923407 9.923407 9.923407 10.11432 10.11432 12.15784 12.15784 12.15784 14.16736 14.16736 14.16736 14.99561 14.99561 18.35059 18.35059 18.35059 21.9928 21.9928 21.9928 23.64685 23.64685 22.02856 22.02856 22.02856 21.48438 21.48438 23.15369 23.15369 23.15369 22.25049 22.25049
