SEB_model/sample_data_files/contemp/IceThickness/thick_2009_5m.txt
ncols         313
nrows         278
xllcorner     388961.19995117
yllcorner     7584381.3441773
cellsize      5
NODATA_value  -9999
[rows 93 to 123 of 278, columns 70 to 139 of 313]
-9999 -9999 -9999 -9999 -9999 -9999 -9999 -9999 -9999 -9999 -9999 -9999 -9999 -9999 -9999 -9999 -9999 -9999 -9999 -9999 -9999 -9999 -9999 -9999 -9999 -9999 -9999 -9999 -9999 -9999 -9999 -9999 -9999 -9999 -9999 -9999 -9999 -9999 -9999 -9999 -9999 -9999 -9999 -9999 0 7.464056 7.464056 7.464056 7.909979 7.909979 10.7356 10.7356 10.7356 11.07093 11.07093 11.07093 13.31055 13.31055 14.94824 14.94824 14.94824 14.66016 14.66016 16.47559 16.47559 16.47559 15.08691 15.08691 15.08691 14.76111
-9999 -9999 -9999 -9999 -9999 -9999 -9999 -9999 -9999 -9999 -9999 -9999 -9999 -9999 -9999 -9999 -9999 -9999 -9999 -9999 -9999 -9999 -9999 -9999 -9999 -9999 -9999 -9999 -9999 -9999 -9999 -9999 -9999 -9999 0 0 0 0 0 0 0 0 0 0 0 7.464056 7.464056 7.464056 7.909979 7.909979 10.7356 10.7356 10.7356 11.07093 11.07093 11.07093 13.31055 13.31055 14.94824 14.94824 14.94824 14.66016 14.66016 16.47559 16.47559 16.47559 15.08691 15.08691 15.08691 14.76111
-9999 -9999 -9999 -9999 -9999 -9999 -9999 -9999 -9999 -9999 -9999 -9999 -9999 -9999 -9999 -9999 -9999 -9999 -9999 -9999 -9999 -9999 -9999 -9999 -9999 -9999 -9999 -9999 -9999 -9999 -9999 -9999 -9999 -9999 0 6.250128 6.250128 5.805182 5.805182 5.805182 5.827948 5.827948 5.827948 6.875617 6.875617 8.125128 8.125128 8.125128 8.868109 8.868109 11.56757 11.56757 11.56757 17.49121 17.49121 17.49121 20.86462 20.86462 18.43188 18.43188 18.43188 15.43018 15.43018 16.90649 16.90649 16.90649 15.54395 15.54395 15.54395 15.59546
-9999 -9999 -9999 -9999 -9999 -9999 -9999 -9999 -9999 -9999 -9999 -9999 -9999 -9999 -9999 -9999 -9999 -9999 -9999 -9999 -9999 -9999 -9999 -9999 -9999 -9999 -9999 -9999 -9999 -9999 -9999 -9999 -9999 -9999 -9999 6.250128 6.250128 5.805182 5.805182 5.805182 5.827948 5.827948 5.827948 6.875617 6.875617 8.125128 8.125128 8.125128 8.868109 8.868109 11.56757 11.56757 11.56757 17.49121 17.49121 17.49121 20.86462 20.86462 18.43188 18.43188 18.43188 15.43018 15.43018 16.90649 16.90649 16.90649 15.54395 15.54395 15.54395 15.59546
-9999 -9999 -9999 -9999 -9999 -9999 -9999 -9999 -9999 -9999 -9999 -9999 -9999 -9999 -9999 -9999 -9999 -9999 -9999 -9999 -9999 -9999 -9999 -9999 -9999 -9999 -9999 -9999 -9999 5.109381 5.109381 5.109381 5.513373 5.513373 5.513373 6.550116 6.550116 6.083502 6.083502 6.083502 6.063849 6.063849 6.063849 6.83277 6.83277 7.801764 7.801764 7.801764 8.963934 8.963934 12.57495 12.57495 12.57495 21.76147 21.76147 21.76147 22.4137 22.4137 16.30127 16.30127 16.30127 14.15454 14.15454 15.84351 15.84351 15.84351 14.29077 14.29077 14.29077 14.63464
-9999 -9999 -9999 -9999 -9999 -9999 -9999 -9999 -9999 -9999 -9999 -9999 -9999 -9999 -9999 -9999 -9999 -9999 -9999 -9999 -9999 -9999 -9999 -9999 -9999 -9999 -9999 -9999 4.806036 5.109381 5.109381 5.109381 5.513373 5.513373 5.513373 6.550116 6.550116 6.083502 6.083502 6.083502 6.063849 6.063849 6.063849 6.83277 6.83277 7.801764 7.801764 7.801764 8.963934 8.963934 12.57495 12.57495 12.57495 21.76147 21.76147 21.76147 22.4137 22.4137 16.30127 16.30127 16.30127 14.15454 14.15454 15.84351 15.84351 15.84351 14.29077 14.29077 14.29077 14.63464
-9999 -9999 -9999 -9999 -9999 -9999 -9999 -9999 -9999 -9999 -9999 -9999 -9999 -9999 -9999 -9999 -9999 -9999 -9999 -9999 -9999 -9999 -9999 -9999 -9999 -9999 0 4.806036 4.806036 5.109381 5.109381 5.109381 5.513373 5.513373 5.513373 6.550116 6.550116 6.083502 6.083502 6.083502 6.063849 6.063849 6.063849 6.83277 6.83277 7.801764 7.801764 7.801764 8.963934 8.963934 12.57495 12.57495 12.57495 21.76147 21.76147 21.76147 22.4137 22.4137 16.30127 16.30127 16.30127 14.15454 14.15454 15.84351 15.84351 15.84351 14.29077 14.29077 14.29077 14.63464
-9999 -9999 -9999 -9999 -9999 -9999 -9999 -9999 -9999 -9999 -9999 -9999 -9999 -9999 -9999 -9999 -9999 -9999 -9999 -9999 -9999 -9999 -9999 -9999 -9999 5.402838 5.402838 5.54151 5.54151 6.057379 6.057379 6.057379 6.441718 6.441718 6.441718 7.358099 7.358099 7.781134 7.781134 7.781134 7.301154 7.301154 7.301154 7.643683 7.643683 9.653997 9.653997 9.653997 11.4618 11.4618 15.98462 15.98462 15.98462 20.63843 20.63843 20.63843 22.71741 22.71741 16.12036 16.12036 16.12036 14.44568 14.44568 16.38831 16.38831 16.38831 15.17932 15.17932 15.17932 15.60889
-9999 -9999 -9999 -9999 -9999 -9999 -9999 -9999 -9999 -9999 -9999 -9999 -9999 -9999 -9999 -9999 -9999 -9999 -9999 -9999 -9999 -9999 -9999 -9999 5.402838 5.402838 5.402838 5.54151 5.54151 6.057379 6.057379 6.057379 6.441718 6.441718 6.441718 7.358099 7.358099 7.781134 7.781134 7.781134 7.301154 7.301154 7.301154 7.643683 7.643683 9.653997 9.653997 9.653997 11.4618 11.4618 15.98462 15.98462 15.98462 20.63843 20.63843 20.63843 22.71741 22.71741 16.12036 16.12036 16.12036 14.44568 14.44568 16.38831 16.38831 16.38831 15.17932 15.17932 15.17932 15.60889
-9999 -9999 -9999 -9999 -9999 -9999 -9999 -9999 -9999 -9999 -9999 -9999 -9999 -9999 -9999 -9999 -9999 -9999 -9999 -9999 -9999 -9999 -9999 0 5.402838 5.402838 5.402838 5.54151 5.54151 6.057379 6.057379 6.057379 6.441718 6.441718 6.441718 7.358099 7.358099 7.781134 7.781134 7.781134 7.301154 7.301154 7.301154 7.643683 7.643683 9.653997 9.653997 9.653997 11.4618 11.4618 15.98462 15.98462 15.98462 20.63843 20.63843 20.63843 22.71741 22.71741 16.12036 16.12036 16.12036 14.44568 14.44568 16.38831 16.38831 16.38831 15.17932 15.17932 15.17932 15.60889
-9999 -9999 -9999 -9999 -9999 -9999 -9999 -9999 -9999 -9999 -9999 -9999 -9999 -9999 -9999 -9999 -9999 -9999 -9999 -9999 -9999 -9999 -9999 0 4.778998 4.778998 4.778998 4.858649 4.858649 5.43122 5.43122 5.43122 5.558417 5.558417 5.558417 6.117316 6.117316 6.554144 6.554144 6.554144 6.291205 6.291205 6.291205 7.613654 7.613654 9.909307 9.909307 9.909307 11.74531 11.74531 14.33728 14.33728 14.33728 12.89783 12.89783 12.89783 22.54028 22.54028 22.11389 22.11389 22.11389 17.8446 17.8446 20.73157 20.73157 20.73157 15.86975 15.86975 15.86975 16.69019
-9999 -9999 -9999 -9999 -9999 -9999 -9999 -9999 -9999 -9999 -9999 -9999 -9999 -9999 -9999 -9999 -9999 -9999 -9999 -9999 -9999 -9999 -9999 -9999 -9999 4.778998 4.778998 4.858649 4.858649 5.43122 5.43122 5.43122 5.558417 5.558417 5.558417 6.117316 6.117316 6.554144 6.554144 6.554144 6.291205 6.291205 6.291205 7.613654 7.613654 9.909307 9.909307 9.909307 11.74531 11.74531 14.33728 14.33728 14.33728 12.89783 12.89783 12.89783 22.54028 22.54028 22.11389 22.11389 22.11389 17.8446 17.8446 20.73157 20.73157 20.73157 15.86975 15.86975 15.86975 16.69019
-9999 -9999 -9999 -9999 -9999 -9999 -9999 -9999 -9999 -9999 -9999 -9999 -9999 -9999 -9999 -9999 -9999 -9999 -9999 -9999 -9999 -9999 -9999 -9999 -9999 0 0 5.193488 5.193488 5.739386 5.739386 5.739386 5.70777 5.70777 5.70777 7.223334 7.223334 6.753119 6.753119 6.753119 6.267157 6.267157 6.267157 7.931159 7.931159 10.27247 10.27247 10.27247 11.8147 11.8147 13.93701 13.93701 13.93701 18.02576 18.02576 18.02576 26.60913 26.60913 30.0354 30.0354 30.0354 27.38464 27.38464 31.32312 31.32312 31.32312 30.26172 30.26172 30.26172 30.31042
-9999 -9999 -9999 -9999 -9999 -9999 -9999 -9999 -9999 -9999 -9999 -9999 -9999 -9999 -9999 -9999 -9999 -9999 -9999 -9999 -9999 -9999 -9999 -9999 -9999 -9999 0 5.193488 5.193488 5.739386 5.739386 5.739386 5.70777 5.70777 5.70777 7.223334 7.223334 6.753119 6.753119 6.753119 6.267157 6.267157 6.267157 7.931159 7.931159 10.27247 10.27247 10.27247 11.8147 11.8147 13.93701 13.93701 13.93701 18.02576 18.02576 18.02576 26.60913 26.60913 30.0354 30.0354 30.0354 27.38464 27.38464 31.32312 31.32312 31.32312 30.26172 30.26172 30.26172 30.31042
-9999 -9999 -9999 -9999 -9999 -9999 -9999 -9999 -9999 -9999 -9999 -9999 -9999 -9999 -9999 -9999 -9999 -9999 -9999 -9999 -9999 -9999 -9999 -9999 -9999 -9999 -9999 5.193488 5.193488 -9999 -9999 5.739386 5.70777 5.70777 5.70777 7.223334 7.223334 6.753119 6.753119 6.753119 6.267157 6.267157 6.267157 7.931159 7.931159 10.27247 10.27247 10.27247 11.8147 11.8147 13.93701 13.93701 13.93701 18.02576 18.02576 18.02576 26.60913 26.60913 30.0354 30.0354 30.0354 27.38464 27.38464 31.32312 31.32312 31.32312 30.26172 30.26172 30.26172 30.31042
-9999 -9999 -9999 -9999 -9999 -9999 -9999 -9999 -9999 -9999 -9999 -9999 -9999 -9999 -9999 -9999 -9999 -9999 -9999 -9999 -9999 -9999 -9999 -9999 -9999 -9999 -9999 0 0 -9999 -9999 -9999 5.859747 5.859747 5.859747 7.20893 7.20893 6.355597 6.355597 6.355597 6.958502 6.958502 6.958502 9.660589 9.660589 11.57435 11.57435 11.57435 12.61707 12.61707 14.87915 14.87915 14.87915 16.4458 16.4458 16.4458 25.69092 25.69092 33.27942 33.27942 33.27942 32.02844 32.02844 32.94067 32.94067 32.94067 32.94739 32.94739 32.94739 37.20605
-9999 -9999 -9999 -9999 -9999 -9999 -9999 -9999 -9999 -9999 -9999 -9999 -9999 -9999 -9999 -9999 -9999 -9999 -9999 -9999 -9999 -9999 -9999 -9999 -9999 -9999 -9999 -9999 -9999 -9999 -9999 -9999 5.859747 5.859747 5.859747 7.20893 7.20893 6.355597 6.355597 6.355597 6.958502 6.958502 6.958502 9.660589 9.660589 11.57435 11.57435 11.57435 12.61707 12.61707 14.87915 14.87915 14.87915 16.4458 16.4458 16.4458 25.69092 25.69092 33.27942 33.27942 33.27942 32.02844 32.02844 32.94067 32.94067 32.94067 32.94739 32.94739 32.94739 37.20605
-9999 -9999 -9999 -9999 -9999 -9999 -9999 -9999 -9999 -9999 -9999 -9999 -9999 -9999 -9999 -9999 -9999 -9999 -9999 -9999 -9999 -9999 -9999 -9999 -9999 -9999 -9999 -9999 -9999 -9999 -9999 -9999 -9999 5.859747 5.859747 7.20893 7.20893 6.355597 6.355597 6.355597 6.958502 6.958502 6.958502 9.660589 9.660589 11.57435 11.57435 11.57435 12.61707 12.61707 14.87915 14.87915 14.87915 16.4458 16.4458 16.4458 25.69092 25.69092 33.27942 33.27942 33.27942 32.02844 32.02844 32.94067 32.94067 32.94067 32.94739 32.94739 32.94739 37.20605
-9999 -9999 -9999 -9999 -9999 -9999 -9999 -9999 -9999 -9999 -9999 -9999 -9999 -9999 -9999 -9999 -9999 -9999 -9999 -9999 -9999 -9999 -9999 -9999 -9999 -9999 -9999 -9999 -9999 -9999 -9999 -9999 -9999 0 0 5.50257 5.50257 5.535834 5.535834 5.535834 6.949957 6.949957 6.949957 9.635077 9.635077 10.22022 10.22022 10.22022 11.84925 11.84925 16.7821 16.7821 16.7821 19.23486 19.23486 19.23486 25.6554 25.6554 31.58398 31.58398 31.58398 31.80957 31.80957 28.18127 28.18127 28.18127 34.12854 34.12854 34.12854 38.50073
-9999 -9999 -9999 -9999 -9999 -9999 -9999 -9999 -9999 -9999 -9999 -9999 -9999 -9999 -9999 -9999 -9999 -9999 -9999 -9999 -9999 -9999 -9999 -9999 -9999 -9999 -9999 -9999 -9999 -9999 -9999 -9999 -9999 -9999 0 5.50257 5.50257 5.535834 5.535834 5.535834 6.949957 6.949957 6.949957 9.635077 9.635077 10.22022 10.22022 10.22022 11.84925 11.84925 16.7821 16.7821 16.7821 19.23486 19.23486 19.23486 25.6554 25.6554 31.58398 31.58398 31.58398 31.80957 31.80957 28.18127 28.18127 28.18127 34.12854 34.12854 34.12854 38.50073
-9999 -9999 -9999 -9999 -9999 -9999 -9999 -9999 -9999 -9999 -9999 -9999 -9999 -9999 -9999 -9999 -9999 -9999 -9999 -9999 -9999 -9999 -9999 -9999 -9999 -9999 -9999 -9999 -9999 -9999 -9999 -9999 -9999 -9999 -9999 0 0 6.179572 6.179572 6.179572 7.396002 7.396002 7.396002 9.252508 9.252508 11.33014 11.33014 11.33014 13.95313 13.95313 18.88293 18.88293 18.88293 18.96924 18.96924 18.96924 22.91931 22.91931 28.96887 28.96887 28.96887 35.1521 35.1521 41.99414 41.99414 41.99414 33.34436 33.34436 33.34436 36.70764
-9999 -9999 -9999 -9999 -9999 -9999 -9999 -9999 -9999 -9999 -9999 -9999 -9999 -9999 -9999 -9999 -9999 -9999 -9999 -9999 -9999 -9999 -9999 -9999 -9999 -9999 -9999 -9999 -9999 -9999 -9999 -9999 -9999 -9999 -9999 -9999 -9999 6.179572 6.179572 6.179572 7.396002 7.396002 7.396002 9.252508 9.252508 11.33014 11.33014 11.33014 13.95313 13.95313 18.88293 18.88293 18.88293 18.96924 18.96924 18.96924 22.91931 22.91931 28.96887 28.96887 28.96887 35.1521 35.1521 41.99414 41.99414 41.99414 33.34436 33.34436 33.34436 36.70764
-9999 -9999 -9999 -9999 -9999 -9999 -9999 -9999 -9999 -9999 -9999 -9999 -9999 -9999 -9999 -9999 -9999 -9999 -9999 -9999 -9999 -9999 -9999 -9999 -9999 -9999 -9999 -9999 -9999 -9999 -9999 -9999 -9999 -9999 -9999 -9999 -9999 -9999 6.179572 6.179572 7.396002 7.396002 7.396002 9.252508 9.252508 11.33014 11.33014 11.33014 13.95313 13.95313 18.88293 18.88293 18.88293 18.96924 18.96924 18.96924 22.91931 22.91931 28.96887 28.96887 28.96887 35.1521 35.1521 41.99414 41.99414 41.99414 33.34436 33.34436 33.34436 36.70764
-9999 -9999 -9999 -9999 -9999 -9999 -9999 -9999 -9999 -9999 -9999 -9999 -9999 -9999 -9999 -9999 -9999 -9999 -9999 -9999 -9999 -9999 -9999 -9999 -9999 -9999 -9999 -9999 -9999 -9999 -9999 -9999 -9999 -9999 -9999 -9999 -9999 -9999 0 0 8.16596 8.16596 8.16596 9.948919 9.948919 12.05273 12.05273 12.05273 16.1969 16.1969 21.73352 21.73352 21.73352 23.89844 23.89844 23.89844 27.37329 27.37329 31.15601 31.15601 31.15601 41.50525 41.50525 40.89478 40.89478 40.89478 38.39771 38.39771 38.39771 37.57483
-9999 -9999 -9999 -9999 -9999 -9999 -9999 -9999 -9999 -9999 -9999 -9999 -9999 -9999 -9999 -9999 -9999 -9999 -9999 -9999 -9999 -9999 -9999 -9999 -9999 -9999 -9999 -9999 -9999 -9999 -9999 -9999 -9999 -9999 -9999 -9999 -9999 -9999 -9999 0 8.16596 8.16596 8.16596 9.948919 9.948919 12.05273 12.05273 12.05273 16.1969 16.1969 21.73352 21.73352 21.73352 23.89844 23.89844 23.89844 27.37329 27.37329 31.15601 31.15601 31.15601 41.50525 41.50525 40.89478 40.89478 40.89478 38.39771 38.39771 38.39771 37.57483
-9999 -9999 -9999 -9999 -9999 -9999 -9999 -9999 -9999 -9999 -9999 -9999 -9999 -9999 -9999 -9999 -9999 -9999 -9999 -9999 -9999 -9999 -9999 -9999 -9999 -9999 -9999 -9999 -9999 -9999 -9999 -9999 -9999 -9999 -9999 -9999 -9999 -9999 6.201727 6.201727 7.19538 7.19538 7.19538 9.459234 9.459234 10.93506 10.93506 10.93506 15.23645 15.23645 21.17065 21.17065 21.17065 24.31934 24.31934 24.31934 28.59534 28.59534 34.12842 34.12842 34.12842 33.55847 33.55847 34.7738 34.7738 34.7738 34.62329 34.62329 34.62329 37.94702
-9999 -9999 -9999 -9999 -9999 -9999 -9999 -9999 -9999 -9999 -9999 -9999 -9999 -9999 -9999 -9999 -9999 -9999 -9999 -9999 -9999 -9999 -9999 -9999 -9999 -9999 -9999 -9999 -9999 -9999 -9999 -9999 -9999 -9999 -9999 -9999 0 6.201727 6.201727 6.201727 7.19538 7.19538 7.19538 9.459234 9.459234 10.93506 10.93506 10.93506 15.23645 15.23645 21.17065 21.17065 21.17065 24.31934 24.31934 24.31934 28.59534 28.59534 34.12842 34.12842 34.12842 33.55847 33.55847 34.7738 34.7738 34.7738 34.62329 34.62329 34.62329 37.94702
-9999 -9999 -9999 -9999 -9999 -9999 -9999 -9999 -9999 -9999 -9999 -9999 -9999 -9999 -9999 -9999 -9999 -9999 -9999 -9999 -9999 -9999 -9999 -9999 -9999 -9999 -9999 -9999 -9999 -9999 -9999 -9999 -9999 -9999 -9999 -9999 0 6.201727 6.201727 6.201727 7.19538 7.19538 7.19538 9.459234 9.459234 10.93506 10.93506 10.93506 15.23645 15.23645 21.17065 21.17065 21.17065 24.31934 24.31934 24.31934 28.59534 28.59534 34.12842 34.12842 34.12842 33.55847 33.55847 34.7738 34.7738 34.7738 34.62329 34.62329 34.62329 37.94702
-9999 -9999 -9999 -9999 -9999 -9999 -9999 -9999 -9999 -9999 -9999 -9999 -9999 -9999 -9999 -9999 -9999 -9999 -9999 -9999 -9999 -9999 -9999 -9999 -9999 -9999 -9999 -9999 -9999 -9999 -9999 -9999 -9999 -9999 -9999 -9999 0 6.965094 6.965094 6.965094 6.261969 6.261969 6.261969 8.918829 8.918829 10.4383 10.4383 10.4383 11.87433 11.87433 19.38403 19.38403 19.38403 24.50171 24.50171 24.50171 30.55872 30.55872 32.29395 32.29395 32.29395 27.09155 27.09155 32.68909 32.68909 32.68909 35.83875 35.83875 35.83875 39.62012
-9999 -9999 -9999 -9999 -9999 -9999 -9999 -9999 -9999 -9999 -9999 -9999 -9999 -9999 -9999 -9999 -9999 -9999 -9999 -9999 -9999 -9999 -9999 -9999 -9999 -9999 -9999 -9999 -9999 -9999 -9999 -9999 -9999 -9999 -9999 -9999 0 6.965094 6.965094 6.965094 6.261969 6.261969 6.261969 8.918829 8.918829 10.4383 10.4383 10.4383 11.87433 11.87433 19.38403 19.38403 19.38403 24.50171 24.50171 24.50171 30.55872 30.55872 32.29395 32.29395 32.29395 27.09155 27.09155 32.68909 32.68909 32.68909 35.83875 35.83875 35.83875 39.62012
-9999 -9999 -9999 -9999 -9999 -9999 -9999 -9999 -9999 -9999 -9999 -9999 -9999 -9999 -9999 -9999 -9999 -9999 -9999 -9999 -9999 -9999 -9999 -9999 -9999 -9999 -9999 -9999 -9999 -9999 -9999 -9999 -9999 -9999 -9999 -9999 0 6.965094 6.965094 6.965094 6.261969 6.261969 6.261969 8.918829 8.918829 10.4383 10.4383 10.4383 11.87433 11.87433 19.38403 19.38403 19.38403 24.50171 24.50171 24.50171 30.55872 30.55872 32.29395 32.29395 32.29395 27.09155 27.09155 32.68909 32.68909 32.68909 35.83875 35.83875 35.83875 39.62012
