SEB_model/sample_data_files/contemp/IceThickness/thick_2009_5m.txt
ncols         313
nrows         278
xllcorner     388961.19995117
yllcorner     7584381.3441773
cellsize      5
NODATA_value  -9999
[rows 217 to 247 of 278, columns 70 to 139 of 313]
27.84143 29.23547 29.23547 28.4187 28.4187 28.4187 27.96094 27.96094 28.70093 28.70093 28.70093 26.98169 26.98169 26.98169 26.30908 26.30908 28.01099 28.01099 28.01099 28.56201 28.56201 28.56201 28.95972 28.95972 29.20215 29.20215 29.20215 30.20032 30.20032 29.35828 29.35828 29.35828 26.33875 26.33875 26.33875 22.81616 22.81616 19.02979 19.02979 19.02979 16.93774 16.93774 16.93774 14.23169 14.23169 12.34521 12.34521 12.34521 14.41638 14.41638 14.06982 14.06982 14.06982 10.98224 10.98224 10.98224 8.834539 8.834539 7.197943 7.197943 7.197943 6.454901 6.454901 5.747992 5.747992 5.747992 7.678107 7.678107 7.678107 7.413397
26.33423 26.43335 26.43335 26.02637 26.02637 26.02637 26.99316 26.99316 26.17566 26.17566 26.17566 24.78418 24.78418 24.78418 24.80603 24.80603 25.81653 25.81653 25.81653 28.38281 28.38281 28.38281 29.77344 29.77344 29.70825 29.70825 29.70825 29.70898 29.70898 28.56323 28.56323 28.56323 26.82092 26.82092 26.82092 23.6355 23.6355 19.73657 19.73657 19.73657 18.24548 18.24548 18.24548 17.2146 17.2146 19.57581 19.57581 19.57581 18.47546 18.47546 14.0918 14.0918 14.0918 13.99158 13.99158 13.99158 11.13795 11.13795 10.85407 10.85407 10.85407 9.079535 9.079535 9.309515 9.309515 9.309515 8.092779 8.092779 8.092779 6.952643
26.33423 26.43335 26.43335 26.02637 26.02637 26.02637 26.99316 26.99316 26.17566 26.17566 26.17566 24.78418 24.78418 24.78418 24.80603 24.80603 25.81653 25.81653 25.81653 28.38281 28.38281 28.38281 29.77344 29.77344 29.70825 29.70825 29.70825 29.70898 29.70898 28.56323 28.56323 28.56323 26.82092 26.82092 26.82092 23.6355 23.6355 19.73657 19.73657 19.73657 18.24548 18.24548 18.24548 17.2146 17.2146 19.57581 19.57581 19.57581 18.47546 18.47546 14.0918 14.0918 14.0918 13.99158 13.99158 13.99158 11.13795 11.13795 10.85407 10.85407 10.85407 9.079535 9.079535 9.309515 9.309515 9.309515 8.092779 8.092779 8.092779 6.952643
23.26257 23.38342 23.38342 24.67371 24.67371 24.67371 23.36389 23.36389 23.01575 23.01575 23.01575 23.04041 23.04041 23.04041 23.34814 23.34814 23.61926 23.61926 23.61926 26.33154 26.33154 26.33154 29.9231 29.9231 30.52368 30.52368 30.52368 27.52295 27.52295 26.14856 26.14856 26.14856 25.77209 25.77209 25.77209 24.23254 24.23254 22.07825 22.07825 22.07825 20.41943 20.41943 20.41943 20.04651 20.04651 19.0592 19.0592 19.0592 14.23389 14.23389 10.00562 10.00562 10.00562 11.12336 11.12336 11.12336 10.41456 10.41456 9.593451 9.593451 9.593451 11.29029 11.29029 9.315313 9.315313 9.315313 8.121344 8.121344 8.121344 6.70484
23.26257 23.38342 23.38342 24.67371 24.67371 24.67371 23.36389 23.36389 23.01575 23.01575 23.01575 23.04041 23.04041 23.04041 23.34814 23.34814 23.61926 23.61926 23.61926 26.33154 26.33154 26.33154 29.9231 29.9231 30.52368 30.52368 30.52368 27.52295 27.52295 26.14856 26.14856 26.14856 25.77209 25.77209 25.77209 24.23254 24.23254 22.07825 22.07825 22.07825 20.41943 20.41943 20.41943 20.04651 20.04651 19.0592 19.0592 19.0592 14.23389 14.23389 10.00562 10.00562 10.00562 11.12336 11.12336 11.12336 10.41456 10.41456 9.593451 9.593451 9.593451 11.29029 11.29029 9.315313 9.315313 9.315313 8.121344 8.121344 8.121344 6.70484
23.26257 23.38342 23.38342 24.67371 24.67371 24.67371 23.36389 23.36389 23.01575 23.01575 23.01575 23.04041 23.04041 23.04041 23.34814 23.34814 23.61926 23.61926 23.61926 26.33154 26.33154 26.33154 29.9231 29.9231 30.52368 30.52368 30.52368 27.52295 27.52295 26.14856 26.14856 26.14856 25.77209 25.77209 25.77209 24.23254 24.23254 22.07825 22.07825 22.07825 20.41943 20.41943 20.41943 20.04651 20.04651 19.0592 19.0592 19.0592 14.23389 14.23389 10.00562 10.00562 10.00562 11.12336 11.12336 11.12336 10.41456 10.41456 9.593451 9.593451 9.593451 11.29029 11.29029 9.315313 9.315313 9.315313 8.121344 8.121344 8.121344 6.70484
20.33203 22.28784 22.28784 21.36707 21.36707 21.36707 20.56604 20.56604 22.14929 22.14929 22.14929 21.05811 21.05811 21.05811 23.31897 23.31897 24.8186 24.8186 24.8186 26.9447 26.9447 26.9447 30.00122 30.00122 33.72449 33.72449 33.72449 30.4856 30.4856 29.11243 29.11243 29.11243 28.3905 28.3905 28.3905 28.26184 28.26184 24.91431 24.91431 24.91431 21.25049 21.25049 21.25049 21.25159 21.25159 13.38501 13.38501 13.38501 11.39106 11.39106 10.1999 10.1999 10.1999 9.731207 9.731207 9.731207 9.751287 9.751287 12.02197 12.02197 12.02197 11.90088 11.90088 11.12848 11.12848 11.12848 7.87287 7.87287 7.87287 6.549872
20.33203 22.28784 22.28784 21.36707 21.36707 21.36707 20.56604 20.56604 22.14929 22.14929 22.14929 21.05811 21.05811 21.05811 23.31897 23.31897 24.8186 24.8186 24.8186 26.9447 26.9447 26.9447 30.00122 30.00122 33.72449 33.72449 33.72449 30.4856 30.4856 29.11243 29.11243 29.11243 28.3905 28.3905 28.3905 28.26184 28.26184 24.91431 24.91431 24.91431 21.25049 21.25049 21.25049 21.25159 21.25159 13.38501 13.38501 13.38501 11.39106 11.39106 10.1999 10.1999 10.1999 9.731207 9.731207 9.731207 9.751287 9.751287 12.02197 12.02197 12.02197 11.90088 11.90088 11.12848 11.12848 11.12848 7.87287 7.87287 7.87287 6.549872
20.33203 22.28784 22.28784 21.36707 21.36707 21.36707 20.56604 20.56604 22.14929 22.14929 22.14929 21.05811 21.05811 21.05811 23.31897 23.31897 24.8186 24.8186 24.8186 26.9447 26.9447 26.9447 30.00122 30.00122 33.72449 33.72449 33.72449 30.4856 30.4856 29.11243 29.11243 29.11243 28.3905 28.3905 28.3905 28.26184 28.26184 24.91431 24.91431 24.91431 21.25049 21.25049 21.25049 21.25159 21.25159 13.38501 13.38501 13.38501 11.39106 11.39106 10.1999 10.1999 10.1999 9.731207 9.731207 9.731207 9.751287 9.751287 12.02197 12.02197 12.02197 11.90088 11.90088 11.12848 11.12848 11.12848 7.87287 7.87287 7.87287 6.549872
19.60144 20.14465 20.14465 18.35791 18.35791 18.35791 19.7196 19.7196 20.05139 20.05139 20.05139 20.7583 20.7583 20.7583 23.10254 23.10254 27.24878 27.24878 27.24878 17.48755 17.48755 17.48755 26.29175 26.29175 32.25623 32.25623 32.25623 30.96082 30.96082 27.67517 27.67517 27.67517 26.78442 26.78442 26.78442 26.01697 26.01697 24.56152 24.56152 24.56152 19.71631 19.71631 19.71631 14.46521 14.46521 10.4676 10.4676 10.4676 10.17835 10.17835 9.346014 9.346014 9.346014 9.214422 9.214422 9.214422 8.719061 8.719061 11.45984 11.45984 11.45984 11.08942 11.08942 9.595892 9.595892 9.595892 8.190496 8.190496 8.190496 5.802435
19.60144 20.14465 20.14465 18.35791 18.35791 18.35791 19.7196 19.7196 20.05139 20.05139 20.05139 20.7583 20.7583 20.7583 23.10254 23.10254 27.24878 27.24878 27.24878 17.48755 17.48755 17.48755 26.29175 26.29175 32.25623 32.25623 32.25623 30.96082 30.96082 27.67517 27.67517 27.67517 26.78442 26.78442 26.78442 26.01697 26.01697 24.56152 24.56152 24.56152 19.71631 19.71631 19.71631 14.46521 14.46521 10.4676 10.4676 10.4676 10.17835 10.17835 9.346014 9.346014 9.346014 9.214422 9.214422 9.214422 8.719061 8.719061 11.45984 11.45984 11.45984 11.08942 11.08942 9.595892 9.595892 9.595892 8.190496 8.190496 8.190496 5.802435
16.7113 17.06458 17.06458 17.57849 17.57849 17.57849 17.16455 17.16455 19.43933 19.43933 19.43933 21.12256 21.12256 21.12256 24.44006 24.44006 17.69897 17.69897 17.69897 16.53479 16.53479 16.53479 24.08789 24.08789 25.82996 25.82996 25.82996 30.99744 30.99744 25.58484 25.58484 25.58484 25.16211 25.16211 25.16211 24.61096 24.61096 22.7915 22.7915 22.7915 13.078 13.078 13.078 10.99116 10.99116 10.29853 10.29853 10.29853 9.91773 9.91773 9.544683 9.544683 9.544683 10.47321 10.47321 10.47321 10.45496 10.45496 10.43421 10.43421 10.43421 11.60865 11.60865 9.641424 9.641424 9.641424 8.399908 8.399908 8.399908 7.859931
16.7113 17.06458 17.06458 17.57849 17.57849 17.57849 17.16455 17.16455 19.43933 19.43933 19.43933 21.12256 21.12256 21.12256 24.44006 24.44006 17.69897 17.69897 17.69897 16.53479 16.53479 16.53479 24.08789 24.08789 25.82996 25.82996 25.82996 30.99744 30.99744 25.58484 25.58484 25.58484 25.16211 25.16211 25.16211 24.61096 24.61096 22.7915 22.7915 22.7915 13.078 13.078 13.078 10.99116 10.99116 10.29853 10.29853 10.29853 9.91773 9.91773 9.544683 9.544683 9.544683 10.47321 10.47321 10.47321 10.45496 10.45496 10.43421 10.43421 10.43421 11.60865 11.60865 9.641424 9.641424 9.641424 8.399908 8.399908 8.399908 7.859931
16.7113 17.06458 17.06458 17.57849 17.57849 17.57849 17.16455 17.16455 19.43933 19.43933 19.43933 21.12256 21.12256 21.12256 24.44006 24.44006 17.69897 17.69897 17.69897 16.53479 16.53479 16.53479 24.08789 24.08789 25.82996 25.82996 25.82996 30.99744 30.99744 25.58484 25.58484 25.58484 25.16211 25.16211 25.16211 24.61096 24.61096 22.7915 22.7915 22.7915 13.078 13.078 13.078 10.99116 10.99116 10.29853 10.29853 10.29853 9.91773 9.91773 9.544683 9.544683 9.544683 10.47321 10.47321 10.47321 10.45496 10.45496 10.43421 10.43421 10.43421 11.60865 11.60865 9.641424 9.641424 9.641424 8.399908 8.399908 8.399908 7.859931
14.79675 15.4519 15.4519 14.75305 14.75305 14.75305 17.42725 17.42725 19.16687 19.16687 19.16687 23.87146 23.87146 23.87146 14.69714 14.69714 12.68933 12.68933 12.68933 19.66284 19.66284 19.66284 27.5741 27.5741 26.87512 26.87512 26.87512 28.06189 28.06189 25.09875 25.09875 25.09875 20.56506 20.56506 20.56506 23.40393 23.40393 17.27979 17.27979 17.27979 11.71638 11.71638 11.71638 11.60572 11.60572 10.31232 10.31232 10.31232 10.33509 10.33509 10.56861 10.56861 10.56861 10.93781 10.93781 10.93781 10.17158 10.17158 9.577887 9.577887 9.577887 9.398077 9.398077 10.09278 10.09278 10.09278 9.680243 9.680243 9.680243 7.984992
14.79675 15.4519 15.4519 14.75305 14.75305 14.75305 17.42725 17.42725 19.16687 19.16687 19.16687 23.87146 23.87146 23.87146 14.69714 14.69714 12.68933 12.68933 12.68933 19.66284 19.66284 19.66284 27.5741 27.5741 26.87512 26.87512 26.87512 28.06189 28.06189 25.09875 25.09875 25.09875 20.56506 20.56506 20.56506 23.40393 23.40393 17.27979 17.27979 17.27979 11.71638 11.71638 11.71638 11.60572 11.60572 10.31232 10.31232 10.31232 10.33509 10.33509 10.56861 10.56861 10.56861 10.93781 10.93781 10.93781 10.17158 10.17158 9.577887 9.577887 9.577887 9.398077 9.398077 10.09278 10.09278 10.09278 9.680243 9.680243 9.680243 7.984992
14.79675 15.4519 15.4519 14.75305 14.75305 14.75305 17.42725 17.42725 19.16687 19.16687 19.16687 23.87146 23.87146 23.87146 14.69714 14.69714 12.68933 12.68933 12.68933 19.66284 19.66284 19.66284 27.5741 27.5741 26.87512 26.87512 26.87512 28.06189 28.06189 25.09875 25.09875 25.09875 20.56506 20.56506 20.56506 23.40393 23.40393 17.27979 17.27979 17.27979 11.71638 11.71638 11.71638 11.60572 11.60572 10.31232 10.31232 10.31232 10.33509 10.33509 10.56861 10.56861 10.56861 10.93781 10.93781 10.93781 10.17158 10.17158 9.577887 9.577887 9.577887 9.398077 9.398077 10.09278 10.09278 10.09278 9.680243 9.680243 9.680243 7.984992
13.10327 12.5636 12.5636 14.46277 14.46277 14.46277 16.49243 16.49243 22.26074 22.26074 22.26074 14.64941 14.64941 14.64941 15.74756 15.74756 18.07947 18.07947 18.07947 22.55164 22.55164 22.55164 29.06128 29.06128 29.64832 29.64832 29.64832 29.80273 29.80273 26.34082 26.34082 26.34082 19.22021 19.22021 19.22021 19.72583 19.72583 16.01099 16.01099 16.01099 11.50635 11.50635 11.50635 10.40034 10.40034 9.152716 9.152716 9.152716 9.946783 9.946783 9.974066 9.974066 9.974066 10.6402 10.6402 10.6402 9.737188 9.737188 9.048101 9.048101 9.048101 8.209417 8.209417 8.358099 8.358099 8.358099 9.191595 9.191595 9.191595 6.799811
13.10327 12.5636 12.5636 14.46277 14.46277 14.46277 16.49243 16.49243 22.26074 22.26074 22.26074 14.64941 14.64941 14.64941 15.74756 15.74756 18.07947 18.07947 18.07947 22.55164 22.55164 22.55164 29.06128 29.06128 29.64832 29.64832 29.64832 29.80273 29.80273 26.34082 26.34082 26.34082 19.22021 19.22021 19.22021 19.72583 19.72583 16.01099 16.01099 16.01099 11.50635 11.50635 11.50635 10.40034 10.40034 9.152716 9.152716 9.152716 9.946783 9.946783 9.974066 9.974066 9.974066 10.6402 10.6402 10.6402 9.737188 9.737188 9.048101 9.048101 9.048101 8.209417 8.209417 8.358099 8.358099 8.358099 9.191595 9.191595 9.191595 6.799811
11.17762 12.65051 12.65051 15.22742 15.22742 15.22742 20.7384 20.7384 14.22473 14.22473 14.22473 9.422613 9.422613 9.422613 15.26685 15.26685 12.53955 12.53955 12.53955 17.5426 17.5426 17.5426 24.85718 24.85718 23.49451 23.49451 23.49451 22.1073 22.1073 17.37988 17.37988 17.37988 10.25287 10.25287 10.25287 8.887945 8.887945 15.02539 15.02539 15.02539 15.78455 15.78455 15.78455 14.76917 14.76917 11.1496 11.1496 11.1496 11.46216 11.46216 11.02253 11.02253 11.02253 10.35139 10.35139 10.35139 8.844732 8.844732 8.068121 8.068121 8.068121 8.603155 8.603155 8.165472 8.165472 8.165472 8.283941 8.283941 8.283941 8.162542
11.17762 12.65051 12.65051 15.22742 15.22742 15.22742 20.7384 20.7384 14.22473 14.22473 14.22473 9.422613 9.422613 9.422613 15.26685 15.26685 12.53955 12.53955 12.53955 17.5426 17.5426 17.5426 24.85718 24.85718 23.49451 23.49451 23.49451 22.1073 22.1073 17.37988 17.37988 17.37988 10.25287 10.25287 10.25287 8.887945 8.887945 15.02539 15.02539 15.02539 15.78455 15.78455 15.78455 14.76917 14.76917 11.1496 11.1496 11.1496 11.46216 11.46216 11.02253 11.02253 11.02253 10.35139 10.35139 10.35139 8.844732 8.844732 8.068121 8.068121 8.068121 8.603155 8.603155 8.165472 8.165472 8.165472 8.283941 8.283941 8.283941 8.162542
11.17762 12.65051 12.65051 15.22742 15.22742 15.22742 20.7384 20.7384 14.22473 14.22473 14.22473 9.422613 9.422613 9.422613 15.26685 15.26685 12.53955 12.53955 12.53955 17.5426 17.5426 17.5426 24.85718 24.85718 23.49451 23.49451 23.49451 22.1073 22.1073 17.37988 17.37988 17.37988 10.25287 10.25287 10.25287 8.887945 8.887945 15.02539 15.02539 15.02539 15.78455 15.78455 15.78455 14.76917 14.76917 11.1496 11.1496 11.1496 11.46216 11.46216 11.02253 11.02253 11.02253 10.35139 10.35139 10.35139 8.844732 8.844732 8.068121 8.068121 8.068121 8.603155 8.603155 8.165472 8.165472 8.165472 8.283941 8.283941 8.283941 8.162542
10.13996 9.955084 9.955084 12.29883 12.29883 12.29883 4.649603 4.649603 2.874701 2.874701 2.874701 3.693915 3.693915 3.693915 11.43995 11.43995 9.301458 9.301458 9.301458 10.83149 10.83149 10.83149 23.82373 23.82373 21.38672 21.38672 21.38672 15.44458 15.44458 18.73462 18.73462 18.73462 18.74756 18.74756 18.74756 11.18439 11.18439 17.73694 17.73694 17.73694 14.45203 14.45203 14.45203 13.72095 13.72095 17.96802 17.96802 17.96802 10.97315 10.97315 9.82691 9.82691 9.82691 10.2931 10.2931 10.2931 9.946295 9.946295 11.45807 11.45807 11.45807 11.71198 11.71198 10.48511 10.48511 10.48511 10.03345 10.03345 10.03345 8.080389
10.13996 9.955084 9.955084 12.29883 12.29883 12.29883 4.649603 4.649603 2.874701 2.874701 2.874701 3.693915 3.693915 3.693915 11.43995 11.43995 9.301458 9.301458 9.301458 10.83149 10.83149 10.83149 23.82373 23.82373 21.38672 21.38672 21.38672 15.44458 15.44458 18.73462 18.73462 18.73462 18.74756 18.74756 18.74756 11.18439 11.18439 17.73694 17.73694 17.73694 14.45203 14.45203 14.45203 13.72095 13.72095 17.96802 17.96802 17.96802 10.97315 10.97315 9.82691 9.82691 9.82691 10.2931 10.2931 10.2931 9.946295 9.946295 11.45807 11.45807 11.45807 11.71198 11.71198 10.48511 10.48511 10.48511 10.03345 10.03345 10.03345 8.080389
8.545721 10.96015 10.96015 9.213995 9.213995 9.213995 3.624274 3.624274 2.852911 2.852911 2.852911 4.365973 4.365973 4.365973 10.03419 10.03419 10.22645 10.22645 10.22645 10.69892 10.69892 10.69892 17.42297 17.42297 17.26514 17.26514 17.26514 16.646 16.646 14.41357 14.41357 14.41357 20.90332 20.90332 20.90332 16.03198 16.03198 11.85834 11.85834 11.85834 13.97827 13.97827 13.97827 11.47211 11.47211 14.97485 14.97485 14.97485 13.1665 13.1665 11.30347 11.30347 11.30347 10.05359 10.05359 10.05359 10.3252 10.3252 10.58442 10.58442 10.58442 9.866766 9.866766 9.087469 9.087469 9.087469 8.356573 8.356573 8.356573 7.404669
8.545721 10.96015 10.96015 9.213995 9.213995 9.213995 3.624274 3.624274 2.852911 2.852911 2.852911 4.365973 4.365973 4.365973 10.03419 10.03419 10.22645 10.22645 10.22645 10.69892 10.69892 10.69892 17.42297 17.42297 17.26514 17.26514 17.26514 16.646 16.646 14.41357 14.41357 14.41357 20.90332 20.90332 20.90332 16.03198 16.03198 11.85834 11.85834 11.85834 13.97827 13.97827 13.97827 11.47211 11.47211 14.97485 14.97485 14.97485 13.1665 13.1665 11.30347 11.30347 11.30347 10.05359 10.05359 10.05359 10.3252 10.3252 10.58442 10.58442 10.58442 9.866766 9.866766 9.087469 9.087469 9.087469 8.356573 8.356573 8.356573 7.404669
8.545721 10.96015 10.96015 9.213995 9.213995 9.213995 3.624274 3.624274 2.852911 2.852911 2.852911 4.365973 4.365973 4.365973 10.03419 10.03419 10.22645 10.22645 10.22645 10.69892 10.69892 10.69892 17.42297 17.42297 17.26514 17.26514 17.26514 16.646 16.646 14.41357 14.41357 14.41357 20.90332 20.90332 20.90332 16.03198 16.03198 11.85834 11.85834 11.85834 13.97827 13.97827 13.97827 11.47211 11.47211 14.97485 14.97485 14.97485 13.1665 13.1665 11.30347 11.30347 11.30347 10.05359 10.05359 10.05359 10.3252 10.3252 10.58442 10.58442 10.58442 9.866766 9.866766 9.087469 9.087469 9.087469 8.356573 8.356573 8.356573 7.404669
11.88251 11.70386 11.70386 6.043585 6.043585 6.043585 4.608344 4.608344 3.419135 3.419135 3.419135 3.479926 3.479926 3.479926 10.26929 10.26929 10.2096 10.2096 10.2096 10.58655 10.58655 10.58655 11.55854 11.55854 15.74365 15.74365 15.74365 20.20325 20.20325 19.26221 19.26221 19.26221 14.94336 14.94336 14.94336 18.35425 18.35425 17.68237 17.68237 17.68237 12.73901 12.73901 12.73901 11.25483 11.25483 11.51014 11.51014 11.51014 14.99219 14.99219 14.88611 14.88611 14.88611 15.23999 15.23999 15.23999 10.85737 10.85737 8.703741 8.703741 8.703741 8.932074 8.932074 8.080023 8.080023 8.080023 9.136908 9.136908 9.136908 8.76264
11.88251 11.70386 11.70386 6.043585 6.043585 6.043585 4.608344 4.608344 3.419135 3.419135 3.419135 3.479926 3.479926 3.479926 10.26929 10.26929 10.2096 10.2096 10.2096 10.58655 10.58655 10.58655 11.55854 11.55854 15.74365 15.74365 15.74365 20.20325 20.20325 19.26221 19.26221 19.26221 14.94336 14.94336 14.94336 18.35425 18.35425 17.68237 17.68237 17.68237 12.73901 12.73901 12.73901 11.25483 11.25483 11.51014 11.51014 11.51014 14.99219 14.99219 14.88611 14.88611 14.88611 15.23999 15.23999 15.23999 10.85737 10.85737 8.703741 8.703741 8.703741 8.932074 8.932074 8.080023 8.080023 8.080023 9.136908 9.136908 9.136908 8.76264
11.88251 11.70386 11.70386 6.043585 6.043585 6.043585 4.608344 4.608344 3.419135 3.419135 3.419135 3.479926 3.479926 3.479926 10.26929 10.26929 10.2096 10.2096 10.2096 10.58655 10.58655 10.58655 11.55854 11.55854 15.74365 15.74365 15.74365 20.20325 20.20325 19.26221 19.26221 19.26221 14.94336 14.94336 14.94336 18.35425 18.35425 17.68237 17.68237 17.68237 12.73901 12.73901 12.73901 11.25483 11.25483 11.51014 11.51014 11.51014 14.99219 14.99219 14.88611 14.88611 14.88611 15.23999 15.23999 15.23999 10.85737 10.85737 8.703741 8.703741 8.703741 8.932074 8.932074 8.080023 8.080023 8.080023 9.136908 9.136908 9.136908 8.76264
11.44489 9.980474 9.980474 7.130744 7.130744 7.130744 6.007758 6.007758 2.354071 2.354071 2.354071 3.409308 3.409308 3.409308 9.606024 9.606024 14.3606 14.3606 14.3606 10.36194 10.36194 10.36194 11.09156 11.09156 14.72241 14.72241 14.72241 16.74036 16.74036 19.63416 19.63416 19.63416 14.17639 14.17639 14.17639 15.09583 15.09583 20.15796 20.15796 20.15796 11.60462 11.60462 11.60462 10.3733 10.3733 10.82429 10.82429 10.82429 10.98676 10.98676 12.3562 12.3562 12.3562 15.43359 15.43359 15.43359 11.62665 11.62665 9.389837 9.389837 9.389837 7.689459 7.689459 7.533514 7.533514 7.533514 8.518744 8.518744 8.518744 8.143682
