SEB_model/sample_data_files/contemp/SnowProbe_data/winter_snow_0910.txt
ncols         313
nrows         278
xllcorner     388961.19995117
yllcorner     7584381.3441773
cellsize      5
NODATA_value  -9999
[rows 93 to 123 of 278, columns 210 to 279 of 313]
2.344123 2.342819 2.341482 2.340113 2.338712 2.337278 2.335812 2.334314 2.332784 2.331222 2.329627 2.328 2.32634 2.324649 2.322925 2.321169 2.319381 2.31756 2.315707 2.313822 2.311905 2.309955 2.307974 2.305959 2.303913 2.301834 2.299724 2.29758 2.295405 2.293198 2.290958 2.288686 2.286381 2.284045 2.281676 2.279275 2.276841 2.274376 2.271878 2.269348 2.266785 2.264191 2.261564 2.258904 2.256213 2.253489 2.250734 2.247946 2.245125 2.242272 2.239388 2.23647 2.233521 2.230539 2.227525 2.224479 2.2214 2.21829 2.215147 2.211972 2.208764 2.205525 2.202253 2.198948 2.195612 -9999 -9999 -9999 -9999 -9999
2.344177 2.342921 2.341631 2.340309 2.338955 2.337569 2.336151 2.3347 2.333217 2.331702 2.330155 2.328575 2.326963 2.325319 2.323642 2.321934 2.320193 2.318419 2.316614 2.314776 2.312906 2.311004 2.30907 2.307103 2.305104 2.303072 2.301009 2.298913 2.296785 2.294625 2.292433 2.290208 2.287951 2.285661 2.28334 2.280986 2.2786 2.276182 2.273731 2.271249 2.268734 2.266186 2.263607 2.260995 2.258351 2.255675 2.252966 2.250225 2.247452 2.244647 2.241809 2.23894 2.236037 2.233103 2.230136 2.227138 2.224107 2.221043 2.217947 2.21482 2.21166 2.208467 2.205243 2.201986 -9999 -9999 -9999 -9999 -9999 -9999
2.344273 2.343063 2.341821 2.340546 2.33924 2.337901 2.33653 2.335127 2.333691 2.332223 2.330723 2.329191 2.327626 2.326029 2.3244 2.322739 2.321045 2.319319 2.317561 2.315771 2.313948 2.312093 2.310206 2.308287 2.306335 2.304351 2.302335 2.300287 2.298206 2.296093 2.293948 2.291771 2.289561 2.287319 2.285045 2.282738 2.2804 2.278029 2.275626 2.27319 2.270723 2.268223 2.26569 2.263126 2.260529 2.2579 2.255239 2.252546 2.24982 2.247062 2.244272 2.241449 2.238595 2.235708 2.232788 2.229837 2.226853 2.223837 2.220789 2.217708 -9999 -9999 -9999 -9999 -9999 -9999 -9999 -9999 -9999 -9999
2.344408 2.343246 2.342051 2.340824 2.339565 2.338274 2.33695 2.335594 2.334206 2.332785 2.331332 2.329847 2.32833 2.326781 2.325199 2.323585 2.321939 2.32026 2.318549 2.316806 2.315031 2.313224 2.311384 2.309512 2.307607 2.305671 2.303702 2.301701 2.299668 2.297602 2.295504 2.293374 2.291212 2.289017 2.28679 2.284531 2.28224 2.279917 2.277561 2.275172 2.272752 2.2703 2.267815 2.265298 2.262748 2.260167 2.257553 2.254907 2.252228 2.249518 2.246775 2.244 2.241192 2.238353 2.235481 2.232577 2.22964 2.226672 2.223671 -9999 -9999 -9999 -9999 -9999 -9999 -9999 -9999 -9999 -9999 -9999
2.344585 2.34347 2.342322 2.341143 2.339931 2.338687 2.33741 2.336102 2.334761 2.333388 2.331982 2.330544 2.329075 2.327573 2.326038 2.324471 2.322872 2.321241 2.319578 2.317882 2.316154 2.314394 2.312602 2.310777 2.30892 2.307031 2.30511 2.303156 2.30117 2.299152 2.297101 2.295018 2.292903 2.290756 2.288577 2.286365 2.284121 2.281845 2.279536 2.277195 2.274822 2.272417 2.26998 2.26751 2.265008 2.262474 2.259907 2.257308 2.254678 2.252014 2.249319 2.246591 -9999 -9999 -9999 -9999 -9999 -9999 -9999 -9999 -9999 -9999 -9999 -9999 -9999 -9999 -9999 -9999 -9999 -9999
2.344802 2.343734 2.342634 2.341502 2.340337 2.33914 2.337911 2.33665 2.335357 2.334031 2.332673 2.331282 2.32986 2.328405 2.326918 2.325399 2.323847 2.322263 2.320647 2.318999 2.317318 2.315606 2.31386 2.312083 2.310273 2.308432 2.306558 2.304651 2.302713 2.300742 2.298739 2.296703 2.294636 2.292536 2.290404 2.288239 2.286043 2.283814 2.281553 2.279259 2.276933 2.274576 2.272186 2.269763 2.267308 2.264822 2.262302 2.259751 2.257167 -9999 -9999 -9999 -9999 -9999 -9999 -9999 -9999 -9999 -9999 -9999 -9999 -9999 -9999 -9999 -9999 -9999 -9999 -9999 -9999 -9999
2.34506 2.344039 2.342987 2.341902 2.340784 2.339635 2.338453 2.337239 2.335993 2.334715 2.333404 2.332061 2.330686 2.329278 2.327839 2.326367 2.324862 2.323326 2.321757 2.320156 2.318523 2.316858 2.31516 2.31343 2.311668 2.309873 2.308046 2.306187 2.304296 2.302372 2.300417 2.298429 2.296408 2.294356 2.292271 2.290154 2.288005 2.285823 2.28361 2.281363 2.279085 2.276775 2.274432 2.272057 2.26965 2.26721 2.264738 2.262234 -9999 -9999 -9999 -9999 -9999 -9999 -9999 -9999 -9999 -9999 -9999 -9999 -9999 -9999 -9999 -9999 -9999 -9999 -9999 -9999 -9999 -9999
2.345358 2.344385 2.343379 2.342342 2.341272 2.34017 2.339036 2.337869 2.33667 2.335439 2.334176 2.33288 2.331553 2.330192 2.3288 2.327375 2.325918 2.324429 2.322908 2.321354 2.319768 2.31815 2.3165 2.314817 2.313102 2.311355 2.309576 2.307764 2.30592 2.304044 2.302136 2.300195 2.298222 2.296217 2.294179 2.29211 2.290008 2.287874 2.285707 2.283509 2.281277 2.279014 2.276719 -9999 -9999 -9999 -9999 -9999 -9999 -9999 -9999 -9999 -9999 -9999 -9999 -9999 -9999 -9999 -9999 -9999 -9999 -9999 -9999 -9999 -9999 -9999 -9999 -9999 -9999 -9999
2.345697 2.344771 2.343813 2.342823 2.341801 2.340746 2.339659 2.33854 2.337388 2.336205 2.334988 2.33374 2.33246 2.331147 2.329802 2.328425 2.327015 2.325573 2.324099 2.322593 2.321054 -9999 -9999 -9999 -9999 -9999 2.311146 2.309382 2.307585 2.305756 2.303895 2.302002 2.300076 2.298118 2.296128 2.294106 2.292051 2.289965 2.287845 -9999 -9999 -9999 -9999 -9999 -9999 -9999 -9999 -9999 -9999 -9999 -9999 -9999 -9999 -9999 -9999 -9999 -9999 -9999 -9999 -9999 -9999 -9999 -9999 -9999 -9999 -9999 -9999 -9999 -9999 -9999
2.346077 2.345198 2.344288 2.343345 2.34237 2.341362 2.340323 2.339251 2.338147 2.33701 2.335842 2.334641 2.333408 2.332142 2.330844 2.329515 2.328152 2.326758 2.325331 2.323872 -9999 -9999 -9999 -9999 -9999 -9999 -9999 -9999 -9999 2.307509 2.305695 2.303849 2.301971 2.300061 2.298118 2.296143 -9999 -9999 -9999 -9999 -9999 -9999 -9999 -9999 -9999 -9999 -9999 -9999 -9999 -9999 -9999 -9999 -9999 -9999 -9999 -9999 -9999 -9999 -9999 -9999 -9999 -9999 -9999 -9999 -9999 -9999 -9999 -9999 -9999 -9999
2.346497 2.345666 2.344803 2.343907 2.34298 2.34202 2.341027 2.340003 2.338946 2.337857 2.336735 2.335582 2.334396 2.333178 2.331928 2.330645 2.32933 2.327983 2.326604 2.325192 -9999 -9999 -9999 -9999 -9999 -9999 -9999 -9999 -9999 -9999 -9999 -9999 -9999 -9999 -9999 -9999 -9999 -9999 -9999 -9999 -9999 -9999 -9999 -9999 -9999 -9999 -9999 -9999 -9999 -9999 -9999 -9999 -9999 -9999 -9999 -9999 -9999 -9999 -9999 -9999 -9999 -9999 -9999 -9999 -9999 -9999 -9999 -9999 -9999 -9999
2.346958 2.346174 2.345359 2.344511 2.34363 2.342717 2.341772 2.340795 2.339786 2.338744 2.33767 2.336564 2.335425 2.334255 2.333052 2.331816 2.330549 2.329249 2.327917 2.326553 -9999 -9999 -9999 -9999 -9999 -9999 -9999 -9999 -9999 -9999 -9999 -9999 -9999 -9999 -9999 -9999 -9999 -9999 -9999 -9999 -9999 -9999 -9999 -9999 -9999 -9999 -9999 -9999 -9999 -9999 -9999 -9999 -9999 -9999 -9999 -9999 -9999 -9999 -9999 -9999 -9999 -9999 -9999 -9999 -9999 -9999 -9999 -9999 -9999 -9999
2.34746 2.346724 2.345955 2.345154 2.344321 2.343456 2.342558 2.341628 2.340666 2.339672 2.338645 2.337586 2.336495 2.335372 2.334216 2.333028 2.331808 2.330556 2.329271 2.327955 2.326605 -9999 -9999 -9999 -9999 -9999 -9999 -9999 -9999 -9999 -9999 -9999 -9999 -9999 -9999 -9999 -9999 -9999 -9999 -9999 -9999 -9999 -9999 -9999 -9999 -9999 -9999 -9999 -9999 -9999 -9999 -9999 -9999 -9999 -9999 -9999 -9999 -9999 -9999 -9999 -9999 -9999 -9999 -9999 -9999 -9999 -9999 -9999 -9999 -9999
2.348002 2.347313 2.346592 2.345839 2.345053 2.344235 2.343385 2.342502 2.341587 2.34064 2.339661 2.33865 2.337606 2.33653 2.335422 2.334281 2.333108 2.331903 2.330666 2.329396 2.328095 2.326761 -9999 -9999 -9999 2.321102 -9999 -9999 -9999 -9999 -9999 -9999 -9999 -9999 -9999 -9999 -9999 -9999 -9999 -9999 -9999 -9999 -9999 -9999 -9999 -9999 -9999 -9999 -9999 -9999 -9999 -9999 -9999 -9999 -9999 -9999 -9999 -9999 -9999 -9999 -9999 -9999 -9999 -9999 -9999 -9999 -9999 -9999 -9999 -9999
2.348585 2.347944 2.34727 2.346564 2.345825 2.345055 2.344252 2.343417 2.342549 2.34165 2.340718 2.339754 2.338757 2.337729 2.336668 2.335574 2.334449 2.333291 2.332101 2.330879 2.329625 2.328338 2.327019 2.325668 2.324284 2.322869 2.321421 -9999 -9999 -9999 -9999 -9999 -9999 -9999 -9999 -9999 -9999 -9999 -9999 -9999 -9999 -9999 -9999 -9999 -9999 -9999 -9999 -9999 -9999 -9999 -9999 -9999 -9999 -9999 -9999 -9999 -9999 -9999 -9999 -9999 -9999 -9999 -9999 -9999 -9999 -9999 -9999 -9999 -9999 -9999
2.349209 2.348615 2.347988 2.34733 2.346638 2.345915 2.34516 2.344372 2.343552 2.3427 2.341815 2.340898 2.339949 2.338968 2.337954 2.336908 2.33583 2.33472 2.333577 2.332402 2.331195 2.329956 2.328684 2.32738 2.326044 2.324676 2.323275 2.321843 -9999 -9999 -9999 -9999 -9999 -9999 -9999 -9999 -9999 -9999 -9999 -9999 -9999 -9999 -9999 -9999 -9999 -9999 -9999 -9999 -9999 -9999 -9999 -9999 -9999 -9999 -9999 -9999 -9999 -9999 -9999 -9999 -9999 -9999 -9999 -9999 -9999 -9999 -9999 -9999 -9999 -9999
2.349874 2.349327 2.348747 2.348136 2.347492 2.346816 2.346108 2.345368 2.344595 2.34379 2.342953 2.342083 2.341182 2.340248 2.339281 2.338283 2.337252 2.336189 2.335094 2.333966 2.332807 2.331615 2.33039 2.329134 2.327845 2.326524 2.325171 2.323785 2.322368 2.320918 -9999 -9999 -9999 -9999 -9999 -9999 -9999 -9999 -9999 -9999 -9999 -9999 -9999 -9999 -9999 -9999 -9999 -9999 -9999 -9999 -9999 -9999 -9999 -9999 -9999 -9999 -9999 -9999 -9999 -9999 -9999 -9999 -9999 -9999 -9999 -9999 -9999 -9999 -9999 -9999
2.350579 2.350079 2.349547 2.348983 2.348387 2.347758 2.347097 2.346404 2.345679 2.344921 2.344131 2.343309 2.342455 2.341568 2.340649 2.339698 2.338715 2.337699 2.336651 2.335571 2.334459 2.333314 2.332137 2.330928 2.329687 2.328413 2.327107 2.325769 2.324399 2.322996 2.321561 2.320094 2.318594 2.317063 2.315499 2.313902 -9999 -9999 -9999 -9999 -9999 -9999 -9999 -9999 -9999 -9999 -9999 -9999 -9999 -9999 -9999 -9999 -9999 -9999 -9999 -9999 -9999 -9999 -9999 -9999 -9999 -9999 -9999 -9999 -9999 -9999 -9999 -9999 -9999 -9999
2.351324 2.350872 2.350388 2.349871 2.349322 2.348741 2.348127 2.347481 2.346803 2.346093 2.345351 2.344576 2.343769 2.342929 2.342058 2.341154 2.340218 2.33925 2.338249 2.337217 2.336151 2.335054 2.333925 2.332763 2.331569 2.330342 2.329084 2.327793 2.32647 2.325114 2.323727 2.322307 2.320855 2.319371 2.317854 2.316305 2.314724 2.313111 -9999 -9999 -9999 -9999 -9999 -9999 -9999 -9999 -9999 -9999 -9999 -9999 -9999 -9999 -9999 -9999 -9999 -9999 -9999 -9999 -9999 -9999 -9999 -9999 -9999 -9999 -9999 -9999 -9999 -9999 -9999 -9999
2.352111 2.351706 2.351269 2.350799 2.350298 2.349764 2.349198 2.348599 2.347969 2.347306 2.346611 2.345883 2.345123 2.344332 2.343507 2.342651 2.341762 2.340841 2.339888 2.338902 2.337885 2.336835 2.335753 2.334638 2.333492 2.332313 2.331101 2.329858 2.328582 2.327274 2.325934 2.324561 2.323157 2.32172 2.320251 2.318749 2.317215 2.315649 2.314051 2.31242 -9999 -9999 -9999 -9999 -9999 -9999 -9999 -9999 -9999 -9999 -9999 -9999 -9999 -9999 -9999 -9999 -9999 -9999 -9999 -9999 -9999 -9999 -9999 -9999 -9999 -9999 -9999 -9999 -9999 -9999
2.352938 2.35258 2.35219 2.351768 2.351314 2.350828 2.350309 2.349758 2.349174 2.348559 2.347911 2.347231 2.346519 2.345774 2.344997 2.344188 2.343347 2.342473 2.341567 2.340629 2.339659 2.338656 2.337621 2.336554 2.335455 2.334323 2.333159 2.331963 2.330735 2.329474 2.328181 2.326856 2.325499 2.324109 2.322687 2.321233 2.319747 2.318228 2.316677 2.315094 2.313478 2.311831 2.310151 2.308439 -9999 -9999 -9999 -9999 -9999 -9999 -9999 -9999 -9999 -9999 -9999 -9999 -9999 -9999 -9999 -9999 -9999 -9999 -9999 -9999 -9999 -9999 -9999 -9999 -9999 -9999
2.353806 2.353495 2.353153 2.352778 2.352371 2.351932 2.351461 2.350957 2.350421 2.349853 2.349252 2.348619 2.347955 2.347257 2.346528 2.345766 2.344972 2.344146 2.343287 2.342396 2.341474 2.340518 2.339531 2.338511 2.337459 2.336375 2.335258 2.33411 2.332928 2.331715 2.33047 2.329192 2.327882 2.32654 2.325165 2.323758 2.322319 2.320848 2.319344 2.317808 2.31624 2.31464 2.313007 2.311342 2.309645 2.307916 2.306154 -9999 -9999 -9999 -9999 -9999 -9999 -9999 -9999 -9999 -9999 -9999 -9999 -9999 -9999 -9999 -9999 -9999 -9999 -9999 -9999 -9999 -9999 -9999
2.354714 2.354451 2.354156 2.353829 2.353469 2.353077 2.352653 2.352197 2.351708 2.351187 2.350634 2.350049 2.349431 2.348781 2.348099 2.347385 2.346638 2.345859 2.345048 2.344205 2.343329 2.342421 2.341481 2.340508 2.339504 2.338467 2.337398 2.336296 2.335163 2.333997 2.332798 2.331568 2.330305 2.32901 2.327683 2.326324 2.324932 2.323508 2.322052 2.320563 2.319042 2.31749 2.315904 2.314287 2.312637 2.310955 2.309241 -9999 -9999 -9999 -9999 -9999 -9999 -9999 -9999 -9999 -9999 -9999 -9999 -9999 -9999 -9999 -9999 -9999 -9999 -9999 -9999 -9999 -9999 -9999
2.355663 2.355448 2.3552 2.35492 2.354608 2.354263 2.353886 2.353477 2.353036 2.352562 2.352057 2.351519 2.350948 2.350346 2.349711 2.349044 2.348345 2.347613 2.346849 2.346053 2.345225 2.344364 2.343472 2.342546 2.341589 2.3406 2.339578 2.338524 2.337437 2.336319 2.335168 2.333985 2.332769 2.331522 2.330242 2.32893 2.327585 2.326209 2.3248 2.323359 2.321886 2.32038 2.318842 2.317272 2.31567 2.314035 2.312368 -9999 -9999 -9999 -9999 -9999 -9999 -9999 -9999 -9999 -9999 -9999 -9999 -9999 -9999 -9999 -9999 -9999 -9999 -9999 -9999 -9999 -9999 -9999
2.356653 2.356485 2.356284 2.356052 2.355787 2.355489 2.35516 2.354799 2.354404 2.353978 2.35352 2.353029 2.352506 2.351951 2.351364 2.350744 2.350092 2.349408 2.348691 2.347943 2.347162 2.346349 2.345503 2.344625 2.343715 2.342773 2.341799 2.340792 2.339753 2.338681 2.337578 2.336442 2.335274 2.334074 2.332842 2.331577 2.33028 2.328951 2.327589 2.326195 2.324769 2.323311 2.32182 2.320298 2.318743 2.317155 2.315536 -9999 -9999 -9999 -9999 -9999 -9999 -9999 -9999 -9999 -9999 -9999 -9999 -9999 -9999 -9999 -9999 -9999 -9999 -9999 -9999 -9999 -9999 -9999
2.357683 2.357563 2.357409 2.357224 2.357007 2.356757 2.356475 2.35616 2.355814 2.355435 2.355024 2.35458 2.354105 2.353597 2.353057 2.352485 2.35188 2.351243 2.350574 2.349873 2.349139 2.348373 2.347575 2.346745 2.345882 2.344987 2.34406 2.343101 2.342109 2.341085 2.340029 2.338941 2.33782 2.336667 2.335482 2.334265 2.333015 2.331733 2.330419 2.329072 2.327693 2.326283 2.324839 2.323364 2.321856 2.320316 2.318744 -9999 -9999 -9999 -9999 -9999 -9999 -9999 -9999 -9999 -9999 -9999 -9999 -9999 -9999 -9999 -9999 -9999 -9999 -9999 -9999 -9999 -9999 -9999
2.358754 2.358681 2.358575 2.358437 2.358267 2.358064 2.35783 2.357563 2.357264 2.356932 2.356568 2.356172 2.355744 2.355283 2.354791 2.354266 2.353709 2.353119 2.352497 2.351843 2.351157 2.350439 2.349688 2.348905 2.348089 2.347242 2.346362 2.34545 2.344506 2.343529 2.34252 2.34148 2.340406 2.339301 2.338163 2.336993 2.33579 2.334556 2.333289 2.33199 2.330659 2.329295 2.327899 2.326471 2.325011 2.323518 -9999 -9999 -9999 -9999 -9999 -9999 -9999 -9999 -9999 -9999 -9999 -9999 -9999 -9999 -9999 -9999 -9999 -9999 -9999 -9999 -9999 -9999 -9999 -9999
2.359866 2.35984 2.359782 2.359691 2.359568 2.359413 2.359226 2.359006 2.358754 2.35847 2.358154 2.357805 2.357424 2.357011 2.356565 2.356088 2.355578 2.355036 2.354461 2.353855 2.353216 2.352545 2.351841 2.351105 2.350338 2.349537 2.348705 2.34784 2.346943 2.346014 2.345053 2.344059 2.343033 2.341975 2.340884 2.339761 2.338607 2.337419 2.3362 2.334948 2.333664 2.332348 2.330999 2.329619 -9999 -9999 -9999 -9999 -9999 -9999 -9999 -9999 -9999 -9999 -9999 -9999 -9999 -9999 -9999 -9999 -9999 -9999 -9999 -9999 -9999 -9999 -9999 -9999 -9999 -9999
2.361018 2.36104 2.361029 2.360986 2.36091 2.360802 2.360662 2.36049 2.360285 2.360049 2.35978 2.359478 2.359145 2.358779 2.358381 2.35795 2.357488 2.356993 2.356466 2.355907 2.355315 2.354691 2.354035 2.353347 2.352626 2.351874 2.351089 2.350271 2.349422 2.34854 2.347625 2.346679 2.345701 2.34469 2.343647 2.342571 2.341464 2.340324 2.339152 2.337947 2.336711 2.335442 2.334141 2.332807 -9999 -9999 -9999 -9999 -9999 -9999 -9999 -9999 -9999 -9999 -9999 -9999 -9999 -9999 -9999 -9999 -9999 -9999 -9999 -9999 -9999 -9999 -9999 -9999 -9999 -9999
2.362211 2.36228 2.362316 2.362321 2.362292 2.362232 2.362139 2.362014 2.361857 2.361668 2.361446 2.361192 2.360906 2.360587 2.360237 2.359854 2.359439 2.358991 2.358511 2.357999 2.357455 2.356879 2.35627 2.355629 2.354956 2.35425 2.353513 2.352743 2.35194 2.351106 2.350239 2.34934 2.348409 2.347445 2.34645 2.345422 2.344361 2.343269 2.342144 2.340987 2.339798 2.338576 2.337322 2.336036 -9999 -9999 -9999 -9999 -9999 -9999 -9999 -9999 -9999 -9999 -9999 -9999 -9999 -9999 -9999 -9999 -9999 -9999 -9999 -9999 -9999 -9999 -9999 -9999 -9999 -9999
2.363445 2.363561 2.363645 2.363696 2.363715 2.363703 2.363657 2.36358 2.36347 2.363328 2.363153 2.362947 2.362708 2.362437 2.362133 2.361798 2.36143 2.36103 2.360597 2.360133 2.359636 2.359107 2.358545 2.357952 2.357326 2.356668 2.355977 2.355255 2.3545 2.353713 2.352893 2.352042 2.351158 2.350241 2.349293 2.348312 2.347299 2.346254 2.345177 2.344067 2.342925 -9999 -9999 -9999 -9999 -9999 -9999 -9999 -9999 -9999 -9999 -9999 -9999 -9999 -9999 -9999 -9999 -9999 -9999 -9999 -9999 -9999 -9999 -9999 -9999 -9999 -9999 -9999 -9999 -9999
