SEB_model/sample_data_files/contemp/SnowProbe_data/winter_snow_0708.txt
ncols         313
nrows         278
xllcorner     388961.19995117
yllcorner     7584381.3441773
cellsize      5
NODATA_value  -9999
[rows 93 to 123 of 278, columns 210 to 279 of 313]
2.229196 2.22851 2.227824 2.227138 2.226452 2.225766 2.22508 2.224393 2.223707 2.223021 2.222335 2.221649 2.220963 2.220276 2.21959 2.218904 2.218218 2.217532 2.216846 2.21616 2.215473 2.214787 2.214101 2.213415 2.212729 2.212043 2.211356 2.21067 2.209984 2.209298 2.208612 2.207926 2.20724 2.206553 2.205867 2.205181 2.204495 2.203809 2.203123 2.202436 2.20175 2.201064 2.200378 2.199692 2.199006 2.19832 2.197634 2.196947 2.196261 2.195575 2.194889 2.194203 2.193516 2.19283 2.192144 2.191458 2.190772 2.190086 2.189399 2.188714 2.188027 2.187341 2.186655 2.185969 2.185283 -9999 -9999 -9999 -9999 -9999
2.225875 2.225189 2.224503 2.223816 2.22313 2.222444 2.221758 2.221072 2.220386 2.219699 2.219013 2.218327 2.217641 2.216955 2.216269 2.215583 2.214896 2.21421 2.213524 2.212838 2.212152 2.211466 2.210779 2.210093 2.209407 2.208721 2.208035 2.207349 2.206663 2.205976 2.20529 2.204604 2.203918 2.203232 2.202546 2.201859 2.201173 2.200487 2.199801 2.199115 2.198429 2.197743 2.197057 2.19637 2.195684 2.194998 2.194312 2.193626 2.19294 2.192253 2.191567 2.190881 2.190195 2.189509 2.188823 2.188137 2.18745 2.186764 2.186078 2.185392 2.184706 2.18402 2.183333 2.182647 -9999 -9999 -9999 -9999 -9999 -9999
2.222553 2.221867 2.221181 2.220495 2.219809 2.219122 2.218436 2.21775 2.217064 2.216378 2.215692 2.215006 2.214319 2.213633 2.212947 2.212261 2.211575 2.210889 2.210202 2.209516 2.20883 2.208144 2.207458 2.206772 2.206086 2.2054 2.204713 2.204027 2.203341 2.202655 2.201969 2.201283 2.200596 2.19991 2.199224 2.198538 2.197852 2.197166 2.19648 2.195793 2.195107 2.194421 2.193735 2.193049 2.192363 2.191676 2.19099 2.190304 2.189618 2.188932 2.188246 2.18756 2.186873 2.186187 2.185501 2.184815 2.184129 2.183443 2.182756 2.18207 -9999 -9999 -9999 -9999 -9999 -9999 -9999 -9999 -9999 -9999
2.219232 2.218545 2.217859 2.217173 2.216487 2.215801 2.215115 2.214429 2.213742 2.213056 2.21237 2.211684 2.210998 2.210312 2.209625 2.208939 2.208253 2.207567 2.206881 2.206195 2.205509 2.204823 2.204136 2.20345 2.202764 2.202078 2.201392 2.200706 2.200019 2.199333 2.198647 2.197961 2.197275 2.196589 2.195903 2.195216 2.19453 2.193844 2.193158 2.192472 2.191786 2.191099 2.190413 2.189727 2.189041 2.188355 2.187669 2.186983 2.186296 2.18561 2.184924 2.184238 2.183552 2.182866 2.182179 2.181493 2.180807 2.180121 2.179435 -9999 -9999 -9999 -9999 -9999 -9999 -9999 -9999 -9999 -9999 -9999
2.21591 2.215224 2.214538 2.213852 2.213166 2.212479 2.211793 2.211107 2.210421 2.209735 2.209049 2.208362 2.207676 2.20699 2.206304 2.205618 2.204932 2.204246 2.203559 2.202873 2.202187 2.201501 2.200815 2.200129 2.199442 2.198756 2.19807 2.197384 2.196698 2.196012 2.195326 2.194639 2.193953 2.193267 2.192581 2.191895 2.191209 2.190522 2.189836 2.18915 2.188464 2.187778 2.187092 2.186406 2.185719 2.185033 2.184347 2.183661 2.182975 2.182289 2.181602 2.180916 -9999 -9999 -9999 -9999 -9999 -9999 -9999 -9999 -9999 -9999 -9999 -9999 -9999 -9999 -9999 -9999 -9999 -9999
2.212589 2.211902 2.211216 2.21053 2.209844 2.209158 2.208472 2.207785 2.207099 2.206413 2.205727 2.205041 2.204355 2.203669 2.202982 2.202296 2.20161 2.200924 2.200238 2.199552 2.198865 2.198179 2.197493 2.196807 2.196121 2.195435 2.194749 2.194062 2.193376 2.19269 2.192004 2.191318 2.190632 2.189945 2.189259 2.188573 2.187887 2.187201 2.186515 2.185829 2.185143 2.184456 2.18377 2.183084 2.182398 2.181712 2.181026 2.180339 2.179653 -9999 -9999 -9999 -9999 -9999 -9999 -9999 -9999 -9999 -9999 -9999 -9999 -9999 -9999 -9999 -9999 -9999 -9999 -9999 -9999 -9999
2.209267 2.208581 2.207895 2.207209 2.206522 2.205836 2.20515 2.204464 2.203778 2.203092 2.202405 2.201719 2.201033 2.200347 2.199661 2.198975 2.198289 2.197603 2.196916 2.19623 2.195544 2.194858 2.194172 2.193485 2.192799 2.192113 2.191427 2.190741 2.190055 2.189368 2.188683 2.187996 2.18731 2.186624 2.185938 2.185252 2.184566 2.183879 2.183193 2.182507 2.181821 2.181135 2.180449 2.179762 2.179076 2.17839 2.177704 2.177018 -9999 -9999 -9999 -9999 -9999 -9999 -9999 -9999 -9999 -9999 -9999 -9999 -9999 -9999 -9999 -9999 -9999 -9999 -9999 -9999 -9999 -9999
2.205945 2.205259 2.204573 2.203887 2.203201 2.202515 2.201828 2.201142 2.200456 2.19977 2.199084 2.198398 2.197712 2.197026 2.196339 2.195653 2.194967 2.194281 2.193595 2.192909 2.192222 2.191536 2.19085 2.190164 2.189478 2.188792 2.188106 2.187419 2.186733 2.186047 2.185361 2.184675 2.183989 2.183302 2.182616 2.18193 2.181244 2.180558 2.179872 2.179186 2.178499 2.177813 2.177127 -9999 -9999 -9999 -9999 -9999 -9999 -9999 -9999 -9999 -9999 -9999 -9999 -9999 -9999 -9999 -9999 -9999 -9999 -9999 -9999 -9999 -9999 -9999 -9999 -9999 -9999 -9999
2.202624 2.201938 2.201252 2.200565 2.199879 2.199193 2.198507 2.197821 2.197135 2.196449 2.195762 2.195076 2.19439 2.193704 2.193018 2.192332 2.191645 2.190959 2.190273 2.189587 2.188901 -9999 -9999 -9999 -9999 -9999 2.184784 2.184098 2.183412 2.182725 2.182039 2.181353 2.180667 2.179981 2.179295 2.178609 2.177922 2.177236 2.17655 -9999 -9999 -9999 -9999 -9999 -9999 -9999 -9999 -9999 -9999 -9999 -9999 -9999 -9999 -9999 -9999 -9999 -9999 -9999 -9999 -9999 -9999 -9999 -9999 -9999 -9999 -9999 -9999 -9999 -9999 -9999
2.199302 2.198616 2.19793 2.197244 2.196558 2.195872 2.195185 2.194499 2.193813 2.193127 2.192441 2.191755 2.191068 2.190382 2.189696 2.18901 2.188324 2.187638 2.186952 2.186265 -9999 -9999 -9999 -9999 -9999 -9999 -9999 -9999 -9999 2.179404 2.178718 2.178032 2.177346 2.176659 2.175973 2.175287 -9999 -9999 -9999 -9999 -9999 -9999 -9999 -9999 -9999 -9999 -9999 -9999 -9999 -9999 -9999 -9999 -9999 -9999 -9999 -9999 -9999 -9999 -9999 -9999 -9999 -9999 -9999 -9999 -9999 -9999 -9999 -9999 -9999 -9999
2.195981 2.195295 2.194608 2.193922 2.193236 2.19255 2.191864 2.191178 2.190491 2.189805 2.189119 2.188433 2.187747 2.187061 2.186375 2.185688 2.185002 2.184316 2.18363 2.182944 -9999 -9999 -9999 -9999 -9999 -9999 -9999 -9999 -9999 -9999 -9999 -9999 -9999 -9999 -9999 -9999 -9999 -9999 -9999 -9999 -9999 -9999 -9999 -9999 -9999 -9999 -9999 -9999 -9999 -9999 -9999 -9999 -9999 -9999 -9999 -9999 -9999 -9999 -9999 -9999 -9999 -9999 -9999 -9999 -9999 -9999 -9999 -9999 -9999 -9999
2.192659 2.191973 2.191287 2.190601 2.189914 2.189228 2.188542 2.187856 2.18717 2.186484 2.185798 2.185112 2.184425 2.183739 2.183053 2.182367 2.181681 2.180995 2.180308 2.179622 -9999 -9999 -9999 -9999 -9999 -9999 -9999 -9999 -9999 -9999 -9999 -9999 -9999 -9999 -9999 -9999 -9999 -9999 -9999 -9999 -9999 -9999 -9999 -9999 -9999 -9999 -9999 -9999 -9999 -9999 -9999 -9999 -9999 -9999 -9999 -9999 -9999 -9999 -9999 -9999 -9999 -9999 -9999 -9999 -9999 -9999 -9999 -9999 -9999 -9999
2.189337 2.188652 2.187965 2.187279 2.186593 2.185907 2.185221 2.184535 2.183848 2.183162 2.182476 2.18179 2.181104 2.180418 2.179731 2.179045 2.178359 2.177673 2.176987 2.176301 2.175615 -9999 -9999 -9999 -9999 -9999 -9999 -9999 -9999 -9999 -9999 -9999 -9999 -9999 -9999 -9999 -9999 -9999 -9999 -9999 -9999 -9999 -9999 -9999 -9999 -9999 -9999 -9999 -9999 -9999 -9999 -9999 -9999 -9999 -9999 -9999 -9999 -9999 -9999 -9999 -9999 -9999 -9999 -9999 -9999 -9999 -9999 -9999 -9999 -9999
2.186016 2.18533 2.184644 2.183958 2.183271 2.182585 2.181899 2.181213 2.180527 2.179841 2.179155 2.178468 2.177782 2.177096 2.17641 2.175724 2.175038 2.174351 2.173665 2.172979 2.172293 2.171607 -9999 -9999 -9999 2.168862 -9999 -9999 -9999 -9999 -9999 -9999 -9999 -9999 -9999 -9999 -9999 -9999 -9999 -9999 -9999 -9999 -9999 -9999 -9999 -9999 -9999 -9999 -9999 -9999 -9999 -9999 -9999 -9999 -9999 -9999 -9999 -9999 -9999 -9999 -9999 -9999 -9999 -9999 -9999 -9999 -9999 -9999 -9999 -9999
2.182694 2.182008 2.181322 2.180636 2.17995 2.179264 2.178578 2.177891 2.177205 2.176519 2.175833 2.175147 2.174461 2.173774 2.173088 2.172402 2.171716 2.17103 2.170344 2.169658 2.168972 2.168285 2.167599 2.166913 2.166227 2.165541 2.164855 -9999 -9999 -9999 -9999 -9999 -9999 -9999 -9999 -9999 -9999 -9999 -9999 -9999 -9999 -9999 -9999 -9999 -9999 -9999 -9999 -9999 -9999 -9999 -9999 -9999 -9999 -9999 -9999 -9999 -9999 -9999 -9999 -9999 -9999 -9999 -9999 -9999 -9999 -9999 -9999 -9999 -9999 -9999
2.179373 2.178687 2.178001 2.177315 2.176628 2.175942 2.175256 2.17457 2.173884 2.173198 2.172511 2.171825 2.171139 2.170453 2.169767 2.169081 2.168395 2.167708 2.167022 2.166336 2.16565 2.164964 2.164278 2.163591 2.162905 2.162219 2.161533 2.160847 -9999 -9999 -9999 -9999 -9999 -9999 -9999 -9999 -9999 -9999 -9999 -9999 -9999 -9999 -9999 -9999 -9999 -9999 -9999 -9999 -9999 -9999 -9999 -9999 -9999 -9999 -9999 -9999 -9999 -9999 -9999 -9999 -9999 -9999 -9999 -9999 -9999 -9999 -9999 -9999 -9999 -9999
2.176051 2.175365 2.174679 2.173993 2.173307 2.172621 2.171934 2.171248 2.170562 2.169876 2.16919 2.168504 2.167818 2.167131 2.166445 2.165759 2.165073 2.164387 2.163701 2.163014 2.162328 2.161642 2.160956 2.16027 2.159584 2.158898 2.158211 2.157525 2.156839 2.156153 -9999 -9999 -9999 -9999 -9999 -9999 -9999 -9999 -9999 -9999 -9999 -9999 -9999 -9999 -9999 -9999 -9999 -9999 -9999 -9999 -9999 -9999 -9999 -9999 -9999 -9999 -9999 -9999 -9999 -9999 -9999 -9999 -9999 -9999 -9999 -9999 -9999 -9999 -9999 -9999
2.17273 2.172044 2.171357 2.170671 2.169985 2.169299 2.168613 2.167927 2.167241 2.166554 2.165868 2.165182 2.164496 2.16381 2.163124 2.162437 2.161751 2.161065 2.160379 2.159693 2.159007 2.158321 2.157634 2.156948 2.156262 2.155576 2.15489 2.154204 2.153517 2.152831 2.152145 2.151459 2.150773 2.150087 2.149401 2.148715 -9999 -9999 -9999 -9999 -9999 -9999 -9999 -9999 -9999 -9999 -9999 -9999 -9999 -9999 -9999 -9999 -9999 -9999 -9999 -9999 -9999 -9999 -9999 -9999 -9999 -9999 -9999 -9999 -9999 -9999 -9999 -9999 -9999 -9999
2.169408 2.168722 2.168036 2.16735 2.166664 2.165977 2.165291 2.164605 2.163919 2.163233 2.162547 2.16186 2.161174 2.160488 2.159802 2.159116 2.15843 2.157744 2.157058 2.156371 2.155685 2.154999 2.154313 2.153627 2.152941 2.152254 2.151568 2.150882 2.150196 2.14951 2.148824 2.148138 2.147451 2.146765 2.146079 2.145393 2.144707 2.144021 -9999 -9999 -9999 -9999 -9999 -9999 -9999 -9999 -9999 -9999 -9999 -9999 -9999 -9999 -9999 -9999 -9999 -9999 -9999 -9999 -9999 -9999 -9999 -9999 -9999 -9999 -9999 -9999 -9999 -9999 -9999 -9999
2.166087 2.165401 2.164714 2.164028 2.163342 2.162656 2.16197 2.161283 2.160597 2.159911 2.159225 2.158539 2.157853 2.157167 2.156481 2.155794 2.155108 2.154422 2.153736 2.15305 2.152364 2.151677 2.150991 2.150305 2.149619 2.148933 2.148247 2.147561 2.146874 2.146188 2.145502 2.144816 2.14413 2.143444 2.142757 2.142071 2.141385 2.140699 2.140013 2.139327 -9999 -9999 -9999 -9999 -9999 -9999 -9999 -9999 -9999 -9999 -9999 -9999 -9999 -9999 -9999 -9999 -9999 -9999 -9999 -9999 -9999 -9999 -9999 -9999 -9999 -9999 -9999 -9999 -9999 -9999
2.162765 2.162079 2.161393 2.160707 2.160021 2.159334 2.158648 2.157962 2.157276 2.15659 2.155904 2.155217 2.154531 2.153845 2.153159 2.152473 2.151787 2.1511 2.150414 2.149728 2.149042 2.148356 2.14767 2.146984 2.146297 2.145611 2.144925 2.144239 2.143553 2.142867 2.14218 2.141495 2.140808 2.140122 2.139436 2.13875 2.138064 2.137378 2.136691 2.136005 2.135319 2.134633 2.133947 2.13326 -9999 -9999 -9999 -9999 -9999 -9999 -9999 -9999 -9999 -9999 -9999 -9999 -9999 -9999 -9999 -9999 -9999 -9999 -9999 -9999 -9999 -9999 -9999 -9999 -9999 -9999
2.159444 2.158757 2.158071 2.157385 2.156699 2.156013 2.155327 2.15464 2.153954 2.153268 2.152582 2.151896 2.15121 2.150524 2.149837 2.149151 2.148465 2.147779 2.147093 2.146407 2.14572 2.145034 2.144348 2.143662 2.142976 2.14229 2.141604 2.140918 2.140231 2.139545 2.138859 2.138173 2.137487 2.136801 2.136114 2.135428 2.134742 2.134056 2.13337 2.132684 2.131998 2.131311 2.130625 2.129939 2.129253 2.128567 2.127881 -9999 -9999 -9999 -9999 -9999 -9999 -9999 -9999 -9999 -9999 -9999 -9999 -9999 -9999 -9999 -9999 -9999 -9999 -9999 -9999 -9999 -9999 -9999
2.156122 2.155436 2.15475 2.154063 2.153377 2.152691 2.152005 2.151319 2.150633 2.149947 2.149261 2.148574 2.147888 2.147202 2.146516 2.14583 2.145144 2.144457 2.143771 2.143085 2.142399 2.141713 2.141027 2.140341 2.139654 2.138968 2.138282 2.137596 2.13691 2.136224 2.135537 2.134851 2.134165 2.133479 2.132793 2.132107 2.131421 2.130734 2.130048 2.129362 2.128676 2.12799 2.127304 2.126617 2.125931 2.125245 2.124559 -9999 -9999 -9999 -9999 -9999 -9999 -9999 -9999 -9999 -9999 -9999 -9999 -9999 -9999 -9999 -9999 -9999 -9999 -9999 -9999 -9999 -9999 -9999
2.1528 2.152114 2.151428 2.150742 2.150056 2.14937 2.148684 2.147997 2.147311 2.146625 2.145939 2.145253 2.144567 2.14388 2.143194 2.142508 2.141822 2.141136 2.14045 2.139764 2.139077 2.138391 2.137705 2.137019 2.136333 2.135647 2.13496 2.134274 2.133588 2.132902 2.132216 2.13153 2.130844 2.130157 2.129471 2.128785 2.128099 2.127413 2.126727 2.12604 2.125354 2.124668 2.123982 2.123296 2.12261 2.121924 2.121238 -9999 -9999 -9999 -9999 -9999 -9999 -9999 -9999 -9999 -9999 -9999 -9999 -9999 -9999 -9999 -9999 -9999 -9999 -9999 -9999 -9999 -9999 -9999
2.149479 2.148793 2.148107 2.14742 2.146734 2.146048 2.145362 2.144676 2.14399 2.143303 2.142617 2.141931 2.141245 2.140559 2.139873 2.139187 2.1385 2.137814 2.137128 2.136442 2.135756 2.13507 2.134383 2.133697 2.133011 2.132325 2.131639 2.130953 2.130267 2.12958 2.128894 2.128208 2.127522 2.126836 2.12615 2.125463 2.124777 2.124091 2.123405 2.122719 2.122033 2.121347 2.120661 2.119974 2.119288 2.118602 2.117916 -9999 -9999 -9999 -9999 -9999 -9999 -9999 -9999 -9999 -9999 -9999 -9999 -9999 -9999 -9999 -9999 -9999 -9999 -9999 -9999 -9999 -9999 -9999
2.146157 2.145471 2.144785 2.144099 2.143413 2.142726 2.14204 2.141354 2.140668 2.139982 2.139296 2.13861 2.137923 2.137237 2.136551 2.135865 2.135179 2.134493 2.133806 2.13312 2.132434 2.131748 2.131062 2.130376 2.12969 2.129004 2.128317 2.127631 2.126945 2.126259 2.125573 2.124887 2.1242 2.123514 2.122828 2.122142 2.121456 2.12077 2.120084 2.119397 2.118711 2.118025 2.117339 2.116653 2.115967 2.11528 2.114594 -9999 -9999 -9999 -9999 -9999 -9999 -9999 -9999 -9999 -9999 -9999 -9999 -9999 -9999 -9999 -9999 -9999 -9999 -9999 -9999 -9999 -9999 -9999
2.142836 2.142149 2.141463 2.140777 2.140091 2.139405 2.138719 2.138033 2.137347 2.13666 2.135974 2.135288 2.134602 2.133916 2.133229 2.132543 2.131857 2.131171 2.130485 2.129799 2.129113 2.128427 2.12774 2.127054 2.126368 2.125682 2.124996 2.12431 2.123623 2.122937 2.122251 2.121565 2.120879 2.120193 2.119507 2.11882 2.118134 2.117448 2.116762 2.116076 2.11539 2.114703 2.114017 2.113331 2.112645 2.111959 -9999 -9999 -9999 -9999 -9999 -9999 -9999 -9999 -9999 -9999 -9999 -9999 -9999 -9999 -9999 -9999 -9999 -9999 -9999 -9999 -9999 -9999 -9999 -9999
2.139514 2.138828 2.138142 2.137456 2.13677 2.136083 2.135397 2.134711 2.134025 2.133339 2.132653 2.131967 2.13128 2.130594 2.129908 2.129222 2.128536 2.12785 2.127163 2.126477 2.125791 2.125105 2.124419 2.123733 2.123046 2.12236 2.121674 2.120988 2.120302 2.119616 2.11893 2.118243 2.117557 2.116871 2.116185 2.115499 2.114813 2.114126 2.11344 2.112754 2.112068 2.111382 2.110696 2.11001 -9999 -9999 -9999 -9999 -9999 -9999 -9999 -9999 -9999 -9999 -9999 -9999 -9999 -9999 -9999 -9999 -9999 -9999 -9999 -9999 -9999 -9999 -9999 -9999 -9999 -9999
2.136193 2.135506 2.13482 2.134134 2.133448 2.132762 2.132076 2.13139 2.130703 2.130017 2.129331 2.128645 2.127959 2.127273 2.126586 2.1259 2.125214 2.124528 2.123842 2.123156 2.12247 2.121783 2.121097 2.120411 2.119725 2.119039 2.118353 2.117666 2.11698 2.116294 2.115608 2.114922 2.114236 2.113549 2.112864 2.112177 2.111491 2.110805 2.110119 2.109433 2.108747 2.10806 2.107374 2.106688 -9999 -9999 -9999 -9999 -9999 -9999 -9999 -9999 -9999 -9999 -9999 -9999 -9999 -9999 -9999 -9999 -9999 -9999 -9999 -9999 -9999 -9999 -9999 -9999 -9999 -9999
2.132871 2.132185 2.131499 2.130813 2.130126 2.12944 2.128754 2.128068 2.127382 2.126696 2.126009 2.125323 2.124637 2.123951 2.123265 2.122579 2.121893 2.121207 2.12052 2.119834 2.119148 2.118462 2.117776 2.11709 2.116403 2.115717 2.115031 2.114345 2.113659 2.112973 2.112287 2.1116 2.110914 2.110228 2.109542 2.108856 2.10817 2.107483 2.106797 2.106111 2.105425 2.104739 2.104053 2.103367 -9999 -9999 -9999 -9999 -9999 -9999 -9999 -9999 -9999 -9999 -9999 -9999 -9999 -9999 -9999 -9999 -9999 -9999 -9999 -9999 -9999 -9999 -9999 -9999 -9999 -9999
2.12955 2.128863 2.128177 2.127491 2.126805 2.126119 2.125432 2.124746 2.12406 2.123374 2.122688 2.122002 2.121316 2.12063 2.119943 2.119257 2.118571 2.117885 2.117199 2.116513 2.115826 2.11514 2.114454 2.113768 2.113082 2.112396 2.11171 2.111023 2.110337 2.109651 2.108965 2.108279 2.107593 2.106906 2.10622 2.105534 2.104848 2.104162 2.103476 2.10279 2.102103 -9999 -9999 -9999 -9999 -9999 -9999 -9999 -9999 -9999 -9999 -9999 -9999 -9999 -9999 -9999 -9999 -9999 -9999 -9999 -9999 -9999 -9999 -9999 -9999 -9999 -9999 -9999 -9999 -9999
