SEB_model/sample_data_files/contemp/SnowProbe_data/winter_snow_0708.txt
ncols         313
nrows         278
xllcorner     388961.19995117
yllcorner     7584381.3441773
cellsize      5
NODATA_value  -9999
[rows 155 to 185 of 278, columns 0 to 69 of 313]
-9999 -9999 -9999 -9999 -9999 -9999 -9999 -9999 -9999 -9999 -9999 -9999 -9999 -9999 -9999 -9999 -9999 -9999 -9999 -9999 -9999 -9999 -9999 -9999 -9999 -9999 -9999 -9999 -9999 -9999 -9999 -9999 -9999 -9999 -9999 -9999 -9999 -9999 -9999 -9999 -9999 -9999 -9999 -9999 -9999 -9999 -9999 -9999 -9999 -9999 -9999 -9999 -9999 -9999 -9999 -9999 -9999 -9999 -9999 2.126868 2.126182 2.125496 2.12481 2.124124 2.123437 2.122751 2.122065 2.121379 2.120693 2.120007
-9999 -9999 -9999 -9999 -9999 -9999 -9999 -9999 -9999 -9999 -9999 -9999 -9999 -9999 -9999 -9999 -9999 -9999 -9999 -9999 -9999 -9999 -9999 -9999 -9999 -9999 -9999 -9999 -9999 -9999 -9999 -9999 -9999 -9999 -9999 -9999 -9999 -9999 -9999 -9999 -9999 -9999 -9999 -9999 -9999 -9999 -9999 -9999 -9999 -9999 -9999 -9999 -9999 -9999 -9999 -9999 -9999 -9999 2.124233 2.123547 2.12286 2.122174 2.121488 2.120802 2.120116 2.11943 2.118744 2.118057 2.117371 2.116685
-9999 -9999 -9999 -9999 -9999 -9999 -9999 -9999 -9999 -9999 -9999 -9999 -9999 -9999 -9999 -9999 -9999 -9999 -9999 -9999 -9999 2.146299 2.145613 2.144927 2.14424 -9999 -9999 -9999 -9999 -9999 -9999 -9999 -9999 -9999 -9999 -9999 -9999 -9999 -9999 -9999 -9999 -9999 -9999 -9999 -9999 -9999 -9999 -9999 -9999 -9999 -9999 -9999 -9999 -9999 -9999 -9999 2.122283 2.121597 2.120911 2.120225 2.119539 2.118853 2.118167 2.117481 2.116794 2.116108 2.115422 2.114736 2.11405 2.113364
-9999 -9999 -9999 -9999 -9999 -9999 -9999 -9999 -9999 -9999 -9999 -9999 -9999 -9999 -9999 -9999 -9999 -9999 -9999 2.14435 2.143663 2.142977 2.142291 2.141605 2.140919 2.140233 -9999 -9999 -9999 -9999 -9999 -9999 -9999 -9999 -9999 -9999 -9999 -9999 -9999 -9999 -9999 -9999 -9999 -9999 -9999 -9999 -9999 -9999 -9999 -9999 -9999 -9999 -9999 -9999 2.120334 2.119648 2.118962 2.118276 2.11759 2.116904 2.116217 2.115531 2.114845 2.114159 2.113473 2.112787 2.1121 2.111414 2.110728 2.110042
-9999 -9999 -9999 -9999 -9999 -9999 -9999 -9999 -9999 -9999 -9999 -9999 -9999 -9999 -9999 -9999 -9999 -9999 2.141714 2.141028 2.140342 2.139656 2.13897 2.138283 2.137597 2.136911 2.136225 -9999 -9999 -9999 -9999 -9999 -9999 -9999 -9999 -9999 -9999 -9999 -9999 -9999 -9999 -9999 -9999 -9999 -9999 -9999 -9999 -9999 -9999 -9999 -9999 2.119071 2.118385 2.117699 2.117013 2.116327 2.11564 2.114954 2.114268 2.113582 2.112896 2.11221 2.111523 2.110837 2.110151 2.109465 2.108779 2.108093 2.107407 2.10672
-9999 -9999 -9999 -9999 -9999 -9999 -9999 -9999 -9999 -9999 -9999 -9999 -9999 -9999 -9999 -9999 -9999 2.139079 2.138393 2.137707 2.13702 2.136334 2.135648 2.134962 2.134276 2.13359 2.132903 2.132217 -9999 -9999 -9999 -9999 -9999 -9999 -9999 -9999 -9999 -9999 -9999 -9999 -9999 -9999 -9999 -9999 -9999 -9999 -9999 -9999 -9999 2.117122 2.116436 2.11575 2.115063 2.114377 2.113691 2.113005 2.112319 2.111633 2.110947 2.11026 2.109574 2.108888 2.108202 2.107516 2.10683 2.106143 2.105457 2.104771 2.104085 2.103399
-9999 -9999 -9999 -9999 -9999 -9999 -9999 -9999 -9999 -9999 -9999 -9999 -9999 -9999 -9999 -9999 2.136443 2.135757 2.135071 2.134385 2.133699 2.133013 2.132326 2.13164 2.130954 2.130268 2.129582 2.128896 2.12821 -9999 -9999 -9999 -9999 -9999 -9999 -9999 -9999 -9999 -9999 -9999 -9999 -9999 -9999 -9999 -9999 -9999 -9999 -9999 2.114486 2.1138 2.113114 2.112428 2.111742 2.111056 2.11037 2.109684 2.108997 2.108311 2.107625 2.106939 2.106253 2.105567 2.10488 2.104194 2.103508 2.102822 2.102136 2.10145 2.100764 2.100077
-9999 -9999 -9999 -9999 -9999 -9999 -9999 -9999 -9999 -9999 -9999 -9999 -9999 -9999 -9999 -9999 2.133122 2.132436 2.131749 2.131063 2.130377 2.129691 2.129005 2.128319 2.127633 2.126946 2.12626 2.125574 2.124888 2.124202 -9999 -9999 -9999 -9999 -9999 -9999 -9999 -9999 -9999 -9999 -9999 -9999 -9999 -9999 -9999 -9999 -9999 2.111851 2.111165 2.110479 2.109793 2.109107 2.10842 2.107734 2.107048 2.106362 2.105676 2.10499 2.104303 2.103617 2.102931 2.102245 2.101559 2.100873 2.100187 2.0995 2.098814 2.098128 2.097442 2.096756
-9999 -9999 -9999 -9999 -9999 -9999 -9999 -9999 -9999 -9999 -9999 -9999 -9999 -9999 -9999 -9999 -9999 2.129114 2.128428 2.127742 2.127056 2.126369 2.125683 2.124997 2.124311 2.123625 2.122939 2.122252 2.121566 2.12088 2.120194 -9999 -9999 -9999 -9999 -9999 -9999 -9999 -9999 -9999 -9999 -9999 -9999 -9999 -9999 -9999 2.109216 2.10853 2.107843 2.107157 2.106471 2.105785 2.105099 2.104413 2.103726 2.10304 2.102354 2.101668 2.100982 2.100296 2.09961 2.098923 2.098237 2.097551 2.096865 2.096179 2.095493 2.094806 2.09412 2.093434
-9999 -9999 -9999 -9999 -9999 -9999 -9999 -9999 -9999 -9999 -9999 -9999 -9999 -9999 -9999 -9999 -9999 2.125793 2.125106 2.12442 2.123734 2.123048 2.122362 2.121675 2.120989 2.120303 2.119617 2.118931 2.118245 2.117559 2.116873 2.116186 -9999 -9999 -9999 -9999 -9999 -9999 -9999 -9999 -9999 -9999 -9999 -9999 -9999 2.10658 2.105894 2.105208 2.104522 2.103836 2.103149 2.102463 2.101777 2.101091 2.100405 2.099719 2.099033 2.098346 2.09766 2.096974 2.096288 2.095602 2.094916 2.094229 2.093543 2.092857 2.092171 2.091485 2.090799 2.090113
-9999 -9999 -9999 -9999 -9999 -9999 -9999 -9999 -9999 -9999 -9999 -9999 -9999 -9999 -9999 -9999 2.123157 2.122471 2.121785 2.121099 2.120412 2.119726 2.11904 2.118354 2.117668 2.116982 2.116296 2.115609 2.114923 2.114237 2.113551 2.112865 2.112179 -9999 -9999 -9999 -9999 -9999 -9999 -9999 -9999 -9999 -9999 -9999 -9999 2.103259 2.102572 2.101886 2.1012 2.100514 2.099828 2.099142 2.098456 2.097769 2.097083 2.096397 2.095711 2.095025 2.094339 2.093652 2.092966 2.09228 2.091594 2.090908 2.090222 2.089536 2.08885 2.088163 2.087477 2.086791
-9999 -9999 -9999 -9999 -9999 -9999 -9999 -9999 -9999 -9999 -9999 -9999 -9999 -9999 -9999 -9999 -9999 2.119149 2.118463 2.117777 2.117091 2.116405 2.115719 2.115032 2.114346 2.11366 2.112974 2.112288 2.111602 2.110915 2.110229 2.109543 2.108857 2.108171 -9999 -9999 -9999 -9999 -9999 -9999 -9999 -9999 -9999 -9999 2.100623 2.099937 2.099251 2.098565 2.097879 2.097193 2.096506 2.09582 2.095134 2.094448 2.093762 2.093076 2.092389 2.091703 2.091017 2.090331 2.089645 2.088959 2.088273 2.087586 2.0869 2.086214 2.085528 2.084842 2.084156 2.083469
-9999 -9999 -9999 -9999 -9999 -9999 -9999 -9999 -9999 -9999 -9999 -9999 -9999 -9999 -9999 -9999 -9999 2.115828 2.115142 2.114455 2.113769 2.113083 2.112397 2.111711 2.111025 2.110339 2.109653 2.108966 2.10828 2.107594 2.106908 2.106222 2.105536 2.104849 2.104163 2.103477 -9999 -9999 -9999 -9999 -9999 -9999 -9999 2.097988 2.097302 2.096616 2.095929 2.095243 2.094557 2.093871 2.093185 2.092499 2.091813 2.091126 2.09044 2.089754 2.089068 2.088382 2.087696 2.087009 2.086323 2.085637 2.084951 2.084265 2.083579 2.082892 2.082206 2.08152 2.080834 2.080148
-9999 -9999 -9999 -9999 -9999 -9999 -9999 -9999 -9999 -9999 -9999 -9999 -9999 -9999 -9999 -9999 -9999 2.112506 2.11182 2.111134 2.110448 2.109762 2.109076 2.108389 2.107703 2.107017 2.106331 2.105645 2.104959 2.104272 2.103586 2.1029 2.102214 2.101528 2.100842 2.100156 2.099469 2.098783 -9999 -9999 -9999 -9999 2.095352 2.094666 2.09398 2.093294 2.092608 2.091922 2.091236 2.090549 2.089863 2.089177 2.088491 2.087805 2.087119 2.086432 2.085746 2.08506 2.084374 2.083688 2.083002 2.082316 2.08163 2.080943 2.080257 2.079571 2.078885 2.078199 2.077513 2.076826
-9999 -9999 -9999 -9999 -9999 -9999 -9999 -9999 -9999 -9999 -9999 -9999 -9999 -9999 -9999 -9999 -9999 2.109185 2.108499 2.107812 2.107126 2.10644 2.105754 2.105068 2.104382 2.103695 2.103009 2.102323 2.101637 2.100951 2.100265 2.099579 2.098892 2.098206 2.09752 2.096834 2.096148 2.095462 2.094775 2.094089 2.093403 2.092717 2.092031 2.091345 2.090659 2.089972 2.089286 2.0886 2.087914 2.087228 2.086542 2.085855 2.085169 2.084483 2.083797 2.083111 2.082425 2.081739 2.081053 2.080366 2.07968 2.078994 2.078308 2.077622 2.076936 2.076249 2.075563 2.074877 2.074191 2.073505
-9999 -9999 -9999 -9999 -9999 -9999 -9999 -9999 -9999 -9999 -9999 -9999 -9999 -9999 -9999 -9999 -9999 2.105863 2.105177 2.104491 2.103805 2.103118 2.102432 2.101746 2.10106 2.100374 2.099688 2.099002 2.098315 2.097629 2.096943 2.096257 2.095571 2.094885 2.094198 2.093512 2.092826 2.09214 2.091454 2.090768 2.090082 2.089396 2.088709 2.088023 2.087337 2.086651 2.085965 2.085279 2.084592 2.083906 2.08322 2.082534 2.081848 2.081162 2.080476 2.079789 2.079103 2.078417 2.077731 2.077045 2.076359 2.075672 2.074986 2.0743 2.073614 2.072928 2.072242 2.071556 2.070869 2.070183
-9999 -9999 -9999 -9999 -9999 -9999 -9999 -9999 -9999 -9999 -9999 -9999 -9999 -9999 -9999 -9999 2.103228 2.102541 2.101855 2.101169 2.100483 2.099797 2.099111 2.098425 2.097739 2.097052 2.096366 2.09568 2.094994 2.094308 2.093621 2.092935 2.092249 2.091563 2.090877 2.090191 2.089505 2.088819 2.088132 2.087446 2.08676 2.086074 2.085388 2.084702 2.084015 2.083329 2.082643 2.081957 2.081271 2.080585 2.079899 2.079212 2.078526 2.07784 2.077154 2.076468 2.075782 2.075095 2.074409 2.073723 2.073037 2.072351 2.071665 2.070979 2.070292 2.069606 2.06892 2.068234 2.067548 2.066862
-9999 -9999 -9999 -9999 -9999 -9999 -9999 -9999 -9999 -9999 -9999 -9999 -9999 -9999 -9999 2.100592 2.099906 2.09922 2.098534 2.097848 2.097162 2.096475 2.095789 2.095103 2.094417 2.093731 2.093045 2.092358 2.091672 2.090986 2.0903 2.089614 2.088928 2.088242 2.087555 2.086869 2.086183 2.085497 2.084811 2.084125 2.083438 2.082752 2.082066 2.08138 2.080694 2.080008 2.079322 2.078635 2.077949 2.077263 2.076577 2.075891 2.075205 2.074518 2.073832 2.073146 2.07246 2.071774 2.071088 2.070402 2.069715 2.069029 2.068343 2.067657 2.066971 2.066285 2.065598 2.064912 2.064226 2.06354
-9999 -9999 -9999 -9999 -9999 -9999 -9999 -9999 -9999 -9999 -9999 -9999 -9999 -9999 2.097957 2.097271 2.096585 2.095898 2.095212 2.094526 2.09384 2.093154 2.092468 2.091782 2.091095 2.090409 2.089723 2.089037 2.088351 2.087665 2.086978 2.086292 2.085606 2.08492 2.084234 2.083548 2.082861 2.082175 2.081489 2.080803 2.080117 2.079431 2.078745 2.078058 2.077372 2.076686 2.076 2.075314 2.074628 2.073941 2.073255 2.072569 2.071883 2.071197 2.070511 2.069825 2.069139 2.068452 2.067766 2.06708 2.066394 2.065708 2.065022 2.064335 2.063649 2.062963 2.062277 2.061591 2.060905 2.060219
-9999 -9999 -9999 -9999 -9999 -9999 -9999 -9999 -9999 -9999 -9999 -9999 -9999 2.095321 2.094635 2.093949 2.093263 2.092577 2.091891 2.091205 2.090518 2.089832 2.089146 2.08846 2.087774 2.087088 2.086401 2.085715 2.085029 2.084343 2.083657 2.082971 2.082285 2.081599 2.080912 2.080226 2.07954 2.078854 2.078168 2.077482 2.076795 2.076109 2.075423 2.074737 2.074051 2.073364 2.072679 2.071992 2.071306 2.07062 2.069934 2.069248 2.068562 2.067875 2.067189 2.066503 2.065817 2.065131 2.064445 2.063759 2.063072 2.062386 2.0617 2.061014 2.060328 2.059642 2.058955 2.058269 2.057583 2.056897
-9999 -9999 -9999 -9999 -9999 -9999 -9999 -9999 -9999 -9999 -9999 2.093372 2.092686 2.092 2.091314 2.090628 2.089942 2.089255 2.088569 2.087883 2.087197 2.086511 2.085824 2.085138 2.084452 2.083766 2.08308 2.082394 2.081708 2.081022 2.080335 2.079649 2.078963 2.078277 2.077591 2.076905 2.076218 2.075532 2.074846 2.07416 2.073474 2.072788 2.072102 2.071415 2.070729 2.070043 2.069357 2.068671 2.067985 2.067298 2.066612 2.065926 2.06524 2.064554 2.063868 2.063182 2.062495 2.061809 2.061123 2.060437 2.059751 2.059065 2.058378 2.057692 2.057006 2.05632 2.055634 2.054948 2.054262 2.053576
-9999 -9999 -9999 -9999 -9999 -9999 -9999 -9999 -9999 -9999 -9999 2.090051 2.089365 2.088678 2.087992 2.087306 2.08662 2.085934 2.085248 2.084561 2.083875 2.083189 2.082503 2.081817 2.081131 2.080445 2.079758 2.079072 2.078386 2.0777 2.077014 2.076328 2.075641 2.074955 2.074269 2.073583 2.072897 2.072211 2.071525 2.070838 2.070152 2.069466 2.06878 2.068094 2.067408 2.066721 2.066035 2.065349 2.064663 2.063977 2.063291 2.062605 2.061918 2.061232 2.060546 2.05986 2.059174 2.058488 2.057801 2.057115 2.056429 2.055743 2.055057 2.054371 2.053685 2.052999 2.052312 2.051626 2.05094 2.050254
-9999 -9999 -9999 -9999 -9999 -9999 -9999 -9999 -9999 -9999 2.087415 2.086729 2.086043 2.085357 2.084671 2.083984 2.083298 2.082612 2.081926 2.08124 2.080554 2.079868 2.079181 2.078495 2.077809 2.077123 2.076437 2.075751 2.075064 2.074378 2.073692 2.073006 2.07232 2.071634 2.070948 2.070261 2.069575 2.068889 2.068203 2.067517 2.066831 2.066144 2.065458 2.064772 2.064086 2.0634 2.062714 2.062028 2.061342 2.060655 2.059969 2.059283 2.058597 2.057911 2.057225 2.056538 2.055852 2.055166 2.05448 2.053794 2.053108 2.052422 2.051735 2.051049 2.050363 2.049677 2.048991 2.048305 2.047618 2.046932
-9999 -9999 -9999 -9999 -9999 -9999 -9999 -9999 -9999 2.08478 2.084094 2.083407 2.082721 2.082035 2.081349 2.080663 2.079977 2.079291 2.078604 2.077918 2.077232 2.076546 2.07586 2.075174 2.074487 2.073801 2.073115 2.072429 2.071743 2.071057 2.070371 2.069685 2.068998 2.068312 2.067626 2.06694 2.066254 2.065567 2.064881 2.064195 2.063509 2.062823 2.062137 2.061451 2.060765 2.060078 2.059392 2.058706 2.05802 2.057334 2.056648 2.055961 2.055275 2.054589 2.053903 2.053217 2.052531 2.051845 2.051158 2.050472 2.049786 2.0491 2.048414 2.047728 2.047041 2.046355 2.045669 2.044983 2.044297 2.043611
-9999 -9999 -9999 -9999 -9999 -9999 -9999 -9999 -9999 2.081458 2.080772 2.080086 2.0794 2.078714 2.078027 2.077341 2.076655 2.075969 2.075283 2.074597 2.07391 2.073224 2.072538 2.071852 2.071166 2.07048 2.069794 2.069108 2.068421 2.067735 2.067049 2.066363 2.065677 2.064991 2.064304 2.063618 2.062932 2.062246 2.06156 2.060874 2.060188 2.059501 2.058815 2.058129 2.057443 2.056757 2.056071 2.055384 2.054698 2.054012 2.053326 2.05264 2.051954 2.051268 2.050581 2.049895 2.049209 2.048523 2.047837 2.047151 2.046464 2.045778 2.045092 2.044406 2.04372 2.043034 2.042348 2.041662 2.040975 2.040289
-9999 -9999 -9999 -9999 -9999 -9999 -9999 -9999 -9999 2.078137 2.077451 2.076764 2.076078 2.075392 2.074706 2.07402 2.073334 2.072648 2.071961 2.071275 2.070589 2.069903 2.069217 2.068531 2.067844 2.067158 2.066472 2.065786 2.0651 2.064414 2.063727 2.063041 2.062355 2.061669 2.060983 2.060297 2.059611 2.058924 2.058238 2.057552 2.056866 2.05618 2.055494 2.054807 2.054121 2.053435 2.052749 2.052063 2.051377 2.050691 2.050004 2.049318 2.048632 2.047946 2.04726 2.046574 2.045887 2.045201 2.044515 2.043829 2.043143 2.042457 2.041771 2.041085 2.040398 2.039712 2.039026 2.03834 2.037654 2.036968
-9999 -9999 -9999 -9999 -9999 -9999 -9999 -9999 2.075501 2.074815 2.074129 2.073443 2.072757 2.072071 2.071384 2.070698 2.070012 2.069326 2.06864 2.067954 2.067267 2.066581 2.065895 2.065209 2.064523 2.063837 2.063151 2.062464 2.061778 2.061092 2.060406 2.05972 2.059034 2.058347 2.057661 2.056975 2.056289 2.055603 2.054917 2.05423 2.053545 2.052858 2.052172 2.051486 2.0508 2.050114 2.049428 2.048741 2.048055 2.047369 2.046683 2.045997 2.04531 2.044625 2.043938 2.043252 2.042566 2.04188 2.041194 2.040508 2.039821 2.039135 2.038449 2.037763 2.037077 2.036391 2.035704 2.035018 2.034332 2.033646
-9999 -9999 -9999 -9999 -9999 -9999 -9999 -9999 2.07218 2.071494 2.070807 2.070121 2.069435 2.068749 2.068063 2.067377 2.06669 2.066004 2.065318 2.064632 2.063946 2.06326 2.062574 2.061888 2.061201 2.060515 2.059829 2.059143 2.058457 2.05777 2.057084 2.056398 2.055712 2.055026 2.05434 2.053654 2.052968 2.052281 2.051595 2.050909 2.050223 2.049537 2.048851 2.048164 2.047478 2.046792 2.046106 2.04542 2.044734 2.044048 2.043361 2.042675 2.041989 2.041303 2.040617 2.039931 2.039244 2.038558 2.037872 2.037186 2.0365 2.035814 2.035128 2.034441 2.033755 2.033069 2.032383 2.031697 2.031011 2.030324
-9999 -9999 -9999 -9999 -9999 -9999 -9999 -9999 2.068858 2.068172 2.067486 2.0668 2.066113 2.065427 2.064741 2.064055 2.063369 2.062683 2.061997 2.061311 2.060624 2.059938 2.059252 2.058566 2.05788 2.057194 2.056507 2.055821 2.055135 2.054449 2.053763 2.053077 2.052391 2.051704 2.051018 2.050332 2.049646 2.04896 2.048274 2.047587 2.046901 2.046215 2.045529 2.044843 2.044157 2.043471 2.042784 2.042098 2.041412 2.040726 2.04004 2.039354 2.038667 2.037981 2.037295 2.036609 2.035923 2.035237 2.034551 2.033864 2.033178 2.032492 2.031806 2.03112 2.030434 2.029747 2.029061 2.028375 2.027689 2.027003
-9999 -9999 -9999 -9999 -9999 -9999 -9999 2.066223 2.065536 2.06485 2.064164 2.063478 2.062792 2.062106 2.06142 2.060734 2.060047 2.059361 2.058675 2.057989 2.057303 2.056617 2.05593 2.055244 2.054558 2.053872 2.053186 2.0525 2.051814 2.051127 2.050441 2.049755 2.049069 2.048383 2.047697 2.04701 2.046324 2.045638 2.044952 2.044266 2.04358 2.042894 2.042207 2.041521 2.040835 2.040149 2.039463 2.038777 2.03809 2.037404 2.036718 2.036032 2.035346 2.03466 2.033974 2.033288 2.032601 2.031915 2.031229 2.030543 2.029857 2.029171 2.028484 2.027798 2.027112 2.026426 2.02574 2.025054 2.024368 2.023681
-9999 -9999 -9999 -9999 -9999 -9999 -9999 2.062901 2.062215 2.061529 2.060843 2.060157 2.05947 2.058784 2.058098 2.057412 2.056726 2.05604 2.055353 2.054667 2.053981 2.053295 2.052609 2.051923 2.051237 2.05055 2.049864 2.049178 2.048492 2.047806 2.04712 2.046433 2.045747 2.045061 2.044375 2.043689 2.043003 2.042317 2.041631 2.040944 2.040258 2.039572 2.038886 2.0382 2.037513 2.036827 2.036141 2.035455 2.034769 2.034083 2.033397 2.032711 2.032024 2.031338 2.030652 2.029966 2.02928 2.028594 2.027907 2.027221 2.026535 2.025849 2.025163 2.024477 2.023791 2.023104 2.022418 2.021732 2.021046 2.02036
