SEB_model/sample_data_files/contemp/SnowProbe_data/winter_snow_0910.txt
ncols         313
nrows         278
xllcorner     388961.19995117
yllcorner     7584381.3441773
cellsize      5
NODATA_value  -9999
[rows 62 to 92 of 278, columns 210 to 279 of 313]
2.362608 2.359836 2.357031 2.354194 2.351325 2.348424 2.34549 2.342525 2.339527 2.336496 2.333434 2.330339 2.327212 2.324052 2.320861 2.317637 2.314381 2.311092 2.307772 2.304419 2.301034 2.297616 2.294167 2.290685 2.287171 2.283624 2.280046 2.276435 2.272792 2.269116 2.265409 2.261669 2.257897 2.254092 2.250256 2.246387 2.242486 2.238552 2.234586 2.230588 2.226558 2.222496 2.218401 2.214274 2.210115 2.205924 2.2017 2.197444 2.193156 2.188835 2.184482 2.180098 2.17568 2.171231 2.166749 2.162235 2.157689 2.15311 2.148499 2.143857 2.139181 2.134474 2.129734 2.124962 2.120158 2.115321 2.110452 2.105551 2.100618 2.095653
2.361402 2.358677 2.35592 2.35313 2.350308 2.347455 2.344568 2.34165 2.338699 2.335716 2.332701 2.329653 2.326574 2.323462 2.320317 2.317141 2.313932 2.310691 2.307418 2.304112 2.300775 2.297405 2.294002 2.290568 2.287101 2.283602 2.280071 2.276507 2.272911 2.269283 2.265623 2.26193 2.258205 2.254448 2.250659 2.246838 2.242984 2.239098 2.235179 2.231229 2.227246 2.223231 2.219183 2.215104 2.210992 2.206848 2.202672 2.198463 2.194222 2.189949 2.185644 2.181306 2.176936 2.172534 2.168099 2.163633 2.159134 2.154603 2.150039 2.145444 2.140816 2.136156 2.131463 2.126739 2.121982 2.117193 2.112371 2.107517 2.102632 2.097713
2.360236 2.357558 2.354849 2.352107 2.349332 2.346526 2.343687 2.340816 2.337912 2.334977 2.332009 2.329009 2.325976 2.322912 2.319814 2.316685 2.313524 2.31033 2.307104 2.303846 2.300556 2.297233 2.293878 2.290491 2.287072 2.28362 2.280136 2.27662 2.273071 2.269491 2.265878 2.262232 2.258555 2.254845 2.251103 2.247329 2.243523 2.239684 2.235813 2.23191 2.227974 2.224006 2.220006 2.215974 2.21191 2.207813 2.203684 2.199523 2.195329 2.191103 2.186845 2.182555 2.178232 2.173878 2.169491 2.165071 2.16062 2.156136 2.15162 2.147072 2.142491 2.137878 2.133233 2.128556 2.123847 2.119105 2.114331 2.109524 2.104686 2.099815
2.359111 2.356481 2.353818 2.351124 2.348397 2.345637 2.342846 2.340022 2.337166 2.334278 2.331357 2.328404 2.325419 2.322402 2.319352 2.316271 2.313157 2.31001 2.306832 2.303621 2.300378 2.297102 2.293795 2.290455 2.287083 2.283679 2.280242 2.276773 2.273272 2.269739 2.266173 2.262575 2.258945 2.255283 2.251588 2.247861 2.244102 2.240311 2.236487 2.232631 2.228743 2.224823 2.22087 2.216885 2.212868 2.208819 2.204737 2.200623 2.196477 2.192298 2.188088 2.183845 2.17957 2.175262 2.170923 2.166551 2.162146 2.15771 2.153241 2.14874 2.144207 2.139642 2.135044 2.130414 2.125752 2.121057 2.116331 2.111572 2.10678 2.101957
2.358027 2.355444 2.352829 2.350181 2.347502 2.34479 2.342046 2.339269 2.336461 2.33362 2.330746 2.327841 2.324903 2.321933 2.318931 2.315897 2.31283 2.309731 2.3066 2.303436 2.300241 2.297013 2.293752 2.29046 2.287135 2.283778 2.280389 2.276967 2.273514 2.270028 2.266509 2.262959 2.259376 2.255761 2.252114 2.248434 2.244722 2.240978 2.237202 2.233394 2.229553 2.22568 2.221775 2.217837 2.213867 2.209865 2.205831 2.201764 2.197665 2.193534 2.189371 2.185175 2.180948 2.176687 2.172395 2.168071 2.163714 2.159325 2.154903 2.15045 2.145964 2.141446 2.136895 2.132313 2.127698 2.123051 2.118371 2.11366 2.108916 2.10414
2.356983 2.354448 2.35188 2.34928 2.346648 2.343983 2.341286 2.338557 2.335796 2.333002 2.330176 2.327318 2.324428 2.321505 2.31855 2.315563 2.312544 2.309492 2.306408 2.303292 2.300144 2.296963 2.29375 2.290505 2.287228 2.283918 2.280576 2.277202 2.273796 2.270357 2.266886 2.263383 2.259848 2.25628 2.25268 2.249048 2.245383 2.241687 2.237958 2.234196 2.230403 2.226577 2.222719 2.218829 2.214907 2.210952 2.206965 2.202946 2.198895 2.194811 2.190695 2.186547 2.182366 2.178153 2.173908 2.169631 2.165322 2.16098 2.156606 2.1522 2.147761 2.14329 2.138787 2.134252 2.129684 2.125085 2.120453 2.115788 2.111092 2.106363
2.35598 2.353492 2.350972 2.348419 2.345834 2.343217 2.340567 2.337885 2.335171 2.332425 2.329647 2.326836 2.323993 2.321118 2.31821 2.31527 2.312299 2.309294 2.306258 2.303189 2.300088 2.296955 2.293789 2.290591 2.287361 2.284099 2.280804 2.277478 2.274118 2.270727 2.267303 2.263848 2.26036 2.25684 2.253287 2.249702 2.246085 2.242436 2.238754 2.23504 2.231294 2.227516 2.223705 2.219862 2.215987 2.21208 2.20814 2.204168 2.200164 2.196128 2.192059 2.187958 2.183825 2.17966 2.175462 2.171232 2.16697 2.162676 2.158349 2.15399 2.149599 2.145175 2.14072 2.136232 2.131712 2.127159 2.122575 2.117958 2.113308 2.108627
2.355018 2.352577 2.350104 2.347599 2.345061 2.342491 2.339889 2.337255 2.334588 2.331889 2.329158 2.326395 2.323599 2.320771 2.317911 2.315018 2.312094 2.309137 2.306148 2.303126 2.300072 2.296987 2.293868 2.290718 2.287535 2.28432 2.281073 2.277794 2.274482 2.271138 2.267762 2.264353 2.260913 2.25744 2.253934 2.250397 2.246827 2.243225 2.239591 2.235924 2.232226 2.228495 2.224731 2.220936 2.217108 2.213248 2.209356 2.205431 2.201475 2.197486 2.193464 2.189411 2.185325 2.181207 2.177057 2.172874 2.168659 2.164412 2.160133 2.155821 2.151478 2.147101 2.142693 2.138252 2.13378 2.129275 2.124737 2.120168 2.115566 2.110932
2.354096 2.351703 2.349277 2.346819 2.344329 2.341806 2.339252 2.336664 2.334045 2.331394 2.32871 2.325994 2.323246 2.320465 2.317652 2.314807 2.31193 2.30902 2.306078 2.303104 2.300098 2.297059 2.293988 2.290885 2.28775 2.284582 2.281383 2.278151 2.274886 2.27159 2.26826 2.264899 2.261506 2.25808 2.254623 2.251132 2.24761 2.244056 2.240469 2.236849 2.233198 2.229514 2.225798 2.22205 2.21827 2.214457 2.210612 2.206735 2.202826 2.198884 2.19491 2.190904 2.186865 2.182795 2.178692 2.174556 2.170389 2.166189 2.161958 2.157693 2.153397 2.149068 2.144707 2.140314 2.135888 2.131431 2.126941 2.122418 2.117864 2.113277
2.353215 2.350869 2.348491 2.34608 2.343637 2.341162 2.338655 2.336115 2.333543 2.330939 2.328302 2.325634 2.322933 2.320199 2.317434 2.314636 2.311806 2.308944 2.30605 2.303123 2.300164 2.297173 2.294149 2.291093 2.288005 2.284885 2.281733 2.278548 2.275331 2.272082 2.2688 2.265486 2.26214 2.258762 2.255352 2.251909 2.248434 2.244926 2.241387 2.237815 2.234211 2.230575 2.226906 2.223205 2.219472 2.215707 2.211909 2.20808 2.204217 2.200323 2.196397 2.192438 2.188447 2.184423 2.180368 2.17628 2.17216 2.168007 2.163823 2.159606 2.155357 2.151075 2.146762 2.142416 2.138038 2.133627 2.129185 2.12471 2.120203 2.115663
2.352375 2.350076 2.347745 2.345382 2.342986 2.340559 2.338098 2.335606 2.333081 2.330525 2.327935 2.325314 2.32266 2.319975 2.317256 2.314506 2.311723 2.308909 2.306062 2.303182 2.300271 2.297327 2.294351 2.291342 2.288301 2.285228 2.282123 2.278986 2.275816 2.272614 2.26938 2.266114 2.262815 2.259484 2.256121 2.252726 2.249298 2.245838 2.242346 2.238821 2.235265 2.231676 2.228055 2.224401 2.220715 2.216997 2.213247 2.209465 2.20565 2.201803 2.197924 2.194012 2.190068 2.186092 2.182084 2.178044 2.173971 2.169866 2.165729 2.161559 2.157357 2.153123 2.148857 2.144559 2.140228 2.135865 2.131469 2.127042 2.122582 2.11809
2.351576 2.349324 2.34704 2.344724 2.342376 2.339996 2.337583 2.335138 2.332661 2.330151 2.327609 2.325035 2.322429 2.319791 2.31712 2.314417 2.311682 2.308914 2.306114 2.303282 2.300418 2.297521 2.294593 2.291631 2.288638 2.285613 2.282555 2.279465 2.276342 2.273188 2.270001 2.266782 2.263531 2.260247 2.256931 2.253583 2.250203 2.24679 2.243345 2.239868 2.236359 2.232817 2.229244 2.225637 2.221999 2.218328 2.214625 2.21089 2.207123 2.203323 2.199492 2.195627 2.191731 2.187802 2.183841 2.179848 2.175823 2.171765 2.167675 2.163553 2.159399 2.155212 2.150993 2.146742 2.142458 2.138143 2.133795 2.129415 2.125002 2.120557
2.350817 2.348613 2.346376 2.344107 2.341806 2.339473 2.337108 2.33471 2.33228 2.329818 2.327324 2.324797 2.322238 2.319647 2.317024 2.314368 2.31168 2.30896 2.306207 2.303423 2.300606 2.297757 2.294875 2.291962 2.289016 2.286037 2.283027 2.279984 2.276909 2.273802 2.270663 2.267491 2.264287 2.261051 2.257782 2.254481 2.251148 2.247783 2.244386 2.240956 2.237494 2.234 2.230473 2.226914 2.223323 2.2197 2.216044 2.212357 2.208637 2.204885 2.2011 2.197283 2.193434 2.189553 2.185639 2.181693 2.177715 2.173705 2.169662 2.165588 2.161481 2.157341 2.15317 2.148966 2.14473 2.140461 2.136161 2.131828 2.127463 2.123065
2.350098 2.347942 2.345752 2.343531 2.341278 2.338992 2.336674 2.334324 2.331941 2.329526 2.327079 2.3246 2.322088 2.319544 2.316968 2.31436 2.311719 2.309047 2.306341 2.303604 2.300835 2.298033 2.295199 2.292332 2.289434 2.286503 2.28354 2.280544 2.277517 2.274457 2.271365 2.26824 2.265084 2.261895 2.258674 2.25542 2.252135 2.248817 2.245467 2.242084 2.23867 2.235223 2.231744 2.228232 2.224688 2.221112 2.217504 2.213864 2.210191 2.206486 2.202749 2.19898 2.195178 2.191344 2.187478 2.183579 2.179649 2.175686 2.17169 2.167663 2.163603 2.159511 2.155387 2.151231 2.147042 2.142821 2.138567 2.134282 2.129964 2.125614
2.349421 2.347311 2.34517 2.342996 2.340789 2.338551 2.33628 2.333977 2.331642 2.329275 2.326875 2.324443 2.321979 2.319482 2.316954 2.314393 2.311799 2.309174 2.306516 2.303826 2.301104 2.298349 2.295563 2.292744 2.289892 2.287009 2.284093 2.281145 2.278165 2.275152 2.272108 2.269031 2.265921 2.26278 2.259606 2.2564 2.253162 2.249891 2.246588 2.243253 2.239886 2.236486 2.233054 2.22959 2.226094 2.222565 2.219005 2.215412 2.211786 2.208129 2.204439 2.200717 2.196962 2.193176 2.189357 2.185506 2.181623 2.177707 2.173759 2.169779 2.165766 2.161722 2.157645 2.153536 2.149395 2.145221 2.141015 2.136777 2.132506 2.128204
2.348784 2.346722 2.344627 2.342501 2.340342 2.338151 2.335927 2.333672 2.331384 2.329064 2.326711 2.324327 2.32191 2.319461 2.316979 2.314466 2.31192 2.309342 2.306731 2.304089 2.301414 2.298707 2.295967 2.293196 2.290392 2.287556 2.284687 2.281787 2.278854 2.275888 2.272891 2.269861 2.266799 2.263705 2.260579 2.25742 2.254229 2.251006 2.247751 2.244463 2.241143 2.237791 2.234406 2.230989 2.22754 2.224059 2.220546 2.217 2.213422 2.209812 2.206169 2.202495 2.198787 2.195048 2.191277 2.187473 2.183637 2.179769 2.175868 2.171935 2.16797 2.163973 2.159944 2.155882 2.151788 2.147661 2.143503 2.139312 2.135089 2.130834
2.348187 2.346173 2.344126 2.342046 2.339935 2.337791 2.335615 2.333407 2.331167 2.328894 2.326589 2.324251 2.321882 2.31948 2.317046 2.31458 2.312081 2.309551 2.306988 2.304392 2.301765 2.299105 2.296413 2.293689 2.290932 2.288143 2.285322 2.282469 2.279583 2.276665 2.273715 2.270733 2.267718 2.264672 2.261592 2.258481 2.255337 2.252162 2.248954 2.245713 2.24244 2.239136 2.235799 2.232429 2.229028 2.225594 2.222127 2.218629 2.215098 2.211536 2.20794 2.204313 2.200653 2.196961 2.193237 2.189481 2.185692 2.181871 2.178018 2.174133 2.170215 2.166265 2.162283 2.158268 2.154222 2.150143 2.146032 2.141888 2.137712 2.133504
2.347632 2.345665 2.343665 2.341633 2.339569 2.337472 2.335344 2.333183 2.33099 2.328764 2.326507 2.324217 2.321894 2.31954 2.317153 2.314734 2.312283 2.3098 2.307284 2.304736 2.302156 2.299544 2.296899 2.294222 2.291513 2.288771 2.285997 2.283191 2.280353 2.277483 2.27458 2.271645 2.268678 2.265678 2.262647 2.259583 2.256486 2.253358 2.250197 2.247004 2.243779 2.240521 2.237231 2.233909 2.230555 2.227169 2.22375 2.220299 2.216816 2.2133 2.209752 2.206172 2.20256 2.198915 2.195239 2.19153 2.187788 2.184015 2.180209 2.176371 2.1725 2.168598 2.164663 2.160696 2.156697 2.152665 2.148601 2.144505 2.140377 2.136216
2.347117 2.345197 2.343245 2.34126 2.339243 2.337194 2.335113 2.332999 2.330853 2.328676 2.326465 2.324223 2.321948 2.319641 2.317301 2.31493 2.312526 2.31009 2.307621 2.305121 2.302588 2.300023 2.297426 2.294796 2.292134 2.28944 2.286714 2.283955 2.281164 2.278341 2.275486 2.272598 2.269678 2.266726 2.263741 2.260725 2.257676 2.254595 2.251481 2.248336 2.245158 2.241948 2.238705 2.23543 2.232124 2.228784 2.225413 2.222009 2.218573 2.215105 2.211605 2.208072 2.204507 2.20091 2.19728 2.193619 2.189925 2.186198 2.18244 2.178649 2.174826 2.170971 2.167084 2.163164 2.159212 2.155228 2.151211 2.147162 2.143081 2.138968
2.346643 2.34477 2.342865 2.340928 2.338958 2.336957 2.334923 2.332856 2.330758 2.328627 2.326464 2.324269 2.322042 2.319782 2.31749 2.315166 2.312809 2.310421 2.307999 2.305546 2.303061 2.300543 2.297993 2.295411 2.292796 2.290149 2.28747 2.284759 2.282016 2.27924 2.276432 2.273592 2.270719 2.267814 2.264877 2.261908 2.258906 2.255872 2.252806 2.249708 2.246578 2.243415 2.24022 2.236992 2.233733 2.230441 2.227117 2.22376 2.220372 2.216951 2.213498 2.210012 2.206495 2.202945 2.199363 2.195749 2.192102 2.188423 2.184712 2.180969 2.177193 2.173385 2.169545 2.165673 2.161768 2.157831 2.153862 2.14986 2.145827 2.141761
2.346209 2.344384 2.342526 2.340636 2.338714 2.33676 2.334773 2.332754 2.330703 2.32862 2.326504 2.324356 2.322176 2.319964 2.317719 2.315442 2.313133 2.310792 2.308418 2.306012 2.303574 2.301104 2.298601 2.296066 2.293499 2.2909 2.288268 2.285604 2.282908 2.280179 2.277419 2.274626 2.271801 2.268943 2.266053 2.263131 2.260177 2.257191 2.254172 2.251121 2.248038 2.244922 2.241775 2.238595 2.235382 2.232138 2.228861 2.225552 2.222211 2.218837 2.215432 2.211993 2.208523 2.205021 2.201486 2.197919 2.19432 2.190688 2.187024 2.183328 2.1796 2.17584 2.172047 2.168222 2.164365 2.160475 2.156553 2.152599 2.148613 2.144594
2.345816 2.344038 2.342228 2.340385 2.338511 2.336603 2.334664 2.332693 2.330689 2.328653 2.326585 2.324484 2.322351 2.320186 2.317989 2.31576 2.313498 2.311204 2.308877 2.306519 2.304128 2.301705 2.29925 2.296762 2.294242 2.29169 2.289106 2.286489 2.28384 2.281159 2.278446 2.275701 2.272923 2.270113 2.26727 2.264395 2.261489 2.25855 2.255578 2.252575 2.249539 2.246471 2.24337 2.240237 2.237073 2.233876 2.230646 2.227385 2.224091 2.220764 2.217406 2.214015 2.210593 2.207137 2.20365 2.20013 2.196578 2.192994 2.189378 2.185729 2.182048 2.178335 2.174589 2.170812 2.167002 2.16316 2.159285 2.155378 2.151439 2.147468
2.345464 2.343733 2.34197 2.340175 2.338348 2.336488 2.334596 2.332672 2.330715 2.328727 2.326706 2.324653 2.322567 2.32045 2.3183 2.316118 2.313903 2.311656 2.309377 2.307066 2.304723 2.302347 2.299939 2.297499 2.295026 2.292522 2.289985 2.287415 2.284814 2.28218 2.279514 2.276816 2.274086 2.271323 2.268528 2.2657 2.262841 2.259949 2.257025 2.254069 2.251081 2.24806 2.245007 2.241921 2.238804 2.235654 2.232472 2.229258 2.226011 2.222732 2.219421 2.216078 2.212702 2.209295 2.205854 2.202382 2.198878 2.195341 2.191772 2.18817 2.184537 2.180871 2.177173 2.173442 2.16968 2.165885 2.162058 2.158199 2.154307 2.150383
2.345152 2.343469 2.341753 2.340005 2.338225 2.336413 2.334569 2.332692 2.330783 2.328841 2.326868 2.324862 2.322824 2.320754 2.318651 2.316516 2.314349 2.31215 2.309918 2.307654 2.305358 2.30303 2.300669 2.298276 2.295851 2.293394 2.290904 2.288382 2.285828 2.283242 2.280623 2.277972 2.275289 2.272573 2.269826 2.267046 2.264234 2.261389 2.258513 2.255604 2.252663 2.249689 2.246684 2.243646 2.240576 2.237473 2.234338 2.231171 2.227972 2.224741 2.221477 2.218181 2.214853 2.211492 2.2081 2.204675 2.201217 2.197728 2.194206 2.190652 2.187066 2.183448 2.179797 2.176114 2.172399 2.168651 2.164871 2.161059 2.157215 2.153338
2.344881 2.343245 2.341577 2.339877 2.338144 2.336379 2.334582 2.332752 2.33089 2.328996 2.32707 2.325112 2.323121 2.321098 2.319043 2.316955 2.314836 2.312684 2.310499 2.308283 2.306034 2.303753 2.30144 2.299094 2.296716 2.294307 2.291864 2.28939 2.286883 2.284344 2.281773 2.279169 2.276533 2.273865 2.271165 2.268432 2.265667 2.26287 2.260041 2.257179 2.254286 2.25136 2.248401 2.245411 2.242388 2.239333 2.236245 2.233126 2.229974 2.22679 2.223573 2.220325 2.217044 2.213731 2.210386 2.207008 2.203598 2.200156 2.196681 2.193175 2.189636 2.186065 2.182462 2.178826 2.175158 2.171458 2.167725 2.163961 2.160164 2.156335
2.344651 2.343062 2.341441 2.339788 2.338103 2.336385 2.334635 2.332853 2.331039 2.329192 2.327313 2.325402 2.323459 2.321483 2.319475 2.317435 2.315363 2.313258 2.311121 2.308952 2.306751 2.304517 2.302251 2.299953 2.297623 2.29526 2.292865 2.290438 2.287978 2.285487 2.282963 2.280406 2.277818 2.275197 2.272544 2.269859 2.267142 2.264392 2.26161 2.258796 2.255949 2.253071 2.25016 2.247216 2.244241 2.241233 2.238193 2.235121 2.232016 2.22888 2.225711 2.222509 2.219276 2.21601 2.212712 2.209382 2.206019 2.202624 2.199197 2.195738 2.192246 2.188723 2.185167 2.181578 2.177958 2.174305 2.17062 2.166903 2.163153 2.159371
2.344461 2.34292 2.341347 2.339741 2.338103 2.336432 2.33473 2.332995 2.331228 2.329429 2.327597 2.325734 2.323838 2.321909 2.319949 2.317956 2.315931 2.313874 2.311784 2.309662 2.307508 2.305322 2.303103 2.300853 2.298569 2.296254 2.293906 2.291527 2.289114 2.28667 2.284194 2.281685 2.279144 2.27657 2.273965 2.271327 2.268657 2.265954 2.26322 2.260453 2.257654 2.254822 2.251959 2.249063 2.246135 2.243174 2.240181 2.237157 2.234099 2.23101 2.227888 2.224735 2.221548 2.21833 2.215079 2.211796 2.208481 2.205134 2.201754 2.198342 2.194898 2.191422 2.187913 2.184372 2.180799 2.177193 2.173555 2.169885 2.166183 2.162449
2.344312 2.342818 2.341292 2.339734 2.338143 2.33652 2.334865 2.333178 2.331458 2.329706 2.327922 2.326105 2.324257 2.322376 2.320463 2.318517 2.31654 2.314529 2.312487 2.310413 2.308306 2.306167 2.303996 2.301792 2.299557 2.297289 2.294989 2.292656 2.290291 2.287894 2.285465 2.283004 2.28051 2.277984 2.275425 2.272835 2.270212 2.267557 2.26487 2.262151 2.259399 2.256615 2.253798 2.25095 2.248069 2.245156 2.242211 2.239233 2.236223 2.233181 2.230107 2.227 2.223861 2.22069 2.217487 2.214252 2.210984 2.207684 2.204351 2.200987 2.19759 2.194161 2.190699 2.187206 2.18368 2.180122 2.176531 2.172909 2.169254 -9999
2.344204 2.342757 2.341279 2.339768 2.338224 2.336649 2.335041 2.333401 2.331728 2.330024 2.328287 2.326518 2.324717 2.322883 2.321017 2.319119 2.317189 2.315226 2.313231 2.311204 2.309145 2.307053 2.304929 2.302773 2.300585 2.298364 2.296111 2.293826 2.291509 2.289159 2.286777 2.284363 2.281917 2.279438 2.276927 2.274384 2.271808 2.269201 2.266561 2.263889 2.261184 2.258448 2.255679 2.252877 2.250044 2.247178 2.24428 2.24135 2.238388 2.235393 2.232366 2.229307 2.226215 2.223092 2.219936 2.216747 2.213527 2.210274 2.206989 2.203672 2.200322 2.196941 2.193527 2.19008 2.186602 2.183091 2.179548 -9999 -9999 -9999
2.344136 2.342737 2.341306 2.339842 2.338346 2.336818 2.335257 2.333665 2.33204 2.330382 2.328693 2.326971 2.325217 2.323431 2.321613 2.319762 2.317879 2.315964 2.314016 2.312036 2.310024 2.30798 2.305903 2.303795 2.301654 2.29948 2.297275 2.295037 2.292767 2.290465 2.28813 2.285763 2.283364 2.280933 2.278469 2.275974 2.273445 2.270885 2.268293 2.265668 2.263011 2.260321 2.2576 2.254846 2.25206 2.249241 2.246391 2.243508 2.240593 2.237645 2.234666 2.231654 2.22861 2.225533 2.222425 2.219284 2.216111 2.212905 2.209668 2.206398 2.203096 2.199761 2.196395 2.192996 2.189564 -9999 -9999 -9999 -9999 -9999
2.34411 2.342758 2.341373 2.339957 2.338509 2.337028 2.335515 2.333969 2.332392 2.330782 2.329139 2.327465 2.325758 2.32402 2.322248 2.320445 2.318609 2.316741 2.314841 2.312909 2.310944 2.308947 2.306918 2.304857 2.302763 2.300637 2.298479 2.296288 2.294066 2.291811 2.289524 2.287204 2.284853 2.282468 2.280052 2.277604 2.275123 2.27261 2.270065 2.267487 2.264878 2.262236 2.259561 2.256855 2.254116 2.251345 2.248542 2.245706 2.242839 2.239938 2.237006 2.234042 2.231045 2.228016 2.224955 2.221861 2.218735 2.215577 2.212387 2.209164 2.20591 2.202623 2.199303 2.195952 2.192568 -9999 -9999 -9999 -9999 -9999
