SEB_model/sample_data_files/contemp/SnowProbe_data/winter_snow_0910.txt
ncols         313
nrows         278
xllcorner     388961.19995117
yllcorner     7584381.3441773
cellsize      5
NODATA_value  -9999
[rows 93 to 123 of 278, columns 70 to 139 of 313]
-9999 -9999 -9999 -9999 -9999 -9999 -9999 -9999 -9999 -9999 -9999 -9999 -9999 -9999 -9999 -9999 -9999 -9999 -9999 -9999 -9999 -9999 -9999 -9999 -9999 -9999 -9999 -9999 -9999 -9999 -9999 -9999 -9999 -9999 -9999 -9999 -9999 -9999 -9999 -9999 -9999 -9999 -9999 -9999 2.319185 2.320976 2.322736 2.324463 2.326158 2.327821 2.329452 2.33105 2.332616 2.33415 2.335651 2.337121 2.338558 2.339962 2.341335 2.342675 2.343983 2.345259 2.346503 2.347714 2.348893 2.350039 2.351154 2.352236 2.353286 2.354304
-9999 -9999 -9999 -9999 -9999 -9999 -9999 -9999 -9999 -9999 -9999 -9999 -9999 -9999 -9999 -9999 -9999 -9999 -9999 -9999 -9999 -9999 -9999 -9999 -9999 -9999 -9999 -9999 -9999 -9999 -9999 -9999 -9999 -9999 2.294528 2.29669 2.298819 2.300916 2.302981 2.305014 2.307014 2.308983 2.310919 2.312822 2.314694 2.316533 2.31834 2.320114 2.321857 2.323567 2.325245 2.32689 2.328504 2.330085 2.331634 2.33315 2.334635 2.336087 2.337507 2.338894 2.34025 2.341573 2.342864 2.344122 2.345349 2.346543 2.347705 2.348834 2.349931 2.350996
-9999 -9999 -9999 -9999 -9999 -9999 -9999 -9999 -9999 -9999 -9999 -9999 -9999 -9999 -9999 -9999 -9999 -9999 -9999 -9999 -9999 -9999 -9999 -9999 -9999 -9999 -9999 -9999 -9999 -9999 -9999 -9999 -9999 -9999 2.289604 2.291813 2.29399 2.296135 2.298247 2.300327 2.302375 2.30439 2.306374 2.308325 2.310243 2.31213 2.313984 2.315806 2.317596 2.319353 2.321079 2.322772 2.324432 2.326061 2.327657 2.329221 2.330753 2.332252 2.333719 2.335154 2.336557 2.337927 2.339266 2.340571 2.341845 2.343087 2.344296 2.345473 2.346617 2.34773
-9999 -9999 -9999 -9999 -9999 -9999 -9999 -9999 -9999 -9999 -9999 -9999 -9999 -9999 -9999 -9999 -9999 -9999 -9999 -9999 -9999 -9999 -9999 -9999 -9999 -9999 -9999 -9999 -9999 -9999 -9999 -9999 -9999 -9999 -9999 2.286978 2.289201 2.291394 2.293553 2.295681 2.297776 2.299839 2.301869 2.303868 2.305834 2.307767 2.309669 2.311538 2.313375 2.31518 2.316953 2.318693 2.320401 2.322077 2.323721 2.325332 2.326911 2.328458 2.329973 2.331455 2.332905 2.334323 2.335708 2.337061 2.338382 2.339671 2.340928 2.342152 2.343344 2.344504
-9999 -9999 -9999 -9999 -9999 -9999 -9999 -9999 -9999 -9999 -9999 -9999 -9999 -9999 -9999 -9999 -9999 -9999 -9999 -9999 -9999 -9999 -9999 -9999 -9999 -9999 -9999 -9999 -9999 2.267876 2.270341 2.272774 2.275174 2.277543 2.279879 2.282182 2.284454 2.286693 2.2889 2.291075 2.293217 2.295327 2.297405 2.299451 2.301465 2.303446 2.305395 2.307311 2.309196 2.311048 2.312868 2.314656 2.316411 2.318134 2.319825 2.321484 2.32311 2.324704 2.326266 2.327796 2.329293 2.330759 2.332191 2.333592 2.33496 2.336297 2.3376 2.338872 2.340111 2.341319
-9999 -9999 -9999 -9999 -9999 -9999 -9999 -9999 -9999 -9999 -9999 -9999 -9999 -9999 -9999 -9999 -9999 -9999 -9999 -9999 -9999 -9999 -9999 -9999 -9999 -9999 -9999 -9999 2.260293 2.262837 2.26535 2.26783 2.270278 2.272693 2.275077 2.277428 2.279747 2.282033 2.284287 2.28651 2.288699 2.290857 2.292982 2.295075 2.297136 2.299165 2.301161 2.303125 2.305057 2.306956 2.308824 2.310659 2.312461 2.314232 2.31597 2.317676 2.31935 2.320992 2.322601 2.324178 2.325722 2.327235 2.328715 2.330163 2.331579 2.332963 2.334314 2.335633 2.33692 2.338174
-9999 -9999 -9999 -9999 -9999 -9999 -9999 -9999 -9999 -9999 -9999 -9999 -9999 -9999 -9999 -9999 -9999 -9999 -9999 -9999 -9999 -9999 -9999 -9999 -9999 -9999 2.249967 2.252623 2.255248 2.257839 2.260399 2.262927 2.265422 2.267885 2.270315 2.272714 2.27508 2.277414 2.279716 2.281985 2.284222 2.286427 2.2886 2.29074 2.292848 2.294924 2.296968 2.298979 2.300958 2.302905 2.30482 2.306702 2.308553 2.31037 2.312156 2.313909 2.31563 2.317319 2.318976 2.3206 2.322192 2.323752 2.32528 2.326775 2.328238 2.329669 2.331068 2.332434 2.333768 2.33507
-9999 -9999 -9999 -9999 -9999 -9999 -9999 -9999 -9999 -9999 -9999 -9999 -9999 -9999 -9999 -9999 -9999 -9999 -9999 -9999 -9999 -9999 -9999 -9999 -9999 2.242131 2.244868 2.247571 2.250243 2.252882 2.255489 2.258064 2.260607 2.263117 2.265595 2.268041 2.270454 2.272835 2.275185 2.277501 2.279786 2.282038 2.284258 2.286446 2.288601 2.290725 2.292816 2.294874 2.296901 2.298895 2.300857 2.302787 2.304684 2.30655 2.308383 2.310183 2.311952 2.313688 2.315392 2.317064 2.318703 2.32031 2.321885 2.323428 2.324938 2.326416 2.327862 2.329276 2.330657 2.332006
-9999 -9999 -9999 -9999 -9999 -9999 -9999 -9999 -9999 -9999 -9999 -9999 -9999 -9999 -9999 -9999 -9999 -9999 -9999 -9999 -9999 -9999 -9999 -9999 2.23421 2.237025 2.239809 2.24256 2.245279 2.247966 2.25062 2.253242 2.255832 2.25839 2.260915 2.263408 2.265869 2.268298 2.270694 2.273058 2.27539 2.27769 2.279957 2.282192 2.284395 2.286566 2.288704 2.29081 2.292884 2.294925 2.296935 2.298912 2.300857 2.302769 2.30465 2.306498 2.308313 2.310097 2.311848 2.313567 2.315254 2.316909 2.318531 2.320121 2.321679 2.323204 2.324697 2.326159 2.327587 2.328984
-9999 -9999 -9999 -9999 -9999 -9999 -9999 -9999 -9999 -9999 -9999 -9999 -9999 -9999 -9999 -9999 -9999 -9999 -9999 -9999 -9999 -9999 -9999 2.226202 2.229097 2.23196 2.234791 2.23759 2.240356 2.24309 2.245791 2.248461 2.251098 2.253703 2.256276 2.258816 2.261325 2.263801 2.266244 2.268656 2.271035 2.273382 2.275697 2.277979 2.280229 2.282447 2.284633 2.286786 2.288908 2.290997 2.293053 2.295078 2.29707 2.29903 2.300957 2.302853 2.304716 2.306547 2.308346 2.310112 2.311846 2.313548 2.315217 2.316855 2.31846 2.320033 2.321573 2.323082 2.324558 2.326002
-9999 -9999 -9999 -9999 -9999 -9999 -9999 -9999 -9999 -9999 -9999 -9999 -9999 -9999 -9999 -9999 -9999 -9999 -9999 -9999 -9999 -9999 -9999 2.221083 2.224025 2.226936 2.229814 2.23266 2.235473 2.238255 2.241004 2.24372 2.246405 2.249057 2.251677 2.254265 2.256821 2.259344 2.261835 2.264294 2.266721 2.269115 2.271477 2.273807 2.276104 2.278369 2.280603 2.282803 2.284972 2.287108 2.289212 2.291284 2.293324 2.295331 2.297306 2.299248 2.301159 2.303037 2.304883 2.306697 2.308479 2.310228 2.311945 2.313629 2.315282 2.316902 2.31849 2.320046 2.321569 2.323061
-9999 -9999 -9999 -9999 -9999 -9999 -9999 -9999 -9999 -9999 -9999 -9999 -9999 -9999 -9999 -9999 -9999 -9999 -9999 -9999 -9999 -9999 -9999 -9999 -9999 2.221952 2.224877 2.22777 2.230631 2.23346 2.236256 2.239021 2.241752 2.244452 2.24712 2.249755 2.252358 2.254928 2.257467 2.259973 2.262447 2.264889 2.267298 2.269675 2.27202 2.274333 2.276613 2.278861 2.281077 2.283261 2.285412 2.287531 2.289618 2.291672 2.293695 2.295685 2.297643 2.299568 2.301462 2.303323 2.305152 2.306948 2.308713 2.310445 2.312145 2.313812 2.315448 2.31705 2.318621 2.32016
-9999 -9999 -9999 -9999 -9999 -9999 -9999 -9999 -9999 -9999 -9999 -9999 -9999 -9999 -9999 -9999 -9999 -9999 -9999 -9999 -9999 -9999 -9999 -9999 -9999 2.217008 2.219981 2.222922 2.22583 2.228706 2.23155 2.234361 2.237141 2.239887 2.242602 2.245285 2.247935 2.250553 2.253139 2.255692 2.258214 2.260703 2.26316 2.265584 2.267976 2.270336 2.272664 2.274959 2.277223 2.279454 2.281652 2.283819 2.285953 2.288055 2.290125 2.292162 2.294167 2.29614 2.298081 2.299989 2.301866 2.30371 2.305521 2.307301 2.309048 2.310763 2.312445 2.314096 2.315714 2.3173
-9999 -9999 -9999 -9999 -9999 -9999 -9999 -9999 -9999 -9999 -9999 -9999 -9999 -9999 -9999 -9999 -9999 -9999 -9999 -9999 -9999 -9999 -9999 -9999 -9999 -9999 2.215126 2.218114 2.221069 2.223993 2.226884 2.229743 2.232569 2.235364 2.238126 2.240856 2.243553 2.246219 2.248852 2.251453 2.254021 2.256558 2.259062 2.261533 2.263973 2.266381 2.268756 2.271098 2.273409 2.275687 2.277933 2.280147 2.282329 2.284478 2.286595 2.28868 2.290732 2.292753 2.294741 2.296697 2.29862 2.300511 2.302371 2.304197 2.305992 2.307754 2.309484 2.311182 2.312847 2.314481
-9999 -9999 -9999 -9999 -9999 -9999 -9999 -9999 -9999 -9999 -9999 -9999 -9999 -9999 -9999 -9999 -9999 -9999 -9999 -9999 -9999 -9999 -9999 -9999 -9999 -9999 -9999 2.213346 2.216349 -9999 -9999 2.225165 2.228039 2.23088 2.23369 2.236467 2.239212 2.241925 2.244605 2.247254 2.24987 2.252453 2.255005 2.257524 2.260011 2.262465 2.264888 2.267278 2.269636 2.271962 2.274255 2.276516 2.278745 2.280942 2.283106 2.285239 2.287338 2.289406 2.291441 2.293444 2.295415 2.297354 2.29926 2.301135 2.302976 2.304786 2.306563 2.308308 2.310021 2.311702
-9999 -9999 -9999 -9999 -9999 -9999 -9999 -9999 -9999 -9999 -9999 -9999 -9999 -9999 -9999 -9999 -9999 -9999 -9999 -9999 -9999 -9999 -9999 -9999 -9999 -9999 -9999 2.20862 2.21167 -9999 -9999 -9999 2.223549 2.226438 2.229295 2.232119 2.234912 2.237672 2.2404 2.243095 2.245759 2.248389 2.250988 2.253555 2.256089 2.258591 2.261061 2.263499 2.265904 2.268277 2.270617 2.272926 2.275202 2.277446 2.279658 2.281837 2.283985 2.2861 2.288182 2.290233 2.292251 2.294237 2.296191 2.298112 2.300002 2.301859 2.303683 2.305476 2.307236 2.308964
-9999 -9999 -9999 -9999 -9999 -9999 -9999 -9999 -9999 -9999 -9999 -9999 -9999 -9999 -9999 -9999 -9999 -9999 -9999 -9999 -9999 -9999 -9999 -9999 -9999 -9999 -9999 -9999 -9999 -9999 -9999 -9999 2.2191 2.222036 2.22494 2.227812 2.230652 2.233459 2.236234 2.238977 2.241688 2.244366 2.247013 2.249626 2.252208 2.254757 2.257275 2.259759 2.262212 2.264632 2.26702 2.269377 2.2717 2.273991 2.27625 2.278477 2.280672 2.282834 2.284964 2.287062 2.289128 2.291161 2.293162 2.295131 2.297068 2.298972 2.300844 2.302684 2.304491 2.306267
-9999 -9999 -9999 -9999 -9999 -9999 -9999 -9999 -9999 -9999 -9999 -9999 -9999 -9999 -9999 -9999 -9999 -9999 -9999 -9999 -9999 -9999 -9999 -9999 -9999 -9999 -9999 -9999 -9999 -9999 -9999 -9999 -9999 2.217675 2.220626 2.223546 2.226433 2.229287 2.23211 2.2349 2.237658 2.240384 2.243078 2.245739 2.248368 2.250964 2.253529 2.256061 2.258561 2.261029 2.263464 2.265867 2.268238 2.270577 2.272884 2.275158 2.2774 2.279609 2.281787 2.283932 2.286045 2.288126 2.290174 2.29219 2.294174 2.296126 2.298045 2.299932 2.301787 2.30361
-9999 -9999 -9999 -9999 -9999 -9999 -9999 -9999 -9999 -9999 -9999 -9999 -9999 -9999 -9999 -9999 -9999 -9999 -9999 -9999 -9999 -9999 -9999 -9999 -9999 -9999 -9999 -9999 -9999 -9999 -9999 -9999 -9999 2.213354 2.216353 2.21932 2.222254 2.225156 2.228026 2.230864 2.233669 2.236442 2.239183 2.241892 2.244568 2.247212 2.249824 2.252403 2.254951 2.257466 2.259949 2.262399 2.264817 2.267204 2.269557 2.271879 2.274168 2.276425 2.27865 2.280843 2.283003 2.285131 2.287227 2.28929 2.291322 2.29332 2.295287 2.297222 2.299124 2.300994
-9999 -9999 -9999 -9999 -9999 -9999 -9999 -9999 -9999 -9999 -9999 -9999 -9999 -9999 -9999 -9999 -9999 -9999 -9999 -9999 -9999 -9999 -9999 -9999 -9999 -9999 -9999 -9999 -9999 -9999 -9999 -9999 -9999 -9999 2.212121 2.215135 2.218117 2.221066 2.223983 2.226868 2.229721 2.232541 2.235329 2.238085 2.240809 2.2435 2.24616 2.248786 2.251381 2.253944 2.256474 2.258972 2.261437 2.263871 2.266272 2.268641 2.270977 2.273282 2.275554 2.277794 2.280001 2.282177 2.28432 2.286431 2.288509 2.290556 2.29257 2.294552 2.296501 2.298419
-9999 -9999 -9999 -9999 -9999 -9999 -9999 -9999 -9999 -9999 -9999 -9999 -9999 -9999 -9999 -9999 -9999 -9999 -9999 -9999 -9999 -9999 -9999 -9999 -9999 -9999 -9999 -9999 -9999 -9999 -9999 -9999 -9999 -9999 -9999 2.21099 2.214019 2.217016 2.219981 2.222913 2.225813 2.228681 2.231516 2.234319 2.237091 2.239829 2.242536 2.24521 2.247852 2.250462 2.253039 2.255585 2.258098 2.260578 2.263027 2.265443 2.267827 2.270179 2.272498 2.274786 2.27704 2.279263 2.281454 2.283612 2.285738 2.287832 2.289893 2.291922 2.293919 2.295884
-9999 -9999 -9999 -9999 -9999 -9999 -9999 -9999 -9999 -9999 -9999 -9999 -9999 -9999 -9999 -9999 -9999 -9999 -9999 -9999 -9999 -9999 -9999 -9999 -9999 -9999 -9999 -9999 -9999 -9999 -9999 -9999 -9999 -9999 -9999 -9999 -9999 2.213007 2.216019 2.218998 2.221946 2.224861 2.227744 2.230594 2.233413 2.236199 2.238953 2.241674 2.244364 2.247021 2.249646 2.252239 2.254799 2.257327 2.259823 2.262286 2.264718 2.267117 2.269484 2.271818 2.27412 2.276391 2.278628 2.280834 2.283007 2.285148 2.287257 2.289334 2.291378 2.29339
-9999 -9999 -9999 -9999 -9999 -9999 -9999 -9999 -9999 -9999 -9999 -9999 -9999 -9999 -9999 -9999 -9999 -9999 -9999 -9999 -9999 -9999 -9999 -9999 -9999 -9999 -9999 -9999 -9999 -9999 -9999 -9999 -9999 -9999 -9999 -9999 -9999 -9999 2.212098 2.215125 2.218119 2.221082 2.224012 2.22691 2.229776 2.232609 2.235411 2.238179 2.240916 2.243621 2.246293 2.248933 2.25154 2.254116 2.256659 2.25917 2.261649 2.264095 2.266509 2.268891 2.271241 2.273558 2.275844 2.278096 2.280317 2.282506 2.284662 2.286786 2.288877 2.290937
-9999 -9999 -9999 -9999 -9999 -9999 -9999 -9999 -9999 -9999 -9999 -9999 -9999 -9999 -9999 -9999 -9999 -9999 -9999 -9999 -9999 -9999 -9999 -9999 -9999 -9999 -9999 -9999 -9999 -9999 -9999 -9999 -9999 -9999 -9999 -9999 -9999 -9999 2.208217 2.211292 2.214334 2.217344 2.220321 2.223266 2.22618 2.22906 2.231909 2.234725 2.237509 2.240261 2.242981 2.245668 2.248323 2.250946 2.253536 2.256095 2.258621 2.261114 2.263576 2.266005 2.268402 2.270767 2.273099 2.2754 2.277668 2.279903 2.282107 2.284278 2.286417 2.288524
-9999 -9999 -9999 -9999 -9999 -9999 -9999 -9999 -9999 -9999 -9999 -9999 -9999 -9999 -9999 -9999 -9999 -9999 -9999 -9999 -9999 -9999 -9999 -9999 -9999 -9999 -9999 -9999 -9999 -9999 -9999 -9999 -9999 -9999 -9999 -9999 -9999 -9999 -9999 2.207499 2.210589 2.213646 2.216671 2.219663 2.222624 2.225552 2.228448 2.231312 2.234143 2.236942 2.239709 2.242444 2.245146 2.247816 2.250454 2.25306 2.255633 2.258174 2.260683 2.26316 2.265604 2.268016 2.270396 2.272744 2.275059 2.277342 2.279593 2.281811 2.283998 2.286152
-9999 -9999 -9999 -9999 -9999 -9999 -9999 -9999 -9999 -9999 -9999 -9999 -9999 -9999 -9999 -9999 -9999 -9999 -9999 -9999 -9999 -9999 -9999 -9999 -9999 -9999 -9999 -9999 -9999 -9999 -9999 -9999 -9999 -9999 -9999 -9999 -9999 -9999 2.200578 2.203747 2.206884 2.209989 2.213061 2.216101 2.219109 2.222084 2.225028 2.227939 2.230817 2.233664 2.236478 2.23926 2.24201 2.244727 2.247413 2.250066 2.252686 2.255275 2.257831 2.260355 2.262847 2.265306 2.267733 2.270128 2.272491 2.274822 2.27712 2.279386 2.281619 2.283821
-9999 -9999 -9999 -9999 -9999 -9999 -9999 -9999 -9999 -9999 -9999 -9999 -9999 -9999 -9999 -9999 -9999 -9999 -9999 -9999 -9999 -9999 -9999 -9999 -9999 -9999 -9999 -9999 -9999 -9999 -9999 -9999 -9999 -9999 -9999 -9999 2.19029 2.193571 2.19682 2.200036 2.20322 2.206372 2.209492 2.212579 2.215634 2.218657 2.221648 2.224606 2.227532 2.230426 2.233288 2.236117 2.238914 2.241679 2.244412 2.247112 2.24978 2.252416 2.255019 2.257591 2.26013 2.262637 2.265111 2.267554 2.269964 2.272341 2.274687 2.277 2.279281 2.28153
-9999 -9999 -9999 -9999 -9999 -9999 -9999 -9999 -9999 -9999 -9999 -9999 -9999 -9999 -9999 -9999 -9999 -9999 -9999 -9999 -9999 -9999 -9999 -9999 -9999 -9999 -9999 -9999 -9999 -9999 -9999 -9999 -9999 -9999 -9999 -9999 2.186478 2.189806 2.193102 2.196366 2.199597 2.202796 2.205964 2.209098 2.212201 2.215271 2.218309 2.221315 2.224288 2.227229 2.230138 2.233015 2.235859 2.238672 2.241452 2.244199 2.246915 2.249598 2.252249 2.254867 2.257454 2.260008 2.26253 2.265019 2.267477 2.269902 2.272295 2.274656 2.276984 2.27928
-9999 -9999 -9999 -9999 -9999 -9999 -9999 -9999 -9999 -9999 -9999 -9999 -9999 -9999 -9999 -9999 -9999 -9999 -9999 -9999 -9999 -9999 -9999 -9999 -9999 -9999 -9999 -9999 -9999 -9999 -9999 -9999 -9999 -9999 -9999 -9999 2.182706 2.186082 2.189425 2.192736 2.196015 2.199261 2.202476 2.205658 2.208808 2.211925 2.215011 2.218064 2.221084 2.224073 2.227029 2.229953 2.232845 2.235705 2.238532 2.241327 2.24409 2.24682 2.249518 2.252185 2.254818 2.25742 2.259989 2.262526 2.265031 2.267503 2.269943 2.272352 2.274727 2.277071
-9999 -9999 -9999 -9999 -9999 -9999 -9999 -9999 -9999 -9999 -9999 -9999 -9999 -9999 -9999 -9999 -9999 -9999 -9999 -9999 -9999 -9999 -9999 -9999 -9999 -9999 -9999 -9999 -9999 -9999 -9999 -9999 -9999 -9999 -9999 -9999 2.178975 2.182398 2.185789 2.189147 2.192473 2.195767 2.199029 2.202258 2.205455 2.20862 2.211753 2.214853 2.217921 2.220957 2.223961 2.226932 2.229872 2.232778 2.235653 2.238495 2.241306 2.244083 2.246829 2.249542 2.252223 2.254872 2.257489 2.260073 2.262625 2.265145 2.267633 2.270088 2.272511 2.274902
-9999 -9999 -9999 -9999 -9999 -9999 -9999 -9999 -9999 -9999 -9999 -9999 -9999 -9999 -9999 -9999 -9999 -9999 -9999 -9999 -9999 -9999 -9999 -9999 -9999 -9999 -9999 -9999 -9999 -9999 -9999 -9999 -9999 -9999 -9999 -9999 2.175284 2.178755 2.182193 2.185599 2.188972 2.192313 2.195622 2.198899 2.202144 2.205356 2.208536 2.211684 2.214799 2.217882 2.220933 2.223952 2.226939 2.229893 2.232815 2.235705 2.238562 2.241387 2.24418 2.246941 2.249669 2.252366 2.255029 2.257661 2.260261 2.262828 2.265363 2.267865 2.270336 2.272774
