SEB_model/sample_data_files/contemp/SnowProbe_data/winter_snow_1011.txt
ncols         313
nrows         278
xllcorner     388961.19995117
yllcorner     7584381.3441773
cellsize      5
NODATA_value  -9999
[rows 217 to 247 of 278, columns 0 to 69 of 313]
-9999 3.008558 2.992582 2.976929 2.961599 2.946592 2.931909 2.917548 2.903511 2.889796 2.876405 2.863337 2.850592 2.838171 2.826072 2.814297 2.802844 2.791715 2.780909 2.770426 2.760267 2.75043 2.740916 2.731726 2.722859 2.714315 2.706094 2.698196 2.690621 2.68337 2.676441 2.669836 2.663554 2.657595 2.651959 2.646646 2.641657 2.63699 2.632647 2.628627 2.62493 2.621556 2.618505 2.615777 2.613373 2.611292 2.609533 2.608098 2.606986 2.606198 2.605732 2.605589 2.60577 2.606274 2.6071 2.60825 2.609724 2.61152 2.613639 2.616082 2.618848 2.621937 2.625348 2.629083 2.633142 2.637523 2.642228 2.647255 2.652606 2.65828
2.994445 2.98655 2.970866 2.955506 2.940469 2.925756 2.911365 2.897297 2.883553 2.870131 2.857033 2.844258 2.831806 2.819677 2.807872 2.796389 2.78523 2.774394 2.76388 2.75369 2.743824 2.73428 2.725059 2.716162 2.707587 2.699336 2.691408 2.683804 2.676522 2.669563 2.662928 2.656615 2.650626 2.64496 2.639617 2.634597 2.629901 2.625527 2.621477 2.617749 2.614345 2.611264 2.608507 2.606072 2.60396 2.602172 2.600707 2.599565 2.598746 2.59825 2.598077 2.598227 2.598701 2.599497 2.600617 2.60206 2.603826 2.605916 2.608328 2.611063 2.614122 2.617504 2.621208 2.625237 2.629588 2.634262 2.63926 2.64458 2.650224 2.656191
2.972496 2.964747 2.949356 2.934289 2.919545 2.905124 2.891026 2.877251 2.8638 2.850672 2.837866 2.825384 2.813225 2.801389 2.789876 2.778687 2.767821 2.757277 2.747057 2.73716 2.727586 2.718335 2.709408 2.700803 2.692522 2.684564 2.676929 2.669616 2.662628 2.655962 2.64962 2.6436 2.637904 2.632531 2.627481 2.622754 2.61835 2.614269 2.610512 2.607078 2.603966 2.601178 2.598714 2.596572 2.594753 2.593258 2.592085 2.591236 2.59071 2.590507 2.590627 2.591071 2.591837 2.592927 2.594339 2.596075 2.598134 2.600516 2.603222 2.60625 2.609601 2.613276 2.617274 2.621595 2.626239 2.631206 2.636497 2.64211 2.648047 2.654307
2.950752 2.943149 2.928051 2.913277 2.898826 2.884698 2.870893 2.857411 2.844253 2.831417 2.818905 2.806716 2.79485 2.783307 2.772087 2.76119 2.750617 2.740366 2.730439 2.720835 2.711554 2.702596 2.693962 2.68565 2.677661 2.669996 2.662654 2.655635 2.648939 2.642566 2.636517 2.63079 2.625387 2.620307 2.61555 2.611116 2.607005 2.603217 2.599753 2.596611 2.593793 2.591298 2.589126 2.587277 2.585752 2.584549 2.583669 2.583113 2.58288 2.58297 2.583383 2.584119 2.585179 2.586561 2.588267 2.590296 2.592648 2.595323 2.598321 2.601642 2.605287 2.609254 2.613545 2.618159 2.623096 2.628356 2.63394 2.639846 2.646075 2.652628
2.929213 2.921757 2.906952 2.892471 2.878313 2.864478 2.850966 2.837777 2.824911 2.812369 2.800149 2.788253 2.77668 2.76543 2.754503 2.743899 2.733618 2.723661 2.714027 2.704715 2.695728 2.687063 2.678721 2.670702 2.663007 2.655634 2.648585 2.641859 2.635456 2.629376 2.62362 2.618186 2.613075 2.608288 2.603824 2.599683 2.595865 2.592371 2.589199 2.58635 2.583825 2.581623 2.579744 2.578188 2.576955 2.576046 2.575459 2.575196 2.575256 2.575639 2.576344 2.577374 2.578726 2.580401 2.5824 2.584722 2.587367 2.590335 2.593626 2.59724 2.601177 2.605438 2.610022 2.614928 2.620158 2.625711 2.631588 2.637787 2.64431 2.651155
-9999 2.90057 2.886058 2.87187 2.858005 2.844462 2.831244 2.818348 2.805775 2.793525 2.781599 2.769995 2.758715 2.747758 2.737124 2.726813 2.716826 2.707161 2.69782 2.688802 2.680106 2.671735 2.663686 2.65596 2.648557 2.641478 2.634722 2.628289 2.622178 2.616391 2.610928 2.605787 2.60097 2.596475 2.592304 2.588456 2.584931 2.581729 2.578851 2.576295 2.574063 2.572153 2.570567 2.569304 2.568365 2.567748 2.567454 2.567484 2.567837 2.568512 2.569511 2.570833 2.572479 2.574447 2.576739 2.579353 2.582291 2.585552 2.589136 2.593043 2.597274 2.601827 2.606704 2.611903 2.617426 2.623272 2.629441 2.635934 2.642749 2.649888
-9999 2.879589 2.86537 2.851475 2.837902 2.824653 2.811727 2.799124 2.786844 2.774887 2.763254 2.751943 2.740956 2.730292 2.719951 2.709933 2.700238 2.690867 2.681818 2.673093 2.664691 2.656612 2.648856 2.641423 2.634313 2.627527 2.621063 2.614923 2.609106 2.603612 2.598441 2.593594 2.589069 2.584868 2.580989 2.577434 2.574202 2.571293 2.568708 2.566445 2.564506 2.562889 2.561596 2.560626 2.559979 2.559655 2.559655 2.559977 2.560623 2.561592 2.562884 2.564499 2.566437 2.568698 2.571283 2.57419 2.577421 2.580975 2.584852 2.589052 2.593575 2.598422 2.603591 2.609084 2.614899 2.621038 2.627501 2.634286 2.641394 2.648826
-9999 -9999 2.844887 2.831285 2.818005 2.805049 2.792416 2.780106 2.768119 2.756455 2.745114 2.734097 2.723403 2.713031 2.702983 2.693258 2.683856 2.674778 2.666022 2.65759 2.649481 2.641695 2.634232 2.627092 2.620275 2.613781 2.607611 2.601764 2.59624 2.591038 2.586161 2.581606 2.577374 2.573466 2.56988 2.566618 2.563679 2.561063 2.55877 2.556801 2.555154 2.553831 2.55283 2.552153 2.551799 2.551769 2.552061 2.552676 2.553615 2.554877 2.556461 2.558369 2.5606 2.563155 2.566032 2.569232 2.572756 2.576603 2.580773 2.585266 2.590082 2.595222 2.600684 2.606469 2.612578 2.61901 2.625765 2.632843 2.640244 2.647969
-9999 -9999 -9999 2.8113 2.798314 2.78565 2.77331 2.761293 2.749599 2.738228 2.72718 2.716456 2.706054 2.695976 2.686221 2.676789 2.66768 2.658894 2.650432 2.642292 2.634476 2.626983 2.619813 2.612966 2.606442 2.600241 2.594364 2.588809 2.583578 2.57867 2.574085 2.569823 2.565885 2.562269 2.558977 2.556007 2.553361 2.551038 2.549038 2.547362 2.546008 2.544977 2.54427 2.543886 2.543825 2.544087 2.544672 2.545581 2.546812 2.548367 2.550245 2.552445 2.554969 2.557817 2.560987 2.56448 2.568297 2.572437 2.5769 2.581686 2.586795 2.592227 2.597982 2.604061 2.610462 2.617187 2.624235 2.631606 2.639301 2.647318
-9999 -9999 -9999 -9999 2.778827 2.766457 2.75441 2.742686 2.731284 2.720206 2.709452 2.69902 2.688912 2.679126 2.669664 2.660525 2.651709 2.643216 2.635047 2.6272 2.619677 2.612476 2.605599 2.599045 2.592814 2.586907 2.581322 2.576061 2.571122 2.566507 2.562215 2.558246 2.5546 2.551278 2.548278 2.545602 2.543249 2.541219 2.539512 2.538128 2.537067 2.53633 2.535915 2.535824 2.536056 2.536611 2.537489 2.53869 2.540215 2.542062 2.544233 2.546727 2.549544 2.552684 2.556147 2.559934 2.564043 2.568476 2.573231 2.57831 2.583713 2.589438 2.595486 2.601857 2.608552 2.61557 2.622911 2.630575 2.638562 2.646872
-9999 -9999 -9999 -9999 -9999 2.747469 2.735715 2.724284 2.713176 2.70239 2.691929 2.68179 2.671974 2.662482 2.653313 2.644467 2.635944 2.627744 2.619867 2.612313 2.605083 2.598176 2.591591 2.58533 2.579392 2.573778 2.568486 2.563517 2.558872 2.55455 2.550551 2.546875 2.543522 2.540492 2.537786 2.535402 2.533342 2.531605 2.530191 2.5291 2.528332 2.527888 2.527766 2.527968 2.528492 2.529341 2.530512 2.532006 2.533823 2.535964 2.538427 2.541214 2.544324 2.547757 2.551513 2.555592 2.559995 2.56472 2.569769 2.575141 2.580836 2.586854 2.593195 2.59986 2.606847 2.614158 2.621792 2.629749 2.638029 2.646632
-9999 -9999 -9999 -9999 -9999 2.728687 2.717226 2.706087 2.695272 2.68478 2.674611 2.664765 2.655243 2.646043 2.637167 2.628614 2.620384 2.612477 2.604893 2.597632 2.590694 2.58408 2.577789 2.571821 2.566176 2.560854 2.555855 2.55118 2.546827 2.542798 2.539092 2.535709 2.532649 2.529912 2.527498 2.525408 2.52364 2.522196 2.521075 2.520277 2.519802 2.519651 2.519822 2.520317 2.521134 2.522275 2.523739 2.525527 2.527637 2.53007 2.532827 2.535906 2.539309 2.543035 2.547084 2.551456 2.556152 2.56117 2.566512 2.572177 2.578165 2.584476 2.59111 2.598067 2.605348 2.612951 2.620878 2.629128 2.637701 2.646597
-9999 -9999 -9999 -9999 -9999 2.71011 2.698942 2.688096 2.677574 2.667375 2.657499 2.647946 2.638716 2.62981 2.621226 2.612966 2.605029 2.597415 2.590124 2.583156 2.576512 2.57019 2.564192 2.558517 2.553164 2.548136 2.54343 2.539047 2.534988 2.531251 2.527838 2.524748 2.521981 2.519537 2.517416 2.515619 2.514144 2.512993 2.512165 2.51166 2.511478 2.511619 2.512084 2.512871 2.513982 2.515416 2.517173 2.519253 2.521656 2.524382 2.527432 2.530804 2.5345 2.538519 2.542861 2.547526 2.552515 2.557826 2.56346 2.569418 2.575699 2.582303 2.58923 2.59648 2.604054 2.61195 2.62017 2.628713 2.637579 2.646768
-9999 -9999 -9999 -9999 -9999 2.691739 2.680863 2.670311 2.660081 2.650175 2.640592 2.631332 2.622396 2.613782 2.605491 2.597524 2.58988 2.582559 2.575561 2.568886 2.562534 2.556506 2.5508 2.545418 2.540359 2.535623 2.53121 2.52712 2.523354 -9999 -9999 -9999 -9999 -9999 2.50754 2.506035 2.504854 2.503995 2.50346 2.503248 2.503359 2.503793 2.504551 2.505631 2.507035 2.508761 2.510811 2.513184 2.515881 2.5189 2.522242 2.525908 2.529896 2.534208 2.538843 2.543801 2.549083 2.554687 2.560614 2.566865 2.573439 2.580336 2.587556 2.595099 2.602965 2.611155 2.619667 2.628503 2.637662 2.647144
-9999 -9999 -9999 -9999 -9999 -9999 2.66299 2.652731 2.642794 2.633181 2.623891 2.614924 2.60628 2.597959 2.589962 2.582287 2.574936 2.567908 2.561203 2.554821 2.548762 2.543027 2.537614 2.532525 -9999 -9999 -9999 -9999 -9999 -9999 -9999 -9999 -9999 -9999 -9999 -9999 -9999 2.495203 2.494961 2.495042 2.495446 2.496173 2.497223 2.498597 2.500293 2.502313 2.504656 2.507322 2.510311 2.513623 2.517258 2.521217 2.525498 2.530103 2.535031 2.540282 2.545856 2.551753 2.557974 2.564517 2.571384 2.578574 2.586087 2.593923 2.602082 2.610565 2.61937 2.628499 2.637951 2.647726
-9999 -9999 -9999 -9999 -9999 -9999 2.645323 2.635356 2.625713 2.616392 2.607395 2.598721 2.59037 2.582342 2.574638 2.567256 2.560198 2.553463 2.54705 2.540962 2.535196 -9999 -9999 -9999 -9999 -9999 -9999 -9999 -9999 -9999 -9999 -9999 -9999 -9999 -9999 -9999 -9999 -9999 -9999 -9999 -9999 2.488758 2.490101 2.491767 2.493757 2.496069 2.498705 2.501664 2.504946 2.508551 2.51248 2.516731 2.521305 2.526203 2.531424 2.536968 2.542835 2.549025 2.555538 2.562375 2.569535 2.577018 2.584823 2.592952 2.601405 2.61018 2.619278 2.6287 2.638445 2.648513
-9999 -9999 -9999 -9999 -9999 -9999 -9999 2.618187 2.608836 2.599809 2.591105 2.582724 2.574666 2.566931 2.559519 2.55243 2.545665 2.539223 2.533104 -9999 -9999 -9999 -9999 -9999 -9999 -9999 -9999 -9999 -9999 -9999 -9999 -9999 -9999 -9999 -9999 -9999 -9999 -9999 -9999 -9999 -9999 2.481549 2.483185 2.485144 2.487426 2.490032 2.49296 2.496212 2.499787 2.503685 2.507906 2.512451 2.517318 2.522509 2.528023 2.533859 2.54002 2.546503 2.553309 2.560438 2.567891 2.575666 2.583765 2.592187 2.600932 2.610001 2.619392 2.629107 2.639144 2.649505
-9999 -9999 -9999 -9999 -9999 -9999 -9999 -9999 -9999 -9999 -9999 -9999 -9999 2.551725 2.544606 2.53781 2.531338 -9999 -9999 -9999 -9999 -9999 -9999 -9999 -9999 -9999 -9999 -9999 -9999 -9999 -9999 -9999 -9999 -9999 -9999 -9999 -9999 -9999 -9999 -9999 -9999 2.474544 2.476473 2.478726 2.481301 2.484199 2.487421 2.490966 2.494833 2.499024 2.503539 2.508376 2.513536 2.51902 2.524827 2.530956 2.537409 2.544185 2.551285 2.558707 2.566453 2.574521 2.582913 2.591628 2.600666 2.610027 2.619711 2.629719 2.640049 2.650703
-9999 -9999 -9999 -9999 -9999 -9999 -9999 -9999 -9999 -9999 -9999 -9999 -9999 -9999 -9999 -9999 -9999 -9999 -9999 -9999 -9999 -9999 -9999 -9999 -9999 -9999 -9999 -9999 -9999 -9999 -9999 -9999 -9999 -9999 -9999 -9999 -9999 -9999 -9999 -9999 -9999 -9999 -9999 -9999 2.475381 2.478572 2.482087 2.485924 2.490085 2.494569 2.499376 2.504507 2.50996 2.515736 2.521836 2.528259 2.535005 2.542073 2.549466 2.557181 2.565219 2.573581 2.582266 2.591274 2.600605 2.610259 2.620236 2.630536 2.64116 2.652106
-9999 -9999 -9999 -9999 -9999 -9999 -9999 -9999 -9999 -9999 -9999 -9999 -9999 -9999 -9999 -9999 -9999 -9999 -9999 -9999 -9999 -9999 -9999 -9999 -9999 -9999 -9999 -9999 -9999 -9999 -9999 -9999 -9999 -9999 -9999 -9999 -9999 -9999 -9999 -9999 -9999 -9999 -9999 -9999 -9999 2.473151 2.476959 2.481089 2.485543 2.490319 2.49542 2.500843 2.506589 2.512658 2.519051 2.525767 2.532805 2.540167 2.547852 2.555861 2.564192 2.572846 2.581824 2.591125 2.600749 2.610696 2.620966 2.631559 2.642476 2.653715
-9999 -9999 -9999 -9999 -9999 -9999 -9999 -9999 -9999 -9999 -9999 -9999 -9999 -9999 -9999 -9999 -9999 -9999 -9999 -9999 -9999 -9999 -9999 -9999 -9999 -9999 -9999 -9999 -9999 -9999 -9999 -9999 -9999 -9999 -9999 -9999 -9999 -9999 -9999 -9999 -9999 -9999 -9999 -9999 -9999 2.467935 2.472035 2.476459 2.481205 2.486275 2.491668 2.497384 2.503423 2.509786 2.516471 2.52348 2.530812 2.538466 2.546444 2.554746 2.56337 2.572317 2.581588 2.591182 2.601098 2.611338 2.621902 2.632788 2.643997 2.655529
-9999 -9999 -9999 -9999 -9999 -9999 -9999 -9999 -9999 -9999 -9999 -9999 -9999 -9999 -9999 -9999 -9999 -9999 -9999 -9999 -9999 -9999 -9999 -9999 -9999 -9999 -9999 -9999 -9999 -9999 -9999 -9999 -9999 -9999 -9999 -9999 -9999 -9999 -9999 -9999 -9999 -9999 -9999 -9999 -9999 -9999 2.467318 2.472034 2.477074 2.482436 2.488122 2.494131 2.500463 2.507119 2.514097 2.521399 2.529023 2.536971 2.545242 2.553836 2.562753 2.571994 2.581557 2.591444 2.601654 2.612186 2.623042 2.634222 2.645724 2.657549
-9999 -9999 -9999 -9999 -9999 -9999 -9999 -9999 -9999 -9999 -9999 -9999 -9999 -9999 -9999 -9999 -9999 -9999 -9999 -9999 -9999 -9999 -9999 -9999 -9999 -9999 -9999 -9999 -9999 -9999 -9999 -9999 -9999 -9999 -9999 -9999 -9999 -9999 -9999 -9999 -9999 -9999 -9999 -9999 -9999 -9999 -9999 -9999 -9999 -9999 -9999 2.491084 2.497709 2.504657 2.511928 2.519523 2.52744 2.535681 2.544245 2.553132 2.562342 2.571875 2.581732 2.591912 2.602414 2.61324 2.624389 2.635861 2.647656 2.659775
-9999 -9999 -9999 -9999 -9999 -9999 -9999 -9999 -9999 -9999 -9999 -9999 -9999 -9999 -9999 -9999 -9999 -9999 -9999 -9999 -9999 -9999 -9999 -9999 -9999 -9999 -9999 -9999 -9999 -9999 -9999 -9999 -9999 -9999 -9999 -9999 -9999 -9999 -9999 -9999 -9999 -9999 -9999 -9999 -9999 -9999 -9999 -9999 -9999 -9999 -9999 2.488242 2.49516 2.502401 2.509965 2.517853 2.526063 2.534597 2.543453 2.552634 2.562136 2.571963 2.582112 2.592585 2.60338 2.614499 2.625941 2.637706 2.649794 2.662205
-9999 -9999 -9999 -9999 -9999 -9999 -9999 -9999 -9999 -9999 -9999 -9999 -9999 -9999 -9999 -9999 -9999 -9999 -9999 -9999 -9999 -9999 -9999 -9999 -9999 -9999 -9999 -9999 -9999 -9999 -9999 -9999 -9999 -9999 -9999 -9999 -9999 -9999 -9999 -9999 -9999 -9999 -9999 -9999 -9999 -9999 -9999 -9999 -9999 -9999 -9999 -9999 2.492816 2.50035 2.508207 2.516388 2.524891 2.533718 2.542867 2.55234 2.562136 2.572255 2.582698 2.593463 2.604552 2.615963 2.627698 2.639756 2.652137 2.664841
-9999 -9999 -9999 -9999 -9999 -9999 -9999 -9999 -9999 -9999 -9999 -9999 -9999 -9999 -9999 -9999 -9999 -9999 -9999 -9999 -9999 -9999 -9999 -9999 -9999 -9999 -9999 -9999 -9999 -9999 -9999 -9999 -9999 -9999 -9999 -9999 -9999 -9999 -9999 -9999 -9999 -9999 -9999 -9999 -9999 -9999 -9999 -9999 -9999 -9999 -9999 -9999 -9999 2.498505 2.506655 2.515128 2.523925 2.533044 2.542487 2.552253 2.562341 2.572754 2.583489 2.594547 2.605929 2.617633 2.629661 2.642012 2.654686 2.667683
-9999 -9999 -9999 -9999 -9999 -9999 -9999 -9999 -9999 -9999 -9999 -9999 -9999 -9999 -9999 -9999 -9999 -9999 -9999 -9999 -9999 -9999 -9999 -9999 -9999 -9999 -9999 -9999 -9999 -9999 -9999 -9999 -9999 -9999 -9999 -9999 -9999 -9999 -9999 -9999 -9999 -9999 -9999 -9999 -9999 -9999 -9999 -9999 -9999 -9999 -9999 -9999 -9999 -9999 2.505308 2.514074 2.523164 2.532576 2.542312 2.55237 2.562752 2.573457 2.584485 2.595837 2.607511 2.619509 2.631829 2.644473 2.65744 2.67073
-9999 -9999 -9999 -9999 -9999 -9999 -9999 -9999 -9999 -9999 -9999 -9999 -9999 -9999 -9999 -9999 -9999 -9999 -9999 -9999 -9999 -9999 -9999 -9999 -9999 -9999 -9999 -9999 -9999 -9999 -9999 -9999 -9999 -9999 -9999 -9999 -9999 -9999 -9999 -9999 -9999 -9999 -9999 -9999 -9999 -9999 -9999 -9999 -9999 -9999 -9999 -9999 -9999 -9999 2.504167 2.513226 2.522608 2.532314 2.542342 2.552694 2.563368 2.574366 2.585687 2.597332 2.609299 2.621589 2.634203 2.64714 2.6604 2.673983
-9999 -9999 -9999 -9999 -9999 -9999 -9999 -9999 -9999 -9999 -9999 -9999 -9999 -9999 -9999 -9999 -9999 -9999 -9999 -9999 -9999 -9999 -9999 -9999 -9999 -9999 -9999 -9999 -9999 -9999 -9999 -9999 -9999 -9999 -9999 -9999 -9999 -9999 -9999 -9999 -9999 -9999 -9999 -9999 -9999 -9999 -9999 -9999 -9999 -9999 -9999 -9999 -9999 2.494202 2.503231 2.512583 2.522258 2.532256 2.542578 2.553222 2.56419 2.575481 2.587095 2.599032 2.611292 2.623876 2.636782 2.650012 2.663565 2.677441
-9999 -9999 -9999 -9999 -9999 -9999 -9999 -9999 -9999 -9999 -9999 -9999 -9999 -9999 -9999 -9999 -9999 -9999 -9999 -9999 -9999 -9999 -9999 -9999 -9999 -9999 -9999 -9999 -9999 -9999 -9999 -9999 -9999 -9999 -9999 -9999 -9999 -9999 -9999 -9999 -9999 -9999 -9999 -9999 -9999 -9999 -9999 -9999 -9999 -9999 -9999 -9999 -9999 2.493178 2.5025 2.512145 -9999 2.532405 2.543019 2.553957 2.565217 2.576801 2.588708 2.600938 2.613491 2.626367 2.639567 2.65309 2.666935 2.681104
-9999 -9999 -9999 -9999 -9999 -9999 -9999 -9999 -9999 -9999 -9999 -9999 -9999 -9999 -9999 -9999 -9999 -9999 -9999 -9999 -9999 -9999 -9999 -9999 -9999 -9999 -9999 -9999 -9999 -9999 -9999 -9999 -9999 -9999 -9999 -9999 -9999 -9999 -9999 -9999 -9999 -9999 -9999 -9999 -9999 -9999 -9999 -9999 -9999 -9999 -9999 -9999 -9999 2.49236 2.501975 2.511913 -9999 -9999 2.543666 2.554896 2.56645 2.578326 2.590526 2.603049 2.615895 2.629065 2.642557 2.656373 2.670511 2.684973
