SEB_model/sample_data_files/contemp/SnowProbe_data/winter_snow_0708.txt
ncols         313
nrows         278
xllcorner     388961.19995117
yllcorner     7584381.3441773
cellsize      5
NODATA_value  -9999
[rows 124 to 154 of 278, columns 70 to 139 of 313]
-9999 -9999 -9999 -9999 -9999 -9999 -9999 -9999 -9999 -9999 -9999 -9999 -9999 -9999 -9999 -9999 -9999 -9999 -9999 -9999 -9999 -9999 -9999 -9999 -9999 -9999 -9999 -9999 -9999 -9999 -9999 -9999 -9999 -9999 -9999 -9999 -9999 2.196902 2.196215 2.195529 2.194843 2.194157 2.193471 2.192785 2.192098 2.191412 2.190726 2.19004 2.189354 2.188668 2.187981 2.187295 2.186609 2.185923 2.185237 2.184551 2.183865 2.183178 2.182492 2.181806 2.18112 2.180434 2.179748 2.179061 2.178375 2.177689 2.177003 2.176317 2.175631 2.174945
-9999 -9999 -9999 -9999 -9999 -9999 -9999 -9999 -9999 -9999 -9999 -9999 -9999 -9999 -9999 -9999 -9999 -9999 -9999 -9999 -9999 -9999 -9999 -9999 -9999 -9999 -9999 -9999 -9999 -9999 -9999 -9999 -9999 -9999 -9999 -9999 -9999 -9999 2.192894 2.192208 2.191521 2.190835 2.190149 2.189463 2.188777 2.188091 2.187405 2.186718 2.186032 2.185346 2.18466 2.183974 2.183288 2.182601 2.181915 2.181229 2.180543 2.179857 2.179171 2.178484 2.177799 2.177112 2.176426 2.17574 2.175054 2.174368 2.173681 2.172995 2.172309 2.171623
-9999 -9999 -9999 -9999 -9999 -9999 -9999 -9999 -9999 -9999 -9999 -9999 -9999 -9999 -9999 -9999 -9999 -9999 -9999 -9999 -9999 -9999 -9999 -9999 -9999 -9999 -9999 -9999 -9999 -9999 -9999 -9999 -9999 -9999 -9999 -9999 -9999 -9999 -9999 -9999 2.1882 2.187514 2.186828 2.186141 2.185455 2.184769 2.184083 2.183397 2.182711 2.182024 2.181338 2.180652 2.179966 2.17928 2.178594 2.177908 2.177222 2.176535 2.175849 2.175163 2.174477 2.173791 2.173105 2.172418 2.171732 2.171046 2.17036 2.169674 2.168988 2.168302
-9999 -9999 -9999 -9999 -9999 -9999 -9999 -9999 -9999 -9999 -9999 -9999 -9999 -9999 -9999 -9999 -9999 -9999 -9999 -9999 -9999 -9999 -9999 -9999 -9999 -9999 -9999 -9999 -9999 -9999 -9999 -9999 -9999 -9999 -9999 -9999 -9999 -9999 -9999 -9999 2.184878 2.184192 2.183506 2.18282 2.182134 2.181448 2.180761 2.180075 2.179389 2.178703 2.178017 2.177331 2.176645 2.175958 2.175272 2.174586 2.1739 2.173214 2.172528 2.171841 2.171155 2.170469 2.169783 2.169097 2.168411 2.167725 2.167038 2.166352 2.165666 2.16498
-9999 -9999 -9999 -9999 -9999 -9999 -9999 -9999 -9999 -9999 -9999 -9999 -9999 -9999 -9999 -9999 -9999 -9999 -9999 -9999 -9999 -9999 -9999 -9999 -9999 -9999 -9999 -9999 -9999 -9999 -9999 -9999 -9999 -9999 -9999 -9999 -9999 -9999 -9999 -9999 2.181557 2.180871 2.180184 2.179498 2.178812 2.178126 2.17744 2.176754 2.176068 2.175381 2.174695 2.174009 2.173323 2.172637 2.171951 2.171264 2.170578 2.169892 2.169206 2.16852 2.167834 2.167148 2.166461 2.165775 2.165089 2.164403 2.163717 2.163031 2.162344 2.161658
-9999 -9999 -9999 -9999 -9999 -9999 -9999 -9999 -9999 -9999 -9999 -9999 -9999 -9999 -9999 -9999 -9999 -9999 -9999 -9999 -9999 -9999 -9999 -9999 -9999 -9999 -9999 -9999 -9999 -9999 -9999 -9999 -9999 -9999 -9999 -9999 -9999 -9999 -9999 -9999 2.178235 2.177549 2.176863 2.176177 2.175491 2.174804 2.174118 2.173432 2.172746 2.17206 2.171374 2.170687 2.170001 2.169315 2.168629 2.167943 2.167257 2.166571 2.165884 2.165198 2.164512 2.163826 2.16314 2.162454 2.161767 2.161081 2.160395 2.159709 2.159023 2.158337
-9999 -9999 -9999 -9999 -9999 -9999 -9999 -9999 -9999 -9999 -9999 -9999 -9999 -9999 -9999 -9999 -9999 -9999 -9999 -9999 -9999 -9999 -9999 -9999 -9999 -9999 -9999 -9999 -9999 -9999 -9999 -9999 -9999 -9999 -9999 -9999 -9999 -9999 -9999 -9999 -9999 2.174227 2.173541 2.172855 2.172169 2.171483 2.170797 2.17011 2.169424 2.168738 2.168052 2.167366 2.16668 2.165994 2.165308 2.164621 2.163935 2.163249 2.162563 2.161877 2.161191 2.160504 2.159818 2.159132 2.158446 2.15776 2.157074 2.156388 2.155701 2.155015
-9999 -9999 -9999 -9999 -9999 -9999 -9999 -9999 -9999 -9999 -9999 -9999 -9999 -9999 -9999 -9999 -9999 -9999 -9999 -9999 -9999 -9999 -9999 -9999 -9999 -9999 -9999 -9999 -9999 -9999 -9999 -9999 -9999 -9999 -9999 -9999 -9999 -9999 -9999 -9999 -9999 -9999 2.17022 2.169533 2.168847 2.168161 2.167475 2.166789 2.166103 2.165417 2.164731 2.164044 2.163358 2.162672 2.161986 2.1613 2.160614 2.159927 2.159241 2.158555 2.157869 2.157183 2.156497 2.155811 2.155124 2.154438 2.153752 2.153066 2.15238 2.151694
-9999 -9999 -9999 -9999 -9999 -9999 -9999 -9999 -9999 -9999 -9999 -9999 -9999 -9999 -9999 -9999 -9999 -9999 -9999 -9999 -9999 -9999 -9999 -9999 -9999 -9999 -9999 -9999 -9999 -9999 -9999 -9999 -9999 -9999 -9999 -9999 -9999 -9999 -9999 -9999 -9999 -9999 -9999 2.166212 2.165526 2.16484 2.164154 2.163467 2.162781 2.162095 2.161409 2.160723 2.160037 2.15935 2.158664 2.157978 2.157292 2.156606 2.15592 2.155234 2.154547 2.153861 2.153175 2.152489 2.151803 2.151117 2.15043 2.149745 2.149058 2.148372
-9999 -9999 -9999 -9999 -9999 -9999 -9999 -9999 -9999 -9999 -9999 -9999 -9999 -9999 -9999 -9999 -9999 -9999 -9999 -9999 -9999 -9999 -9999 -9999 -9999 -9999 -9999 -9999 -9999 -9999 -9999 -9999 -9999 -9999 -9999 -9999 -9999 -9999 -9999 -9999 -9999 -9999 -9999 2.16289 2.162204 2.161518 2.160832 2.160146 2.15946 2.158774 2.158087 2.157401 2.156715 2.156029 2.155343 2.154657 2.15397 2.153284 2.152598 2.151912 2.151226 2.15054 2.149854 2.149168 2.148481 2.147795 2.147109 2.146423 2.145737 2.145051
-9999 -9999 -9999 -9999 -9999 -9999 -9999 -9999 -9999 -9999 -9999 -9999 -9999 -9999 -9999 -9999 -9999 -9999 -9999 -9999 -9999 -9999 -9999 -9999 -9999 -9999 -9999 -9999 -9999 -9999 -9999 -9999 -9999 -9999 -9999 -9999 -9999 -9999 -9999 -9999 -9999 -9999 -9999 2.159569 2.158883 2.158197 2.157511 2.156824 2.156138 2.155452 2.154766 2.15408 2.153394 2.152707 2.152021 2.151335 2.150649 2.149963 2.149277 2.148591 2.147904 2.147218 2.146532 2.145846 2.14516 2.144474 2.143787 2.143101 2.142415 2.141729
-9999 -9999 -9999 -9999 -9999 -9999 -9999 -9999 -9999 -9999 -9999 -9999 -9999 -9999 -9999 -9999 -9999 -9999 -9999 -9999 -9999 -9999 -9999 -9999 -9999 -9999 -9999 -9999 -9999 -9999 -9999 -9999 -9999 -9999 -9999 -9999 -9999 -9999 -9999 -9999 -9999 -9999 -9999 2.156247 2.155561 2.154875 2.154189 2.153503 2.152817 2.15213 2.151444 2.150758 2.150072 2.149386 2.1487 2.148014 2.147327 2.146641 2.145955 2.145269 2.144583 2.143897 2.14321 2.142524 2.141838 2.141152 2.140466 2.13978 2.139094 2.138407
-9999 -9999 -9999 -9999 -9999 -9999 -9999 -9999 -9999 -9999 -9999 -9999 -9999 -9999 -9999 -9999 -9999 -9999 -9999 -9999 -9999 -9999 -9999 -9999 -9999 -9999 -9999 -9999 -9999 -9999 -9999 -9999 -9999 -9999 -9999 -9999 -9999 -9999 -9999 -9999 -9999 -9999 -9999 -9999 2.15224 2.151553 2.150867 2.150181 2.149495 2.148809 2.148123 2.147437 2.14675 2.146064 2.145378 2.144692 2.144006 2.14332 2.142633 2.141947 2.141261 2.140575 2.139889 2.139203 2.138517 2.13783 2.137144 2.136458 2.135772 2.135086
-9999 -9999 -9999 -9999 -9999 -9999 -9999 -9999 -9999 -9999 -9999 -9999 -9999 -9999 -9999 -9999 -9999 -9999 -9999 -9999 -9999 -9999 -9999 -9999 -9999 -9999 -9999 -9999 -9999 2.15921 2.158524 2.157838 2.157152 2.156466 2.15578 2.155093 2.154407 -9999 -9999 -9999 -9999 -9999 -9999 -9999 -9999 2.148232 2.147546 2.14686 2.146173 2.145487 2.144801 2.144115 2.143429 2.142743 2.142056 2.14137 2.140684 2.139998 2.139312 2.138626 2.13794 2.137254 2.136567 2.135881 2.135195 2.134509 2.133823 2.133137 2.13245 2.131764
-9999 -9999 -9999 -9999 -9999 -9999 -9999 -9999 -9999 -9999 -9999 -9999 -9999 -9999 -9999 -9999 -9999 -9999 -9999 -9999 -9999 -9999 -9999 -9999 -9999 2.158633 2.157947 2.157261 2.156575 2.155889 2.155203 2.154516 2.15383 2.153144 2.152458 2.151772 2.151086 2.150399 -9999 -9999 -9999 -9999 -9999 -9999 2.145597 2.14491 2.144224 2.143538 2.142852 2.142166 2.141479 2.140793 2.140107 2.139421 2.138735 2.138049 2.137363 2.136677 2.13599 2.135304 2.134618 2.133932 2.133246 2.13256 2.131873 2.131187 2.130501 2.129815 2.129129 2.128443
-9999 -9999 -9999 -9999 -9999 -9999 -9999 -9999 -9999 -9999 -9999 -9999 -9999 -9999 -9999 -9999 -9999 -9999 -9999 -9999 -9999 -9999 -9999 2.156684 2.155998 2.155312 2.154626 2.153939 2.153253 2.152567 2.151881 2.151195 2.150509 2.149822 2.149137 2.14845 2.147764 2.147078 2.146392 -9999 -9999 -9999 -9999 2.142961 2.142275 2.141589 2.140903 2.140217 2.13953 2.138844 2.138158 2.137472 2.136786 2.1361 2.135413 2.134727 2.134041 2.133355 2.132669 2.131983 2.131296 2.13061 2.129924 2.129238 2.128552 2.127866 2.12718 2.126493 2.125807 2.125121
-9999 -9999 -9999 -9999 -9999 -9999 -9999 -9999 -9999 -9999 -9999 -9999 -9999 -9999 -9999 -9999 -9999 -9999 -9999 -9999 -9999 2.154735 2.154049 2.153363 2.152676 2.15199 2.151304 2.150618 2.149932 2.149246 2.14856 2.147873 2.147187 2.146501 2.145815 2.145129 2.144443 2.143756 2.14307 2.142384 -9999 -9999 -9999 2.13964 2.138953 2.138267 2.137581 2.136895 2.136209 2.135523 2.134836 2.13415 2.133464 2.132778 2.132092 2.131406 2.13072 2.130033 2.129347 2.128661 2.127975 2.127289 2.126603 2.125916 2.12523 2.124544 2.123858 2.123172 2.122486 2.121799
-9999 -9999 -9999 -9999 -9999 -9999 -9999 -9999 -9999 -9999 -9999 -9999 -9999 -9999 -9999 -9999 -9999 -9999 -9999 2.152786 2.152099 2.151413 2.150727 2.150041 2.149355 2.148669 2.147983 2.147296 2.14661 2.145924 2.145238 2.144552 2.143866 2.143179 2.142493 2.141807 2.141121 2.140435 2.139749 2.139063 2.138376 2.13769 2.137004 2.136318 2.135632 2.134946 2.134259 2.133573 2.132887 2.132201 2.131515 2.130829 2.130143 2.129457 2.12877 2.128084 2.127398 2.126712 2.126026 2.12534 2.124653 2.123967 2.123281 2.122595 2.121909 2.121223 2.120537 2.11985 2.119164 2.118478
-9999 -9999 -9999 -9999 -9999 -9999 -9999 -9999 -9999 -9999 -9999 -9999 -9999 -9999 -9999 -9999 -9999 -9999 2.15015 2.149464 2.148778 2.148092 2.147406 2.146719 2.146033 2.145347 2.144661 2.143975 2.143289 2.142602 2.141916 2.14123 2.140544 2.139858 2.139172 2.138486 2.1378 2.137113 2.136427 2.135741 2.135055 2.134369 2.133682 2.132996 2.13231 2.131624 2.130938 2.130252 2.129566 2.12888 2.128193 2.127507 2.126821 2.126135 2.125449 2.124763 2.124076 2.12339 2.122704 2.122018 2.121332 2.120646 2.11996 2.119273 2.118587 2.117901 2.117215 2.116529 2.115843 2.115156
-9999 -9999 -9999 -9999 -9999 -9999 -9999 -9999 -9999 -9999 -9999 -9999 -9999 -9999 -9999 -9999 -9999 2.147515 2.146829 2.146142 2.145456 2.14477 2.144084 2.143398 2.142712 2.142025 2.141339 2.140653 2.139967 2.139281 2.138595 2.137909 2.137223 2.136536 2.13585 2.135164 2.134478 2.133792 2.133106 2.132419 2.131733 2.131047 2.130361 2.129675 2.128989 2.128303 2.127616 2.12693 2.126244 2.125558 2.124872 2.124186 2.123499 2.122813 2.122127 2.121441 2.120755 2.120069 2.119383 2.118696 2.11801 2.117324 2.116638 2.115952 2.115266 2.114579 2.113893 2.113207 2.112521 2.111835
-9999 -9999 -9999 -9999 -9999 -9999 -9999 -9999 -9999 2.149682 2.148996 2.14831 2.147624 2.146938 2.146252 2.145566 2.144879 2.144193 2.143507 2.142821 2.142135 2.141448 2.140762 2.140076 2.13939 2.138704 2.138018 2.137332 2.136646 2.135959 2.135273 2.134587 2.133901 2.133215 2.132529 2.131842 2.131156 2.13047 2.129784 2.129098 2.128412 2.127726 2.127039 2.126353 2.125667 2.124981 2.124295 2.123609 2.122922 2.122236 2.12155 2.120864 2.120178 2.119492 2.118806 2.118119 2.117433 2.116747 2.116061 2.115375 2.114689 2.114002 2.113316 2.11263 2.111944 2.111258 2.110572 2.109886 2.1092 2.108513
-9999 -9999 -9999 -9999 -9999 2.149106 2.148419 2.147733 2.147047 2.146361 2.145675 2.144989 2.144302 2.143616 2.14293 2.142244 2.141558 2.140872 2.140185 2.139499 2.138813 2.138127 2.137441 2.136755 2.136069 2.135382 2.134696 2.13401 2.133324 2.132638 2.131952 2.131265 2.130579 2.129893 2.129207 2.128521 2.127835 2.127149 2.126462 2.125776 2.12509 2.124404 2.123718 2.123032 2.122345 2.121659 2.120973 2.120287 2.119601 2.118915 2.118229 2.117543 2.116856 2.11617 2.115484 2.114798 2.114112 2.113425 2.112739 2.112053 2.111367 2.110681 2.109995 2.109309 2.108623 2.107936 2.10725 2.106564 2.105878 2.105192
-9999 -9999 -9999 2.147156 2.14647 2.145784 2.145098 2.144412 2.143725 2.143039 2.142353 2.141667 2.140981 2.140295 2.139609 2.138922 2.138236 2.13755 2.136864 2.136178 2.135492 2.134805 2.134119 2.133433 2.132747 2.132061 2.131375 2.130688 2.130002 2.129316 2.12863 2.127944 2.127258 2.126572 2.125885 2.125199 2.124513 2.123827 2.123141 2.122455 2.121768 2.121083 2.120396 2.11971 2.119024 2.118338 2.117652 2.116966 2.116279 2.115593 2.114907 2.114221 2.113535 2.112849 2.112162 2.111476 2.11079 2.110104 2.109418 2.108732 2.108046 2.107359 2.106673 2.105987 2.105301 2.104615 2.103929 2.103242 2.102556 2.10187
-9999 2.145207 2.144521 2.143835 2.143148 2.142462 2.141776 2.14109 2.140404 2.139718 2.139032 2.138345 2.137659 2.136973 2.136287 2.135601 2.134915 2.134228 2.133542 2.132856 2.13217 2.131484 2.130798 2.130112 2.129426 2.128739 2.128053 2.127367 2.126681 2.125995 2.125309 2.124622 2.123936 2.12325 2.122564 2.121878 2.121192 2.120506 2.119819 2.119133 2.118447 2.117761 2.117075 2.116389 2.115702 2.115016 2.11433 2.113644 2.112958 2.112272 2.111586 2.110899 2.110213 2.109527 2.108841 2.108155 2.107469 2.106782 2.106096 2.10541 2.104724 2.104038 2.103352 2.102665 2.101979 2.101293 2.100607 2.099921 2.099235 2.098549
2.142571 2.141885 2.141199 2.140513 2.139827 2.139141 2.138455 2.137769 2.137082 2.136396 2.13571 2.135024 2.134338 2.133651 2.132965 2.132279 2.131593 2.130907 2.130221 2.129535 2.128849 2.128162 2.127476 2.12679 2.126104 2.125418 2.124732 2.124045 2.123359 2.122673 2.121987 2.121301 2.120615 2.119929 2.119242 2.118556 2.11787 2.117184 2.116498 2.115812 2.115125 2.114439 2.113753 2.113067 2.112381 2.111695 2.111009 2.110322 2.109636 2.10895 2.108264 2.107578 2.106892 2.106205 2.105519 2.104833 2.104147 2.103461 2.102775 2.102089 2.101403 2.100716 2.10003 2.099344 2.098658 2.097972 2.097286 2.096599 2.095913 2.095227
2.13925 2.138564 2.137878 2.137192 2.136505 2.135819 2.135133 2.134447 2.133761 2.133075 2.132388 2.131702 2.131016 2.13033 2.129644 2.128958 2.128272 2.127585 2.126899 2.126213 2.125527 2.124841 2.124155 2.123468 2.122782 2.122096 2.12141 2.120724 2.120038 2.119352 2.118665 2.117979 2.117293 2.116607 2.115921 2.115235 2.114548 2.113862 2.113176 2.11249 2.111804 2.111118 2.110432 2.109746 2.109059 2.108373 2.107687 2.107001 2.106315 2.105628 2.104942 2.104256 2.10357 2.102884 2.102198 2.101512 2.100826 2.100139 2.099453 2.098767 2.098081 2.097395 2.096709 2.096022 2.095336 2.09465 2.093964 2.093278 2.092592 2.091906
2.135928 2.135242 2.134556 2.13387 2.133184 2.132498 2.131811 2.131125 2.130439 2.129753 2.129067 2.128381 2.127695 2.127008 2.126322 2.125636 2.12495 2.124264 2.123578 2.122891 2.122205 2.121519 2.120833 2.120147 2.119461 2.118775 2.118088 2.117402 2.116716 2.11603 2.115344 2.114658 2.113971 2.113285 2.112599 2.111913 2.111227 2.110541 2.109855 2.109169 2.108482 2.107796 2.10711 2.106424 2.105738 2.105052 2.104365 2.103679 2.102993 2.102307 2.101621 2.100935 2.100249 2.099562 2.098876 2.09819 2.097504 2.096818 2.096132 2.095445 2.094759 2.094073 2.093387 2.092701 2.092015 2.091329 2.090642 2.089956 2.08927 2.088584
2.132607 2.131921 2.131234 2.130548 2.129862 2.129176 2.12849 2.127804 2.127118 2.126431 2.125745 2.125059 2.124373 2.123687 2.123001 2.122314 2.121628 2.120942 2.120256 2.11957 2.118884 2.118198 2.117512 2.116825 2.116139 2.115453 2.114767 2.114081 2.113394 2.112708 2.112022 2.111336 2.11065 2.109964 2.109278 2.108592 2.107905 2.107219 2.106533 2.105847 2.105161 2.104475 2.103788 2.103102 2.102416 2.10173 2.101044 2.100358 2.099672 2.098985 2.098299 2.097613 2.096927 2.096241 2.095555 2.094868 2.094182 2.093496 2.09281 2.092124 2.091438 2.090752 2.090065 2.089379 2.088693 2.088007 2.087321 2.086635 2.085948 2.085262
2.129285 2.128599 2.127913 2.127227 2.126541 2.125854 2.125168 2.124482 2.123796 2.12311 2.122424 2.121737 2.121051 2.120365 2.119679 2.118993 2.118307 2.117621 2.116935 2.116248 2.115562 2.114876 2.11419 2.113504 2.112818 2.112131 2.111445 2.110759 2.110073 2.109387 2.108701 2.108015 2.107328 2.106642 2.105956 2.10527 2.104584 2.103898 2.103211 2.102525 2.101839 2.101153 2.100467 2.099781 2.099095 2.098408 2.097722 2.097036 2.09635 2.095664 2.094978 2.094291 2.093605 2.092919 2.092233 2.091547 2.090861 2.090175 2.089489 2.088802 2.088116 2.08743 2.086744 2.086058 2.085371 2.084685 2.083999 2.083313 2.082627 2.081941
2.125964 2.125278 2.124591 2.123905 2.123219 2.122533 2.121847 2.121161 2.120475 2.119788 2.119102 2.118416 2.11773 2.117044 2.116358 2.115671 2.114985 2.114299 2.113613 2.112927 2.112241 2.111554 2.110868 2.110182 2.109496 2.10881 2.108124 2.107438 2.106751 2.106065 2.105379 2.104693 2.104007 2.103321 2.102634 2.101948 2.101262 2.100576 2.09989 2.099204 2.098518 2.097831 2.097145 2.096459 2.095773 2.095087 2.094401 2.093714 2.093028 2.092342 2.091656 2.09097 2.090284 2.089598 2.088912 2.088225 2.087539 2.086853 2.086167 2.085481 2.084795 2.084108 2.083422 2.082736 2.08205 2.081364 2.080678 2.079992 2.079305 2.078619
2.122642 2.121956 2.12127 2.120584 2.119898 2.119211 2.118525 2.117839 2.117153 2.116467 2.115781 2.115094 2.114408 2.113722 2.113036 2.11235 2.111664 2.110978 2.110291 2.109605 2.108919 2.108233 2.107547 2.106861 2.106174 2.105488 2.104802 2.104116 2.10343 2.102744 2.102058 2.101372 2.100685 2.099999 2.099313 2.098627 2.097941 2.097255 2.096568 2.095882 2.095196 2.09451 2.093824 2.093138 2.092452 2.091765 2.091079 2.090393 2.089707 2.089021 2.088335 2.087648 2.086962 2.086276 2.08559 2.084904 2.084218 2.083532 2.082845 2.082159 2.081473 2.080787 2.080101 2.079415 2.078728 2.078042 2.077356 2.07667 2.075984 2.075298
