SEB_model/sample_data_files/contemp/SnowProbe_data/winter_snow_0910.txt
ncols         313
nrows         278
xllcorner     388961.19995117
yllcorner     7584381.3441773
cellsize      5
NODATA_value  -9999
[rows 155 to 185 of 278, columns 70 to 139 of 313]
1.877705 1.883852 1.889966 1.896048 1.902098 1.908116 1.914101 1.920054 1.925975 1.931863 1.937719 1.943544 1.949335 1.955095 1.960822 1.966517 1.97218 1.97781 1.983409 1.988975 1.994508 2.00001 2.005479 2.010916 2.016321 2.021693 2.027033 2.032341 2.037617 2.042861 2.048072 2.053251 2.058397 2.063512 2.068594 2.073644 2.078662 2.083647 2.0886 2.093521 2.09841 2.103266 2.10809 2.112882 2.117642 2.122369 2.127064 2.131727 2.136358 2.140956 2.145523 2.150056 2.154558 2.159027 2.163465 2.16787 2.172242 2.176583 2.180891 2.185166 2.18941 2.193621 2.1978 2.201947 2.206062 2.210144 2.214194 2.218212 2.222198 2.226151
1.873652 1.879846 1.886008 1.892137 1.898234 1.904299 1.910332 1.916332 1.9223 1.928236 1.93414 1.940011 1.94585 1.951657 1.957432 1.963174 1.968884 1.974562 1.980208 1.985821 1.991402 1.996951 2.002468 2.007952 2.013404 2.018824 2.024211 2.029567 2.03489 2.040181 2.045439 2.050665 2.05586 2.061021 2.066151 2.071248 2.076313 2.081346 2.086346 2.091315 2.096251 2.101155 2.106026 2.110865 2.115672 2.120447 2.12519 2.1299 2.134578 2.139224 2.143837 2.148418 2.152967 2.157484 2.161968 2.166421 2.170841 2.175228 2.179584 2.183907 2.188198 2.192456 2.196683 2.200877 2.205039 2.209169 2.213266 2.217331 2.221364 2.225365
1.86964 1.875881 1.88209 1.888267 1.894412 1.900524 1.906604 1.912652 1.918667 1.92465 1.930601 1.93652 1.942406 1.948261 1.954082 1.959872 1.96563 1.971355 1.977048 1.982708 1.988337 1.993933 1.999497 2.005029 2.010528 2.015995 2.02143 2.026833 2.032203 2.037541 2.042847 2.048121 2.053362 2.058572 2.063748 2.068893 2.074005 2.079085 2.084133 2.089149 2.094132 2.099083 2.104002 2.108889 2.113743 2.118565 2.123355 2.128113 2.132838 2.137531 2.142192 2.146821 2.151417 2.155981 2.160513 2.165012 2.16948 2.173915 2.178318 2.182688 2.187027 2.191333 2.195606 2.199848 2.204057 2.208234 2.212379 2.216491 2.220572 2.22462
1.865668 1.871957 1.878213 1.884437 1.890629 1.896789 1.902916 1.909011 1.915074 1.921105 1.927103 1.933069 1.939003 1.944904 1.950774 1.956611 1.962416 1.968188 1.973928 1.979636 1.985312 1.990956 1.996567 2.002146 2.007693 2.013207 2.01869 2.02414 2.029557 2.034943 2.040296 2.045617 2.050906 2.056162 2.061387 2.066578 2.071738 2.076866 2.081961 2.087024 2.092055 2.097053 2.102019 2.106953 2.111855 2.116724 2.121562 2.126367 2.131139 2.13588 2.140588 2.145264 2.149907 2.154519 2.159098 2.163645 2.168159 2.172642 2.177092 2.18151 2.185896 2.190249 2.19457 2.198859 2.203116 2.20734 2.211532 2.215692 2.21982 2.223915
1.861737 1.868073 1.874377 1.880648 1.886888 1.893095 1.899269 1.905412 1.911522 1.9176 1.923645 1.929659 1.93564 1.941589 1.947506 1.95339 1.959242 1.965062 1.97085 1.976605 1.982328 1.988019 1.993678 1.999304 2.004898 2.01046 2.01599 2.021487 2.026952 2.032385 2.037786 2.043154 2.04849 2.053794 2.059065 2.064305 2.069512 2.074687 2.079829 2.084939 2.090018 2.095063 2.100077 2.105058 2.110007 2.114924 2.119809 2.124661 2.129481 2.134269 2.139024 2.143748 2.148438 2.153097 2.157724 2.162318 2.16688 2.17141 2.175907 2.180373 2.184806 2.189206 2.193575 2.197911 2.202215 2.206487 2.210726 2.214933 2.219108 2.223251
1.857847 1.86423 1.870582 1.8769 1.883187 1.889441 1.895663 1.901853 1.90801 1.914136 1.920229 1.926289 1.932318 1.938314 1.944278 1.95021 1.956109 1.961977 1.967812 1.973614 1.979385 1.985123 1.990829 1.996503 2.002144 2.007753 2.01333 2.018875 2.024387 2.029868 2.035316 2.040731 2.046115 2.051466 2.056785 2.062072 2.067326 2.072548 2.077738 2.082896 2.088021 2.093114 2.098175 2.103204 2.1082 2.113164 2.118096 2.122996 2.127863 2.132699 2.137501 2.142272 2.14701 2.151716 2.15639 2.161032 2.165641 2.170218 2.174763 2.179276 2.183756 2.188204 2.19262 2.197004 2.201355 2.205674 2.209961 2.214216 2.218438 2.222628
1.853997 1.860428 1.866827 1.873193 1.879526 1.885828 1.892097 1.898335 1.904539 1.910712 1.916852 1.922961 1.929036 1.93508 1.941091 1.94707 1.953017 1.958932 1.964814 1.970664 1.976482 1.982268 1.988021 1.993742 1.999431 2.005087 2.010712 2.016304 2.021863 2.027391 2.032887 2.03835 2.04378 2.049179 2.054545 2.059879 2.065181 2.07045 2.075688 2.080893 2.086066 2.091206 2.096314 2.10139 2.106434 2.111445 2.116425 2.121372 2.126287 2.131169 2.136019 2.140837 2.145623 2.150376 2.155097 2.159786 2.164443 2.169068 2.17366 2.17822 2.182747 2.187243 2.191706 2.196137 2.200536 2.204902 2.209236 2.213538 2.217808 2.222045
1.850188 1.856666 1.863112 1.869526 1.875907 1.882256 1.888573 1.894857 1.901109 1.907329 1.913517 1.919672 1.925796 1.931887 1.937945 1.943972 1.949966 1.955928 1.961857 1.967755 1.97362 1.979453 1.985254 1.991022 1.996758 2.002462 2.008134 2.013773 2.01938 2.024955 2.030498 2.036008 2.041487 2.046932 2.052346 2.057727 2.063076 2.068393 2.073678 2.07893 2.08415 2.089338 2.094494 2.099617 2.104708 2.109767 2.114794 2.119788 2.12475 2.12968 2.134578 2.139443 2.144276 2.149077 2.153845 2.158582 2.163286 2.167958 2.172597 2.177204 2.181779 2.186322 2.190833 2.195311 2.199757 2.204171 2.208552 2.212902 2.217219 2.221503
1.84642 1.852945 1.859439 1.865899 1.872328 1.878724 1.885088 1.89142 1.89772 1.903987 1.910222 1.916425 1.922596 1.928734 1.93484 1.940914 1.946955 1.952964 1.958941 1.964886 1.970799 1.976679 1.982527 1.988343 1.994126 1.999878 2.005597 2.011283 2.016938 2.02256 2.02815 2.033708 2.039233 2.044726 2.050187 2.055616 2.061013 2.066377 2.071709 2.077008 2.082276 2.087511 2.092714 2.097885 2.103023 2.10813 2.113204 2.118245 2.123255 2.128232 2.133177 2.138089 2.14297 2.147818 2.152634 2.157418 2.162169 2.166888 2.171575 2.176229 2.180852 2.185442 2.19 2.194525 2.199019 2.20348 2.207909 2.212306 2.21667 2.221002
1.842692 1.849265 1.855806 1.862314 1.86879 1.875233 1.881645 1.888024 1.894371 1.900686 1.906968 1.913218 1.919436 1.925622 1.931775 1.937896 1.943985 1.950042 1.956066 1.962058 1.968018 1.973946 1.979841 1.985704 1.991535 1.997334 2.0031 2.008834 2.014536 2.020205 2.025843 2.031448 2.037021 2.042561 2.04807 2.053546 2.05899 2.064401 2.06978 2.075127 2.080442 2.085725 2.090975 2.096193 2.101379 2.106533 2.111654 2.116743 2.1218 2.126824 2.131816 2.136776 2.141704 2.1466 2.151463 2.156294 2.161093 2.165859 2.170594 2.175295 2.179965 2.184603 2.189208 2.193781 2.198322 2.20283 2.207306 2.21175 2.216162 2.220541
1.839005 1.845626 1.852213 1.858769 1.865292 1.871783 1.878242 1.884668 1.891063 1.897425 1.903754 1.910052 1.916317 1.92255 1.928751 1.934919 1.941056 1.94716 1.953231 1.959271 1.965278 1.971253 1.977196 1.983106 1.988984 1.99483 2.000644 2.006425 2.012175 2.017892 2.023576 2.029229 2.034849 2.040437 2.045993 2.051516 2.057007 2.062466 2.067893 2.073287 2.078649 2.083979 2.089277 2.094542 2.099775 2.104976 2.110145 2.115281 2.120385 2.125457 2.130497 2.135504 2.140479 2.145422 2.150333 2.155211 2.160057 2.164871 2.169653 2.174402 2.179119 2.183804 2.188457 2.193077 2.197665 2.202221 2.206744 2.211236 2.215695 2.220121
1.835359 1.842027 1.848662 1.855265 1.861835 1.868374 1.87488 1.881353 1.887795 1.894204 1.900582 1.906927 1.913239 1.919519 1.925767 1.931983 1.938167 1.944318 1.950437 1.956524 1.962579 1.968601 1.974591 1.980549 1.986474 1.992368 1.998229 2.004058 2.009854 2.015618 2.02135 2.02705 2.032718 2.038353 2.043956 2.049527 2.055065 2.060572 2.066046 2.071487 2.076897 2.082274 2.087619 2.092932 2.098212 2.103461 2.108676 2.11386 2.119012 2.124131 2.129218 2.134273 2.139295 2.144285 2.149243 2.154169 2.159062 2.163924 2.168752 2.173549 2.178314 2.183046 2.187746 2.192414 2.197049 2.201652 2.206223 2.210762 2.215268 2.219742
1.831753 1.838468 1.845151 1.851801 1.858419 1.865005 1.871558 1.878079 1.884568 1.891025 1.897449 1.903842 1.910202 1.916529 1.922825 1.929088 1.935319 1.941517 1.947684 1.953818 1.95992 1.96599 1.972027 1.978032 1.984005 1.989946 1.995854 2.00173 2.007574 2.013386 2.019165 2.024912 2.030627 2.03631 2.04196 2.047578 2.053164 2.058718 2.064239 2.069728 2.075185 2.08061 2.086002 2.091362 2.09669 2.101985 2.107249 2.11248 2.117679 2.122845 2.12798 2.133082 2.138152 2.143189 2.148195 2.153167 2.158108 2.163017 2.167893 2.172737 2.177549 2.182328 2.187076 2.191791 2.196474 2.201124 2.205742 2.210328 2.214882 2.219404
1.828189 1.834951 1.84168 1.848378 1.855043 1.861676 1.868277 1.874846 1.881382 1.887886 1.894358 1.900797 1.907205 1.91358 1.919923 1.926233 1.932511 1.938757 1.944971 1.951153 1.957302 1.963419 1.969504 1.975556 1.981576 1.987564 1.99352 1.999444 2.005335 2.011194 2.017021 2.022815 2.028577 2.034307 2.040005 2.045671 2.051304 2.056905 2.062474 2.06801 2.073514 2.078986 2.084426 2.089833 2.095208 2.100551 2.105862 2.11114 2.116386 2.1216 2.126782 2.131932 2.137049 2.142134 2.147186 2.152207 2.157195 2.162151 2.167074 2.171966 2.176825 2.181652 2.186446 2.191209 2.195939 2.200637 2.205302 2.209936 2.214537 2.219106
1.824664 1.831474 1.838251 1.844996 1.851708 1.858389 1.865037 1.871653 1.878237 1.884788 1.891307 1.897794 1.904249 1.910671 1.917061 1.923419 1.929745 1.936038 1.942299 1.948528 1.954725 1.960889 1.967021 1.973121 1.979189 1.985224 1.991227 1.997198 2.003136 2.009043 2.014917 2.020759 2.026568 2.032346 2.03809 2.043803 2.049484 2.055132 2.060748 2.066332 2.071884 2.077403 2.08289 2.088345 2.093767 2.099158 2.104516 2.109841 2.115135 2.120396 2.125625 2.130822 2.135987 2.141119 2.146219 2.151286 2.156322 2.161325 2.166296 2.171235 2.176142 2.181016 2.185858 2.190667 2.195445 2.20019 2.204903 2.209584 2.214232 2.218848
1.821181 1.828037 1.834862 1.841654 1.848414 1.855142 1.861837 1.868501 1.875132 1.88173 1.888297 1.894831 1.901333 1.907803 1.91424 1.920646 1.927019 1.933359 1.939668 1.945944 1.952188 1.9584 1.964579 1.970726 1.976841 1.982924 1.988974 1.994992 2.000978 2.006932 2.012854 2.018743 2.0246 2.030424 2.036217 2.041977 2.047705 2.053401 2.059064 2.064695 2.070294 2.075861 2.081395 2.086897 2.092367 2.097805 2.10321 2.108583 2.113924 2.119233 2.124509 2.129753 2.134965 2.140145 2.145292 2.150407 2.15549 2.16054 2.165559 2.170545 2.175499 2.18042 2.18531 2.190166 2.194991 2.199784 2.204544 2.209272 2.213968 2.218632
1.817738 1.824642 1.831514 1.838353 1.845161 1.851936 1.858679 1.865389 1.872067 1.878714 1.885327 1.891909 1.898458 1.904975 1.91146 1.917913 1.924333 1.930721 1.937077 1.943401 1.949692 1.955951 1.962178 1.968372 1.974535 1.980665 1.986762 1.992828 1.998861 2.004862 2.010831 2.016768 2.022672 2.028544 2.034384 2.040191 2.045966 2.051709 2.05742 2.063099 2.068745 2.074359 2.079941 2.08549 2.091007 2.096492 2.101945 2.107366 2.112754 2.11811 2.123433 2.128725 2.133984 2.139211 2.144406 2.149568 2.154698 2.159796 2.164862 2.169895 2.174896 2.179866 2.184802 2.189707 2.194579 2.199419 2.204226 2.209002 2.213745 2.218456
1.814335 1.821287 1.828206 1.835093 1.841948 1.84877 1.85556 1.862318 1.869044 1.875737 1.882399 1.889028 1.895624 1.902189 1.908721 1.915221 1.921688 1.928124 1.934527 1.940898 1.947237 1.953543 1.959817 1.966059 1.972269 1.978446 1.984591 1.990704 1.996785 2.002833 2.008849 2.014833 2.020785 2.026704 2.032591 2.038446 2.044269 2.050059 2.055817 2.061543 2.067236 2.072898 2.078527 2.084124 2.089688 2.095221 2.100721 2.106189 2.111624 2.117028 2.122398 2.127737 2.133044 2.138318 2.14356 2.14877 2.153948 2.159093 2.164206 2.169287 2.174335 2.179352 2.184335 2.189287 2.194207 2.199094 2.203949 2.208772 2.213562 2.218321
1.810974 1.817973 1.824939 1.831873 1.838775 1.845645 1.852483 1.859288 1.866061 1.872802 1.87951 1.886187 1.892831 1.899443 1.906022 1.912569 1.919084 1.925567 1.932018 1.938436 1.944822 1.951176 1.957497 1.963786 1.970043 1.976268 1.982461 1.988621 1.994749 2.000844 2.006908 2.012939 2.018938 2.024905 2.030839 2.036741 2.042612 2.048449 2.054255 2.060028 2.065769 2.071477 2.077154 2.082798 2.08841 2.09399 2.099537 2.105052 2.110535 2.115986 2.121404 2.126791 2.132144 2.137466 2.142755 2.148012 2.153237 2.15843 2.16359 2.168719 2.173815 2.178878 2.183909 2.188909 2.193875 2.19881 2.203712 2.208582 2.21342 2.218226
1.807653 1.814699 1.821713 1.828694 1.835644 1.842561 1.849446 1.856299 1.863119 1.869907 1.876663 1.883387 1.890078 1.896737 1.903364 1.909959 1.916521 1.923051 1.929549 1.936015 1.942448 1.948849 1.955218 1.961554 1.967859 1.974131 1.980371 1.986578 1.992754 1.998897 2.005008 2.011086 2.017132 2.023146 2.029128 2.035078 2.040995 2.04688 2.052733 2.058553 2.064342 2.070098 2.075822 2.081513 2.087173 2.092799 2.098394 2.103957 2.109487 2.114985 2.120451 2.125884 2.131285 2.136654 2.141991 2.147296 2.152568 2.157808 2.163016 2.168191 2.173334 2.178445 2.183524 2.18857 2.193585 2.198567 2.203516 2.208434 2.213319 2.218172
1.804372 1.811466 1.818527 1.825556 1.832553 1.839517 1.84645 1.85335 1.860217 1.867053 1.873856 1.880627 1.887366 1.894072 1.900746 1.907388 1.913998 1.920576 1.927121 1.933634 1.940114 1.946563 1.952979 1.959363 1.965715 1.972034 1.978321 1.984576 1.990799 1.996989 2.003148 2.009274 2.015367 2.021429 2.027458 2.033455 2.039419 2.045352 2.051252 2.05712 2.062955 2.068759 2.07453 2.080269 2.085975 2.09165 2.097292 2.102902 2.108479 2.114025 2.119538 2.125019 2.130467 2.135884 2.141268 2.14662 2.151939 2.157226 2.162482 2.167704 2.172895 2.178053 2.183179 2.188273 2.193335 2.198364 2.203361 2.208326 2.213258 2.218159
1.801133 1.808274 1.815382 1.822459 1.829503 1.836514 1.843494 1.850441 1.857357 1.864239 1.87109 1.877908 1.884694 1.891448 1.89817 1.904859 1.911516 1.918141 1.924734 1.931294 1.937822 1.944318 1.950781 1.957212 1.963611 1.969978 1.976313 1.982615 1.988885 1.995123 2.001328 2.007502 2.013643 2.019752 2.025828 2.031872 2.037884 2.043864 2.049811 2.055727 2.06161 2.06746 2.073279 2.079065 2.084819 2.090541 2.09623 2.101887 2.107512 2.113105 2.118666 2.124194 2.12969 2.135154 2.140585 2.145984 2.151351 2.156686 2.161988 2.167258 2.172496 2.177702 2.182875 2.188016 2.193125 2.198202 2.203246 2.208258 2.213238 2.218186
1.797934 1.805122 1.812278 1.819402 1.826493 1.833552 1.840579 1.847574 1.854536 1.861467 1.868364 1.87523 1.882064 1.888865 1.895634 1.90237 1.909075 1.915747 1.922387 1.928994 1.93557 1.942113 1.948624 1.955103 1.961549 1.967963 1.974345 1.980695 1.987012 1.993297 1.99955 2.00577 2.011959 2.018115 2.024239 2.03033 2.03639 2.042417 2.048412 2.054374 2.060305 2.066203 2.072068 2.077902 2.083704 2.089473 2.095209 2.100914 2.106586 2.112226 2.117834 2.12341 2.128953 2.134464 2.139943 2.145389 2.150804 2.156185 2.161535 2.166853 2.172138 2.177391 2.182612 2.1878 2.192956 2.198081 2.203172 2.208232 2.213259 2.218254
1.794775 1.802011 1.809214 1.816385 1.823524 1.830631 1.837705 1.844747 1.851757 1.858734 1.86568 1.872593 1.879473 1.886322 1.893138 1.899922 1.906674 1.913393 1.920081 1.926736 1.933358 1.939949 1.946507 1.953033 1.959527 1.965988 1.972418 1.978815 1.985179 1.991512 1.997812 2.00408 2.010316 2.016519 2.02269 2.028829 2.034936 2.04101 2.047053 2.053063 2.05904 2.064986 2.070899 2.07678 2.082628 2.088445 2.094229 2.099981 2.1057 2.111388 2.117043 2.122666 2.128257 2.133815 2.139341 2.144835 2.150297 2.155726 2.161123 2.166488 2.171821 2.177121 2.182389 2.187625 2.192828 2.198 2.203139 2.208246 2.21332 2.218363
1.791658 1.798941 1.806191 1.81341 1.820596 1.82775 1.834871 1.841961 1.849018 1.856043 1.863035 1.869996 1.876924 1.88382 1.890683 1.897515 1.904314 1.911081 1.917815 1.924518 1.931188 1.937826 1.944431 1.951005 1.957546 1.964054 1.970531 1.976975 1.983387 1.989767 1.996115 2.00243 2.008713 2.014964 2.021183 2.027369 2.033523 2.039645 2.045734 2.051791 2.057817 2.063809 2.06977 2.075698 2.081594 2.087458 2.093289 2.099089 2.104856 2.11059 2.116293 2.121963 2.127601 2.133207 2.13878 2.144321 2.149831 2.155307 2.160752 2.166164 2.171544 2.176892 2.182207 2.18749 2.192741 2.19796 2.203146 2.208301 2.213423 2.218512
1.788581 1.795911 1.803209 1.810475 1.817708 1.82491 1.832079 1.839215 1.84632 1.853392 1.860432 1.86744 1.874415 1.881358 1.888269 1.895148 1.901994 1.908809 1.915591 1.92234 1.929058 1.935743 1.942396 1.949017 1.955605 1.962161 1.968685 1.975177 1.981636 1.988063 1.994458 2.000821 2.007151 2.013449 2.019716 2.025949 2.032151 2.03832 2.044456 2.050561 2.056633 2.062674 2.068681 2.074657 2.080601 2.086512 2.092391 2.098237 2.104051 2.109833 2.115583 2.121301 2.126986 2.132639 2.13826 2.143849 2.149405 2.154929 2.160421 2.16588 2.171308 2.176703 2.182066 2.187396 2.192694 2.197961 2.203194 2.208396 2.213565 2.218702
1.785545 1.792922 1.800267 1.807581 1.814861 1.82211 1.829326 1.83651 1.843662 1.850782 1.857869 1.864924 1.871947 1.878938 1.885896 1.892822 1.899716 1.906577 1.913407 1.920204 1.926968 1.933701 1.940401 1.947069 1.953705 1.960309 1.96688 1.973419 1.979926 1.9864 1.992842 1.999252 2.00563 2.011976 2.018289 2.02457 2.030819 2.037035 2.043219 2.049371 2.055491 2.061579 2.067634 2.073657 2.079648 2.085606 2.091532 2.097426 2.103288 2.109117 2.114914 2.120679 2.126412 2.132113 2.137781 2.143417 2.14902 2.154592 2.160131 2.165638 2.171113 2.176555 2.181965 2.187343 2.192688 2.198002 2.203283 2.208532 2.213749 2.218933
1.782549 1.789974 1.797366 1.804727 1.812055 1.819351 1.826615 1.833846 1.841045 1.848212 1.855347 1.862449 1.86952 1.876557 1.883563 1.890537 1.897478 1.904387 1.911263 1.918108 1.92492 1.9317 1.938447 1.945163 1.951846 1.958497 1.965115 1.971702 1.978256 1.984778 1.991267 1.997725 2.00415 2.010543 2.016903 2.023232 2.029528 2.035791 2.042023 2.048222 2.054389 2.060524 2.066627 2.072697 2.078735 2.084741 2.090714 2.096656 2.102565 2.108442 2.114286 2.120099 2.125879 2.131626 2.137342 2.143025 2.148676 2.154295 2.159881 2.165436 2.170958 2.176447 2.181905 2.18733 2.192723 2.198084 2.203412 2.208709 2.213973 2.219204
1.779594 1.787066 1.794506 1.801914 1.80929 1.816633 1.823944 1.831223 1.838469 1.845683 1.852865 1.860015 1.867133 1.874218 1.881271 1.888292 1.89528 1.902237 1.90916 1.916052 1.922912 1.929739 1.936534 1.943297 1.950027 1.956725 1.963391 1.970025 1.976627 1.983196 1.989733 1.996237 2.00271 2.00915 2.015558 2.021934 2.028277 2.034588 2.040867 2.047114 2.053328 2.05951 2.06566 2.071778 2.077863 2.083917 2.089938 2.095926 2.101883 2.107807 2.113699 2.119558 2.125386 2.131181 2.136944 2.142674 2.148373 2.154039 2.159673 2.165274 2.170844 2.176381 2.181885 2.187358 2.192798 2.198207 2.203583 2.208926 2.214237 2.219517
1.77668 1.784199 1.791687 1.799142 1.806565 1.813955 1.821314 1.82864 1.835934 1.843195 1.850425 1.857622 1.864787 1.871919 1.87902 1.886088 1.893124 1.900127 1.907099 1.914038 1.920944 1.927819 1.934661 1.941471 1.948249 1.954995 1.961708 1.968389 1.975038 1.981655 1.988239 1.994791 2.001311 2.007798 2.014254 2.020677 2.027067 2.033426 2.039752 2.046046 2.052308 2.058537 2.064735 2.0709 2.077033 2.083133 2.089201 2.095237 2.101241 2.107213 2.113152 2.119059 2.124933 2.130776 2.136586 2.142364 2.14811 2.153823 2.159505 2.165154 2.17077 2.176355 2.181907 2.187427 2.192914 2.19837 2.203793 2.209184 2.214543 2.219869
1.773806 1.781373 1.788908 1.79641 1.80388 1.811318 1.818724 1.826098 1.833439 1.840748 1.848024 1.855269 1.862481 1.869661 1.876809 1.883924 1.891008 1.898058 1.905077 1.912064 1.919018 1.92594 1.932829 1.939687 1.946512 1.953305 1.960066 1.966794 1.97349 1.980154 1.986786 1.993385 1.999952 2.006487 2.01299 2.01946 2.025898 2.032304 2.038678 2.045019 2.051328 2.057605 2.06385 2.070062 2.076242 2.08239 2.088506 2.094589 2.10064 2.106659 2.112646 2.1186 2.124522 2.130412 2.136269 2.142095 2.147888 2.153649 2.159377 2.165073 2.170738 2.176369 2.181969 2.187536 2.193071 2.198574 2.204044 2.209483 2.214889 2.220263
