SEB_model/sample_data_files/contemp/SnowProbe_data/winter_snow_1011.txt
ncols         313
nrows         278
xllcorner     388961.19995117
yllcorner     7584381.3441773
cellsize      5
NODATA_value  -9999
[rows 186 to 216 of 278, columns 0 to 69 of 313]
-9999 -9999 -9999 -9999 -9999 -9999 -9999 3.647236 3.624117 3.601322 3.578851 3.556702 3.534876 3.513373 3.492194 3.471338 3.450805 3.430595 3.410708 3.391144 3.371903 3.352986 3.334392 3.316121 3.298172 3.280548 3.263246 3.246267 3.229612 3.213279 3.19727 3.181584 3.166221 3.151181 3.136465 3.122071 3.108001 3.094253 3.080829 3.067728 3.05495 3.042496 3.030364 3.018556 3.00707 2.995908 2.985069 2.974553 2.96436 2.954491 2.944944 2.935721 2.926821 2.918244 2.90999 2.902059 2.894451 2.887167 2.880205 2.873567 2.867252 2.86126 2.855591 2.850245 2.845223 2.840523 2.836147 2.832094 2.828364 2.824957
-9999 -9999 -9999 -9999 -9999 -9999 -9999 3.620615 3.59779 3.575288 3.553109 3.531253 3.50972 3.488511 3.467624 3.447061 3.426821 3.406904 3.38731 3.368039 3.349091 3.330467 3.312165 3.294187 3.276532 3.2592 3.242191 3.225506 3.209143 3.193104 3.177387 3.161994 3.146924 3.132177 3.117754 3.103653 3.089875 3.076421 3.06329 3.050482 3.037997 3.025835 3.013996 3.002481 2.991288 2.980419 2.969873 2.95965 2.94975 2.940174 2.93092 2.92199 2.913382 2.905098 2.897137 2.889499 2.882185 2.875193 2.868525 2.862179 2.856157 2.850458 2.845082 2.840029 2.835299 2.830893 2.82681 2.823049 2.819612 2.816498
-9999 -9999 -9999 -9999 -9999 -9999 -9999 3.594201 3.571668 3.549459 3.527573 3.50601 3.48477 3.463854 3.44326 3.42299 3.403043 3.383418 3.364117 3.34514 3.326485 3.308153 3.290145 3.27246 3.255097 3.238058 3.221342 3.204949 3.18888 3.173133 3.15771 3.14261 3.127833 3.113379 3.099248 3.08544 3.071956 3.058794 3.045956 3.033441 3.021249 3.00938 2.997834 2.986612 2.975712 2.965136 2.954883 2.944953 2.935346 2.926062 2.917101 2.908464 2.90015 2.892158 2.88449 2.877145 2.870123 2.863425 2.857049 2.850997 2.845268 2.839861 2.834778 2.830019 2.825582 2.821468 2.817678 2.81421 2.811066 2.808245
-9999 -9999 -9999 -9999 -9999 -9999 3.590554 3.567991 3.545752 3.523836 3.502243 3.480973 3.460026 3.439402 3.419101 3.399124 3.37947 3.360138 3.34113 3.322445 3.304084 3.286045 3.268329 3.250937 3.233868 3.217122 3.200699 3.184599 3.168822 3.153368 3.138238 3.123431 3.108947 3.094786 3.080948 3.067433 3.054241 3.041373 3.028828 3.016605 3.004706 2.99313 2.981878 2.970948 2.960341 2.950058 2.940098 2.930461 2.921147 2.912156 2.903488 2.895144 2.887122 2.879424 2.872049 2.864997 2.858268 2.851862 2.845779 2.84002 2.834584 2.82947 2.82468 2.820213 2.81607 2.812249 2.808751 2.805577 2.802726 2.800198
-9999 -9999 -9999 -9999 -9999 -9999 3.564257 3.541988 3.520041 3.498418 3.477118 3.456141 3.435487 3.415156 3.395148 3.375463 3.356102 3.337064 3.318349 3.299957 3.281888 3.264142 3.24672 3.22962 3.212844 3.196391 3.18026 3.164454 3.14897 3.133809 3.118972 3.104457 3.090266 3.076398 3.062853 3.049631 3.036733 3.024157 3.011905 2.999975 2.988369 2.977086 2.966126 2.95549 2.945176 2.935185 2.925518 2.916174 2.907153 2.898455 2.89008 2.882029 2.8743 2.866895 2.859812 2.853053 2.846617 2.840505 2.834715 2.829248 2.824105 2.819285 2.814788 2.810614 2.806763 2.803235 2.80003 2.797149 2.794591 2.792356
-9999 -9999 -9999 -9999 -9999 -9999 3.538166 3.516189 3.494536 3.473205 3.452198 3.431514 3.411153 3.391115 3.3714 3.352009 3.33294 3.314195 3.295773 3.277673 3.259897 3.242445 3.225315 3.208508 3.192025 3.175865 3.160028 3.144514 3.129323 3.114455 3.099911 3.085689 3.071791 3.058216 3.044964 3.032035 3.019429 3.007147 2.995187 2.983551 2.972238 2.961247 2.950581 2.940237 2.930216 2.920518 2.911144 2.902093 2.893365 2.88496 2.876878 2.869119 2.861684 2.854571 2.847782 2.841316 2.835173 2.829353 2.823856 2.818682 2.813832 2.809305 2.8051 2.801219 2.797661 2.794427 2.791515 2.788926 2.786661 2.784719
-9999 -9999 -9999 -9999 -9999 -9999 -9999 3.490597 3.469236 3.448198 3.427484 3.407093 3.387025 3.36728 3.347858 3.328759 3.309984 3.291531 3.273402 3.255596 3.238113 3.220953 3.204116 3.187603 3.171412 3.155545 3.140001 3.124779 3.109882 3.095307 3.081055 3.067127 3.053521 3.040239 3.02728 3.014644 3.002331 2.990342 2.978675 2.967332 2.956311 2.945614 2.93524 2.925189 2.915462 2.906057 2.896976 2.888217 2.879782 2.87167 2.863881 2.856415 2.849272 2.842453 2.835957 2.829783 2.823933 2.818406 2.813203 2.808322 2.803764 2.79953 2.795619 2.792031 2.788765 2.785824 2.783205 2.780909 2.778937 2.777287
-9999 -9999 -9999 -9999 -9999 -9999 -9999 3.465209 3.444141 3.423397 3.402975 3.382877 3.363102 3.34365 3.324521 3.305715 3.287233 3.269073 3.251237 3.233724 3.216533 3.199667 3.183123 3.166902 3.151005 3.13543 3.120179 3.105251 3.090646 3.076364 3.062405 3.04877 3.035457 3.022468 3.009802 2.997459 2.985439 2.973742 2.962368 2.951318 2.940591 2.930186 2.920105 2.910347 2.900913 2.891801 2.883012 2.874547 2.866405 2.858586 2.851089 2.843917 2.837067 2.83054 2.824337 2.818457 2.8129 2.807666 2.802755 2.798167 2.793902 2.789961 2.786342 2.783047 2.780075 2.777426 2.7751 2.773098 2.771418 2.770062
-9999 -9999 -9999 -9999 -9999 -9999 -9999 -9999 3.419252 3.398801 3.378672 3.358867 3.339385 3.320225 3.301389 3.282877 3.264687 3.24682 3.229277 3.212057 3.19516 3.178586 3.162335 3.146407 3.130802 3.115521 3.100563 3.085927 3.071615 3.057626 3.043961 3.030618 3.017598 3.004902 2.992529 2.980479 2.968752 2.957348 2.946267 2.93551 2.925075 2.914964 2.905176 2.895711 2.886569 2.87775 2.869255 2.861082 2.853233 2.845707 2.838504 2.831624 2.825067 2.818833 2.812923 2.807335 2.802071 2.79713 2.792512 2.788217 2.784245 2.780597 2.777272 2.774269 2.77159 2.769234 2.767201 2.765491 2.764105 2.763041
-9999 -9999 -9999 -9999 -9999 -9999 -9999 -9999 -9999 -9999 3.354574 3.335062 3.315873 3.297007 3.278464 3.260244 3.242347 3.224773 3.207523 3.190595 3.173991 3.15771 3.141752 3.126117 3.110806 3.095817 3.081152 3.066809 3.05279 3.039094 3.025722 3.012672 2.999945 2.987542 2.975461 2.963704 2.95227 2.941159 2.930372 2.919907 2.909765 2.899947 2.890452 2.88128 2.872431 2.863905 2.855702 2.847823 2.840266 2.833033 2.826123 2.819536 2.813272 2.807331 2.801714 2.796419 2.791448 2.7868 2.782475 2.778473 2.774794 2.771439 2.768406 2.765697 2.76331 2.761247 2.759507 2.758091 2.756997 2.756227
-9999 -9999 -9999 -9999 -9999 -9999 -9999 -9999 -9999 -9999 -9999 -9999 -9999 3.273993 3.255743 3.237816 3.220212 3.202931 3.185974 3.169339 3.153028 3.13704 3.121375 3.106033 3.091014 3.076319 3.061946 3.047897 3.034171 3.020768 3.007688 2.994931 2.982497 2.970387 2.9586 2.947135 2.935994 2.925176 2.914681 2.90451 2.894661 2.885136 2.875933 2.867054 2.858498 2.850265 2.842355 2.834769 2.827506 2.820565 2.813948 2.807654 2.801683 2.796035 2.79071 2.785709 2.781031 2.776675 2.772643 2.768934 2.765548 2.762486 2.759746 2.75733 2.755236 2.753466 2.752019 2.750896 2.750095 2.749617
-9999 -9999 -9999 -9999 -9999 -9999 -9999 -9999 -9999 -9999 -9999 -9999 -9999 -9999 -9999 3.215594 3.198283 3.181295 3.16463 3.148289 3.132271 3.116575 3.101203 3.086154 3.071429 3.057026 3.042946 3.02919 3.015757 3.002647 2.98986 2.977396 2.965255 2.953437 2.941943 2.930772 2.919924 2.909398 2.899196 2.889318 2.879762 2.87053 2.86162 2.853034 2.844771 2.836831 2.829214 2.82192 2.81495 2.808303 2.801978 2.795977 2.790299 2.784944 2.779912 2.775204 2.770818 2.766756 2.763017 2.759601 2.756508 2.753738 2.751292 2.749168 2.747368 2.745891 2.744737 2.743906 2.743398 2.743213
-9999 -9999 -9999 -9999 -9999 -9999 -9999 -9999 -9999 -9999 -9999 -9999 -9999 -9999 -9999 3.193577 3.176559 3.159864 3.143493 3.127444 3.111719 3.096316 3.081237 3.066481 3.052048 3.037939 3.024152 3.010689 2.997548 2.984731 2.972237 2.960066 2.948218 2.936693 2.925492 2.914613 2.904058 2.893826 2.883917 2.874331 2.865069 2.856129 2.847513 2.839219 2.831249 2.823602 2.816278 2.809278 2.8026 2.796246 2.790214 2.784506 2.779121 2.774059 2.76932 2.764904 2.760812 2.757043 2.753596 2.750473 2.747673 2.745196 2.743043 2.741212 2.739705 2.73852 2.737659 2.737121 2.736906 2.737015
-9999 -9999 -9999 -9999 -9999 -9999 -9999 -9999 -9999 -9999 -9999 -9999 -9999 -9999 -9999 -9999 3.155041 3.138639 3.12256 3.106805 3.091372 3.076263 3.061476 3.047013 3.032873 3.019057 3.005563 2.992392 2.979545 2.967021 2.954819 2.942941 2.931387 2.920155 2.909246 2.898661 2.888399 2.878459 2.868843 2.85955 2.850581 2.841934 2.833611 2.82561 2.817933 2.810579 2.803548 2.79684 2.790455 2.784394 2.778656 2.77324 2.768148 2.763379 2.758933 2.754811 2.751011 2.747535 2.744381 2.741551 2.739044 2.73686 2.734999 2.733462 2.732247 2.731356 2.730788 2.730542 2.73062 2.731022
-9999 -9999 -9999 -9999 -9999 -9999 -9999 -9999 -9999 -9999 -9999 -9999 -9999 -9999 -9999 -9999 3.133728 3.117619 3.101833 3.08637 3.071231 3.056414 3.041921 3.027751 3.013904 3.00038 2.987179 2.974302 2.961747 2.949516 2.937608 2.926023 2.914761 2.903822 2.893206 2.882914 2.872944 2.863298 2.853975 2.844975 2.836298 2.827945 2.819914 2.812207 2.804822 2.797761 2.791023 2.784608 2.778516 2.772748 2.767302 2.76218 2.757381 2.752905 2.748752 2.744922 2.741415 2.738232 2.735371 2.732834 2.73062 2.728729 2.727161 2.725916 2.724995 2.724396 2.724121 2.724169 2.72454 2.725234
-9999 -9999 -9999 -9999 -9999 -9999 -9999 -9999 -9999 -9999 -9999 -9999 -9999 -9999 -9999 -9999 -9999 3.096805 3.081312 3.066142 3.051295 3.036772 3.022571 3.008694 2.99514 2.981909 2.969001 2.956417 2.944155 2.932217 2.920601 2.909309 2.89834 2.887694 2.877372 2.867372 2.857696 2.848342 2.839312 2.830605 2.822221 2.81416 2.806423 2.799008 2.791917 2.785149 2.778703 2.772582 2.766783 2.761307 2.756155 2.751325 2.746819 2.742635 2.738775 2.735239 2.732025 2.729134 2.726567 2.724323 2.722401 2.720803 2.719528 2.718577 2.717948 2.717643 2.71766 2.718001 2.718665 2.719652
-9999 -9999 -9999 -9999 -9999 -9999 -9999 -9999 -9999 -9999 -9999 -9999 -9999 -9999 -9999 -9999 -9999 3.076195 3.060996 3.046119 3.031565 3.017334 3.003427 2.989843 2.976582 2.963644 2.951029 2.938737 2.926768 2.915123 2.9038 2.892801 2.882125 2.871772 2.861742 2.852036 2.842652 2.833592 2.824855 2.81644 2.808349 2.800581 2.793137 2.786015 2.779217 2.772742 2.766589 2.76076 2.755255 2.750072 2.745212 2.740675 2.736462 2.732572 2.729005 2.725761 2.72284 2.720243 2.717968 2.716017 2.714388 2.713083 2.712101 2.711442 2.711107 2.711094 2.711405 2.712038 2.712995 2.714275
-9999 -9999 -9999 -9999 -9999 -9999 -9999 -9999 -9999 -9999 -9999 -9999 -9999 -9999 -9999 -9999 -9999 3.055792 3.040885 3.026301 3.01204 2.998102 2.984488 2.971197 2.958228 2.945583 2.933261 2.921263 2.909587 2.898234 2.887205 2.876498 2.866115 2.856055 2.846318 2.836905 2.827814 2.819047 2.810602 2.802481 2.794683 2.787208 2.780056 2.773228 2.766722 2.76054 2.754681 2.749145 2.743932 2.739042 2.734475 2.730232 2.726311 2.722714 2.71944 2.716489 2.713861 2.711556 2.709574 2.707916 2.706581 2.705569 2.70488 2.704514 2.704471 2.704751 2.705355 2.706281 2.707531 2.709104
-9999 -9999 -9999 -9999 -9999 -9999 -9999 -9999 -9999 -9999 -9999 -9999 -9999 -9999 -9999 -9999 -9999 3.035594 3.02098 3.006689 2.992721 2.979076 2.965755 2.952756 2.940081 2.927729 2.9157 2.903994 2.892611 2.881552 2.870815 2.860401 2.850311 2.840544 2.8311 2.82198 2.813182 2.804707 2.796556 2.788728 2.781223 2.77404 2.767182 2.760646 2.754433 2.748544 2.742978 2.737735 2.732815 2.728218 2.723944 2.719993 2.716366 2.713061 2.71008 2.707422 2.705087 2.703075 2.701386 2.700021 2.698979 2.698259 2.697863 2.69779 2.69804 2.698614 2.69951 2.70073 2.702272 2.704138
-9999 -9999 -9999 -9999 -9999 -9999 -9999 -9999 -9999 -9999 -9999 -9999 -9999 -9999 -9999 -9999 -9999 3.015601 3.00128 2.987282 2.973607 2.960255 2.947227 2.934521 2.922139 2.910079 2.898343 2.88693 2.875841 2.865074 2.85463 2.84451 2.834713 2.825238 2.816087 2.80726 2.798755 2.790573 2.782715 2.775179 2.767967 2.761078 2.754512 2.74827 2.74235 2.736753 2.73148 2.72653 2.721903 2.717599 2.713618 2.70996 2.706625 2.703614 2.700926 2.698561 2.696519 2.6948 2.693404 2.692332 2.691582 2.691156 2.691052 2.691272 2.691816 2.692682 2.693871 2.695384 2.697219 2.699378
-9999 -9999 -9999 -9999 -9999 -9999 -9999 -9999 -9999 -9999 -9999 -9999 -9999 -9999 -9999 -9999 3.010165 2.995814 2.981786 2.968081 2.954699 2.94164 2.928904 2.916492 2.904402 2.892636 2.881192 2.870073 2.859276 2.848802 2.838651 2.828824 2.819319 2.810138 2.80128 2.792745 2.784533 2.776645 2.769079 2.761837 2.754917 2.748321 2.742048 2.736099 2.730472 2.725168 2.720188 2.71553 2.711196 2.707185 2.703497 2.700133 2.697091 2.694372 2.691977 2.689905 2.688156 2.68673 2.685627 2.684847 2.684391 2.684257 2.684447 2.68496 2.685796 2.686955 2.688437 2.690243 2.692371 2.694823
-9999 -9999 -9999 -9999 -9999 -9999 -9999 -9999 -9999 -9999 -9999 -9999 -9999 -9999 -9999 -9999 2.990291 2.976232 2.962497 2.949085 2.935996 2.92323 2.910787 2.898667 2.886871 2.875397 2.864247 2.85342 2.842916 2.832735 2.822878 2.813343 2.804132 2.795243 2.786678 2.778436 2.770517 2.762922 2.755649 2.748699 2.742073 2.73577 2.72979 2.724133 2.718799 2.713789 2.709101 2.704736 2.700695 2.696977 2.693582 2.690511 2.687762 2.685336 2.683234 2.681454 2.679998 2.678865 2.678055 2.677569 2.677405 2.677565 2.678047 2.678853 2.679982 2.681434 2.683209 2.685308 2.687729 2.690474
-9999 -9999 -9999 -9999 -9999 -9999 -9999 -9999 -9999 -9999 -9999 -9999 -9999 -9999 -9999 2.98471 2.970622 2.956856 2.943414 2.930294 2.917498 2.905025 2.892875 2.881049 2.869545 2.858365 2.847507 2.836973 2.826762 2.816874 2.807309 2.798068 2.789149 2.780554 2.772282 2.764333 2.756707 2.749404 2.742424 2.735768 2.729434 2.723424 2.717737 2.712373 2.707332 2.702614 2.69822 2.694148 2.6904 2.686975 2.683873 2.681094 2.678638 2.676505 2.674696 2.673209 2.672046 2.671206 2.670689 2.670495 2.670625 2.671077 2.671853 2.672951 2.674373 2.676118 2.678186 2.680578 2.683292 2.68633
-9999 -9999 -9999 -9999 -9999 -9999 -9999 -9999 -9999 -9999 -9999 -9999 -9999 -9999 2.979073 2.964954 2.951158 2.937685 2.924536 2.911709 2.899206 2.887026 2.875169 2.863636 2.852425 2.841537 2.830973 2.820732 2.810813 2.801219 2.791947 2.782998 2.774372 2.76607 2.758091 2.750435 2.743102 2.736092 2.729405 2.723041 2.717001 2.711283 2.705889 2.700818 2.69607 2.691645 2.687544 2.683765 2.68031 2.677178 2.674369 2.671883 2.66972 2.66788 2.666363 2.66517 2.6643 2.663753 2.663528 2.663628 2.66405 2.664795 2.665864 2.667255 2.66897 2.671008 2.673369 2.676054 2.679061 2.682391
-9999 -9999 -9999 -9999 -9999 -9999 -9999 -9999 -9999 -9999 -9999 -9999 2.98785 2.973377 2.959228 2.945402 2.9319 2.91872 2.905863 2.89333 2.88112 2.869232 2.857668 2.846428 2.83551 2.824915 2.814644 2.804696 2.79507 2.785768 2.776789 2.768134 2.759801 2.751791 2.744105 2.736742 2.729702 2.722985 2.716591 2.71052 2.704773 2.699348 2.694247 2.689469 2.685014 2.680882 2.677073 2.673588 2.670425 2.667586 2.66507 2.662877 2.661007 2.65946 2.658237 2.657336 2.656759 2.656504 2.656573 2.656965 2.657681 2.658719 2.66008 2.661765 2.663773 2.666103 2.668757 2.671735 2.675035 2.678658
-9999 -9999 -9999 -9999 -9999 -9999 -9999 -9999 -9999 -9999 2.996953 2.982127 2.967625 2.953446 2.93959 2.926057 2.912847 2.89996 2.887396 2.875156 2.863239 2.851644 2.840373 2.829425 2.8188 2.808499 2.79852 2.788865 2.779533 2.770524 2.761837 2.753475 2.745435 2.737718 2.730325 2.723255 2.716508 2.710083 2.703983 2.698205 2.69275 2.687619 2.682811 2.678325 2.674163 2.670324 2.666808 2.663616 2.660746 2.6582 2.655977 2.654077 2.652499 2.651246 2.650315 2.649707 2.649423 2.649462 2.649823 2.650508 2.651517 2.652848 2.654502 2.65648 2.65878 2.661404 2.664351 2.667621 2.671214 2.675131
-9999 -9999 -9999 -9999 -9999 -9999 -9999 -9999 3.006383 2.991204 2.976348 2.961816 2.947606 2.93372 2.920156 2.906916 2.893999 2.881406 2.869135 2.857187 2.845563 2.834262 2.823283 2.812629 2.802297 2.792288 2.782602 2.77324 2.7642 2.755484 2.747091 2.739021 2.731275 2.723851 2.71675 2.709973 2.703519 2.697388 2.69158 2.686095 2.680933 2.676095 2.671579 2.667387 2.663518 2.659972 2.656749 2.653849 2.651273 2.649019 2.647089 2.645482 2.644198 2.643237 2.642599 2.642284 2.642293 2.642624 2.643279 2.644257 2.645558 2.647182 2.64913 2.6514 2.653994 2.65691 2.66015 2.663713 2.667599 2.671808
-9999 -9999 -9999 -9999 -9999 3.031994 3.016139 3.000607 2.985397 2.970511 2.955949 2.941709 2.927792 2.914199 2.900929 2.887981 2.875357 2.863056 2.851079 2.839424 2.828093 2.817084 2.806399 2.796037 2.785998 2.776282 2.76689 2.75782 2.749074 2.74065 2.73255 2.724773 2.717319 2.710189 2.703381 2.696897 2.690736 2.684897 2.679382 2.67419 2.669322 2.664776 2.660553 2.656654 2.653078 2.649825 2.646895 2.644288 2.642004 2.640044 2.638407 2.637092 2.636101 2.635433 2.635088 2.635067 2.635368 2.635993 2.63694 2.638211 2.639805 2.641722 2.643962 2.646526 2.649412 2.652622 2.656155 2.660011 2.66419 2.668692
-9999 -9999 -9999 3.04243 3.026221 3.010335 2.994773 2.979534 2.964617 2.950025 2.935755 2.921808 2.908184 2.894884 2.881906 2.869252 2.856921 2.844913 2.833228 2.821867 2.810828 2.800112 2.78972 2.779651 2.769905 2.760482 2.751382 2.742606 2.734152 2.726022 2.718215 2.710731 2.70357 2.696732 2.690217 2.684026 2.678158 2.672612 2.66739 2.662491 2.657915 2.653663 2.649733 2.646127 2.642843 2.639883 2.637246 2.634933 2.632942 2.631274 2.62993 2.628908 2.62821 2.627835 2.627783 2.628054 2.628649 2.629566 2.630807 2.632371 2.634258 2.636468 2.639001 2.641857 2.645036 2.648539 2.652365 2.656514 2.660986 2.665781
-9999 -9999 3.03663 3.020391 3.004475 2.988882 2.973613 2.958666 2.944043 2.929743 2.915766 2.902112 2.888782 2.875774 2.863089 2.850728 2.83869 2.826975 2.815583 2.804514 2.793769 2.783346 2.773247 2.763471 2.754018 2.744888 2.736081 2.727597 2.719437 2.711599 2.704085 2.696894 2.690026 2.683481 2.677259 2.671361 2.665785 2.660533 2.655604 2.650998 2.646715 2.642755 2.639118 2.635805 2.632814 2.630147 2.627803 2.625782 2.624084 2.62271 2.621658 2.62093 2.620525 2.620442 2.620683 2.621248 2.622135 2.623345 2.624879 2.626736 2.628916 2.631418 2.634244 2.637394 2.640866 2.644662 2.64878 2.653222 2.657987 2.663075
-9999 3.030772 3.014503 2.998557 2.982934 2.967634 2.952658 2.938004 2.923674 2.909667 2.895983 2.882622 2.869584 2.856869 2.844478 2.83241 2.820664 2.809242 2.798143 2.787368 2.776915 2.766785 2.756979 2.747495 2.738335 2.729498 2.720984 2.712794 2.704926 2.697382 2.69016 2.683262 2.676687 2.670435 2.664506 2.658901 2.653618 2.648659 2.644023 2.639709 2.63572 2.632053 2.628709 2.625689 2.622991 2.620617 2.618566 2.616838 2.615433 2.614351 2.613592 2.613157 2.613045 2.613255 2.613789 2.614646 2.615827 2.61733 2.619156 2.621306 2.623779 2.626575 2.629694 2.633136 2.636901 2.64099 2.645401 2.650136 2.655194 2.660575
