SEB_model/sample_data_files/contemp/SnowProbe_data/winter_snow_1011.txt
ncols         313
nrows         278
xllcorner     388961.19995117
yllcorner     7584381.3441773
cellsize      5
NODATA_value  -9999
[rows 93 to 123 of 278, columns 140 to 209 of 313]
3.159485 3.152101 3.145041 3.138304 3.13189 3.125798 3.120031 3.114586 3.109464 3.104666 3.100191 3.096038 3.092209 3.088703 3.085521 3.082661 3.080125 3.077911 3.076021 3.074454 3.07321 3.072289 3.071691 3.071417 3.071465 3.071837 3.072532 3.07355 3.074891 3.076555 3.078543 3.080853 3.083487 3.086444 3.089724 3.093327 3.097253 3.101503 3.106075 3.110971 3.116189 3.121731 3.127596 3.133785 3.140296 3.14713 3.154288 3.161769 3.169573 3.1777 3.18615 3.194923 3.204019 3.213439 3.223182 3.233248 3.243636 3.254349 3.265384 3.276742 3.288424 3.300428 3.312756 3.325407 3.338381 3.351678 3.365299 3.379242 3.393508 3.408098
3.152717 3.145626 3.138859 3.132414 3.126293 3.120495 3.11502 3.109869 3.10504 3.100534 3.096352 3.092493 3.088956 3.085743 3.082854 3.080287 3.078043 3.076123 3.074526 3.073251 3.0723 3.071672 3.071368 3.071386 3.071728 3.072392 3.07338 3.074691 3.076325 3.078282 3.080563 3.083166 3.086093 3.089343 3.092915 3.096812 3.101031 3.105573 3.110438 3.115627 3.121139 3.126973 3.133132 3.139612 3.146417 3.153544 3.160995 3.168768 3.176865 3.185285 3.194028 3.203094 3.212484 3.222196 3.232232 3.24259 3.253272 3.264277 3.275606 3.287257 3.299231 3.311529 3.32415 3.337093 3.35036 3.36395 3.377864 3.3921 3.40666 3.421542
3.146154 3.139357 3.132882 3.126731 3.120902 3.115397 3.110215 3.105356 3.100821 3.096608 3.092719 3.089152 3.085909 3.082989 3.080392 3.078118 3.076168 3.07454 3.073236 3.072255 3.071596 3.071261 3.07125 3.071561 3.072196 3.073153 3.074434 3.076038 3.077965 3.080215 3.082788 3.085684 3.088904 3.092447 3.096313 3.100502 3.105014 3.109849 3.115007 3.120489 3.126293 3.132421 3.138872 3.145646 3.152743 3.160163 3.167907 3.175973 3.184363 3.193076 3.202112 3.211471 3.221153 3.231159 3.241488 3.252139 3.263114 3.274412 3.286033 3.297977 3.310245 3.322835 3.335749 3.348985 3.362545 3.376428 3.390635 3.405164 3.420016 3.435192
3.139797 3.133292 3.127111 3.121252 3.115717 3.110505 3.105616 3.10105 3.096807 3.092887 3.089291 3.086017 3.083067 3.08044 3.078136 3.076155 3.074497 3.073163 3.072151 3.071463 3.071098 3.071056 3.071337 3.071941 3.072869 3.074119 3.075693 3.07759 3.079809 3.082353 3.085219 3.088408 3.091921 3.095756 3.099915 3.104397 3.109202 3.11433 3.119781 3.125556 3.131653 3.138074 3.144818 3.151885 3.159275 3.166988 3.175025 3.183384 3.192067 3.201072 3.210401 3.220053 3.230029 3.240327 3.250948 3.261893 3.273161 3.284752 3.296666 3.308903 3.321463 3.334347 3.347553 3.361083 3.374936 3.389112 3.403611 3.418433 3.433578 3.449047
3.133646 3.127434 3.121545 3.115979 3.110737 3.105818 3.101222 3.096949 3.092999 3.089372 3.086068 3.083088 3.080431 3.078096 3.076085 3.074397 3.073033 3.071991 3.071272 3.070877 3.070805 3.071056 3.07163 3.072527 3.073747 3.075291 3.077157 3.079347 3.08186 3.084696 3.087855 3.091337 3.095143 3.099271 3.103723 3.108498 3.113596 3.119017 3.124761 3.130828 3.137219 3.143932 3.150969 3.158329 3.166012 3.174018 3.182348 3.191 3.199976 3.209274 3.218896 3.228841 3.239109 3.249701 3.260615 3.271852 3.283413 3.295297 3.307504 3.320034 3.332887 3.346064 3.359563 3.373386 3.387532 3.402 3.416792 3.431908 3.447346 3.463107
3.127699 3.12178 3.116185 3.110912 3.105963 3.101336 3.097033 3.093053 3.089396 3.086062 3.083051 3.080364 3.078 3.075958 3.07424 3.072845 3.071773 3.071025 3.070599 3.070497 3.070717 3.071261 3.072128 3.073318 3.074831 3.076668 3.078827 3.08131 3.084116 3.087245 3.090697 3.094472 3.09857 3.102992 3.107736 3.112804 3.118195 3.123909 3.129946 3.136306 3.14299 3.149996 3.157326 3.164979 3.172955 3.181254 3.189876 3.198822 3.20809 3.217682 3.227597 3.237834 3.248395 3.25928 3.270487 3.282017 3.293871 3.306048 3.318548 3.331371 3.344517 3.357986 3.371778 3.385894 3.400333 3.415095 3.43018 3.445588 3.461319 3.477373
3.121958 3.116333 3.11103 3.10605 3.101393 3.09706 3.09305 3.089363 3.085999 3.082958 3.08024 3.077845 3.075774 3.074026 3.0726 3.071498 3.070719 3.070264 3.070131 3.070322 3.070835 3.071672 3.072832 3.074315 3.076121 3.07825 3.080703 3.083478 3.086577 3.089999 3.093744 3.097812 3.102203 3.106918 3.111955 3.117316 3.123 3.129007 3.135337 3.14199 3.148966 3.156266 3.163888 3.171834 3.180103 3.188695 3.19761 3.206848 3.21641 3.226295 3.236502 3.247033 3.257887 3.269064 3.280565 3.292388 3.304534 3.317004 3.329797 3.342913 3.356352 3.370114 3.384199 3.398608 3.41334 3.428394 3.443772 3.459473 3.475497 3.491845
3.116423 3.11109 3.10608 3.101393 3.09703 3.092989 3.089272 3.085878 3.082807 3.080059 3.077634 3.075532 3.073754 3.072299 3.071166 3.070357 3.069871 3.069708 3.069868 3.070352 3.071158 3.072288 3.073741 3.075517 3.077616 3.080038 3.082784 3.085852 3.089244 3.092958 3.096997 3.101357 3.106042 3.111049 3.116379 3.122033 3.12801 3.13431 3.140933 3.147879 3.155148 3.16274 3.170656 3.178895 3.187457 3.196342 3.20555 3.215081 3.224935 3.235113 3.245613 3.256437 3.267584 3.279054 3.290847 3.302964 3.315403 3.328166 3.341251 3.35466 3.368392 3.382447 3.396826 3.411527 3.426552 3.4419 3.45757 3.473564 3.489881 3.506522
3.111094 3.106053 3.101336 3.096942 3.092872 3.089124 3.0857 3.082598 3.07982 3.077365 3.075233 3.073425 3.071939 3.070777 3.069937 3.069421 3.069228 3.069358 3.069811 3.070588 3.071687 3.07311 3.074856 3.076925 3.079316 3.082032 3.08507 3.088431 3.092116 3.096124 3.100455 3.105108 3.110085 3.115386 3.121009 3.126956 3.133225 3.139818 3.146734 3.153973 3.161536 3.169421 3.177629 3.186161 3.195016 3.204194 3.213695 3.223519 3.233666 3.244137 3.25493 3.266047 3.277487 3.28925 3.301336 3.313745 3.326477 3.339533 3.352911 3.366613 3.380638 3.394986 3.409658 3.424652 3.43997 3.45561 3.471574 3.487861 3.504471 3.521404
3.105969 3.101222 3.096798 3.092697 3.088919 3.085464 3.082333 3.079525 3.077039 3.074877 3.073038 3.071522 3.07033 3.06946 3.068914 3.068691 3.068791 3.069214 3.06996 3.071029 3.072421 3.074137 3.076176 3.078537 3.081222 3.08423 3.087562 3.091216 3.095194 3.099494 3.104118 3.109065 3.114335 3.119928 3.125844 3.132084 3.138647 3.145532 3.152741 3.160273 3.168128 3.176306 3.184808 3.193633 3.20278 3.212251 3.222045 3.232162 3.242602 3.253366 3.264452 3.275862 3.287595 3.29965 3.31203 3.324732 3.337757 3.351105 3.364777 3.378772 3.39309 3.407731 3.422695 3.437982 3.453593 3.469526 3.485783 3.502363 3.519266 3.536492
3.10105 3.096596 3.092465 3.088657 3.085172 3.08201 3.079172 3.076656 3.074464 3.072595 3.071049 3.069826 3.068926 3.06835 3.068096 3.068166 3.068558 3.069274 3.070313 3.071676 3.073361 3.07537 3.077701 3.080356 3.083334 3.086635 3.090259 3.094206 3.098477 3.10307 3.107987 3.113227 3.11879 3.124676 3.130885 3.137418 3.144273 3.151452 3.158954 3.166779 3.174927 3.183398 3.192192 3.20131 3.21075 3.220514 3.230601 3.241011 3.251744 3.2628 3.27418 3.285882 3.297908 3.310257 3.322929 3.335924 3.349242 3.362884 3.376848 3.391136 3.405747 3.420681 3.435938 3.451518 3.467421 3.483648 3.500197 3.51707 3.534266 3.551785
3.096337 3.092175 3.088337 3.084822 3.08163 3.078761 3.076216 3.073993 3.072094 3.070518 3.069265 3.068335 3.067728 3.067444 3.067484 3.067846 3.068532 3.069541 3.070873 3.072528 3.074506 3.076808 3.079432 3.08238 3.085651 3.089245 3.093162 3.097402 3.101965 3.106852 3.112062 3.117594 3.12345 3.129629 3.136131 3.142956 3.150105 3.157577 3.165371 3.173489 3.18193 3.190694 3.199782 3.209192 3.218926 3.228982 3.239362 3.250065 3.261091 3.27244 3.284113 3.296108 3.308427 3.321069 3.334034 3.347322 3.360933 3.374867 3.389125 3.403705 3.418609 3.433836 3.449386 3.465259 3.481455 3.497975 3.514817 3.531983 3.549472 3.567284
3.091829 3.08796 3.084415 3.081193 3.078294 3.075718 3.073465 3.071536 3.069929 3.068646 3.067686 3.067049 3.066735 3.066744 3.067077 3.067732 3.068711 3.070013 3.071638 3.073586 3.075857 3.078451 3.081369 3.084609 3.088173 3.09206 3.09627 3.100803 3.105659 3.110839 3.116341 3.122167 3.128316 3.134788 3.141583 3.148701 3.156142 3.163907 3.171995 3.180406 3.18914 3.198197 3.207577 3.21728 3.227307 3.237656 3.248329 3.259325 3.270644 3.282286 3.294251 3.30654 3.319151 3.332086 3.345344 3.358925 3.372829 3.387056 3.401607 3.41648 3.431677 3.447196 3.463039 3.479205 3.495695 3.512507 3.529642 3.547101 3.564883 3.582988
3.087526 3.083951 3.080698 3.077769 3.075163 3.07288 3.07092 3.069284 3.06797 3.06698 3.066313 3.065969 3.065948 3.06625 3.066875 3.067824 3.069095 3.07069 3.072608 3.074849 3.077413 3.0803 3.08351 3.087044 3.090901 3.095081 3.099583 3.104409 3.109559 3.115031 3.120827 3.126945 3.133387 3.140152 3.14724 3.154651 3.162385 3.170443 3.178823 3.187527 3.196554 3.205904 3.215577 3.225574 3.235893 3.246536 3.257501 3.26879 3.280402 3.292337 3.304595 3.317177 3.330081 3.343309 3.356859 3.370733 3.38493 3.399451 3.414294 3.42946 3.44495 3.460763 3.476898 3.493357 3.51014 3.527245 3.544673 3.562425 3.580499 3.598897
3.083429 3.080147 3.077187 3.074551 3.072238 3.070248 3.068581 3.067237 3.066217 3.065519 3.065145 3.065094 3.065366 3.065961 3.066879 3.06812 3.069685 3.071573 3.073783 3.076317 3.079174 3.082355 3.085858 3.089684 3.093834 3.098307 3.103102 3.108222 3.113664 3.119429 3.125517 3.131929 3.138664 3.145722 3.153103 3.160807 3.168834 3.177184 3.185858 3.194854 3.204174 3.213817 3.223783 3.234072 3.244685 3.25562 3.266879 3.278461 3.290365 3.302593 3.315145 3.328019 3.341216 3.354737 3.368581 3.382747 3.397237 3.41205 3.427187 3.442646 3.458429 3.474534 3.490963 3.507715 3.52479 3.542188 3.55991 3.577954 3.596322 3.615012
3.079537 3.076548 3.073881 3.071538 3.069518 3.067821 3.066447 3.065396 3.064668 3.064264 3.064183 3.064424 3.064989 3.065877 3.067088 3.068623 3.07048 3.072661 3.075165 3.077991 3.081141 3.084615 3.088411 3.09253 3.096973 3.101738 3.106827 3.112239 3.117974 3.124032 3.130414 3.137118 3.144146 3.151497 3.159171 3.167168 3.175488 3.184131 3.193098 3.202387 3.212 3.221936 3.232195 3.242777 3.253682 3.26491 3.276462 3.288337 3.300534 3.313055 3.325899 3.339067 3.352557 3.36637 3.380507 3.394967 3.40975 3.424856 3.440285 3.456037 3.472113 3.488511 3.505233 3.522278 3.539646 3.557337 3.575351 3.593689 3.612349 3.631333
3.075851 3.073154 3.070781 3.068731 3.067003 3.065599 3.064518 3.063761 3.063326 3.063214 3.063426 3.06396 3.064818 3.065999 3.067503 3.06933 3.071481 3.073954 3.076751 3.079871 3.083314 3.08708 3.091169 3.095581 3.100317 3.105375 3.110757 3.116462 3.12249 3.128841 3.135515 3.142513 3.149833 3.157477 3.165444 3.173734 3.182347 3.191283 3.200543 3.210125 3.220031 3.23026 3.240812 3.251687 3.262885 3.274406 3.286251 3.298418 3.310909 3.323723 3.33686 3.35032 3.364103 3.37821 3.392639 3.407392 3.422468 3.437867 3.453589 3.469634 3.486002 3.502694 3.519709 3.537046 3.554707 3.572691 3.590998 3.609629 3.628582 3.647859
3.072371 3.069967 3.067886 3.066129 3.064694 3.063583 3.062795 3.06233 3.062188 3.06237 3.062874 3.063702 3.064852 3.066326 3.068124 3.070244 3.072687 3.075454 3.078543 3.081956 3.085692 3.089751 3.094133 3.098838 3.103866 3.109218 3.114892 3.12089 3.127211 3.133855 3.140823 3.148113 3.155726 3.163663 3.171923 3.180506 3.189412 3.198641 3.208193 3.218069 3.228267 3.238789 3.249634 3.260802 3.272293 3.284107 3.296245 3.308705 3.321489 3.334595 3.348026 3.361778 3.375855 3.390254 3.404977 3.420022 3.435391 3.451083 3.467098 3.483436 3.500098 3.517082 3.534389 3.55202 3.569974 3.588251 3.606851 3.625774 3.645021 3.66459
3.069095 3.066984 3.065197 3.063732 3.062591 3.061773 3.061277 3.061105 3.061257 3.061731 3.062528 3.063649 3.065093 3.066859 3.068949 3.071362 3.074099 3.077158 3.08054 3.084246 3.088275 3.092627 3.097302 3.1023 3.107621 3.113266 3.119233 3.125524 3.132138 3.139075 3.146335 3.153919 3.161825 3.170054 3.178607 3.187483 3.196682 3.206204 3.216049 3.226218 3.236709 3.247524 3.258662 3.270123 3.281907 3.294014 3.306444 3.319198 3.332274 3.345674 3.359397 3.373443 3.387812 3.402504 3.41752 3.432858 3.44852 3.464504 3.480813 3.497444 3.514398 3.531675 3.549276 3.567199 3.585446 3.604016 3.622909 3.642125 3.661665 3.681527
3.066025 3.064208 3.062713 3.061541 3.060693 3.060167 3.059965 3.060086 3.06053 3.061297 3.062388 3.063801 3.065538 3.067598 3.06998 3.072686 3.075716 3.079068 3.082743 3.086742 3.091064 3.095709 3.100677 3.105968 3.111582 3.117519 3.12378 3.130363 3.13727 3.1445 3.152053 3.15993 3.168129 3.176651 3.185497 3.194666 3.204158 3.213973 3.224111 3.234572 3.245357 3.256464 3.267895 3.279649 3.291726 3.304126 3.316849 3.329895 3.343265 3.356958 3.370973 3.385312 3.399974 3.41496 3.430268 3.445899 3.461854 3.478132 3.494733 3.511657 3.528904 3.546474 3.564368 3.582584 3.601124 3.619987 3.639173 3.658682 3.678514 3.698669
3.063161 3.061636 3.060434 3.059556 3.059 3.058768 3.058858 3.059272 3.060009 3.061069 3.062453 3.064159 3.066189 3.068541 3.071217 3.074216 3.077538 3.081183 3.085152 3.089443 3.094058 3.098996 3.104257 3.109841 3.115748 3.121978 3.128532 3.135408 3.142608 3.150131 3.157977 3.166146 3.174638 3.183454 3.192592 3.202054 3.211839 3.221947 3.232378 3.243132 3.25421 3.26561 3.277333 3.28938 3.30175 3.314443 3.327459 3.340799 3.354461 3.368447 3.382756 3.397388 3.412342 3.427621 3.443222 3.459146 3.475394 3.491964 3.508858 3.526075 3.543615 3.561479 3.579665 3.598174 3.617007 3.636163 3.655642 3.675444 3.695569 3.716017
3.060502 3.05927 3.058361 3.057775 3.057513 3.057574 3.057957 3.058664 3.059694 3.061047 3.062723 3.064723 3.067045 3.06969 3.072659 3.075951 3.079566 3.083504 3.087766 3.09235 3.097258 3.102488 3.108042 3.113919 3.120119 3.126642 3.133489 3.140658 3.148151 3.155967 3.164106 3.172568 3.181353 3.190461 3.199893 3.209647 3.219725 3.230126 3.24085 3.251897 3.263268 3.274961 3.286978 3.299317 3.31198 3.324966 3.338275 3.351907 3.365863 3.380141 3.394743 3.409668 3.424916 3.440487 3.456381 3.472599 3.489139 3.506003 3.523189 3.540699 3.558532 3.576689 3.595168 3.61397 3.633096 3.652544 3.672316 3.692411 3.712829 3.733571
3.058049 3.05711 3.056494 3.056201 3.056231 3.056585 3.057261 3.058261 3.059584 3.06123 3.063199 3.065491 3.068107 3.071045 3.074307 3.077892 3.0818 3.086031 3.090585 3.095462 3.100663 3.106186 3.112033 3.118203 3.124696 3.131512 3.138652 3.146114 3.1539 3.162009 3.17044 3.179195 3.188273 3.197675 3.207399 3.217447 3.227817 3.238511 3.249528 3.260868 3.272532 3.284518 3.296827 3.30946 3.322416 3.335695 3.349297 3.363222 3.37747 3.392042 3.406936 3.422154 3.437695 3.453559 3.469746 3.486256 3.50309 3.520246 3.537726 3.555529 3.573655 3.592104 3.610876 3.629971 3.64939 3.669131 3.689196 3.709584 3.730295 3.751329
3.055801 3.055155 3.054832 3.054832 3.055155 3.055801 3.056771 3.058064 3.059679 3.061618 3.06388 3.066466 3.069374 3.072605 3.07616 3.080038 3.084239 3.088763 3.09361 3.09878 3.104273 3.11009 3.11623 3.122693 3.129478 3.136588 3.14402 3.151775 3.159854 3.168255 3.17698 3.186028 3.195399 3.205093 3.215111 3.225451 3.236115 3.247102 3.258411 3.270045 3.282001 3.29428 3.306882 3.319808 3.333057 3.346628 3.360523 3.374742 3.389283 3.404147 3.419335 3.434845 3.450679 3.466836 3.483316 3.500119 3.517246 3.534695 3.552468 3.570564 3.588982 3.607724 3.62679 3.646178 3.665889 3.685924 3.706281 3.726962 3.747966 3.769294
3.053758 3.053405 3.053375 3.053668 3.054284 3.055223 3.056486 3.058071 3.05998 3.062212 3.064767 3.067645 3.070847 3.074371 3.078218 3.082389 3.086883 3.0917 3.09684 3.102303 3.108089 3.114199 3.120632 3.127387 3.134466 3.141868 3.149594 3.157642 3.166013 3.174708 3.183726 3.193066 3.20273 3.212718 3.223028 3.233661 3.244618 3.255898 3.2675 3.279426 3.291675 3.304248 3.317143 3.330361 3.343903 3.357768 3.371956 3.386467 3.401301 3.416458 3.431939 3.447742 3.463869 3.480319 3.497092 3.514188 3.531607 3.54935 3.567415 3.585804 3.604516 3.623551 3.642909 3.66259 3.682594 3.702922 3.723572 3.744546 3.765843 3.787463
3.051921 3.051861 3.052124 3.05271 3.053619 3.054851 3.056406 3.058285 3.060487 3.063011 3.065859 3.06903 3.072525 3.076342 3.080482 3.084946 3.089733 3.094843 3.100276 3.106032 3.112111 3.118513 3.125239 3.132288 3.139659 3.147355 3.155373 3.163714 3.172378 3.181366 3.190676 3.20031 3.210267 3.220547 3.23115 3.242077 3.253326 3.264899 3.276794 3.289013 3.301555 3.31442 3.327609 3.34112 3.354955 3.369112 3.383593 3.398397 3.413524 3.428975 3.444748 3.460845 3.477264 3.494007 3.511073 3.528462 3.546174 3.564209 3.582568 3.601249 3.620254 3.639582 3.659233 3.679207 3.699505 3.720125 3.741069 3.762335 3.783925 3.805838
3.050289 3.050522 3.051078 3.051957 3.053159 3.054684 3.056532 3.058704 3.061198 3.064016 3.067157 3.070621 3.074408 3.078518 3.082952 3.087708 3.092788 3.098191 3.103917 3.109966 3.116338 3.123033 3.130052 3.137393 3.145058 3.153046 3.161357 3.169991 3.178949 3.188229 3.197833 3.207759 3.218009 3.228582 3.239478 3.250698 3.26224 3.274106 3.286294 3.298806 3.311641 3.324799 3.33828 3.352085 3.366212 3.380663 3.395437 3.410533 3.425953 3.441697 3.457763 3.474152 3.490865 3.507901 3.525259 3.542942 3.560947 3.579275 3.597926 3.616901 3.636199 3.655819 3.675763 3.69603 3.71662 3.737534 3.75877 3.78033 3.802213 3.824419
3.048863 3.049389 3.050238 3.051409 3.052904 3.054723 3.056864 3.059328 3.062116 3.065226 3.06866 3.072417 3.076497 3.0809 3.085627 3.090676 3.096049 3.101744 3.107763 3.114105 3.12077 3.127759 3.13507 3.142705 3.150662 3.158943 3.167547 3.176474 3.185724 3.195298 3.205194 3.215414 3.225957 3.236823 3.248012 3.259524 3.271359 3.283518 3.295999 3.308804 3.321932 3.335383 3.349157 3.363254 3.377675 3.392418 3.407485 3.422875 3.438588 3.454624 3.470983 3.487666 3.504671 3.522 3.539652 3.557626 3.575925 3.594546 3.61349 3.632757 3.652348 3.672262 3.692499 3.713059 3.733942 3.755148 3.776678 3.79853 3.820706 3.843205
3.047643 3.048461 3.049603 3.051068 3.052855 3.054966 3.057401 3.060158 3.063238 3.066642 3.070369 3.074419 3.078792 3.083488 3.088507 3.093849 3.099515 3.105504 3.111815 3.11845 3.125408 3.132689 3.140294 3.148221 3.156472 3.165046 3.173943 3.183163 3.192706 3.202572 3.212762 3.223274 3.23411 3.245269 3.256751 3.268556 3.280684 3.293135 3.30591 3.319008 3.332428 3.346172 3.36024 3.37463 3.389343 3.40438 3.419739 3.435422 3.451428 3.467757 3.484409 3.501384 3.518683 3.536304 3.554249 3.572517 3.591108 3.610022 3.629259 3.64882 3.668703 3.68891 3.70944 3.730293 3.751469 3.772968 3.79479 3.816936 3.839404 3.862196
3.046628 3.047739 3.049173 3.050931 3.053012 3.055416 3.058143 3.061193 3.064567 3.068263 3.072283 3.076626 3.081291 3.086281 3.091593 3.097228 3.103186 3.109468 3.116073 3.123001 3.130252 3.137826 3.145723 3.153944 3.162487 3.171354 3.180544 3.190057 3.199893 3.210052 3.220534 3.23134 3.242468 3.25392 3.265695 3.277793 3.290214 3.302959 3.316026 3.329417 3.34313 3.357167 3.371527 3.38621 3.401217 3.416546 3.432199 3.448174 3.464473 3.481095 3.49804 3.515309 3.5329 3.550814 3.569052 3.587613 3.606497 3.625704 3.645234 3.665087 3.685264 3.705763 3.726586 3.747732 3.769201 3.790993 3.813108 3.835547 3.858308 3.881393
3.045818 3.047222 3.048949 3.051 3.053374 3.056071 3.059091 3.062434 3.0661 3.07009 3.074402 3.079038 3.083997 3.089279 3.094884 3.100812 3.107064 3.113638 3.120536 3.127757 3.1353 3.143167 3.151358 3.159871 3.168708 3.177867 3.18735 3.197156 3.207285 3.217737 3.228512 3.239611 3.251032 3.262777 3.274845 3.287236 3.29995 3.312987 3.326348 3.340031 3.354038 3.368368 3.383021 3.397997 3.413296 3.428918 3.444864 3.461132 3.477724 3.494639 3.511877 3.529438 3.547323 3.56553 3.58406 3.602914 3.622091 3.641591 3.661414 3.68156 3.70203 3.722822 3.743938 3.765377 3.787139 3.809224 3.831632 3.854363 3.877418 3.900795
