SEB_model/sample_data_files/contemp/SnowProbe_data/winter_snow_0809.txt
ncols         313
nrows         278
xllcorner     388961.19995117
yllcorner     7584381.3441773
cellsize      5
NODATA_value  -9999
[rows 124 to 154 of 278, columns 70 to 139 of 313]
-9999 -9999 -9999 -9999 -9999 -9999 -9999 -9999 -9999 -9999 -9999 -9999 -9999 -9999 -9999 -9999 -9999 -9999 -9999 -9999 -9999 -9999 -9999 -9999 -9999 -9999 -9999 -9999 -9999 -9999 -9999 -9999 -9999 -9999 -9999 -9999 -9999 2.126311 2.124461 2.122611 2.120761 2.118911 2.117061 2.115211 2.113361 2.111511 2.109662 2.107812 2.105962 2.104112 2.102262 2.100412 2.098562 2.096712 2.094862 2.093012 2.091162 2.089313 2.087463 2.085613 2.083763 2.081913 2.080063 2.078213 2.076363 2.074513 2.072664 2.070814 2.068964 2.067114
-9999 -9999 -9999 -9999 -9999 -9999 -9999 -9999 -9999 -9999 -9999 -9999 -9999 -9999 -9999 -9999 -9999 -9999 -9999 -9999 -9999 -9999 -9999 -9999 -9999 -9999 -9999 -9999 -9999 -9999 -9999 -9999 -9999 -9999 -9999 -9999 -9999 -9999 2.119939 2.118089 2.116239 2.114389 2.112539 2.110689 2.10884 2.10699 2.10514 2.10329 2.10144 2.09959 2.09774 2.09589 2.09404 2.09219 2.09034 2.08849 2.086641 2.084791 2.082941 2.081091 2.079241 2.077391 2.075541 2.073691 2.071841 2.069992 2.068141 2.066292 2.064442 2.062592
-9999 -9999 -9999 -9999 -9999 -9999 -9999 -9999 -9999 -9999 -9999 -9999 -9999 -9999 -9999 -9999 -9999 -9999 -9999 -9999 -9999 -9999 -9999 -9999 -9999 -9999 -9999 -9999 -9999 -9999 -9999 -9999 -9999 -9999 -9999 -9999 -9999 -9999 -9999 -9999 2.111717 2.109867 2.108017 2.106168 2.104318 2.102468 2.100618 2.098768 2.096918 2.095068 2.093218 2.091368 2.089518 2.087668 2.085819 2.083969 2.082119 2.080269 2.078419 2.076569 2.074719 2.072869 2.071019 2.069169 2.067319 2.06547 2.06362 2.06177 2.05992 2.05807
-9999 -9999 -9999 -9999 -9999 -9999 -9999 -9999 -9999 -9999 -9999 -9999 -9999 -9999 -9999 -9999 -9999 -9999 -9999 -9999 -9999 -9999 -9999 -9999 -9999 -9999 -9999 -9999 -9999 -9999 -9999 -9999 -9999 -9999 -9999 -9999 -9999 -9999 -9999 -9999 2.107195 2.105345 2.103496 2.101645 2.099796 2.097946 2.096096 2.094246 2.092396 2.090546 2.088696 2.086846 2.084996 2.083147 2.081297 2.079447 2.077597 2.075747 2.073897 2.072047 2.070197 2.068347 2.066497 2.064647 2.062798 2.060948 2.059098 2.057248 2.055398 2.053548
-9999 -9999 -9999 -9999 -9999 -9999 -9999 -9999 -9999 -9999 -9999 -9999 -9999 -9999 -9999 -9999 -9999 -9999 -9999 -9999 -9999 -9999 -9999 -9999 -9999 -9999 -9999 -9999 -9999 -9999 -9999 -9999 -9999 -9999 -9999 -9999 -9999 -9999 -9999 -9999 2.102673 2.100823 2.098974 2.097124 2.095274 2.093424 2.091574 2.089724 2.087874 2.086024 2.084174 2.082325 2.080475 2.078625 2.076775 2.074925 2.073075 2.071225 2.069375 2.067525 2.065675 2.063825 2.061975 2.060126 2.058276 2.056426 2.054576 2.052726 2.050876 2.049026
-9999 -9999 -9999 -9999 -9999 -9999 -9999 -9999 -9999 -9999 -9999 -9999 -9999 -9999 -9999 -9999 -9999 -9999 -9999 -9999 -9999 -9999 -9999 -9999 -9999 -9999 -9999 -9999 -9999 -9999 -9999 -9999 -9999 -9999 -9999 -9999 -9999 -9999 -9999 -9999 2.098151 2.096302 2.094452 2.092602 2.090752 2.088902 2.087052 2.085202 2.083352 2.081502 2.079653 2.077802 2.075953 2.074103 2.072253 2.070403 2.068553 2.066703 2.064853 2.063003 2.061153 2.059304 2.057454 2.055604 2.053754 2.051904 2.050054 2.048204 2.046354 2.044504
-9999 -9999 -9999 -9999 -9999 -9999 -9999 -9999 -9999 -9999 -9999 -9999 -9999 -9999 -9999 -9999 -9999 -9999 -9999 -9999 -9999 -9999 -9999 -9999 -9999 -9999 -9999 -9999 -9999 -9999 -9999 -9999 -9999 -9999 -9999 -9999 -9999 -9999 -9999 -9999 -9999 2.09178 2.08993 2.08808 2.08623 2.08438 2.08253 2.08068 2.07883 2.07698 2.07513 2.073281 2.071431 2.069581 2.067731 2.065881 2.064031 2.062181 2.060331 2.058481 2.056632 2.054782 2.052932 2.051082 2.049232 2.047382 2.045532 2.043682 2.041832 2.039982
-9999 -9999 -9999 -9999 -9999 -9999 -9999 -9999 -9999 -9999 -9999 -9999 -9999 -9999 -9999 -9999 -9999 -9999 -9999 -9999 -9999 -9999 -9999 -9999 -9999 -9999 -9999 -9999 -9999 -9999 -9999 -9999 -9999 -9999 -9999 -9999 -9999 -9999 -9999 -9999 -9999 -9999 2.085408 2.083558 2.081708 2.079858 2.078008 2.076158 2.074308 2.072459 2.070609 2.068759 2.066909 2.065059 2.063209 2.061359 2.059509 2.057659 2.055809 2.053959 2.052109 2.05026 2.04841 2.04656 2.04471 2.04286 2.04101 2.03916 2.03731 2.03546
-9999 -9999 -9999 -9999 -9999 -9999 -9999 -9999 -9999 -9999 -9999 -9999 -9999 -9999 -9999 -9999 -9999 -9999 -9999 -9999 -9999 -9999 -9999 -9999 -9999 -9999 -9999 -9999 -9999 -9999 -9999 -9999 -9999 -9999 -9999 -9999 -9999 -9999 -9999 -9999 -9999 -9999 -9999 2.079036 2.077186 2.075336 2.073486 2.071636 2.069787 2.067937 2.066087 2.064237 2.062387 2.060537 2.058687 2.056837 2.054987 2.053137 2.051287 2.049438 2.047588 2.045738 2.043888 2.042038 2.040188 2.038338 2.036488 2.034638 2.032789 2.030939
-9999 -9999 -9999 -9999 -9999 -9999 -9999 -9999 -9999 -9999 -9999 -9999 -9999 -9999 -9999 -9999 -9999 -9999 -9999 -9999 -9999 -9999 -9999 -9999 -9999 -9999 -9999 -9999 -9999 -9999 -9999 -9999 -9999 -9999 -9999 -9999 -9999 -9999 -9999 -9999 -9999 -9999 -9999 2.074514 2.072664 2.070814 2.068964 2.067115 2.065265 2.063415 2.061565 2.059715 2.057865 2.056015 2.054165 2.052315 2.050465 2.048615 2.046766 2.044916 2.043066 2.041216 2.039366 2.037516 2.035666 2.033816 2.031966 2.030116 2.028266 2.026417
-9999 -9999 -9999 -9999 -9999 -9999 -9999 -9999 -9999 -9999 -9999 -9999 -9999 -9999 -9999 -9999 -9999 -9999 -9999 -9999 -9999 -9999 -9999 -9999 -9999 -9999 -9999 -9999 -9999 -9999 -9999 -9999 -9999 -9999 -9999 -9999 -9999 -9999 -9999 -9999 -9999 -9999 -9999 2.069992 2.068142 2.066293 2.064443 2.062593 2.060743 2.058893 2.057043 2.055193 2.053343 2.051493 2.049643 2.047793 2.045943 2.044094 2.042244 2.040394 2.038544 2.036694 2.034844 2.032994 2.031144 2.029294 2.027444 2.025594 2.023745 2.021895
-9999 -9999 -9999 -9999 -9999 -9999 -9999 -9999 -9999 -9999 -9999 -9999 -9999 -9999 -9999 -9999 -9999 -9999 -9999 -9999 -9999 -9999 -9999 -9999 -9999 -9999 -9999 -9999 -9999 -9999 -9999 -9999 -9999 -9999 -9999 -9999 -9999 -9999 -9999 -9999 -9999 -9999 -9999 2.06547 2.06362 2.06177 2.059921 2.058071 2.056221 2.054371 2.052521 2.050671 2.048821 2.046971 2.045121 2.043272 2.041422 2.039572 2.037722 2.035872 2.034022 2.032172 2.030322 2.028472 2.026622 2.024772 2.022923 2.021073 2.019223 2.017373
-9999 -9999 -9999 -9999 -9999 -9999 -9999 -9999 -9999 -9999 -9999 -9999 -9999 -9999 -9999 -9999 -9999 -9999 -9999 -9999 -9999 -9999 -9999 -9999 -9999 -9999 -9999 -9999 -9999 -9999 -9999 -9999 -9999 -9999 -9999 -9999 -9999 -9999 -9999 -9999 -9999 -9999 -9999 -9999 2.059098 2.057249 2.055399 2.053549 2.051699 2.049849 2.047999 2.046149 2.044299 2.042449 2.0406 2.03875 2.0369 2.03505 2.0332 2.03135 2.0295 2.02765 2.0258 2.02395 2.0221 2.020251 2.018401 2.016551 2.014701 2.012851
-9999 -9999 -9999 -9999 -9999 -9999 -9999 -9999 -9999 -9999 -9999 -9999 -9999 -9999 -9999 -9999 -9999 -9999 -9999 -9999 -9999 -9999 -9999 -9999 -9999 -9999 -9999 -9999 -9999 2.082325 2.080475 2.078625 2.076776 2.074926 2.073076 2.071226 2.069376 -9999 -9999 -9999 -9999 -9999 -9999 -9999 -9999 2.052727 2.050877 2.049027 2.047177 2.045327 2.043477 2.041627 2.039777 2.037927 2.036077 2.034228 2.032378 2.030528 2.028678 2.026828 2.024978 2.023128 2.021278 2.019428 2.017579 2.015729 2.013879 2.012029 2.010179 2.008329
-9999 -9999 -9999 -9999 -9999 -9999 -9999 -9999 -9999 -9999 -9999 -9999 -9999 -9999 -9999 -9999 -9999 -9999 -9999 -9999 -9999 -9999 -9999 -9999 -9999 2.085203 2.083353 2.081503 2.079653 2.077803 2.075953 2.074104 2.072254 2.070404 2.068554 2.066704 2.064854 2.063004 -9999 -9999 -9999 -9999 -9999 -9999 2.050055 2.048205 2.046355 2.044505 2.042655 2.040805 2.038955 2.037105 2.035255 2.033406 2.031556 2.029706 2.027856 2.026006 2.024156 2.022306 2.020456 2.018606 2.016757 2.014906 2.013057 2.011207 2.009357 2.007507 2.005657 2.003807
-9999 -9999 -9999 -9999 -9999 -9999 -9999 -9999 -9999 -9999 -9999 -9999 -9999 -9999 -9999 -9999 -9999 -9999 -9999 -9999 -9999 -9999 -9999 2.084381 2.082531 2.080681 2.078831 2.076981 2.075131 2.073282 2.071431 2.069582 2.067732 2.065882 2.064032 2.062182 2.060332 2.058482 2.056632 -9999 -9999 -9999 -9999 2.047383 2.045533 2.043683 2.041833 2.039983 2.038133 2.036283 2.034433 2.032583 2.030734 2.028884 2.027034 2.025184 2.023334 2.021484 2.019634 2.017784 2.015934 2.014084 2.012234 2.010385 2.008535 2.006685 2.004835 2.002985 2.001135 1.999285
-9999 -9999 -9999 -9999 -9999 -9999 -9999 -9999 -9999 -9999 -9999 -9999 -9999 -9999 -9999 -9999 -9999 -9999 -9999 -9999 -9999 2.083559 2.081709 2.079859 2.078009 2.076159 2.074309 2.072459 2.070609 2.068759 2.06691 2.06506 2.06321 2.06136 2.05951 2.05766 2.05581 2.05396 2.05211 2.050261 -9999 -9999 -9999 2.042861 2.041011 2.039161 2.037311 2.035461 2.033611 2.031761 2.029912 2.028062 2.026212 2.024362 2.022512 2.020662 2.018812 2.016962 2.015112 2.013262 2.011412 2.009562 2.007713 2.005863 2.004013 2.002163 2.000313 1.998463 1.996613 1.994763
-9999 -9999 -9999 -9999 -9999 -9999 -9999 -9999 -9999 -9999 -9999 -9999 -9999 -9999 -9999 -9999 -9999 -9999 -9999 2.082737 2.080887 2.079037 2.077187 2.075337 2.073487 2.071637 2.069787 2.067937 2.066087 2.064238 2.062388 2.060538 2.058688 2.056838 2.054988 2.053138 2.051288 2.049438 2.047588 2.045738 2.043889 2.042039 2.040189 2.038339 2.036489 2.034639 2.032789 2.030939 2.029089 2.02724 2.02539 2.02354 2.02169 2.01984 2.01799 2.01614 2.01429 2.01244 2.01059 2.00874 2.006891 2.005041 2.003191 2.001341 1.999491 1.997641 1.995791 1.993941 1.992091 1.990241
-9999 -9999 -9999 -9999 -9999 -9999 -9999 -9999 -9999 -9999 -9999 -9999 -9999 -9999 -9999 -9999 -9999 -9999 2.080065 2.078215 2.076365 2.074515 2.072665 2.070815 2.068965 2.067115 2.065265 2.063416 2.061566 2.059716 2.057866 2.056016 2.054166 2.052316 2.050466 2.048616 2.046766 2.044916 2.043067 2.041217 2.039367 2.037517 2.035667 2.033817 2.031967 2.030117 2.028267 2.026417 2.024568 2.022717 2.020868 2.019018 2.017168 2.015318 2.013468 2.011618 2.009768 2.007918 2.006068 2.004219 2.002369 2.000519 1.998669 1.996819 1.994969 1.993119 1.991269 1.989419 1.987569 1.985719
-9999 -9999 -9999 -9999 -9999 -9999 -9999 -9999 -9999 -9999 -9999 -9999 -9999 -9999 -9999 -9999 -9999 2.077393 2.075543 2.073693 2.071843 2.069993 2.068143 2.066293 2.064443 2.062593 2.060744 2.058894 2.057044 2.055194 2.053344 2.051494 2.049644 2.047794 2.045944 2.044094 2.042244 2.040395 2.038545 2.036695 2.034845 2.032995 2.031145 2.029295 2.027445 2.025595 2.023745 2.021895 2.020046 2.018196 2.016346 2.014496 2.012646 2.010796 2.008946 2.007096 2.005246 2.003397 2.001547 1.999697 1.997847 1.995997 1.994147 1.992297 1.990447 1.988597 1.986747 1.984897 1.983047 1.981198
-9999 -9999 -9999 -9999 -9999 -9999 -9999 -9999 -9999 2.08767 2.08582 2.08397 2.08212 2.08027 2.07842 2.076571 2.074721 2.072871 2.071021 2.069171 2.067321 2.065471 2.063621 2.061771 2.059922 2.058072 2.056222 2.054372 2.052522 2.050672 2.048822 2.046972 2.045122 2.043272 2.041422 2.039572 2.037723 2.035873 2.034023 2.032173 2.030323 2.028473 2.026623 2.024773 2.022923 2.021073 2.019223 2.017374 2.015524 2.013674 2.011824 2.009974 2.008124 2.006274 2.004424 2.002574 2.000725 1.998875 1.997025 1.995175 1.993325 1.991475 1.989625 1.987775 1.985925 1.984075 1.982225 1.980376 1.978526 1.976676
-9999 -9999 -9999 -9999 -9999 2.090548 2.088698 2.086848 2.084998 2.083148 2.081298 2.079448 2.077598 2.075748 2.073899 2.072049 2.070199 2.068349 2.066499 2.064649 2.062799 2.060949 2.059099 2.057249 2.055399 2.05355 2.0517 2.04985 2.048 2.04615 2.0443 2.04245 2.0406 2.03875 2.036901 2.035051 2.033201 2.031351 2.029501 2.027651 2.025801 2.023951 2.022101 2.020251 2.018401 2.016551 2.014702 2.012852 2.011002 2.009152 2.007302 2.005452 2.003602 2.001752 1.999902 1.998052 1.996203 1.994353 1.992503 1.990653 1.988803 1.986953 1.985103 1.983253 1.981403 1.979553 1.977703 1.975854 1.974004 1.972154
-9999 -9999 -9999 2.089726 2.087876 2.086026 2.084176 2.082326 2.080476 2.078626 2.076776 2.074926 2.073076 2.071227 2.069377 2.067527 2.065677 2.063827 2.061977 2.060127 2.058277 2.056427 2.054577 2.052727 2.050878 2.049028 2.047178 2.045328 2.043478 2.041628 2.039778 2.037928 2.036078 2.034229 2.032378 2.030529 2.028679 2.026829 2.024979 2.023129 2.021279 2.019429 2.017579 2.015729 2.01388 2.01203 2.01018 2.00833 2.00648 2.00463 2.00278 2.00093 1.99908 1.99723 1.99538 1.993531 1.991681 1.989831 1.987981 1.986131 1.984281 1.982431 1.980581 1.978731 1.976881 1.975031 1.973182 1.971332 1.969482 1.967632
-9999 2.088903 2.087054 2.085204 2.083354 2.081504 2.079654 2.077804 2.075954 2.074104 2.072254 2.070405 2.068555 2.066705 2.064855 2.063005 2.061155 2.059305 2.057455 2.055605 2.053755 2.051905 2.050056 2.048206 2.046356 2.044506 2.042656 2.040806 2.038956 2.037106 2.035256 2.033406 2.031556 2.029706 2.027857 2.026007 2.024157 2.022307 2.020457 2.018607 2.016757 2.014907 2.013057 2.011208 2.009358 2.007508 2.005658 2.003808 2.001958 2.000108 1.998258 1.996408 1.994558 1.992708 1.990859 1.989009 1.987159 1.985309 1.983459 1.981609 1.979759 1.977909 1.976059 1.974209 1.972359 1.97051 1.96866 1.96681 1.96496 1.96311
2.086231 2.084382 2.082532 2.080682 2.078832 2.076982 2.075132 2.073282 2.071432 2.069582 2.067733 2.065883 2.064033 2.062183 2.060333 2.058483 2.056633 2.054783 2.052933 2.051083 2.049233 2.047384 2.045534 2.043684 2.041834 2.039984 2.038134 2.036284 2.034434 2.032584 2.030734 2.028884 2.027035 2.025185 2.023335 2.021485 2.019635 2.017785 2.015935 2.014085 2.012235 2.010386 2.008535 2.006685 2.004836 2.002986 2.001136 1.999286 1.997436 1.995586 1.993736 1.991886 1.990036 1.988186 1.986337 1.984487 1.982637 1.980787 1.978937 1.977087 1.975237 1.973387 1.971537 1.969687 1.967838 1.965988 1.964138 1.962288 1.960438 1.958588
2.08171 2.07986 2.07801 2.07616 2.07431 2.07246 2.07061 2.06876 2.066911 2.06506 2.06321 2.061361 2.059511 2.057661 2.055811 2.053961 2.052111 2.050261 2.048411 2.046561 2.044712 2.042862 2.041012 2.039162 2.037312 2.035462 2.033612 2.031762 2.029912 2.028062 2.026212 2.024363 2.022513 2.020663 2.018813 2.016963 2.015113 2.013263 2.011413 2.009563 2.007713 2.005863 2.004014 2.002164 2.000314 1.998464 1.996614 1.994764 1.992914 1.991064 1.989214 1.987364 1.985515 1.983665 1.981815 1.979965 1.978115 1.976265 1.974415 1.972565 1.970715 1.968865 1.967016 1.965166 1.963316 1.961466 1.959616 1.957766 1.955916 1.954066
2.077188 2.075338 2.073488 2.071638 2.069788 2.067938 2.066088 2.064238 2.062388 2.060539 2.058689 2.056839 2.054989 2.053139 2.051289 2.049439 2.047589 2.045739 2.04389 2.04204 2.04019 2.03834 2.03649 2.03464 2.03279 2.03094 2.02909 2.02724 2.02539 2.02354 2.021691 2.019841 2.017991 2.016141 2.014291 2.012441 2.010591 2.008741 2.006891 2.005041 2.003191 2.001342 1.999492 1.997642 1.995792 1.993942 1.992092 1.990242 1.988392 1.986542 1.984692 1.982843 1.980993 1.979143 1.977293 1.975443 1.973593 1.971743 1.969893 1.968043 1.966193 1.964343 1.962494 1.960644 1.958794 1.956944 1.955094 1.953244 1.951394 1.949544
2.072666 2.070816 2.068966 2.067116 2.065266 2.063416 2.061566 2.059716 2.057867 2.056017 2.054167 2.052317 2.050467 2.048617 2.046767 2.044917 2.043067 2.041217 2.039367 2.037518 2.035668 2.033818 2.031968 2.030118 2.028268 2.026418 2.024568 2.022718 2.020869 2.019019 2.017169 2.015319 2.013469 2.011619 2.009769 2.007919 2.006069 2.004219 2.002369 2.00052 1.99867 1.99682 1.99497 1.99312 1.99127 1.98942 1.98757 1.98572 1.98387 1.98202 1.98017 1.978321 1.976471 1.974621 1.972771 1.970921 1.969071 1.967221 1.965371 1.963521 1.961671 1.959822 1.957972 1.956122 1.954272 1.952422 1.950572 1.948722 1.946872 1.945022
2.068144 2.066294 2.064444 2.062594 2.060744 2.058894 2.057045 2.055195 2.053345 2.051495 2.049645 2.047795 2.045945 2.044095 2.042245 2.040395 2.038545 2.036695 2.034846 2.032996 2.031146 2.029296 2.027446 2.025596 2.023746 2.021896 2.020046 2.018197 2.016346 2.014497 2.012647 2.010797 2.008947 2.007097 2.005247 2.003397 2.001547 1.999697 1.997848 1.995998 1.994148 1.992298 1.990448 1.988598 1.986748 1.984898 1.983048 1.981198 1.979348 1.977499 1.975649 1.973799 1.971949 1.970099 1.968249 1.966399 1.964549 1.962699 1.960849 1.959 1.95715 1.9553 1.95345 1.9516 1.94975 1.9479 1.94605 1.9442 1.94235 1.9405
2.063622 2.061772 2.059922 2.058072 2.056222 2.054373 2.052523 2.050673 2.048823 2.046973 2.045123 2.043273 2.041423 2.039573 2.037723 2.035873 2.034024 2.032174 2.030324 2.028474 2.026624 2.024774 2.022924 2.021074 2.019224 2.017374 2.015524 2.013674 2.011825 2.009975 2.008125 2.006275 2.004425 2.002575 2.000725 1.998875 1.997025 1.995175 1.993326 1.991476 1.989626 1.987776 1.985926 1.984076 1.982226 1.980376 1.978526 1.976676 1.974827 1.972977 1.971127 1.969277 1.967427 1.965577 1.963727 1.961877 1.960027 1.958177 1.956327 1.954478 1.952628 1.950778 1.948928 1.947078 1.945228 1.943378 1.941528 1.939678 1.937828 1.935979
2.0591 2.05725 2.0554 2.05355 2.051701 2.04985 2.048001 2.046151 2.044301 2.042451 2.040601 2.038751 2.036901 2.035051 2.033201 2.031352 2.029502 2.027652 2.025802 2.023952 2.022102 2.020252 2.018402 2.016552 2.014702 2.012852 2.011003 2.009153 2.007303 2.005453 2.003603 2.001753 1.999903 1.998053 1.996203 1.994353 1.992504 1.990654 1.988804 1.986954 1.985104 1.983254 1.981404 1.979554 1.977704 1.975854 1.974004 1.972154 1.970305 1.968455 1.966605 1.964755 1.962905 1.961055 1.959205 1.957355 1.955505 1.953655 1.951806 1.949956 1.948106 1.946256 1.944406 1.942556 1.940706 1.938856 1.937006 1.935156 1.933307 1.931457
