SEB_model/sample_data_files/contemp/SnowProbe_data/winter_snow_1011.txt
ncols         313
nrows         278
xllcorner     388961.19995117
yllcorner     7584381.3441773
cellsize      5
NODATA_value  -9999
[rows 155 to 185 of 278, columns 140 to 209 of 313]
3.128386 3.139164 3.150265 3.16169 3.173437 3.185508 3.197902 3.210619 3.223659 3.237022 3.250708 3.264718 3.27905 3.293706 3.308685 3.323987 3.339612 3.35556 3.371832 3.388426 3.405344 3.422585 3.440149 3.458036 3.476246 3.494779 3.513636 3.532815 3.552318 3.572144 3.592293 3.612766 3.633561 3.654679 3.676121 3.697886 3.719973 3.742384 3.765119 3.788176 3.811556 3.83526 3.859287 3.883636 3.908309 3.933305 3.958625 3.984267 4.010232 4.036521 4.063133 4.090068 4.117326 4.144907 4.172812 4.201039 4.229589 4.258463 4.28766 4.31718 4.347023 4.37719 4.407679 4.438491 4.469627 4.501086 4.532868 4.564973 4.597401 4.630152
3.134356 3.145427 3.156822 3.168539 3.180579 3.192943 3.20563 3.21864 3.231972 3.245629 3.259608 3.27391 3.288536 3.303484 3.318756 3.334351 3.350269 3.36651 3.383075 3.399962 3.417173 3.434707 3.452564 3.470743 3.489247 3.508073 3.527222 3.546695 3.566491 3.58661 3.607051 3.627816 3.648905 3.670316 3.692051 3.714108 3.736489 3.759193 3.78222 3.80557 3.829244 3.85324 3.87756 3.902203 3.927168 3.952457 3.97807 4.004005 4.030263 4.056845 4.08375 4.110978 4.138528 4.166403 4.1946 4.22312 4.251964 4.28113 4.31062 4.340433 4.370569 4.401029 4.431811 4.462916 4.494345 4.526097 4.558171 4.590569 4.623291 4.656335
3.140532 3.151896 3.163583 3.175594 3.187927 3.200583 3.213563 3.226866 3.240492 3.254441 3.268713 3.283308 3.298227 3.313468 3.329033 3.344921 3.361132 3.377666 3.394523 3.411704 3.429207 3.447034 3.465184 3.483657 3.502453 3.521572 3.541014 3.56078 3.580868 3.60128 3.622015 3.643073 3.664454 3.686159 3.708186 3.730537 3.75321 3.776207 3.799527 3.82317 3.847137 3.871426 3.896039 3.920974 3.946233 3.971815 3.99772 4.023949 4.0505 4.077374 4.104572 4.132093 4.159936 4.188104 4.216594 4.245407 4.274544 4.304003 4.333786 4.363892 4.394321 4.425073 4.456148 4.487546 4.519268 4.551313 4.583681 4.616372 4.649385 4.682723
3.146914 3.15857 3.17055 3.182853 3.19548 3.208429 3.221702 3.235297 3.249216 3.263458 3.278023 3.292912 3.308123 3.323658 3.339515 3.355696 3.3722 3.389027 3.406177 3.423651 3.441447 3.459567 3.478009 3.496775 3.515864 3.535276 3.555012 3.57507 3.595452 3.616156 3.637184 3.658535 3.680209 3.702207 3.724527 3.74717 3.770137 3.793427 3.81704 3.840976 3.865235 3.889817 3.914723 3.939951 3.965503 3.991378 4.017576 4.044097 4.070941 4.098109 4.1256 4.153413 4.18155 4.21001 4.238793 4.2679 4.297329 4.327081 4.357157 4.387556 4.418278 4.449323 4.480691 4.512383 4.544397 4.576735 4.609395 4.642379 4.675686 4.709316
3.1535 3.16545 3.177723 3.190319 3.203238 3.21648 3.230046 3.243935 3.258147 3.272681 3.287539 3.302721 3.318225 3.334052 3.350203 3.366677 3.383473 3.400594 3.418037 3.435803 3.453892 3.472305 3.49104 3.510099 3.529481 3.549186 3.569215 3.589566 3.61024 3.631238 3.652559 3.674203 3.69617 3.71846 3.741073 3.76401 3.787269 3.810852 3.834758 3.858987 3.883539 3.908414 3.933613 3.959134 3.984979 4.011147 4.037638 4.064452 4.091589 4.119049 4.146833 4.17494 4.203369 4.232122 4.261198 4.290597 4.32032 4.350365 4.380733 4.411426 4.44244 4.473778 4.505439 4.537424 4.569731 4.602362 4.635315 4.668592 4.702192 4.736115
3.160292 3.172535 3.185101 3.19799 3.211202 3.224737 3.238596 3.252777 3.267282 3.28211 3.297261 3.312735 3.328532 3.344653 3.361096 3.377863 3.394953 3.412365 3.430101 3.448161 3.466543 3.485249 3.504277 3.523629 3.543304 3.563302 3.583623 3.604267 3.625235 3.646525 3.668139 3.690076 3.712336 3.734919 3.757825 3.781054 3.804607 3.828483 3.852681 3.877203 3.902048 3.927217 3.952708 3.978522 4.00466 4.031121 4.057905 4.085011 4.112442 4.140195 4.168272 4.196671 4.225394 4.254439 4.283809 4.3135 4.343516 4.373854 4.404516 4.4355 4.466808 4.498439 4.530393 4.56267 4.595271 4.628194 4.661441 4.695011 4.728903 4.763119
3.16729 3.179826 3.192684 3.205866 3.219371 3.2332 3.247351 3.261825 3.276623 3.291744 3.307188 3.322955 3.339045 3.355458 3.372195 3.389254 3.406637 3.424343 3.442372 3.460724 3.479399 3.498398 3.517719 3.537364 3.557332 3.577623 3.598237 3.619174 3.640434 3.662018 3.683924 3.706154 3.728707 3.751583 3.774782 3.798305 3.82215 3.846318 3.87081 3.895625 3.920763 3.946224 3.972008 3.998116 4.024547 4.0513 4.078377 4.105777 4.1335 4.161546 4.189916 4.218608 4.247623 4.276962 4.306624 4.336609 4.366918 4.397549 4.428503 4.459781 4.491382 4.523305 4.555552 4.588122 4.621016 4.654232 4.687772 4.721634 4.75582 4.790329
3.174493 3.187321 3.200473 3.213948 3.227746 3.241867 3.256312 3.271079 3.28617 3.301583 3.31732 3.33338 3.349763 3.366469 3.383499 3.400851 3.418527 3.436526 3.454848 3.473493 3.492461 3.511752 3.531367 3.551304 3.571565 3.592149 3.613056 3.634286 3.655839 3.677716 3.699915 3.722438 3.745284 3.768453 3.791945 3.81576 3.839898 3.86436 3.889145 3.914253 3.939683 3.965437 3.991514 4.017915 4.044639 4.071685 4.099055 4.126748 4.154764 4.183103 4.211765 4.24075 4.270059 4.299691 4.329646 4.359923 4.390524 4.421449 4.452696 4.484267 4.51616 4.548377 4.580917 4.61378 4.646966 4.680476 4.714308 4.748464 4.782942 4.817744
3.181901 3.195023 3.208467 3.222235 3.236326 3.250741 3.265478 3.280538 3.295922 3.311628 3.327658 3.344011 3.360687 3.377686 3.395008 3.412654 3.430622 3.448914 3.467529 3.486467 3.505728 3.525312 3.54522 3.56545 3.586004 3.606881 3.628081 3.649604 3.67145 3.693619 3.716112 3.738927 3.762066 3.785528 3.809313 3.833421 3.857852 3.882607 3.907685 3.933085 3.958809 3.984856 4.011226 4.03792 4.064936 4.092275 4.119938 4.147924 4.176233 4.204865 4.23382 4.263098 4.2927 4.322624 4.352872 4.383443 4.414337 4.445554 4.477095 4.508958 4.541145 4.573654 4.606487 4.639643 4.673122 4.706924 4.74105 4.775498 4.81027 4.845365
3.189515 3.20293 3.216667 3.230728 3.245112 3.259819 3.274849 3.290202 3.305879 3.321878 3.338201 3.354847 3.371816 3.389108 3.406723 3.424662 3.442923 3.461508 3.480416 3.499646 3.519201 3.539078 3.559278 3.579802 3.600648 3.621818 3.643311 3.665127 3.687266 3.709728 3.732513 3.755622 3.779054 3.802809 3.826886 3.851288 3.876012 3.901059 3.92643 3.952123 3.97814 4.00448 4.031143 4.058129 4.085439 4.113071 4.141027 4.169305 4.197907 4.226832 4.256081 4.285652 4.315546 4.345764 4.376304 4.407168 4.438355 4.469865 4.501698 4.533855 4.566334 4.599137 4.632263 4.665712 4.699484 4.733579 4.767997 4.802739 4.837803 4.873191
3.197335 3.211042 3.225073 3.239426 3.254103 3.269103 3.284426 3.300072 3.316042 3.332334 3.34895 3.365889 3.38315 3.400735 3.418644 3.436875 3.455429 3.474307 3.493508 3.513031 3.532878 3.553049 3.573542 3.594358 3.615498 3.636961 3.658746 3.680855 3.703287 3.726043 3.749121 3.772522 3.796247 3.820295 3.844666 3.869359 3.894377 3.919717 3.94538 3.971367 3.997677 4.02431 4.051266 4.078545 4.106147 4.134072 4.162321 4.190893 4.219787 4.249005 4.278546 4.308411 4.338598 4.369108 4.399942 4.431099 4.462579 4.494381 4.526508 4.558957 4.59173 4.624825 4.658244 4.691986 4.726051 4.760439 4.79515 4.830184 4.865542 4.901223
3.20536 3.21936 3.233683 3.24833 3.2633 3.278593 3.294209 3.310148 3.32641 3.342995 3.359904 3.377136 3.394691 3.412568 3.430769 3.449294 3.468141 3.487312 3.506805 3.526622 3.546762 3.567225 3.588011 3.609121 3.630553 3.652308 3.674387 3.696789 3.719514 3.742562 3.765934 3.789628 3.813646 3.837986 3.86265 3.887637 3.912947 3.93858 3.964537 3.990816 4.017419 4.044344 4.071594 4.099165 4.127061 4.155279 4.183821 4.212685 4.241873 4.271384 4.301218 4.331375 4.361855 4.392659 4.423785 4.455235 4.487008 4.519104 4.551523 4.584265 4.61733 4.650719 4.68443 4.718465 4.752823 4.787504 4.822508 4.857835 4.893486 4.92946
3.21359 3.227883 3.2425 3.257439 3.272702 3.288288 3.304197 3.320429 3.336984 3.353862 3.371063 3.388588 3.406436 3.424607 3.443101 3.461918 3.481058 3.500522 3.520308 3.540418 3.560851 3.581607 3.602686 3.624088 3.645814 3.667862 3.690234 3.712929 3.735946 3.759288 3.782952 3.806939 3.83125 3.855883 3.88084 3.90612 3.931723 3.957649 3.983898 4.010471 4.037366 4.064585 4.092127 4.119992 4.14818 4.176691 4.205525 4.234683 4.264164 4.293968 4.324094 4.354545 4.385318 4.416414 4.447834 4.479576 4.511642 4.544031 4.576743 4.609778 4.643137 4.676818 4.710822 4.74515 4.779801 4.814775 4.850072 4.885692 4.921636 4.957902
3.222026 3.236612 3.251521 3.266754 3.282309 3.298188 3.31439 3.330915 3.347763 3.364934 3.382429 3.400246 3.418387 3.436851 3.455638 3.474748 3.494181 3.513937 3.534017 3.55442 3.575145 3.596194 3.617566 3.639261 3.66128 3.683621 3.706286 3.729274 3.752584 3.776218 3.800175 3.824456 3.849059 3.873986 3.899235 3.924808 3.950704 3.976923 4.003466 4.030331 4.057519 4.085031 4.112865 4.141024 4.169505 4.198309 4.227436 4.256886 4.28666 4.316757 4.347177 4.37792 4.408986 4.440375 4.472087 4.504123 4.536482 4.569164 4.602169 4.635497 4.669148 4.703122 4.73742 4.77204 4.806984 4.842251 4.877841 4.913754 4.949991 4.98655
3.230667 3.245546 3.260748 3.276274 3.292122 3.308294 3.324789 3.341607 3.358748 3.376212 3.393999 3.41211 3.430543 3.4493 3.46838 3.487783 3.507509 3.527559 3.547931 3.568626 3.589645 3.610987 3.632652 3.65464 3.676951 3.699586 3.722543 3.745824 3.769428 3.793355 3.817605 3.842178 3.867074 3.892294 3.917836 3.943702 3.969891 3.996403 4.023238 4.050396 4.077878 4.105682 4.13381 4.162261 4.191035 4.220132 4.249552 4.279295 4.309362 4.339752 4.370465 4.401501 4.432859 4.464542 4.496547 4.528875 4.561527 4.594502 4.6278 4.661421 4.695365 4.729632 4.764223 4.799136 4.834373 4.869933 4.905816 4.942022 4.978551 5.015403
3.239514 3.254686 3.270181 3.285999 3.302141 3.318605 3.335393 3.352504 3.369938 3.387695 3.405775 3.424179 3.442905 3.461955 3.481328 3.501024 3.521043 3.541385 3.56205 3.583039 3.60435 3.625985 3.647943 3.670224 3.692828 3.715756 3.739006 3.76258 3.786476 3.810696 3.835239 3.860105 3.885295 3.910807 3.936643 3.962801 3.989283 4.016088 4.043216 4.070667 4.098442 4.126539 4.15496 4.183703 4.21277 4.24216 4.271873 4.30191 4.33227 4.362952 4.393958 4.425287 4.456939 4.488914 4.521212 4.553833 4.586778 4.620046 4.653636 4.68755 4.721787 4.756348 4.791231 4.826437 4.861967 4.89782 4.933996 4.970495 5.007317 5.044462
3.248566 3.264031 3.279819 3.29593 3.312365 3.329122 3.346203 3.363607 3.381334 3.399384 3.417757 3.436453 3.455472 3.474815 3.494481 3.51447 3.534782 3.555417 3.576375 3.597657 3.619261 3.641189 3.66344 3.686014 3.708911 3.732131 3.755674 3.779541 3.80373 3.828243 3.853079 3.878238 3.903721 3.929526 3.955654 3.982106 4.008881 4.035978 4.063399 4.091144 4.119211 4.147602 4.176315 4.205352 4.234712 4.264394 4.294401 4.32473 4.355382 4.386358 4.417656 4.449278 4.481223 4.513491 4.546082 4.578997 4.612234 4.645795 4.679678 4.713885 4.748415 4.783268 4.818445 4.853944 4.889767 4.925912 4.962381 4.999173 5.036288 5.073727
3.257823 3.273582 3.289662 3.306067 3.322794 3.339844 3.357218 3.374915 3.392935 3.411278 3.429944 3.448933 3.468245 3.487881 3.507839 3.528121 3.548726 3.569654 3.590905 3.61248 3.634377 3.656598 3.679142 3.702009 3.725199 3.748712 3.772548 3.796708 3.82119 3.845996 3.871125 3.896577 3.922352 3.94845 3.974872 4.001616 4.028684 4.056075 4.083788 4.111825 4.140186 4.168869 4.197875 4.227205 4.256858 4.286834 4.317133 4.347755 4.3787 4.409969 4.44156 4.473475 4.505713 4.538274 4.571158 4.604365 4.637896 4.671749 4.705926 4.740426 4.775249 4.810395 4.845864 4.881656 4.917772 4.95421 4.990972 5.028057 5.065465 5.103196
3.267287 3.283337 3.299711 3.316408 3.333429 3.350772 3.368439 3.386428 3.404741 3.423377 3.442336 3.461618 3.481224 3.501152 3.521404 3.541978 3.562876 3.584097 3.605641 3.627509 3.649699 3.672213 3.695049 3.718209 3.741692 3.765498 3.789627 3.81408 3.838855 3.863954 3.889376 3.915121 3.941189 3.96758 3.994294 4.021332 4.048692 4.076376 4.104383 4.132713 4.161366 4.190342 4.219642 4.249264 4.27921 4.309479 4.340071 4.370986 4.402224 4.433785 4.46567 4.497878 4.530408 4.563262 4.596439 4.62994 4.663763 4.697909 4.732379 4.767172 4.802288 4.837727 4.873489 4.909574 4.945982 4.982714 5.019769 5.057147 5.094848 5.132872
3.276955 3.293299 3.309966 3.326956 3.344269 3.361905 3.379865 3.398147 3.416753 3.435682 3.454934 3.474509 3.494407 3.514629 3.535173 3.556041 3.577232 3.598746 3.620583 3.642743 3.665226 3.688033 3.711162 3.734615 3.758391 3.78249 3.806912 3.831657 3.856726 3.882118 3.907832 3.93387 3.960231 3.986915 4.013922 4.041253 4.068906 4.096883 4.125183 4.153806 4.182752 4.212021 4.241613 4.271529 4.301767 4.332329 4.363214 4.394422 4.425953 4.457808 4.489985 4.522486 4.555309 4.588456 4.621926 4.655719 4.689836 4.724275 4.759037 4.794123 4.829532 4.865264 4.901319 4.937697 4.974399 5.011423 -9999 -9999 -9999 -9999
3.286829 3.303466 3.320426 3.337709 3.355315 3.373244 3.391496 3.410072 3.42897 3.448192 3.467737 3.487605 3.507796 3.528311 3.549148 3.570309 3.591792 3.613599 3.635729 3.658182 3.680959 3.704058 3.727481 3.751226 3.775295 3.799687 3.824402 3.849441 3.874802 3.900486 3.926494 3.952825 3.979479 4.006456 4.033756 4.061379 4.089326 4.117595 4.146188 4.175104 4.204343 4.233905 4.263791 4.293999 4.32453 4.355385 4.386563 4.418064 4.449888 4.482035 4.514505 4.547299 4.580416 4.613855 4.647618 4.681705 4.716114 4.750846 4.785901 4.82128 4.856982 4.893006 4.929355 -9999 -9999 -9999 -9999 -9999 -9999 -9999
3.296909 3.313838 3.331091 3.348667 3.366566 3.384788 3.403333 3.422202 3.441393 3.460908 3.480746 3.500907 3.521391 3.542198 3.563329 3.584782 3.606559 3.628659 3.651082 3.673828 3.696897 3.720289 3.744005 3.768043 3.792405 3.81709 3.842098 3.867429 3.893083 3.919061 3.945361 3.971985 3.998932 4.026202 4.053795 4.081711 4.109951 4.138513 4.167399 4.196608 4.22614 4.255995 4.286173 4.316674 4.347499 4.378646 4.410117 4.441911 4.474028 4.506468 4.539231 4.572318 4.605728 4.63946 4.673516 4.707895 4.742597 4.777622 4.812971 4.848642 4.884637 -9999 -9999 -9999 -9999 -9999 -9999 -9999 -9999 -9999
3.307194 3.324416 3.341962 3.359831 3.378022 3.396538 3.415376 3.434537 3.454022 3.473829 3.49396 3.514414 3.535191 3.556291 3.577714 3.599461 3.621531 3.643923 3.666639 3.689678 3.71304 3.736726 3.760734 3.785065 3.80972 3.834698 3.859999 3.885623 3.91157 3.937841 3.964434 3.991351 4.01859 4.046154 4.074039 4.102249 4.130781 4.159636 4.188815 4.218317 4.248142 4.27829 4.308761 4.339555 4.370673 4.402113 4.433877 4.465963 4.498374 4.531106 4.564163 4.597542 4.631245 4.66527 4.699619 -9999 -9999 -9999 -9999 -9999 -9999 -9999 -9999 -9999 -9999 -9999 -9999 -9999 -9999 -9999
3.317684 3.335199 3.353038 3.3712 3.389685 3.408493 3.427624 3.447078 3.466856 3.486956 3.50738 3.528126 3.549196 3.57059 3.592306 3.614345 3.636708 3.659394 3.682402 3.705734 3.729389 3.753367 3.777669 3.802293 3.827241 3.852512 3.878105 3.904022 3.930263 3.956826 3.983712 4.010922 4.038455 -9999 -9999 -9999 -9999 -9999 -9999 4.240232 4.270349 4.30079 4.331554 4.362641 4.394052 4.425785 4.457842 4.490222 4.522924 4.555951 4.5893 4.622972 -9999 -9999 -9999 -9999 -9999 -9999 -9999 -9999 -9999 -9999 -9999 -9999 -9999 -9999 -9999 -9999 -9999 -9999
3.32838 3.346188 3.36432 3.382774 3.401552 3.420653 3.440077 3.459824 3.479895 3.500288 3.521005 3.542045 3.563407 3.585093 3.607103 3.629435 3.652091 3.675069 3.698371 3.721996 3.745944 3.770215 3.794809 3.819726 3.844967 3.870531 3.896418 3.922627 3.949161 -9999 4.003196 4.030699 -9999 -9999 -9999 -9999 -9999 -9999 -9999 -9999 -9999 4.323496 4.354553 4.385933 4.417636 4.449663 4.482012 4.514685 4.547681 4.581 -9999 -9999 -9999 -9999 -9999 -9999 -9999 -9999 -9999 -9999 -9999 -9999 -9999 -9999 -9999 -9999 -9999 -9999 -9999 -9999
3.339281 3.357382 3.375807 3.394554 3.413625 3.433019 3.452736 3.472776 3.49314 3.513826 3.534836 3.556168 3.577824 3.599803 3.622105 3.64473 3.667679 3.69095 3.714545 3.738463 3.762704 3.787268 3.812155 3.837365 3.862899 3.888755 3.914935 3.941438 -9999 -9999 -9999 -9999 -9999 -9999 -9999 -9999 -9999 -9999 -9999 -9999 -9999 -9999 4.377758 4.409431 4.441427 4.473746 4.506389 4.539354 -9999 -9999 -9999 -9999 -9999 -9999 -9999 -9999 -9999 -9999 -9999 -9999 -9999 -9999 -9999 -9999 -9999 -9999 -9999 -9999 -9999 -9999
3.350388 3.368782 3.387499 3.40654 3.425904 3.44559 3.4656 3.485934 3.50659 3.527569 3.548872 3.570497 3.592446 3.614718 3.637313 3.660231 3.683472 3.707037 3.730924 3.755135 3.779669 3.804526 3.829706 3.855209 3.881036 3.907185 3.933658 3.960454 -9999 -9999 -9999 -9999 -9999 -9999 -9999 -9999 -9999 -9999 -9999 -9999 -9999 -9999 -9999 -9999 -9999 -9999 -9999 -9999 -9999 -9999 -9999 -9999 -9999 -9999 -9999 -9999 -9999 -9999 -9999 -9999 -9999 -9999 -9999 -9999 -9999 -9999 -9999 -9999 -9999 -9999
3.3617 3.380387 3.399397 3.418731 3.438387 3.458367 3.47867 3.499296 3.520245 3.541517 3.563113 3.585032 3.607273 3.629838 3.652726 3.675937 3.699471 3.723329 3.747509 3.772013 3.79684 3.82199 3.847463 3.873259 3.899378 3.925821 3.952586 3.979675 -9999 -9999 -9999 -9999 -9999 -9999 -9999 -9999 -9999 -9999 -9999 -9999 -9999 -9999 -9999 -9999 -9999 -9999 -9999 -9999 -9999 -9999 -9999 -9999 -9999 -9999 -9999 -9999 -9999 -9999 -9999 -9999 -9999 -9999 -9999 -9999 -9999 -9999 -9999 -9999 -9999 -9999
3.373218 3.392198 3.411501 3.431127 3.451077 3.471349 3.491945 3.512864 3.534106 3.555671 3.57756 3.599771 3.622306 3.645164 3.668344 3.691849 3.715676 3.739826 3.7643 3.789096 3.814216 3.839659 3.865425 3.891514 3.917926 3.944661 3.97172 3.999102 4.026806 4.054834 4.083186 4.11186 4.140857 -9999 -9999 -9999 -9999 -9999 -9999 -9999 -9999 -9999 -9999 -9999 -9999 -9999 -9999 -9999 -9999 -9999 -9999 -9999 -9999 -9999 -9999 -9999 -9999 -9999 -9999 -9999 -9999 -9999 -9999 -9999 -9999 -9999 -9999 -9999 -9999 -9999
3.384941 3.404214 3.42381 3.443729 3.463972 3.484537 3.505426 3.526638 3.548173 3.570031 3.592212 3.614717 3.637544 3.660695 3.684169 3.707966 3.732086 3.756529 3.781295 3.806385 3.831798 3.857533 3.883592 3.909974 3.936679 3.963708 3.991059 4.018734 4.046731 4.075053 4.103696 4.132664 4.161954 -9999 -9999 -9999 -9999 -9999 -9999 -9999 -9999 -9999 -9999 -9999 -9999 -9999 -9999 -9999 -9999 -9999 -9999 -9999 -9999 -9999 -9999 -9999 -9999 -9999 -9999 -9999 -9999 -9999 -9999 -9999 -9999 -9999 -9999 -9999 -9999 -9999
3.396869 3.416435 3.436324 3.456537 3.477072 3.49793 3.519112 3.540617 3.562445 3.584596 3.60707 3.629867 3.652988 3.676431 3.700198 3.724288 3.748701 3.773437 3.798497 3.823879 3.849585 3.875613 3.901965 3.92864 3.955638 3.98296 4.010604 4.038571 4.066862 4.095476 4.124413 4.153673 4.183256 -9999 -9999 -9999 -9999 -9999 -9999 -9999 -9999 -9999 -9999 -9999 -9999 -9999 -9999 -9999 -9999 -9999 -9999 -9999 -9999 -9999 -9999 -9999 -9999 -9999 -9999 -9999 -9999 -9999 -9999 -9999 -9999 -9999 -9999 -9999 -9999 -9999
