SEB_model/sample_data_files/contemp/SnowProbe_data/winter_snow_0809.txt
ncols         313
nrows         278
xllcorner     388961.19995117
yllcorner     7584381.3441773
cellsize      5
NODATA_value  -9999
[rows 186 to 216 of 278, columns 0 to 69 of 313]
-9999 -9999 -9999 -9999 -9999 -9999 -9999 2.030943 2.029093 2.027243 2.025393 2.023544 2.021694 2.019844 2.017994 2.016144 2.014294 2.012444 2.010594 2.008744 2.006894 2.005044 2.003195 2.001345 1.999495 1.997645 1.995795 1.993945 1.992095 1.990245 1.988395 1.986545 1.984696 1.982846 1.980996 1.979146 1.977296 1.975446 1.973596 1.971746 1.969896 1.968046 1.966197 1.964347 1.962497 1.960647 1.958797 1.956947 1.955097 1.953247 1.951397 1.949547 1.947698 1.945848 1.943998 1.942148 1.940298 1.938448 1.936598 1.934748 1.932898 1.931048 1.929198 1.927348 1.925499 1.923649 1.921799 1.919949 1.918099 1.916249
-9999 -9999 -9999 -9999 -9999 -9999 -9999 2.026421 2.024571 2.022722 2.020872 2.019022 2.017172 2.015322 2.013472 2.011622 2.009772 2.007922 2.006072 2.004222 2.002373 2.000523 1.998673 1.996823 1.994973 1.993123 1.991273 1.989423 1.987573 1.985723 1.983873 1.982024 1.980174 1.978324 1.976474 1.974624 1.972774 1.970924 1.969074 1.967224 1.965374 1.963525 1.961675 1.959825 1.957975 1.956125 1.954275 1.952425 1.950575 1.948725 1.946875 1.945025 1.943176 1.941326 1.939476 1.937626 1.935776 1.933926 1.932076 1.930226 1.928376 1.926526 1.924677 1.922827 1.920977 1.919127 1.917277 1.915427 1.913577 1.911727
-9999 -9999 -9999 -9999 -9999 -9999 -9999 2.021899 2.02005 2.0182 2.01635 2.0145 2.01265 2.0108 2.00895 2.0071 2.00525 2.0034 2.00155 1.999701 1.997851 1.996001 1.994151 1.992301 1.990451 1.988601 1.986751 1.984901 1.983051 1.981202 1.979352 1.977502 1.975652 1.973802 1.971952 1.970102 1.968252 1.966402 1.964552 1.962702 1.960853 1.959003 1.957153 1.955303 1.953453 1.951603 1.949753 1.947903 1.946053 1.944203 1.942353 1.940504 1.938654 1.936804 1.934954 1.933104 1.931254 1.929404 1.927554 1.925704 1.923854 1.922004 1.920155 1.918305 1.916455 1.914605 1.912755 1.910905 1.909055 1.907205
-9999 -9999 -9999 -9999 -9999 -9999 2.019228 2.017378 2.015527 2.013678 2.011828 2.009978 2.008128 2.006278 2.004428 2.002578 2.000728 1.998878 1.997029 1.995179 1.993329 1.991479 1.989629 1.987779 1.985929 1.984079 1.982229 1.980379 1.978529 1.97668 1.97483 1.97298 1.97113 1.96928 1.96743 1.96558 1.96373 1.96188 1.96003 1.958181 1.956331 1.954481 1.952631 1.950781 1.948931 1.947081 1.945231 1.943381 1.941531 1.939681 1.937832 1.935982 1.934132 1.932282 1.930432 1.928582 1.926732 1.924882 1.923032 1.921182 1.919333 1.917483 1.915633 1.913783 1.911933 1.910083 1.908233 1.906383 1.904533 1.902683
-9999 -9999 -9999 -9999 -9999 -9999 2.014705 2.012856 2.011006 2.009156 2.007306 2.005456 2.003606 2.001756 1.999906 1.998056 1.996206 1.994357 1.992507 1.990657 1.988807 1.986957 1.985107 1.983257 1.981407 1.979557 1.977707 1.975857 1.974008 1.972158 1.970308 1.968458 1.966608 1.964758 1.962908 1.961058 1.959208 1.957358 1.955508 1.953659 1.951809 1.949959 1.948109 1.946259 1.944409 1.942559 1.940709 1.938859 1.937009 1.93516 1.93331 1.93146 1.92961 1.92776 1.92591 1.92406 1.92221 1.92036 1.91851 1.916661 1.914811 1.912961 1.911111 1.909261 1.907411 1.905561 1.903711 1.901861 1.900011 1.898161
-9999 -9999 -9999 -9999 -9999 -9999 2.010184 2.008334 2.006484 2.004634 2.002784 2.000934 1.999084 1.997234 1.995384 1.993534 1.991685 1.989835 1.987985 1.986135 1.984285 1.982435 1.980585 1.978735 1.976885 1.975035 1.973186 1.971336 1.969486 1.967636 1.965786 1.963936 1.962086 1.960236 1.958386 1.956536 1.954686 1.952837 1.950987 1.949137 1.947287 1.945437 1.943587 1.941737 1.939887 1.938037 1.936187 1.934337 1.932488 1.930638 1.928788 1.926938 1.925088 1.923238 1.921388 1.919538 1.917688 1.915838 1.913988 1.912139 1.910289 1.908439 1.906589 1.904739 1.902889 1.901039 1.899189 1.897339 1.895489 1.89364
-9999 -9999 -9999 -9999 -9999 -9999 -9999 2.003812 2.001962 2.000112 1.998262 1.996412 1.994562 1.992712 1.990862 1.989013 1.987163 1.985313 1.983463 1.981613 1.979763 1.977913 1.976063 1.974213 1.972363 1.970513 1.968664 1.966814 1.964964 1.963114 1.961264 1.959414 1.957564 1.955714 1.953864 1.952014 1.950165 1.948315 1.946465 1.944615 1.942765 1.940915 1.939065 1.937215 1.935365 1.933515 1.931665 1.929816 1.927966 1.926116 1.924266 1.922416 1.920566 1.918716 1.916866 1.915016 1.913166 1.911317 1.909467 1.907617 1.905767 1.903917 1.902067 1.900217 1.898367 1.896517 1.894667 1.892817 1.890967 1.889118
-9999 -9999 -9999 -9999 -9999 -9999 -9999 1.99929 1.99744 1.99559 1.99374 1.99189 1.99004 1.98819 1.986341 1.984491 1.982641 1.980791 1.978941 1.977091 1.975241 1.973391 1.971541 1.969691 1.967842 1.965992 1.964142 1.962292 1.960442 1.958592 1.956742 1.954892 1.953042 1.951192 1.949342 1.947492 1.945643 1.943793 1.941943 1.940093 1.938243 1.936393 1.934543 1.932693 1.930843 1.928993 1.927144 1.925294 1.923444 1.921594 1.919744 1.917894 1.916044 1.914194 1.912344 1.910494 1.908645 1.906795 1.904945 1.903095 1.901245 1.899395 1.897545 1.895695 1.893845 1.891995 1.890145 1.888296 1.886446 1.884596
-9999 -9999 -9999 -9999 -9999 -9999 -9999 -9999 1.992918 1.991068 1.989218 1.987368 1.985518 1.983669 1.981819 1.979969 1.978119 1.976269 1.974419 1.972569 1.970719 1.968869 1.967019 1.96517 1.96332 1.96147 1.95962 1.95777 1.95592 1.95407 1.95222 1.95037 1.94852 1.94667 1.944821 1.942971 1.941121 1.939271 1.937421 1.935571 1.933721 1.931871 1.930021 1.928171 1.926322 1.924472 1.922622 1.920772 1.918922 1.917072 1.915222 1.913372 1.911522 1.909672 1.907822 1.905972 1.904123 1.902273 1.900423 1.898573 1.896723 1.894873 1.893023 1.891173 1.889323 1.887473 1.885624 1.883774 1.881924 1.880074
-9999 -9999 -9999 -9999 -9999 -9999 -9999 -9999 -9999 -9999 1.984696 1.982846 1.980997 1.979147 1.977297 1.975447 1.973597 1.971747 1.969897 1.968047 1.966197 1.964347 1.962497 1.960648 1.958798 1.956948 1.955098 1.953248 1.951398 1.949548 1.947698 1.945848 1.943998 1.942149 1.940299 1.938449 1.936599 1.934749 1.932899 1.931049 1.929199 1.927349 1.925499 1.923649 1.9218 1.91995 1.9181 1.91625 1.9144 1.91255 1.9107 1.90885 1.907 1.90515 1.903301 1.901451 1.899601 1.897751 1.895901 1.894051 1.892201 1.890351 1.888501 1.886651 1.884802 1.882951 1.881102 1.879252 1.877402 1.875552
-9999 -9999 -9999 -9999 -9999 -9999 -9999 -9999 -9999 -9999 -9999 -9999 -9999 1.974625 1.972775 1.970925 1.969075 1.967225 1.965375 1.963525 1.961675 1.959826 1.957976 1.956126 1.954276 1.952426 1.950576 1.948726 1.946876 1.945026 1.943176 1.941326 1.939476 1.937627 1.935777 1.933927 1.932077 1.930227 1.928377 1.926527 1.924677 1.922827 1.920977 1.919128 1.917278 1.915428 1.913578 1.911728 1.909878 1.908028 1.906178 1.904328 1.902478 1.900629 1.898779 1.896929 1.895079 1.893229 1.891379 1.889529 1.887679 1.885829 1.883979 1.882129 1.88028 1.87843 1.87658 1.87473 1.87288 1.87103
-9999 -9999 -9999 -9999 -9999 -9999 -9999 -9999 -9999 -9999 -9999 -9999 -9999 -9999 -9999 1.966403 1.964553 1.962703 1.960853 1.959003 1.957153 1.955304 1.953454 1.951604 1.949754 1.947904 1.946054 1.944204 1.942354 1.940504 1.938654 1.936805 1.934955 1.933105 1.931255 1.929405 1.927555 1.925705 1.923855 1.922005 1.920155 1.918306 1.916456 1.914606 1.912756 1.910906 1.909056 1.907206 1.905356 1.903506 1.901656 1.899806 1.897956 1.896107 1.894257 1.892407 1.890557 1.888707 1.886857 1.885007 1.883157 1.881307 1.879457 1.877608 1.875758 1.873908 1.872058 1.870208 1.868358 1.866508
-9999 -9999 -9999 -9999 -9999 -9999 -9999 -9999 -9999 -9999 -9999 -9999 -9999 -9999 -9999 1.961881 1.960031 1.958181 1.956331 1.954481 1.952632 1.950782 1.948932 1.947082 1.945232 1.943382 1.941532 1.939682 1.937832 1.935982 1.934133 1.932283 1.930433 1.928583 1.926733 1.924883 1.923033 1.921183 1.919333 1.917483 1.915633 1.913784 1.911934 1.910084 1.908234 1.906384 1.904534 1.902684 1.900834 1.898984 1.897134 1.895285 1.893435 1.891585 1.889735 1.887885 1.886035 1.884185 1.882335 1.880485 1.878635 1.876786 1.874936 1.873086 1.871236 1.869386 1.867536 1.865686 1.863836 1.861986
-9999 -9999 -9999 -9999 -9999 -9999 -9999 -9999 -9999 -9999 -9999 -9999 -9999 -9999 -9999 -9999 1.955509 1.953659 1.95181 1.94996 1.94811 1.94626 1.94441 1.94256 1.94071 1.93886 1.93701 1.93516 1.93331 1.93146 1.929611 1.927761 1.925911 1.924061 1.922211 1.920361 1.918511 1.916661 1.914811 1.912961 1.911112 1.909262 1.907412 1.905562 1.903712 1.901862 1.900012 1.898162 1.896312 1.894462 1.892612 1.890763 1.888913 1.887063 1.885213 1.883363 1.881513 1.879663 1.877813 1.875963 1.874113 1.872264 1.870414 1.868564 1.866714 1.864864 1.863014 1.861164 1.859314 1.857464
-9999 -9999 -9999 -9999 -9999 -9999 -9999 -9999 -9999 -9999 -9999 -9999 -9999 -9999 -9999 -9999 1.950987 1.949137 1.947288 1.945438 1.943588 1.941738 1.939888 1.938038 1.936188 1.934338 1.932488 1.930638 1.928789 1.926939 1.925089 1.923239 1.921389 1.919539 1.917689 1.915839 1.913989 1.912139 1.91029 1.90844 1.90659 1.90474 1.90289 1.90104 1.89919 1.89734 1.89549 1.89364 1.89179 1.889941 1.888091 1.886241 1.884391 1.882541 1.880691 1.878841 1.876991 1.875141 1.873291 1.871441 1.869592 1.867742 1.865892 1.864042 1.862192 1.860342 1.858492 1.856642 1.854792 1.852942
-9999 -9999 -9999 -9999 -9999 -9999 -9999 -9999 -9999 -9999 -9999 -9999 -9999 -9999 -9999 -9999 -9999 1.944616 1.942766 1.940916 1.939066 1.937216 1.935366 1.933516 1.931666 1.929816 1.927966 1.926117 1.924267 1.922417 1.920567 1.918717 1.916867 1.915017 1.913167 1.911317 1.909467 1.907617 1.905768 1.903918 1.902068 1.900218 1.898368 1.896518 1.894668 1.892818 1.890968 1.889118 1.887269 1.885419 1.883569 1.881719 1.879869 1.878019 1.876169 1.874319 1.872469 1.870619 1.868769 1.86692 1.86507 1.86322 1.86137 1.85952 1.85767 1.85582 1.85397 1.85212 1.85027 1.848421
-9999 -9999 -9999 -9999 -9999 -9999 -9999 -9999 -9999 -9999 -9999 -9999 -9999 -9999 -9999 -9999 -9999 1.940094 1.938244 1.936394 1.934544 1.932694 1.930844 1.928994 1.927144 1.925294 1.923445 1.921595 1.919745 1.917895 1.916045 1.914195 1.912345 1.910495 1.908645 1.906795 1.904945 1.903096 1.901246 1.899396 1.897546 1.895696 1.893846 1.891996 1.890146 1.888296 1.886446 1.884596 1.882747 1.880897 1.879047 1.877197 1.875347 1.873497 1.871647 1.869797 1.867947 1.866097 1.864248 1.862398 1.860548 1.858698 1.856848 1.854998 1.853148 1.851298 1.849448 1.847598 1.845749 1.843899
-9999 -9999 -9999 -9999 -9999 -9999 -9999 -9999 -9999 -9999 -9999 -9999 -9999 -9999 -9999 -9999 -9999 1.935572 1.933722 1.931872 1.930022 1.928172 1.926322 1.924472 1.922622 1.920773 1.918923 1.917073 1.915223 1.913373 1.911523 1.909673 1.907823 1.905973 1.904123 1.902274 1.900424 1.898574 1.896724 1.894874 1.893024 1.891174 1.889324 1.887474 1.885624 1.883774 1.881925 1.880075 1.878225 1.876375 1.874525 1.872675 1.870825 1.868975 1.867125 1.865275 1.863425 1.861576 1.859726 1.857876 1.856026 1.854176 1.852326 1.850476 1.848626 1.846776 1.844926 1.843076 1.841227 1.839377
-9999 -9999 -9999 -9999 -9999 -9999 -9999 -9999 -9999 -9999 -9999 -9999 -9999 -9999 -9999 -9999 -9999 1.93105 1.9292 1.92735 1.9255 1.92365 1.9218 1.91995 1.918101 1.916251 1.914401 1.912551 1.910701 1.908851 1.907001 1.905151 1.903301 1.901451 1.899601 1.897752 1.895902 1.894052 1.892202 1.890352 1.888502 1.886652 1.884802 1.882952 1.881102 1.879253 1.877403 1.875553 1.873703 1.871853 1.870003 1.868153 1.866303 1.864453 1.862603 1.860753 1.858904 1.857054 1.855204 1.853354 1.851504 1.849654 1.847804 1.845954 1.844104 1.842254 1.840405 1.838555 1.836705 1.834855
-9999 -9999 -9999 -9999 -9999 -9999 -9999 -9999 -9999 -9999 -9999 -9999 -9999 -9999 -9999 -9999 -9999 1.926528 1.924678 1.922828 1.920978 1.919128 1.917278 1.915429 1.913579 1.911729 1.909879 1.908029 1.906179 1.904329 1.902479 1.900629 1.898779 1.89693 1.89508 1.89323 1.89138 1.88953 1.88768 1.88583 1.88398 1.88213 1.88028 1.87843 1.87658 1.874731 1.872881 1.871031 1.869181 1.867331 1.865481 1.863631 1.861781 1.859931 1.858081 1.856232 1.854382 1.852532 1.850682 1.848832 1.846982 1.845132 1.843282 1.841432 1.839582 1.837733 1.835883 1.834033 1.832183 1.830333
-9999 -9999 -9999 -9999 -9999 -9999 -9999 -9999 -9999 -9999 -9999 -9999 -9999 -9999 -9999 -9999 1.923856 1.922006 1.920156 1.918306 1.916456 1.914606 1.912757 1.910907 1.909057 1.907207 1.905357 1.903507 1.901657 1.899807 1.897957 1.896107 1.894258 1.892408 1.890558 1.888708 1.886858 1.885008 1.883158 1.881308 1.879458 1.877608 1.875758 1.873909 1.872059 1.870209 1.868359 1.866509 1.864659 1.862809 1.860959 1.859109 1.857259 1.85541 1.85356 1.85171 1.84986 1.84801 1.84616 1.84431 1.84246 1.84061 1.83876 1.83691 1.83506 1.833211 1.831361 1.829511 1.827661 1.825811
-9999 -9999 -9999 -9999 -9999 -9999 -9999 -9999 -9999 -9999 -9999 -9999 -9999 -9999 -9999 -9999 1.919334 1.917484 1.915634 1.913784 1.911934 1.910085 1.908235 1.906385 1.904535 1.902685 1.900835 1.898985 1.897135 1.895285 1.893435 1.891585 1.889736 1.887886 1.886036 1.884186 1.882336 1.880486 1.878636 1.876786 1.874936 1.873086 1.871237 1.869387 1.867537 1.865687 1.863837 1.861987 1.860137 1.858287 1.856437 1.854587 1.852737 1.850888 1.849038 1.847188 1.845338 1.843488 1.841638 1.839788 1.837938 1.836088 1.834238 1.832389 1.830539 1.828689 1.826839 1.824989 1.823139 1.821289
-9999 -9999 -9999 -9999 -9999 -9999 -9999 -9999 -9999 -9999 -9999 -9999 -9999 -9999 -9999 1.916662 1.914812 1.912962 1.911112 1.909262 1.907413 1.905563 1.903713 1.901863 1.900013 1.898163 1.896313 1.894463 1.892613 1.890763 1.888914 1.887064 1.885214 1.883364 1.881514 1.879664 1.877814 1.875964 1.874114 1.872264 1.870414 1.868564 1.866715 1.864865 1.863015 1.861165 1.859315 1.857465 1.855615 1.853765 1.851915 1.850065 1.848216 1.846366 1.844516 1.842666 1.840816 1.838966 1.837116 1.835266 1.833416 1.831566 1.829717 1.827867 1.826017 1.824167 1.822317 1.820467 1.818617 1.816767
-9999 -9999 -9999 -9999 -9999 -9999 -9999 -9999 -9999 -9999 -9999 -9999 -9999 -9999 1.91399 1.91214 1.91029 1.90844 1.90659 1.904741 1.902891 1.901041 1.899191 1.897341 1.895491 1.893641 1.891791 1.889941 1.888091 1.886241 1.884392 1.882542 1.880692 1.878842 1.876992 1.875142 1.873292 1.871442 1.869592 1.867742 1.865893 1.864043 1.862193 1.860343 1.858493 1.856643 1.854793 1.852943 1.851093 1.849243 1.847394 1.845544 1.843694 1.841844 1.839994 1.838144 1.836294 1.834444 1.832594 1.830744 1.828894 1.827044 1.825195 1.823345 1.821495 1.819645 1.817795 1.815945 1.814095 1.812245
-9999 -9999 -9999 -9999 -9999 -9999 -9999 -9999 -9999 -9999 -9999 -9999 1.913168 1.911318 1.909468 1.907618 1.905768 1.903919 1.902068 1.900219 1.898369 1.896519 1.894669 1.892819 1.890969 1.889119 1.887269 1.885419 1.883569 1.88172 1.87987 1.87802 1.87617 1.87432 1.87247 1.87062 1.86877 1.86692 1.86507 1.863221 1.861371 1.859521 1.857671 1.855821 1.853971 1.852121 1.850271 1.848421 1.846571 1.844721 1.842872 1.841022 1.839172 1.837322 1.835472 1.833622 1.831772 1.829922 1.828072 1.826222 1.824373 1.822523 1.820673 1.818823 1.816973 1.815123 1.813273 1.811423 1.809573 1.807723
-9999 -9999 -9999 -9999 -9999 -9999 -9999 -9999 -9999 -9999 1.912346 1.910496 1.908646 1.906796 1.904946 1.903096 1.901246 1.899397 1.897547 1.895697 1.893847 1.891997 1.890147 1.888297 1.886447 1.884597 1.882747 1.880898 1.879048 1.877198 1.875348 1.873498 1.871648 1.869798 1.867948 1.866098 1.864248 1.862398 1.860548 1.858699 1.856849 1.854999 1.853149 1.851299 1.849449 1.847599 1.845749 1.843899 1.842049 1.8402 1.83835 1.8365 1.83465 1.8328 1.83095 1.8291 1.82725 1.8254 1.82355 1.8217 1.819851 1.818001 1.816151 1.814301 1.812451 1.810601 1.808751 1.806901 1.805051 1.803201
-9999 -9999 -9999 -9999 -9999 -9999 -9999 -9999 1.911524 1.909674 1.907824 1.905974 1.904124 1.902274 1.900424 1.898574 1.896725 1.894875 1.893025 1.891175 1.889325 1.887475 1.885625 1.883775 1.881925 1.880075 1.878225 1.876376 1.874526 1.872676 1.870826 1.868976 1.867126 1.865276 1.863426 1.861576 1.859726 1.857877 1.856027 1.854177 1.852327 1.850477 1.848627 1.846777 1.844927 1.843077 1.841227 1.839378 1.837528 1.835678 1.833828 1.831978 1.830128 1.828278 1.826428 1.824578 1.822728 1.820878 1.819028 1.817179 1.815329 1.813479 1.811629 1.809779 1.807929 1.806079 1.804229 1.802379 1.800529 1.79868
-9999 -9999 -9999 -9999 -9999 1.912552 1.910702 1.908852 1.907002 1.905152 1.903302 1.901452 1.899602 1.897752 1.895903 1.894053 1.892203 1.890353 1.888503 1.886653 1.884803 1.882953 1.881103 1.879253 1.877403 1.875553 1.873704 1.871854 1.870004 1.868154 1.866304 1.864454 1.862604 1.860754 1.858904 1.857054 1.855205 1.853355 1.851505 1.849655 1.847805 1.845955 1.844105 1.842255 1.840405 1.838555 1.836705 1.834856 1.833006 1.831156 1.829306 1.827456 1.825606 1.823756 1.821906 1.820056 1.818206 1.816357 1.814507 1.812657 1.810807 1.808957 1.807107 1.805257 1.803407 1.801557 1.799707 1.797857 1.796008 1.794158
-9999 -9999 -9999 1.91173 1.90988 1.90803 1.90618 1.90433 1.90248 1.90063 1.89878 1.89693 1.89508 1.89323 1.891381 1.889531 1.887681 1.885831 1.883981 1.882131 1.880281 1.878431 1.876581 1.874731 1.872882 1.871032 1.869182 1.867332 1.865482 1.863632 1.861782 1.859932 1.858082 1.856232 1.854382 1.852533 1.850683 1.848833 1.846983 1.845133 1.843283 1.841433 1.839583 1.837733 1.835883 1.834033 1.832184 1.830334 1.828484 1.826634 1.824784 1.822934 1.821084 1.819234 1.817384 1.815534 1.813684 1.811835 1.809985 1.808135 1.806285 1.804435 1.802585 1.800735 1.798885 1.797035 1.795185 1.793336 1.791486 1.789636
-9999 -9999 1.909057 1.907208 1.905358 1.903508 1.901658 1.899808 1.897958 1.896108 1.894258 1.892408 1.890558 1.888709 1.886859 1.885009 1.883159 1.881309 1.879459 1.877609 1.875759 1.873909 1.872059 1.870209 1.86836 1.86651 1.86466 1.86281 1.86096 1.85911 1.85726 1.85541 1.85356 1.85171 1.849861 1.848011 1.846161 1.844311 1.842461 1.840611 1.838761 1.836911 1.835061 1.833211 1.831362 1.829512 1.827662 1.825812 1.823962 1.822112 1.820262 1.818412 1.816562 1.814712 1.812862 1.811013 1.809163 1.807313 1.805463 1.803613 1.801763 1.799913 1.798063 1.796213 1.794363 1.792513 1.790664 1.788814 1.786964 1.785114
-9999 1.906386 1.904536 1.902686 1.900836 1.898986 1.897136 1.895286 1.893436 1.891586 1.889736 1.887886 1.886037 1.884187 1.882337 1.880487 1.878637 1.876787 1.874937 1.873087 1.871237 1.869387 1.867537 1.865688 1.863838 1.861988 1.860138 1.858288 1.856438 1.854588 1.852738 1.850888 1.849038 1.847189 1.845339 1.843489 1.841639 1.839789 1.837939 1.836089 1.834239 1.832389 1.830539 1.828689 1.82684 1.82499 1.82314 1.82129 1.81944 1.81759 1.81574 1.81389 1.81204 1.81019 1.808341 1.806491 1.804641 1.802791 1.800941 1.799091 1.797241 1.795391 1.793541 1.791691 1.789841 1.787992 1.786142 1.784292 1.782442 1.780592
