SEB_model/sample_data_files/contemp/SnowProbe_data/winter_snow_0809.txt
ncols         313
nrows         278
xllcorner     388961.19995117
yllcorner     7584381.3441773
cellsize      5
NODATA_value  -9999
[rows 62 to 92 of 278, columns 140 to 209 of 313]
2.345622 2.343772 2.341922 2.340072 2.338222 2.336372 2.334522 2.332673 2.330823 2.328973 2.327123 2.325273 2.323423 2.321573 2.319723 2.317873 2.316023 2.314173 2.312324 2.310474 2.308624 2.306774 2.304924 2.303074 2.301224 2.299374 2.297524 2.295675 2.293825 2.291975 2.290125 2.288275 2.286425 2.284575 2.282725 2.280875 2.279025 2.277175 2.275326 2.273476 2.271626 2.269776 2.267926 2.266076 2.264226 2.262376 2.260526 2.258676 2.256826 2.254977 2.253127 2.251277 2.249427 2.247577 2.245727 2.243877 2.242027 2.240177 2.238328 2.236478 2.234627 2.232778 2.230928 2.229078 2.227228 2.225378 2.223528 2.221678 2.219828 2.217978
2.3411 2.33925 2.3374 2.33555 2.3337 2.331851 2.330001 2.328151 2.326301 2.324451 2.322601 2.320751 2.318901 2.317051 2.315201 2.313351 2.311502 2.309652 2.307802 2.305952 2.304102 2.302252 2.300402 2.298552 2.296702 2.294852 2.293002 2.291152 2.289303 2.287453 2.285603 2.283753 2.281903 2.280053 2.278203 2.276353 2.274503 2.272654 2.270804 2.268954 2.267104 2.265254 2.263404 2.261554 2.259704 2.257854 2.256004 2.254154 2.252305 2.250455 2.248605 2.246755 2.244905 2.243055 2.241205 2.239355 2.237505 2.235655 2.233805 2.231956 2.230106 2.228256 2.226406 2.224556 2.222706 2.220856 2.219006 2.217156 2.215307 2.213457
2.336578 2.334728 2.332878 2.331028 2.329179 2.327329 2.325479 2.323629 2.321779 2.319929 2.318079 2.316229 2.314379 2.312529 2.310679 2.30883 2.30698 2.30513 2.30328 2.30143 2.29958 2.29773 2.29588 2.29403 2.29218 2.29033 2.288481 2.286631 2.284781 2.282931 2.281081 2.279231 2.277381 2.275531 2.273681 2.271832 2.269982 2.268131 2.266282 2.264432 2.262582 2.260732 2.258882 2.257032 2.255182 2.253332 2.251482 2.249633 2.247783 2.245933 2.244083 2.242233 2.240383 2.238533 2.236683 2.234833 2.232983 2.231133 2.229284 2.227434 2.225584 2.223734 2.221884 2.220034 2.218184 2.216334 2.214484 2.212634 2.210784 2.208935
2.332056 2.330206 2.328357 2.326507 2.324656 2.322807 2.320957 2.319107 2.317257 2.315407 2.313557 2.311707 2.309857 2.308007 2.306158 2.304308 2.302458 2.300608 2.298758 2.296908 2.295058 2.293208 2.291358 2.289508 2.287658 2.285809 2.283959 2.282109 2.280259 2.278409 2.276559 2.274709 2.272859 2.271009 2.269159 2.267309 2.26546 2.26361 2.26176 2.25991 2.25806 2.25621 2.25436 2.25251 2.25066 2.248811 2.246961 2.245111 2.243261 2.241411 2.239561 2.237711 2.235861 2.234011 2.232161 2.230311 2.228462 2.226612 2.224762 2.222912 2.221062 2.219212 2.217362 2.215512 2.213662 2.211812 2.209962 2.208112 2.206263 2.204413
2.327534 2.325684 2.323834 2.321985 2.320135 2.318285 2.316435 2.314585 2.312735 2.310885 2.309035 2.307185 2.305336 2.303486 2.301636 2.299786 2.297936 2.296086 2.294236 2.292386 2.290536 2.288686 2.286836 2.284986 2.283137 2.281287 2.279437 2.277587 2.275737 2.273887 2.272037 2.270187 2.268337 2.266487 2.264637 2.262788 2.260938 2.259088 2.257238 2.255388 2.253538 2.251688 2.249838 2.247988 2.246139 2.244288 2.242439 2.240589 2.238739 2.236889 2.235039 2.233189 2.231339 2.229489 2.227639 2.22579 2.22394 2.22209 2.22024 2.21839 2.21654 2.21469 2.21284 2.21099 2.20914 2.20729 2.205441 2.203591 2.201741 2.199891
2.323012 2.321162 2.319313 2.317463 2.315613 2.313763 2.311913 2.310063 2.308213 2.306363 2.304513 2.302664 2.300813 2.298964 2.297114 2.295264 2.293414 2.291564 2.289714 2.287864 2.286014 2.284164 2.282315 2.280465 2.278615 2.276765 2.274915 2.273065 2.271215 2.269365 2.267515 2.265665 2.263815 2.261966 2.260116 2.258266 2.256416 2.254566 2.252716 2.250866 2.249016 2.247166 2.245316 2.243466 2.241616 2.239767 2.237917 2.236067 2.234217 2.232367 2.230517 2.228667 2.226817 2.224967 2.223118 2.221268 2.219418 2.217568 2.215718 2.213868 2.212018 2.210168 2.208318 2.206468 2.204618 2.202769 2.200919 2.199069 2.197219 2.195369
2.318491 2.316641 2.314791 2.312941 2.311091 2.309241 2.307391 2.305541 2.303691 2.301841 2.299991 2.298141 2.296292 2.294442 2.292592 2.290742 2.288892 2.287042 2.285192 2.283342 2.281492 2.279643 2.277793 2.275943 2.274093 2.272243 2.270393 2.268543 2.266693 2.264843 2.262993 2.261143 2.259294 2.257444 2.255594 2.253744 2.251894 2.250044 2.248194 2.246344 2.244494 2.242644 2.240794 2.238945 2.237095 2.235245 2.233395 2.231545 2.229695 2.227845 2.225995 2.224145 2.222296 2.220445 2.218596 2.216746 2.214896 2.213046 2.211196 2.209346 2.207496 2.205646 2.203796 2.201946 2.200097 2.198247 2.196397 2.194547 2.192697 2.190847
2.313969 2.312119 2.310269 2.308419 2.306569 2.304719 2.302869 2.301019 2.299169 2.297319 2.29547 2.29362 2.29177 2.28992 2.28807 2.28622 2.28437 2.28252 2.28067 2.27882 2.27697 2.27512 2.273271 2.271421 2.269571 2.267721 2.265871 2.264021 2.262171 2.260321 2.258471 2.256622 2.254772 2.252922 2.251072 2.249222 2.247372 2.245522 2.243672 2.241822 2.239972 2.238122 2.236273 2.234423 2.232573 2.230723 2.228873 2.227023 2.225173 2.223323 2.221473 2.219623 2.217773 2.215924 2.214074 2.212224 2.210374 2.208524 2.206674 2.204824 2.202974 2.201124 2.199275 2.197425 2.195575 2.193725 2.191875 2.190025 2.188175 2.186325
2.309447 2.307597 2.305747 2.303897 2.302047 2.300197 2.298347 2.296497 2.294647 2.292798 2.290948 2.289098 2.287248 2.285398 2.283548 2.281698 2.279848 2.277998 2.276148 2.274298 2.272449 2.270599 2.268749 2.266899 2.265049 2.263199 2.261349 2.259499 2.257649 2.2558 2.25395 2.2521 2.25025 2.2484 2.24655 2.2447 2.24285 2.241 2.23915 2.2373 2.235451 2.233601 2.231751 2.229901 2.228051 2.226201 2.224351 2.222501 2.220651 2.218801 2.216951 2.215101 2.213252 2.211402 2.209552 2.207702 2.205852 2.204002 2.202152 2.200302 2.198452 2.196602 2.194752 2.192903 2.191053 2.189203 2.187353 2.185503 2.183653 2.181803
2.304925 2.303075 2.301225 2.299375 2.297525 2.295675 2.293825 2.291975 2.290126 2.288276 2.286426 2.284576 2.282726 2.280876 2.279026 2.277176 2.275326 2.273476 2.271626 2.269777 2.267927 2.266077 2.264227 2.262377 2.260527 2.258677 2.256827 2.254977 2.253127 2.251277 2.249428 2.247578 2.245728 2.243878 2.242028 2.240178 2.238328 2.236478 2.234628 2.232779 2.230929 2.229079 2.227229 2.225379 2.223529 2.221679 2.219829 2.217979 2.216129 2.214279 2.21243 2.21058 2.20873 2.20688 2.20503 2.20318 2.20133 2.19948 2.19763 2.19578 2.19393 2.19208 2.190231 2.188381 2.186531 2.184681 2.182831 2.180981 2.179131 2.177281
2.300403 2.298553 2.296703 2.294853 2.293003 2.291153 2.289304 2.287454 2.285604 2.283754 2.281904 2.280054 2.278204 2.276354 2.274504 2.272654 2.270804 2.268955 2.267105 2.265255 2.263405 2.261555 2.259705 2.257855 2.256005 2.254155 2.252305 2.250455 2.248605 2.246756 2.244906 2.243056 2.241206 2.239356 2.237506 2.235656 2.233806 2.231956 2.230106 2.228256 2.226407 2.224557 2.222707 2.220857 2.219007 2.217157 2.215307 2.213457 2.211607 2.209758 2.207908 2.206058 2.204208 2.202358 2.200508 2.198658 2.196808 2.194958 2.193108 2.191258 2.189409 2.187559 2.185709 2.183859 2.182009 2.180159 2.178309 2.176459 2.174609 2.172759
2.295881 2.294031 2.292181 2.290331 2.288481 2.286631 2.284781 2.282932 2.281082 2.279232 2.277382 2.275532 2.273682 2.271832 2.269982 2.268132 2.266283 2.264433 2.262583 2.260733 2.258883 2.257033 2.255183 2.253333 2.251483 2.249633 2.247783 2.245934 2.244084 2.242234 2.240384 2.238534 2.236684 2.234834 2.232984 2.231134 2.229284 2.227434 2.225585 2.223735 2.221885 2.220035 2.218185 2.216335 2.214485 2.212635 2.210785 2.208935 2.207086 2.205236 2.203386 2.201536 2.199686 2.197836 2.195986 2.194136 2.192286 2.190436 2.188586 2.186737 2.184887 2.183037 2.181187 2.179337 2.177487 2.175637 2.173787 2.171937 2.170087 2.168237
2.291359 2.289509 2.287659 2.285809 2.283959 2.282109 2.28026 2.27841 2.27656 2.27471 2.27286 2.27101 2.26916 2.26731 2.26546 2.263611 2.26176 2.259911 2.258061 2.256211 2.254361 2.252511 2.250661 2.248811 2.246961 2.245111 2.243262 2.241412 2.239562 2.237712 2.235862 2.234012 2.232162 2.230312 2.228462 2.226612 2.224762 2.222913 2.221063 2.219213 2.217363 2.215513 2.213663 2.211813 2.209963 2.208113 2.206263 2.204413 2.202564 2.200714 2.198864 2.197014 2.195164 2.193314 2.191464 2.189614 2.187764 2.185915 2.184065 2.182215 2.180365 2.178515 2.176665 2.174815 2.172965 2.171115 2.169265 2.167415 2.165565 2.163716
2.286837 2.284987 2.283137 2.281287 2.279438 2.277588 2.275738 2.273888 2.272038 2.270188 2.268338 2.266488 2.264638 2.262788 2.260938 2.259089 2.257239 2.255389 2.253539 2.251689 2.249839 2.247989 2.246139 2.244289 2.24244 2.24059 2.23874 2.23689 2.23504 2.23319 2.23134 2.22949 2.22764 2.22579 2.22394 2.22209 2.220241 2.218391 2.216541 2.214691 2.212841 2.210991 2.209141 2.207291 2.205441 2.203591 2.201741 2.199892 2.198042 2.196192 2.194342 2.192492 2.190642 2.188792 2.186942 2.185092 2.183243 2.181392 2.179543 2.177693 2.175843 2.173993 2.172143 2.170293 2.168443 2.166593 2.164743 2.162894 2.161044 2.159194
2.282315 2.280465 2.278615 2.276766 2.274916 2.273066 2.271216 2.269366 2.267516 2.265666 2.263816 2.261966 2.260116 2.258266 2.256417 2.254567 2.252717 2.250867 2.249017 2.247167 2.245317 2.243467 2.241617 2.239768 2.237917 2.236068 2.234218 2.232368 2.230518 2.228668 2.226818 2.224968 2.223118 2.221268 2.219419 2.217569 2.215719 2.213869 2.212019 2.210169 2.208319 2.206469 2.204619 2.202769 2.200919 2.199069 2.19722 2.19537 2.19352 2.19167 2.18982 2.18797 2.18612 2.18427 2.18242 2.18057 2.17872 2.176871 2.175021 2.173171 2.171321 2.169471 2.167621 2.165771 2.163921 2.162071 2.160222 2.158372 2.156522 2.154672
2.277793 2.275944 2.274094 2.272244 2.270394 2.268544 2.266694 2.264844 2.262994 2.261144 2.259294 2.257444 2.255594 2.253745 2.251895 2.250045 2.248195 2.246345 2.244495 2.242645 2.240795 2.238945 2.237095 2.235245 2.233396 2.231546 2.229696 2.227846 2.225996 2.224146 2.222296 2.220446 2.218596 2.216747 2.214897 2.213047 2.211197 2.209347 2.207497 2.205647 2.203797 2.201947 2.200097 2.198247 2.196398 2.194548 2.192698 2.190848 2.188998 2.187148 2.185298 2.183448 2.181598 2.179748 2.177898 2.176049 2.174199 2.172349 2.170499 2.168649 2.166799 2.164949 2.163099 2.161249 2.1594 2.157549 2.155699 2.15385 2.152 2.15015
2.273272 2.271422 2.269572 2.267722 2.265872 2.264022 2.262172 2.260322 2.258472 2.256622 2.254772 2.252923 2.251073 2.249223 2.247373 2.245523 2.243673 2.241823 2.239973 2.238123 2.236273 2.234423 2.232574 2.230724 2.228874 2.227024 2.225174 2.223324 2.221474 2.219624 2.217774 2.215924 2.214074 2.212224 2.210375 2.208525 2.206675 2.204825 2.202975 2.201125 2.199275 2.197425 2.195575 2.193726 2.191876 2.190026 2.188176 2.186326 2.184476 2.182626 2.180776 2.178926 2.177076 2.175226 2.173377 2.171527 2.169677 2.167827 2.165977 2.164127 2.162277 2.160427 2.158577 2.156727 2.154877 2.153028 2.151178 2.149328 2.147478 2.145628
2.268749 2.2669 2.26505 2.2632 2.26135 2.2595 2.25765 2.2558 2.25395 2.2521 2.250251 2.248401 2.246551 2.244701 2.242851 2.241001 2.239151 2.237301 2.235451 2.233601 2.231751 2.229902 2.228052 2.226202 2.224352 2.222502 2.220652 2.218802 2.216952 2.215102 2.213252 2.211402 2.209553 2.207703 2.205853 2.204003 2.202153 2.200303 2.198453 2.196603 2.194753 2.192904 2.191054 2.189204 2.187354 2.185504 2.183654 2.181804 2.179954 2.178104 2.176254 2.174404 2.172554 2.170705 2.168855 2.167005 2.165155 2.163305 2.161455 2.159605 2.157755 2.155905 2.154055 2.152205 2.150356 2.148506 2.146656 2.144806 2.142956 2.141106
2.264228 2.262378 2.260528 2.258678 2.256828 2.254978 2.253128 2.251278 2.249429 2.247578 2.245728 2.243879 2.242029 2.240179 2.238329 2.236479 2.234629 2.232779 2.230929 2.229079 2.22723 2.22538 2.22353 2.22168 2.21983 2.21798 2.21613 2.21428 2.21243 2.21058 2.20873 2.206881 2.205031 2.203181 2.201331 2.199481 2.197631 2.195781 2.193931 2.192081 2.190231 2.188381 2.186532 2.184682 2.182832 2.180982 2.179132 2.177282 2.175432 2.173582 2.171732 2.169883 2.168033 2.166183 2.164333 2.162483 2.160633 2.158783 2.156933 2.155083 2.153233 2.151383 2.149534 2.147684 2.145834 2.143984 2.142134 2.140284 2.138434 2.136584
2.259706 2.257856 2.256006 2.254156 2.252306 2.250456 2.248606 2.246756 2.244906 2.243057 2.241207 2.239357 2.237507 2.235657 2.233807 2.231957 2.230107 2.228257 2.226408 2.224558 2.222708 2.220858 2.219008 2.217158 2.215308 2.213458 2.211608 2.209758 2.207908 2.206059 2.204209 2.202359 2.200509 2.198659 2.196809 2.194959 2.193109 2.191259 2.189409 2.187559 2.185709 2.18386 2.18201 2.18016 2.17831 2.17646 2.17461 2.17276 2.17091 2.16906 2.16721 2.16536 2.163511 2.161661 2.159811 2.157961 2.156111 2.154261 2.152411 2.150561 2.148711 2.146862 2.145012 2.143162 2.141312 2.139462 2.137612 2.135762 2.133912 2.132062
2.255184 2.253334 2.251484 2.249634 2.247784 2.245934 2.244084 2.242234 2.240385 2.238535 2.236685 2.234835 2.232985 2.231135 2.229285 2.227435 2.225585 2.223735 2.221885 2.220036 2.218186 2.216336 2.214486 2.212636 2.210786 2.208936 2.207086 2.205236 2.203387 2.201537 2.199687 2.197837 2.195987 2.194137 2.192287 2.190437 2.188587 2.186737 2.184887 2.183038 2.181188 2.179338 2.177488 2.175638 2.173788 2.171938 2.170088 2.168238 2.166388 2.164538 2.162688 2.160839 2.158989 2.157139 2.155289 2.153439 2.151589 2.149739 2.147889 2.146039 2.14419 2.14234 2.14049 2.13864 2.13679 2.13494 2.13309 2.13124 2.12939 2.12754
2.250662 2.248812 2.246962 2.245112 2.243262 2.241412 2.239563 2.237713 2.235863 2.234013 2.232163 2.230313 2.228463 2.226613 2.224763 2.222913 2.221063 2.219213 2.217364 2.215514 2.213664 2.211814 2.209964 2.208114 2.206264 2.204414 2.202564 2.200715 2.198864 2.197015 2.195165 2.193315 2.191465 2.189615 2.187765 2.185915 2.184065 2.182215 2.180366 2.178516 2.176666 2.174816 2.172966 2.171116 2.169266 2.167416 2.165566 2.163716 2.161866 2.160017 2.158167 2.156317 2.154467 2.152617 2.150767 2.148917 2.147067 2.145217 2.143367 2.141517 2.139668 2.137818 2.135968 2.134118 2.132268 2.130418 2.128568 2.126718 2.124868 2.123019
2.24614 2.24429 2.24244 2.24059 2.23874 2.236891 2.235041 2.233191 2.231341 2.229491 2.227641 2.225791 2.223941 2.222091 2.220241 2.218391 2.216542 2.214692 2.212842 2.210992 2.209142 2.207292 2.205442 2.203592 2.201742 2.199892 2.198042 2.196193 2.194343 2.192493 2.190643 2.188793 2.186943 2.185093 2.183243 2.181393 2.179543 2.177694 2.175844 2.173994 2.172144 2.170294 2.168444 2.166594 2.164744 2.162894 2.161044 2.159194 2.157345 2.155495 2.153645 2.151795 2.149945 2.148095 2.146245 2.144395 2.142545 2.140695 2.138845 2.136996 2.135146 2.133296 2.131446 2.129596 2.127746 2.125896 2.124046 2.122196 2.120347 2.118496
2.241618 2.239768 2.237918 2.236068 2.234219 2.232369 2.230519 2.228669 2.226819 2.224969 2.223119 2.221269 2.219419 2.217569 2.215719 2.21387 2.21202 2.21017 2.20832 2.20647 2.20462 2.20277 2.20092 2.19907 2.19722 2.19537 2.193521 2.191671 2.189821 2.187971 2.186121 2.184271 2.182421 2.180571 2.178721 2.176872 2.175021 2.173172 2.171322 2.169472 2.167622 2.165772 2.163922 2.162072 2.160222 2.158372 2.156523 2.154673 2.152823 2.150973 2.149123 2.147273 2.145423 2.143573 2.141723 2.139873 2.138023 2.136173 2.134324 2.132474 2.130624 2.128774 2.126924 2.125074 2.123224 2.121374 2.119524 2.117674 2.115824 2.113975
2.237096 2.235246 2.233397 2.231546 2.229697 2.227847 2.225997 2.224147 2.222297 2.220447 2.218597 2.216747 2.214897 2.213048 2.211198 2.209348 2.207498 2.205648 2.203798 2.201948 2.200098 2.198248 2.196398 2.194548 2.192698 2.190849 2.188999 2.187149 2.185299 2.183449 2.181599 2.179749 2.177899 2.176049 2.174199 2.172349 2.1705 2.16865 2.1668 2.16495 2.1631 2.16125 2.1594 2.15755 2.1557 2.153851 2.152001 2.150151 2.148301 2.146451 2.144601 2.142751 2.140901 2.139051 2.137201 2.135351 2.133502 2.131652 2.129802 2.127952 2.126102 2.124252 2.122402 2.120552 2.118702 2.116852 2.115002 2.113153 2.111303 2.109453
2.232574 2.230724 2.228874 2.227025 2.225175 2.223325 2.221475 2.219625 2.217775 2.215925 2.214075 2.212225 2.210376 2.208526 2.206676 2.204826 2.202976 2.201126 2.199276 2.197426 2.195576 2.193726 2.191876 2.190027 2.188177 2.186327 2.184477 2.182627 2.180777 2.178927 2.177077 2.175227 2.173377 2.171527 2.169677 2.167828 2.165978 2.164128 2.162278 2.160428 2.158578 2.156728 2.154878 2.153028 2.151178 2.149328 2.147479 2.145629 2.143779 2.141929 2.140079 2.138229 2.136379 2.134529 2.132679 2.13083 2.12898 2.12713 2.12528 2.12343 2.12158 2.11973 2.11788 2.11603 2.11418 2.11233 2.110481 2.108631 2.106781 2.104931
2.228052 2.226202 2.224353 2.222503 2.220653 2.218803 2.216953 2.215103 2.213253 2.211403 2.209553 2.207703 2.205853 2.204004 2.202154 2.200304 2.198454 2.196604 2.194754 2.192904 2.191054 2.189204 2.187355 2.185505 2.183655 2.181805 2.179955 2.178105 2.176255 2.174405 2.172555 2.170705 2.168855 2.167006 2.165156 2.163306 2.161456 2.159606 2.157756 2.155906 2.154056 2.152206 2.150356 2.148506 2.146657 2.144807 2.142957 2.141107 2.139257 2.137407 2.135557 2.133707 2.131857 2.130008 2.128158 2.126307 2.124458 2.122608 2.120758 2.118908 2.117058 2.115208 2.113358 2.111508 2.109658 2.107809 2.105959 2.104109 2.102259 2.100409
2.223531 2.221681 2.219831 2.217981 2.216131 2.214281 2.212431 2.210581 2.208731 2.206881 2.205031 2.203182 2.201332 2.199482 2.197632 2.195782 2.193932 2.192082 2.190232 2.188382 2.186532 2.184683 2.182832 2.180983 2.179133 2.177283 2.175433 2.173583 2.171733 2.169883 2.168033 2.166183 2.164334 2.162484 2.160634 2.158784 2.156934 2.155084 2.153234 2.151384 2.149534 2.147684 2.145834 2.143985 2.142135 2.140285 2.138435 2.136585 2.134735 2.132885 2.131035 2.129185 2.127335 2.125485 2.123636 2.121786 2.119936 2.118086 2.116236 2.114386 2.112536 2.110686 2.108836 2.106987 2.105137 2.103287 2.101437 2.099587 2.097737 2.095887
2.219009 2.217159 2.215309 2.213459 2.211609 2.209759 2.207909 2.206059 2.204209 2.202359 2.20051 2.19866 2.19681 2.19496 2.19311 2.19126 2.18941 2.18756 2.18571 2.18386 2.18201 2.180161 2.178311 2.176461 2.174611 2.172761 2.170911 2.169061 2.167211 2.165361 2.163512 2.161662 2.159812 2.157962 2.156112 2.154262 2.152412 2.150562 2.148712 2.146862 2.145012 2.143162 2.141313 2.139463 2.137613 2.135763 2.133913 2.132063 2.130213 2.128363 2.126513 2.124663 2.122813 2.120964 2.119114 2.117264 2.115414 2.113564 2.111714 2.109864 2.108014 2.106164 2.104315 2.102464 2.100615 2.098765 2.096915 2.095065 2.093215 2.091365
2.214487 2.212637 2.210787 2.208937 2.207087 2.205237 2.203387 2.201537 2.199687 2.197838 2.195988 2.194138 2.192288 2.190438 2.188588 2.186738 2.184888 2.183038 2.181188 2.179338 2.177489 2.175639 2.173789 2.171939 2.170089 2.168239 2.166389 2.164539 2.162689 2.160839 2.158989 2.15714 2.15529 2.15344 2.15159 2.14974 2.14789 2.14604 2.14419 2.14234 2.140491 2.138641 2.136791 2.134941 2.133091 2.131241 2.129391 2.127541 2.125691 2.123841 2.121991 2.120142 2.118292 2.116442 2.114592 2.112742 2.110892 2.109042 2.107192 2.105342 2.103492 2.101642 2.099792 2.097943 2.096093 2.094243 2.092393 2.090543 2.088693 2.086843
2.209965 2.208115 2.206265 2.204415 2.202565 2.200715 2.198865 2.197016 2.195166 2.193316 2.191466 2.189616 2.187766 2.185916 2.184066 2.182216 2.180366 2.178516 2.176666 2.174817 2.172967 2.171117 2.169267 2.167417 2.165567 2.163717 2.161867 2.160017 2.158167 2.156317 2.154468 2.152618 2.150768 2.148918 2.147068 2.145218 2.143368 2.141518 2.139668 2.137819 2.135968 2.134119 2.132269 2.130419 2.128569 2.126719 2.124869 2.123019 2.121169 2.119319 2.11747 2.11562 2.11377 2.11192 2.11007 2.10822 2.10637 2.10452 2.10267 2.10082 2.09897 2.097121 2.095271 2.093421 2.091571 2.089721 2.087871 2.086021 2.084171 2.082321
