SEB_model/sample_data_files/contemp/SnowProbe_data/winter_snow_0809.txt
ncols         313
nrows         278
xllcorner     388961.19995117
yllcorner     7584381.3441773
cellsize      5
NODATA_value  -9999
[rows 124 to 154 of 278, columns 140 to 209 of 313]
2.065264 2.063414 2.061564 2.059714 2.057864 2.056014 2.054164 2.052315 2.050465 2.048615 2.046765 2.044915 2.043065 2.041215 2.039365 2.037515 2.035665 2.033815 2.031965 2.030116 2.028266 2.026416 2.024566 2.022716 2.020866 2.019016 2.017166 2.015316 2.013467 2.011616 2.009767 2.007917 2.006067 2.004217 2.002367 2.000517 1.998667 1.996817 1.994967 1.993118 1.991268 1.989418 1.987568 1.985718 1.983868 1.982018 1.980168 1.978318 1.976468 1.974618 1.972769 1.970919 1.969069 1.967219 1.965369 1.963519 1.961669 1.959819 1.957969 1.956119 1.95427 1.95242 1.95057 1.94872 1.94687 1.94502 1.94317 1.94132 1.93947 1.93762
2.060742 2.058892 2.057042 2.055192 2.053342 2.051492 2.049643 2.047793 2.045943 2.044093 2.042243 2.040393 2.038543 2.036693 2.034843 2.032993 2.031143 2.029294 2.027444 2.025594 2.023744 2.021894 2.020044 2.018194 2.016344 2.014494 2.012644 2.010794 2.008945 2.007095 2.005245 2.003395 2.001545 1.999695 1.997845 1.995995 1.994145 1.992295 1.990445 1.988596 1.986746 1.984896 1.983046 1.981196 1.979346 1.977496 1.975646 1.973796 1.971946 1.970097 1.968247 1.966397 1.964547 1.962697 1.960847 1.958997 1.957147 1.955297 1.953447 1.951597 1.949748 1.947898 1.946048 1.944198 1.942348 1.940498 1.938648 1.936798 1.934948 1.933098
2.05622 2.05437 2.05252 2.05067 2.04882 2.046971 2.045121 2.043271 2.041421 2.039571 2.037721 2.035871 2.034021 2.032171 2.030321 2.028471 2.026622 2.024772 2.022922 2.021072 2.019222 2.017372 2.015522 2.013672 2.011822 2.009972 2.008122 2.006273 2.004423 2.002573 2.000723 1.998873 1.997023 1.995173 1.993323 1.991473 1.989623 1.987774 1.985924 1.984074 1.982224 1.980374 1.978524 1.976674 1.974824 1.972974 1.971124 1.969275 1.967425 1.965575 1.963725 1.961875 1.960025 1.958175 1.956325 1.954475 1.952625 1.950775 1.948925 1.947076 1.945226 1.943376 1.941526 1.939676 1.937826 1.935976 1.934126 1.932276 1.930426 1.928577
2.051698 2.049848 2.047998 2.046148 2.044298 2.042449 2.040599 2.038749 2.036899 2.035049 2.033199 2.031349 2.029499 2.027649 2.0258 2.02395 2.0221 2.02025 2.0184 2.01655 2.0147 2.01285 2.011 2.00915 2.0073 2.00545 2.003601 2.001751 1.999901 1.998051 1.996201 1.994351 1.992501 1.990651 1.988801 1.986951 1.985102 1.983252 1.981402 1.979552 1.977702 1.975852 1.974002 1.972152 1.970302 1.968452 1.966602 1.964753 1.962903 1.961053 1.959203 1.957353 1.955503 1.953653 1.951803 1.949953 1.948103 1.946254 1.944404 1.942554 1.940704 1.938854 1.937004 1.935154 1.933304 1.931454 1.929604 1.927754 1.925905 1.924055
2.047176 2.045326 2.043476 2.041626 2.039777 2.037927 2.036077 2.034227 2.032377 2.030527 2.028677 2.026827 2.024977 2.023128 2.021278 2.019428 2.017578 2.015728 2.013878 2.012028 2.010178 2.008328 2.006478 2.004628 2.002779 2.000929 1.999079 1.997229 1.995379 1.993529 1.991679 1.989829 1.987979 1.986129 1.984279 1.98243 1.98058 1.97873 1.97688 1.97503 1.97318 1.97133 1.96948 1.96763 1.96578 1.96393 1.962081 1.960231 1.958381 1.956531 1.954681 1.952831 1.950981 1.949131 1.947281 1.945431 1.943581 1.941732 1.939882 1.938032 1.936182 1.934332 1.932482 1.930632 1.928782 1.926932 1.925082 1.923233 1.921383 1.919533
2.042654 2.040804 2.038954 2.037105 2.035255 2.033405 2.031555 2.029705 2.027855 2.026005 2.024155 2.022305 2.020455 2.018605 2.016756 2.014906 2.013056 2.011206 2.009356 2.007506 2.005656 2.003806 2.001956 2.000107 1.998257 1.996407 1.994557 1.992707 1.990857 1.989007 1.987157 1.985307 1.983457 1.981607 1.979758 1.977908 1.976058 1.974208 1.972358 1.970508 1.968658 1.966808 1.964958 1.963108 1.961259 1.959409 1.957559 1.955709 1.953859 1.952009 1.950159 1.948309 1.946459 1.944609 1.942759 1.94091 1.93906 1.93721 1.93536 1.93351 1.93166 1.92981 1.92796 1.92611 1.92426 1.92241 1.920561 1.918711 1.916861 1.915011
2.038132 2.036283 2.034433 2.032583 2.030733 2.028883 2.027033 2.025183 2.023333 2.021483 2.019633 2.017783 2.015934 2.014084 2.012234 2.010384 2.008534 2.006684 2.004834 2.002984 2.001134 1.999284 1.997434 1.995585 1.993735 1.991885 1.990035 1.988185 1.986335 1.984485 1.982635 1.980785 1.978935 1.977085 1.975236 1.973386 1.971536 1.969686 1.967836 1.965986 1.964136 1.962286 1.960436 1.958586 1.956737 1.954887 1.953037 1.951187 1.949337 1.947487 1.945637 1.943787 1.941937 1.940087 1.938238 1.936388 1.934538 1.932688 1.930838 1.928988 1.927138 1.925288 1.923438 1.921588 1.919738 1.917889 1.916039 1.914189 1.912339 1.910489
2.033611 2.031761 2.029911 2.028061 2.026211 2.024361 2.022511 2.020661 2.018811 2.016961 2.015111 2.013262 2.011412 2.009562 2.007712 2.005862 2.004012 2.002162 2.000312 1.998462 1.996612 1.994763 1.992913 1.991063 1.989213 1.987363 1.985513 1.983663 1.981813 1.979963 1.978113 1.976263 1.974414 1.972564 1.970714 1.968864 1.967014 1.965164 1.963314 1.961464 1.959614 1.957764 1.955914 1.954065 1.952215 1.950365 1.948515 1.946665 1.944815 1.942965 1.941115 1.939265 1.937415 1.935565 1.933716 1.931866 1.930016 1.928166 1.926316 1.924466 1.922616 1.920766 1.918916 1.917066 1.915217 1.913367 1.911517 1.909667 1.907817 1.905967
2.029088 2.027239 2.025389 2.023539 2.021689 2.019839 2.017989 2.016139 2.014289 2.012439 2.01059 2.00874 2.00689 2.00504 2.00319 2.00134 1.99949 1.99764 1.99579 1.99394 1.99209 1.990241 1.988391 1.986541 1.984691 1.982841 1.980991 1.979141 1.977291 1.975441 1.973591 1.971742 1.969892 1.968042 1.966192 1.964342 1.962492 1.960642 1.958792 1.956942 1.955092 1.953242 1.951393 1.949543 1.947693 1.945843 1.943993 1.942143 1.940293 1.938443 1.936593 1.934743 1.932894 1.931044 1.929194 1.927344 1.925494 1.923644 1.921794 1.919944 1.918094 1.916244 1.914394 1.912544 1.910695 1.908845 1.906995 1.905145 1.903295 1.901445
2.024567 2.022717 2.020867 2.019017 2.017167 2.015317 2.013467 2.011617 2.009768 2.007918 2.006068 2.004218 2.002368 2.000518 1.998668 1.996818 1.994968 1.993118 1.991268 1.989419 1.987569 1.985719 1.983869 1.982019 1.980169 1.978319 1.976469 1.974619 1.972769 1.970919 1.969069 1.96722 1.96537 1.96352 1.96167 1.95982 1.95797 1.95612 1.95427 1.95242 1.95057 1.948721 1.946871 1.945021 1.943171 1.941321 1.939471 1.937621 1.935771 1.933921 1.932071 1.930222 1.928372 1.926522 1.924672 1.922822 1.920972 1.919122 1.917272 1.915422 1.913572 1.911722 1.909873 1.908023 1.906173 1.904323 1.902473 1.900623 1.898773 1.896923
2.020045 2.018195 2.016345 2.014495 2.012645 2.010795 2.008945 2.007096 2.005245 2.003396 2.001546 1.999696 1.997846 1.995996 1.994146 1.992296 1.990446 1.988596 1.986747 1.984897 1.983047 1.981197 1.979347 1.977497 1.975647 1.973797 1.971947 1.970097 1.968247 1.966398 1.964548 1.962698 1.960848 1.958998 1.957148 1.955298 1.953448 1.951598 1.949748 1.947899 1.946049 1.944199 1.942349 1.940499 1.938649 1.936799 1.934949 1.933099 1.931249 1.929399 1.927549 1.9257 1.92385 1.922 1.92015 1.9183 1.91645 1.9146 1.91275 1.9109 1.90905 1.907201 1.905351 1.903501 1.901651 1.899801 1.897951 1.896101 1.894251 1.892401
2.015523 2.013673 2.011823 2.009973 2.008123 2.006273 2.004423 2.002573 2.000724 1.998874 1.997024 1.995174 1.993324 1.991474 1.989624 1.987774 1.985924 1.984074 1.982225 1.980375 1.978525 1.976675 1.974825 1.972975 1.971125 1.969275 1.967425 1.965575 1.963726 1.961876 1.960026 1.958176 1.956326 1.954476 1.952626 1.950776 1.948926 1.947076 1.945226 1.943377 1.941527 1.939677 1.937827 1.935977 1.934127 1.932277 1.930427 1.928577 1.926727 1.924878 1.923028 1.921178 1.919328 1.917478 1.915628 1.913778 1.911928 1.910078 1.908228 1.906379 1.904528 1.902679 1.900829 1.898979 1.897129 1.895279 1.893429 1.891579 1.889729 1.887879
2.011001 2.009151 2.007301 2.005451 2.003601 2.001751 1.999902 1.998052 1.996202 1.994352 1.992502 1.990652 1.988802 1.986952 1.985102 1.983252 1.981403 1.979553 1.977703 1.975853 1.974003 1.972153 1.970303 1.968453 1.966603 1.964753 1.962903 1.961053 1.959204 1.957354 1.955504 1.953654 1.951804 1.949954 1.948104 1.946254 1.944404 1.942554 1.940705 1.938855 1.937005 1.935155 1.933305 1.931455 1.929605 1.927755 1.925905 1.924055 1.922206 1.920356 1.918506 1.916656 1.914806 1.912956 1.911106 1.909256 1.907406 1.905556 1.903706 1.901857 1.900007 1.898157 1.896307 1.894457 1.892607 1.890757 1.888907 1.887057 1.885207 1.883358
2.006479 2.004629 2.002779 2.000929 1.999079 1.99723 1.99538 1.99353 1.99168 1.98983 1.98798 1.98613 1.98428 1.98243 1.98058 1.978731 1.976881 1.975031 1.973181 1.971331 1.969481 1.967631 1.965781 1.963931 1.962081 1.960231 1.958382 1.956532 1.954682 1.952832 1.950982 1.949132 1.947282 1.945432 1.943582 1.941732 1.939883 1.938033 1.936183 1.934333 1.932483 1.930633 1.928783 1.926933 1.925083 1.923233 1.921383 1.919533 1.917684 1.915834 1.913984 1.912134 1.910284 1.908434 1.906584 1.904734 1.902884 1.901034 1.899185 1.897335 1.895485 1.893635 1.891785 1.889935 1.888085 1.886235 1.884385 1.882535 1.880685 1.878836
2.001957 2.000107 1.998257 1.996408 1.994557 1.992708 1.990858 1.989008 1.987158 1.985308 1.983458 1.981608 1.979758 1.977908 1.976058 1.974209 1.972359 1.970509 1.968659 1.966809 1.964959 1.963109 1.961259 1.959409 1.957559 1.95571 1.95386 1.95201 1.95016 1.94831 1.94646 1.94461 1.94276 1.94091 1.93906 1.93721 1.935361 1.933511 1.931661 1.929811 1.927961 1.926111 1.924261 1.922411 1.920561 1.918711 1.916862 1.915012 1.913162 1.911312 1.909462 1.907612 1.905762 1.903912 1.902062 1.900212 1.898363 1.896513 1.894663 1.892813 1.890963 1.889113 1.887263 1.885413 1.883563 1.881713 1.879863 1.878013 1.876164 1.874314
1.997435 1.995585 1.993735 1.991886 1.990036 1.988186 1.986336 1.984486 1.982636 1.980786 1.978936 1.977086 1.975236 1.973387 1.971537 1.969687 1.967837 1.965987 1.964137 1.962287 1.960437 1.958587 1.956737 1.954887 1.953038 1.951188 1.949338 1.947488 1.945638 1.943788 1.941938 1.940088 1.938238 1.936388 1.934538 1.932689 1.930839 1.928989 1.927139 1.925289 1.923439 1.921589 1.919739 1.917889 1.916039 1.91419 1.91234 1.91049 1.90864 1.90679 1.90494 1.90309 1.90124 1.89939 1.89754 1.89569 1.893841 1.891991 1.890141 1.888291 1.886441 1.884591 1.882741 1.880891 1.879041 1.877191 1.875342 1.873492 1.871642 1.869792
1.992913 1.991063 1.989214 1.987364 1.985514 1.983664 1.981814 1.979964 1.978114 1.976264 1.974414 1.972564 1.970714 1.968865 1.967015 1.965165 1.963315 1.961465 1.959615 1.957765 1.955915 1.954065 1.952215 1.950366 1.948516 1.946666 1.944816 1.942966 1.941116 1.939266 1.937416 1.935566 1.933716 1.931867 1.930017 1.928167 1.926317 1.924467 1.922617 1.920767 1.918917 1.917067 1.915217 1.913367 1.911518 1.909668 1.907818 1.905968 1.904118 1.902268 1.900418 1.898568 1.896718 1.894868 1.893018 1.891169 1.889319 1.887469 1.885619 1.883769 1.881919 1.880069 1.878219 1.876369 1.874519 1.872669 1.87082 1.86897 1.86712 1.86527
1.988392 1.986542 1.984692 1.982842 1.980992 1.979142 1.977292 1.975442 1.973592 1.971742 1.969892 1.968042 1.966193 1.964343 1.962493 1.960643 1.958793 1.956943 1.955093 1.953243 1.951393 1.949543 1.947694 1.945844 1.943994 1.942144 1.940294 1.938444 1.936594 1.934744 1.932894 1.931044 1.929194 1.927345 1.925495 1.923645 1.921795 1.919945 1.918095 1.916245 1.914395 1.912545 1.910695 1.908846 1.906996 1.905146 1.903296 1.901446 1.899596 1.897746 1.895896 1.894046 1.892196 1.890346 1.888497 1.886647 1.884797 1.882947 1.881097 1.879247 1.877397 1.875547 1.873697 1.871847 1.869998 1.868148 1.866298 1.864448 1.862598 1.860748
1.98387 1.98202 1.98017 1.97832 1.97647 1.97462 1.97277 1.97092 1.96907 1.96722 1.965371 1.963521 1.961671 1.959821 1.957971 1.956121 1.954271 1.952421 1.950571 1.948721 1.946871 1.945022 1.943172 1.941322 1.939472 1.937622 1.935772 1.933922 1.932072 1.930222 1.928372 1.926522 1.924673 1.922823 1.920973 1.919123 1.917273 1.915423 1.913573 1.911723 1.909873 1.908023 1.906173 1.904324 1.902474 1.900624 1.898774 1.896924 1.895074 1.893224 1.891374 1.889524 1.887674 1.885825 1.883975 1.882125 1.880275 1.878425 1.876575 1.874725 1.872875 1.871025 1.869175 1.867326 1.865476 1.863626 1.861776 1.859926 1.858076 1.856226
1.979348 1.977498 1.975648 1.973798 1.971948 1.970098 1.968248 1.966398 1.964548 1.962698 1.960849 1.958999 1.957149 1.955299 1.953449 1.951599 1.949749 1.947899 1.946049 1.944199 1.94235 1.9405 1.93865 1.9368 1.93495 1.9331 1.93125 1.9294 1.92755 1.9257 1.923851 1.922001 1.920151 1.918301 1.916451 1.914601 1.912751 1.910901 1.909051 1.907201 1.905351 1.903502 1.901652 1.899802 1.897952 1.896102 1.894252 1.892402 1.890552 1.888702 1.886852 1.885002 1.883153 1.881303 1.879453 1.877603 1.875753 1.873903 1.872053 1.870203 1.868353 1.866503 1.864653 1.862804 1.860954 1.859104 1.857254 1.855404 1.853554 1.851704
1.974826 1.972976 1.971126 1.969276 1.967426 1.965576 1.963726 1.961876 1.960027 1.958177 1.956327 1.954477 1.952627 1.950777 1.948927 1.947077 1.945227 1.943377 1.941527 1.939678 1.937828 1.935978 1.934128 1.932278 1.930428 1.928578 1.926728 1.924878 1.923028 1.921178 1.919329 1.917479 1.915629 1.913779 1.911929 1.910079 1.908229 1.906379 1.904529 1.902679 1.90083 1.89898 1.89713 1.89528 1.89343 1.89158 1.88973 1.88788 1.88603 1.88418 1.88233 1.880481 1.878631 1.876781 1.874931 1.873081 1.871231 1.869381 1.867531 1.865681 1.863831 1.861982 1.860132 1.858282 1.856432 1.854582 1.852732 1.850882 1.849032 1.847182
1.970304 1.968454 1.966604 1.964754 1.962904 1.961054 1.959204 1.957355 1.955505 1.953655 1.951805 1.949955 1.948105 1.946255 1.944405 1.942555 1.940705 1.938855 1.937006 1.935156 1.933306 1.931456 1.929606 1.927756 1.925906 1.924056 1.922206 1.920356 1.918507 1.916657 1.914807 1.912957 1.911107 1.909257 1.907407 1.905557 1.903707 1.901857 1.900007 1.898157 1.896308 1.894458 1.892608 1.890758 1.888908 1.887058 1.885208 1.883358 1.881508 1.879658 1.877809 1.875959 1.874109 1.872259 1.870409 1.868559 1.866709 1.864859 1.863009 1.861159 1.85931 1.85746 1.85561 1.85376 1.85191 1.85006 1.84821 1.84636 1.84451 1.84266
1.965782 1.963932 1.962082 1.960232 1.958382 1.956532 1.954682 1.952833 1.950983 1.949133 1.947283 1.945433 1.943583 1.941733 1.939883 1.938033 1.936183 1.934334 1.932484 1.930634 1.928784 1.926934 1.925084 1.923234 1.921384 1.919534 1.917684 1.915835 1.913985 1.912135 1.910285 1.908435 1.906585 1.904735 1.902885 1.901035 1.899185 1.897335 1.895486 1.893636 1.891786 1.889936 1.888086 1.886236 1.884386 1.882536 1.880686 1.878836 1.876987 1.875137 1.873287 1.871437 1.869587 1.867737 1.865887 1.864037 1.862187 1.860337 1.858487 1.856637 1.854788 1.852938 1.851088 1.849238 1.847388 1.845538 1.843688 1.841838 1.839988 1.838138
1.96126 1.95941 1.95756 1.95571 1.95386 1.952011 1.950161 1.948311 1.946461 1.944611 1.942761 1.940911 1.939061 1.937211 1.935361 1.933511 1.931662 1.929812 1.927962 1.926112 1.924262 1.922412 1.920562 1.918712 1.916862 1.915012 1.913162 1.911313 1.909463 1.907613 1.905763 1.903913 1.902063 1.900213 1.898363 1.896513 1.894663 1.892814 1.890964 1.889114 1.887264 1.885414 1.883564 1.881714 1.879864 1.878014 1.876164 1.874314 1.872465 1.870615 1.868765 1.866915 1.865065 1.863215 1.861365 1.859515 1.857665 1.855815 1.853966 1.852116 1.850266 1.848416 1.846566 1.844716 1.842866 1.841016 1.839166 1.837316 1.835467 1.833616
1.956738 1.954888 1.953038 1.951188 1.949339 1.947489 1.945639 1.943789 1.941939 1.940089 1.938239 1.936389 1.934539 1.932689 1.930839 1.92899 1.92714 1.92529 1.92344 1.92159 1.91974 1.91789 1.91604 1.91419 1.91234 1.910491 1.908641 1.906791 1.904941 1.903091 1.901241 1.899391 1.897541 1.895691 1.893841 1.891991 1.890141 1.888292 1.886442 1.884592 1.882742 1.880892 1.879042 1.877192 1.875342 1.873492 1.871642 1.869793 1.867943 1.866093 1.864243 1.862393 1.860543 1.858693 1.856843 1.854993 1.853143 1.851294 1.849444 1.847594 1.845744 1.843894 1.842044 1.840194 1.838344 1.836494 1.834644 1.832794 1.830945 1.829095
1.952216 1.950366 1.948516 1.946666 1.944817 1.942967 1.941117 1.939267 1.937417 1.935567 1.933717 1.931867 1.930017 1.928167 1.926318 1.924468 1.922618 1.920768 1.918918 1.917068 1.915218 1.913368 1.911518 1.909668 1.907818 1.905969 1.904119 1.902269 1.900419 1.898569 1.896719 1.894869 1.893019 1.891169 1.889319 1.88747 1.88562 1.88377 1.88192 1.88007 1.87822 1.87637 1.87452 1.87267 1.87082 1.868971 1.867121 1.865271 1.863421 1.861571 1.859721 1.857871 1.856021 1.854171 1.852321 1.850471 1.848621 1.846772 1.844922 1.843072 1.841222 1.839372 1.837522 1.835672 1.833822 1.831972 1.830122 1.828273 1.826423 1.824573
1.947694 1.945844 1.943995 1.942145 1.940295 1.938445 1.936595 1.934745 1.932895 1.931045 1.929195 1.927345 1.925496 1.923645 1.921796 1.919946 1.918096 1.916246 1.914396 1.912546 1.910696 1.908846 1.906996 1.905146 1.903297 1.901447 1.899597 1.897747 1.895897 1.894047 1.892197 1.890347 1.888497 1.886647 1.884798 1.882948 1.881098 1.879248 1.877398 1.875548 1.873698 1.871848 1.869998 1.868148 1.866298 1.864449 1.862599 1.860749 1.858899 1.857049 1.855199 1.853349 1.851499 1.849649 1.847799 1.84595 1.8441 1.84225 1.8404 1.83855 1.8367 1.83485 1.833 1.83115 1.8293 1.82745 1.825601 1.823751 1.821901 1.820051
1.943172 1.941323 1.939473 1.937623 1.935773 1.933923 1.932073 1.930223 1.928373 1.926523 1.924673 1.922823 1.920974 1.919124 1.917274 1.915424 1.913574 1.911724 1.909874 1.908024 1.906174 1.904324 1.902475 1.900625 1.898775 1.896925 1.895075 1.893225 1.891375 1.889525 1.887675 1.885825 1.883975 1.882125 1.880276 1.878426 1.876576 1.874726 1.872876 1.871026 1.869176 1.867326 1.865476 1.863626 1.861777 1.859927 1.858077 1.856227 1.854377 1.852527 1.850677 1.848827 1.846977 1.845127 1.843277 1.841428 1.839578 1.837728 1.835878 1.834028 1.832178 1.830328 1.828478 1.826628 1.824778 1.822929 1.821079 1.819229 1.817379 1.815529
1.93865 1.936801 1.934951 1.933101 1.931251 1.929401 1.927551 1.925701 1.923851 1.922001 1.920151 1.918302 1.916452 1.914602 1.912752 1.910902 1.909052 1.907202 1.905352 1.903502 1.901652 1.899802 1.897953 1.896103 1.894253 1.892403 1.890553 1.888703 1.886853 1.885003 1.883153 1.881303 1.879454 1.877604 1.875754 1.873904 1.872054 1.870204 1.868354 1.866504 1.864654 1.862804 1.860955 1.859105 1.857255 1.855405 1.853555 1.851705 1.849855 1.848005 1.846155 1.844305 1.842455 1.840605 1.838756 1.836906 1.835056 1.833206 1.831356 1.829506 1.827656 1.825806 1.823956 1.822106 1.820257 1.818407 1.816557 1.814707 1.812857 1.811007
1.934129 1.932279 1.930429 1.928579 1.926729 1.924879 1.923029 1.921179 1.919329 1.91748 1.91563 1.91378 1.91193 1.91008 1.90823 1.90638 1.90453 1.90268 1.90083 1.89898 1.89713 1.895281 1.893431 1.891581 1.889731 1.887881 1.886031 1.884181 1.882331 1.880481 1.878631 1.876782 1.874932 1.873082 1.871232 1.869382 1.867532 1.865682 1.863832 1.861982 1.860132 1.858282 1.856433 1.854583 1.852733 1.850883 1.849033 1.847183 1.845333 1.843483 1.841633 1.839783 1.837934 1.836084 1.834234 1.832384 1.830534 1.828684 1.826834 1.824984 1.823134 1.821284 1.819434 1.817585 1.815735 1.813885 1.812035 1.810185 1.808335 1.806485
1.929607 1.927757 1.925907 1.924057 1.922207 1.920357 1.918507 1.916657 1.914807 1.912958 1.911108 1.909258 1.907408 1.905558 1.903708 1.901858 1.900008 1.898158 1.896308 1.894459 1.892609 1.890759 1.888909 1.887059 1.885209 1.883359 1.881509 1.879659 1.877809 1.875959 1.87411 1.87226 1.87041 1.86856 1.86671 1.86486 1.86301 1.86116 1.85931 1.85746 1.85561 1.853761 1.851911 1.850061 1.848211 1.846361 1.844511 1.842661 1.840811 1.838961 1.837111 1.835261 1.833412 1.831562 1.829712 1.827862 1.826012 1.824162 1.822312 1.820462 1.818612 1.816762 1.814913 1.813063 1.811213 1.809363 1.807513 1.805663 1.803813 1.801963
