SEB_model/sample_data_files/contemp/SnowProbe_data/winter_snow_0708.txt
ncols         313
nrows         278
xllcorner     388961.19995117
yllcorner     7584381.3441773
cellsize      5
NODATA_value  -9999
[rows 186 to 216 of 278, columns 70 to 139 of 313]
2.016352 2.015666 2.01498 2.014294 2.013608 2.012921 2.012235 2.011549 2.010863 2.010177 2.00949 2.008804 2.008118 2.007432 2.006746 2.00606 2.005374 2.004688 2.004001 2.003315 2.002629 2.001943 2.001257 2.000571 1.999884 1.999198 1.998512 1.997826 1.99714 1.996454 1.995767 1.995081 1.994395 1.993709 1.993023 1.992337 1.991651 1.990965 1.990278 1.989592 1.988906 1.98822 1.987534 1.986848 1.986161 1.985475 1.984789 1.984103 1.983417 1.982731 1.982044 1.981358 1.980672 1.979986 1.9793 1.978614 1.977928 1.977241 1.976555 1.975869 1.975183 1.974497 1.973811 1.973125 1.972438 1.971752 1.971066 1.97038 1.969694 1.969008
2.013031 2.012344 2.011658 2.010972 2.010286 2.0096 2.008914 2.008227 2.007541 2.006855 2.006169 2.005483 2.004797 2.004111 2.003424 2.002738 2.002052 2.001366 2.00068 1.999994 1.999308 1.998621 1.997935 1.997249 1.996563 1.995877 1.995191 1.994504 1.993818 1.993132 1.992446 1.99176 1.991074 1.990388 1.989701 1.989015 1.988329 1.987643 1.986957 1.986271 1.985584 1.984898 1.984212 1.983526 1.98284 1.982154 1.981468 1.980781 1.980095 1.979409 1.978723 1.978037 1.977351 1.976665 1.975978 1.975292 1.974606 1.97392 1.973234 1.972548 1.971861 1.971175 1.970489 1.969803 1.969117 1.968431 1.967744 1.967058 1.966372 1.965686
2.009709 2.009023 2.008337 2.00765 2.006964 2.006278 2.005592 2.004906 2.00422 2.003534 2.002847 2.002161 2.001475 2.000789 2.000103 1.999417 1.998731 1.998044 1.997358 1.996672 1.995986 1.9953 1.994614 1.993927 1.993241 1.992555 1.991869 1.991183 1.990497 1.989811 1.989124 1.988438 1.987752 1.987066 1.98638 1.985694 1.985008 1.984321 1.983635 1.982949 1.982263 1.981577 1.980891 1.980204 1.979518 1.978832 1.978146 1.97746 1.976774 1.976088 1.975401 1.974715 1.974029 1.973343 1.972657 1.971971 1.971285 1.970598 1.969912 1.969226 1.96854 1.967854 1.967168 1.966481 1.965795 1.965109 1.964423 1.963737 1.963051 1.962365
2.006387 2.005701 2.005015 2.004329 2.003643 2.002957 2.00227 2.001584 2.000898 2.000212 1.999526 1.99884 1.998154 1.997467 1.996781 1.996095 1.995409 1.994723 1.994037 1.993351 1.992664 1.991978 1.991292 1.990606 1.98992 1.989234 1.988547 1.987861 1.987175 1.986489 1.985803 1.985117 1.984431 1.983744 1.983058 1.982372 1.981686 1.981 1.980314 1.979627 1.978941 1.978255 1.977569 1.976883 1.976197 1.975511 1.974824 1.974138 1.973452 1.972766 1.97208 1.971394 1.970708 1.970021 1.969335 1.968649 1.967963 1.967277 1.966591 1.965904 1.965218 1.964532 1.963846 1.96316 1.962474 1.961788 1.961101 1.960415 1.959729 1.959043
2.003066 2.00238 2.001693 2.001007 2.000321 1.999635 1.998949 1.998263 1.997577 1.99689 1.996204 1.995518 1.994832 1.994146 1.99346 1.992774 1.992087 1.991401 1.990715 1.990029 1.989343 1.988657 1.98797 1.987284 1.986598 1.985912 1.985226 1.98454 1.983854 1.983167 1.982481 1.981795 1.981109 1.980423 1.979737 1.979051 1.978364 1.977678 1.976992 1.976306 1.97562 1.974934 1.974247 1.973561 1.972875 1.972189 1.971503 1.970817 1.970131 1.969444 1.968758 1.968072 1.967386 1.9667 1.966014 1.965328 1.964641 1.963955 1.963269 1.962583 1.961897 1.961211 1.960524 1.959838 1.959152 1.958466 1.95778 1.957094 1.956408 1.955721
1.999744 1.999058 1.998372 1.997686 1.997 1.996313 1.995627 1.994941 1.994255 1.993569 1.992883 1.992197 1.99151 1.990824 1.990138 1.989452 1.988766 1.98808 1.987393 1.986707 1.986021 1.985335 1.984649 1.983963 1.983277 1.98259 1.981904 1.981218 1.980532 1.979846 1.97916 1.978474 1.977787 1.977101 1.976415 1.975729 1.975043 1.974357 1.97367 1.972984 1.972298 1.971612 1.970926 1.97024 1.969554 1.968867 1.968181 1.967495 1.966809 1.966123 1.965437 1.964751 1.964064 1.963378 1.962692 1.962006 1.96132 1.960634 1.959947 1.959261 1.958575 1.957889 1.957203 1.956517 1.955831 1.955144 1.954458 1.953772 1.953086 1.9524
1.996423 1.995736 1.99505 1.994364 1.993678 1.992992 1.992306 1.99162 1.990933 1.990247 1.989561 1.988875 1.988189 1.987503 1.986817 1.98613 1.985444 1.984758 1.984072 1.983386 1.9827 1.982013 1.981327 1.980641 1.979955 1.979269 1.978583 1.977897 1.97721 1.976524 1.975838 1.975152 1.974466 1.97378 1.973094 1.972407 1.971721 1.971035 1.970349 1.969663 1.968977 1.96829 1.967604 1.966918 1.966232 1.965546 1.96486 1.964174 1.963487 1.962801 1.962115 1.961429 1.960743 1.960057 1.95937 1.958684 1.957998 1.957312 1.956626 1.95594 1.955254 1.954567 1.953881 1.953195 1.952509 1.951823 1.951137 1.950451 1.949764 1.949078
1.993101 1.992415 1.991729 1.991043 1.990357 1.98967 1.988984 1.988298 1.987612 1.986926 1.98624 1.985554 1.984867 1.984181 1.983495 1.982809 1.982123 1.981436 1.98075 1.980064 1.979378 1.978692 1.978006 1.97732 1.976634 1.975947 1.975261 1.974575 1.973889 1.973203 1.972517 1.97183 1.971144 1.970458 1.969772 1.969086 1.9684 1.967713 1.967027 1.966341 1.965655 1.964969 1.964283 1.963597 1.96291 1.962224 1.961538 1.960852 1.960166 1.95948 1.958794 1.958107 1.957421 1.956735 1.956049 1.955363 1.954677 1.95399 1.953304 1.952618 1.951932 1.951246 1.95056 1.949874 1.949187 1.948501 1.947815 1.947129 1.946443 1.945757
1.98978 1.989093 1.988407 1.987721 1.987035 1.986349 1.985663 1.984977 1.98429 1.983604 1.982918 1.982232 1.981546 1.98086 1.980173 1.979487 1.978801 1.978115 1.977429 1.976743 1.976057 1.97537 1.974684 1.973998 1.973312 1.972626 1.97194 1.971254 1.970567 1.969881 1.969195 1.968509 1.967823 1.967137 1.96645 1.965764 1.965078 1.964392 1.963706 1.96302 1.962334 1.961647 1.960961 1.960275 1.959589 1.958903 1.958217 1.95753 1.956844 1.956158 1.955472 1.954786 1.9541 1.953413 1.952727 1.952041 1.951355 1.950669 1.949983 1.949297 1.948611 1.947924 1.947238 1.946552 1.945866 1.94518 1.944494 1.943807 1.943121 1.942435
1.986458 1.985772 1.985086 1.9844 1.983713 1.983027 1.982341 1.981655 1.980969 1.980283 1.979596 1.97891 1.978224 1.977538 1.976852 1.976166 1.97548 1.974793 1.974107 1.973421 1.972735 1.972049 1.971363 1.970677 1.96999 1.969304 1.968618 1.967932 1.967246 1.96656 1.965873 1.965187 1.964501 1.963815 1.963129 1.962443 1.961757 1.96107 1.960384 1.959698 1.959012 1.958326 1.95764 1.956954 1.956267 1.955581 1.954895 1.954209 1.953523 1.952837 1.95215 1.951464 1.950778 1.950092 1.949406 1.94872 1.948034 1.947347 1.946661 1.945975 1.945289 1.944603 1.943917 1.943231 1.942544 1.941858 1.941172 1.940486 1.9398 1.939114
1.983136 1.98245 1.981764 1.981078 1.980392 1.979706 1.97902 1.978333 1.977647 1.976961 1.976275 1.975589 1.974903 1.974216 1.97353 1.972844 1.972158 1.971472 1.970786 1.9701 1.969413 1.968727 1.968041 1.967355 1.966669 1.965983 1.965297 1.96461 1.963924 1.963238 1.962552 1.961866 1.96118 1.960493 1.959807 1.959121 1.958435 1.957749 1.957063 1.956377 1.95569 1.955004 1.954318 1.953632 1.952946 1.95226 1.951573 1.950887 1.950201 1.949515 1.948829 1.948143 1.947457 1.94677 1.946084 1.945398 1.944712 1.944026 1.94334 1.942654 1.941967 1.941281 1.940595 1.939909 1.939223 1.938537 1.93785 1.937164 1.936478 -9999
1.979815 1.979129 1.978443 1.977756 1.97707 1.976384 1.975698 1.975012 1.974326 1.973639 1.972953 1.972267 1.971581 1.970895 1.970209 1.969523 1.968836 1.96815 1.967464 1.966778 1.966092 1.965406 1.96472 1.964033 1.963347 1.962661 1.961975 1.961289 1.960603 1.959916 1.95923 1.958544 1.957858 1.957172 1.956486 1.9558 1.955113 1.954427 1.953741 1.953055 1.952369 1.951683 1.950997 1.95031 1.949624 1.948938 1.948252 1.947566 1.94688 1.946193 1.945507 1.944821 1.944135 1.943449 1.942763 1.942077 1.94139 1.940704 1.940018 1.939332 1.938646 1.93796 1.937274 1.936587 1.935901 1.935215 1.934529 1.933843 1.933157 -9999
1.976493 1.975807 1.975121 1.974435 1.973749 1.973063 1.972376 1.97169 1.971004 1.970318 1.969632 1.968946 1.968259 1.967573 1.966887 1.966201 1.965515 1.964829 1.964143 1.963456 1.96277 1.962084 1.961398 1.960712 1.960026 1.959339 1.958653 1.957967 1.957281 1.956595 1.955909 1.955223 1.954536 1.95385 1.953164 1.952478 1.951792 1.951106 1.95042 1.949733 1.949047 1.948361 1.947675 1.946989 1.946303 1.945616 1.94493 1.944244 1.943558 1.942872 1.942186 1.9415 1.940813 1.940127 1.939441 1.938755 1.938069 1.937383 1.936697 1.93601 1.935324 1.934638 1.933952 1.933266 1.93258 1.931893 1.931207 1.930521 1.929835 1.929149
1.973172 1.972486 1.971799 1.971113 1.970427 1.969741 1.969055 1.968369 1.967682 1.966996 1.96631 1.965624 1.964938 1.964252 1.963566 1.962879 1.962193 1.961507 1.960821 1.960135 1.959449 1.958763 1.958076 1.95739 1.956704 1.956018 1.955332 1.954646 1.953959 1.953273 1.952587 1.951901 1.951215 1.950529 1.949843 1.949156 1.94847 1.947784 1.947098 1.946412 1.945726 1.94504 1.944353 1.943667 1.942981 1.942295 1.941609 1.940923 1.940236 1.93955 1.938864 1.938178 1.937492 1.936806 1.93612 1.935433 1.934747 1.934061 1.933375 1.932689 1.932003 1.931316 1.93063 1.929944 1.929258 1.928572 1.927886 1.9272 1.926513 -9999
1.96985 1.969164 1.968478 1.967792 1.967106 1.966419 1.965733 1.965047 1.964361 1.963675 1.962989 1.962303 1.961616 1.96093 1.960244 1.959558 1.958872 1.958186 1.9575 1.956813 1.956127 1.955441 1.954755 1.954069 1.953382 1.952696 1.95201 1.951324 1.950638 1.949952 1.949266 1.948579 1.947893 1.947207 1.946521 1.945835 1.945149 1.944463 1.943776 1.94309 1.942404 1.941718 1.941032 1.940346 1.939659 1.938973 1.938287 1.937601 1.936915 1.936229 1.935543 1.934856 1.93417 1.933484 1.932798 1.932112 1.931426 1.93074 1.930053 1.929367 1.928681 1.927995 1.927309 1.926623 1.925936 1.92525 1.924564 1.923878 1.923192 1.922506
1.966529 1.965842 1.965156 1.96447 1.963784 1.963098 1.962412 1.961726 1.961039 1.960353 1.959667 1.958981 1.958295 1.957609 1.956923 1.956236 1.95555 1.954864 1.954178 1.953492 1.952806 1.952119 1.951433 1.950747 1.950061 1.949375 1.948689 1.948003 1.947316 1.94663 1.945944 1.945258 1.944572 1.943886 1.9432 1.942513 1.941827 1.941141 1.940455 1.939769 1.939083 1.938396 1.93771 1.937024 1.936338 1.935652 1.934966 1.93428 1.933593 1.932907 1.932221 1.931535 1.930849 1.930163 1.929476 1.92879 1.928104 1.927418 1.926732 1.926046 1.925359 1.924673 1.923987 1.923301 1.922615 1.921929 1.921243 1.920556 1.91987 1.919184
1.963207 1.962521 1.961835 1.961149 1.960462 1.959776 1.95909 1.958404 1.957718 1.957032 1.956346 1.955659 1.954973 1.954287 1.953601 1.952915 1.952229 1.951542 1.950856 1.95017 1.949484 1.948798 1.948112 1.947426 1.946739 1.946053 1.945367 1.944681 1.943995 1.943309 1.942623 1.941936 1.94125 1.940564 1.939878 1.939192 1.938506 1.937819 1.937133 1.936447 1.935761 1.935075 1.934389 1.933703 1.933016 1.93233 1.931644 1.930958 1.930272 1.929586 1.9289 1.928213 1.927527 1.926841 1.926155 1.925469 1.924783 1.924096 1.92341 1.922724 1.922038 1.921352 1.920666 1.91998 1.919293 1.918607 1.917921 1.917235 1.916549 1.915863
1.959885 1.959199 1.958513 1.957827 1.957141 1.956455 1.955769 1.955082 1.954396 1.95371 1.953024 1.952338 1.951652 1.950966 1.950279 1.949593 1.948907 1.948221 1.947535 1.946849 1.946162 1.945476 1.94479 1.944104 1.943418 1.942732 1.942046 1.941359 1.940673 1.939987 1.939301 1.938615 1.937929 1.937243 1.936556 1.93587 1.935184 1.934498 1.933812 1.933126 1.932439 1.931753 1.931067 1.930381 1.929695 1.929009 1.928323 1.927636 1.92695 1.926264 1.925578 1.924892 1.924206 1.923519 1.922833 1.922147 1.921461 1.920775 1.920089 1.919403 1.918716 1.91803 1.917344 1.916658 1.915972 1.915286 1.9146 1.913913 1.913227 1.912541
1.956564 1.955878 1.955192 1.954505 1.953819 1.953133 1.952447 1.951761 1.951075 1.950389 1.949702 1.949016 1.94833 1.947644 1.946958 1.946272 1.945585 1.944899 1.944213 1.943527 1.942841 1.942155 1.941469 1.940782 1.940096 1.93941 1.938724 1.938038 1.937352 1.936666 1.935979 1.935293 1.934607 1.933921 1.933235 1.932549 1.931862 1.931176 1.93049 1.929804 1.929118 1.928432 1.927746 1.927059 1.926373 1.925687 1.925001 1.924315 1.923629 1.922943 1.922256 1.92157 1.920884 1.920198 1.919512 1.918826 1.918139 1.917453 1.916767 1.916081 1.915395 1.914709 1.914023 1.913336 1.91265 1.911964 1.911278 1.910592 1.909906 1.90922
1.953242 1.952556 1.95187 1.951184 1.950498 1.949812 1.949125 1.948439 1.947753 1.947067 1.946381 1.945695 1.945009 1.944322 1.943636 1.94295 1.942264 1.941578 1.940892 1.940205 1.939519 1.938833 1.938147 1.937461 1.936775 1.936089 1.935402 1.934716 1.93403 1.933344 1.932658 1.931972 1.931286 1.930599 1.929913 1.929227 1.928541 1.927855 1.927169 1.926482 1.925796 1.92511 1.924424 1.923738 1.923052 1.922366 1.921679 1.920993 1.920307 1.919621 1.918935 1.918249 1.917562 1.916876 1.91619 1.915504 1.914818 1.914132 1.913446 1.912759 1.912073 1.911387 1.910701 1.910015 1.909329 1.908643 1.907956 1.90727 1.906584 1.905898
1.949921 1.949235 1.948548 1.947862 1.947176 1.94649 1.945804 1.945118 1.944432 1.943745 1.943059 1.942373 1.941687 1.941001 1.940315 1.939628 1.938942 1.938256 1.93757 1.936884 1.936198 1.935512 1.934825 1.934139 1.933453 1.932767 1.932081 1.931395 1.930709 1.930022 1.929336 1.92865 1.927964 1.927278 1.926592 1.925905 1.925219 1.924533 1.923847 1.923161 1.922475 1.921789 1.921102 1.920416 1.91973 1.919044 1.918358 1.917672 1.916986 1.916299 1.915613 1.914927 1.914241 1.913555 1.912869 1.912182 1.911496 1.91081 1.910124 1.909438 1.908752 1.908066 1.907379 1.906693 1.906007 1.905321 1.904635 1.903949 1.903262 1.902576
1.946599 1.945913 1.945227 1.944541 1.943855 1.943169 1.942482 1.941796 1.94111 1.940424 1.939738 1.939052 1.938365 1.937679 1.936993 1.936307 1.935621 1.934935 1.934248 1.933562 1.932876 1.93219 1.931504 1.930818 1.930132 1.929445 1.928759 1.928073 1.927387 1.926701 1.926015 1.925328 1.924642 1.923956 1.92327 1.922584 1.921898 1.921212 1.920525 1.919839 1.919153 1.918467 1.917781 1.917095 1.916409 1.915722 1.915036 1.91435 1.913664 1.912978 1.912292 1.911605 1.910919 1.910233 1.909547 1.908861 1.908175 1.907489 1.906802 1.906116 1.90543 1.904744 1.904058 1.903372 1.902686 1.901999 1.901313 1.900627 1.899941 1.899255
1.943278 1.942592 1.941905 1.941219 1.940533 1.939847 1.939161 1.938475 1.937788 1.937102 1.936416 1.93573 1.935044 1.934358 1.933672 1.932985 1.932299 1.931613 1.930927 1.930241 1.929555 1.928869 1.928182 1.927496 1.92681 1.926124 1.925438 1.924752 1.924065 1.923379 1.922693 1.922007 1.921321 1.920635 1.919949 1.919262 1.918576 1.91789 1.917204 1.916518 1.915832 1.915146 1.914459 1.913773 1.913087 1.912401 1.911715 1.911029 1.910342 1.909656 1.90897 1.908284 1.907598 1.906912 1.906225 1.905539 1.904853 1.904167 1.903481 1.902795 1.902109 1.901422 1.900736 1.90005 1.899364 1.898678 1.897992 1.897305 1.896619 1.895933
1.939956 1.93927 1.938584 1.937898 1.937212 1.936525 1.935839 1.935153 1.934467 1.933781 1.933095 1.932408 1.931722 1.931036 1.93035 1.929664 1.928978 1.928292 1.927605 1.926919 1.926233 1.925547 1.924861 1.924175 1.923488 1.922802 1.922116 1.92143 1.920744 1.920058 1.919372 1.918685 1.917999 1.917313 1.916627 1.915941 1.915255 1.914569 1.913882 1.913196 1.91251 1.911824 1.911138 1.910452 1.909765 1.909079 1.908393 1.907707 1.907021 1.906335 1.905649 1.904962 1.904276 1.90359 1.902904 1.902218 1.901532 1.900846 1.900159 1.899473 1.898787 1.898101 1.897415 1.896729 1.896042 1.895356 1.89467 1.893984 1.893298 1.892612
1.936635 1.935948 1.935262 1.934576 1.93389 1.933204 1.932518 1.931831 1.931145 1.930459 1.929773 1.929087 1.928401 1.927715 1.927028 1.926342 1.925656 1.92497 1.924284 1.923598 1.922912 1.922225 1.921539 1.920853 1.920167 1.919481 1.918795 1.918108 1.917422 1.916736 1.91605 1.915364 1.914678 1.913992 1.913305 1.912619 1.911933 1.911247 1.910561 1.909875 1.909189 1.908502 1.907816 1.90713 1.906444 1.905758 1.905072 1.904385 1.903699 1.903013 1.902327 1.901641 1.900955 1.900269 1.899582 1.898896 1.89821 1.897524 1.896838 1.896152 1.895465 1.894779 1.894093 1.893407 1.892721 1.892035 1.891349 1.890662 1.889976 1.88929
1.933313 1.932627 1.931941 1.931255 1.930568 1.929882 1.929196 1.92851 1.927824 1.927138 1.926451 1.925765 1.925079 1.924393 1.923707 1.923021 1.922335 1.921648 1.920962 1.920276 1.91959 1.918904 1.918218 1.917531 1.916845 1.916159 1.915473 1.914787 1.914101 1.913415 1.912728 1.912042 1.911356 1.91067 1.909984 1.909298 1.908612 1.907925 1.907239 1.906553 1.905867 1.905181 1.904495 1.903808 1.903122 1.902436 1.90175 1.901064 1.900378 1.899692 1.899005 1.898319 1.897633 1.896947 1.896261 1.895575 1.894889 1.894202 1.893516 1.89283 1.892144 1.891458 1.890772 1.890085 1.889399 1.888713 1.888027 1.887341 1.886655 1.885969
1.929991 1.929305 1.928619 1.927933 1.927247 1.926561 1.925874 1.925188 1.924502 1.923816 1.92313 1.922444 1.921758 1.921071 1.920385 1.919699 1.919013 1.918327 1.917641 1.916955 1.916268 1.915582 1.914896 1.91421 1.913524 1.912838 1.912151 1.911465 1.910779 1.910093 1.909407 1.908721 1.908035 1.907348 1.906662 1.905976 1.90529 1.904604 1.903918 1.903232 1.902545 1.901859 1.901173 1.900487 1.899801 1.899115 1.898428 1.897742 1.897056 1.89637 1.895684 1.894998 1.894312 1.893625 1.892939 1.892253 1.891567 1.890881 1.890195 1.889508 1.888822 1.888136 1.88745 1.886764 1.886078 1.885392 1.884705 1.884019 1.883333 1.882647
1.92667 1.925984 1.925297 1.924611 1.923925 1.923239 1.922553 1.921867 1.921181 1.920494 1.919808 1.919122 1.918436 1.91775 1.917064 1.916378 1.915691 1.915005 1.914319 1.913633 1.912947 1.912261 1.911574 1.910888 1.910202 1.909516 1.90883 1.908144 1.907458 1.906771 1.906085 1.905399 1.904713 1.904027 1.903341 1.902655 1.901968 1.901282 1.900596 1.89991 1.899224 1.898538 1.897851 1.897165 1.896479 1.895793 1.895107 1.894421 1.893735 1.893048 1.892362 1.891676 1.89099 1.890304 1.889618 1.888932 1.888245 1.887559 1.886873 1.886187 1.885501 1.884815 1.884128 1.883442 1.882756 1.88207 1.881384 1.880698 1.880012 1.879325
1.923348 1.922662 1.921976 1.92129 1.920604 1.919917 1.919231 1.918545 1.917859 1.917173 1.916487 1.915801 1.915114 1.914428 1.913742 1.913056 1.91237 1.911684 1.910998 1.910311 1.909625 1.908939 1.908253 1.907567 1.906881 1.906194 1.905508 1.904822 1.904136 1.90345 1.902764 1.902078 1.901391 1.900705 1.900019 1.899333 1.898647 1.897961 1.897274 1.896588 1.895902 1.895216 1.89453 1.893844 1.893158 1.892471 1.891785 1.891099 1.890413 1.889727 1.889041 1.888355 1.887668 1.886982 1.886296 1.88561 1.884924 1.884238 1.883551 1.882865 1.882179 1.881493 1.880807 1.880121 1.879435 1.878748 1.878062 1.877376 1.87669 1.876004
1.920027 1.919341 1.918654 1.917968 1.917282 1.916596 1.91591 1.915224 1.914538 1.913851 1.913165 1.912479 1.911793 1.911107 1.910421 1.909734 1.909048 1.908362 1.907676 1.90699 1.906304 1.905618 1.904931 1.904245 1.903559 1.902873 1.902187 1.901501 1.900815 1.900128 1.899442 1.898756 1.89807 1.897384 1.896698 1.896011 1.895325 1.894639 1.893953 1.893267 1.892581 1.891894 1.891208 1.890522 1.889836 1.88915 1.888464 1.887778 1.887091 1.886405 1.885719 1.885033 1.884347 1.883661 1.882975 1.882288 1.881602 1.880916 1.88023 1.879544 1.878858 1.878171 1.877485 1.876799 1.876113 1.875427 1.874741 1.874055 1.873368 1.872682
1.916705 1.916019 1.915333 1.914647 1.913961 1.913274 1.912588 1.911902 1.911216 1.91053 1.909844 1.909158 1.908471 1.907785 1.907099 1.906413 1.905727 1.905041 1.904354 1.903668 1.902982 1.902296 1.90161 1.900924 1.900238 1.899551 1.898865 1.898179 1.897493 1.896807 1.896121 1.895434 1.894748 1.894062 1.893376 1.89269 1.892004 1.891318 1.890631 1.889945 1.889259 1.888573 1.887887 1.887201 1.886515 1.885828 1.885142 1.884456 1.88377 1.883084 1.882398 1.881711 1.881025 1.880339 1.879653 1.878967 1.878281 1.877595 1.876908 1.876222 1.875536 1.87485 1.874164 1.873478 1.872792 1.872105 1.871419 1.870733 1.870047 1.869361
