SEB_model/sample_data_files/historical/IceThickness_historical/mean43_5mfx_ascii.txt
ncols         559
nrows         351
xllcorner     388608.08691406
yllcorner     7584381.3441773
cellsize      5
NODATA_value  -9999
[rows 310 to 340 of 351, columns 140 to 209 of 559]
7.227016 7.544704 7.544704 7.544704 8.137905 8.137905 8.137905 9.040554 9.040554 9.837795 9.837795 9.837795 10.24862 10.24862 10.51126 10.51126 10.51126 10.77322 10.77322 10.77322 10.18521 10.18521 9.372952 9.372952 9.372952 8.37759 8.37759 8.044521 8.044521 8.044521 6.97842 6.97842 6.97842 5.642971 5.642971 4.009304 4.009304 4.009304 1.369045 1.369045 1.369045 0 0 0 0 0 0 0 0 0 0 0 0 0 0 0 0 0 0 0 0 0 0 0 0 0 0 0 0 0
7.227016 7.544704 7.544704 7.544704 8.137905 8.137905 8.137905 9.040554 9.040554 9.837795 9.837795 9.837795 10.24862 10.24862 10.51126 10.51126 10.51126 10.77322 10.77322 10.77322 10.18521 10.18521 9.372952 9.372952 9.372952 8.37759 8.37759 8.044521 8.044521 8.044521 6.97842 6.97842 6.97842 5.642971 5.642971 4.009304 4.009304 4.009304 1.369045 1.369045 1.369045 0 0 0 0 0 0 0 0 0 0 0 0 0 0 0 0 0 0 0 0 0 0 0 0 0 0 0 0 0
7.058743 7.450039 7.450039 7.450039 8.06863 8.06863 8.06863 8.83102 8.83102 9.414883 9.414883 9.414883 9.920437 9.920437 10.52041 10.52041 10.52041 10.81686 10.81686 10.81686 10.38839 10.38839 9.837917 9.837917 9.837917 9.188992 9.188992 8.703457 8.703457 8.703457 7.495693 7.495693 7.495693 5.866726 5.866726 4.302639 4.302639 4.302639 1.799892 1.799892 1.799892 0 0 0 0 0 0 0 0 0 0 0 0 0 0 0 0 0 0 0 0 0 0 0 0 0 0 0 0 0
7.058743 7.450039 7.450039 7.450039 8.06863 8.06863 8.06863 8.83102 8.83102 9.414883 9.414883 9.414883 9.920437 9.920437 10.52041 10.52041 10.52041 10.81686 10.81686 10.81686 10.38839 10.38839 9.837917 9.837917 9.837917 9.188992 9.188992 8.703457 8.703457 8.703457 7.495693 7.495693 7.495693 5.866726 5.866726 4.302639 4.302639 4.302639 1.799892 1.799892 1.799892 0 0 0 0 0 0 0 0 0 0 0 0 0 0 0 0 0 0 0 0 0 0 0 0 0 0 0 0 0
6.873379 7.650112 7.650112 7.650112 8.302029 8.302029 8.302029 8.521328 8.521328 8.905788 8.905788 8.905788 9.790005 9.790005 10.34677 10.34677 10.34677 10.75259 10.75259 10.75259 10.47537 10.47537 10.15231 10.15231 10.15231 9.354641 9.354641 8.497463 8.497463 8.497463 7.031765 7.031765 7.031765 5.389004 5.389004 3.876919 3.876919 3.876919 1.467556 1.467556 1.467556 0 0 0 0 0 0 0 0 0 0 0 0 0 0 0 0 0 0 0 0 0 0 0 0 0 0 0 0 0
6.873379 7.650112 7.650112 7.650112 8.302029 8.302029 8.302029 8.521328 8.521328 8.905788 8.905788 8.905788 9.790005 9.790005 10.34677 10.34677 10.34677 10.75259 10.75259 10.75259 10.47537 10.47537 10.15231 10.15231 10.15231 9.354641 9.354641 8.497463 8.497463 8.497463 7.031765 7.031765 7.031765 5.389004 5.389004 3.876919 3.876919 3.876919 1.467556 1.467556 1.467556 0 0 0 0 0 0 0 0 0 0 0 0 0 0 0 0 0 0 0 0 0 0 0 0 0 0 0 0 0
6.873379 7.650112 7.650112 7.650112 8.302029 8.302029 8.302029 8.521328 8.521328 8.905788 8.905788 8.905788 9.790005 9.790005 10.34677 10.34677 10.34677 10.75259 10.75259 10.75259 10.47537 10.47537 10.15231 10.15231 10.15231 9.354641 9.354641 8.497463 8.497463 8.497463 7.031765 7.031765 7.031765 5.389004 5.389004 3.876919 3.876919 3.876919 1.467556 1.467556 1.467556 0 0 0 0 0 0 0 0 0 0 0 0 0 0 0 0 0 0 0 0 0 0 0 0 0 0 0 0 0
7.347012 8.335537 8.335537 8.335537 8.591213 8.591213 8.591213 8.908596 8.908596 9.841213 9.841213 9.841213 10.53726 10.53726 11.00412 11.00412 11.00412 11.57064 11.57064 11.57064 11.71585 11.71585 11.47384 11.47384 11.47384 10.28048 10.28048 8.912807 8.912807 8.912807 7.50613 7.50613 7.50613 6.003933 6.003933 4.421535 4.421535 4.421535 2.070522 2.070522 2.070522 0 0 0 0 0 0 0 0 0 0 0 0 0 0 0 0 0 0 0 0 0 0 0 0 0 0 0 0 0
7.347012 8.335537 8.335537 8.335537 8.591213 8.591213 8.591213 8.908596 8.908596 9.841213 9.841213 9.841213 10.53726 10.53726 11.00412 11.00412 11.00412 11.57064 11.57064 11.57064 11.71585 11.71585 11.47384 11.47384 11.47384 10.28048 10.28048 8.912807 8.912807 8.912807 7.50613 7.50613 7.50613 6.003933 6.003933 4.421535 4.421535 4.421535 2.070522 2.070522 2.070522 0 0 0 0 0 0 0 0 0 0 0 0 0 0 0 0 0 0 0 0 0 0 0 0 0 0 0 0 0
7.347012 8.335537 8.335537 8.335537 8.591213 8.591213 8.591213 8.908596 8.908596 9.841213 9.841213 9.841213 10.53726 10.53726 11.00412 11.00412 11.00412 11.57064 11.57064 11.57064 11.71585 11.71585 11.47384 11.47384 11.47384 10.28048 10.28048 8.912807 8.912807 8.912807 7.50613 7.50613 7.50613 6.003933 6.003933 4.421535 4.421535 4.421535 2.070522 2.070522 2.070522 0 0 0 0 0 0 0 0 0 0 0 0 0 0 0 0 0 0 0 0 0 0 0 0 0 0 0 0 0
7.701138 8.526089 8.526089 8.526089 9.669827 9.669827 9.669827 10.62582 10.62582 11.16586 11.16586 11.16586 11.35812 11.35812 11.58456 11.58456 11.58456 12.37808 12.37808 12.37808 12.54672 12.54672 11.83847 11.83847 11.83847 10.18063 10.18063 8.613308 8.613308 8.613308 7.273647 7.273647 7.273647 5.824429 5.824429 3.88699 3.88699 3.88699 1.435268 1.435268 1.435268 0 0 0 0 0 0 0 0 0 0 0 0 0 0 0 0 0 0 0 0 0 0 0 0 0 0 0 0 0
7.701138 8.526089 8.526089 8.526089 9.669827 9.669827 9.669827 10.62582 10.62582 11.16586 11.16586 11.16586 11.35812 11.35812 11.58456 11.58456 11.58456 12.37808 12.37808 12.37808 12.54672 12.54672 11.83847 11.83847 11.83847 10.18063 10.18063 8.613308 8.613308 8.613308 7.273647 7.273647 7.273647 5.824429 5.824429 3.88699 3.88699 3.88699 1.435268 1.435268 1.435268 0 0 0 0 0 0 0 0 0 0 0 0 0 0 0 0 0 0 0 0 0 0 0 0 0 0 0 0 0
7.968838 10.05288 10.05288 10.05288 11.65554 11.65554 11.65554 12.67575 12.67575 13.26126 13.26126 13.26126 13.48526 13.48526 13.56002 13.56002 13.56002 13.9465 13.9465 13.9465 13.81277 13.81277 12.81497 12.81497 12.81497 11.20468 11.20468 9.473782 9.473782 9.473782 8.083157 8.083157 8.083157 6.41061 6.41061 4.189175 4.189175 4.189175 1.673244 1.673244 1.673244 0 0 0 0 0 0 0 0 0 0 0 0 0 0 0 0 0 0 0 0 0 0 0 0 0 0 0 0 0
7.968838 10.05288 10.05288 10.05288 11.65554 11.65554 11.65554 12.67575 12.67575 13.26126 13.26126 13.26126 13.48526 13.48526 13.56002 13.56002 13.56002 13.9465 13.9465 13.9465 13.81277 13.81277 12.81497 12.81497 12.81497 11.20468 11.20468 9.473782 9.473782 9.473782 8.083157 8.083157 8.083157 6.41061 6.41061 4.189175 4.189175 4.189175 1.673244 1.673244 1.673244 0 0 0 0 0 0 0 0 0 0 0 0 0 0 0 0 0 0 0 0 0 0 0 0 0 0 0 0 0
7.968838 10.05288 10.05288 10.05288 11.65554 11.65554 11.65554 12.67575 12.67575 13.26126 13.26126 13.26126 13.48526 13.48526 13.56002 13.56002 13.56002 13.9465 13.9465 13.9465 13.81277 13.81277 12.81497 12.81497 12.81497 11.20468 11.20468 9.473782 9.473782 9.473782 8.083157 8.083157 8.083157 6.41061 6.41061 4.189175 4.189175 4.189175 1.673244 1.673244 1.673244 0 0 0 0 0 0 0 0 0 0 0 0 0 0 0 0 0 0 0 0 0 0 0 0 0 0 0 0 0
10.24331 12.35952 12.35952 12.35952 13.70742 13.70742 13.70742 14.57235 14.57235 15.4082 15.4082 15.4082 16.74182 16.74182 17.26843 17.26843 17.26843 17.57593 17.57593 17.57593 16.19104 16.19104 14.20462 14.20462 14.20462 12.6874 12.6874 10.84201 10.84201 10.84201 9.028042 9.028042 9.028042 6.977505 6.977505 4.448391 4.448391 4.448391 1.704678 1.704678 1.704678 0 0 0 0 0 0 0 0 0 0 0 0 0 0 0 0 0 0 0 0 0 0 0 0 0 0 0 0 0
10.24331 12.35952 12.35952 12.35952 13.70742 13.70742 13.70742 14.57235 14.57235 15.4082 15.4082 15.4082 16.74182 16.74182 17.26843 17.26843 17.26843 17.57593 17.57593 17.57593 16.19104 16.19104 14.20462 14.20462 14.20462 12.6874 12.6874 10.84201 10.84201 10.84201 9.028042 9.028042 9.028042 6.977505 6.977505 4.448391 4.448391 4.448391 1.704678 1.704678 1.704678 0 0 0 0 0 0 0 0 0 0 0 0 0 0 0 0 0 0 0 0 0 0 0 0 0 0 0 0 0
11.64804 13.83957 13.83957 13.83957 14.96682 14.96682 14.96682 16.09717 16.09717 18.0835 18.0835 18.0835 20.64307 20.64307 21.67712 21.67712 21.67712 21.24097 21.24097 21.24097 18.62085 18.62085 15.30005 15.30005 15.30005 13.41775 13.41775 11.22213 11.22213 11.22213 8.929531 8.929531 8.929531 6.488857 6.488857 3.748379 3.748379 3.748379 0.7206078 0.7206078 0.7206078 0 0 0 0 0 0 0 0 0 0 0 0 0 0 0 0 0 0 0 0 0 0 0 0 0 0 0 0 0
11.64804 13.83957 13.83957 13.83957 14.96682 14.96682 14.96682 16.09717 16.09717 18.0835 18.0835 18.0835 20.64307 20.64307 21.67712 21.67712 21.67712 21.24097 21.24097 21.24097 18.62085 18.62085 15.30005 15.30005 15.30005 13.41775 13.41775 11.22213 11.22213 11.22213 8.929531 8.929531 8.929531 6.488857 6.488857 3.748379 3.748379 3.748379 0.7206078 0.7206078 0.7206078 0 0 0 0 0 0 0 0 0 0 0 0 0 0 0 0 0 0 0 0 0 0 0 0 0 0 0 0 0
11.64804 13.83957 13.83957 13.83957 14.96682 14.96682 14.96682 16.09717 16.09717 18.0835 18.0835 18.0835 20.64307 20.64307 21.67712 21.67712 21.67712 21.24097 21.24097 21.24097 18.62085 18.62085 15.30005 15.30005 15.30005 13.41775 13.41775 11.22213 11.22213 11.22213 8.929531 8.929531 8.929531 6.488857 6.488857 3.748379 3.748379 3.748379 0.7206078 0.7206078 0.7206078 0 0 0 0 0 0 0 0 0 0 0 0 0 0 0 0 0 0 0 0 0 0 0 0 0 0 0 0 0
13.97293 17.32263 17.32263 17.32263 19.61145 19.61145 19.61145 21.22961 21.22961 23.14258 23.14258 23.14258 25.19226 25.19226 25.78467 25.78467 25.78467 25.33118 25.33118 25.33118 22.99951 22.99951 20.01733 20.01733 20.01733 15.77271 15.77271 12.7507 12.7507 12.7507 10.10617 10.10617 10.10617 7.495266 7.495266 4.617947 4.617947 4.617947 1.695827 1.695827 1.695827 0 0 0 0 0 0 0 0 0 0 0 0 0 0 0 0 0 0 0 0 0 0 0 0 0 0 0 0 0
13.97293 17.32263 17.32263 17.32263 19.61145 19.61145 19.61145 21.22961 21.22961 23.14258 23.14258 23.14258 25.19226 25.19226 25.78467 25.78467 25.78467 25.33118 25.33118 25.33118 22.99951 22.99951 20.01733 20.01733 20.01733 15.77271 15.77271 12.7507 12.7507 12.7507 10.10617 10.10617 10.10617 7.495266 7.495266 4.617947 4.617947 4.617947 1.695827 1.695827 1.695827 0 0 0 0 0 0 0 0 0 0 0 0 0 0 0 0 0 0 0 0 0 0 0 0 0 0 0 0 0
13.97293 17.32263 17.32263 17.32263 19.61145 19.61145 19.61145 21.22961 21.22961 23.14258 23.14258 23.14258 25.19226 25.19226 25.78467 25.78467 25.78467 25.33118 25.33118 25.33118 22.99951 22.99951 20.01733 20.01733 20.01733 15.77271 15.77271 12.7507 12.7507 12.7507 10.10617 10.10617 10.10617 7.495266 7.495266 4.617947 4.617947 4.617947 1.695827 1.695827 1.695827 0 0 0 0 0 0 0 0 0 0 0 0 0 0 0 0 0 0 0 0 0 0 0 0 0 0 0 0 0
15.58496 19.46155 19.46155 19.46155 21.97754 21.97754 21.97754 24.08008 24.08008 26.1886 26.1886 26.1886 27.63892 27.63892 28.06592 28.06592 28.06592 27.90393 27.90393 27.90393 26.59473 26.59473 23.9281 23.9281 23.9281 19.4502 19.4502 14.2753 14.2753 14.2753 11.31881 11.31881 11.31881 8.559475 8.559475 5.629971 5.629971 5.629971 2.588894 2.588894 2.588894 0 0 0 0 0 0 0 0 0 0 0 0 0 0 0 0 0 0 0 0 0 -9999 -9999 -9999 -9999 -9999 0 0 0
15.58496 19.46155 19.46155 19.46155 21.97754 21.97754 21.97754 24.08008 24.08008 26.1886 26.1886 26.1886 27.63892 27.63892 28.06592 28.06592 28.06592 27.90393 27.90393 27.90393 26.59473 26.59473 23.9281 23.9281 23.9281 19.4502 19.4502 14.2753 14.2753 14.2753 11.31881 11.31881 11.31881 8.559475 8.559475 5.629971 5.629971 5.629971 2.588894 2.588894 2.588894 0 0 0 0 0 0 0 0 0 0 0 0 0 0 0 0 0 0 0 -9999 -9999 -9999 -9999 -9999 -9999 -9999 -9999 0 0
20.63025 24.229 24.229 24.229 27.98303 27.98303 27.98303 30.80811 30.80811 33.21814 33.21814 33.21814 34.86243 34.86243 35.21887 35.21887 35.21887 34.81665 34.81665 34.81665 33.28625 33.28625 30.51917 30.51917 30.51917 26.32349 26.32349 20.13086 20.13086 20.13086 14.53744 14.53744 14.53744 11.78433 11.78433 8.902126 8.902126 8.902126 6.215664 6.215664 6.215664 3.300381 3.300381 1.530605 1.530605 1.530605 0 0 0.5238304 0.5238304 0.5238304 0.6993675 0.6993675 0.6993675 0.1825218 0.1825218 0 0 0 -9999 -9999 -9999 -9999 -9999 -9999 -9999 -9999 -9999 -9999 -9999
20.63025 24.229 24.229 24.229 27.98303 27.98303 27.98303 30.80811 30.80811 33.21814 33.21814 33.21814 34.86243 34.86243 35.21887 35.21887 35.21887 34.81665 34.81665 34.81665 33.28625 33.28625 30.51917 30.51917 30.51917 26.32349 26.32349 20.13086 20.13086 20.13086 14.53744 14.53744 14.53744 11.78433 11.78433 8.902126 8.902126 8.902126 6.215664 6.215664 6.215664 3.300381 3.300381 1.530605 1.530605 1.530605 0 0 0.5238304 0.5238304 -9999 -9999 0.6993675 0.6993675 0.1825218 0.1825218 0 -9999 -9999 -9999 -9999 -9999 -9999 -9999 -9999 -9999 -9999 -9999 -9999 -9999
20.63025 24.229 24.229 24.229 27.98303 27.98303 27.98303 30.80811 30.80811 33.21814 33.21814 33.21814 34.86243 34.86243 35.21887 35.21887 35.21887 34.81665 34.81665 34.81665 33.28625 33.28625 30.51917 30.51917 30.51917 26.32349 26.32349 20.13086 20.13086 20.13086 14.53744 14.53744 14.53744 11.78433 11.78433 8.902126 8.902126 8.902126 6.215664 6.215664 6.215664 3.300381 3.300381 1.530605 -9999 -9999 -9999 -9999 -9999 0.5238304 -9999 -9999 -9999 0.6993675 0.1825218 0.1825218 -9999 -9999 -9999 -9999 -9999 -9999 -9999 -9999 -9999 -9999 -9999 -9999 -9999 -9999
0 32.3905 32.3905 32.3905 36.61499 36.61499 36.61499 39.66907 39.66907 42.2467 42.2467 42.2467 43.78076 43.78076 43.92261 43.92261 43.92261 42.71521 42.71521 42.71521 40.02795 40.02795 36.40454 36.40454 36.40454 32.06604 32.06604 26.6698 26.6698 26.6698 21.51416 21.51416 21.51416 17.16589 17.16589 13.54373 13.54373 13.54373 11.62539 11.62539 11.62539 9.353603 9.353603 -9999 -9999 -9999 -9999 -9999 -9999 -9999 -9999 -9999 6.71133 6.71133 6.057278 6.057278 0 -9999 -9999 -9999 -9999 -9999 -9999 -9999 -9999 -9999 -9999 -9999 -9999 -9999
0 32.3905 32.3905 32.3905 36.61499 36.61499 36.61499 39.66907 39.66907 42.2467 42.2467 42.2467 43.78076 43.78076 43.92261 43.92261 43.92261 42.71521 42.71521 42.71521 40.02795 40.02795 36.40454 36.40454 36.40454 32.06604 32.06604 26.6698 26.6698 26.6698 21.51416 21.51416 21.51416 17.16589 17.16589 13.54373 13.54373 13.54373 11.62539 11.62539 11.62539 9.353603 -9999 -9999 -9999 -9999 -9999 -9999 -9999 -9999 -9999 -9999 6.71133 6.71133 6.057278 6.057278 0 -9999 -9999 -9999 -9999 -9999 -9999 -9999 -9999 -9999 -9999 -9999 -9999 -9999
0 32.3905 32.3905 32.3905 36.61499 36.61499 36.61499 39.66907 39.66907 42.2467 42.2467 42.2467 43.78076 43.78076 43.92261 43.92261 43.92261 42.71521 42.71521 42.71521 40.02795 40.02795 36.40454 36.40454 36.40454 32.06604 32.06604 26.6698 26.6698 26.6698 21.51416 21.51416 21.51416 17.16589 17.16589 13.54373 13.54373 13.54373 11.62539 11.62539 11.62539 -9999 -9999 -9999 -9999 -9999 -9999 -9999 -9999 -9999 -9999 -9999 -9999 6.71133 -9999 6.057278 0 -9999 -9999 -9999 -9999 -9999 -9999 -9999 -9999 -9999 -9999 -9999 -9999 -9999
