SEB_model/sample_data_files/historical/IceThickness_historical/mean43_5mfx_ascii.txt
ncols         559
nrows         351
xllcorner     388608.08691406
yllcorner     7584381.3441773
cellsize      5
NODATA_value  -9999
[rows 155 to 185 of 351, columns 140 to 209 of 559]
2.187954 2.406216 2.406216 2.406216 2.621914 2.621914 2.621914 3.025051 3.025051 2.983791 2.983791 2.983791 2.804836 2.804836 3.075893 3.075893 3.075893 2.940029 2.940029 2.940029 3.199734 3.199734 2.992092 2.992092 2.992092 3.066616 3.066616 3.705227 3.705227 3.705227 4.277248 4.277248 4.277248 4.978725 4.978725 5.623318 5.623318 5.623318 5.45779 5.45779 5.45779 5.726467 5.726467 5.59634 5.59634 5.59634 6.557339 6.557339 9.502163 9.502163 9.502163 13.84634 13.84634 13.84634 23.29773 23.29773 33.15601 33.15601 33.15601 41.42346 41.42346 48.0658 48.0658 48.0658 50.97803 50.97803 50.97803 51.95361 51.95361 52.70459
2.187954 2.406216 2.406216 2.406216 2.621914 2.621914 2.621914 3.025051 3.025051 2.983791 2.983791 2.983791 2.804836 2.804836 3.075893 3.075893 3.075893 2.940029 2.940029 2.940029 3.199734 3.199734 2.992092 2.992092 2.992092 3.066616 3.066616 3.705227 3.705227 3.705227 4.277248 4.277248 4.277248 4.978725 4.978725 5.623318 5.623318 5.623318 5.45779 5.45779 5.45779 5.726467 5.726467 5.59634 5.59634 5.59634 6.557339 6.557339 9.502163 9.502163 9.502163 13.84634 13.84634 13.84634 23.29773 23.29773 33.15601 33.15601 33.15601 41.42346 41.42346 48.0658 48.0658 48.0658 50.97803 50.97803 50.97803 51.95361 51.95361 52.70459
2.586269 2.350124 2.350124 2.350124 2.197231 2.197231 2.197231 2.517361 2.517361 2.662563 2.662563 2.662563 2.866726 2.866726 3.278225 3.278225 3.278225 3.183681 3.183681 3.183681 3.379787 3.379787 2.957241 2.957241 2.957241 2.700649 2.700649 3.213161 3.213161 3.213161 3.672878 3.672878 3.672878 4.178493 4.178493 4.930874 4.930874 4.930874 5.12521 5.12521 5.12521 5.649563 5.649563 5.780849 5.780849 5.780849 6.855679 6.855679 9.785061 9.785061 9.785061 13.66098 13.66098 13.66098 22.59912 22.59912 31.98633 31.98633 31.98633 39.66431 39.66431 45.96521 45.96521 45.96521 48.7113 48.7113 48.7113 49.28491 49.28491 48.97742
2.586269 2.350124 2.350124 2.350124 2.197231 2.197231 2.197231 2.517361 2.517361 2.662563 2.662563 2.662563 2.866726 2.866726 3.278225 3.278225 3.278225 3.183681 3.183681 3.183681 3.379787 3.379787 2.957241 2.957241 2.957241 2.700649 2.700649 3.213161 3.213161 3.213161 3.672878 3.672878 3.672878 4.178493 4.178493 4.930874 4.930874 4.930874 5.12521 5.12521 5.12521 5.649563 5.649563 5.780849 5.780849 5.780849 6.855679 6.855679 9.785061 9.785061 9.785061 13.66098 13.66098 13.66098 22.59912 22.59912 31.98633 31.98633 31.98633 39.66431 39.66431 45.96521 45.96521 45.96521 48.7113 48.7113 48.7113 49.28491 49.28491 48.97742
2.586269 2.350124 2.350124 2.350124 2.197231 2.197231 2.197231 2.517361 2.517361 2.662563 2.662563 2.662563 2.866726 2.866726 3.278225 3.278225 3.278225 3.183681 3.183681 3.183681 3.379787 3.379787 2.957241 2.957241 2.957241 2.700649 2.700649 3.213161 3.213161 3.213161 3.672878 3.672878 3.672878 4.178493 4.178493 4.930874 4.930874 4.930874 5.12521 5.12521 5.12521 5.649563 5.649563 5.780849 5.780849 5.780849 6.855679 6.855679 9.785061 9.785061 9.785061 13.66098 13.66098 13.66098 22.59912 22.59912 31.98633 31.98633 31.98633 39.66431 39.66431 45.96521 45.96521 45.96521 48.7113 48.7113 48.7113 49.28491 49.28491 48.97742
4.515285 4.090359 4.090359 4.090359 3.569607 3.569607 3.569607 3.597927 3.597927 3.341396 3.341396 3.341396 3.317471 3.317471 3.823025 3.823025 3.823025 4.054653 4.054653 4.054653 4.397182 4.397182 4.077297 4.077297 4.077297 3.692348 3.692348 3.973171 3.973171 3.973171 4.191921 4.191921 4.191921 4.555264 4.555264 5.2272 5.2272 5.2272 5.416836 5.416836 5.416836 6.045986 6.045986 6.400661 6.400661 6.400661 7.596218 7.596218 10.49655 10.49655 10.49655 14.07296 14.07296 14.07296 22.06335 22.06335 30.40283 30.40283 30.40283 37.52649 37.52649 43.55298 43.55298 43.55298 46.12073 46.12073 46.12073 46.46057 46.46057 45.77502
4.515285 4.090359 4.090359 4.090359 3.569607 3.569607 3.569607 3.597927 3.597927 3.341396 3.341396 3.341396 3.317471 3.317471 3.823025 3.823025 3.823025 4.054653 4.054653 4.054653 4.397182 4.397182 4.077297 4.077297 4.077297 3.692348 3.692348 3.973171 3.973171 3.973171 4.191921 4.191921 4.191921 4.555264 4.555264 5.2272 5.2272 5.2272 5.416836 5.416836 5.416836 6.045986 6.045986 6.400661 6.400661 6.400661 7.596218 7.596218 10.49655 10.49655 10.49655 14.07296 14.07296 14.07296 22.06335 22.06335 30.40283 30.40283 30.40283 37.52649 37.52649 43.55298 43.55298 43.55298 46.12073 46.12073 46.12073 46.46057 46.46057 45.77502
4.515285 4.090359 4.090359 4.090359 3.569607 3.569607 3.569607 3.597927 3.597927 3.341396 3.341396 3.341396 3.317471 3.317471 3.823025 3.823025 3.823025 4.054653 4.054653 4.054653 4.397182 4.397182 4.077297 4.077297 4.077297 3.692348 3.692348 3.973171 3.973171 3.973171 4.191921 4.191921 4.191921 4.555264 4.555264 5.2272 5.2272 5.2272 5.416836 5.416836 5.416836 6.045986 6.045986 6.400661 6.400661 6.400661 7.596218 7.596218 10.49655 10.49655 10.49655 14.07296 14.07296 14.07296 22.06335 22.06335 30.40283 30.40283 30.40283 37.52649 37.52649 43.55298 43.55298 43.55298 46.12073 46.12073 46.12073 46.46057 46.46057 45.77502
4.843838 4.316982 4.316982 4.316982 3.820095 3.820095 3.820095 3.874905 3.874905 3.531094 3.531094 3.531094 3.374355 3.374355 3.908657 3.908657 3.908657 3.959988 3.959988 3.959988 4.21011 4.21011 3.902737 3.902737 3.902737 3.496059 3.496059 3.59164 3.59164 3.59164 3.654385 3.654385 3.654385 3.891201 3.891201 4.522305 4.522305 4.522305 4.670864 4.670864 4.670864 5.211636 5.211636 5.723049 5.723049 5.723049 7.074184 7.074184 9.731228 9.731228 9.731228 13.00076 13.00076 13.00076 19.31201 19.31201 27.43835 27.43835 27.43835 33.89929 33.89929 39.59338 39.59338 39.59338 41.98071 41.98071 41.98071 42.25391 42.25391 42.45044
4.843838 4.316982 4.316982 4.316982 3.820095 3.820095 3.820095 3.874905 3.874905 3.531094 3.531094 3.531094 3.374355 3.374355 3.908657 3.908657 3.908657 3.959988 3.959988 3.959988 4.21011 4.21011 3.902737 3.902737 3.902737 3.496059 3.496059 3.59164 3.59164 3.59164 3.654385 3.654385 3.654385 3.891201 3.891201 4.522305 4.522305 4.522305 4.670864 4.670864 4.670864 5.211636 5.211636 5.723049 5.723049 5.723049 7.074184 7.074184 9.731228 9.731228 9.731228 13.00076 13.00076 13.00076 19.31201 19.31201 27.43835 27.43835 27.43835 33.89929 33.89929 39.59338 39.59338 39.59338 41.98071 41.98071 41.98071 42.25391 42.25391 42.45044
6.116116 5.533291 5.533291 5.533291 4.975491 4.975491 4.975491 4.990749 4.990749 4.74667 4.74667 4.74667 4.667385 4.667385 5.186001 5.186001 5.186001 5.064724 5.064724 5.064724 5.18185 5.18185 4.401577 4.401577 4.401577 3.636013 3.636013 3.691677 3.691677 3.691677 3.657497 3.657497 3.657497 3.782436 3.782436 4.368252 4.368252 4.368252 4.752102 4.752102 4.752102 5.28616 5.28616 5.733059 5.733059 5.733059 6.953762 6.953762 9.291225 9.291225 9.291225 12.41415 12.41415 12.41415 17.87439 17.87439 25.61829 25.61829 25.61829 31.21057 31.21057 36.3595 36.3595 36.3595 38.9657 38.9657 38.9657 39.75391 39.75391 40.8407
6.116116 5.533291 5.533291 5.533291 4.975491 4.975491 4.975491 4.990749 4.990749 4.74667 4.74667 4.74667 4.667385 4.667385 5.186001 5.186001 5.186001 5.064724 5.064724 5.064724 5.18185 5.18185 4.401577 4.401577 4.401577 3.636013 3.636013 3.691677 3.691677 3.691677 3.657497 3.657497 3.657497 3.782436 3.782436 4.368252 4.368252 4.368252 4.752102 4.752102 4.752102 5.28616 5.28616 5.733059 5.733059 5.733059 6.953762 6.953762 9.291225 9.291225 9.291225 12.41415 12.41415 12.41415 17.87439 17.87439 25.61829 25.61829 25.61829 31.21057 31.21057 36.3595 36.3595 36.3595 38.9657 38.9657 38.9657 39.75391 39.75391 40.8407
6.116116 5.533291 5.533291 5.533291 4.975491 4.975491 4.975491 4.990749 4.990749 4.74667 4.74667 4.74667 4.667385 4.667385 5.186001 5.186001 5.186001 5.064724 5.064724 5.064724 5.18185 5.18185 4.401577 4.401577 4.401577 3.636013 3.636013 3.691677 3.691677 3.691677 3.657497 3.657497 3.657497 3.782436 3.782436 4.368252 4.368252 4.368252 4.752102 4.752102 4.752102 5.28616 5.28616 5.733059 5.733059 5.733059 6.953762 6.953762 9.291225 9.291225 9.291225 12.41415 12.41415 12.41415 17.87439 17.87439 25.61829 25.61829 25.61829 31.21057 31.21057 36.3595 36.3595 36.3595 38.9657 38.9657 38.9657 39.75391 39.75391 40.8407
5.651699 5.559658 5.559658 5.559658 5.342129 5.342129 5.342129 5.573635 5.573635 5.534695 5.534695 5.534695 5.36874 5.36874 5.693447 5.693447 5.693447 5.460842 5.460842 5.460842 5.637905 5.637905 5.005032 5.005032 5.005032 4.119961 4.119961 3.921597 3.921597 3.921597 3.355984 3.355984 3.355984 3.608547 3.608547 4.617214 4.617214 4.617214 5.132839 5.132839 5.132839 5.742397 5.742397 5.960415 5.960415 5.960415 6.848965 6.848965 8.721706 8.721706 8.721706 11.8218 11.8218 11.8218 16.60718 16.60718 24.49451 24.49451 24.49451 29.55444 29.55444 34.41541 34.41541 34.41541 36.83435 36.83435 36.83435 38.04846 38.04846 39.69531
5.651699 5.559658 5.559658 5.559658 5.342129 5.342129 5.342129 5.573635 5.573635 5.534695 5.534695 5.534695 5.36874 5.36874 5.693447 5.693447 5.693447 5.460842 5.460842 5.460842 5.637905 5.637905 5.005032 5.005032 5.005032 4.119961 4.119961 3.921597 3.921597 3.921597 3.355984 3.355984 3.355984 3.608547 3.608547 4.617214 4.617214 4.617214 5.132839 5.132839 5.132839 5.742397 5.742397 5.960415 5.960415 5.960415 6.848965 6.848965 8.721706 8.721706 8.721706 11.8218 11.8218 11.8218 16.60718 16.60718 24.49451 24.49451 24.49451 29.55444 29.55444 34.41541 34.41541 34.41541 36.83435 36.83435 36.83435 38.04846 38.04846 39.69531
3.021694 3.156948 3.156948 3.156948 3.240871 3.240871 3.240871 3.742702 3.742702 4.05386 4.05386 4.05386 4.093349 4.093349 4.453213 4.453213 4.453213 4.08749 4.08749 4.08749 4.207241 4.207241 3.830349 3.830349 3.830349 3.343044 3.343044 3.327908 3.327908 3.327908 2.714565 2.714565 2.714565 2.668728 2.668728 3.93362 3.93362 3.93362 4.91769 4.91769 4.91769 5.72897 5.72897 5.704006 5.704006 5.704006 6.168972 6.168972 7.831936 7.831936 7.831936 10.61105 10.61105 10.61105 14.68155 14.68155 21.91064 21.91064 21.91064 27.14832 27.14832 32.07898 32.07898 32.07898 34.38086 34.38086 34.38086 35.74744 35.74744 37.68066
3.021694 3.156948 3.156948 3.156948 3.240871 3.240871 3.240871 3.742702 3.742702 4.05386 4.05386 4.05386 4.093349 4.093349 4.453213 4.453213 4.453213 4.08749 4.08749 4.08749 4.207241 4.207241 3.830349 3.830349 3.830349 3.343044 3.343044 3.327908 3.327908 3.327908 2.714565 2.714565 2.714565 2.668728 2.668728 3.93362 3.93362 3.93362 4.91769 4.91769 4.91769 5.72897 5.72897 5.704006 5.704006 5.704006 6.168972 6.168972 7.831936 7.831936 7.831936 10.61105 10.61105 10.61105 14.68155 14.68155 21.91064 21.91064 21.91064 27.14832 27.14832 32.07898 32.07898 32.07898 34.38086 34.38086 34.38086 35.74744 35.74744 37.68066
3.021694 3.156948 3.156948 3.156948 3.240871 3.240871 3.240871 3.742702 3.742702 4.05386 4.05386 4.05386 4.093349 4.093349 4.453213 4.453213 4.453213 4.08749 4.08749 4.08749 4.207241 4.207241 3.830349 3.830349 3.830349 3.343044 3.343044 3.327908 3.327908 3.327908 2.714565 2.714565 2.714565 2.668728 2.668728 3.93362 3.93362 3.93362 4.91769 4.91769 4.91769 5.72897 5.72897 5.704006 5.704006 5.704006 6.168972 6.168972 7.831936 7.831936 7.831936 10.61105 10.61105 10.61105 14.68155 14.68155 21.91064 21.91064 21.91064 27.14832 27.14832 32.07898 32.07898 32.07898 34.38086 34.38086 34.38086 35.74744 35.74744 37.68066
0.8446312 0.8676414 0.8676414 0.8676414 1.023281 1.023281 1.023281 1.574368 1.574368 2.138454 2.138454 2.138454 2.723965 2.723965 3.521816 3.521816 3.521816 3.724331 3.724331 3.724331 4.063931 4.063931 3.745266 3.745266 3.745266 3.482693 3.482693 3.696682 3.696682 3.696682 3.17831 3.17831 3.17831 3.120388 3.120388 4.353481 4.353481 4.353481 4.990139 4.990139 4.990139 6.071621 6.071621 6.048183 6.048183 6.048183 6.493801 6.493801 7.997158 7.997158 7.997158 10.11471 10.11471 10.11471 13.9642 13.9642 20.3844 20.3844 20.3844 25.97571 25.97571 31.11523 31.11523 31.11523 33.38025 33.38025 33.38025 34.85193 34.85193 36.92358
0.8446312 0.8676414 0.8676414 0.8676414 1.023281 1.023281 1.023281 1.574368 1.574368 2.138454 2.138454 2.138454 2.723965 2.723965 3.521816 3.521816 3.521816 3.724331 3.724331 3.724331 4.063931 4.063931 3.745266 3.745266 3.745266 3.482693 3.482693 3.696682 3.696682 3.696682 3.17831 3.17831 3.17831 3.120388 3.120388 4.353481 4.353481 4.353481 4.990139 4.990139 4.990139 6.071621 6.071621 6.048183 6.048183 6.048183 6.493801 6.493801 7.997158 7.997158 7.997158 10.11471 10.11471 10.11471 13.9642 13.9642 20.3844 20.3844 20.3844 25.97571 25.97571 31.11523 31.11523 31.11523 33.38025 33.38025 33.38025 34.85193 34.85193 36.92358
0.8446312 0.8676414 0.8676414 0.8676414 1.023281 1.023281 1.023281 1.574368 1.574368 2.138454 2.138454 2.138454 2.723965 2.723965 3.521816 3.521816 3.521816 3.724331 3.724331 3.724331 4.063931 4.063931 3.745266 3.745266 3.745266 3.482693 3.482693 3.696682 3.696682 3.696682 3.17831 3.17831 3.17831 3.120388 3.120388 4.353481 4.353481 4.353481 4.990139 4.990139 4.990139 6.071621 6.071621 6.048183 6.048183 6.048183 6.493801 6.493801 7.997158 7.997158 7.997158 10.11471 10.11471 10.11471 13.9642 13.9642 20.3844 20.3844 20.3844 25.97571 25.97571 31.11523 31.11523 31.11523 33.38025 33.38025 33.38025 34.85193 34.85193 36.92358
0 0 0 0 0 0 0 0 0 0 0 0 0 0 0.654995 0.654995 0.654995 1.309414 1.309414 1.309414 2.222866 2.222866 2.431057 2.431057 2.431057 2.297695 2.297695 2.596828 2.596828 2.596828 2.200222 2.200222 2.200222 2.044033 2.044033 3.276333 3.276333 3.276333 3.771755 3.771755 3.771755 4.812344 4.812344 5.076321 5.076321 5.076321 5.811001 5.811001 7.540798 7.540798 7.540798 9.143337 9.143337 9.143337 12.42465 12.42465 16.61694 16.61694 16.61694 22.64319 22.64319 28.46423 28.46423 28.46423 31.28625 31.28625 31.28625 33.12378 33.12378 35.3949
0 0 0 0 0 0 0 0 0 0 0 0 0 0 0.654995 0.654995 0.654995 1.309414 1.309414 1.309414 2.222866 2.222866 2.431057 2.431057 2.431057 2.297695 2.297695 2.596828 2.596828 2.596828 2.200222 2.200222 2.200222 2.044033 2.044033 3.276333 3.276333 3.276333 3.771755 3.771755 3.771755 4.812344 4.812344 5.076321 5.076321 5.076321 5.811001 5.811001 7.540798 7.540798 7.540798 9.143337 9.143337 9.143337 12.42465 12.42465 16.61694 16.61694 16.61694 22.64319 22.64319 28.46423 28.46423 28.46423 31.28625 31.28625 31.28625 33.12378 33.12378 35.3949
0 0 0 0 0 0 0 0 0 0 0 0 0 0 0 0 0 0 0 0 0.7122459 0.7122459 1.017605 1.017605 1.017605 1.39584 1.39584 2.034939 2.034939 2.034939 1.661892 1.661892 1.661892 1.406277 1.406277 2.452358 2.452358 2.452358 2.685635 2.685635 2.685635 3.810574 3.810574 4.532314 4.532314 4.532314 5.674953 5.674953 7.745876 7.745876 7.745876 9.162014 9.162014 9.162014 11.88333 11.88333 14.49502 14.49502 14.49502 19.76599 19.76599 26.2876 26.2876 26.2876 30.16724 30.16724 30.16724 32.547 32.547 35.23621
0 0 0 0 0 0 0 0 0 0 0 0 0 0 0 0 0 0 0 0 0.7122459 0.7122459 1.017605 1.017605 1.017605 1.39584 1.39584 2.034939 2.034939 2.034939 1.661892 1.661892 1.661892 1.406277 1.406277 2.452358 2.452358 2.452358 2.685635 2.685635 2.685635 3.810574 3.810574 4.532314 4.532314 4.532314 5.674953 5.674953 7.745876 7.745876 7.745876 9.162014 9.162014 9.162014 11.88333 11.88333 14.49502 14.49502 14.49502 19.76599 19.76599 26.2876 26.2876 26.2876 30.16724 30.16724 30.16724 32.547 32.547 35.23621
0 0 0 0 0 0 0 0 0 0 0 0 0 0 0 0 0 0 0 0 0.7122459 0.7122459 1.017605 1.017605 1.017605 1.39584 1.39584 2.034939 2.034939 2.034939 1.661892 1.661892 1.661892 1.406277 1.406277 2.452358 2.452358 2.452358 2.685635 2.685635 2.685635 3.810574 3.810574 4.532314 4.532314 4.532314 5.674953 5.674953 7.745876 7.745876 7.745876 9.162014 9.162014 9.162014 11.88333 11.88333 14.49502 14.49502 14.49502 19.76599 19.76599 26.2876 26.2876 26.2876 30.16724 30.16724 30.16724 32.547 32.547 35.23621
0 0 0 0 0.1469994 0.1469994 0.1469994 0.5723534 0.5723534 0.1484032 0.1484032 0.1484032 0 0 0.4138451 0.4138451 0.4138451 0.4175072 0.4175072 0.4175072 1.035061 1.035061 0.4957542 0.4957542 0.4957542 0.1517601 0.1517601 0.5151024 0.5151024 0.5151024 0.4295921 0.4295921 0.4295921 0.1547508 0.1547508 0.8384666 0.8384666 0.8384666 1.183681 1.183681 1.183681 2.631374 2.631374 3.734707 3.734707 3.734707 5.138332 5.138332 7.524746 7.524746 7.524746 9.119167 9.119167 9.119167 11.48452 11.48452 13.44772 13.44772 13.44772 16.58508 16.58508 23.30518 23.30518 23.30518 28.1925 28.1925 28.1925 31.59607 31.59607 34.98608
0 0 0 0 0.1469994 0.1469994 0.1469994 0.5723534 0.5723534 0.1484032 0.1484032 0.1484032 0 0 0.4138451 0.4138451 0.4138451 0.4175072 0.4175072 0.4175072 1.035061 1.035061 0.4957542 0.4957542 0.4957542 0.1517601 0.1517601 0.5151024 0.5151024 0.5151024 0.4295921 0.4295921 0.4295921 0.1547508 0.1547508 0.8384666 0.8384666 0.8384666 1.183681 1.183681 1.183681 2.631374 2.631374 3.734707 3.734707 3.734707 5.138332 5.138332 7.524746 7.524746 7.524746 9.119167 9.119167 9.119167 11.48452 11.48452 13.44772 13.44772 13.44772 16.58508 16.58508 23.30518 23.30518 23.30518 28.1925 28.1925 28.1925 31.59607 31.59607 34.98608
0 0 0 0 0.1469994 0.1469994 0.1469994 0.5723534 0.5723534 0.1484032 0.1484032 0.1484032 0 0 0.4138451 0.4138451 0.4138451 0.4175072 0.4175072 0.4175072 1.035061 1.035061 0.4957542 0.4957542 0.4957542 0.1517601 0.1517601 0.5151024 0.5151024 0.5151024 0.4295921 0.4295921 0.4295921 0.1547508 0.1547508 0.8384666 0.8384666 0.8384666 1.183681 1.183681 1.183681 2.631374 2.631374 3.734707 3.734707 3.734707 5.138332 5.138332 7.524746 7.524746 7.524746 9.119167 9.119167 9.119167 11.48452 11.48452 13.44772 13.44772 13.44772 16.58508 16.58508 23.30518 23.30518 23.30518 28.1925 28.1925 28.1925 31.59607 31.59607 34.98608
-9999 -9999 -9999 -9999 -9999 -9999 0 0 0 1.265469 1.265469 1.265469 0 0 0 0 0 0 0 0 0 0 0 0 0 0 0 0 0 0 0 0 0 0 0 0 0 0 0 0 0 0.6523094 0.6523094 2.217983 2.217983 2.217983 3.682522 3.682522 6.066738 6.066738 6.066738 7.89352 7.89352 7.89352 10.4819 10.4819 12.22122 12.22122 12.22122 14.24093 14.24093 19.53833 19.53833 19.53833 24.5802 24.5802 24.5802 29.00049 29.00049 33.3512
-9999 -9999 -9999 -9999 -9999 -9999 -9999 -9999 -9999 -9999 -9999 -9999 -9999 -9999 -9999 -9999 -9999 -9999 -9999 -9999 -9999 -9999 -9999 -9999 -9999 -9999 -9999 -9999 -9999 0 0 0 0 0 0 0 0 0 0 0 0 0.6523094 0.6523094 2.217983 2.217983 2.217983 3.682522 3.682522 6.066738 6.066738 6.066738 7.89352 7.89352 7.89352 10.4819 10.4819 12.22122 12.22122 12.22122 14.24093 14.24093 19.53833 19.53833 19.53833 24.5802 24.5802 24.5802 29.00049 29.00049 33.3512
