SEB_model/sample_data_files/historical/IceThickness_historical/mean43_5mfx_ascii.txt
ncols         559
nrows         351
xllcorner     388608.08691406
yllcorner     7584381.3441773
cellsize      5
NODATA_value  -9999
[rows 155 to 185 of 351, columns 350 to 419 of 559]
30.72736 25.29877 25.29877 22.56238 22.56238 22.56238 23.40277 23.40277 28.00366 28.00366 28.00366 34.98907 34.98907 34.98907 44.18707 44.18707 54.33667 54.33667 54.33667 60.62335 60.62335 60.62335 63.34265 63.34265 62.09967 62.09967 62.09967 59.73553 59.73553 55.71887 55.71887 55.71887 50.28693 50.28693 50.28693 45.61859 45.61859 41.76508 41.76508 41.76508 38.58905 38.58905 37.34509 37.34509 37.34509 36.07611 36.07611 36.07611 35.66754 35.66754 36.82404 36.82404 36.82404 37.7074 37.7074 37.7074 40.29321 40.29321 42.82892 42.82892 42.82892 45.98401 45.98401 49.90192 49.90192 49.90192 52.94232 52.94232 52.94232 56.95197
30.72736 25.29877 25.29877 22.56238 22.56238 22.56238 23.40277 23.40277 28.00366 28.00366 28.00366 34.98907 34.98907 34.98907 44.18707 44.18707 54.33667 54.33667 54.33667 60.62335 60.62335 60.62335 63.34265 63.34265 62.09967 62.09967 62.09967 59.73553 59.73553 55.71887 55.71887 55.71887 50.28693 50.28693 50.28693 45.61859 45.61859 41.76508 41.76508 41.76508 38.58905 38.58905 37.34509 37.34509 37.34509 36.07611 36.07611 36.07611 35.66754 35.66754 36.82404 36.82404 36.82404 37.7074 37.7074 37.7074 40.29321 40.29321 42.82892 42.82892 42.82892 45.98401 45.98401 49.90192 49.90192 49.90192 52.94232 52.94232 52.94232 56.95197
19.28687 14.44577 14.44577 13.01663 13.01663 13.01663 13.27432 13.27432 15.12402 15.12402 15.12402 21.35559 21.35559 21.35559 30.51971 30.51971 41.60382 41.60382 41.60382 49.9389 49.9389 49.9389 53.67279 53.67279 52.71655 52.71655 52.71655 48.9342 48.9342 44.55054 44.55054 44.55054 39.00812 39.00812 39.00812 35.12683 35.12683 31.51392 31.51392 31.51392 28.92059 28.92059 28.06946 28.06946 28.06946 27.41833 27.41833 27.41833 27.44763 27.44763 28.94598 28.94598 28.94598 30.23175 30.23175 30.23175 33.26886 33.26886 36.18805 36.18805 36.18805 39.47223 39.47223 43.22717 43.22717 43.22717 46.30804 46.30804 46.30804 50.71088
19.28687 14.44577 14.44577 13.01663 13.01663 13.01663 13.27432 13.27432 15.12402 15.12402 15.12402 21.35559 21.35559 21.35559 30.51971 30.51971 41.60382 41.60382 41.60382 49.9389 49.9389 49.9389 53.67279 53.67279 52.71655 52.71655 52.71655 48.9342 48.9342 44.55054 44.55054 44.55054 39.00812 39.00812 39.00812 35.12683 35.12683 31.51392 31.51392 31.51392 28.92059 28.92059 28.06946 28.06946 28.06946 27.41833 27.41833 27.41833 27.44763 27.44763 28.94598 28.94598 28.94598 30.23175 30.23175 30.23175 33.26886 33.26886 36.18805 36.18805 36.18805 39.47223 39.47223 43.22717 43.22717 43.22717 46.30804 46.30804 46.30804 50.71088
19.28687 14.44577 14.44577 13.01663 13.01663 13.01663 13.27432 13.27432 15.12402 15.12402 15.12402 21.35559 21.35559 21.35559 30.51971 30.51971 41.60382 41.60382 41.60382 49.9389 49.9389 49.9389 53.67279 53.67279 52.71655 52.71655 52.71655 48.9342 48.9342 44.55054 44.55054 44.55054 39.00812 39.00812 39.00812 35.12683 35.12683 31.51392 31.51392 31.51392 28.92059 28.92059 28.06946 28.06946 28.06946 27.41833 27.41833 27.41833 27.44763 27.44763 28.94598 28.94598 28.94598 30.23175 30.23175 30.23175 33.26886 33.26886 36.18805 36.18805 36.18805 39.47223 39.47223 43.22717 43.22717 43.22717 46.30804 46.30804 46.30804 50.71088
11.43173 9.583035 9.583035 8.645779 8.645779 8.645779 8.555996 8.555996 9.708706 9.708706 9.708706 11.61807 11.61807 11.61807 14.94122 14.94122 23.48163 23.48163 23.48163 31.5047 31.5047 31.5047 36.05511 36.05511 36.38403 36.38403 36.38403 33.29059 33.29059 30.14429 30.14429 30.14429 26.04047 26.04047 26.04047 23.38507 23.38507 20.57855 20.57855 20.57855 18.69861 18.69861 18.66083 18.66083 18.66083 18.48602 18.48602 18.48602 18.99402 18.99402 20.64032 20.64032 20.64032 22.06433 22.06433 22.06433 25.51447 25.51447 28.63757 28.63757 28.63757 31.97125 31.97125 35.79999 35.79999 35.79999 38.74402 38.74402 38.74402 42.86328
11.43173 9.583035 9.583035 8.645779 8.645779 8.645779 8.555996 8.555996 9.708706 9.708706 9.708706 11.61807 11.61807 11.61807 14.94122 14.94122 23.48163 23.48163 23.48163 31.5047 31.5047 31.5047 36.05511 36.05511 36.38403 36.38403 36.38403 33.29059 33.29059 30.14429 30.14429 30.14429 26.04047 26.04047 26.04047 23.38507 23.38507 20.57855 20.57855 20.57855 18.69861 18.69861 18.66083 18.66083 18.66083 18.48602 18.48602 18.48602 18.99402 18.99402 20.64032 20.64032 20.64032 22.06433 22.06433 22.06433 25.51447 25.51447 28.63757 28.63757 28.63757 31.97125 31.97125 35.79999 35.79999 35.79999 38.74402 38.74402 38.74402 42.86328
11.43173 9.583035 9.583035 8.645779 8.645779 8.645779 8.555996 8.555996 9.708706 9.708706 9.708706 11.61807 11.61807 11.61807 14.94122 14.94122 23.48163 23.48163 23.48163 31.5047 31.5047 31.5047 36.05511 36.05511 36.38403 36.38403 36.38403 33.29059 33.29059 30.14429 30.14429 30.14429 26.04047 26.04047 26.04047 23.38507 23.38507 20.57855 20.57855 20.57855 18.69861 18.69861 18.66083 18.66083 18.66083 18.48602 18.48602 18.48602 18.99402 18.99402 20.64032 20.64032 20.64032 22.06433 22.06433 22.06433 25.51447 25.51447 28.63757 28.63757 28.63757 31.97125 31.97125 35.79999 35.79999 35.79999 38.74402 38.74402 38.74402 42.86328
6.926174 6.181728 6.181728 5.547634 5.547634 5.547634 5.565701 5.565701 6.170864 6.170864 6.170864 7.021572 7.021572 7.021572 8.593227 8.593227 11.09164 11.09164 11.09164 14.00909 14.00909 14.00909 17.24963 17.24963 18.974 18.974 18.974 17.37103 17.37103 16.15387 16.15387 16.15387 14.56347 14.56347 14.56347 14.05365 14.05365 13.24557 13.24557 13.24557 12.68518 12.68518 12.71154 12.71154 12.71154 12.69806 12.69806 12.69806 13.20575 13.20575 14.42086 14.42086 14.42086 15.5722 15.5722 15.5722 19.03516 19.03516 21.83185 21.83185 21.83185 24.72382 24.72382 28.34406 28.34406 28.34406 31.12823 31.12823 31.12823 34.7464
6.926174 6.181728 6.181728 5.547634 5.547634 5.547634 5.565701 5.565701 6.170864 6.170864 6.170864 7.021572 7.021572 7.021572 8.593227 8.593227 11.09164 11.09164 11.09164 14.00909 14.00909 14.00909 17.24963 17.24963 18.974 18.974 18.974 17.37103 17.37103 16.15387 16.15387 16.15387 14.56347 14.56347 14.56347 14.05365 14.05365 13.24557 13.24557 13.24557 12.68518 12.68518 12.71154 12.71154 12.71154 12.69806 12.69806 12.69806 13.20575 13.20575 14.42086 14.42086 14.42086 15.5722 15.5722 15.5722 19.03516 19.03516 21.83185 21.83185 21.83185 24.72382 24.72382 28.34406 28.34406 28.34406 31.12823 31.12823 31.12823 34.7464
4.389065 4.452358 4.452358 4.042385 4.042385 4.042385 3.856655 3.856655 4.454433 4.454433 4.454433 4.846584 4.846584 4.846584 5.556667 5.556667 6.756924 6.756924 6.756924 8.347866 8.347866 8.347866 9.77914 9.77914 10.54135 10.54135 10.54135 10.64584 10.64584 10.93112 10.93112 10.93112 10.58715 10.58715 10.58715 10.59121 10.59121 10.01049 10.01049 10.01049 9.697262 9.697262 10.11166 10.11166 10.11166 10.30252 10.30252 10.30252 10.84744 10.84744 11.87335 11.87335 11.87335 12.49398 12.49398 12.49398 13.83599 13.83599 14.88833 14.88833 14.88833 17.11658 17.11658 20.63385 20.63385 20.63385 22.96545 22.96545 22.96545 26.15143
4.389065 4.452358 4.452358 4.042385 4.042385 4.042385 3.856655 3.856655 4.454433 4.454433 4.454433 4.846584 4.846584 4.846584 5.556667 5.556667 6.756924 6.756924 6.756924 8.347866 8.347866 8.347866 9.77914 9.77914 10.54135 10.54135 10.54135 10.64584 10.64584 10.93112 10.93112 10.93112 10.58715 10.58715 10.58715 10.59121 10.59121 10.01049 10.01049 10.01049 9.697262 9.697262 10.11166 10.11166 10.11166 10.30252 10.30252 10.30252 10.84744 10.84744 11.87335 11.87335 11.87335 12.49398 12.49398 12.49398 13.83599 13.83599 14.88833 14.88833 14.88833 17.11658 17.11658 20.63385 20.63385 20.63385 22.96545 22.96545 22.96545 26.15143
4.389065 4.452358 4.452358 4.042385 4.042385 4.042385 3.856655 3.856655 4.454433 4.454433 4.454433 4.846584 4.846584 4.846584 5.556667 5.556667 6.756924 6.756924 6.756924 8.347866 8.347866 8.347866 9.77914 9.77914 10.54135 10.54135 10.54135 10.64584 10.64584 10.93112 10.93112 10.93112 10.58715 10.58715 10.58715 10.59121 10.59121 10.01049 10.01049 10.01049 9.697262 9.697262 10.11166 10.11166 10.11166 10.30252 10.30252 10.30252 10.84744 10.84744 11.87335 11.87335 11.87335 12.49398 12.49398 12.49398 13.83599 13.83599 14.88833 14.88833 14.88833 17.11658 17.11658 20.63385 20.63385 20.63385 22.96545 22.96545 22.96545 26.15143
3.48135 3.705288 3.705288 3.372341 3.372341 3.372341 3.072414 3.072414 3.477077 3.477077 3.477077 3.793484 3.793484 3.793484 4.502285 4.502285 5.541897 5.541897 5.541897 6.489162 6.489162 6.489162 7.24258 7.24258 7.942898 7.942898 7.942898 8.346584 8.346584 8.890957 8.890957 8.890957 8.774075 8.774075 8.774075 8.868252 8.868252 8.138577 8.138577 8.138577 7.832241 7.832241 8.464352 8.464352 8.464352 8.768612 8.768612 8.768612 9.156887 9.156887 9.938046 9.938046 9.938046 10.25531 10.25531 10.25531 11.20025 11.20025 11.71469 11.71469 11.71469 12.58584 12.58584 14.19796 14.19796 14.19796 15.24005 15.24005 15.24005 18.15326
3.48135 3.705288 3.705288 3.372341 3.372341 3.372341 3.072414 3.072414 3.477077 3.477077 3.477077 3.793484 3.793484 3.793484 4.502285 4.502285 5.541897 5.541897 5.541897 6.489162 6.489162 6.489162 7.24258 7.24258 7.942898 7.942898 7.942898 8.346584 8.346584 8.890957 8.890957 8.890957 8.774075 8.774075 8.774075 8.868252 8.868252 8.138577 8.138577 8.138577 7.832241 7.832241 8.464352 8.464352 8.464352 8.768612 8.768612 8.768612 9.156887 9.156887 9.938046 9.938046 9.938046 10.25531 10.25531 10.25531 11.20025 11.20025 11.71469 11.71469 11.71469 12.58584 12.58584 14.19796 14.19796 14.19796 15.24005 15.24005 15.24005 18.15326
2.44418 2.73074 2.73074 2.463589 2.463589 2.463589 2.170132 2.170132 2.453823 2.453823 2.453823 2.56625 2.56625 2.56625 3.25259 3.25259 4.268887 4.268887 4.268887 5.403408 5.403408 5.403408 6.237148 6.237148 6.858303 6.858303 6.858303 7.415188 7.415188 8.001247 8.001247 8.001247 7.892361 7.892361 7.892361 7.984035 7.984035 7.219296 7.219296 7.219296 6.705624 6.705624 7.28912 7.28912 7.28912 7.686123 7.686123 7.686123 7.926144 7.926144 8.505367 8.505367 8.505367 8.51083 8.51083 8.51083 9.178585 9.178585 9.296871 9.296871 9.296871 9.820736 9.820736 11.1336 11.1336 11.1336 11.76992 11.76992 11.76992 13.00128
2.44418 2.73074 2.73074 2.463589 2.463589 2.463589 2.170132 2.170132 2.453823 2.453823 2.453823 2.56625 2.56625 2.56625 3.25259 3.25259 4.268887 4.268887 4.268887 5.403408 5.403408 5.403408 6.237148 6.237148 6.858303 6.858303 6.858303 7.415188 7.415188 8.001247 8.001247 8.001247 7.892361 7.892361 7.892361 7.984035 7.984035 7.219296 7.219296 7.219296 6.705624 6.705624 7.28912 7.28912 7.28912 7.686123 7.686123 7.686123 7.926144 7.926144 8.505367 8.505367 8.505367 8.51083 8.51083 8.51083 9.178585 9.178585 9.296871 9.296871 9.296871 9.820736 9.820736 11.1336 11.1336 11.1336 11.76992 11.76992 11.76992 13.00128
2.44418 2.73074 2.73074 2.463589 2.463589 2.463589 2.170132 2.170132 2.453823 2.453823 2.453823 2.56625 2.56625 2.56625 3.25259 3.25259 4.268887 4.268887 4.268887 5.403408 5.403408 5.403408 6.237148 6.237148 6.858303 6.858303 6.858303 7.415188 7.415188 8.001247 8.001247 8.001247 7.892361 7.892361 7.892361 7.984035 7.984035 7.219296 7.219296 7.219296 6.705624 6.705624 7.28912 7.28912 7.28912 7.686123 7.686123 7.686123 7.926144 7.926144 8.505367 8.505367 8.505367 8.51083 8.51083 8.51083 9.178585 9.178585 9.296871 9.296871 9.296871 9.820736 9.820736 11.1336 11.1336 11.1336 11.76992 11.76992 11.76992 13.00128
1.923122 2.317348 2.317348 2.227932 2.227932 2.227932 2.056728 2.056728 2.368496 2.368496 2.368496 2.354946 2.354946 2.354946 3.03738 3.03738 3.988796 3.988796 3.988796 4.835171 4.835171 4.835171 5.758694 5.758694 6.291409 6.291409 6.291409 6.865749 6.865749 7.746243 7.746243 7.746243 7.957241 7.957241 7.957241 8.197231 8.197231 7.585659 7.585659 7.585659 6.981991 6.981991 7.234219 7.234219 7.234219 7.358791 7.358791 7.358791 7.386593 7.386593 7.749844 7.749844 7.749844 7.503963 7.503963 7.503963 7.995144 7.995144 7.964046 7.964046 7.964046 8.211544 8.211544 9.217098 9.217098 9.217098 9.584927 9.584927 9.584927 10.49096
1.923122 2.317348 2.317348 2.227932 2.227932 2.227932 2.056728 2.056728 2.368496 2.368496 2.368496 2.354946 2.354946 2.354946 3.03738 3.03738 3.988796 3.988796 3.988796 4.835171 4.835171 4.835171 5.758694 5.758694 6.291409 6.291409 6.291409 6.865749 6.865749 7.746243 7.746243 7.746243 7.957241 7.957241 7.957241 8.197231 8.197231 7.585659 7.585659 7.585659 6.981991 6.981991 7.234219 7.234219 7.234219 7.358791 7.358791 7.358791 7.386593 7.386593 7.749844 7.749844 7.749844 7.503963 7.503963 7.503963 7.995144 7.995144 7.964046 7.964046 7.964046 8.211544 8.211544 9.217098 9.217098 9.217098 9.584927 9.584927 9.584927 10.49096
1.923122 2.317348 2.317348 2.227932 2.227932 2.227932 2.056728 2.056728 2.368496 2.368496 2.368496 2.354946 2.354946 2.354946 3.03738 3.03738 3.988796 3.988796 3.988796 4.835171 4.835171 4.835171 5.758694 5.758694 6.291409 6.291409 6.291409 6.865749 6.865749 7.746243 7.746243 7.746243 7.957241 7.957241 7.957241 8.197231 8.197231 7.585659 7.585659 7.585659 6.981991 6.981991 7.234219 7.234219 7.234219 7.358791 7.358791 7.358791 7.386593 7.386593 7.749844 7.749844 7.749844 7.503963 7.503963 7.503963 7.995144 7.995144 7.964046 7.964046 7.964046 8.211544 8.211544 9.217098 9.217098 9.217098 9.584927 9.584927 9.584927 10.49096
0.8348656 1.481655 1.481655 1.579067 1.579067 1.579067 1.580715 1.580715 1.996853 1.996853 1.996853 2.139248 2.139248 2.139248 2.669765 2.669765 3.528347 3.528347 3.528347 4.252956 4.252956 4.252956 5.161282 5.161282 5.659512 5.659512 5.659512 6.142422 6.142422 6.977016 6.977016 6.977016 7.502773 7.502773 7.502773 7.86581 7.86581 7.234035 7.234035 7.234035 6.598293 6.598293 6.815609 6.815609 6.815609 6.69775 6.69775 6.69775 6.572506 6.572506 6.867123 6.867123 6.867123 6.568172 6.568172 6.568172 7.025967 7.025967 6.984371 6.984371 6.984371 7.10162 7.10162 7.882412 7.882412 7.882412 7.99197 7.99197 7.99197 8.663235
0.8348656 1.481655 1.481655 1.579067 1.579067 1.579067 1.580715 1.580715 1.996853 1.996853 1.996853 2.139248 2.139248 2.139248 2.669765 2.669765 3.528347 3.528347 3.528347 4.252956 4.252956 4.252956 5.161282 5.161282 5.659512 5.659512 5.659512 6.142422 6.142422 6.977016 6.977016 6.977016 7.502773 7.502773 7.502773 7.86581 7.86581 7.234035 7.234035 7.234035 6.598293 6.598293 6.815609 6.815609 6.815609 6.69775 6.69775 6.69775 6.572506 6.572506 6.867123 6.867123 6.867123 6.568172 6.568172 6.568172 7.025967 7.025967 6.984371 6.984371 6.984371 7.10162 7.10162 7.882412 7.882412 7.882412 7.99197 7.99197 7.99197 8.663235
0.4211082 1.070705 1.070705 1.476101 1.476101 1.476101 1.83218 1.83218 2.438259 2.438259 2.438259 2.786282 2.786282 2.786282 3.347744 3.347744 4.128139 4.128139 4.128139 4.804714 4.804714 4.804714 5.620998 5.620998 6.124538 6.124538 6.124538 6.532986 6.532986 7.196377 7.196377 7.196377 7.691677 7.691677 7.691677 8.074856 8.074856 7.337795 7.337795 7.337795 0 0 0 0 0 6.179226 6.179226 6.179226 5.710262 5.710262 6.11871 6.11871 6.11871 5.882656 5.882656 5.882656 6.366909 6.366909 6.360653 6.360653 6.360653 6.461697 6.461697 7.156918 7.156918 7.156918 7.103756 7.103756 7.103756 7.598476
0.4211082 1.070705 1.070705 1.476101 1.476101 1.476101 1.83218 1.83218 2.438259 2.438259 2.438259 2.786282 2.786282 2.786282 3.347744 3.347744 4.128139 4.128139 4.128139 4.804714 4.804714 4.804714 5.620998 5.620998 6.124538 6.124538 6.124538 6.532986 6.532986 7.196377 7.196377 7.196377 7.691677 7.691677 7.691677 8.074856 8.074856 7.337795 7.337795 7.337795 0 -9999 -9999 -9999 -9999 6.179226 6.179226 6.179226 5.710262 5.710262 6.11871 6.11871 6.11871 5.882656 5.882656 5.882656 6.366909 6.366909 6.360653 6.360653 6.360653 6.461697 6.461697 7.156918 7.156918 7.156918 7.103756 7.103756 7.103756 7.598476
0.4211082 1.070705 1.070705 1.476101 1.476101 1.476101 1.83218 1.83218 2.438259 2.438259 2.438259 2.786282 2.786282 2.786282 3.347744 3.347744 4.128139 4.128139 4.128139 4.804714 4.804714 4.804714 5.620998 5.620998 6.124538 6.124538 6.124538 6.532986 6.532986 7.196377 7.196377 7.196377 7.691677 7.691677 7.691677 8.074856 8.074856 7.337795 7.337795 -9999 -9999 -9999 -9999 -9999 -9999 -9999 -9999 -9999 5.710262 5.710262 6.11871 6.11871 6.11871 5.882656 5.882656 5.882656 6.366909 6.366909 6.360653 6.360653 6.360653 6.461697 6.461697 7.156918 7.156918 7.156918 7.103756 7.103756 7.103756 7.598476
1.453579 1.796108 1.796108 1.867886 1.867886 1.867886 2.077908 2.077908 2.672268 2.672268 2.672268 3.126064 3.126064 3.126064 3.897488 3.897488 4.824856 4.824856 4.824856 5.537136 5.537136 5.537136 6.329739 6.329739 6.77969 6.77969 6.77969 6.914761 6.914761 7.352444 7.352444 7.352444 7.28091 7.28091 7.28091 0 0 -9999 -9999 -9999 -9999 -9999 -9999 -9999 -9999 -9999 -9999 -9999 -9999 -9999 0 0 0 5.183193 5.183193 5.183193 5.711025 5.711025 0 0 0 -9999 -9999 -9999 -9999 0 0 0 0 0
1.453579 1.796108 1.796108 1.867886 1.867886 1.867886 2.077908 2.077908 2.672268 2.672268 2.672268 3.126064 3.126064 3.126064 3.897488 3.897488 4.824856 4.824856 4.824856 5.537136 5.537136 5.537136 6.329739 6.329739 6.77969 6.77969 6.77969 6.914761 6.914761 7.352444 7.352444 7.352444 7.28091 7.28091 7.28091 -9999 -9999 -9999 -9999 -9999 -9999 -9999 -9999 -9999 -9999 -9999 -9999 -9999 -9999 -9999 -9999 -9999 0 5.183193 5.183193 5.183193 5.711025 5.711025 -9999 -9999 -9999 -9999 -9999 -9999 -9999 -9999 -9999 -9999 -9999 -9999
1.453579 1.796108 1.796108 1.867886 1.867886 1.867886 2.077908 2.077908 2.672268 2.672268 2.672268 3.126064 3.126064 3.126064 3.897488 3.897488 4.824856 4.824856 4.824856 5.537136 5.537136 5.537136 6.329739 6.329739 6.77969 6.77969 6.77969 6.914761 6.914761 7.352444 7.352444 7.352444 -9999 -9999 -9999 -9999 -9999 -9999 -9999 -9999 -9999 -9999 -9999 -9999 -9999 -9999 -9999 -9999 -9999 -9999 -9999 -9999 -9999 -9999 -9999 -9999 -9999 -9999 -9999 -9999 -9999 -9999 -9999 -9999 -9999 -9999 -9999 -9999 -9999 -9999
1.589443 1.805691 1.805691 1.701565 1.701565 1.701565 1.756252 1.756252 2.261501 2.261501 2.261501 2.6647 2.6647 2.6647 3.520901 3.520901 4.516445 4.516445 4.516445 5.277615 5.277615 5.277615 6.080898 6.080898 6.51321 6.51321 6.51321 6.443142 6.443142 0 -9999 -9999 -9999 -9999 -9999 -9999 -9999 -9999 -9999 -9999 -9999 -9999 -9999 -9999 -9999 -9999 -9999 -9999 -9999 -9999 -9999 -9999 -9999 -9999 -9999 -9999 -9999 -9999 -9999 -9999 -9999 -9999 -9999 -9999 -9999 -9999 -9999 -9999 -9999 -9999
1.589443 1.805691 1.805691 1.701565 1.701565 1.701565 1.756252 1.756252 2.261501 2.261501 2.261501 2.6647 2.6647 2.6647 3.520901 3.520901 4.516445 4.516445 4.516445 5.277615 5.277615 5.277615 6.080898 6.080898 6.51321 6.51321 6.51321 6.443142 -9999 -9999 -9999 -9999 -9999 -9999 -9999 -9999 -9999 -9999 -9999 -9999 -9999 -9999 -9999 -9999 -9999 -9999 -9999 -9999 -9999 -9999 -9999 -9999 -9999 -9999 -9999 -9999 -9999 -9999 -9999 -9999 -9999 -9999 -9999 -9999 -9999 -9999 -9999 -9999 -9999 -9999
