SEB_model/sample_data_files/historical/IceThickness_historical/mean43_5mfx_ascii.txt
ncols         559
nrows         351
xllcorner     388608.08691406
yllcorner     7584381.3441773
cellsize      5
NODATA_value  -9999
[rows 124 to 154 of 351, columns 420 to 489 of 559]
40.16437 37.67639 37.67639 37.67639 35.39044 35.39044 35.39044 34.44147 34.44147 32.56439 32.56439 32.56439 30.7453 30.7453 29.90112 29.90112 29.90112 28.01202 28.01202 28.01202 26.97327 26.97327 25.40063 25.40063 25.40063 23.76288 23.76288 23.58929 23.58929 23.58929 21.79065 21.79065 21.79065 20.33246 20.33246 16.93268 16.93268 16.93268 14.32275 14.32275 14.32275 13.57351 13.57351 12.16342 12.16342 12.16342 10.71746 10.71746 9.797298 9.797298 9.797298 7.891659 7.891659 7.891659 6.387661 6.387661 3.989986 3.989986 3.989986 2.33099 2.33099 2.140652 2.140652 2.140652 2.052456 2.052456 -9999 -9999 -9999 -9999
40.16437 37.67639 37.67639 37.67639 35.39044 35.39044 35.39044 34.44147 34.44147 32.56439 32.56439 32.56439 30.7453 30.7453 29.90112 29.90112 29.90112 28.01202 28.01202 28.01202 26.97327 26.97327 25.40063 25.40063 25.40063 23.76288 23.76288 23.58929 23.58929 23.58929 21.79065 21.79065 21.79065 20.33246 20.33246 16.93268 16.93268 16.93268 14.32275 14.32275 14.32275 13.57351 13.57351 12.16342 12.16342 12.16342 10.71746 10.71746 9.797298 9.797298 9.797298 7.891659 7.891659 7.891659 6.387661 6.387661 3.989986 3.989986 3.989986 2.33099 2.33099 2.140652 2.140652 2.140652 2.052456 2.052456 2.052456 -9999 -9999 -9999
42.76233 40.66284 40.66284 40.66284 38.84326 38.84326 38.84326 38.37085 38.37085 36.7594 36.7594 36.7594 35.25232 35.25232 34.57422 34.57422 34.57422 32.47333 32.47333 32.47333 31.3233 31.3233 29.47406 29.47406 29.47406 27.82739 27.82739 27.43439 27.43439 27.43439 25.71057 25.71057 25.71057 24.71277 24.71277 22.05603 22.05603 22.05603 19.01611 19.01611 19.01611 17.62695 17.62695 15.00796 15.00796 15.00796 13.67651 13.67651 12.70077 12.70077 12.70077 10.67828 10.67828 10.67828 9.135525 9.135525 6.983334 6.983334 6.983334 4.924648 4.924648 4.212551 4.212551 4.212551 3.567226 3.567226 3.567226 3.069424 3.069424 -9999
42.76233 40.66284 40.66284 40.66284 38.84326 38.84326 38.84326 38.37085 38.37085 36.7594 36.7594 36.7594 35.25232 35.25232 34.57422 34.57422 34.57422 32.47333 32.47333 32.47333 31.3233 31.3233 29.47406 29.47406 29.47406 27.82739 27.82739 27.43439 27.43439 27.43439 25.71057 25.71057 25.71057 24.71277 24.71277 22.05603 22.05603 22.05603 19.01611 19.01611 19.01611 17.62695 17.62695 15.00796 15.00796 15.00796 13.67651 13.67651 12.70077 12.70077 12.70077 10.67828 10.67828 10.67828 9.135525 9.135525 6.983334 6.983334 6.983334 4.924648 4.924648 4.212551 4.212551 4.212551 3.567226 3.567226 3.567226 3.069424 3.069424 0
42.76233 40.66284 40.66284 40.66284 38.84326 38.84326 38.84326 38.37085 38.37085 36.7594 36.7594 36.7594 35.25232 35.25232 34.57422 34.57422 34.57422 32.47333 32.47333 32.47333 31.3233 31.3233 29.47406 29.47406 29.47406 27.82739 27.82739 27.43439 27.43439 27.43439 25.71057 25.71057 25.71057 24.71277 24.71277 22.05603 22.05603 22.05603 19.01611 19.01611 19.01611 17.62695 17.62695 15.00796 15.00796 15.00796 13.67651 13.67651 12.70077 12.70077 12.70077 10.67828 10.67828 10.67828 9.135525 9.135525 6.983334 6.983334 6.983334 4.924648 4.924648 4.212551 4.212551 4.212551 3.567226 3.567226 3.567226 3.069424 3.069424 0
45.25995 43.36786 43.36786 43.36786 41.88727 41.88727 41.88727 41.49823 41.49823 39.88116 39.88116 39.88116 38.38531 38.38531 37.92926 37.92926 37.92926 35.96765 35.96765 35.96765 34.93536 34.93536 33.02301 33.02301 33.02301 31.31158 31.31158 30.80627 30.80627 30.80627 28.96313 28.96313 28.96313 28.1062 28.1062 25.74603 25.74603 25.74603 23.02325 23.02325 23.02325 21.99042 21.99042 19.67261 19.67261 19.67261 17.24438 17.24438 15.21283 15.21283 15.21283 13.0462 13.0462 13.0462 11.48593 11.48593 9.415462 9.415462 9.415462 7.349545 7.349545 6.324306 6.324306 6.324306 5.230434 5.230434 5.230434 4.435757 4.435757 3.840389
45.25995 43.36786 43.36786 43.36786 41.88727 41.88727 41.88727 41.49823 41.49823 39.88116 39.88116 39.88116 38.38531 38.38531 37.92926 37.92926 37.92926 35.96765 35.96765 35.96765 34.93536 34.93536 33.02301 33.02301 33.02301 31.31158 31.31158 30.80627 30.80627 30.80627 28.96313 28.96313 28.96313 28.1062 28.1062 25.74603 25.74603 25.74603 23.02325 23.02325 23.02325 21.99042 21.99042 19.67261 19.67261 19.67261 17.24438 17.24438 15.21283 15.21283 15.21283 13.0462 13.0462 13.0462 11.48593 11.48593 9.415462 9.415462 9.415462 7.349545 7.349545 6.324306 6.324306 6.324306 5.230434 5.230434 5.230434 4.435757 4.435757 3.840389
48.16931 46.59863 46.59863 46.59863 45.29462 45.29462 45.29462 44.84857 44.84857 43.12823 43.12823 43.12823 41.56171 41.56171 41.11218 41.11218 41.11218 39.22382 39.22382 39.22382 38.29456 38.29456 36.33295 36.33295 36.33295 34.60089 34.60089 34.03552 34.03552 34.03552 32.16479 32.16479 32.16479 31.37646 31.37646 29.19708 29.19708 29.19708 26.77448 26.77448 26.77448 25.92462 25.92462 23.84271 23.84271 23.84271 21.64868 21.64868 19.74933 19.74933 19.74933 15.70514 15.70514 15.70514 13.88861 13.88861 11.8154 11.8154 11.8154 9.888332 9.888332 8.745846 8.745846 8.745846 7.047329 7.047329 7.047329 5.951534 5.951534 5.161678
48.16931 46.59863 46.59863 46.59863 45.29462 45.29462 45.29462 44.84857 44.84857 43.12823 43.12823 43.12823 41.56171 41.56171 41.11218 41.11218 41.11218 39.22382 39.22382 39.22382 38.29456 38.29456 36.33295 36.33295 36.33295 34.60089 34.60089 34.03552 34.03552 34.03552 32.16479 32.16479 32.16479 31.37646 31.37646 29.19708 29.19708 29.19708 26.77448 26.77448 26.77448 25.92462 25.92462 23.84271 23.84271 23.84271 21.64868 21.64868 19.74933 19.74933 19.74933 15.70514 15.70514 15.70514 13.88861 13.88861 11.8154 11.8154 11.8154 9.888332 9.888332 8.745846 8.745846 8.745846 7.047329 7.047329 7.047329 5.951534 5.951534 5.161678
48.16931 46.59863 46.59863 46.59863 45.29462 45.29462 45.29462 44.84857 44.84857 43.12823 43.12823 43.12823 41.56171 41.56171 41.11218 41.11218 41.11218 39.22382 39.22382 39.22382 38.29456 38.29456 36.33295 36.33295 36.33295 34.60089 34.60089 34.03552 34.03552 34.03552 32.16479 32.16479 32.16479 31.37646 31.37646 29.19708 29.19708 29.19708 26.77448 26.77448 26.77448 25.92462 25.92462 23.84271 23.84271 23.84271 21.64868 21.64868 19.74933 19.74933 19.74933 15.70514 15.70514 15.70514 13.88861 13.88861 11.8154 11.8154 11.8154 9.888332 9.888332 8.745846 8.745846 8.745846 7.047329 7.047329 7.047329 5.951534 5.951534 5.161678
51.5993 50.27191 50.27191 50.27191 48.8761 48.8761 48.8761 48.24304 48.24304 46.29523 46.29523 46.29523 44.45294 44.45294 43.8396 43.8396 43.8396 41.9491 41.9491 41.9491 41.0545 41.0545 39.13409 39.13409 39.13409 37.52057 37.52057 37.03949 37.03949 37.03949 35.20044 35.20044 35.20044 34.43927 34.43927 32.36938 32.36938 32.36938 30.086 30.086 30.086 29.2326 29.2326 27.08972 27.08972 27.08972 24.82141 24.82141 22.93573 22.93573 22.93573 19.19983 19.19983 19.19983 16.43384 16.43384 13.8107 13.8107 13.8107 11.94778 11.94778 10.82431 10.82431 10.82431 9.148525 9.148525 9.148525 7.586758 7.586758 6.809628
51.5993 50.27191 50.27191 50.27191 48.8761 48.8761 48.8761 48.24304 48.24304 46.29523 46.29523 46.29523 44.45294 44.45294 43.8396 43.8396 43.8396 41.9491 41.9491 41.9491 41.0545 41.0545 39.13409 39.13409 39.13409 37.52057 37.52057 37.03949 37.03949 37.03949 35.20044 35.20044 35.20044 34.43927 34.43927 32.36938 32.36938 32.36938 30.086 30.086 30.086 29.2326 29.2326 27.08972 27.08972 27.08972 24.82141 24.82141 22.93573 22.93573 22.93573 19.19983 19.19983 19.19983 16.43384 16.43384 13.8107 13.8107 13.8107 11.94778 11.94778 10.82431 10.82431 10.82431 9.148525 9.148525 9.148525 7.586758 7.586758 6.809628
55.84491 54.3656 54.3656 54.3656 52.599 52.599 52.599 51.56427 51.56427 49.16547 49.16547 49.16547 47.21625 47.21625 46.29865 46.29865 46.29865 44.22754 44.22754 44.22754 43.19739 43.19739 41.39478 41.39478 41.39478 39.9068 39.9068 39.55109 39.55109 39.55109 37.81903 37.81903 37.81903 37.16595 37.16595 35.06787 35.06787 35.06787 32.59644 32.59644 32.59644 31.38135 31.38135 28.9588 28.9588 28.9588 26.43811 26.43811 24.60162 24.60162 24.60162 21.19537 21.19537 21.19537 18.79828 18.79828 15.17798 15.17798 15.17798 13.42706 13.42706 12.40493 12.40493 12.40493 10.84942 10.84942 10.84942 9.288052 9.288052 8.39468
55.84491 54.3656 54.3656 54.3656 52.599 52.599 52.599 51.56427 51.56427 49.16547 49.16547 49.16547 47.21625 47.21625 46.29865 46.29865 46.29865 44.22754 44.22754 44.22754 43.19739 43.19739 41.39478 41.39478 41.39478 39.9068 39.9068 39.55109 39.55109 39.55109 37.81903 37.81903 37.81903 37.16595 37.16595 35.06787 35.06787 35.06787 32.59644 32.59644 32.59644 31.38135 31.38135 28.9588 28.9588 28.9588 26.43811 26.43811 24.60162 24.60162 24.60162 21.19537 21.19537 21.19537 18.79828 18.79828 15.17798 15.17798 15.17798 13.42706 13.42706 12.40493 12.40493 12.40493 10.84942 10.84942 10.84942 9.288052 9.288052 8.39468
55.84491 54.3656 54.3656 54.3656 52.599 52.599 52.599 51.56427 51.56427 49.16547 49.16547 49.16547 47.21625 47.21625 46.29865 46.29865 46.29865 44.22754 44.22754 44.22754 43.19739 43.19739 41.39478 41.39478 41.39478 39.9068 39.9068 39.55109 39.55109 39.55109 37.81903 37.81903 37.81903 37.16595 37.16595 35.06787 35.06787 35.06787 32.59644 32.59644 32.59644 31.38135 31.38135 28.9588 28.9588 28.9588 26.43811 26.43811 24.60162 24.60162 24.60162 21.19537 21.19537 21.19537 18.79828 18.79828 15.17798 15.17798 15.17798 13.42706 13.42706 12.40493 12.40493 12.40493 10.84942 10.84942 10.84942 9.288052 9.288052 8.39468
59.95013 57.85968 57.85968 57.85968 55.66357 55.66357 55.66357 54.21393 54.21393 51.52295 51.52295 51.52295 49.38007 49.38007 48.37805 48.37805 48.37805 46.24664 46.24664 46.24664 45.16479 45.16479 43.30688 43.30688 43.30688 41.8689 41.8689 41.52222 41.52222 41.52222 39.85956 39.85956 39.85956 39.18347 39.18347 36.99976 36.99976 36.99976 34.24579 34.24579 34.24579 32.75464 32.75464 30.15186 30.15186 30.15186 27.48071 27.48071 25.72644 25.72644 25.72644 22.67993 22.67993 22.67993 20.70117 20.70117 17.41699 17.41699 17.41699 14.73455 14.73455 13.8475 13.8475 13.8475 12.53259 12.53259 12.53259 11.20633 11.20633 10.3334
59.95013 57.85968 57.85968 57.85968 55.66357 55.66357 55.66357 54.21393 54.21393 51.52295 51.52295 51.52295 49.38007 49.38007 48.37805 48.37805 48.37805 46.24664 46.24664 46.24664 45.16479 45.16479 43.30688 43.30688 43.30688 41.8689 41.8689 41.52222 41.52222 41.52222 39.85956 39.85956 39.85956 39.18347 39.18347 36.99976 36.99976 36.99976 34.24579 34.24579 34.24579 32.75464 32.75464 30.15186 30.15186 30.15186 27.48071 27.48071 25.72644 25.72644 25.72644 22.67993 22.67993 22.67993 20.70117 20.70117 17.41699 17.41699 17.41699 14.73455 14.73455 13.8475 13.8475 13.8475 12.53259 12.53259 12.53259 11.20633 11.20633 10.3334
59.95013 57.85968 57.85968 57.85968 55.66357 55.66357 55.66357 54.21393 54.21393 51.52295 51.52295 51.52295 49.38007 49.38007 48.37805 48.37805 48.37805 46.24664 46.24664 46.24664 45.16479 45.16479 43.30688 43.30688 43.30688 41.8689 41.8689 41.52222 41.52222 41.52222 39.85956 39.85956 39.85956 39.18347 39.18347 36.99976 36.99976 36.99976 34.24579 34.24579 34.24579 32.75464 32.75464 30.15186 30.15186 30.15186 27.48071 27.48071 25.72644 25.72644 25.72644 22.67993 22.67993 22.67993 20.70117 20.70117 17.41699 17.41699 17.41699 14.73455 14.73455 13.8475 13.8475 13.8475 12.53259 12.53259 12.53259 11.20633 11.20633 10.3334
63.2467 60.80536 60.80536 60.80536 58.18854 58.18854 58.18854 56.4408 56.4408 53.69574 53.69574 53.69574 51.55011 51.55011 50.49884 50.49884 50.49884 48.27966 48.27966 48.27966 46.9834 46.9834 45.00977 45.00977 45.00977 43.44092 43.44092 42.89227 42.89227 42.89227 40.90356 40.90356 40.90356 39.97961 39.97961 37.55151 37.55151 37.55151 34.7074 34.7074 34.7074 32.98206 32.98206 30.3866 30.3866 30.3866 27.78467 27.78467 26.19672 26.19672 26.19672 23.34656 23.34656 23.34656 21.61255 21.61255 18.64594 18.64594 18.64594 15.99725 15.99725 14.83242 14.83242 14.83242 13.68521 13.68521 13.68521 12.54922 12.54922 11.83328
63.2467 60.80536 60.80536 60.80536 58.18854 58.18854 58.18854 56.4408 56.4408 53.69574 53.69574 53.69574 51.55011 51.55011 50.49884 50.49884 50.49884 48.27966 48.27966 48.27966 46.9834 46.9834 45.00977 45.00977 45.00977 43.44092 43.44092 42.89227 42.89227 42.89227 40.90356 40.90356 40.90356 39.97961 39.97961 37.55151 37.55151 37.55151 34.7074 34.7074 34.7074 32.98206 32.98206 30.3866 30.3866 30.3866 27.78467 27.78467 26.19672 26.19672 26.19672 23.34656 23.34656 23.34656 21.61255 21.61255 18.64594 18.64594 18.64594 15.99725 15.99725 14.83242 14.83242 14.83242 13.68521 13.68521 13.68521 12.54922 12.54922 11.83328
64.9577 62.77393 62.77393 62.77393 60.06036 60.06036 60.06036 58.21692 58.21692 55.25916 55.25916 55.25916 53.09521 53.09521 51.82166 51.82166 51.82166 49.45129 49.45129 49.45129 47.97473 47.97473 45.81183 45.81183 45.81183 44.12238 44.12238 43.35724 43.35724 43.35724 41.23175 41.23175 41.23175 40.11658 40.11658 37.62683 37.62683 37.62683 34.89215 34.89215 34.89215 33.19574 33.19574 30.61359 30.61359 30.61359 28.01483 28.01483 26.3595 26.3595 26.3595 23.68756 23.68756 23.68756 22.11469 22.11469 19.45026 19.45026 19.45026 16.97601 16.97601 15.78162 15.78162 15.78162 14.46405 14.46405 14.46405 13.52508 13.52508 13.11004
64.9577 62.77393 62.77393 62.77393 60.06036 60.06036 60.06036 58.21692 58.21692 55.25916 55.25916 55.25916 53.09521 53.09521 51.82166 51.82166 51.82166 49.45129 49.45129 49.45129 47.97473 47.97473 45.81183 45.81183 45.81183 44.12238 44.12238 43.35724 43.35724 43.35724 41.23175 41.23175 41.23175 40.11658 40.11658 37.62683 37.62683 37.62683 34.89215 34.89215 34.89215 33.19574 33.19574 30.61359 30.61359 30.61359 28.01483 28.01483 26.3595 26.3595 26.3595 23.68756 23.68756 23.68756 22.11469 22.11469 19.45026 19.45026 19.45026 16.97601 16.97601 15.78162 15.78162 15.78162 14.46405 14.46405 14.46405 13.52508 13.52508 13.11004
64.9577 62.77393 62.77393 62.77393 60.06036 60.06036 60.06036 58.21692 58.21692 55.25916 55.25916 55.25916 53.09521 53.09521 51.82166 51.82166 51.82166 49.45129 49.45129 49.45129 47.97473 47.97473 45.81183 45.81183 45.81183 44.12238 44.12238 43.35724 43.35724 43.35724 41.23175 41.23175 41.23175 40.11658 40.11658 37.62683 37.62683 37.62683 34.89215 34.89215 34.89215 33.19574 33.19574 30.61359 30.61359 30.61359 28.01483 28.01483 26.3595 26.3595 26.3595 23.68756 23.68756 23.68756 22.11469 22.11469 19.45026 19.45026 19.45026 16.97601 16.97601 15.78162 15.78162 15.78162 14.46405 14.46405 14.46405 13.52508 13.52508 13.11004
65.2489 63.75323 63.75323 63.75323 61.15564 61.15564 61.15564 59.35992 59.35992 56.4826 56.4826 56.4826 54.15625 54.15625 52.50452 52.50452 52.50452 49.80194 49.80194 49.80194 48.09784 48.09784 46.08234 46.08234 46.08234 44.31714 44.31714 43.37573 43.37573 43.37573 41.01636 41.01636 41.01636 39.82605 39.82605 37.37079 37.37079 37.37079 34.75 34.75 34.75 33.05627 33.05627 30.4115 30.4115 30.4115 27.79083 27.79083 26.03754 26.03754 26.03754 23.43903 23.43903 23.43903 21.98132 21.98132 19.54199 19.54199 19.54199 17.24237 17.24237 16.15594 16.15594 16.15594 14.71035 14.71035 14.71035 13.85946 13.85946 13.62695
65.2489 63.75323 63.75323 63.75323 61.15564 61.15564 61.15564 59.35992 59.35992 56.4826 56.4826 56.4826 54.15625 54.15625 52.50452 52.50452 52.50452 49.80194 49.80194 49.80194 48.09784 48.09784 46.08234 46.08234 46.08234 44.31714 44.31714 43.37573 43.37573 43.37573 41.01636 41.01636 41.01636 39.82605 39.82605 37.37079 37.37079 37.37079 34.75 34.75 34.75 33.05627 33.05627 30.4115 30.4115 30.4115 27.79083 27.79083 26.03754 26.03754 26.03754 23.43903 23.43903 23.43903 21.98132 21.98132 19.54199 19.54199 19.54199 17.24237 17.24237 16.15594 16.15594 16.15594 14.71035 14.71035 14.71035 13.85946 13.85946 13.62695
65.2489 63.75323 63.75323 63.75323 61.15564 61.15564 61.15564 59.35992 59.35992 56.4826 56.4826 56.4826 54.15625 54.15625 52.50452 52.50452 52.50452 49.80194 49.80194 49.80194 48.09784 48.09784 46.08234 46.08234 46.08234 44.31714 44.31714 43.37573 43.37573 43.37573 41.01636 41.01636 41.01636 39.82605 39.82605 37.37079 37.37079 37.37079 34.75 34.75 34.75 33.05627 33.05627 30.4115 30.4115 30.4115 27.79083 27.79083 26.03754 26.03754 26.03754 23.43903 23.43903 23.43903 21.98132 21.98132 19.54199 19.54199 19.54199 17.24237 17.24237 16.15594 16.15594 16.15594 14.71035 14.71035 14.71035 13.85946 13.85946 13.62695
64.2738 63.8656 63.8656 63.8656 61.70959 61.70959 61.70959 59.92352 59.92352 57.00763 57.00763 57.00763 54.51752 54.51752 52.72784 52.72784 52.72784 49.94666 49.94666 49.94666 48.1441 48.1441 46.08179 46.08179 46.08179 44.09406 44.09406 43.04559 43.04559 43.04559 40.69989 40.69989 40.69989 39.61365 39.61365 37.21045 37.21045 37.21045 34.41028 34.41028 34.41028 32.45807 32.45807 29.48914 29.48914 29.48914 26.70459 26.70459 24.8609 24.8609 24.8609 22.41833 22.41833 22.41833 21.01941 21.01941 18.65039 18.65039 18.65039 16.32733 16.32733 15.20282 15.20282 15.20282 14.23031 14.23031 14.23031 13.46237 13.46237 13.27224
64.2738 63.8656 63.8656 63.8656 61.70959 61.70959 61.70959 59.92352 59.92352 57.00763 57.00763 57.00763 54.51752 54.51752 52.72784 52.72784 52.72784 49.94666 49.94666 49.94666 48.1441 48.1441 46.08179 46.08179 46.08179 44.09406 44.09406 43.04559 43.04559 43.04559 40.69989 40.69989 40.69989 39.61365 39.61365 37.21045 37.21045 37.21045 34.41028 34.41028 34.41028 32.45807 32.45807 29.48914 29.48914 29.48914 26.70459 26.70459 24.8609 24.8609 24.8609 22.41833 22.41833 22.41833 21.01941 21.01941 18.65039 18.65039 18.65039 16.32733 16.32733 15.20282 15.20282 15.20282 14.23031 14.23031 14.23031 13.46237 13.46237 13.27224
61.59436 62.60089 62.60089 62.60089 61.2215 61.2215 61.2215 59.63239 59.63239 56.9071 56.9071 56.9071 54.40955 54.40955 52.65662 52.65662 52.65662 49.93494 49.93494 49.93494 48.20587 48.20587 46.12408 46.12408 46.12408 43.91968 43.91968 42.5307 42.5307 42.5307 40.11871 40.11871 40.11871 39.00311 39.00311 36.49792 36.49792 36.49792 33.37823 33.37823 33.37823 31.1709 31.1709 27.88147 27.88147 27.88147 24.92889 24.92889 23.13409 23.13409 23.13409 20.8653 20.8653 20.8653 19.60413 19.60413 17.14966 17.14966 17.14966 15.0093 15.0093 14.47964 14.47964 14.47964 13.56231 13.56231 13.56231 12.81869 12.81869 12.61789
61.59436 62.60089 62.60089 62.60089 61.2215 61.2215 61.2215 59.63239 59.63239 56.9071 56.9071 56.9071 54.40955 54.40955 52.65662 52.65662 52.65662 49.93494 49.93494 49.93494 48.20587 48.20587 46.12408 46.12408 46.12408 43.91968 43.91968 42.5307 42.5307 42.5307 40.11871 40.11871 40.11871 39.00311 39.00311 36.49792 36.49792 36.49792 33.37823 33.37823 33.37823 31.1709 31.1709 27.88147 27.88147 27.88147 24.92889 24.92889 23.13409 23.13409 23.13409 20.8653 20.8653 20.8653 19.60413 19.60413 17.14966 17.14966 17.14966 15.0093 15.0093 14.47964 14.47964 14.47964 13.56231 13.56231 13.56231 12.81869 12.81869 12.61789
61.59436 62.60089 62.60089 62.60089 61.2215 61.2215 61.2215 59.63239 59.63239 56.9071 56.9071 56.9071 54.40955 54.40955 52.65662 52.65662 52.65662 49.93494 49.93494 49.93494 48.20587 48.20587 46.12408 46.12408 46.12408 43.91968 43.91968 42.5307 42.5307 42.5307 40.11871 40.11871 40.11871 39.00311 39.00311 36.49792 36.49792 36.49792 33.37823 33.37823 33.37823 31.1709 31.1709 27.88147 27.88147 27.88147 24.92889 24.92889 23.13409 23.13409 23.13409 20.8653 20.8653 20.8653 19.60413 19.60413 17.14966 17.14966 17.14966 15.0093 15.0093 14.47964 14.47964 14.47964 13.56231 13.56231 13.56231 12.81869 12.81869 12.61789
