SEB_model/sample_data_files/contemp/hillshade/april6am.txt
ncols         313
nrows         278
xllcorner     388961.19995117
yllcorner     7584381.3441773
cellsize      5
NODATA_value  -9999
[rows 38 to 75 of 278, columns 170 to 254 of 313]
149 149 160 160 160 131 131 131 0 0 0 0 0 6 6 6 32 32 43 43 43 61 61 104 104 104 151 151 151 177 177 172 172 172 150 150 140 140 140 129 129 129 130 130 124 124 124 96 96 96 80 80 61 61 61 78 78 110 110 110 118 118 118 0 0 0 0 0 0 0 0 0 0 0 0 0 0 0 0 0 0 23 23 23 46
149 149 160 160 160 131 131 131 0 0 0 0 0 6 6 6 32 32 43 43 43 61 61 104 104 104 151 151 151 177 177 172 172 172 150 150 140 140 140 129 129 129 130 130 124 124 124 96 96 96 80 80 61 61 61 78 78 110 110 110 118 118 118 0 0 0 0 0 0 0 0 0 0 0 0 0 0 0 0 0 0 23 23 23 46
143 143 155 155 155 118 118 118 53 53 19 19 19 32 32 32 57 57 52 52 52 55 55 86 86 86 131 131 131 161 161 155 155 155 139 139 138 138 138 122 122 122 113 113 99 99 99 82 82 82 81 81 68 68 68 76 76 97 97 97 108 108 108 98 98 48 48 48 32 32 37 37 37 30 30 30 27 27 35 35 35 40 40 40 29
143 143 155 155 155 118 118 118 53 53 19 19 19 32 32 32 57 57 52 52 52 55 55 86 86 86 131 131 131 161 161 155 155 155 139 139 138 138 138 122 122 122 113 113 99 99 99 82 82 82 81 81 68 68 68 76 76 97 97 97 108 108 108 98 98 48 48 48 32 32 37 37 37 30 30 30 27 27 35 35 35 40 40 40 29
130 130 133 133 133 98 98 98 63 63 46 46 46 53 53 53 66 66 59 59 59 67 67 87 87 87 116 116 116 137 137 133 133 133 124 124 122 122 122 110 110 110 107 107 94 94 94 82 82 82 87 87 74 74 74 68 68 78 78 78 96 96 96 99 99 65 65 65 65 65 63 63 63 72 72 72 84 84 98 98 98 93 93 93 42
130 130 133 133 133 98 98 98 63 63 46 46 46 53 53 53 66 66 59 59 59 67 67 87 87 87 116 116 116 137 137 133 133 133 124 124 122 122 122 110 110 110 107 107 94 94 94 82 82 82 87 87 74 74 74 68 68 78 78 78 96 96 96 99 99 65 65 65 65 65 63 63 63 72 72 72 84 84 98 98 98 93 93 93 42
130 130 133 133 133 98 98 98 63 63 46 46 46 53 53 53 66 66 59 59 59 67 67 87 87 87 116 116 116 137 137 133 133 133 124 124 122 122 122 110 110 110 107 107 94 94 94 82 82 82 87 87 74 74 74 68 68 78 78 78 96 96 96 99 99 65 65 65 65 65 63 63 63 72 72 72 84 84 98 98 98 93 93 93 42
115 115 108 108 108 85 85 85 76 76 69 69 69 68 68 68 68 68 61 61 61 77 77 97 97 97 114 114 114 120 120 108 108 108 97 97 107 107 107 114 114 114 115 115 90 90 90 75 75 75 92 92 73 73 73 59 59 66 66 66 95 95 95 114 114 85 85 85 90 90 76 76 76 86 86 86 111 111 126 126 126 125 125 125 75
115 115 108 108 108 85 85 85 76 76 69 69 69 68 68 68 68 68 61 61 61 77 77 97 97 97 114 114 114 120 120 108 108 108 97 97 107 107 107 114 114 114 115 115 90 90 90 75 75 75 92 92 73 73 73 59 59 66 66 66 95 95 95 114 114 85 85 85 90 90 76 76 76 86 86 86 111 111 126 126 126 125 125 125 75
115 115 108 108 108 85 85 85 76 76 69 69 69 68 68 68 68 68 61 61 61 77 77 97 97 97 114 114 114 120 120 108 108 108 97 97 107 107 107 114 114 114 115 115 90 90 90 75 75 75 92 92 73 73 73 59 59 66 66 66 95 95 95 114 114 85 85 85 90 90 76 76 76 86 86 86 111 111 126 126 126 125 125 125 75
93 93 83 83 83 74 74 74 82 82 78 78 78 73 73 73 75 75 72 72 72 91 91 110 110 110 115 115 115 102 102 73 73 73 72 72 112 112 112 129 129 129 116 116 76 76 76 60 60 60 90 90 67 67 67 58 58 75 75 75 105 105 105 125 125 93 93 93 103 103 90 90 90 90 90 90 125 125 140 140 140 134 134 134 95
93 93 83 83 83 74 74 74 82 82 78 78 78 73 73 73 75 75 72 72 72 91 91 110 110 110 115 115 115 102 102 73 73 73 72 72 112 112 112 129 129 129 116 116 76 76 76 60 60 60 90 90 67 67 67 58 58 75 75 75 105 105 105 125 125 93 93 93 103 103 90 90 90 90 90 90 125 125 140 140 140 134 134 134 95
66 66 69 69 69 75 75 75 84 84 78 78 78 73 73 73 81 81 82 82 82 108 108 122 122 122 108 108 108 77 77 44 44 44 78 78 136 136 136 139 139 139 105 105 52 52 52 45 45 45 85 85 67 67 67 74 74 95 95 95 115 115 115 126 126 95 95 95 107 107 97 97 97 87 87 87 121 121 145 145 145 140 140 140 101
66 66 69 69 69 75 75 75 84 84 78 78 78 73 73 73 81 81 82 82 82 108 108 122 122 122 108 108 108 77 77 44 44 44 78 78 136 136 136 139 139 139 105 105 52 52 52 45 45 45 85 85 67 67 67 74 74 95 95 95 115 115 115 126 126 95 95 95 107 107 97 97 97 87 87 87 121 121 145 145 145 140 140 140 101
66 66 69 69 69 75 75 75 84 84 78 78 78 73 73 73 81 81 82 82 82 108 108 122 122 122 108 108 108 77 77 44 44 44 78 78 136 136 136 139 139 139 105 105 52 52 52 45 45 45 85 85 67 67 67 74 74 95 95 95 115 115 115 126 126 95 95 95 107 107 97 97 97 87 87 87 121 121 145 145 145 140 140 140 101
57 57 72 72 72 78 78 78 81 81 76 76 76 74 74 74 82 82 83 83 83 110 110 118 118 118 95 95 95 65 65 50 50 50 104 104 149 149 149 133 133 133 84 84 0 0 0 37 37 37 83 83 81 81 81 97 97 109 109 109 113 113 113 119 119 97 97 97 107 107 98 98 98 83 83 83 112 112 137 137 137 135 135 135 100
57 57 72 72 72 78 78 78 81 81 76 76 76 74 74 74 82 82 83 83 83 110 110 118 118 118 95 95 95 65 65 50 50 50 104 104 149 149 149 133 133 133 84 84 0 0 0 37 37 37 83 83 81 81 81 97 97 109 109 109 113 113 113 119 119 97 97 97 107 107 98 98 98 83 83 83 112 112 137 137 137 135 135 135 100
57 57 72 72 72 78 78 78 81 81 76 76 76 74 74 74 82 82 83 83 83 110 110 118 118 118 95 95 95 65 65 50 50 50 104 104 149 149 149 133 133 133 84 84 0 0 0 37 37 37 83 83 81 81 81 97 97 109 109 109 113 113 113 119 119 97 97 97 107 107 98 98 98 83 83 83 112 112 137 137 137 135 135 135 100
63 63 76 76 76 74 74 74 75 75 73 73 73 75 75 75 84 84 82 82 82 101 101 106 106 106 91 91 91 79 79 78 78 78 119 119 144 144 144 115 115 115 63 63 0 0 0 41 41 41 93 93 102 102 102 112 112 109 109 109 103 103 103 112 112 100 100 100 103 103 97 97 97 83 83 83 103 103 119 119 119 116 116 116 93
63 63 76 76 76 74 74 74 75 75 73 73 73 75 75 75 84 84 82 82 82 101 101 106 106 106 91 91 91 79 79 78 78 78 119 119 144 144 144 115 115 115 63 63 0 0 0 41 41 41 93 93 102 102 102 112 112 109 109 109 103 103 103 112 112 100 100 100 103 103 97 97 97 83 83 83 103 103 119 119 119 116 116 116 93
65 65 72 72 72 67 67 67 69 69 73 73 73 78 78 78 88 88 81 81 81 92 92 98 98 98 96 96 96 101 101 99 99 99 118 118 128 128 128 95 95 95 55 55 32 32 32 55 55 55 106 106 113 113 113 113 113 99 99 99 91 91 91 106 106 100 100 100 96 96 92 92 92 80 80 80 91 91 99 99 99 97 97 97 89
65 65 72 72 72 67 67 67 69 69 73 73 73 78 78 78 88 88 81 81 81 92 92 98 98 98 96 96 96 101 101 99 99 99 118 118 128 128 128 95 95 95 55 55 32 32 32 55 55 55 106 106 113 113 113 113 113 99 99 99 91 91 91 106 106 100 100 100 96 96 92 92 92 80 80 80 91 91 99 99 99 97 97 97 89
65 65 72 72 72 67 67 67 69 69 73 73 73 78 78 78 88 88 81 81 81 92 92 98 98 98 96 96 96 101 101 99 99 99 118 118 128 128 128 95 95 95 55 55 32 32 32 55 55 55 106 106 113 113 113 113 113 99 99 99 91 91 91 106 106 100 100 100 96 96 92 92 92 80 80 80 91 91 99 99 99 97 97 97 89
61 61 63 63 63 62 62 62 68 68 75 75 75 83 83 83 92 92 84 84 84 89 89 94 94 94 99 99 99 113 113 106 106 106 108 108 110 110 110 82 82 82 63 63 51 51 51 70 70 70 111 111 114 114 114 106 106 87 87 87 80 80 80 100 100 95 95 95 88 88 86 86 86 76 76 76 82 82 87 87 87 90 90 90 95
61 61 63 63 63 62 62 62 68 68 75 75 75 83 83 83 92 92 84 84 84 89 89 94 94 94 99 99 99 113 113 106 106 106 108 108 110 110 110 82 82 82 63 63 51 51 51 70 70 70 111 111 114 114 114 106 106 87 87 87 80 80 80 100 100 95 95 95 88 88 86 86 86 76 76 76 82 82 87 87 87 90 90 90 95
53 53 53 53 53 60 60 60 72 72 76 76 76 83 83 83 94 94 90 90 90 93 93 94 94 94 99 99 99 117 117 104 104 104 92 92 94 94 94 83 83 83 80 80 69 69 69 78 78 78 110 110 109 109 109 97 97 76 76 76 70 70 70 92 92 90 90 90 84 84 85 85 85 76 76 76 82 82 87 87 87 93 93 93 106
53 53 53 53 53 60 60 60 72 72 76 76 76 83 83 83 94 94 90 90 90 93 93 94 94 94 99 99 99 117 117 104 104 104 92 92 94 94 94 83 83 83 80 80 69 69 69 78 78 78 110 110 109 109 109 97 97 76 76 76 70 70 70 92 92 90 90 90 84 84 85 85 85 76 76 76 82 82 87 87 87 93 93 93 106
53 53 53 53 53 60 60 60 72 72 76 76 76 83 83 83 94 94 90 90 90 93 93 94 94 94 99 99 99 117 117 104 104 104 92 92 94 94 94 83 83 83 80 80 69 69 69 78 78 78 110 110 109 109 109 97 97 76 76 76 70 70 70 92 92 90 90 90 84 84 85 85 85 76 76 76 82 82 87 87 87 93 93 93 106
45 45 51 51 51 68 68 68 80 80 75 75 75 78 78 78 92 92 94 94 94 99 99 96 96 96 98 98 98 117 117 95 95 95 73 73 89 89 89 96 96 96 97 97 77 77 77 76 76 76 105 105 98 98 98 86 86 70 70 70 68 68 68 89 89 88 88 88 84 84 88 88 88 80 80 80 85 85 90 90 90 98 98 98 115
45 45 51 51 51 68 68 68 80 80 75 75 75 78 78 78 92 92 94 94 94 99 99 96 96 96 98 98 98 117 117 95 95 95 73 73 89 89 89 96 96 96 97 97 77 77 77 76 76 76 105 105 98 98 98 86 86 70 70 70 68 68 68 89 89 88 88 88 84 84 88 88 88 80 80 80 85 85 90 90 90 98 98 98 115
45 45 51 51 51 68 68 68 80 80 75 75 75 78 78 78 92 92 94 94 94 99 99 96 96 96 98 98 98 117 117 95 95 95 73 73 89 89 89 96 96 96 97 97 77 77 77 76 76 76 105 105 98 98 98 86 86 70 70 70 68 68 68 89 89 88 88 88 84 84 88 88 88 80 80 80 85 85 90 90 90 98 98 98 115
42 42 61 61 61 85 85 85 88 88 70 70 70 72 72 72 92 92 99 99 99 104 104 97 97 97 96 96 96 111 111 82 82 82 62 62 94 94 94 109 109 109 104 104 73 73 73 66 66 66 91 91 81 81 81 74 74 73 73 73 79 79 79 95 95 89 89 89 88 88 96 96 96 87 87 87 88 88 92 92 92 101 101 101 121
42 42 61 61 61 85 85 85 88 88 70 70 70 72 72 72 92 92 99 99 99 104 104 97 97 97 96 96 96 111 111 82 82 82 62 62 94 94 94 109 109 109 104 104 73 73 73 66 66 66 91 91 81 81 81 74 74 73 73 73 79 79 79 95 95 89 89 89 88 88 96 96 96 87 87 87 88 88 92 92 92 101 101 101 121
48 48 80 80 80 98 98 98 90 90 68 68 68 73 73 73 96 96 103 103 103 104 104 94 94 94 92 92 92 101 101 72 72 72 65 65 103 103 103 113 113 113 96 96 60 60 60 51 51 51 70 70 66 66 66 72 72 83 83 83 96 96 96 109 109 96 96 96 94 94 103 103 103 93 93 93 87 87 88 88 88 100 100 100 120
48 48 80 80 80 98 98 98 90 90 68 68 68 73 73 73 96 96 103 103 103 104 104 94 94 94 92 92 92 101 101 72 72 72 65 65 103 103 103 113 113 113 96 96 60 60 60 51 51 51 70 70 66 66 66 72 72 83 83 83 96 96 96 109 109 96 96 96 94 94 103 103 103 93 93 93 87 87 88 88 88 100 100 100 120
48 48 80 80 80 98 98 98 90 90 68 68 68 73 73 73 96 96 103 103 103 104 104 94 94 94 92 92 92 101 101 72 72 72 65 65 103 103 103 113 113 113 96 96 60 60 60 51 51 51 70 70 66 66 66 72 72 83 83 83 96 96 96 109 109 96 96 96 94 94 103 103 103 93 93 93 87 87 88 88 88 100 100 100 120
62 62 94 94 94 99 99 99 85 85 72 72 72 81 81 81 102 102 104 104 104 100 100 91 91 91 90 90 90 94 94 73 73 73 76 76 106 106 106 102 102 102 76 76 41 41 41 31 31 31 53 53 67 67 67 85 85 95 95 95 108 108 108 123 123 105 105 105 99 99 107 107 107 92 92 92 78 78 79 79 79 93 93 93 110
62 62 94 94 94 99 99 99 85 85 72 72 72 81 81 81 102 102 104 104 104 100 100 91 91 91 90 90 90 94 94 73 73 73 76 76 106 106 106 102 102 102 76 76 41 41 41 31 31 31 53 53 67 67 67 85 85 95 95 95 108 108 108 123 123 105 105 105 99 99 107 107 107 92 92 92 78 78 79 79 79 93 93 93 110
