SEB_model/sample_data_files/contemp/hillshade/april6am.txt
ncols         313
nrows         278
xllcorner     388961.19995117
yllcorner     7584381.3441773
cellsize      5
NODATA_value  -9999
[rows 152 to 189 of 278, columns 85 to 169 of 313]
113 118 118 118 134 134 136 136 136 132 132 132 132 132 121 121 121 128 128 138 138 138 140 140 140 142 142 119 119 119 117 117 115 115 115 80 80 80 68 68 75 75 75 92 92 92 95 95 75 75 75 85 85 93 93 93 108 108 108 137 137 117 117 117 90 90 90 93 93 86 86 86 91 91 87 87 87 71 71 71 99 99 104 104 104
113 118 118 118 134 134 136 136 136 132 132 132 132 132 121 121 121 128 128 138 138 138 140 140 140 142 142 119 119 119 117 117 115 115 115 80 80 80 68 68 75 75 75 92 92 92 95 95 75 75 75 85 85 93 93 93 108 108 108 137 137 117 117 117 90 90 90 93 93 86 86 86 91 91 87 87 87 71 71 71 99 99 104 104 104
113 118 118 118 134 134 136 136 136 132 132 132 132 132 121 121 121 128 128 138 138 138 140 140 140 142 142 119 119 119 117 117 115 115 115 80 80 80 68 68 75 75 75 92 92 92 95 95 75 75 75 85 85 93 93 93 108 108 108 137 137 117 117 117 90 90 90 93 93 86 86 86 91 91 87 87 87 71 71 71 99 99 104 104 104
117 112 112 112 134 134 139 139 139 133 133 133 120 120 103 103 103 127 127 134 134 134 136 136 136 143 143 111 111 111 105 105 118 118 118 98 98 98 72 72 61 61 61 78 78 78 95 95 81 81 81 84 84 93 93 93 94 94 94 116 116 110 110 110 90 90 90 95 95 95 95 95 101 101 94 94 94 70 70 70 95 95 102 102 102
117 112 112 112 134 134 139 139 139 133 133 133 120 120 103 103 103 127 127 134 134 134 136 136 136 143 143 111 111 111 105 105 118 118 118 98 98 98 72 72 61 61 61 78 78 78 95 95 81 81 81 84 84 93 93 93 94 94 94 116 116 110 110 110 90 90 90 95 95 95 95 95 101 101 94 94 94 70 70 70 95 95 102 102 102
117 112 112 112 134 134 139 139 139 133 133 133 120 120 103 103 103 127 127 134 134 134 136 136 136 143 143 111 111 111 105 105 118 118 118 98 98 98 72 72 61 61 61 78 78 78 95 95 81 81 81 84 84 93 93 93 94 94 94 116 116 110 110 110 90 90 90 95 95 95 95 95 101 101 94 94 94 70 70 70 95 95 102 102 102
126 113 113 113 126 126 134 134 134 127 127 127 102 102 93 93 93 136 136 136 136 136 129 129 129 144 144 117 117 117 98 98 107 107 107 105 105 105 94 94 73 73 73 58 58 58 74 74 82 82 82 90 90 88 88 88 82 82 82 93 93 95 95 95 102 102 102 104 104 97 97 97 108 108 100 100 100 78 78 78 94 94 96 96 96
126 113 113 113 126 126 134 134 134 127 127 127 102 102 93 93 93 136 136 136 136 136 129 129 129 144 144 117 117 117 98 98 107 107 107 105 105 105 94 94 73 73 73 58 58 58 74 74 82 82 82 90 90 88 88 88 82 82 82 93 93 95 95 95 102 102 102 104 104 97 97 97 108 108 100 100 100 78 78 78 94 94 96 96 96
130 119 119 119 119 119 123 123 123 115 115 115 100 100 101 101 101 144 144 140 140 140 127 127 127 138 138 117 117 117 102 102 102 102 102 98 98 98 105 105 95 95 95 65 65 65 55 55 63 63 63 87 87 83 83 83 67 67 67 78 78 85 85 85 117 117 117 122 122 94 94 94 106 106 104 104 104 91 91 91 100 100 91 91 91
130 119 119 119 119 119 123 123 123 115 115 115 100 100 101 101 101 144 144 140 140 140 127 127 127 138 138 117 117 117 102 102 102 102 102 98 98 98 105 105 95 95 95 65 65 65 55 55 63 63 63 87 87 83 83 83 67 67 67 78 78 85 85 85 117 117 117 122 122 94 94 94 106 106 104 104 104 91 91 91 100 100 91 91 91
130 119 119 119 119 119 123 123 123 115 115 115 100 100 101 101 101 144 144 140 140 140 127 127 127 138 138 117 117 117 102 102 102 102 102 98 98 98 105 105 95 95 95 65 65 65 55 55 63 63 63 87 87 83 83 83 67 67 67 78 78 85 85 85 117 117 117 122 122 94 94 94 106 106 104 104 104 91 91 91 100 100 91 91 91
133 121 121 121 111 111 106 106 106 106 106 106 107 107 114 114 114 146 146 139 139 139 122 122 122 127 127 109 109 109 105 105 106 106 106 93 93 93 98 98 99 99 99 85 85 85 69 69 46 46 46 53 53 60 60 60 59 59 59 74 74 82 82 82 116 116 116 138 138 105 105 105 90 90 97 97 97 99 99 99 107 107 88 88 88
133 121 121 121 111 111 106 106 106 106 106 106 107 107 114 114 114 146 146 139 139 139 122 122 122 127 127 109 109 109 105 105 106 106 106 93 93 93 98 98 99 99 99 85 85 85 69 69 46 46 46 53 53 60 60 60 59 59 59 74 74 82 82 82 116 116 116 138 138 105 105 105 90 90 97 97 97 99 99 99 107 107 88 88 88
143 127 127 127 95 95 84 84 84 107 107 107 117 117 119 119 119 151 151 143 143 143 114 114 114 120 120 108 108 108 104 104 109 109 109 102 102 102 97 97 88 88 88 87 87 87 96 96 0 0 0 0 0 20 20 20 55 55 55 84 84 90 90 90 112 112 112 153 153 131 131 131 83 83 85 85 85 102 102 102 117 117 94 94 94
143 127 127 127 95 95 84 84 84 107 107 107 117 117 119 119 119 151 151 143 143 143 114 114 114 120 120 108 108 108 104 104 109 109 109 102 102 102 97 97 88 88 88 87 87 87 96 96 0 0 0 0 0 20 20 20 55 55 55 84 84 90 90 90 112 112 112 153 153 131 131 131 83 83 85 85 85 102 102 102 117 117 94 94 94
143 127 127 127 95 95 84 84 84 107 107 107 117 117 119 119 119 151 151 143 143 143 114 114 114 120 120 108 108 108 104 104 109 109 109 102 102 102 97 97 88 88 88 87 87 87 96 96 0 0 0 0 0 20 20 20 55 55 55 84 84 90 90 90 112 112 112 153 153 131 131 131 83 83 85 85 85 102 102 102 117 117 94 94 94
145 130 130 130 92 92 65 65 65 98 98 98 125 125 119 119 119 155 155 151 151 151 114 114 114 116 116 103 103 103 97 97 106 106 106 108 108 108 101 101 79 79 79 67 67 67 88 88 71 71 71 0 0 0 0 0 45 45 45 89 89 94 94 94 103 103 103 147 147 137 137 137 99 99 85 85 85 90 90 90 117 117 103 103 103
145 130 130 130 92 92 65 65 65 98 98 98 125 125 119 119 119 155 155 151 151 151 114 114 114 116 116 103 103 103 97 97 106 106 106 108 108 108 101 101 79 79 79 67 67 67 88 88 71 71 71 0 0 0 0 0 45 45 45 89 89 94 94 94 103 103 103 147 147 137 137 137 99 99 85 85 85 90 90 90 117 117 103 103 103
145 130 130 130 92 92 65 65 65 98 98 98 125 125 119 119 119 155 155 151 151 151 114 114 114 116 116 103 103 103 97 97 106 106 106 108 108 108 101 101 79 79 79 67 67 67 88 88 71 71 71 0 0 0 0 0 45 45 45 89 89 94 94 94 103 103 103 147 147 137 137 137 99 99 85 85 85 90 90 90 117 117 103 103 103
134 130 130 130 113 113 66 66 66 69 69 69 120 120 119 119 119 154 154 153 153 153 119 119 119 121 121 97 97 97 85 85 98 98 98 102 102 102 99 99 76 76 76 47 47 47 54 54 54 54 54 53 53 45 45 45 49 49 49 81 81 89 89 89 97 97 97 125 125 124 124 124 114 114 102 102 102 89 89 89 109 109 96 96 96
134 130 130 130 113 113 66 66 66 69 69 69 120 120 119 119 119 154 154 153 153 153 119 119 119 121 121 97 97 97 85 85 98 98 98 102 102 102 99 99 76 76 76 47 47 47 54 54 54 54 54 53 53 45 45 45 49 49 49 81 81 89 89 89 97 97 97 125 125 124 124 124 114 114 102 102 102 89 89 89 109 109 96 96 96
126 128 128 128 127 127 84 84 84 44 44 44 102 102 118 118 118 155 155 155 155 155 122 122 122 131 131 103 103 103 71 71 81 81 81 90 90 90 93 93 75 75 75 42 42 42 35 35 37 37 37 67 67 81 81 81 77 77 77 80 80 82 82 82 98 98 98 113 113 112 112 112 120 120 121 121 121 111 111 111 99 99 75 75 75
126 128 128 128 127 127 84 84 84 44 44 44 102 102 118 118 118 155 155 155 155 155 122 122 122 131 131 103 103 103 71 71 81 81 81 90 90 90 93 93 75 75 75 42 42 42 35 35 37 37 37 67 67 81 81 81 77 77 77 80 80 82 82 82 98 98 98 113 113 112 112 112 120 120 121 121 121 111 111 111 99 99 75 75 75
126 128 128 128 127 127 84 84 84 44 44 44 102 102 118 118 118 155 155 155 155 155 122 122 122 131 131 103 103 103 71 71 81 81 81 90 90 90 93 93 75 75 75 42 42 42 35 35 37 37 37 67 67 81 81 81 77 77 77 80 80 82 82 82 98 98 98 113 113 112 112 112 120 120 121 121 121 111 111 111 99 99 75 75 75
122 118 118 118 120 120 98 98 98 50 50 50 79 79 109 109 109 150 150 155 155 155 126 126 126 132 132 108 108 108 69 69 62 62 62 67 67 67 81 81 70 70 70 49 49 49 42 42 37 37 37 66 66 87 87 87 98 98 98 96 96 77 77 77 91 91 91 111 111 105 105 105 113 113 127 127 127 116 116 116 87 87 64 64 64
122 118 118 118 120 120 98 98 98 50 50 50 79 79 109 109 109 150 150 155 155 155 126 126 126 132 132 108 108 108 69 69 62 62 62 67 67 67 81 81 70 70 70 49 49 49 42 42 37 37 37 66 66 87 87 87 98 98 98 96 96 77 77 77 91 91 91 111 111 105 105 105 113 113 127 127 127 116 116 116 87 87 64 64 64
122 118 118 118 120 120 98 98 98 50 50 50 79 79 109 109 109 150 150 155 155 155 126 126 126 132 132 108 108 108 69 69 62 62 62 67 67 67 81 81 70 70 70 49 49 49 42 42 37 37 37 66 66 87 87 87 98 98 98 96 96 77 77 77 91 91 91 111 111 105 105 105 113 113 127 127 127 116 116 116 87 87 64 64 64
119 102 102 102 106 106 104 104 104 78 78 78 63 63 85 85 85 142 142 153 153 153 133 133 133 131 131 106 106 106 77 77 59 59 59 44 44 44 65 65 67 67 67 59 59 59 63 63 54 54 54 62 62 77 77 77 95 95 95 110 110 91 91 91 80 80 80 106 106 107 107 107 109 109 115 115 115 98 98 98 81 81 67 67 -9999
119 102 102 102 106 106 104 104 104 78 78 78 63 63 85 85 85 142 142 153 153 153 133 133 133 131 131 106 106 106 77 77 59 59 59 44 44 44 65 65 67 67 67 59 59 59 63 63 54 54 54 62 62 77 77 77 95 95 95 110 110 91 91 91 80 80 80 106 106 107 107 107 109 109 115 115 115 98 98 98 81 81 67 -9999 -9999
119 91 91 91 97 97 102 102 102 100 100 100 0 0 55 55 55 127 127 146 146 146 130 130 130 126 126 105 105 105 82 82 71 71 71 45 45 45 48 48 58 58 58 60 60 60 74 74 72 72 72 67 67 69 69 69 79 79 79 105 105 100 100 100 85 85 85 102 102 101 101 101 99 99 96 96 96 86 86 86 81 81 82 -9999 -9999
119 91 91 91 97 97 102 102 102 100 100 100 0 0 55 55 55 127 127 146 146 146 130 130 130 126 126 105 105 105 82 82 71 71 71 45 45 45 48 48 58 58 58 60 60 60 74 74 72 72 72 67 67 69 69 69 79 79 79 105 105 100 100 100 85 85 85 102 102 101 101 101 99 99 96 96 96 86 86 86 81 81 82 -9999 -9999
119 91 91 91 97 97 102 102 102 100 100 100 0 0 55 55 55 127 127 146 146 146 130 130 130 126 126 105 105 105 82 82 71 71 71 45 45 45 48 48 58 58 58 60 60 60 74 74 72 72 72 67 67 69 69 69 79 79 79 105 105 100 100 100 85 85 85 102 102 101 101 101 99 99 96 96 96 86 86 86 81 81 82 82 82
118 91 91 91 92 92 97 97 97 104 104 104 87 87 47 47 47 85 85 124 124 124 120 120 120 119 119 106 106 106 86 86 78 78 78 57 57 57 50 50 53 53 53 52 52 52 67 67 73 73 73 76 76 74 74 74 68 68 68 84 84 90 90 90 94 94 94 100 100 84 84 84 81 81 83 83 83 80 80 80 77 77 86 86 86
118 91 91 91 92 92 97 97 97 104 104 104 87 87 47 47 47 85 85 124 124 124 120 120 120 119 119 106 106 106 86 86 78 78 78 57 57 57 50 50 53 53 53 52 52 52 67 67 73 73 73 76 76 74 74 74 68 68 68 84 84 90 90 90 94 94 94 100 100 84 84 84 81 81 83 83 83 80 80 80 77 77 86 86 86
112 86 86 86 89 89 96 96 96 98 98 98 100 100 59 59 59 35 35 92 92 92 121 121 121 115 115 105 105 105 90 90 77 77 77 56 56 56 69 69 74 74 74 48 48 48 54 54 67 67 67 78 78 84 84 84 73 73 73 73 73 75 75 75 85 85 85 90 90 76 76 76 75 75 79 79 79 75 75 75 71 71 68 68 68
112 86 86 86 89 89 96 96 96 98 98 98 100 100 59 59 59 35 35 92 92 92 121 121 121 115 115 105 105 105 90 90 77 77 77 56 56 56 69 69 74 74 74 48 48 48 54 54 67 67 67 78 78 84 84 84 73 73 73 73 73 75 75 75 85 85 85 90 90 76 76 76 75 75 79 79 79 75 75 75 71 71 68 68 68
112 86 86 86 89 89 96 96 96 98 98 98 100 100 59 59 59 35 35 92 92 92 121 121 121 115 115 105 105 105 90 90 77 77 77 56 56 56 69 69 74 74 74 48 48 48 54 54 67 67 67 78 78 84 84 84 73 73 73 73 73 75 75 75 85 85 85 90 90 76 76 76 75 75 79 79 79 75 75 75 71 71 68 68 68
101 71 71 71 79 79 93 93 93 93 93 93 94 94 56 56 56 0 0 65 65 65 122 122 122 112 112 94 94 94 80 80 70 70 70 55 55 55 77 77 91 91 91 67 67 67 56 56 61 61 61 75 75 83 83 83 74 74 74 67 67 64 64 64 69 69 69 89 89 73 73 73 59 59 72 72 72 66 66 66 63 63 69 69 -9999
