SEB_model/sample_data_files/contemp/hillshade/aprilnoon.txt
ncols         313
nrows         278
xllcorner     388961.19995117
yllcorner     7584381.3441773
cellsize      5
NODATA_value  -9999
[rows 234 to 272 of 278, columns 88 to 175 of 313]
141 124 124 118 118 118 115 115 115 111 111 126 126 126 159 159 181 181 181 153 153 153 93 93 64 64 64 53 53 39 39 39 29 29 29 34 34 45 45 45 44 44 44 31 31 24 24 24 24 24 25 25 25 23 23 23 20 20 8 8 8 0 -9999 -9999 -9999 -9999 -9999 -9999 -9999 -9999 -9999 -9999 -9999 -9999 -9999 -9999 -9999 -9999 -9999 -9999 -9999 -9999 -9999 -9999 -9999 -9999 -9999 -9999
141 124 124 118 118 118 115 115 115 111 111 126 126 126 159 159 181 181 181 153 153 153 93 93 64 64 64 53 53 39 39 39 29 29 29 34 34 45 45 45 44 44 44 31 31 24 24 24 24 24 25 25 25 23 23 23 20 20 8 8 8 0 0 -9999 -9999 -9999 -9999 -9999 -9999 -9999 -9999 -9999 -9999 -9999 -9999 -9999 -9999 -9999 -9999 -9999 -9999 -9999 -9999 -9999 -9999 -9999 -9999 -9999
136 134 134 128 128 128 123 123 123 137 137 160 160 160 145 145 102 102 102 74 74 74 68 68 56 56 56 39 39 32 32 32 36 36 36 43 43 43 43 43 39 39 39 31 31 19 19 19 0 0 20 20 20 25 25 25 27 27 25 25 25 20 -9999 -9999 -9999 -9999 -9999 -9999 -9999 -9999 -9999 -9999 -9999 -9999 -9999 -9999 -9999 -9999 -9999 -9999 -9999 -9999 -9999 -9999 -9999 -9999 -9999 -9999
136 134 134 128 128 128 123 123 123 137 137 160 160 160 145 145 102 102 102 74 74 74 68 68 56 56 56 39 39 32 32 32 36 36 36 43 43 43 43 43 39 39 39 31 31 19 19 19 0 0 20 20 20 25 25 25 27 27 25 25 25 20 -9999 -9999 -9999 -9999 -9999 -9999 -9999 -9999 -9999 -9999 -9999 -9999 -9999 -9999 -9999 -9999 -9999 -9999 -9999 -9999 -9999 -9999 -9999 -9999 -9999 -9999
136 134 134 128 128 128 123 123 123 137 137 160 160 160 145 145 102 102 102 74 74 74 68 68 56 56 56 39 39 32 32 32 36 36 36 43 43 43 43 43 39 39 39 31 31 19 19 19 0 0 20 20 20 25 25 25 27 27 25 25 25 20 -9999 -9999 -9999 -9999 -9999 -9999 -9999 -9999 -9999 -9999 -9999 -9999 -9999 -9999 -9999 -9999 -9999 -9999 -9999 -9999 -9999 -9999 -9999 -9999 -9999 -9999
133 141 141 135 135 135 144 144 144 161 161 150 150 150 91 91 40 40 40 33 33 33 39 39 33 33 33 26 26 29 29 29 31 31 31 29 29 24 24 24 18 18 18 12 12 6 6 6 7 7 17 17 17 25 25 25 25 25 19 19 19 15 -9999 -9999 -9999 -9999 -9999 -9999 -9999 -9999 -9999 -9999 -9999 -9999 -9999 -9999 -9999 -9999 -9999 -9999 -9999 -9999 -9999 -9999 -9999 -9999 -9999 -9999
133 141 141 135 135 135 144 144 144 161 161 150 150 150 91 91 40 40 40 33 33 33 39 39 33 33 33 26 26 29 29 29 31 31 31 29 29 24 24 24 18 18 18 12 12 6 6 6 7 7 17 17 17 25 25 25 25 25 19 19 19 -9999 -9999 -9999 -9999 -9999 -9999 -9999 -9999 -9999 -9999 -9999 -9999 -9999 -9999 -9999 -9999 -9999 -9999 -9999 -9999 -9999 -9999 -9999 -9999 -9999 -9999 -9999
134 135 135 146 146 146 162 162 162 146 146 100 100 100 64 64 50 50 50 42 42 42 38 38 38 38 38 46 46 54 54 54 46 46 46 39 39 43 43 43 45 45 45 43 43 43 43 43 43 43 46 46 46 46 46 46 39 39 33 33 33 -9999 -9999 -9999 -9999 -9999 -9999 -9999 -9999 -9999 -9999 -9999 -9999 -9999 -9999 -9999 -9999 -9999 -9999 -9999 -9999 -9999 -9999 -9999 -9999 -9999 -9999 -9999
134 135 135 146 146 146 162 162 162 146 146 100 100 100 64 64 50 50 50 42 42 42 38 38 38 38 38 46 46 54 54 54 46 46 46 39 39 43 43 43 45 45 45 43 43 43 43 43 43 43 46 46 46 46 46 46 39 39 33 33 33 -9999 -9999 -9999 -9999 -9999 -9999 -9999 -9999 -9999 -9999 -9999 -9999 -9999 -9999 -9999 -9999 -9999 -9999 -9999 -9999 -9999 -9999 -9999 -9999 -9999 -9999 -9999
134 135 135 146 146 146 162 162 162 146 146 100 100 100 64 64 50 50 50 42 42 42 38 38 38 38 38 46 46 54 54 54 46 46 46 39 39 43 43 43 45 45 45 43 43 43 43 43 43 43 46 46 46 46 46 46 39 39 33 33 33 -9999 -9999 -9999 -9999 -9999 -9999 -9999 -9999 -9999 -9999 -9999 -9999 -9999 -9999 -9999 -9999 -9999 -9999 -9999 -9999 -9999 -9999 -9999 -9999 -9999 -9999 -9999
131 138 138 159 159 159 145 145 145 95 95 68 68 68 67 67 61 61 61 44 44 44 0 0 36 36 36 48 48 51 51 51 55 55 55 63 63 67 67 67 70 70 70 72 72 71 71 71 66 66 54 54 54 44 44 44 43 43 44 44 44 40 -9999 -9999 -9999 -9999 -9999 -9999 -9999 -9999 -9999 -9999 -9999 -9999 -9999 -9999 -9999 -9999 -9999 -9999 -9999 -9999 -9999 -9999 -9999 -9999 -9999 -9999
131 138 138 159 159 159 145 145 145 95 95 68 68 68 67 67 61 61 61 44 44 44 0 0 36 36 36 48 48 51 51 51 55 55 55 63 63 67 67 67 70 70 70 72 72 71 71 71 66 66 54 54 54 44 44 44 43 43 44 44 44 -9999 -9999 -9999 -9999 -9999 -9999 -9999 -9999 -9999 -9999 -9999 -9999 -9999 -9999 -9999 -9999 -9999 -9999 -9999 -9999 -9999 -9999 -9999 -9999 -9999 -9999 -9999
131 138 138 159 159 159 145 145 145 95 95 68 68 68 67 67 61 61 61 44 44 44 0 0 36 36 36 48 48 51 51 51 55 55 55 63 63 67 67 67 70 70 70 72 72 71 71 71 66 66 54 54 54 44 44 44 43 43 44 44 44 -9999 -9999 -9999 -9999 -9999 -9999 -9999 -9999 -9999 -9999 -9999 -9999 -9999 -9999 -9999 -9999 -9999 -9999 -9999 -9999 -9999 -9999 -9999 -9999 -9999 -9999 -9999
135 141 141 142 142 142 113 113 113 83 83 75 75 75 70 70 60 60 60 45 45 45 37 37 47 47 47 56 56 59 59 59 68 68 68 73 73 69 69 69 63 63 63 59 59 62 62 62 59 59 50 50 50 47 47 47 51 51 56 56 56 -9999 -9999 -9999 -9999 -9999 -9999 -9999 -9999 -9999 -9999 -9999 -9999 -9999 -9999 -9999 -9999 -9999 -9999 -9999 -9999 -9999 -9999 -9999 -9999 -9999 -9999 -9999
135 141 141 142 142 142 113 113 113 83 83 75 75 75 70 70 60 60 60 45 45 45 37 37 47 47 47 56 56 59 59 59 68 68 68 73 73 69 69 69 63 63 63 59 59 62 62 62 59 59 50 50 50 47 47 47 51 51 56 56 56 55 -9999 -9999 -9999 -9999 -9999 -9999 -9999 -9999 -9999 -9999 -9999 -9999 -9999 -9999 -9999 -9999 -9999 -9999 -9999 -9999 -9999 -9999 -9999 -9999 -9999 -9999
155 141 141 111 111 111 92 92 92 87 87 85 85 85 71 71 48 48 48 44 44 44 54 54 55 55 55 56 56 68 68 68 72 72 72 64 64 60 60 60 57 57 57 57 57 56 56 56 54 54 59 59 59 67 67 67 72 72 77 77 77 75 -9999 -9999 -9999 -9999 -9999 -9999 -9999 -9999 -9999 -9999 -9999 -9999 -9999 -9999 -9999 -9999 -9999 -9999 -9999 -9999 -9999 -9999 -9999 -9999 -9999 -9999
155 141 141 111 111 111 92 92 92 87 87 85 85 85 71 71 48 48 48 44 44 44 54 54 55 55 55 56 56 68 68 68 72 72 72 64 64 60 60 60 57 57 57 57 57 56 56 56 54 54 59 59 59 67 67 67 72 72 77 77 77 75 -9999 -9999 -9999 -9999 -9999 -9999 -9999 -9999 -9999 -9999 -9999 -9999 -9999 -9999 -9999 -9999 -9999 -9999 -9999 -9999 -9999 -9999 -9999 -9999 -9999 -9999
155 141 141 111 111 111 92 92 92 87 87 85 85 85 71 71 48 48 48 44 44 44 54 54 55 55 55 56 56 68 68 68 72 72 72 64 64 60 60 60 57 57 57 57 57 56 56 56 54 54 59 59 59 67 67 67 72 72 77 77 77 75 -9999 -9999 -9999 -9999 -9999 -9999 -9999 -9999 -9999 -9999 -9999 -9999 -9999 -9999 -9999 -9999 -9999 -9999 -9999 -9999 -9999 -9999 -9999 -9999 -9999 -9999
168 139 139 106 106 106 98 98 98 92 92 74 74 74 54 54 45 45 45 49 49 49 52 52 51 51 51 55 55 61 61 61 61 61 61 55 55 51 51 51 52 52 52 51 51 49 49 49 56 56 70 70 70 82 82 82 89 89 90 90 90 88 -9999 -9999 -9999 -9999 -9999 -9999 -9999 -9999 -9999 -9999 -9999 -9999 -9999 -9999 -9999 -9999 -9999 -9999 -9999 -9999 -9999 -9999 -9999 -9999 -9999 -9999
168 139 139 106 106 106 98 98 98 92 92 74 74 74 54 54 45 45 45 49 49 49 52 52 51 51 51 55 55 61 61 61 61 61 61 55 55 51 51 51 52 52 52 51 51 49 49 49 56 56 70 70 70 82 82 82 89 89 90 90 90 88 -9999 -9999 -9999 -9999 -9999 -9999 -9999 -9999 -9999 -9999 -9999 -9999 -9999 -9999 -9999 -9999 -9999 -9999 -9999 -9999 -9999 -9999 -9999 -9999 -9999 -9999
157 137 137 118 118 118 113 113 113 103 103 78 78 78 65 65 76 76 76 79 79 79 70 70 72 72 72 74 74 70 70 70 69 69 69 69 69 70 70 70 65 65 65 58 58 61 61 61 75 75 90 90 90 99 99 99 103 103 106 106 106 104 -9999 -9999 -9999 -9999 -9999 -9999 -9999 -9999 -9999 -9999 -9999 -9999 -9999 -9999 -9999 -9999 -9999 -9999 -9999 -9999 -9999 -9999 -9999 -9999 -9999 -9999
157 137 137 118 118 118 113 113 113 103 103 78 78 78 65 65 76 76 76 79 79 79 70 70 72 72 72 74 74 70 70 70 69 69 69 69 69 70 70 70 65 65 65 58 58 61 61 61 75 75 90 90 90 99 99 99 103 103 106 106 106 104 -9999 -9999 -9999 -9999 -9999 -9999 -9999 -9999 -9999 -9999 -9999 -9999 -9999 -9999 -9999 -9999 -9999 -9999 -9999 -9999 -9999 -9999 -9999 -9999 -9999 -9999
157 137 137 118 118 118 113 113 113 103 103 78 78 78 65 65 76 76 76 79 79 79 70 70 72 72 72 74 74 70 70 70 69 69 69 69 69 70 70 70 65 65 65 58 58 61 61 61 75 75 90 90 90 99 99 99 103 103 106 106 106 104 -9999 -9999 -9999 -9999 -9999 -9999 -9999 -9999 -9999 -9999 -9999 -9999 -9999 -9999 -9999 -9999 -9999 -9999 -9999 -9999 -9999 -9999 -9999 -9999 -9999 -9999
123 133 133 143 143 143 132 132 132 103 103 89 89 89 92 92 91 91 91 82 82 82 79 79 74 74 74 70 70 72 72 72 77 77 77 84 84 84 84 84 80 80 80 82 82 87 87 87 94 94 102 102 102 108 108 108 113 113 120 120 120 -9999 -9999 -9999 -9999 -9999 -9999 -9999 -9999 -9999 -9999 -9999 -9999 -9999 -9999 -9999 -9999 -9999 -9999 -9999 -9999 -9999 -9999 -9999 -9999 -9999 -9999 -9999
123 133 133 143 143 143 132 132 132 103 103 89 89 89 92 92 91 91 91 82 82 82 79 79 74 74 74 70 70 72 72 72 77 77 77 84 84 84 84 84 80 80 80 82 82 87 87 87 94 94 102 102 102 108 108 108 113 113 120 120 120 -9999 -9999 -9999 -9999 -9999 -9999 -9999 -9999 -9999 -9999 -9999 -9999 -9999 -9999 -9999 -9999 -9999 -9999 -9999 -9999 -9999 -9999 -9999 -9999 -9999 -9999 -9999
123 133 133 143 143 143 132 132 132 103 103 89 89 89 92 92 91 91 91 82 82 82 79 79 74 74 74 70 70 72 72 72 77 77 77 84 84 84 84 84 80 80 80 82 82 87 87 87 94 94 102 102 102 108 108 108 113 113 120 120 120 -9999 -9999 -9999 -9999 -9999 -9999 -9999 -9999 -9999 -9999 -9999 -9999 -9999 -9999 -9999 -9999 -9999 -9999 -9999 -9999 -9999 -9999 -9999 -9999 -9999 -9999 -9999
95 113 113 138 138 138 134 134 134 115 115 113 113 113 111 111 97 97 97 89 89 89 89 89 89 89 89 89 89 96 96 96 103 103 103 107 107 108 108 108 115 115 115 -9999 -9999 -9999 -9999 -9999 165 165 136 136 136 123 123 123 128 128 135 135 135 -9999 -9999 -9999 -9999 -9999 -9999 -9999 -9999 -9999 -9999 -9999 -9999 -9999 -9999 -9999 -9999 -9999 -9999 -9999 -9999 -9999 -9999 -9999 -9999 -9999 -9999 -9999
95 113 113 138 138 138 134 134 134 115 115 113 113 113 111 111 97 97 97 89 89 89 89 89 89 89 89 89 89 96 96 96 103 103 103 107 107 108 108 108 115 -9999 -9999 -9999 -9999 -9999 -9999 -9999 -9999 165 136 136 136 123 123 123 128 128 135 135 135 -9999 -9999 -9999 -9999 -9999 -9999 -9999 -9999 -9999 -9999 -9999 -9999 -9999 -9999 -9999 -9999 -9999 -9999 -9999 -9999 -9999 -9999 -9999 -9999 -9999 -9999 -9999
91 94 94 94 94 94 105 105 105 121 121 129 129 129 121 121 114 114 114 118 118 118 122 122 129 129 129 137 137 142 142 142 142 142 142 143 143 149 149 149 -9999 -9999 -9999 -9999 -9999 -9999 -9999 -9999 -9999 -9999 -9999 -9999 -9999 -9999 -9999 -9999 -9999 -9999 181 181 181 -9999 -9999 -9999 -9999 -9999 -9999 -9999 -9999 -9999 -9999 -9999 -9999 -9999 -9999 -9999 -9999 -9999 -9999 -9999 -9999 -9999 -9999 -9999 -9999 -9999 -9999 -9999
91 94 94 94 94 94 105 105 105 121 121 129 129 129 121 121 114 114 114 118 118 118 122 122 129 129 129 137 137 142 142 142 -9999 142 142 143 143 149 149 -9999 -9999 -9999 -9999 -9999 -9999 -9999 -9999 -9999 -9999 -9999 -9999 -9999 -9999 -9999 -9999 -9999 -9999 -9999 181 181 -9999 -9999 -9999 -9999 -9999 -9999 -9999 -9999 -9999 -9999 -9999 -9999 -9999 -9999 -9999 -9999 -9999 -9999 -9999 -9999 -9999 -9999 -9999 -9999 -9999 -9999 -9999 -9999
91 94 94 94 94 94 105 105 105 121 121 129 129 129 121 121 114 114 114 118 118 118 122 122 129 -9999 -9999 -9999 -9999 -9999 142 -9999 -9999 -9999 142 143 143 149 -9999 -9999 -9999 -9999 -9999 -9999 -9999 -9999 -9999 -9999 -9999 -9999 -9999 -9999 -9999 -9999 -9999 -9999 -9999 -9999 181 -9999 -9999 -9999 -9999 -9999 -9999 -9999 -9999 -9999 -9999 -9999 -9999 -9999 -9999 -9999 -9999 -9999 -9999 -9999 -9999 -9999 -9999 -9999 -9999 -9999 -9999 -9999 -9999 -9999
82 73 73 73 73 73 90 90 90 107 107 121 121 121 128 128 134 134 134 144 144 144 168 168 -9999 -9999 -9999 -9999 -9999 -9999 -9999 -9999 -9999 -9999 197 183 183 188 -9999 -9999 -9999 -9999 -9999 -9999 -9999 -9999 -9999 -9999 -9999 -9999 -9999 -9999 -9999 -9999 -9999 -9999 -9999 -9999 -9999 -9999 -9999 -9999 -9999 -9999 -9999 -9999 -9999 -9999 -9999 -9999 -9999 -9999 -9999 -9999 -9999 -9999 -9999 -9999 -9999 -9999 -9999 -9999 -9999 -9999 -9999 -9999 -9999 -9999
82 73 73 73 73 73 90 90 90 107 107 121 121 121 128 128 134 134 134 144 144 144 168 -9999 -9999 -9999 -9999 -9999 -9999 -9999 -9999 -9999 -9999 197 197 183 183 188 -9999 -9999 -9999 -9999 -9999 -9999 -9999 -9999 -9999 -9999 -9999 -9999 -9999 -9999 -9999 -9999 -9999 -9999 -9999 -9999 -9999 -9999 -9999 -9999 -9999 -9999 -9999 -9999 -9999 -9999 -9999 -9999 -9999 -9999 -9999 -9999 -9999 -9999 -9999 -9999 -9999 -9999 -9999 -9999 -9999 -9999 -9999 -9999 -9999 -9999
82 73 73 73 73 73 90 90 90 107 107 121 121 121 128 128 134 134 134 144 144 144 168 -9999 -9999 -9999 -9999 -9999 -9999 -9999 -9999 -9999 -9999 -9999 197 183 -9999 188 -9999 -9999 -9999 -9999 -9999 -9999 -9999 -9999 -9999 -9999 -9999 -9999 -9999 -9999 -9999 -9999 -9999 -9999 -9999 -9999 -9999 -9999 -9999 -9999 -9999 -9999 -9999 -9999 -9999 -9999 -9999 -9999 -9999 -9999 -9999 -9999 -9999 -9999 -9999 -9999 -9999 -9999 -9999 -9999 -9999 -9999 -9999 -9999 -9999 -9999
64 65 65 76 76 76 79 79 79 84 84 104 104 104 127 127 143 143 143 160 160 160 -9999 -9999 -9999 -9999 -9999 -9999 -9999 -9999 -9999 -9999 -9999 -9999 -9999 -9999 -9999 -9999 -9999 -9999 -9999 -9999 -9999 -9999 -9999 -9999 -9999 -9999 -9999 -9999 -9999 -9999 -9999 -9999 -9999 -9999 -9999 -9999 -9999 -9999 -9999 -9999 -9999 -9999 -9999 -9999 -9999 -9999 -9999 -9999 -9999 -9999 -9999 -9999 -9999 -9999 -9999 -9999 -9999 -9999 -9999 -9999 -9999 -9999 -9999 -9999 -9999 -9999
64 65 65 76 76 76 79 79 79 84 84 104 104 104 127 127 143 143 143 160 160 160 -9999 -9999 -9999 -9999 -9999 -9999 -9999 -9999 -9999 -9999 -9999 -9999 -9999 -9999 -9999 -9999 -9999 -9999 -9999 -9999 -9999 -9999 -9999 -9999 -9999 -9999 -9999 -9999 -9999 -9999 -9999 -9999 -9999 -9999 -9999 -9999 -9999 -9999 -9999 -9999 -9999 -9999 -9999 -9999 -9999 -9999 -9999 -9999 -9999 -9999 -9999 -9999 -9999 -9999 -9999 -9999 -9999 -9999 -9999 -9999 -9999 -9999 -9999 -9999 -9999 -9999
77 83 83 79 79 79 74 74 74 86 86 110 110 110 130 130 152 152 152 184 184 -9999 -9999 -9999 -9999 -9999 -9999 -9999 -9999 -9999 -9999 -9999 -9999 -9999 -9999 -9999 -9999 -9999 -9999 -9999 -9999 -9999 -9999 -9999 -9999 -9999 -9999 -9999 -9999 -9999 -9999 -9999 -9999 -9999 -9999 -9999 -9999 -9999 -9999 -9999 -9999 -9999 -9999 -9999 -9999 -9999 -9999 -9999 -9999 -9999 -9999 -9999 -9999 -9999 -9999 -9999 -9999 -9999 -9999 -9999 -9999 -9999 -9999 -9999 -9999 -9999 -9999 -9999
77 83 83 79 79 79 74 74 74 86 86 110 110 110 130 130 152 152 152 184 -9999 -9999 -9999 -9999 -9999 -9999 -9999 -9999 -9999 -9999 -9999 -9999 -9999 -9999 -9999 -9999 -9999 -9999 -9999 -9999 -9999 -9999 -9999 -9999 -9999 -9999 -9999 -9999 -9999 -9999 -9999 -9999 -9999 -9999 -9999 -9999 -9999 -9999 -9999 -9999 -9999 -9999 -9999 -9999 -9999 -9999 -9999 -9999 -9999 -9999 -9999 -9999 -9999 -9999 -9999 -9999 -9999 -9999 -9999 -9999 -9999 -9999 -9999 -9999 -9999 -9999 -9999 -9999
77 83 83 79 79 79 74 74 74 86 86 110 110 110 130 130 152 152 152 -9999 -9999 -9999 -9999 -9999 -9999 -9999 -9999 -9999 -9999 -9999 -9999 -9999 -9999 -9999 -9999 -9999 -9999 -9999 -9999 -9999 -9999 -9999 -9999 -9999 -9999 -9999 -9999 -9999 -9999 -9999 -9999 -9999 -9999 -9999 -9999 -9999 -9999 -9999 -9999 -9999 -9999 -9999 -9999 -9999 -9999 -9999 -9999 -9999 -9999 -9999 -9999 -9999 -9999 -9999 -9999 -9999 -9999 -9999 -9999 -9999 -9999 -9999 -9999 -9999 -9999 -9999 -9999 -9999
