SEB_model/sample_data_files/contemp/hillshade/aprilnoon.txt
ncols         313
nrows         278
xllcorner     388961.19995117
yllcorner     7584381.3441773
cellsize      5
NODATA_value  -9999
[rows 39 to 77 of 278, columns 176 to 263 of 313]
194 194 205 205 203 203 203 211 211 211 222 222 226 226 226 220 220 201 201 201 169 169 169 143 143 130 130 130 122 122 121 121 121 126 126 126 117 117 92 92 92 63 63 63 46 46 47 47 47 48 48 41 41 41 31 31 31 26 26 0 0 0 0 0 99 99 99 169 169 169 214 214 234 234 234 238 238 238 232 232 223 223 223 217 217 215 215 215
161 161 159 159 171 171 171 190 190 190 202 202 211 211 211 214 214 206 206 206 181 181 181 148 148 127 127 127 115 115 105 105 105 97 97 97 82 82 70 70 70 66 66 66 68 68 74 74 74 71 71 56 56 56 36 36 36 22 22 19 19 19 34 34 65 65 65 112 112 112 170 170 216 216 216 237 237 237 242 242 239 239 239 234 234 233 233 233
161 161 159 159 171 171 171 190 190 190 202 202 211 211 211 214 214 206 206 206 181 181 181 148 148 127 127 127 115 115 105 105 105 97 97 97 82 82 70 70 70 66 66 66 68 68 74 74 74 71 71 56 56 56 36 36 36 22 22 19 19 19 34 34 65 65 65 112 112 112 170 170 216 216 216 237 237 237 242 242 239 239 239 234 234 233 233 233
147 147 154 154 172 172 172 186 186 186 187 187 184 184 184 186 186 188 188 188 178 178 178 156 156 137 137 137 118 118 96 96 96 83 83 83 82 82 87 87 87 87 87 87 88 88 95 95 95 93 93 76 76 76 56 56 56 54 54 73 73 73 98 98 117 117 117 130 130 130 154 154 180 180 180 208 208 208 231 231 238 238 238 240 240 240 240 240
147 147 154 154 172 172 172 186 186 186 187 187 184 184 184 186 186 188 188 188 178 178 178 156 156 137 137 137 118 118 96 96 96 83 83 83 82 82 87 87 87 87 87 87 88 88 95 95 95 93 93 76 76 76 56 56 56 54 54 73 73 73 98 98 117 117 117 130 130 130 154 154 180 180 180 208 208 208 231 231 238 238 238 240 240 240 240 240
147 147 154 154 172 172 172 186 186 186 187 187 184 184 184 186 186 188 188 188 178 178 178 156 156 137 137 137 118 118 96 96 96 83 83 83 82 82 87 87 87 87 87 87 88 88 95 95 95 93 93 76 76 76 56 56 56 54 54 73 73 73 98 98 117 117 117 130 130 130 154 154 180 180 180 208 208 208 231 231 238 238 238 240 240 240 240 240
131 131 129 129 140 140 140 150 150 150 156 156 161 161 161 162 162 164 164 164 165 165 165 158 158 143 143 143 115 115 92 92 92 93 93 93 104 104 108 108 108 100 100 100 93 93 94 94 94 89 89 83 83 83 82 82 82 90 90 108 108 108 123 123 141 141 141 150 150 150 157 157 167 167 167 174 174 174 197 197 212 212 212 221 221 225 225 225
131 131 129 129 140 140 140 150 150 150 156 156 161 161 161 162 162 164 164 164 165 165 165 158 158 143 143 143 115 115 92 92 92 93 93 93 104 104 108 108 108 100 100 100 93 93 94 94 94 89 89 83 83 83 82 82 82 90 90 108 108 108 123 123 141 141 141 150 150 150 157 157 167 167 167 174 174 174 197 197 212 212 212 221 221 225 225 225
131 131 129 129 140 140 140 150 150 150 156 156 161 161 161 162 162 164 164 164 165 165 165 158 158 143 143 143 115 115 92 92 92 93 93 93 104 104 108 108 108 100 100 100 93 93 94 94 94 89 89 83 83 83 82 82 82 90 90 108 108 108 123 123 141 141 141 150 150 150 157 157 167 167 167 174 174 174 197 197 212 212 212 221 221 225 225 225
105 105 104 104 108 108 108 110 110 110 114 114 126 126 126 139 139 150 150 150 154 154 154 144 144 118 118 118 93 93 91 91 91 107 107 107 117 117 111 111 111 95 95 95 81 81 78 78 78 80 80 91 91 91 103 103 103 109 109 120 120 120 124 124 136 136 136 141 141 141 134 134 136 136 136 144 144 144 158 158 163 163 163 165 165 169 169 169
105 105 104 104 108 108 108 110 110 110 114 114 126 126 126 139 139 150 150 150 154 154 154 144 144 118 118 118 93 93 91 91 91 107 107 107 117 117 111 111 111 95 95 95 81 81 78 78 78 80 80 91 91 91 103 103 103 109 109 120 120 120 124 124 136 136 136 141 141 141 134 134 136 136 136 144 144 144 158 158 163 163 163 165 165 169 169 169
104 104 106 106 106 106 106 105 105 105 106 106 109 109 109 113 113 119 119 119 118 118 118 105 105 89 89 89 90 90 106 106 106 120 120 120 122 122 107 107 107 90 90 90 77 77 78 78 78 91 91 109 109 109 117 117 117 115 115 119 119 119 118 118 121 121 121 120 120 120 104 104 92 92 92 96 96 96 110 110 113 113 113 103 103 92 92 92
104 104 106 106 106 106 106 105 105 105 106 106 109 109 109 113 113 119 119 119 118 118 118 105 105 89 89 89 90 90 106 106 106 120 120 120 122 122 107 107 107 90 90 90 77 77 78 78 78 91 91 109 109 109 117 117 117 115 115 119 119 119 118 118 121 121 121 120 120 120 104 104 92 92 92 96 96 96 110 110 113 113 113 103 103 92 92 92
104 104 106 106 106 106 106 105 105 105 106 106 109 109 109 113 113 119 119 119 118 118 118 105 105 89 89 89 90 90 106 106 106 120 120 120 122 122 107 107 107 90 90 90 77 77 78 78 78 91 91 109 109 109 117 117 117 115 115 119 119 119 118 118 121 121 121 120 120 120 104 104 92 92 92 96 96 96 110 110 113 113 113 103 103 92 92 92
116 116 112 112 109 109 109 108 108 108 108 108 108 108 108 99 99 89 89 89 82 82 82 82 82 96 96 96 115 115 118 118 118 117 117 117 109 109 94 94 94 85 85 85 82 82 93 93 93 111 111 123 123 123 122 122 122 113 113 114 114 114 113 113 113 113 113 115 115 115 106 106 89 89 89 74 74 74 71 71 70 70 70 60 60 47 47 47
116 116 112 112 109 109 109 108 108 108 108 108 108 108 108 99 99 89 89 89 82 82 82 82 82 96 96 96 115 115 118 118 118 117 117 117 109 109 94 94 94 85 85 85 82 82 93 93 93 111 111 123 123 123 122 122 122 113 113 114 114 114 113 113 113 113 113 115 115 115 106 106 89 89 89 74 74 74 71 71 70 70 70 60 60 47 47 47
116 116 112 112 109 109 109 108 108 108 108 108 108 108 108 99 99 89 89 89 82 82 82 82 82 96 96 96 115 115 118 118 118 117 117 117 109 109 94 94 94 85 85 85 82 82 93 93 93 111 111 123 123 123 122 122 122 113 113 114 114 114 113 113 113 113 113 115 115 115 106 106 89 89 89 74 74 74 71 71 70 70 70 60 60 47 47 47
114 114 108 108 104 104 104 103 103 103 104 104 105 105 105 95 95 82 82 82 80 80 80 94 94 120 120 120 129 129 116 116 116 104 104 104 91 91 86 86 86 91 91 91 98 98 114 114 114 126 126 127 127 127 118 118 118 106 106 107 107 107 105 105 103 103 103 105 105 105 97 97 78 78 78 56 56 56 44 44 44 44 44 44 44 41 41 41
114 114 108 108 104 104 104 103 103 103 104 104 105 105 105 95 95 82 82 82 80 80 80 94 94 120 120 120 129 129 116 116 116 104 104 104 91 91 86 86 86 91 91 91 98 98 114 114 114 126 126 127 127 127 118 118 118 106 106 107 107 107 105 105 103 103 103 105 105 105 97 97 78 78 78 56 56 56 44 44 44 44 44 44 44 41 41 41
104 104 99 99 98 98 98 100 100 100 104 104 108 108 108 103 103 95 95 95 95 95 95 106 106 121 121 121 119 119 103 103 103 91 91 91 87 87 96 96 96 110 110 110 116 116 122 122 122 121 121 115 115 115 105 105 105 96 96 93 93 93 89 89 83 83 83 79 79 79 71 71 56 56 56 41 41 41 36 36 42 42 42 50 50 55 55 55
104 104 99 99 98 98 98 100 100 100 104 104 108 108 108 103 103 95 95 95 95 95 95 106 106 121 121 121 119 119 103 103 103 91 91 91 87 87 96 96 96 110 110 110 116 116 122 122 122 121 121 115 115 115 105 105 105 96 96 93 93 93 89 89 83 83 83 79 79 79 71 71 56 56 56 41 41 41 36 36 42 42 42 50 50 55 55 55
104 104 99 99 98 98 98 100 100 100 104 104 108 108 108 103 103 95 95 95 95 95 95 106 106 121 121 121 119 119 103 103 103 91 91 91 87 87 96 96 96 110 110 110 116 116 122 122 122 121 121 115 115 115 105 105 105 96 96 93 93 93 89 89 83 83 83 79 79 79 71 71 56 56 56 41 41 41 36 36 42 42 42 50 50 55 55 55
109 109 106 106 106 106 106 108 108 108 110 110 116 116 116 119 119 119 119 119 117 117 117 117 117 123 123 123 117 117 101 101 101 92 92 92 96 96 113 113 113 127 127 127 126 126 125 125 125 121 121 114 114 114 104 104 104 91 91 84 84 84 78 78 72 72 72 70 70 70 65 65 58 58 58 53 53 53 54 54 65 65 65 77 77 86 86 86
109 109 106 106 106 106 106 108 108 108 110 110 116 116 116 119 119 119 119 119 117 117 117 117 117 123 123 123 117 117 101 101 101 92 92 92 96 96 113 113 113 127 127 127 126 126 125 125 125 121 121 114 114 114 104 104 104 91 91 84 84 84 78 78 72 72 72 70 70 70 65 65 58 58 58 53 53 53 54 54 65 65 65 77 77 86 86 86
117 117 120 120 123 123 123 120 120 120 117 117 119 119 119 123 123 126 126 126 125 125 125 122 122 124 124 124 114 114 98 98 98 98 98 98 112 112 129 129 129 135 135 135 129 129 125 125 125 119 119 112 112 112 104 104 104 94 94 89 89 89 86 86 85 85 85 86 86 86 86 86 87 87 87 89 89 89 93 93 105 105 105 115 115 121 121 121
117 117 120 120 123 123 123 120 120 120 117 117 119 119 119 123 123 126 126 126 125 125 125 122 122 124 124 124 114 114 98 98 98 98 98 98 112 112 129 129 129 135 135 135 129 129 125 125 125 119 119 112 112 112 104 104 104 94 94 89 89 89 86 86 85 85 85 86 86 86 86 86 87 87 87 89 89 89 93 93 105 105 105 115 115 121 121 121
117 117 120 120 123 123 123 120 120 120 117 117 119 119 119 123 123 126 126 126 125 125 125 122 122 124 124 124 114 114 98 98 98 98 98 98 112 112 129 129 129 135 135 135 129 129 125 125 125 119 119 112 112 112 104 104 104 94 94 89 89 89 86 86 85 85 85 86 86 86 86 86 87 87 87 89 89 89 93 93 105 105 105 115 115 121 121 121
111 111 121 121 125 125 125 119 119 119 113 113 114 114 114 118 118 123 123 123 123 123 123 117 117 113 113 113 101 101 92 92 92 100 100 100 115 115 125 125 125 123 123 123 111 111 101 101 101 91 91 88 88 88 91 91 91 91 91 92 92 92 94 94 97 97 97 104 104 104 108 108 111 111 111 113 113 113 116 116 127 127 127 135 135 137 137 137
111 111 121 121 125 125 125 119 119 119 113 113 114 114 114 118 118 123 123 123 123 123 123 117 117 113 113 113 101 101 92 92 92 100 100 100 115 115 125 125 125 123 123 123 111 111 101 101 101 91 91 88 88 88 91 91 91 91 91 92 92 92 94 94 97 97 97 104 104 104 108 108 111 111 111 113 113 113 116 116 127 127 127 135 135 137 137 137
111 111 121 121 125 125 125 119 119 119 113 113 114 114 114 118 118 123 123 123 123 123 123 117 117 113 113 113 101 101 92 92 92 100 100 100 115 115 125 125 125 123 123 123 111 111 101 101 101 91 91 88 88 88 91 91 91 91 91 92 92 92 94 94 97 97 97 104 104 104 108 108 111 111 111 113 113 113 116 116 127 127 127 135 135 137 137 137
104 104 115 115 118 118 118 114 114 114 110 110 112 112 112 116 116 119 119 119 117 117 117 109 109 103 103 103 97 97 96 96 96 104 104 104 110 110 110 110 110 101 101 101 84 84 69 69 69 57 57 58 58 58 72 72 72 85 85 93 93 93 97 97 102 102 102 111 111 111 115 115 116 116 116 115 115 115 114 114 121 121 121 129 129 135 135 135
104 104 115 115 118 118 118 114 114 114 110 110 112 112 112 116 116 119 119 119 117 117 117 109 109 103 103 103 97 97 96 96 96 104 104 104 110 110 110 110 110 101 101 101 84 84 69 69 69 57 57 58 58 58 72 72 72 85 85 93 93 93 97 97 102 102 102 111 111 111 115 115 116 116 116 115 115 115 114 114 121 121 121 129 129 135 135 135
99 99 103 103 105 105 105 107 107 107 110 110 113 113 113 114 114 112 112 112 109 109 109 100 100 96 96 96 99 99 101 101 101 101 101 101 95 95 85 85 85 71 71 71 51 51 39 39 39 38 38 46 46 46 60 60 60 76 76 92 92 92 100 100 105 105 105 112 112 112 113 113 108 108 108 101 101 101 94 94 93 93 93 95 95 101 101 101
99 99 103 103 105 105 105 107 107 107 110 110 113 113 113 114 114 112 112 112 109 109 109 100 100 96 96 96 99 99 101 101 101 101 101 101 95 95 85 85 85 71 71 71 51 51 39 39 39 38 38 46 46 46 60 60 60 76 76 92 92 92 100 100 105 105 105 112 112 112 113 113 108 108 108 101 101 101 94 94 93 93 93 95 95 101 101 101
99 99 103 103 105 105 105 107 107 107 110 110 113 113 113 114 114 112 112 112 109 109 109 100 100 96 96 96 99 99 101 101 101 101 101 101 95 95 85 85 85 71 71 71 51 51 39 39 39 38 38 46 46 46 60 60 60 76 76 92 92 92 100 100 105 105 105 112 112 112 113 113 108 108 108 101 101 101 94 94 93 93 93 95 95 101 101 101
92 92 87 87 89 89 89 97 97 97 104 104 106 106 106 102 102 99 99 99 98 98 98 95 95 99 99 99 108 108 109 109 109 101 101 101 84 84 64 64 64 45 45 45 31 31 30 30 30 42 42 54 54 54 62 62 62 70 70 85 85 85 94 94 97 97 97 98 98 98 92 92 81 81 81 70 70 70 59 59 51 51 51 45 45 0 0 0
92 92 87 87 89 89 89 97 97 97 104 104 106 106 106 102 102 99 99 99 98 98 98 95 95 99 99 99 108 108 109 109 109 101 101 101 84 84 64 64 64 45 45 45 31 31 30 30 30 42 42 54 54 54 62 62 62 70 70 85 85 85 94 94 97 97 97 98 98 98 92 92 81 81 81 70 70 70 59 59 51 51 51 45 45 0 0 0
88 88 83 83 89 89 89 98 98 98 99 99 95 95 95 90 90 91 91 91 94 94 94 96 96 101 101 101 106 106 102 102 102 90 90 90 69 69 51 51 51 43 43 43 46 46 59 59 59 69 69 74 74 74 72 72 72 71 71 80 80 80 90 90 93 93 93 89 89 89 79 79 68 68 68 58 58 58 47 47 37 37 37 0 0 0 0 0
88 88 83 83 89 89 89 98 98 98 99 99 95 95 95 90 90 91 91 91 94 94 94 96 96 101 101 101 106 106 102 102 102 90 90 90 69 69 51 51 51 43 43 43 46 46 59 59 59 69 69 74 74 74 72 72 72 71 71 80 80 80 90 90 93 93 93 89 89 89 79 79 68 68 68 58 58 58 47 47 37 37 37 0 0 0 0 0
