SEB_model/sample_data_files/contemp/hillshade/april6am.txt
ncols         313
nrows         278
xllcorner     388961.19995117
yllcorner     7584381.3441773
cellsize      5
NODATA_value  -9999
[rows 190 to 227 of 278, columns 85 to 169 of 313]
101 71 71 71 79 79 93 93 93 93 93 93 94 94 56 56 56 0 0 65 65 65 122 122 122 112 112 94 94 94 80 80 70 70 70 55 55 55 77 77 91 91 91 67 67 67 56 56 61 61 61 75 75 83 83 83 74 74 74 67 67 64 64 64 69 69 -9999 -9999 -9999 73 73 73 59 59 72 72 72 66 66 66 63 63 69 -9999 -9999
101 71 71 71 79 79 93 93 93 93 93 93 94 94 56 56 56 0 0 65 65 65 122 122 122 112 112 94 94 94 80 80 70 70 70 55 55 55 77 77 91 91 91 67 67 67 56 56 61 61 61 75 75 83 83 83 74 74 74 67 67 64 64 64 69 69 -9999 -9999 -9999 -9999 -9999 73 59 59 72 72 72 66 66 66 63 -9999 -9999 -9999 -9999
89 58 58 58 65 65 85 85 85 93 93 93 90 90 0 0 0 0 0 42 42 42 123 123 123 108 108 79 79 79 66 66 67 67 67 64 64 64 82 82 95 95 95 94 94 94 80 80 60 60 60 70 70 72 72 72 62 62 62 59 59 57 57 57 74 -9999 -9999 -9999 -9999 -9999 -9999 -9999 -9999 26 51 51 51 58 58 58 -9999 -9999 -9999 -9999 -9999
89 58 58 58 65 65 85 85 85 93 93 93 90 90 0 0 0 0 0 42 42 42 123 123 123 108 108 79 79 79 66 66 67 67 67 64 64 64 82 82 95 95 95 94 94 94 80 80 60 60 60 70 70 72 72 72 62 62 -9999 -9999 -9999 -9999 -9999 -9999 -9999 -9999 -9999 -9999 -9999 -9999 -9999 -9999 -9999 -9999 51 51 51 58 -9999 -9999 -9999 -9999 -9999 -9999 -9999
79 58 58 58 59 59 77 77 77 94 94 94 0 0 0 0 0 0 0 2 2 2 117 117 117 107 107 74 74 74 61 61 70 70 70 76 76 76 90 90 97 97 97 101 101 101 100 100 73 73 73 59 59 56 56 56 -9999 -9999 -9999 -9999 -9999 -9999 -9999 -9999 -9999 -9999 -9999 -9999 -9999 -9999 -9999 -9999 -9999 -9999 -9999 -9999 -9999 -9999 -9999 -9999 -9999 -9999 -9999 -9999 -9999
79 58 58 58 59 59 77 77 77 94 94 94 0 0 0 0 0 0 0 2 2 2 117 117 117 107 107 74 74 74 61 61 70 70 70 76 76 76 90 90 97 97 97 101 101 101 100 100 73 73 73 59 59 56 56 -9999 -9999 -9999 -9999 -9999 -9999 -9999 -9999 -9999 -9999 -9999 -9999 -9999 -9999 -9999 -9999 -9999 -9999 -9999 -9999 -9999 -9999 -9999 -9999 -9999 -9999 -9999 -9999 -9999 -9999
79 58 58 58 59 59 77 77 77 94 94 94 0 0 0 0 0 0 0 2 2 2 117 117 117 107 107 74 74 74 61 61 70 70 70 76 76 76 90 90 97 97 97 101 101 101 100 100 73 73 73 59 59 56 -9999 -9999 -9999 -9999 -9999 -9999 -9999 -9999 -9999 -9999 -9999 -9999 -9999 -9999 -9999 -9999 -9999 -9999 -9999 -9999 -9999 -9999 -9999 -9999 -9999 -9999 -9999 -9999 -9999 -9999 -9999
66 59 59 59 64 64 80 80 80 99 99 99 110 110 0 0 0 0 0 0 0 0 81 81 81 100 100 78 78 78 63 63 74 74 74 77 77 77 89 89 95 95 95 95 95 95 102 102 78 78 78 47 47 44 -9999 -9999 -9999 -9999 -9999 -9999 -9999 -9999 -9999 -9999 -9999 -9999 -9999 -9999 -9999 -9999 -9999 -9999 -9999 -9999 -9999 -9999 -9999 -9999 -9999 -9999 -9999 -9999 -9999 -9999 -9999
66 59 59 59 64 64 80 80 80 99 99 99 110 110 0 0 0 0 0 0 0 0 81 81 81 100 100 78 78 78 63 63 74 74 74 77 77 77 89 89 95 95 95 95 95 95 102 102 78 78 78 47 47 44 44 -9999 69 69 69 63 63 -9999 -9999 -9999 -9999 -9999 -9999 -9999 -9999 -9999 -9999 -9999 -9999 -9999 -9999 -9999 -9999 -9999 -9999 -9999 -9999 -9999 -9999 -9999 -9999
55 62 62 62 81 81 103 103 103 112 112 112 113 113 0 0 0 0 0 0 0 0 20 20 20 78 78 84 84 84 75 75 78 78 78 67 67 67 79 79 91 91 91 94 94 94 95 95 62 62 62 40 40 39 -9999 39 48 48 48 40 40 60 60 -9999 -9999 -9999 -9999 -9999 -9999 -9999 -9999 -9999 -9999 -9999 -9999 -9999 -9999 -9999 -9999 -9999 -9999 -9999 -9999 -9999 -9999
55 62 62 62 81 81 103 103 103 112 112 112 113 113 0 0 0 0 0 0 0 0 20 20 20 78 78 84 84 84 75 75 78 78 78 67 67 67 79 79 91 91 91 94 94 94 95 95 62 62 62 40 40 39 39 39 48 48 48 40 40 -9999 -9999 -9999 -9999 -9999 -9999 -9999 -9999 -9999 -9999 -9999 -9999 -9999 -9999 -9999 -9999 -9999 -9999 -9999 -9999 -9999 -9999 -9999 -9999
55 62 62 62 81 81 103 103 103 112 112 112 113 113 0 0 0 0 0 0 0 0 20 20 20 78 78 84 84 84 75 75 78 78 78 67 67 67 79 79 91 91 91 94 94 94 95 95 62 62 62 40 40 39 39 39 48 48 48 40 40 -9999 -9999 -9999 -9999 -9999 -9999 -9999 -9999 -9999 -9999 -9999 -9999 -9999 -9999 -9999 -9999 -9999 -9999 -9999 -9999 -9999 -9999 -9999 -9999
57 76 76 76 96 96 118 118 118 128 128 128 113 113 73 73 73 0 0 2 2 2 0 0 0 48 48 56 56 56 63 63 62 62 62 47 47 47 60 60 76 76 76 81 81 81 72 72 40 40 40 32 32 36 36 36 34 34 34 26 26 68 -9999 -9999 -9999 -9999 -9999 -9999 -9999 -9999 -9999 -9999 -9999 -9999 -9999 -9999 -9999 -9999 -9999 -9999 -9999 -9999 -9999 -9999 -9999
57 76 76 76 96 96 118 118 118 128 128 128 113 113 73 73 73 0 0 2 2 2 0 0 0 48 48 56 56 56 63 63 62 62 62 47 47 47 60 60 76 76 76 81 81 81 72 72 40 40 40 32 32 36 36 36 34 34 34 26 26 68 -9999 -9999 -9999 -9999 -9999 -9999 -9999 -9999 -9999 -9999 -9999 -9999 -9999 -9999 -9999 -9999 -9999 -9999 -9999 -9999 -9999 -9999 -9999
57 76 76 76 96 96 118 118 118 128 128 128 113 113 73 73 73 0 0 2 2 2 0 0 0 48 48 56 56 56 63 63 62 62 62 47 47 47 60 60 76 76 76 81 81 81 72 72 40 40 40 32 32 36 36 36 34 34 34 26 26 68 -9999 -9999 -9999 -9999 -9999 -9999 -9999 -9999 -9999 -9999 -9999 -9999 -9999 -9999 -9999 -9999 -9999 -9999 -9999 -9999 -9999 -9999 -9999
72 93 93 93 99 99 109 109 109 127 127 127 113 113 66 66 66 45 45 43 43 43 82 82 82 0 0 24 24 24 40 40 47 47 47 40 40 40 41 41 48 48 48 50 50 50 36 36 21 21 21 28 28 35 35 35 32 32 32 22 22 -9999 -9999 -9999 -9999 -9999 -9999 -9999 -9999 -9999 -9999 -9999 -9999 -9999 -9999 -9999 -9999 -9999 -9999 -9999 -9999 -9999 -9999 -9999 -9999
72 93 93 93 99 99 109 109 109 127 127 127 113 113 66 66 66 45 45 43 43 43 82 82 82 0 0 24 24 24 40 40 47 47 47 40 40 40 41 41 48 48 48 50 50 50 36 36 21 21 21 28 28 35 35 35 32 32 32 22 22 -9999 -9999 -9999 -9999 -9999 -9999 -9999 -9999 -9999 -9999 -9999 -9999 -9999 -9999 -9999 -9999 -9999 -9999 -9999 -9999 -9999 -9999 -9999 -9999
86 93 93 93 101 101 95 95 95 111 111 111 112 112 67 67 67 48 48 47 47 47 98 98 98 80 80 6 6 6 14 14 31 31 31 37 37 37 35 35 34 34 34 29 29 29 16 16 13 13 13 27 27 33 33 33 26 26 26 31 -9999 -9999 -9999 -9999 -9999 -9999 -9999 -9999 -9999 -9999 -9999 -9999 -9999 -9999 -9999 -9999 -9999 -9999 -9999 -9999 -9999 -9999 -9999 -9999 -9999
86 93 93 93 101 101 95 95 95 111 111 111 112 112 67 67 67 48 48 47 47 47 98 98 98 80 80 6 6 6 14 14 31 31 31 37 37 37 35 35 34 34 34 29 29 29 16 16 13 13 13 27 27 33 33 33 26 26 26 31 -9999 -9999 -9999 -9999 -9999 -9999 -9999 -9999 -9999 -9999 -9999 -9999 -9999 -9999 -9999 -9999 -9999 -9999 -9999 -9999 -9999 -9999 -9999 -9999 -9999
86 93 93 93 101 101 95 95 95 111 111 111 112 112 67 67 67 48 48 47 47 47 98 98 98 80 80 6 6 6 14 14 31 31 31 37 37 37 35 35 34 34 34 29 29 29 16 16 13 13 13 27 27 33 33 33 26 26 26 31 31 -9999 -9999 -9999 -9999 -9999 -9999 -9999 -9999 -9999 -9999 -9999 -9999 -9999 -9999 -9999 -9999 -9999 -9999 -9999 -9999 -9999 -9999 -9999 -9999
89 85 85 85 94 94 86 86 86 91 91 91 105 105 71 71 71 45 45 43 43 43 91 91 91 82 82 0 0 0 0 0 13 13 13 26 26 26 32 32 35 35 35 27 27 27 13 13 14 14 14 25 25 27 27 27 21 21 21 39 39 -9999 -9999 -9999 -9999 -9999 -9999 -9999 -9999 -9999 -9999 -9999 -9999 -9999 -9999 -9999 -9999 -9999 -9999 -9999 -9999 -9999 -9999 -9999 -9999
89 85 85 85 94 94 86 86 86 91 91 91 105 105 71 71 71 45 45 43 43 43 91 91 91 82 82 0 0 0 0 0 13 13 13 26 26 26 32 32 35 35 35 27 27 27 13 13 14 14 14 25 25 27 27 27 21 21 21 39 39 -9999 -9999 -9999 -9999 -9999 -9999 -9999 -9999 -9999 -9999 -9999 -9999 -9999 -9999 -9999 -9999 -9999 -9999 -9999 -9999 -9999 -9999 -9999 -9999
89 85 85 85 94 94 86 86 86 91 91 91 105 105 71 71 71 45 45 43 43 43 91 91 91 82 82 0 0 0 0 0 13 13 13 26 26 26 32 32 35 35 35 27 27 27 13 13 14 14 14 25 25 27 27 27 21 21 21 39 39 -9999 -9999 -9999 -9999 -9999 -9999 -9999 -9999 -9999 -9999 -9999 -9999 -9999 -9999 -9999 -9999 -9999 -9999 -9999 -9999 -9999 -9999 -9999 -9999
87 81 81 81 76 76 71 71 71 72 72 72 97 97 79 79 79 46 46 44 44 44 81 81 81 74 74 0 0 0 0 0 0 0 0 10 10 10 24 24 35 35 35 33 33 33 18 18 13 13 13 19 19 20 20 20 16 16 16 24 24 -9999 -9999 -9999 -9999 -9999 -9999 -9999 -9999 -9999 -9999 -9999 -9999 -9999 -9999 -9999 -9999 -9999 -9999 -9999 -9999 -9999 -9999 -9999 -9999
87 81 81 81 76 76 71 71 71 72 72 72 97 97 79 79 79 46 46 44 44 44 81 81 81 74 74 0 0 0 0 0 0 0 0 10 10 10 24 24 35 35 35 33 33 33 18 18 13 13 13 19 19 20 20 20 16 16 16 24 24 -9999 -9999 -9999 -9999 -9999 -9999 -9999 -9999 -9999 -9999 -9999 -9999 -9999 -9999 -9999 -9999 -9999 -9999 -9999 -9999 -9999 -9999 -9999 -9999
84 73 73 73 61 61 56 56 56 55 55 55 90 90 87 87 87 48 48 41 41 41 66 66 66 62 62 0 0 0 0 0 0 0 0 0 0 0 23 23 37 37 37 33 33 33 20 20 11 11 11 8 8 10 10 10 12 12 12 13 13 -9999 -9999 -9999 -9999 -9999 -9999 -9999 -9999 -9999 -9999 -9999 -9999 -9999 -9999 -9999 -9999 -9999 -9999 -9999 -9999 -9999 -9999 -9999 -9999
84 73 73 73 61 61 56 56 56 55 55 55 90 90 87 87 87 48 48 41 41 41 66 66 66 62 62 0 0 0 0 0 0 0 0 0 0 0 23 23 37 37 37 33 33 33 20 20 11 11 11 8 8 10 10 10 12 12 12 13 13 -9999 -9999 -9999 -9999 -9999 -9999 -9999 -9999 -9999 -9999 -9999 -9999 -9999 -9999 -9999 -9999 -9999 -9999 -9999 -9999 -9999 -9999 -9999 -9999
84 73 73 73 61 61 56 56 56 55 55 55 90 90 87 87 87 48 48 41 41 41 66 66 66 62 62 0 0 0 0 0 0 0 0 0 0 0 23 23 37 37 37 33 33 33 20 20 11 11 11 8 8 10 10 10 12 12 12 13 13 -9999 -9999 -9999 -9999 -9999 -9999 -9999 -9999 -9999 -9999 -9999 -9999 -9999 -9999 -9999 -9999 -9999 -9999 -9999 -9999 -9999 -9999 -9999 -9999
76 61 61 61 52 52 45 45 45 43 43 43 75 75 82 82 82 50 50 36 36 36 47 47 47 41 41 0 0 0 0 0 0 0 0 8 8 8 31 31 31 31 31 18 18 18 12 12 0 0 0 0 0 4 4 4 10 10 10 14 14 -9999 -9999 -9999 -9999 -9999 -9999 -9999 -9999 -9999 -9999 -9999 -9999 -9999 -9999 -9999 -9999 -9999 -9999 -9999 -9999 -9999 -9999 -9999 -9999
76 61 61 61 52 52 45 45 45 43 43 43 75 75 82 82 82 50 50 36 36 36 47 47 47 41 41 0 0 0 0 0 0 0 0 8 8 8 31 31 31 31 31 18 18 18 12 12 0 0 0 0 0 4 4 4 10 10 10 14 14 -9999 -9999 -9999 -9999 -9999 -9999 -9999 -9999 -9999 -9999 -9999 -9999 -9999 -9999 -9999 -9999 -9999 -9999 -9999 -9999 -9999 -9999 -9999 -9999
72 58 58 58 47 47 35 35 35 40 40 40 58 58 64 64 64 52 52 33 33 33 27 27 27 0 0 0 0 0 3 3 13 13 13 33 33 33 32 32 0 0 0 0 0 0 0 0 2 2 2 6 6 7 7 7 10 10 10 26 26 -9999 -9999 -9999 -9999 -9999 -9999 -9999 -9999 -9999 -9999 -9999 -9999 -9999 -9999 -9999 -9999 -9999 -9999 -9999 -9999 -9999 -9999 -9999 -9999
72 58 58 58 47 47 35 35 35 40 40 40 58 58 64 64 64 52 52 33 33 33 27 27 27 0 0 0 0 0 3 3 13 13 13 33 33 33 32 32 0 0 0 0 0 0 0 0 2 2 2 6 6 7 7 7 10 10 10 26 -9999 -9999 -9999 -9999 -9999 -9999 -9999 -9999 -9999 -9999 -9999 -9999 -9999 -9999 -9999 -9999 -9999 -9999 -9999 -9999 -9999 -9999 -9999 -9999 -9999
72 58 58 58 47 47 35 35 35 40 40 40 58 58 64 64 64 52 52 33 33 33 27 27 27 0 0 0 0 0 3 3 13 13 13 33 33 33 32 32 0 0 0 0 0 0 0 0 2 2 2 6 6 7 7 7 10 10 10 26 -9999 -9999 -9999 -9999 -9999 -9999 -9999 -9999 -9999 -9999 -9999 -9999 -9999 -9999 -9999 -9999 -9999 -9999 -9999 -9999 -9999 -9999 -9999 -9999 -9999
63 53 53 53 45 45 44 44 44 45 45 45 35 35 31 31 31 34 34 0 0 0 0 0 0 0 0 25 25 25 34 34 35 35 35 0 0 0 0 0 0 0 0 0 0 0 0 0 0 0 0 10 10 12 12 12 10 10 10 50 -9999 -9999 -9999 -9999 -9999 -9999 -9999 -9999 -9999 -9999 -9999 -9999 -9999 -9999 -9999 -9999 -9999 -9999 -9999 -9999 -9999 -9999 -9999 -9999 -9999
63 53 53 53 45 45 44 44 44 45 45 45 35 35 31 31 31 34 34 0 0 0 0 0 0 0 0 25 25 25 34 34 35 35 35 0 0 0 0 0 0 0 0 0 0 0 0 0 0 0 0 10 10 12 12 12 10 10 10 50 -9999 -9999 -9999 -9999 -9999 -9999 -9999 -9999 -9999 -9999 -9999 -9999 -9999 -9999 -9999 -9999 -9999 -9999 -9999 -9999 -9999 -9999 -9999 -9999 -9999
63 53 53 53 45 45 44 44 44 45 45 45 35 35 31 31 31 34 34 0 0 0 0 0 0 0 0 25 25 25 34 34 35 35 35 0 0 0 0 0 0 0 0 0 0 0 0 0 0 0 0 10 10 12 12 12 10 10 10 50 -9999 -9999 -9999 -9999 -9999 -9999 -9999 -9999 -9999 -9999 -9999 -9999 -9999 -9999 -9999 -9999 -9999 -9999 -9999 -9999 -9999 -9999 -9999 -9999 -9999
40 37 37 37 49 49 70 70 70 0 0 0 0 0 0 0 0 13 13 18 18 18 25 25 25 64 64 68 68 68 39 39 0 0 0 0 0 0 0 0 0 0 0 0 0 0 0 0 0 0 0 8 8 11 11 11 11 11 11 59 -9999 -9999 -9999 -9999 -9999 -9999 -9999 -9999 -9999 -9999 -9999 -9999 -9999 -9999 -9999 -9999 -9999 -9999 -9999 -9999 -9999 -9999 -9999 -9999 -9999
40 37 37 37 49 49 70 70 70 0 0 0 0 0 0 0 0 13 13 18 18 18 25 25 25 64 64 68 68 68 39 39 0 0 0 0 0 0 0 0 0 0 0 0 0 0 0 0 0 0 0 8 8 11 11 11 11 11 11 59 59 -9999 -9999 -9999 -9999 -9999 -9999 -9999 -9999 -9999 -9999 -9999 -9999 -9999 -9999 -9999 -9999 -9999 -9999 -9999 -9999 -9999 -9999 -9999 -9999
