SEB_model/sample_data_files/contemp/hillshade/aprilnoon.txt
ncols         313
nrows         278
xllcorner     388961.19995117
yllcorner     7584381.3441773
cellsize      5
NODATA_value  -9999
[rows 156 to 194 of 278, columns 0 to 87 of 313]
-9999 -9999 -9999 -9999 -9999 -9999 -9999 -9999 -9999 -9999 -9999 -9999 -9999 -9999 -9999 -9999 -9999 -9999 -9999 -9999 -9999 -9999 -9999 -9999 -9999 -9999 -9999 -9999 -9999 -9999 -9999 -9999 -9999 -9999 -9999 -9999 -9999 -9999 -9999 -9999 -9999 -9999 -9999 -9999 -9999 -9999 -9999 -9999 -9999 -9999 -9999 -9999 -9999 -9999 -9999 -9999 -9999 -9999 126 126 101 101 101 85 85 89 89 89 101 101 108 108 108 101 101 101 90 90 82 82 82 77 77 83 83 83 87 87
-9999 -9999 -9999 -9999 -9999 -9999 -9999 -9999 -9999 -9999 -9999 -9999 -9999 -9999 -9999 -9999 -9999 -9999 -9999 -9999 -9999 89 89 86 86 -9999 -9999 -9999 -9999 -9999 -9999 -9999 -9999 -9999 -9999 -9999 -9999 -9999 -9999 -9999 -9999 -9999 -9999 -9999 -9999 -9999 -9999 -9999 -9999 -9999 -9999 -9999 -9999 -9999 -9999 -9999 127 126 126 126 101 101 101 85 85 89 89 89 101 101 108 108 108 101 101 101 90 90 82 82 82 77 77 83 83 83 87 87
-9999 -9999 -9999 -9999 -9999 -9999 -9999 -9999 -9999 -9999 -9999 -9999 -9999 -9999 -9999 -9999 -9999 -9999 -9999 88 88 66 66 50 50 50 -9999 -9999 -9999 -9999 -9999 -9999 -9999 -9999 -9999 -9999 -9999 -9999 -9999 -9999 -9999 -9999 -9999 -9999 -9999 -9999 -9999 -9999 -9999 -9999 -9999 -9999 -9999 -9999 129 131 131 111 111 111 85 85 85 84 84 99 99 99 95 95 86 86 86 82 82 82 80 80 80 80 80 72 72 72 72 72 84 84
-9999 -9999 -9999 -9999 -9999 -9999 -9999 -9999 -9999 -9999 -9999 -9999 -9999 -9999 -9999 -9999 -9999 -9999 88 88 88 66 66 50 50 50 54 -9999 -9999 -9999 -9999 -9999 -9999 -9999 -9999 -9999 -9999 -9999 -9999 -9999 -9999 -9999 -9999 -9999 -9999 -9999 -9999 -9999 -9999 -9999 -9999 111 129 129 129 131 131 111 111 111 85 85 85 84 84 99 99 99 95 95 86 86 86 82 82 82 80 80 80 80 80 72 72 72 72 72 84 84
-9999 -9999 -9999 -9999 -9999 -9999 -9999 -9999 -9999 -9999 -9999 -9999 -9999 -9999 -9999 -9999 -9999 91 71 71 71 59 59 55 55 55 49 49 -9999 -9999 -9999 -9999 -9999 -9999 -9999 -9999 -9999 -9999 -9999 -9999 -9999 -9999 -9999 -9999 -9999 -9999 -9999 -9999 -9999 86 86 86 78 78 78 79 79 84 84 84 91 91 91 95 95 102 102 102 99 99 82 82 82 66 66 66 63 63 74 74 74 81 81 77 77 77 80 80
-9999 -9999 -9999 -9999 -9999 -9999 -9999 -9999 -9999 -9999 -9999 -9999 -9999 -9999 -9999 -9999 91 91 71 71 71 59 59 55 55 55 49 49 49 -9999 -9999 -9999 -9999 -9999 -9999 -9999 -9999 -9999 -9999 -9999 -9999 -9999 -9999 -9999 -9999 -9999 -9999 -9999 95 86 86 86 78 78 78 79 79 84 84 84 91 91 91 95 95 102 102 102 99 99 82 82 82 66 66 66 63 63 74 74 74 81 81 77 77 77 80 80
-9999 -9999 -9999 -9999 -9999 -9999 -9999 -9999 -9999 -9999 -9999 -9999 -9999 -9999 -9999 -9999 91 91 71 71 71 59 59 55 55 55 49 49 49 54 -9999 -9999 -9999 -9999 -9999 -9999 -9999 -9999 -9999 -9999 -9999 -9999 -9999 -9999 -9999 -9999 -9999 95 95 86 86 86 78 78 78 79 79 84 84 84 91 91 91 95 95 102 102 102 99 99 82 82 82 66 66 66 63 63 74 74 74 81 81 77 77 77 80 80
-9999 -9999 -9999 -9999 -9999 -9999 -9999 -9999 -9999 -9999 -9999 -9999 -9999 -9999 -9999 -9999 -9999 95 84 84 84 93 93 103 103 103 89 89 89 62 62 -9999 -9999 -9999 -9999 -9999 -9999 -9999 -9999 -9999 -9999 -9999 -9999 -9999 -9999 -9999 92 81 81 68 68 68 55 55 55 55 55 66 66 66 63 63 63 62 62 80 80 80 93 93 90 90 90 74 74 74 58 58 56 56 56 66 66 74 74 74 82 82
-9999 -9999 -9999 -9999 -9999 -9999 -9999 -9999 -9999 -9999 -9999 -9999 -9999 -9999 -9999 -9999 -9999 95 84 84 84 93 93 103 103 103 89 89 89 62 62 58 -9999 -9999 -9999 -9999 -9999 -9999 -9999 -9999 -9999 -9999 -9999 -9999 -9999 92 92 81 81 68 68 68 55 55 55 55 55 66 66 66 63 63 63 62 62 80 80 80 93 93 90 90 90 74 74 74 58 58 56 56 56 66 66 74 74 74 82 82
-9999 -9999 -9999 -9999 -9999 -9999 -9999 -9999 -9999 -9999 -9999 -9999 -9999 -9999 -9999 -9999 112 112 113 113 113 112 112 113 113 113 114 114 114 101 101 72 72 -9999 -9999 -9999 -9999 -9999 -9999 -9999 -9999 -9999 -9999 -9999 -9999 108 108 96 96 93 93 93 93 93 93 79 79 69 69 69 67 67 67 62 62 63 63 63 81 81 102 102 102 104 104 104 90 90 76 76 76 67 67 72 72 72 88 88
-9999 -9999 -9999 -9999 -9999 -9999 -9999 -9999 -9999 -9999 -9999 -9999 -9999 -9999 -9999 -9999 -9999 112 113 113 113 112 112 113 113 113 114 114 114 101 101 72 72 72 -9999 -9999 -9999 -9999 -9999 -9999 -9999 -9999 -9999 -9999 108 108 108 96 96 93 93 93 93 93 93 79 79 69 69 69 67 67 67 62 62 63 63 63 81 81 102 102 102 104 104 104 90 90 76 76 76 67 67 72 72 72 88 88
-9999 -9999 -9999 -9999 -9999 -9999 -9999 -9999 -9999 -9999 -9999 -9999 -9999 -9999 -9999 -9999 -9999 112 113 113 113 112 112 113 113 113 114 114 114 101 101 72 72 72 68 68 -9999 -9999 -9999 -9999 -9999 -9999 -9999 108 108 108 108 96 96 93 93 93 93 93 93 79 79 69 69 69 67 67 67 62 62 63 63 63 81 81 102 102 102 104 104 104 90 90 76 76 76 67 67 72 72 72 88 88
-9999 -9999 -9999 -9999 -9999 -9999 -9999 -9999 -9999 -9999 -9999 -9999 -9999 -9999 -9999 -9999 -9999 122 122 122 122 121 121 123 123 123 125 125 125 125 125 111 111 111 84 84 75 75 -9999 -9999 -9999 -9999 76 76 88 88 88 102 102 96 96 96 83 83 83 75 75 81 81 81 84 84 84 72 72 61 61 61 62 62 85 85 85 105 105 105 101 101 92 92 92 77 77 61 61 61 63 63
-9999 -9999 -9999 -9999 -9999 -9999 -9999 -9999 -9999 -9999 -9999 -9999 -9999 -9999 -9999 -9999 -9999 122 122 122 122 121 121 123 123 123 125 125 125 125 125 111 111 111 84 84 75 75 75 78 78 78 76 76 88 88 88 102 102 96 96 96 83 83 83 75 75 81 81 81 84 84 84 72 72 61 61 61 62 62 85 85 85 105 105 105 101 101 92 92 92 77 77 61 61 61 63 63
-9999 -9999 -9999 -9999 -9999 -9999 -9999 -9999 -9999 -9999 -9999 -9999 -9999 -9999 -9999 -9999 -9999 122 122 122 122 121 121 123 123 123 125 125 125 125 125 111 111 111 84 84 75 75 75 78 78 78 76 76 88 88 88 102 102 96 96 96 83 83 83 75 75 81 81 81 84 84 84 72 72 61 61 61 62 62 85 85 85 105 105 105 101 101 92 92 92 77 77 61 61 61 63 63
-9999 -9999 -9999 -9999 -9999 -9999 -9999 -9999 -9999 -9999 -9999 -9999 -9999 -9999 -9999 -9999 132 132 129 129 129 125 125 127 127 127 130 130 130 131 131 133 133 133 123 123 102 102 102 91 91 91 83 83 86 86 86 97 97 94 94 94 89 89 89 90 90 89 89 89 82 82 82 77 77 73 73 73 60 60 55 55 55 72 72 72 92 92 96 96 96 82 82 59 59 59 49 49
-9999 -9999 -9999 -9999 -9999 -9999 -9999 -9999 -9999 -9999 -9999 -9999 -9999 -9999 -9999 132 132 132 129 129 129 125 125 127 127 127 130 130 130 131 131 133 133 133 123 123 102 102 102 91 91 91 83 83 86 86 86 97 97 94 94 94 89 89 89 90 90 89 89 89 82 82 82 77 77 73 73 73 60 60 55 55 55 72 72 72 92 92 96 96 96 82 82 59 59 59 49 49
-9999 -9999 -9999 -9999 -9999 -9999 -9999 -9999 -9999 -9999 -9999 -9999 -9999 -9999 127 115 115 115 122 122 122 131 131 133 133 133 135 135 135 137 137 139 139 139 141 141 142 142 142 139 139 139 132 132 125 125 125 115 115 108 108 108 113 113 113 113 113 103 103 103 94 94 94 86 86 83 83 83 74 74 59 59 59 59 59 59 79 79 99 99 99 95 95 81 81 81 73 73
-9999 -9999 -9999 -9999 -9999 -9999 -9999 -9999 -9999 -9999 -9999 -9999 -9999 127 127 115 115 115 122 122 122 131 131 133 133 133 135 135 135 137 137 139 139 139 141 141 142 142 142 139 139 139 132 132 125 125 125 115 115 108 108 108 113 113 113 113 113 103 103 103 94 94 94 86 86 83 83 83 74 74 59 59 59 59 59 59 79 79 99 99 99 95 95 81 81 81 73 73
-9999 -9999 -9999 -9999 -9999 -9999 -9999 -9999 -9999 -9999 -9999 133 133 127 127 115 115 115 122 122 122 131 131 133 133 133 135 135 135 137 137 139 139 139 141 141 142 142 142 139 139 139 132 132 125 125 125 115 115 108 108 108 113 113 113 113 113 103 103 103 94 94 94 86 86 83 83 83 74 74 59 59 59 59 59 59 79 79 99 99 99 95 95 81 81 81 73 73
-9999 -9999 -9999 -9999 -9999 -9999 -9999 -9999 -9999 -9999 -9999 125 125 104 104 99 99 99 120 120 120 133 133 135 135 135 137 137 137 139 139 140 140 140 141 141 141 141 141 139 139 139 134 134 128 128 128 127 127 127 127 127 124 124 124 114 114 109 109 109 107 107 107 97 97 83 83 83 74 74 72 72 72 67 67 67 67 67 84 84 84 102 102 103 103 103 95 95
-9999 -9999 -9999 -9999 -9999 -9999 -9999 -9999 -9999 -9999 125 125 125 104 104 99 99 99 120 120 120 133 133 135 135 135 137 137 137 139 139 140 140 140 141 141 141 141 141 139 139 139 134 134 128 128 128 127 127 127 127 127 124 124 124 114 114 109 109 109 107 107 107 97 97 83 83 83 74 74 72 72 72 67 67 67 67 67 84 84 84 102 102 103 103 103 95 95
-9999 -9999 -9999 -9999 -9999 -9999 -9999 -9999 -9999 130 125 125 125 104 104 99 99 99 120 120 120 133 133 135 135 135 137 137 137 139 139 140 140 140 141 141 141 141 141 139 139 139 134 134 128 128 128 127 127 127 127 127 124 124 124 114 114 109 109 109 107 107 107 97 97 83 83 83 74 74 72 72 72 67 67 67 67 67 84 84 84 102 102 103 103 103 95 95
-9999 -9999 -9999 -9999 -9999 -9999 -9999 -9999 -9999 121 101 101 101 99 99 120 120 120 133 133 133 137 137 140 140 140 143 143 143 142 142 138 138 138 137 137 138 138 138 139 139 139 135 135 130 130 130 134 134 136 136 136 129 129 129 117 117 111 111 111 108 108 108 106 106 99 99 99 89 89 84 84 84 80 80 80 75 75 84 84 84 104 104 114 114 114 107 107
-9999 -9999 -9999 -9999 -9999 -9999 -9999 -9999 -9999 121 101 101 101 99 99 120 120 120 133 133 133 137 137 140 140 140 143 143 143 142 142 138 138 138 137 137 138 138 138 139 139 139 135 135 130 130 130 134 134 136 136 136 129 129 129 117 117 111 111 111 108 108 108 106 106 99 99 99 89 89 84 84 84 80 80 80 75 75 84 84 84 104 104 114 114 114 107 107
-9999 -9999 -9999 -9999 -9999 -9999 -9999 -9999 123 123 112 112 112 122 122 135 135 135 139 139 139 144 144 150 150 150 150 150 150 143 143 135 135 135 134 134 139 139 139 139 139 139 139 139 143 143 143 140 140 133 133 133 132 132 132 127 127 118 118 118 112 112 112 113 113 121 121 121 118 118 109 109 109 96 96 96 85 85 92 92 92 101 101 108 108 108 114 114
-9999 -9999 -9999 -9999 -9999 -9999 -9999 -9999 123 123 112 112 112 122 122 135 135 135 139 139 139 144 144 150 150 150 150 150 150 143 143 135 135 135 134 134 139 139 139 139 139 139 139 139 143 143 143 140 140 133 133 133 132 132 132 127 127 118 118 118 112 112 112 113 113 121 121 121 118 118 109 109 109 96 96 96 85 85 92 92 92 101 101 108 108 108 114 114
-9999 -9999 -9999 -9999 -9999 -9999 -9999 -9999 123 123 112 112 112 122 122 135 135 135 139 139 139 144 144 150 150 150 150 150 150 143 143 135 135 135 134 134 139 139 139 139 139 139 139 139 143 143 143 140 140 133 133 133 132 132 132 127 127 118 118 118 112 112 112 113 113 121 121 121 118 118 109 109 109 96 96 96 85 85 92 92 92 101 101 108 108 108 114 114
-9999 -9999 -9999 -9999 -9999 -9999 -9999 131 136 136 135 135 135 133 133 138 138 138 142 142 142 148 148 155 155 155 154 154 154 144 144 137 137 137 137 137 140 140 140 141 141 141 143 143 141 141 141 127 127 115 115 115 119 119 119 124 124 124 124 124 120 120 120 117 117 123 123 123 129 129 127 127 127 117 117 117 104 104 103 103 103 102 102 98 98 98 102 102
-9999 -9999 -9999 -9999 -9999 -9999 -9999 131 136 136 135 135 135 133 133 138 138 138 142 142 142 148 148 155 155 155 154 154 154 144 144 137 137 137 137 137 140 140 140 141 141 141 143 143 141 141 141 127 127 115 115 115 119 119 119 124 124 124 124 124 120 120 120 117 117 123 123 123 129 129 127 127 127 117 117 117 104 104 103 103 103 102 102 98 98 98 102 102
-9999 -9999 -9999 -9999 -9999 -9999 -9999 131 135 135 133 133 133 131 131 135 135 135 141 141 141 147 147 152 152 152 149 149 149 144 144 142 142 142 142 142 146 146 146 147 147 147 143 143 129 129 129 117 117 111 111 111 109 109 109 114 114 125 125 125 129 129 129 125 125 128 128 128 136 136 145 145 145 146 146 146 136 136 128 128 128 121 121 114 114 114 108 108
-9999 -9999 -9999 -9999 -9999 -9999 -9999 131 135 135 133 133 133 131 131 135 135 135 141 141 141 147 147 152 152 152 149 149 149 144 144 142 142 142 142 142 146 146 146 147 147 147 143 143 129 129 129 117 117 111 111 111 109 109 109 114 114 125 125 125 129 129 129 125 125 128 128 128 136 136 145 145 145 146 146 146 136 136 128 128 128 121 121 114 114 114 108 108
-9999 -9999 -9999 -9999 -9999 -9999 -9999 131 135 135 133 133 133 131 131 135 135 135 141 141 141 147 147 152 152 152 149 149 149 144 144 142 142 142 142 142 146 146 146 147 147 147 143 143 129 129 129 117 117 111 111 111 109 109 109 114 114 125 125 125 129 129 129 125 125 128 128 128 136 136 145 145 145 146 146 146 136 136 128 128 128 121 121 114 114 114 108 108
-9999 -9999 -9999 -9999 -9999 -9999 119 119 109 109 120 120 120 129 129 131 131 131 136 136 136 139 139 143 143 143 142 142 142 144 144 146 146 146 146 146 157 157 157 154 154 154 141 141 133 133 133 130 130 127 127 127 122 122 122 115 115 116 116 116 127 127 127 134 134 140 140 140 142 142 148 148 148 157 157 157 156 156 153 153 153 147 147 141 141 141 132 132
-9999 -9999 -9999 -9999 -9999 -9999 119 119 109 109 120 120 120 129 129 131 131 131 136 136 136 139 139 143 143 143 142 142 142 144 144 146 146 146 146 146 157 157 157 154 154 154 141 141 133 133 133 130 130 127 127 127 122 122 122 115 115 116 116 116 127 127 127 134 134 140 140 140 142 142 148 148 148 157 157 157 156 156 153 153 153 147 147 141 141 141 132 132
-9999 -9999 -9999 -9999 -9999 -9999 119 119 109 109 120 120 120 129 129 131 131 131 136 136 136 139 139 143 143 143 142 142 142 144 144 146 146 146 146 146 157 157 157 154 154 154 141 141 133 133 133 130 130 127 127 127 122 122 122 115 115 116 116 116 127 127 127 134 134 140 140 140 142 142 148 148 148 157 157 157 156 156 153 153 153 147 147 141 141 141 132 132
-9999 -9999 -9999 -9999 -9999 -9999 -9999 132 130 130 128 128 128 126 126 127 127 127 130 130 130 130 130 135 135 135 140 140 140 147 147 149 149 149 146 146 151 151 151 144 144 144 135 135 134 134 134 132 132 130 130 130 130 130 130 123 123 115 115 115 121 121 121 134 134 139 139 139 136 136 138 138 138 146 146 146 148 148 147 147 147 138 138 130 130 130 126 126
-9999 -9999 -9999 -9999 -9999 -9999 -9999 132 130 130 128 128 128 126 126 127 127 127 130 130 130 130 130 135 135 135 140 140 140 147 147 149 149 149 146 146 151 151 151 144 144 144 135 135 134 134 134 132 132 130 130 130 130 130 130 123 123 115 115 115 121 121 121 134 134 139 139 139 136 136 138 138 138 146 146 146 148 148 147 147 147 138 138 130 130 130 126 126
-9999 -9999 -9999 -9999 -9999 -9999 -9999 -9999 161 161 158 158 158 136 136 122 122 122 121 121 121 121 121 130 130 130 141 141 141 151 151 157 157 157 147 147 139 139 139 135 135 135 136 136 137 137 137 136 136 134 134 134 132 132 132 129 129 127 127 127 123 123 123 122 122 130 130 130 135 135 138 138 138 137 137 137 127 127 116 116 116 102 102 89 89 89 89 89
