SEB_model/sample_data_files/contemp/hillshade/aprilnoon.txt
ncols         313
nrows         278
xllcorner     388961.19995117
yllcorner     7584381.3441773
cellsize      5
NODATA_value  -9999
[rows 195 to 233 of 278, columns 88 to 175 of 313]
89 92 92 88 88 88 84 84 84 93 93 119 119 119 126 126 101 101 101 61 61 61 54 54 57 57 57 55 55 51 51 51 51 51 51 51 51 49 49 49 42 42 42 41 41 59 59 59 64 64 51 51 -9999 -9999 -9999 -9999 -9999 -9999 -9999 -9999 -9999 -9999 -9999 -9999 -9999 -9999 -9999 -9999 -9999 -9999 -9999 -9999 -9999 -9999 -9999 -9999 -9999 -9999 -9999 -9999 -9999 -9999 -9999 -9999 -9999 -9999 -9999 -9999
89 92 92 88 88 88 84 84 84 93 93 119 119 119 126 126 101 101 101 61 61 61 54 54 57 57 57 55 55 51 51 51 51 51 51 51 51 49 49 49 42 42 42 41 41 59 59 59 64 64 51 -9999 -9999 -9999 -9999 -9999 -9999 -9999 -9999 -9999 -9999 -9999 -9999 -9999 -9999 -9999 -9999 -9999 -9999 -9999 -9999 -9999 -9999 -9999 -9999 -9999 -9999 -9999 -9999 -9999 -9999 -9999 -9999 -9999 -9999 -9999 -9999 -9999
66 70 70 81 81 81 87 87 87 92 92 109 109 109 133 133 134 134 134 88 88 88 47 47 49 49 49 60 60 68 68 68 71 71 71 65 65 59 59 59 55 55 55 49 49 44 44 44 39 39 33 -9999 -9999 -9999 -9999 -9999 -9999 -9999 -9999 -9999 -9999 -9999 -9999 -9999 -9999 -9999 -9999 -9999 -9999 -9999 -9999 -9999 -9999 -9999 -9999 -9999 -9999 -9999 -9999 -9999 -9999 -9999 -9999 -9999 -9999 -9999 -9999 -9999
66 70 70 81 81 81 87 87 87 92 92 109 109 109 133 133 134 134 134 88 88 88 47 47 49 49 49 60 60 68 68 68 71 71 71 65 65 59 59 59 55 55 55 49 49 44 44 44 39 39 33 33 -9999 24 24 24 0 0 -9999 -9999 -9999 -9999 -9999 -9999 -9999 -9999 -9999 -9999 -9999 -9999 -9999 -9999 -9999 -9999 -9999 -9999 -9999 -9999 -9999 -9999 -9999 -9999 -9999 -9999 -9999 -9999 -9999 -9999
77 87 87 110 110 110 132 132 132 139 139 138 138 138 151 151 170 170 170 166 166 166 122 122 99 99 99 100 100 101 101 101 91 91 91 74 74 63 63 63 60 60 60 55 55 43 43 43 31 31 26 -9999 26 11 11 11 0 0 0 0 -9999 -9999 -9999 -9999 -9999 -9999 -9999 -9999 -9999 -9999 -9999 -9999 -9999 -9999 -9999 -9999 -9999 -9999 -9999 -9999 -9999 -9999 -9999 -9999 -9999 -9999 -9999 -9999
77 87 87 110 110 110 132 132 132 139 139 138 138 138 151 151 170 170 170 166 166 166 122 122 99 99 99 100 100 101 101 101 91 91 91 74 74 63 63 63 60 60 60 55 55 43 43 43 31 31 26 26 26 11 11 11 0 0 -9999 -9999 -9999 -9999 -9999 -9999 -9999 -9999 -9999 -9999 -9999 -9999 -9999 -9999 -9999 -9999 -9999 -9999 -9999 -9999 -9999 -9999 -9999 -9999 -9999 -9999 -9999 -9999 -9999 -9999
77 87 87 110 110 110 132 132 132 139 139 138 138 138 151 151 170 170 170 166 166 166 122 122 99 99 99 100 100 101 101 101 91 91 91 74 74 63 63 63 60 60 60 55 55 43 43 43 31 31 26 26 26 11 11 11 0 0 -9999 -9999 -9999 -9999 -9999 -9999 -9999 -9999 -9999 -9999 -9999 -9999 -9999 -9999 -9999 -9999 -9999 -9999 -9999 -9999 -9999 -9999 -9999 -9999 -9999 -9999 -9999 -9999 -9999 -9999
96 107 107 107 107 107 112 112 112 122 122 123 123 123 131 131 164 164 164 204 204 204 217 217 207 207 207 189 189 174 174 174 160 160 160 139 139 112 112 112 83 83 83 52 52 27 27 27 0 0 0 0 0 0 0 0 0 0 0 -9999 -9999 -9999 -9999 -9999 -9999 -9999 -9999 -9999 -9999 -9999 -9999 -9999 -9999 -9999 -9999 -9999 -9999 -9999 -9999 -9999 -9999 -9999 -9999 -9999 -9999 -9999 -9999 -9999
96 107 107 107 107 107 112 112 112 122 122 123 123 123 131 131 164 164 164 204 204 204 217 217 207 207 207 189 189 174 174 174 160 160 160 139 139 112 112 112 83 83 83 52 52 27 27 27 0 0 0 0 0 0 0 0 0 0 0 -9999 -9999 -9999 -9999 -9999 -9999 -9999 -9999 -9999 -9999 -9999 -9999 -9999 -9999 -9999 -9999 -9999 -9999 -9999 -9999 -9999 -9999 -9999 -9999 -9999 -9999 -9999 -9999 -9999
96 107 107 107 107 107 112 112 112 122 122 123 123 123 131 131 164 164 164 204 204 204 217 217 207 207 207 189 189 174 174 174 160 160 160 139 139 112 112 112 83 83 83 52 52 27 27 27 0 0 0 0 0 0 0 0 0 0 0 -9999 -9999 -9999 -9999 -9999 -9999 -9999 -9999 -9999 -9999 -9999 -9999 -9999 -9999 -9999 -9999 -9999 -9999 -9999 -9999 -9999 -9999 -9999 -9999 -9999 -9999 -9999 -9999 -9999
106 110 110 99 99 99 79 79 79 76 76 84 84 84 91 91 106 106 106 134 134 134 166 166 164 164 164 138 138 119 119 119 115 115 115 112 112 95 95 95 67 67 67 38 38 17 17 17 8 8 6 6 6 4 4 4 0 0 -9999 -9999 -9999 -9999 -9999 -9999 -9999 -9999 -9999 -9999 -9999 -9999 -9999 -9999 -9999 -9999 -9999 -9999 -9999 -9999 -9999 -9999 -9999 -9999 -9999 -9999 -9999 -9999 -9999 -9999
106 110 110 99 99 99 79 79 79 76 76 84 84 84 91 91 106 106 106 134 134 134 166 166 164 164 164 138 138 119 119 119 115 115 115 112 112 95 95 95 67 67 67 38 38 17 17 17 8 8 6 6 6 4 4 4 0 0 -9999 -9999 -9999 -9999 -9999 -9999 -9999 -9999 -9999 -9999 -9999 -9999 -9999 -9999 -9999 -9999 -9999 -9999 -9999 -9999 -9999 -9999 -9999 -9999 -9999 -9999 -9999 -9999 -9999 -9999
118 112 112 111 111 111 93 93 93 79 79 84 84 84 84 84 77 77 77 62 62 62 64 64 70 70 70 59 59 42 42 42 33 33 33 32 32 35 35 35 33 33 33 27 27 24 24 24 23 23 21 21 21 16 16 16 22 -9999 -9999 -9999 -9999 -9999 -9999 -9999 -9999 -9999 -9999 -9999 -9999 -9999 -9999 -9999 -9999 -9999 -9999 -9999 -9999 -9999 -9999 -9999 -9999 -9999 -9999 -9999 -9999 -9999 -9999 -9999
118 112 112 111 111 111 93 93 93 79 79 84 84 84 84 84 77 77 77 62 62 62 64 64 70 70 70 59 59 42 42 42 33 33 33 32 32 35 35 35 33 33 33 27 27 24 24 24 23 23 21 21 21 16 16 16 22 -9999 -9999 -9999 -9999 -9999 -9999 -9999 -9999 -9999 -9999 -9999 -9999 -9999 -9999 -9999 -9999 -9999 -9999 -9999 -9999 -9999 -9999 -9999 -9999 -9999 -9999 -9999 -9999 -9999 -9999 -9999
118 112 112 111 111 111 93 93 93 79 79 84 84 84 84 84 77 77 77 62 62 62 64 64 70 70 70 59 59 42 42 42 33 33 33 32 32 35 35 35 33 33 33 27 27 24 24 24 23 23 21 21 21 16 16 16 22 22 -9999 -9999 -9999 -9999 -9999 -9999 -9999 -9999 -9999 -9999 -9999 -9999 -9999 -9999 -9999 -9999 -9999 -9999 -9999 -9999 -9999 -9999 -9999 -9999 -9999 -9999 -9999 -9999 -9999 -9999
129 117 117 105 105 105 90 90 90 73 73 75 75 75 80 80 81 81 81 74 74 74 69 69 74 74 74 69 69 51 51 51 32 32 32 21 21 0 0 0 0 0 0 24 24 25 25 25 23 23 18 18 18 13 13 13 9 9 -9999 -9999 -9999 -9999 -9999 -9999 -9999 -9999 -9999 -9999 -9999 -9999 -9999 -9999 -9999 -9999 -9999 -9999 -9999 -9999 -9999 -9999 -9999 -9999 -9999 -9999 -9999 -9999 -9999 -9999
129 117 117 105 105 105 90 90 90 73 73 75 75 75 80 80 81 81 81 74 74 74 69 69 74 74 74 69 69 51 51 51 32 32 32 21 21 0 0 0 0 0 0 24 24 25 25 25 23 23 18 18 18 13 13 13 9 9 -9999 -9999 -9999 -9999 -9999 -9999 -9999 -9999 -9999 -9999 -9999 -9999 -9999 -9999 -9999 -9999 -9999 -9999 -9999 -9999 -9999 -9999 -9999 -9999 -9999 -9999 -9999 -9999 -9999 -9999
129 117 117 105 105 105 90 90 90 73 73 75 75 75 80 80 81 81 81 74 74 74 69 69 74 74 74 69 69 51 51 51 32 32 32 21 21 0 0 0 0 0 0 24 24 25 25 25 23 23 18 18 18 13 13 13 9 9 -9999 -9999 -9999 -9999 -9999 -9999 -9999 -9999 -9999 -9999 -9999 -9999 -9999 -9999 -9999 -9999 -9999 -9999 -9999 -9999 -9999 -9999 -9999 -9999 -9999 -9999 -9999 -9999 -9999 -9999
125 114 114 97 97 97 79 79 79 65 65 70 70 70 79 79 80 80 80 71 71 71 60 60 61 61 61 61 61 49 49 49 31 31 31 19 19 14 14 14 17 17 17 25 25 28 28 28 23 23 15 15 15 10 10 10 0 0 -9999 -9999 -9999 -9999 -9999 -9999 -9999 -9999 -9999 -9999 -9999 -9999 -9999 -9999 -9999 -9999 -9999 -9999 -9999 -9999 -9999 -9999 -9999 -9999 -9999 -9999 -9999 -9999 -9999 -9999
125 114 114 97 97 97 79 79 79 65 65 70 70 70 79 79 80 80 80 71 71 71 60 60 61 61 61 61 61 49 49 49 31 31 31 19 19 14 14 14 17 17 17 25 25 28 28 28 23 23 15 15 15 10 10 10 0 0 -9999 -9999 -9999 -9999 -9999 -9999 -9999 -9999 -9999 -9999 -9999 -9999 -9999 -9999 -9999 -9999 -9999 -9999 -9999 -9999 -9999 -9999 -9999 -9999 -9999 -9999 -9999 -9999 -9999 -9999
113 104 104 95 95 95 82 82 82 67 67 65 65 65 72 72 71 71 71 58 58 58 0 0 0 0 0 50 50 49 49 49 42 42 42 40 40 43 43 43 39 39 39 33 33 30 30 30 23 23 13 13 13 0 0 0 7 7 -9999 -9999 -9999 -9999 -9999 -9999 -9999 -9999 -9999 -9999 -9999 -9999 -9999 -9999 -9999 -9999 -9999 -9999 -9999 -9999 -9999 -9999 -9999 -9999 -9999 -9999 -9999 -9999 -9999 -9999
113 104 104 95 95 95 82 82 82 67 67 65 65 65 72 72 71 71 71 58 58 58 0 0 0 0 0 50 50 49 49 49 42 42 42 40 40 43 43 43 39 39 39 33 33 30 30 30 23 23 13 13 13 0 0 0 7 7 -9999 -9999 -9999 -9999 -9999 -9999 -9999 -9999 -9999 -9999 -9999 -9999 -9999 -9999 -9999 -9999 -9999 -9999 -9999 -9999 -9999 -9999 -9999 -9999 -9999 -9999 -9999 -9999 -9999 -9999
113 104 104 95 95 95 82 82 82 67 67 65 65 65 72 72 71 71 71 58 58 58 0 0 0 0 0 50 50 49 49 49 42 42 42 40 40 43 43 43 39 39 39 33 33 30 30 30 23 23 13 13 13 0 0 0 7 7 -9999 -9999 -9999 -9999 -9999 -9999 -9999 -9999 -9999 -9999 -9999 -9999 -9999 -9999 -9999 -9999 -9999 -9999 -9999 -9999 -9999 -9999 -9999 -9999 -9999 -9999 -9999 -9999 -9999 -9999
102 94 94 87 87 87 79 79 79 63 63 47 47 47 47 47 50 50 50 40 40 40 0 0 0 0 0 0 0 0 0 0 29 29 29 46 46 44 44 44 30 30 30 16 16 0 0 0 0 0 7 7 7 6 6 6 5 5 -9999 -9999 -9999 -9999 -9999 -9999 -9999 -9999 -9999 -9999 -9999 -9999 -9999 -9999 -9999 -9999 -9999 -9999 -9999 -9999 -9999 -9999 -9999 -9999 -9999 -9999 -9999 -9999 -9999 -9999
102 94 94 87 87 87 79 79 79 63 63 47 47 47 47 47 50 50 50 40 40 40 0 0 0 0 0 0 0 0 0 0 29 29 29 46 46 44 44 44 30 30 30 16 16 0 0 0 0 0 7 7 7 6 6 6 5 5 -9999 -9999 -9999 -9999 -9999 -9999 -9999 -9999 -9999 -9999 -9999 -9999 -9999 -9999 -9999 -9999 -9999 -9999 -9999 -9999 -9999 -9999 -9999 -9999 -9999 -9999 -9999 -9999 -9999 -9999
93 94 94 87 87 87 82 82 82 74 74 53 53 53 39 39 0 0 0 0 0 0 0 0 0 0 0 1 1 30 30 30 58 58 58 63 63 48 48 48 33 33 33 21 21 12 12 12 12 12 19 19 19 22 22 22 31 31 -9999 -9999 -9999 -9999 -9999 -9999 -9999 -9999 -9999 -9999 -9999 -9999 -9999 -9999 -9999 -9999 -9999 -9999 -9999 -9999 -9999 -9999 -9999 -9999 -9999 -9999 -9999 -9999 -9999 -9999
93 94 94 87 87 87 82 82 82 74 74 53 53 53 39 39 0 0 0 0 0 0 0 0 0 0 0 1 1 30 30 30 58 58 58 63 63 48 48 48 33 33 33 21 21 12 12 12 12 12 19 19 19 22 22 22 31 -9999 -9999 -9999 -9999 -9999 -9999 -9999 -9999 -9999 -9999 -9999 -9999 -9999 -9999 -9999 -9999 -9999 -9999 -9999 -9999 -9999 -9999 -9999 -9999 -9999 -9999 -9999 -9999 -9999 -9999 -9999
93 94 94 87 87 87 82 82 82 74 74 53 53 53 39 39 0 0 0 0 0 0 0 0 0 0 0 1 1 30 30 30 58 58 58 63 63 48 48 48 33 33 33 21 21 12 12 12 12 12 19 19 19 22 22 22 31 -9999 -9999 -9999 -9999 -9999 -9999 -9999 -9999 -9999 -9999 -9999 -9999 -9999 -9999 -9999 -9999 -9999 -9999 -9999 -9999 -9999 -9999 -9999 -9999 -9999 -9999 -9999 -9999 -9999 -9999 -9999
0 0 0 52 52 52 73 73 73 65 65 36 36 36 0 0 0 0 0 0 0 0 0 0 27 27 27 64 64 80 80 80 68 68 68 49 49 40 40 40 34 34 34 26 26 21 21 21 19 19 21 21 21 23 23 23 32 -9999 -9999 -9999 -9999 -9999 -9999 -9999 -9999 -9999 -9999 -9999 -9999 -9999 -9999 -9999 -9999 -9999 -9999 -9999 -9999 -9999 -9999 -9999 -9999 -9999 -9999 -9999 -9999 -9999 -9999 -9999
0 0 0 52 52 52 73 73 73 65 65 36 36 36 0 0 0 0 0 0 0 0 0 0 27 27 27 64 64 80 80 80 68 68 68 49 49 40 40 40 34 34 34 26 26 21 21 21 19 19 21 21 21 23 23 23 32 -9999 -9999 -9999 -9999 -9999 -9999 -9999 -9999 -9999 -9999 -9999 -9999 -9999 -9999 -9999 -9999 -9999 -9999 -9999 -9999 -9999 -9999 -9999 -9999 -9999 -9999 -9999 -9999 -9999 -9999 -9999
0 0 0 52 52 52 73 73 73 65 65 36 36 36 0 0 0 0 0 0 0 0 0 0 27 27 27 64 64 80 80 80 68 68 68 49 49 40 40 40 34 34 34 26 26 21 21 21 19 19 21 21 21 23 23 23 32 -9999 -9999 -9999 -9999 -9999 -9999 -9999 -9999 -9999 -9999 -9999 -9999 -9999 -9999 -9999 -9999 -9999 -9999 -9999 -9999 -9999 -9999 -9999 -9999 -9999 -9999 -9999 -9999 -9999 -9999 -9999
35 23 23 33 33 33 44 44 44 37 37 22 22 22 7 7 1 1 1 15 15 15 56 56 98 98 98 103 103 77 77 77 54 54 54 41 41 32 32 32 29 29 29 30 30 35 35 35 34 34 28 28 28 25 25 25 21 -9999 -9999 -9999 -9999 -9999 -9999 -9999 -9999 -9999 -9999 -9999 -9999 -9999 -9999 -9999 -9999 -9999 -9999 -9999 -9999 -9999 -9999 -9999 -9999 -9999 -9999 -9999 -9999 -9999 -9999 -9999
35 23 23 33 33 33 44 44 44 37 37 22 22 22 7 7 1 1 1 15 15 15 56 56 98 98 98 103 103 77 77 77 54 54 54 41 41 32 32 32 29 29 29 30 30 35 35 35 34 34 28 28 28 25 25 25 21 21 -9999 -9999 -9999 -9999 -9999 -9999 -9999 -9999 -9999 -9999 -9999 -9999 -9999 -9999 -9999 -9999 -9999 -9999 -9999 -9999 -9999 -9999 -9999 -9999 -9999 -9999 -9999 -9999 -9999 -9999
113 107 107 75 75 75 48 48 48 51 51 68 68 68 80 80 97 97 97 130 130 130 140 140 115 115 115 79 79 58 58 58 49 49 49 36 36 19 19 19 19 19 19 35 35 47 47 47 45 45 35 35 35 25 25 25 7 7 -9999 -9999 -9999 -9999 -9999 -9999 -9999 -9999 -9999 -9999 -9999 -9999 -9999 -9999 -9999 -9999 -9999 -9999 -9999 -9999 -9999 -9999 -9999 -9999 -9999 -9999 -9999 -9999 -9999 -9999
113 107 107 75 75 75 48 48 48 51 51 68 68 68 80 80 97 97 97 130 130 130 140 140 115 115 115 79 79 58 58 58 49 49 49 36 36 19 19 19 19 19 19 35 35 47 47 47 45 45 35 35 35 25 25 25 7 7 -9999 -9999 -9999 -9999 -9999 -9999 -9999 -9999 -9999 -9999 -9999 -9999 -9999 -9999 -9999 -9999 -9999 -9999 -9999 -9999 -9999 -9999 -9999 -9999 -9999 -9999 -9999 -9999 -9999 -9999
113 107 107 75 75 75 48 48 48 51 51 68 68 68 80 80 97 97 97 130 130 130 140 140 115 115 115 79 79 58 58 58 49 49 49 36 36 19 19 19 19 19 19 35 35 47 47 47 45 45 35 35 35 25 25 25 7 7 0 -9999 -9999 -9999 -9999 -9999 -9999 -9999 -9999 -9999 -9999 -9999 -9999 -9999 -9999 -9999 -9999 -9999 -9999 -9999 -9999 -9999 -9999 -9999 -9999 -9999 -9999 -9999 -9999 -9999
138 131 131 105 105 105 85 85 85 87 87 105 105 105 141 141 176 176 176 174 174 174 127 127 71 71 71 45 45 32 32 32 21 21 21 16 16 16 16 16 20 20 20 24 24 28 28 28 30 30 24 24 24 14 14 14 0 0 0 0 -9999 -9999 -9999 -9999 -9999 -9999 -9999 -9999 -9999 -9999 -9999 -9999 -9999 -9999 -9999 -9999 -9999 -9999 -9999 -9999 -9999 -9999 -9999 -9999 -9999 -9999 -9999 -9999
138 131 131 105 105 105 85 85 85 87 87 105 105 105 141 141 176 176 176 174 174 174 127 127 71 71 71 45 45 32 32 32 21 21 21 16 16 16 16 16 20 20 20 24 24 28 28 28 30 30 24 24 24 14 14 14 0 0 0 0 0 -9999 -9999 -9999 -9999 -9999 -9999 -9999 -9999 -9999 -9999 -9999 -9999 -9999 -9999 -9999 -9999 -9999 -9999 -9999 -9999 -9999 -9999 -9999 -9999 -9999 -9999 -9999
141 124 124 118 118 118 115 115 115 111 111 126 126 126 159 159 181 181 181 153 153 153 93 93 64 64 64 53 53 39 39 39 29 29 29 34 34 45 45 45 44 44 44 31 31 24 24 24 24 24 25 25 25 23 23 23 20 20 8 8 8 0 -9999 -9999 -9999 -9999 -9999 -9999 -9999 -9999 -9999 -9999 -9999 -9999 -9999 -9999 -9999 -9999 -9999 -9999 -9999 -9999 -9999 -9999 -9999 -9999 -9999 -9999
