SEB_model/sample_data_files/contemp/hillshade/april6am.txt
ncols         313
nrows         278
xllcorner     388961.19995117
yllcorner     7584381.3441773
cellsize      5
NODATA_value  -9999
[rows 76 to 113 of 278, columns 170 to 254 of 313]
76 76 96 96 96 89 89 89 81 81 82 82 82 91 91 91 105 105 98 98 98 95 95 92 92 92 91 91 91 93 93 79 79 79 86 86 100 100 100 82 82 82 50 50 22 22 22 21 21 21 56 56 83 83 83 100 100 102 102 102 113 113 113 131 131 114 114 114 106 106 107 107 107 82 82 82 66 66 68 68 68 84 84 84 98
76 76 96 96 96 89 89 89 81 81 82 82 82 91 91 91 105 105 98 98 98 95 95 92 92 92 91 91 91 93 93 79 79 79 86 86 100 100 100 82 82 82 50 50 22 22 22 21 21 21 56 56 83 83 83 100 100 102 102 102 113 113 113 131 131 114 114 114 106 106 107 107 107 82 82 82 66 66 68 68 68 84 84 84 98
76 76 96 96 96 89 89 89 81 81 82 82 82 91 91 91 105 105 98 98 98 95 95 92 92 92 91 91 91 93 93 79 79 79 86 86 100 100 100 82 82 82 50 50 22 22 22 21 21 21 56 56 83 83 83 100 100 102 102 102 113 113 113 131 131 114 114 114 106 106 107 107 107 82 82 82 66 66 68 68 68 84 84 84 98
81 81 90 90 90 82 82 82 85 85 92 92 92 92 92 92 98 98 90 90 90 94 94 97 97 97 92 92 92 94 94 85 85 85 88 88 87 87 87 56 56 56 26 26 14 14 14 30 30 30 73 73 95 95 95 101 101 98 98 98 109 109 109 131 131 119 119 119 110 110 101 101 101 71 71 71 55 55 54 54 54 73 73 73 88
81 81 90 90 90 82 82 82 85 85 92 92 92 92 92 92 98 98 90 90 90 94 94 97 97 97 92 92 92 94 94 85 85 85 88 88 87 87 87 56 56 56 26 26 14 14 14 30 30 30 73 73 95 95 95 101 101 98 98 98 109 109 109 131 131 119 119 119 110 110 101 101 101 71 71 71 55 55 54 54 54 73 73 73 88
81 81 90 90 90 82 82 82 85 85 92 92 92 92 92 92 98 98 90 90 90 94 94 97 97 97 92 92 92 94 94 85 85 85 88 88 87 87 87 56 56 56 26 26 14 14 14 30 30 30 73 73 95 95 95 101 101 98 98 98 109 109 109 131 131 119 119 119 110 110 101 101 101 71 71 71 55 55 54 54 54 73 73 73 88
82 82 88 88 88 84 84 84 90 90 91 91 91 84 84 84 87 87 85 85 85 97 97 101 101 101 92 92 92 95 95 87 87 87 83 83 66 66 66 28 28 28 12 12 21 21 21 49 49 49 83 83 89 89 89 90 90 88 88 88 102 102 102 126 126 114 114 114 100 100 89 89 89 65 65 65 47 47 40 40 40 61 61 61 79
82 82 88 88 88 84 84 84 90 90 91 91 91 84 84 84 87 87 85 85 85 97 97 101 101 101 92 92 92 95 95 87 87 87 83 83 66 66 66 28 28 28 12 12 21 21 21 49 49 49 83 83 89 89 89 90 90 88 88 88 102 102 102 126 126 114 114 114 100 100 89 89 89 65 65 65 47 47 40 40 40 61 61 61 79
86 86 94 94 94 90 90 90 90 90 85 85 85 79 79 79 86 86 89 89 89 101 101 102 102 102 93 93 93 96 96 88 88 88 73 73 45 45 45 0 0 0 10 10 36 36 36 62 62 62 78 78 76 76 76 82 82 87 87 87 103 103 103 122 122 103 103 103 88 88 81 81 81 68 68 68 53 53 42 42 42 55 55 55 74
86 86 94 94 94 90 90 90 90 90 85 85 85 79 79 79 86 86 89 89 89 101 101 102 102 102 93 93 93 96 96 88 88 88 73 73 45 45 45 0 0 0 10 10 36 36 36 62 62 62 78 78 76 76 76 82 82 87 87 87 103 103 103 122 122 103 103 103 88 88 81 81 81 68 68 68 53 53 42 42 42 55 55 55 74
86 86 94 94 94 90 90 90 90 90 85 85 85 79 79 79 86 86 89 89 89 101 101 102 102 102 93 93 93 96 96 88 88 88 73 73 45 45 45 0 0 0 10 10 36 36 36 62 62 62 78 78 76 76 76 82 82 87 87 87 103 103 103 122 122 103 103 103 88 88 81 81 81 68 68 68 53 53 42 42 42 55 55 55 74
92 92 99 99 99 90 90 90 84 84 79 79 79 79 79 79 89 89 92 92 92 100 100 100 100 100 92 92 92 94 94 81 81 81 58 58 30 30 30 0 0 0 14 14 40 40 40 59 59 59 71 71 71 71 71 81 81 89 89 89 103 103 103 113 113 89 89 89 78 78 77 77 77 70 70 70 63 63 54 54 54 50 50 50 64
92 92 99 99 99 90 90 90 84 84 79 79 79 79 79 79 89 89 92 92 92 100 100 100 100 100 92 92 92 94 94 81 81 81 58 58 30 30 30 0 0 0 14 14 40 40 40 59 59 59 71 71 71 71 71 81 81 89 89 89 103 103 103 113 113 89 89 89 78 78 77 77 77 70 70 70 63 63 54 54 54 50 50 50 64
92 92 99 99 99 90 90 90 84 84 79 79 79 79 79 79 89 89 92 92 92 100 100 100 100 100 92 92 92 94 94 81 81 81 58 58 30 30 30 0 0 0 14 14 40 40 40 59 59 59 71 71 71 71 71 81 81 89 89 89 103 103 103 113 113 89 89 89 78 78 77 77 77 70 70 70 63 63 54 54 54 50 50 50 64
97 97 99 99 99 83 83 83 79 79 79 79 79 82 82 82 93 93 94 94 94 98 98 98 98 98 92 92 92 90 90 70 70 70 44 44 23 23 23 9 9 9 17 17 33 33 33 49 49 49 72 72 80 80 80 84 84 90 90 90 98 98 98 100 100 81 81 81 76 76 78 78 78 70 70 70 64 64 60 60 60 51 51 51 58
97 97 99 99 99 83 83 83 79 79 79 79 79 82 82 82 93 93 94 94 94 98 98 98 98 98 92 92 92 90 90 70 70 70 44 44 23 23 23 9 9 9 17 17 33 33 33 49 49 49 72 72 80 80 80 84 84 90 90 90 98 98 98 100 100 81 81 81 76 76 78 78 78 70 70 70 64 64 60 60 60 51 51 51 58
96 96 93 93 93 76 76 76 77 77 79 79 79 81 81 81 92 92 92 92 92 96 96 97 97 97 90 90 90 83 83 57 57 57 33 33 23 23 23 18 18 18 22 22 30 30 30 40 40 40 73 73 88 88 88 83 83 85 85 85 85 85 85 88 88 81 81 81 79 79 80 80 80 69 69 69 61 61 60 60 60 58 58 58 60
96 96 93 93 93 76 76 76 77 77 79 79 79 81 81 81 92 92 92 92 92 96 96 97 97 97 90 90 90 83 83 57 57 57 33 33 23 23 23 18 18 18 22 22 30 30 30 40 40 40 73 73 88 88 88 83 83 85 85 85 85 85 85 88 88 81 81 81 79 79 80 80 80 69 69 69 61 61 60 60 60 58 58 58 60
96 96 93 93 93 76 76 76 77 77 79 79 79 81 81 81 92 92 92 92 92 96 96 97 97 97 90 90 90 83 83 57 57 57 33 33 23 23 23 18 18 18 22 22 30 30 30 40 40 40 73 73 88 88 88 83 83 85 85 85 85 85 85 88 88 81 81 81 79 79 80 80 80 69 69 69 61 61 60 60 60 58 58 58 60
88 88 85 85 85 74 74 74 77 77 77 77 77 77 77 77 88 88 87 87 87 91 91 92 92 92 83 83 83 71 71 46 46 46 29 29 26 26 26 25 25 25 27 27 31 31 31 36 36 36 63 63 77 77 77 75 75 76 76 76 73 73 73 80 80 83 83 83 83 83 80 80 80 68 68 68 60 60 58 58 58 58 58 58 58
88 88 85 85 85 74 74 74 77 77 77 77 77 77 77 77 88 88 87 87 87 91 91 92 92 92 83 83 83 71 71 46 46 46 29 29 26 26 26 25 25 25 27 27 31 31 31 36 36 36 63 63 77 77 77 75 75 76 76 76 73 73 73 80 80 83 83 83 83 83 80 80 80 68 68 68 60 60 58 58 58 58 58 58 58
84 84 86 86 86 80 80 80 83 83 78 78 78 75 75 75 87 87 84 84 84 88 88 89 89 89 77 77 77 65 65 45 45 45 34 34 33 33 33 30 30 30 32 32 34 34 34 36 36 36 53 53 65 65 65 72 72 74 74 74 73 73 73 86 86 90 90 90 90 90 86 86 86 71 71 71 65 65 63 63 63 60 60 60 60
84 84 86 86 86 80 80 80 83 83 78 78 78 75 75 75 87 87 84 84 84 88 88 89 89 89 77 77 77 65 65 45 45 45 34 34 33 33 33 30 30 30 32 32 34 34 34 36 36 36 53 53 65 65 65 72 72 74 74 74 73 73 73 86 86 90 90 90 90 90 86 86 86 71 71 71 65 65 63 63 63 60 60 60 60
84 84 86 86 86 80 80 80 83 83 78 78 78 75 75 75 87 87 84 84 84 88 88 89 89 89 77 77 77 65 65 45 45 45 34 34 33 33 33 30 30 30 32 32 34 34 34 36 36 36 53 53 65 65 65 72 72 74 74 74 73 73 73 86 86 90 90 90 90 90 86 86 86 71 71 71 65 65 63 63 63 60 60 60 60
83 83 91 91 91 87 87 87 86 86 79 79 79 71 71 71 82 82 82 82 82 80 80 77 77 77 69 69 69 63 63 49 49 49 40 40 38 38 38 34 34 34 36 36 39 39 39 38 38 38 44 44 55 55 55 68 68 70 70 70 94 94 94 110 110 84 84 84 82 82 90 90 90 76 76 76 70 70 84 84 84 83 83 -9999 -9999
83 83 91 91 91 87 87 87 86 86 79 79 79 71 71 71 82 82 82 82 82 80 80 77 77 77 69 69 69 63 63 49 49 49 40 40 38 38 38 34 34 34 36 36 39 39 39 38 38 38 44 44 55 55 55 68 68 70 70 70 94 -9999 -9999 -9999 -9999 -9999 84 84 82 82 90 90 90 76 76 76 70 70 84 -9999 -9999 -9999 -9999 -9999 -9999
83 83 91 91 91 87 87 87 86 86 79 79 79 71 71 71 82 82 82 82 82 80 80 77 77 77 69 69 69 63 63 49 49 49 40 40 38 38 38 34 34 34 36 36 39 39 39 38 38 38 44 44 55 55 55 68 68 70 70 70 -9999 -9999 -9999 -9999 -9999 -9999 -9999 -9999 -9999 82 90 90 90 76 76 76 -9999 -9999 -9999 -9999 -9999 -9999 -9999 -9999 -9999
85 85 96 96 96 89 89 89 87 87 80 80 80 61 61 61 72 72 83 83 83 76 76 65 65 65 64 64 64 68 68 57 57 57 47 47 41 41 41 34 34 34 39 39 46 46 46 47 47 47 43 43 52 52 52 67 67 69 69 69 -9999 -9999 -9999 -9999 -9999 -9999 -9999 -9999 -9999 -9999 -9999 -9999 -9999 -9999 -9999 -9999 -9999 -9999 -9999 -9999 -9999 -9999 -9999 -9999 -9999
85 85 96 96 96 89 89 89 87 87 80 80 80 61 61 61 72 72 83 83 83 76 76 65 65 65 64 64 64 68 68 57 57 57 47 47 41 41 41 34 34 34 39 39 46 46 46 47 47 47 43 43 52 52 52 67 67 69 69 69 -9999 -9999 -9999 -9999 -9999 -9999 -9999 -9999 -9999 -9999 -9999 -9999 -9999 -9999 -9999 -9999 -9999 -9999 -9999 -9999 -9999 -9999 -9999 -9999 -9999
86 86 100 100 100 91 91 91 83 83 73 73 73 52 52 52 59 59 76 76 76 77 77 65 65 65 61 61 61 70 70 66 66 66 55 55 46 46 46 36 36 36 41 41 50 50 50 55 55 55 54 54 57 57 57 71 71 73 73 73 120 -9999 -9999 -9999 -9999 -9999 -9999 -9999 -9999 -9999 -9999 -9999 -9999 -9999 -9999 -9999 -9999 -9999 -9999 -9999 -9999 -9999 -9999 -9999 -9999
86 86 100 100 100 91 91 91 83 83 73 73 73 52 52 52 59 59 76 76 76 77 77 65 65 65 61 61 61 70 70 66 66 66 55 55 46 46 46 36 36 36 41 41 50 50 50 55 55 55 54 54 57 57 57 71 71 73 73 73 120 120 -9999 -9999 -9999 83 -9999 -9999 -9999 -9999 -9999 -9999 -9999 -9999 -9999 -9999 -9999 -9999 -9999 -9999 -9999 -9999 -9999 -9999 -9999
86 86 100 100 100 91 91 91 83 83 73 73 73 52 52 52 59 59 76 76 76 77 77 65 65 65 61 61 61 70 70 66 66 66 55 55 46 46 46 36 36 36 41 41 50 50 50 55 55 55 54 54 57 57 57 71 71 73 73 73 120 120 120 133 133 83 83 -9999 -9999 -9999 -9999 -9999 -9999 -9999 -9999 -9999 -9999 -9999 -9999 -9999 -9999 -9999 -9999 -9999 -9999
83 83 96 96 96 89 89 89 75 75 61 61 61 49 49 49 49 49 60 60 60 78 78 75 75 75 65 65 65 66 66 65 65 65 62 62 56 56 56 43 43 43 44 44 49 49 49 57 57 57 72 72 74 74 74 79 79 77 77 77 91 91 91 116 116 97 97 97 -9999 -9999 -9999 -9999 -9999 -9999 -9999 -9999 -9999 -9999 -9999 -9999 -9999 -9999 -9999 -9999 -9999
83 83 96 96 96 89 89 89 75 75 61 61 61 49 49 49 49 49 60 60 60 78 78 75 75 75 65 65 65 66 66 65 65 65 62 62 56 56 56 43 43 43 44 44 49 49 49 57 57 57 72 72 74 74 74 79 79 77 77 77 91 91 91 116 116 97 97 97 73 73 -9999 -9999 -9999 -9999 -9999 -9999 -9999 -9999 -9999 -9999 -9999 -9999 -9999 -9999 -9999
83 83 96 96 96 89 89 89 75 75 61 61 61 49 49 49 49 49 60 60 60 78 78 75 75 75 65 65 65 66 66 65 65 65 62 62 56 56 56 43 43 43 44 44 49 49 49 57 57 57 72 72 74 74 74 79 79 77 77 77 91 91 91 116 116 97 97 97 73 73 90 90 90 93 93 93 -9999 -9999 -9999 -9999 -9999 -9999 -9999 -9999 -9999
82 82 90 90 90 84 84 84 76 76 62 62 62 50 50 50 47 47 50 50 50 81 81 89 89 89 79 79 79 76 76 66 66 66 66 66 70 70 70 53 53 53 44 44 48 48 48 61 61 61 91 91 96 96 96 88 88 77 77 77 76 76 76 90 90 78 78 78 65 65 95 95 95 96 96 96 70 70 -9999 -9999 -9999 -9999 -9999 -9999 -9999
82 82 90 90 90 84 84 84 76 76 62 62 62 50 50 50 47 47 50 50 50 81 81 89 89 89 79 79 79 76 76 66 66 66 66 66 70 70 70 53 53 53 44 44 48 48 48 61 61 61 91 91 96 96 96 88 88 77 77 77 76 76 76 90 90 78 78 78 65 65 95 95 95 96 96 96 70 70 78 78 -9999 -9999 -9999 -9999 -9999
79 79 82 82 82 74 74 74 78 78 70 70 70 49 49 49 46 46 49 49 49 81 81 99 99 99 91 91 91 88 88 73 73 73 64 64 67 67 67 51 51 51 39 39 49 49 49 72 72 72 102 102 107 107 107 94 94 78 78 78 71 71 71 70 70 60 60 60 61 61 83 83 83 82 82 82 65 65 82 82 82 82 82 82 -9999
