SEB_model/sample_data_files/contemp/hillshade/aug6am.txt
ncols         313
nrows         278
xllcorner     388961.19995117
yllcorner     7584381.3441773
cellsize      5
NODATA_value  -9999
[rows 185 to 221 of 278, columns 0 to 83 of 313]
-9999 -9999 -9999 -9999 -9999 -9999 -9999 81 0 0 37 37 37 77 77 77 77 77 84 84 84 95 95 86 86 86 66 66 66 56 56 73 73 73 102 102 105 105 105 112 112 112 126 126 121 121 121 113 113 117 117 117 105 105 105 101 101 98 98 98 99 99 99 107 107 93 93 93 91 91 94 94 94 108 108 108 144 144 150 150 150 145 145 134
-9999 -9999 -9999 -9999 -9999 -9999 -9999 86 0 0 34 34 34 81 81 84 84 84 91 91 91 105 105 85 85 85 57 57 57 46 46 75 75 75 110 110 104 104 104 117 117 117 122 122 105 105 105 102 102 113 113 113 108 108 108 109 109 102 102 102 94 94 94 106 106 100 100 100 97 97 92 92 92 101 101 101 140 140 145 145 145 136 136 127
-9999 -9999 -9999 -9999 -9999 -9999 -9999 86 0 0 34 34 34 81 81 84 84 84 91 91 91 105 105 85 85 85 57 57 57 46 46 75 75 75 110 110 104 104 104 117 117 117 122 122 105 105 105 102 102 113 113 113 108 108 108 109 109 102 102 102 94 94 94 106 106 100 100 100 97 97 92 92 92 101 101 101 140 140 145 145 145 136 136 127
-9999 -9999 -9999 -9999 -9999 -9999 -9999 86 0 0 34 34 34 81 81 84 84 84 91 91 91 105 105 85 85 85 57 57 57 46 46 75 75 75 110 110 104 104 104 117 117 117 122 122 105 105 105 102 102 113 113 113 108 108 108 109 109 102 102 102 94 94 94 106 106 100 100 100 97 97 92 92 92 101 101 101 140 140 145 145 145 136 136 127
-9999 -9999 -9999 -9999 -9999 -9999 76 76 0 0 46 46 46 83 83 90 90 90 100 100 100 112 112 81 81 81 54 54 54 46 46 78 78 78 118 118 109 109 109 113 113 113 105 105 92 92 92 99 99 108 108 108 103 103 103 112 112 110 110 110 98 98 98 108 108 104 104 104 103 103 100 100 100 107 107 107 135 135 133 133 133 125 125 115
-9999 -9999 -9999 -9999 -9999 -9999 76 76 0 0 46 46 46 83 83 90 90 90 100 100 100 112 112 81 81 81 54 54 54 46 46 78 78 78 118 118 109 109 109 113 113 113 105 105 92 92 92 99 99 108 108 108 103 103 103 112 112 110 110 110 98 98 98 108 108 104 104 104 103 103 100 100 100 107 107 107 135 135 133 133 133 125 125 115
-9999 -9999 -9999 -9999 -9999 -9999 76 76 0 0 46 46 46 83 83 90 90 90 100 100 100 112 112 81 81 81 54 54 54 46 46 78 78 78 118 118 109 109 109 113 113 113 105 105 92 92 92 99 99 108 108 108 103 103 103 112 112 110 110 110 98 98 98 108 108 104 104 104 103 103 100 100 100 107 107 107 135 135 133 133 133 125 125 115
-9999 -9999 -9999 -9999 -9999 -9999 -9999 0 40 40 57 57 57 84 84 96 96 96 106 106 106 114 114 79 79 79 57 57 57 51 51 82 82 82 126 126 112 112 112 99 99 99 93 93 91 91 91 98 98 105 105 105 98 98 98 105 105 111 111 111 113 113 113 117 117 103 103 103 104 104 110 110 110 123 123 123 137 137 124 124 124 117 117 105
-9999 -9999 -9999 -9999 -9999 -9999 -9999 0 40 40 57 57 57 84 84 96 96 96 106 106 106 114 114 79 79 79 57 57 57 51 51 82 82 82 126 126 112 112 112 99 99 99 93 93 91 91 91 98 98 105 105 105 98 98 98 105 105 111 111 111 113 113 113 117 117 103 103 103 104 104 110 110 110 123 123 123 137 137 124 124 124 117 117 105
-9999 -9999 -9999 -9999 -9999 -9999 -9999 -9999 0 0 41 41 41 72 72 99 99 99 109 109 109 114 114 85 85 85 66 66 66 61 61 87 87 87 123 123 105 105 105 91 91 91 92 92 91 91 91 97 97 103 103 103 94 94 94 100 100 108 108 108 120 120 120 125 125 104 104 104 105 105 118 118 118 130 130 130 132 132 114 114 114 104 104 96
-9999 -9999 -9999 -9999 -9999 -9999 -9999 -9999 -9999 -9999 41 41 41 72 72 99 99 99 109 109 109 114 114 85 85 85 66 66 66 61 61 87 87 87 123 123 105 105 105 91 91 91 92 92 91 91 91 97 97 103 103 103 94 94 94 100 100 108 108 108 120 120 120 125 125 104 104 104 105 105 118 118 118 130 130 130 132 132 114 114 114 104 104 96
-9999 -9999 -9999 -9999 -9999 -9999 -9999 -9999 -9999 -9999 -9999 -9999 -9999 72 72 99 99 99 109 109 109 114 114 85 85 85 66 66 66 61 61 87 87 87 123 123 105 105 105 91 91 91 92 92 91 91 91 97 97 103 103 103 94 94 94 100 100 108 108 108 120 120 120 125 125 104 104 104 105 105 118 118 118 130 130 130 132 132 114 114 114 104 104 96
-9999 -9999 -9999 -9999 -9999 -9999 -9999 -9999 -9999 -9999 -9999 -9999 -9999 -9999 -9999 84 84 84 98 98 98 116 116 98 98 98 82 82 82 74 74 84 84 84 108 108 100 100 100 92 92 92 94 94 90 90 90 95 95 100 100 100 91 91 91 100 100 107 107 107 111 111 111 123 123 111 111 111 117 117 124 124 124 119 119 119 118 118 99 99 99 85 85 84
-9999 -9999 -9999 -9999 -9999 -9999 -9999 -9999 -9999 -9999 -9999 -9999 -9999 -9999 -9999 84 84 84 98 98 98 116 116 98 98 98 82 82 82 74 74 84 84 84 108 108 100 100 100 92 92 92 94 94 90 90 90 95 95 100 100 100 91 91 91 100 100 107 107 107 111 111 111 123 123 111 111 111 117 117 124 124 124 119 119 119 118 118 99 99 99 85 85 84
-9999 -9999 -9999 -9999 -9999 -9999 -9999 -9999 -9999 -9999 -9999 -9999 -9999 -9999 -9999 -9999 56 56 74 74 74 118 118 111 111 111 103 103 103 84 84 72 72 72 97 97 104 104 104 95 95 95 95 95 89 89 89 91 91 98 98 98 94 94 94 102 102 103 103 103 102 102 102 114 114 114 114 114 133 133 126 126 126 102 102 102 107 107 86 86 86 69 69 74
-9999 -9999 -9999 -9999 -9999 -9999 -9999 -9999 -9999 -9999 -9999 -9999 -9999 -9999 -9999 -9999 56 56 74 74 74 118 118 111 111 111 103 103 103 84 84 72 72 72 97 97 104 104 104 95 95 95 95 95 89 89 89 91 91 98 98 98 94 94 94 102 102 103 103 103 102 102 102 114 114 114 114 114 133 133 126 126 126 102 102 102 107 107 86 86 86 69 69 74
-9999 -9999 -9999 -9999 -9999 -9999 -9999 -9999 -9999 -9999 -9999 -9999 -9999 -9999 -9999 -9999 -9999 56 74 74 74 118 118 111 111 111 103 103 103 84 84 72 72 72 97 97 104 104 104 95 95 95 95 95 89 89 89 91 91 98 98 98 94 94 94 102 102 103 103 103 102 102 102 114 114 114 114 114 133 133 126 126 126 102 102 102 107 107 86 86 86 69 69 74
-9999 -9999 -9999 -9999 -9999 -9999 -9999 -9999 -9999 -9999 -9999 -9999 -9999 -9999 -9999 -9999 -9999 43 62 62 62 120 120 122 122 122 114 114 114 87 87 66 66 66 93 93 108 108 108 97 97 97 94 94 87 87 87 87 87 98 98 98 99 99 99 99 99 98 98 98 100 100 100 110 110 115 115 115 130 130 113 113 113 92 92 92 100 100 79 79 79 60 60 75
-9999 -9999 -9999 -9999 -9999 -9999 -9999 -9999 -9999 -9999 -9999 -9999 -9999 -9999 -9999 -9999 -9999 43 62 62 62 120 120 122 122 122 114 114 114 87 87 66 66 66 93 93 108 108 108 97 97 97 94 94 87 87 87 87 87 98 98 98 99 99 99 99 99 98 98 98 100 100 100 110 110 115 115 115 130 130 113 113 113 92 92 92 100 100 79 79 79 60 60 75
-9999 -9999 -9999 -9999 -9999 -9999 -9999 -9999 -9999 -9999 -9999 -9999 -9999 -9999 -9999 -9999 -9999 43 62 62 62 120 120 122 122 122 114 114 114 87 87 66 66 66 93 93 108 108 108 97 97 97 94 94 87 87 87 87 87 98 98 98 99 99 99 99 99 98 98 98 100 100 100 110 110 115 115 115 130 130 113 113 113 92 92 92 100 100 79 79 79 60 60 75
-9999 -9999 -9999 -9999 -9999 -9999 -9999 -9999 -9999 -9999 -9999 -9999 -9999 -9999 -9999 -9999 -9999 42 60 60 60 120 120 126 126 126 115 115 115 95 95 71 71 71 84 84 105 105 105 98 98 98 94 94 84 84 84 84 84 98 98 98 99 99 99 96 96 98 98 98 100 100 100 121 121 119 119 119 103 103 91 91 91 89 89 89 95 95 73 73 73 60 60 89
-9999 -9999 -9999 -9999 -9999 -9999 -9999 -9999 -9999 -9999 -9999 -9999 -9999 -9999 -9999 -9999 42 42 60 60 60 120 120 126 126 126 115 115 115 95 95 71 71 71 84 84 105 105 105 98 98 98 94 94 84 84 84 84 84 98 98 98 99 99 99 96 96 98 98 98 100 100 100 121 121 119 119 119 103 103 91 91 91 89 89 89 95 95 73 73 73 60 60 89
-9999 -9999 -9999 -9999 -9999 -9999 -9999 -9999 -9999 -9999 -9999 -9999 -9999 -9999 -9999 -9999 43 43 57 57 57 117 117 123 123 123 114 114 114 106 106 82 82 82 75 75 95 95 95 100 100 100 96 96 85 85 85 83 83 91 91 91 91 91 91 92 92 100 100 100 111 111 111 135 135 111 111 111 76 76 84 84 84 89 89 89 87 87 69 69 69 77 77 102
-9999 -9999 -9999 -9999 -9999 -9999 -9999 -9999 -9999 -9999 -9999 -9999 -9999 -9999 -9999 43 43 43 57 57 57 117 117 123 123 123 114 114 114 106 106 82 82 82 75 75 95 95 95 100 100 100 96 96 85 85 85 83 83 91 91 91 91 91 91 92 92 100 100 100 111 111 111 135 135 111 111 111 76 76 84 84 84 89 89 89 87 87 69 69 69 77 77 102
-9999 -9999 -9999 -9999 -9999 -9999 -9999 -9999 -9999 -9999 -9999 -9999 -9999 -9999 73 43 43 43 57 57 57 117 117 123 123 123 114 114 114 106 106 82 82 82 75 75 95 95 95 100 100 100 96 96 85 85 85 83 83 91 91 91 91 91 91 92 92 100 100 100 111 111 111 135 135 111 111 111 76 76 84 84 84 89 89 89 87 87 69 69 69 77 77 102
-9999 -9999 -9999 -9999 -9999 -9999 -9999 -9999 -9999 -9999 -9999 -9999 56 65 65 57 57 57 67 67 67 112 112 116 116 116 113 113 113 110 110 92 92 92 73 73 84 84 84 99 99 99 96 96 87 87 87 82 82 87 87 87 83 83 83 85 85 103 103 103 127 127 127 133 133 90 90 90 71 71 87 87 87 83 83 83 83 83 80 80 80 93 93 104
-9999 -9999 -9999 -9999 -9999 -9999 -9999 -9999 -9999 -9999 56 56 56 65 65 57 57 57 67 67 67 112 112 116 116 116 113 113 113 110 110 92 92 92 73 73 84 84 84 99 99 99 96 96 87 87 87 82 82 87 87 87 83 83 83 85 85 103 103 103 127 127 127 133 133 90 90 90 71 71 87 87 87 83 83 83 83 83 80 80 80 93 93 104
-9999 -9999 -9999 -9999 -9999 -9999 -9999 -9999 68 68 56 56 56 65 65 57 57 57 67 67 67 112 112 116 116 116 113 113 113 110 110 92 92 92 73 73 84 84 84 99 99 99 96 96 87 87 87 82 82 87 87 87 83 83 83 85 85 103 103 103 127 127 127 133 133 90 90 90 71 71 87 87 87 83 83 83 83 83 80 80 80 93 93 104
-9999 -9999 -9999 -9999 -9999 62 62 62 59 59 0 0 0 54 54 79 79 79 86 86 86 106 106 110 110 110 111 111 111 111 111 100 100 100 79 79 79 79 79 95 95 95 92 92 85 85 85 83 83 87 87 87 81 81 81 86 86 108 108 108 126 126 126 114 114 78 78 78 80 80 87 87 87 77 77 77 92 92 98 98 98 95 95 103
-9999 -9999 -9999 76 76 62 62 62 59 59 0 0 0 54 54 79 79 79 86 86 86 106 106 110 110 110 111 111 111 111 111 100 100 100 79 79 79 79 79 95 95 95 92 92 85 85 85 83 83 87 87 87 81 81 81 86 86 108 108 108 126 126 126 114 114 78 78 78 80 80 87 87 87 77 77 77 92 92 98 98 98 95 95 103
-9999 -9999 68 68 68 0 0 0 47 47 59 59 59 64 64 86 86 86 91 91 91 99 99 105 105 105 109 109 109 110 110 104 104 104 87 87 79 79 79 89 89 89 89 89 82 82 82 83 83 90 90 90 89 89 89 100 100 111 111 111 105 105 105 89 89 74 74 74 75 75 78 78 78 91 91 91 112 112 103 103 103 94 94 100
-9999 66 68 68 68 0 0 0 47 47 59 59 59 64 64 86 86 86 91 91 91 99 99 105 105 105 109 109 109 110 110 104 104 104 87 87 79 79 79 89 89 89 89 89 82 82 82 83 83 90 90 90 89 89 89 100 100 111 111 111 105 105 105 89 89 74 74 74 75 75 78 78 78 91 91 91 112 112 103 103 103 94 94 100
-9999 66 68 68 68 0 0 0 47 47 59 59 59 64 64 86 86 86 91 91 91 99 99 105 105 105 109 109 109 110 110 104 104 104 87 87 79 79 79 89 89 89 89 89 82 82 82 83 83 90 90 90 89 89 89 100 100 111 111 111 105 105 105 89 89 74 74 74 75 75 78 78 78 91 91 91 112 112 103 103 103 94 94 100
0 0 48 48 48 67 67 67 61 61 68 68 68 73 73 84 84 84 85 85 85 90 90 99 99 99 105 105 105 106 106 101 101 101 95 95 84 84 84 81 81 81 85 85 83 83 83 87 87 97 97 97 100 100 100 108 108 104 104 104 79 79 79 72 72 69 69 69 67 67 73 73 73 101 101 101 120 120 109 109 109 99 99 93
0 0 48 48 48 67 67 67 61 61 68 68 68 73 73 84 84 84 85 85 85 90 90 99 99 99 105 105 105 106 106 101 101 101 95 95 84 84 84 81 81 81 85 85 83 83 83 87 87 97 97 97 100 100 100 108 108 104 104 104 79 79 79 72 72 69 69 69 67 67 73 73 73 101 101 101 120 120 109 109 109 99 99 93
0 0 35 35 35 84 84 84 81 81 69 69 69 70 70 84 84 84 84 84 84 83 83 90 90 90 97 97 97 98 98 94 94 94 98 98 91 91 91 77 77 77 83 83 92 92 92 98 98 105 105 105 102 102 102 101 101 87 87 87 68 68 68 64 64 64 64 64 82 82 85 85 85 80 80 80 101 101 112 112 112 104 104 90
0 0 35 35 35 84 84 84 81 81 69 69 69 70 70 84 84 84 84 84 84 83 83 90 90 90 97 97 97 98 98 94 94 94 98 98 91 91 91 77 77 77 83 83 92 92 92 98 98 105 105 105 102 102 102 101 101 87 87 87 68 68 68 64 64 64 64 64 82 82 85 85 85 80 80 80 101 101 112 112 112 104 104 90
