SEB_model/sample_data_files/contemp/hillshade/aug6am.txt
ncols         313
nrows         278
xllcorner     388961.19995117
yllcorner     7584381.3441773
cellsize      5
NODATA_value  -9999
[rows 111 to 147 of 278, columns 84 to 167 of 313]
-9999 -9999 -9999 -9999 -9999 -9999 -9999 -9999 -9999 -9999 -9999 -9999 -9999 -9999 -9999 -9999 -9999 -9999 -9999 94 93 93 93 136 136 136 152 152 148 148 148 151 151 153 153 153 134 134 134 135 135 134 134 134 146 146 146 178 178 159 159 159 117 117 100 100 100 126 126 126 159 159 142 142 142 127 127 127 121 121 89 89 89 90 90 102 102 102 102 102 102 108 108 101
-9999 -9999 -9999 -9999 -9999 -9999 -9999 -9999 -9999 -9999 -9999 -9999 -9999 -9999 -9999 -9999 -9999 -9999 -9999 -9999 93 93 93 136 136 136 152 152 148 148 148 151 151 153 153 153 134 134 134 135 135 134 134 134 146 146 146 178 178 159 159 159 117 117 100 100 100 126 126 126 159 159 142 142 142 127 127 127 121 121 89 89 89 90 90 102 102 102 102 102 102 108 108 101
-9999 -9999 -9999 -9999 -9999 -9999 -9999 -9999 -9999 -9999 -9999 -9999 -9999 -9999 -9999 -9999 -9999 -9999 -9999 -9999 -9999 104 104 138 138 138 148 148 148 148 148 148 148 148 148 148 131 131 131 140 140 145 145 145 153 153 153 166 166 140 140 140 116 116 112 112 112 141 141 141 158 158 131 131 131 116 116 116 106 106 86 86 86 94 94 100 100 100 101 101 101 107 107 98
-9999 -9999 -9999 -9999 -9999 -9999 -9999 -9999 -9999 -9999 -9999 -9999 -9999 -9999 -9999 -9999 -9999 -9999 -9999 -9999 -9999 -9999 -9999 138 138 138 148 148 148 148 148 148 148 148 148 148 131 131 131 140 140 145 145 145 153 153 153 166 166 140 140 140 116 116 112 112 112 141 141 141 158 158 131 131 131 116 116 116 106 106 86 86 86 94 94 100 100 100 101 101 101 107 107 98
-9999 -9999 -9999 -9999 -9999 -9999 -9999 -9999 -9999 -9999 -9999 -9999 -9999 -9999 -9999 -9999 -9999 -9999 -9999 -9999 -9999 -9999 -9999 -9999 138 138 148 148 148 148 148 148 148 148 148 148 131 131 131 140 140 145 145 145 153 153 153 166 166 140 140 140 116 116 112 112 112 141 141 141 158 158 131 131 131 116 116 116 106 106 86 86 86 94 94 100 100 100 101 101 101 107 107 98
-9999 -9999 -9999 -9999 -9999 -9999 -9999 -9999 -9999 -9999 -9999 -9999 -9999 -9999 -9999 -9999 -9999 -9999 -9999 -9999 -9999 -9999 -9999 -9999 136 136 128 128 134 134 134 141 141 143 143 143 131 131 131 144 144 156 156 156 148 148 148 133 133 114 114 114 139 139 149 149 149 134 134 134 136 136 122 122 122 107 107 107 95 95 88 88 88 100 100 104 104 104 101 101 101 105 105 90
-9999 -9999 -9999 -9999 -9999 -9999 -9999 -9999 -9999 -9999 -9999 -9999 -9999 -9999 -9999 -9999 -9999 -9999 -9999 -9999 -9999 -9999 -9999 -9999 -9999 136 128 128 134 134 134 141 141 143 143 143 131 131 131 144 144 156 156 156 148 148 148 133 133 114 114 114 139 139 149 149 149 134 134 134 136 136 122 122 122 107 107 107 95 95 88 88 88 100 100 104 104 104 101 101 101 105 105 90
-9999 -9999 -9999 -9999 -9999 -9999 -9999 -9999 -9999 -9999 -9999 -9999 -9999 -9999 -9999 -9999 -9999 -9999 -9999 -9999 -9999 -9999 -9999 -9999 136 136 107 107 118 118 118 143 143 150 150 150 140 140 140 157 157 165 165 165 138 138 138 128 128 130 130 130 171 171 171 171 171 128 128 128 122 122 112 112 112 100 100 100 101 101 101 101 101 113 113 113 113 113 103 103 103 105 105 91
-9999 -9999 -9999 -9999 -9999 -9999 -9999 -9999 -9999 -9999 -9999 -9999 -9999 -9999 -9999 -9999 -9999 -9999 -9999 -9999 -9999 -9999 145 136 136 136 107 107 118 118 118 143 143 150 150 150 140 140 140 157 157 165 165 165 138 138 138 128 128 130 130 130 171 171 171 171 171 128 128 128 122 122 112 112 112 100 100 100 101 101 101 101 101 113 113 113 113 113 103 103 103 105 105 91
-9999 -9999 -9999 -9999 -9999 -9999 -9999 -9999 -9999 -9999 -9999 -9999 -9999 -9999 -9999 -9999 -9999 -9999 -9999 -9999 -9999 -9999 145 136 136 136 107 107 118 118 118 143 143 150 150 150 140 140 140 157 157 165 165 165 138 138 138 128 128 130 130 130 171 171 171 171 171 128 128 128 122 122 112 112 112 100 100 100 101 101 101 101 101 113 113 113 113 113 103 103 103 105 105 91
-9999 -9999 -9999 -9999 -9999 -9999 -9999 -9999 -9999 -9999 -9999 -9999 -9999 -9999 -9999 -9999 -9999 -9999 -9999 -9999 -9999 -9999 149 120 120 120 99 99 127 127 127 150 150 164 164 164 154 154 154 161 161 157 157 157 139 139 139 150 150 143 143 143 157 157 158 158 158 123 123 123 110 110 95 95 95 90 90 90 102 102 105 105 105 115 115 111 111 111 101 101 101 106 106 97
-9999 -9999 -9999 -9999 -9999 -9999 -9999 -9999 -9999 -9999 -9999 -9999 -9999 -9999 -9999 -9999 -9999 -9999 -9999 -9999 -9999 -9999 149 120 120 120 99 99 127 127 127 150 150 164 164 164 154 154 154 161 161 157 157 157 139 139 139 150 150 143 143 143 157 157 158 158 158 123 123 123 110 110 95 95 95 90 90 90 102 102 105 105 105 115 115 111 111 111 101 101 101 106 106 97
-9999 -9999 -9999 -9999 -9999 -9999 -9999 -9999 -9999 -9999 -9999 -9999 -9999 -9999 -9999 -9999 -9999 -9999 -9999 -9999 -9999 -9999 149 120 120 120 99 99 127 127 127 150 150 164 164 164 154 154 154 161 161 157 157 157 139 139 139 150 150 143 143 143 157 157 158 158 158 123 123 123 110 110 95 95 95 90 90 90 102 102 105 105 105 115 115 111 111 111 101 101 101 106 106 97
-9999 -9999 -9999 -9999 -9999 -9999 -9999 -9999 -9999 -9999 -9999 -9999 -9999 -9999 -9999 -9999 -9999 -9999 -9999 -9999 -9999 -9999 -9999 102 102 102 100 100 145 145 145 157 157 176 176 176 170 170 170 151 151 141 141 141 149 149 149 155 155 131 131 131 130 130 142 142 142 118 118 118 101 101 89 89 89 87 87 87 105 105 109 109 109 117 117 112 112 112 105 105 105 115 115 106
-9999 -9999 -9999 -9999 -9999 -9999 -9999 -9999 -9999 -9999 -9999 -9999 -9999 -9999 -9999 -9999 -9999 -9999 -9999 -9999 -9999 -9999 -9999 -9999 102 102 100 100 145 145 145 157 157 176 176 176 170 170 170 151 151 141 141 141 149 149 149 155 155 131 131 131 130 130 142 142 142 118 118 118 101 101 89 89 89 87 87 87 105 105 109 109 109 117 117 112 112 112 105 105 105 115 115 106
-9999 -9999 -9999 -9999 -9999 -9999 -9999 -9999 -9999 -9999 -9999 -9999 -9999 -9999 -9999 -9999 -9999 -9999 -9999 -9999 -9999 -9999 -9999 -9999 -9999 -9999 104 104 142 142 142 163 163 180 180 180 173 173 173 147 147 133 133 133 142 142 142 142 142 118 118 118 112 112 121 121 121 107 107 107 98 98 90 90 90 99 99 99 120 120 115 115 115 117 117 114 114 114 106 106 106 113 113 106
-9999 -9999 -9999 -9999 -9999 -9999 -9999 -9999 -9999 -9999 -9999 -9999 -9999 -9999 -9999 -9999 -9999 -9999 -9999 -9999 -9999 -9999 -9999 -9999 -9999 -9999 104 104 142 142 142 163 163 180 180 180 173 173 173 147 147 133 133 133 142 142 142 142 142 118 118 118 112 112 121 121 121 107 107 107 98 98 90 90 90 99 99 99 120 120 115 115 115 117 117 114 114 114 106 106 106 113 113 106
-9999 -9999 -9999 -9999 -9999 -9999 -9999 -9999 -9999 -9999 -9999 -9999 -9999 -9999 -9999 -9999 -9999 -9999 -9999 -9999 -9999 -9999 -9999 -9999 -9999 -9999 104 104 142 142 142 163 163 180 180 180 173 173 173 147 147 133 133 133 142 142 142 142 142 118 118 118 112 112 121 121 121 107 107 107 98 98 90 90 90 99 99 99 120 120 115 115 115 117 117 114 114 114 106 106 106 113 113 106
-9999 -9999 -9999 -9999 -9999 -9999 -9999 -9999 -9999 -9999 -9999 -9999 -9999 -9999 -9999 -9999 -9999 -9999 -9999 -9999 -9999 -9999 -9999 -9999 -9999 -9999 104 104 124 124 124 168 168 178 178 178 166 166 166 144 144 122 122 122 116 116 116 120 120 106 106 106 99 99 105 105 105 108 108 108 114 114 104 104 104 111 111 111 125 125 106 106 106 107 107 108 108 108 97 97 97 99 99 99
-9999 -9999 -9999 -9999 -9999 -9999 -9999 -9999 -9999 -9999 -9999 -9999 -9999 -9999 -9999 -9999 -9999 -9999 -9999 -9999 -9999 -9999 -9999 -9999 -9999 -9999 -9999 104 124 124 124 168 168 178 178 178 166 166 166 144 144 122 122 122 116 116 116 120 120 106 106 106 99 99 105 105 105 108 108 108 114 114 104 104 104 111 111 111 125 125 106 106 106 107 107 108 108 108 97 97 97 99 99 99
-9999 -9999 -9999 -9999 -9999 -9999 -9999 -9999 -9999 -9999 -9999 -9999 -9999 -9999 -9999 -9999 -9999 -9999 -9999 -9999 -9999 -9999 -9999 -9999 -9999 -9999 -9999 -9999 118 118 118 167 167 177 177 177 161 161 161 131 131 107 107 107 109 109 109 122 122 118 118 118 118 118 124 124 124 127 127 127 135 135 114 114 114 110 110 110 122 122 100 100 100 102 102 105 105 105 92 92 92 98 98 110
-9999 -9999 -9999 -9999 -9999 -9999 -9999 -9999 -9999 -9999 -9999 -9999 -9999 -9999 -9999 -9999 -9999 -9999 -9999 -9999 -9999 -9999 -9999 -9999 -9999 -9999 -9999 -9999 -9999 118 118 167 167 177 177 177 161 161 161 131 131 107 107 107 109 109 109 122 122 118 118 118 118 118 124 124 124 127 127 127 135 135 114 114 114 110 110 110 122 122 100 100 100 102 102 105 105 105 92 92 92 98 98 110
-9999 -9999 -9999 -9999 -9999 -9999 -9999 -9999 -9999 -9999 -9999 -9999 -9999 -9999 -9999 -9999 -9999 -9999 -9999 -9999 -9999 -9999 -9999 -9999 -9999 -9999 -9999 -9999 -9999 118 118 167 167 177 177 177 161 161 161 131 131 107 107 107 109 109 109 122 122 118 118 118 118 118 124 124 124 127 127 127 135 135 114 114 114 110 110 110 122 122 100 100 100 102 102 105 105 105 92 92 92 98 98 110
-9999 -9999 -9999 -9999 -9999 -9999 -9999 -9999 -9999 -9999 -9999 -9999 -9999 -9999 -9999 -9999 -9999 -9999 -9999 -9999 -9999 -9999 -9999 -9999 -9999 -9999 -9999 -9999 -9999 120 120 147 147 171 171 171 154 154 154 125 125 110 110 110 123 123 123 139 139 134 134 134 134 134 135 135 135 128 128 128 134 134 112 112 112 101 101 101 116 116 98 98 98 97 97 101 101 101 94 94 94 107 107 128
-9999 -9999 -9999 -9999 -9999 -9999 -9999 -9999 -9999 -9999 -9999 -9999 -9999 -9999 -9999 -9999 -9999 -9999 -9999 -9999 -9999 -9999 -9999 -9999 -9999 -9999 -9999 -9999 -9999 120 120 147 147 171 171 171 154 154 154 125 125 110 110 110 123 123 123 139 139 134 134 134 134 134 135 135 135 128 128 128 134 134 112 112 112 101 101 101 116 116 98 98 98 97 97 101 101 101 94 94 94 107 107 128
-9999 -9999 -9999 -9999 -9999 -9999 -9999 -9999 -9999 -9999 -9999 -9999 -9999 -9999 -9999 -9999 -9999 -9999 -9999 -9999 -9999 -9999 -9999 -9999 -9999 -9999 -9999 -9999 -9999 -9999 120 147 147 171 171 171 154 154 154 125 125 110 110 110 123 123 123 139 139 134 134 134 134 134 135 135 135 128 128 128 134 134 112 112 112 101 101 101 116 116 98 98 98 97 97 101 101 101 94 94 94 107 107 128
-9999 -9999 -9999 -9999 -9999 -9999 -9999 -9999 -9999 -9999 -9999 -9999 -9999 -9999 -9999 143 143 143 133 133 127 127 127 -9999 -9999 -9999 -9999 -9999 -9999 -9999 -9999 132 132 160 160 160 155 155 155 138 138 124 124 124 126 126 126 136 136 133 133 133 138 138 132 132 132 122 122 122 126 126 105 105 105 98 98 98 114 114 98 98 98 93 93 100 100 100 102 102 102 117 117 135
-9999 -9999 -9999 -9999 -9999 -9999 -9999 -9999 -9999 -9999 -9999 154 154 144 144 143 143 143 133 133 127 127 127 137 -9999 -9999 -9999 -9999 -9999 -9999 129 132 132 160 160 160 155 155 155 138 138 124 124 124 126 126 126 136 136 133 133 133 138 138 132 132 132 122 122 122 126 126 105 105 105 98 98 98 114 114 98 98 98 93 93 100 100 100 102 102 102 117 117 135
-9999 -9999 -9999 -9999 -9999 -9999 -9999 -9999 -9999 158 132 132 132 135 135 143 143 143 134 134 130 130 130 146 146 -9999 -9999 -9999 -9999 146 146 125 125 148 148 148 157 157 157 146 146 132 132 132 117 117 117 107 107 121 121 121 148 148 134 134 134 117 117 117 121 121 103 103 103 105 105 105 122 122 106 106 106 96 96 102 102 102 109 109 109 124 124 131
-9999 -9999 -9999 -9999 -9999 -9999 -9999 158 158 158 132 132 132 135 135 143 143 143 134 134 130 130 130 146 146 146 -9999 -9999 -9999 146 146 125 125 148 148 148 157 157 157 146 146 132 132 132 117 117 117 107 107 121 121 121 148 148 134 134 134 117 117 117 121 121 103 103 103 105 105 105 122 122 106 106 106 96 96 102 102 102 109 109 109 124 124 131
-9999 -9999 -9999 -9999 -9999 163 163 158 158 158 132 132 132 135 135 143 143 143 134 134 130 130 130 146 146 146 164 164 146 146 146 125 125 148 148 148 157 157 157 146 146 132 132 132 117 117 117 107 107 121 121 121 148 148 134 134 134 117 117 117 121 121 103 103 103 105 105 105 122 122 106 106 106 96 96 102 102 102 109 109 109 124 124 131
-9999 -9999 -9999 -9999 141 149 149 138 138 138 128 128 128 153 153 149 149 149 139 139 137 137 137 146 146 146 169 169 147 147 147 122 122 152 152 152 152 152 152 137 137 123 123 123 109 109 109 87 87 101 101 101 152 152 142 142 142 116 116 116 123 123 109 109 109 115 115 115 129 129 109 109 109 96 96 100 100 100 107 107 107 126 126 124
-9999 -9999 -9999 141 141 149 149 138 138 138 128 128 128 153 153 149 149 149 139 139 137 137 137 146 146 146 169 169 147 147 147 122 122 152 152 152 152 152 152 137 137 123 123 123 109 109 109 87 87 101 101 101 152 152 142 142 142 116 116 116 123 123 109 109 109 115 115 115 129 129 109 109 109 96 96 100 100 100 107 107 107 126 126 124
141 141 141 141 141 149 149 138 138 138 128 128 128 153 153 149 149 149 139 139 137 137 137 146 146 146 169 169 147 147 147 122 122 152 152 152 152 152 152 137 137 123 123 123 109 109 109 87 87 101 101 101 152 152 142 142 142 116 116 116 123 123 109 109 109 115 115 115 129 129 109 109 109 96 96 100 100 100 107 107 107 126 126 124
140 140 126 126 126 131 131 141 141 141 146 146 146 164 164 152 152 152 140 140 140 140 140 146 146 146 162 162 147 147 147 131 131 146 146 146 138 138 138 130 130 115 115 115 105 105 105 100 100 88 88 88 141 141 149 149 149 127 127 127 134 134 121 121 121 122 122 122 127 127 103 103 103 96 96 98 98 98 101 101 101 127 127 124
140 140 126 126 126 131 131 141 141 141 146 146 146 164 164 152 152 152 140 140 140 140 140 146 146 146 162 162 147 147 147 131 131 146 146 146 138 138 138 130 130 115 115 115 105 105 105 100 100 88 88 88 141 141 149 149 149 127 127 127 134 134 121 121 121 122 122 122 127 127 103 103 103 96 96 98 98 98 101 101 101 127 127 124
138 138 131 131 131 136 136 147 147 147 150 150 150 160 160 152 152 152 145 145 146 146 146 151 151 151 159 159 150 150 150 136 136 126 126 126 112 112 112 126 126 120 120 120 102 102 102 110 110 94 94 94 113 113 136 136 136 141 141 141 150 150 129 129 129 121 121 121 121 121 98 98 98 97 97 100 100 100 98 98 98 126 126 124
