SEB_model/sample_data_files/contemp/hillshade/aug6pm.txt
ncols         313
nrows         278
xllcorner     388961.19995117
yllcorner     7584381.3441773
cellsize      5
NODATA_value  -9999
[rows 205 to 245 of 278, columns 91 to 181 of 313]
0 0 0 0 0 0 0 0 0 0 0 0 0 59 59 59 15 15 15 0 0 67 67 67 57 57 54 54 54 61 61 61 60 60 55 55 55 54 54 54 68 68 82 82 82 74 74 67 67 67 70 70 70 79 79 -9999 -9999 -9999 -9999 -9999 -9999 -9999 -9999 -9999 -9999 -9999 -9999 -9999 -9999 -9999 -9999 -9999 -9999 -9999 -9999 -9999 -9999 -9999 -9999 -9999 -9999 -9999 -9999 -9999 -9999 -9999 -9999 -9999 -9999 -9999 -9999
0 0 0 0 0 0 0 0 0 0 0 0 0 59 59 59 15 15 15 0 0 67 67 67 57 57 54 54 54 61 61 61 60 60 55 55 55 54 54 54 68 68 82 82 82 74 74 67 67 67 70 70 70 79 79 -9999 -9999 -9999 -9999 -9999 -9999 -9999 -9999 -9999 -9999 -9999 -9999 -9999 -9999 -9999 -9999 -9999 -9999 -9999 -9999 -9999 -9999 -9999 -9999 -9999 -9999 -9999 -9999 -9999 -9999 -9999 -9999 -9999 -9999 -9999 -9999
0 0 0 0 0 0 0 0 0 0 0 55 55 57 57 57 4 4 4 0 0 96 96 96 89 89 72 72 72 67 67 67 69 69 69 69 69 74 74 74 87 87 89 89 89 76 76 70 70 70 76 76 76 72 -9999 -9999 -9999 -9999 -9999 -9999 -9999 -9999 -9999 -9999 -9999 -9999 -9999 -9999 -9999 -9999 -9999 -9999 -9999 -9999 -9999 -9999 -9999 -9999 -9999 -9999 -9999 -9999 -9999 -9999 -9999 -9999 -9999 -9999 -9999 -9999 -9999
0 0 0 0 0 0 0 0 0 0 0 55 55 57 57 57 4 4 4 0 0 96 96 96 89 89 72 72 72 67 67 67 69 69 69 69 69 74 74 74 87 87 89 89 89 76 76 70 70 70 76 76 76 72 -9999 -9999 -9999 -9999 -9999 -9999 -9999 -9999 -9999 -9999 -9999 -9999 -9999 -9999 -9999 -9999 -9999 -9999 -9999 -9999 -9999 -9999 -9999 -9999 -9999 -9999 -9999 -9999 -9999 -9999 -9999 -9999 -9999 -9999 -9999 -9999 -9999
0 0 0 0 0 0 0 0 0 0 0 55 55 57 57 57 4 4 4 0 0 96 96 96 89 89 72 72 72 67 67 67 69 69 69 69 69 74 74 74 87 87 89 89 89 76 76 70 70 70 76 76 76 72 72 -9999 -9999 -9999 -9999 -9999 -9999 -9999 -9999 -9999 -9999 -9999 -9999 -9999 -9999 -9999 -9999 -9999 -9999 -9999 -9999 -9999 -9999 -9999 -9999 -9999 -9999 -9999 -9999 -9999 -9999 -9999 -9999 -9999 -9999 -9999 -9999
0 0 0 11 11 11 0 0 0 0 0 58 58 61 61 61 12 12 12 0 0 95 95 95 105 105 90 90 90 77 77 77 71 71 68 68 68 76 76 76 89 89 89 89 89 78 78 75 75 75 81 81 81 64 64 -9999 -9999 -9999 -9999 -9999 -9999 -9999 -9999 -9999 -9999 -9999 -9999 -9999 -9999 -9999 -9999 -9999 -9999 -9999 -9999 -9999 -9999 -9999 -9999 -9999 -9999 -9999 -9999 -9999 -9999 -9999 -9999 -9999 -9999 -9999 -9999
0 0 0 11 11 11 0 0 0 0 0 58 58 61 61 61 12 12 12 0 0 95 95 95 105 105 90 90 90 77 77 77 71 71 68 68 68 76 76 76 89 89 89 89 89 78 78 75 75 75 81 81 81 64 64 -9999 -9999 -9999 -9999 -9999 -9999 -9999 -9999 -9999 -9999 -9999 -9999 -9999 -9999 -9999 -9999 -9999 -9999 -9999 -9999 -9999 -9999 -9999 -9999 -9999 -9999 -9999 -9999 -9999 -9999 -9999 -9999 -9999 -9999 -9999 -9999
0 0 0 11 11 11 0 0 0 0 0 58 58 61 61 61 12 12 12 0 0 95 95 95 105 105 90 90 90 77 77 77 71 71 68 68 68 76 76 76 89 89 89 89 89 78 78 75 75 75 81 81 81 64 64 -9999 -9999 -9999 -9999 -9999 -9999 -9999 -9999 -9999 -9999 -9999 -9999 -9999 -9999 -9999 -9999 -9999 -9999 -9999 -9999 -9999 -9999 -9999 -9999 -9999 -9999 -9999 -9999 -9999 -9999 -9999 -9999 -9999 -9999 -9999 -9999
31 31 31 32 32 32 6 6 0 0 0 58 58 60 60 60 23 23 23 0 0 91 91 91 113 113 111 111 111 93 93 93 79 79 68 68 68 70 70 70 85 85 89 89 89 84 84 83 83 83 86 86 86 77 77 -9999 -9999 -9999 -9999 -9999 -9999 -9999 -9999 -9999 -9999 -9999 -9999 -9999 -9999 -9999 -9999 -9999 -9999 -9999 -9999 -9999 -9999 -9999 -9999 -9999 -9999 -9999 -9999 -9999 -9999 -9999 -9999 -9999 -9999 -9999 -9999
31 31 31 32 32 32 6 6 0 0 0 58 58 60 60 60 23 23 23 0 0 91 91 91 113 113 111 111 111 93 93 93 79 79 68 68 68 70 70 70 85 85 89 89 89 84 84 83 83 83 86 86 86 77 77 -9999 -9999 -9999 -9999 -9999 -9999 -9999 -9999 -9999 -9999 -9999 -9999 -9999 -9999 -9999 -9999 -9999 -9999 -9999 -9999 -9999 -9999 -9999 -9999 -9999 -9999 -9999 -9999 -9999 -9999 -9999 -9999 -9999 -9999 -9999 -9999
47 47 47 49 49 49 13 13 0 0 0 56 56 63 63 63 38 38 38 42 42 86 86 86 114 114 122 122 122 104 104 104 80 80 67 67 67 70 70 70 83 83 92 92 92 94 94 92 92 92 89 89 89 88 88 -9999 -9999 -9999 -9999 -9999 -9999 -9999 -9999 -9999 -9999 -9999 -9999 -9999 -9999 -9999 -9999 -9999 -9999 -9999 -9999 -9999 -9999 -9999 -9999 -9999 -9999 -9999 -9999 -9999 -9999 -9999 -9999 -9999 -9999 -9999 -9999
47 47 47 49 49 49 13 13 0 0 0 56 56 63 63 63 38 38 38 42 42 86 86 86 114 114 122 122 122 104 104 104 80 80 67 67 67 70 70 70 83 83 92 92 92 94 94 92 92 92 89 89 89 88 88 -9999 -9999 -9999 -9999 -9999 -9999 -9999 -9999 -9999 -9999 -9999 -9999 -9999 -9999 -9999 -9999 -9999 -9999 -9999 -9999 -9999 -9999 -9999 -9999 -9999 -9999 -9999 -9999 -9999 -9999 -9999 -9999 -9999 -9999 -9999 -9999
47 47 47 49 49 49 13 13 0 0 0 56 56 63 63 63 38 38 38 42 42 86 86 86 114 114 122 122 122 104 104 104 80 80 67 67 67 70 70 70 83 83 92 92 92 94 94 92 92 92 89 89 89 88 88 -9999 -9999 -9999 -9999 -9999 -9999 -9999 -9999 -9999 -9999 -9999 -9999 -9999 -9999 -9999 -9999 -9999 -9999 -9999 -9999 -9999 -9999 -9999 -9999 -9999 -9999 -9999 -9999 -9999 -9999 -9999 -9999 -9999 -9999 -9999 -9999
58 58 58 60 60 60 29 29 21 21 21 54 54 68 68 68 57 57 57 62 62 88 88 88 109 109 114 114 114 94 94 94 73 73 73 73 73 85 85 85 90 90 94 94 94 98 98 97 97 97 91 91 91 88 88 -9999 -9999 -9999 -9999 -9999 -9999 -9999 -9999 -9999 -9999 -9999 -9999 -9999 -9999 -9999 -9999 -9999 -9999 -9999 -9999 -9999 -9999 -9999 -9999 -9999 -9999 -9999 -9999 -9999 -9999 -9999 -9999 -9999 -9999 -9999 -9999
58 58 58 60 60 60 29 29 21 21 21 54 54 68 68 68 57 57 57 62 62 88 88 88 109 109 114 114 114 94 94 94 73 73 73 73 73 85 85 85 90 90 94 94 94 98 98 97 97 97 91 91 91 88 88 -9999 -9999 -9999 -9999 -9999 -9999 -9999 -9999 -9999 -9999 -9999 -9999 -9999 -9999 -9999 -9999 -9999 -9999 -9999 -9999 -9999 -9999 -9999 -9999 -9999 -9999 -9999 -9999 -9999 -9999 -9999 -9999 -9999 -9999 -9999 -9999
68 68 68 64 64 64 46 46 40 40 40 52 52 70 70 70 76 76 76 87 87 95 95 95 97 97 90 90 90 71 71 71 72 72 90 90 90 100 100 100 102 102 98 98 98 95 95 95 95 95 92 92 92 77 77 -9999 -9999 -9999 -9999 -9999 -9999 -9999 -9999 -9999 -9999 -9999 -9999 -9999 -9999 -9999 -9999 -9999 -9999 -9999 -9999 -9999 -9999 -9999 -9999 -9999 -9999 -9999 -9999 -9999 -9999 -9999 -9999 -9999 -9999 -9999 -9999
68 68 68 64 64 64 46 46 40 40 40 52 52 70 70 70 76 76 76 87 87 95 95 95 97 97 90 90 90 71 71 71 72 72 90 90 90 100 100 100 102 102 98 98 98 95 95 95 95 95 92 92 92 77 -9999 -9999 -9999 -9999 -9999 -9999 -9999 -9999 -9999 -9999 -9999 -9999 -9999 -9999 -9999 -9999 -9999 -9999 -9999 -9999 -9999 -9999 -9999 -9999 -9999 -9999 -9999 -9999 -9999 -9999 -9999 -9999 -9999 -9999 -9999 -9999 -9999
68 68 68 64 64 64 46 46 40 40 40 52 52 70 70 70 76 76 76 87 87 95 95 95 97 97 90 90 90 71 71 71 72 72 90 90 90 100 100 100 102 102 98 98 98 95 95 95 95 95 92 92 92 77 -9999 -9999 -9999 -9999 -9999 -9999 -9999 -9999 -9999 -9999 -9999 -9999 -9999 -9999 -9999 -9999 -9999 -9999 -9999 -9999 -9999 -9999 -9999 -9999 -9999 -9999 -9999 -9999 -9999 -9999 -9999 -9999 -9999 -9999 -9999 -9999 -9999
60 60 60 58 58 58 69 69 72 72 72 69 69 77 77 77 87 87 87 85 85 78 78 78 70 70 68 68 68 72 72 72 85 85 103 103 103 109 109 109 113 113 104 104 104 92 92 90 90 90 92 92 92 54 -9999 -9999 -9999 -9999 -9999 -9999 -9999 -9999 -9999 -9999 -9999 -9999 -9999 -9999 -9999 -9999 -9999 -9999 -9999 -9999 -9999 -9999 -9999 -9999 -9999 -9999 -9999 -9999 -9999 -9999 -9999 -9999 -9999 -9999 -9999 -9999 -9999
60 60 60 58 58 58 69 69 72 72 72 69 69 77 77 77 87 87 87 85 85 78 78 78 70 70 68 68 68 72 72 72 85 85 103 103 103 109 109 109 113 113 104 104 104 92 92 90 90 90 92 92 92 54 -9999 -9999 -9999 -9999 -9999 -9999 -9999 -9999 -9999 -9999 -9999 -9999 -9999 -9999 -9999 -9999 -9999 -9999 -9999 -9999 -9999 -9999 -9999 -9999 -9999 -9999 -9999 -9999 -9999 -9999 -9999 -9999 -9999 -9999 -9999 -9999 -9999
60 60 60 58 58 58 69 69 72 72 72 69 69 77 77 77 87 87 87 85 85 78 78 78 70 70 68 68 68 72 72 72 85 85 103 103 103 109 109 109 113 113 104 104 104 92 92 90 90 90 92 92 92 54 -9999 -9999 -9999 -9999 -9999 -9999 -9999 -9999 -9999 -9999 -9999 -9999 -9999 -9999 -9999 -9999 -9999 -9999 -9999 -9999 -9999 -9999 -9999 -9999 -9999 -9999 -9999 -9999 -9999 -9999 -9999 -9999 -9999 -9999 -9999 -9999 -9999
34 34 34 56 56 56 90 90 97 97 97 88 88 83 83 83 77 77 77 41 41 0 0 0 63 63 84 84 84 93 93 93 98 98 108 108 108 113 113 113 114 114 104 104 104 95 95 91 91 91 91 91 91 44 -9999 -9999 -9999 -9999 -9999 -9999 -9999 -9999 -9999 -9999 -9999 -9999 -9999 -9999 -9999 -9999 -9999 -9999 -9999 -9999 -9999 -9999 -9999 -9999 -9999 -9999 -9999 -9999 -9999 -9999 -9999 -9999 -9999 -9999 -9999 -9999 -9999
34 34 34 56 56 56 90 90 97 97 97 88 88 83 83 83 77 77 77 41 41 0 0 0 63 63 84 84 84 93 93 93 98 98 108 108 108 113 113 113 114 114 104 104 104 95 95 91 91 91 91 91 91 44 44 -9999 -9999 -9999 -9999 -9999 -9999 -9999 -9999 -9999 -9999 -9999 -9999 -9999 -9999 -9999 -9999 -9999 -9999 -9999 -9999 -9999 -9999 -9999 -9999 -9999 -9999 -9999 -9999 -9999 -9999 -9999 -9999 -9999 -9999 -9999 -9999
43 43 43 64 64 64 89 89 99 99 99 92 92 68 68 68 29 29 29 8 8 0 0 0 92 92 106 106 106 103 103 103 113 113 117 117 117 106 106 106 103 103 100 100 100 101 101 101 101 101 95 95 95 60 60 -9999 -9999 -9999 -9999 -9999 -9999 -9999 -9999 -9999 -9999 -9999 -9999 -9999 -9999 -9999 -9999 -9999 -9999 -9999 -9999 -9999 -9999 -9999 -9999 -9999 -9999 -9999 -9999 -9999 -9999 -9999 -9999 -9999 -9999 -9999 -9999
43 43 43 64 64 64 89 89 99 99 99 92 92 68 68 68 29 29 29 8 8 0 0 0 92 92 106 106 106 103 103 103 113 113 117 117 117 106 106 106 103 103 100 100 100 101 101 101 101 101 95 95 95 60 60 -9999 -9999 -9999 -9999 -9999 -9999 -9999 -9999 -9999 -9999 -9999 -9999 -9999 -9999 -9999 -9999 -9999 -9999 -9999 -9999 -9999 -9999 -9999 -9999 -9999 -9999 -9999 -9999 -9999 -9999 -9999 -9999 -9999 -9999 -9999 -9999
43 43 43 64 64 64 89 89 99 99 99 92 92 68 68 68 29 29 29 8 8 0 0 0 92 92 106 106 106 103 103 103 113 113 117 117 117 106 106 106 103 103 100 100 100 101 101 101 101 101 95 95 95 60 60 51 -9999 -9999 -9999 -9999 -9999 -9999 -9999 -9999 -9999 -9999 -9999 -9999 -9999 -9999 -9999 -9999 -9999 -9999 -9999 -9999 -9999 -9999 -9999 -9999 -9999 -9999 -9999 -9999 -9999 -9999 -9999 -9999 -9999 -9999 -9999
80 80 80 73 73 73 73 73 77 77 77 52 52 22 22 22 0 0 0 0 0 91 91 91 113 113 118 118 118 108 108 108 123 123 120 120 120 97 97 97 91 91 95 95 95 106 106 111 111 111 103 103 103 86 86 59 59 -9999 -9999 -9999 -9999 -9999 -9999 -9999 -9999 -9999 -9999 -9999 -9999 -9999 -9999 -9999 -9999 -9999 -9999 -9999 -9999 -9999 -9999 -9999 -9999 -9999 -9999 -9999 -9999 -9999 -9999 -9999 -9999 -9999 -9999
80 80 80 73 73 73 73 73 77 77 77 52 52 22 22 22 0 0 0 0 0 91 91 91 113 113 118 118 118 108 108 108 123 123 120 120 120 97 97 97 91 91 95 95 95 106 106 111 111 111 103 103 103 86 86 59 59 59 -9999 -9999 -9999 -9999 -9999 -9999 -9999 -9999 -9999 -9999 -9999 -9999 -9999 -9999 -9999 -9999 -9999 -9999 -9999 -9999 -9999 -9999 -9999 -9999 -9999 -9999 -9999 -9999 -9999 -9999 -9999 -9999 -9999
95 95 95 78 78 78 65 65 44 44 44 0 0 0 0 0 0 0 0 123 123 115 115 115 125 125 132 132 132 113 113 113 121 121 116 116 116 102 102 102 97 97 92 92 92 107 107 115 115 115 109 109 109 101 101 78 78 78 40 -9999 -9999 -9999 -9999 -9999 -9999 -9999 -9999 -9999 -9999 -9999 -9999 -9999 -9999 -9999 -9999 -9999 -9999 -9999 -9999 -9999 -9999 -9999 -9999 -9999 -9999 -9999 -9999 -9999 -9999 -9999 -9999
95 95 95 78 78 78 65 65 44 44 44 0 0 0 0 0 0 0 0 123 123 115 115 115 125 125 132 132 132 113 113 113 121 121 116 116 116 102 102 102 97 97 92 92 92 107 107 115 115 115 109 109 109 101 101 78 78 78 40 -9999 -9999 -9999 -9999 -9999 -9999 -9999 -9999 -9999 -9999 -9999 -9999 -9999 -9999 -9999 -9999 -9999 -9999 -9999 -9999 -9999 -9999 -9999 -9999 -9999 -9999 -9999 -9999 -9999 -9999 -9999 -9999
95 95 95 78 78 78 65 65 44 44 44 0 0 0 0 0 0 0 0 123 123 115 115 115 125 125 132 132 132 113 113 113 121 121 116 116 116 102 102 102 97 97 92 92 92 107 107 115 115 115 109 109 109 101 101 78 78 78 40 40 -9999 -9999 -9999 -9999 -9999 -9999 -9999 -9999 -9999 -9999 -9999 -9999 -9999 -9999 -9999 -9999 -9999 -9999 -9999 -9999 -9999 -9999 -9999 -9999 -9999 -9999 -9999 -9999 -9999 -9999 -9999
99 99 99 80 80 80 43 43 6 6 6 0 0 0 0 0 129 129 129 147 147 128 128 128 136 136 139 139 139 110 110 110 114 114 113 113 113 109 109 109 109 109 99 99 99 105 105 111 111 111 109 109 109 102 102 91 91 91 38 -9999 -9999 -9999 -9999 -9999 -9999 -9999 -9999 -9999 -9999 -9999 -9999 -9999 -9999 -9999 -9999 -9999 -9999 -9999 -9999 -9999 -9999 -9999 -9999 -9999 -9999 -9999 -9999 -9999 -9999 -9999 -9999
99 99 99 80 80 80 43 43 6 6 6 0 0 0 0 0 129 129 129 147 147 128 128 128 136 136 139 139 139 110 110 110 114 114 113 113 113 109 109 109 109 109 99 99 99 105 105 111 111 111 109 109 109 102 102 91 91 91 38 -9999 -9999 -9999 -9999 -9999 -9999 -9999 -9999 -9999 -9999 -9999 -9999 -9999 -9999 -9999 -9999 -9999 -9999 -9999 -9999 -9999 -9999 -9999 -9999 -9999 -9999 -9999 -9999 -9999 -9999 -9999 -9999
99 99 99 80 80 80 43 43 6 6 6 0 0 0 0 0 129 129 129 147 147 128 128 128 136 136 139 139 139 110 110 110 114 114 113 113 113 109 109 109 109 109 99 99 99 105 105 111 111 111 109 109 109 102 102 91 91 91 38 -9999 -9999 -9999 -9999 -9999 -9999 -9999 -9999 -9999 -9999 -9999 -9999 -9999 -9999 -9999 -9999 -9999 -9999 -9999 -9999 -9999 -9999 -9999 -9999 -9999 -9999 -9999 -9999 -9999 -9999 -9999 -9999
108 108 108 63 63 63 8 8 0 0 0 0 0 98 98 98 125 125 125 148 148 141 141 141 141 141 135 135 135 105 105 105 114 114 116 116 116 112 112 112 117 117 106 106 106 99 99 102 102 102 104 104 104 104 104 95 95 95 36 -9999 -9999 -9999 -9999 -9999 -9999 -9999 -9999 -9999 -9999 -9999 -9999 -9999 -9999 -9999 -9999 -9999 -9999 -9999 -9999 -9999 -9999 -9999 -9999 -9999 -9999 -9999 -9999 -9999 -9999 -9999 -9999
108 108 108 63 63 63 8 8 0 0 0 0 0 98 98 98 125 125 125 148 148 141 141 141 141 141 135 135 135 105 105 105 114 114 116 116 116 112 112 112 117 117 106 106 106 99 99 102 102 102 104 104 104 104 104 95 95 95 -9999 -9999 -9999 -9999 -9999 -9999 -9999 -9999 -9999 -9999 -9999 -9999 -9999 -9999 -9999 -9999 -9999 -9999 -9999 -9999 -9999 -9999 -9999 -9999 -9999 -9999 -9999 -9999 -9999 -9999 -9999 -9999 -9999
100 100 100 36 36 36 0 0 87 87 87 114 114 117 117 117 123 123 123 148 148 145 145 145 137 137 133 133 133 113 113 113 116 116 117 117 117 118 118 118 123 123 110 110 110 96 96 95 95 95 104 104 104 112 112 100 100 100 -9999 -9999 -9999 -9999 -9999 -9999 -9999 -9999 -9999 -9999 -9999 -9999 -9999 -9999 -9999 -9999 -9999 -9999 -9999 -9999 -9999 -9999 -9999 -9999 -9999 -9999 -9999 -9999 -9999 -9999 -9999 -9999 -9999
100 100 100 36 36 36 0 0 87 87 87 114 114 117 117 117 123 123 123 148 148 145 145 145 137 137 133 133 133 113 113 113 116 116 117 117 117 118 118 118 123 123 110 110 110 96 96 95 95 95 104 104 104 112 112 100 100 100 -9999 -9999 -9999 -9999 -9999 -9999 -9999 -9999 -9999 -9999 -9999 -9999 -9999 -9999 -9999 -9999 -9999 -9999 -9999 -9999 -9999 -9999 -9999 -9999 -9999 -9999 -9999 -9999 -9999 -9999 -9999 -9999 -9999
100 100 100 36 36 36 0 0 87 87 87 114 114 117 117 117 123 123 123 148 148 145 145 145 137 137 133 133 133 113 113 113 116 116 117 117 117 118 118 118 123 123 110 110 110 96 96 95 95 95 104 104 104 112 112 100 100 100 -9999 -9999 -9999 -9999 -9999 -9999 -9999 -9999 -9999 -9999 -9999 -9999 -9999 -9999 -9999 -9999 -9999 -9999 -9999 -9999 -9999 -9999 -9999 -9999 -9999 -9999 -9999 -9999 -9999 -9999 -9999 -9999 -9999
76 76 76 59 59 59 86 86 116 116 116 121 121 129 129 129 135 135 135 151 151 137 137 137 128 128 133 133 133 117 117 117 113 113 113 113 113 119 119 119 123 123 111 111 111 100 100 101 101 101 109 109 109 116 116 102 102 102 29 -9999 -9999 -9999 -9999 -9999 -9999 -9999 -9999 -9999 -9999 -9999 -9999 -9999 -9999 -9999 -9999 -9999 -9999 -9999 -9999 -9999 -9999 -9999 -9999 -9999 -9999 -9999 -9999 -9999 -9999 -9999 -9999
76 76 76 59 59 59 86 86 116 116 116 121 121 129 129 129 135 135 135 151 151 137 137 137 128 128 133 133 133 117 117 117 113 113 113 113 113 119 119 119 123 123 111 111 111 100 100 101 101 101 109 109 109 116 116 102 102 102 -9999 -9999 -9999 -9999 -9999 -9999 -9999 -9999 -9999 -9999 -9999 -9999 -9999 -9999 -9999 -9999 -9999 -9999 -9999 -9999 -9999 -9999 -9999 -9999 -9999 -9999 -9999 -9999 -9999 -9999 -9999 -9999 -9999
