SEB_model/sample_data_files/contemp/hillshade/aug6pm.txt
ncols         313
nrows         278
xllcorner     388961.19995117
yllcorner     7584381.3441773
cellsize      5
NODATA_value  -9999
[rows 205 to 245 of 278, columns 0 to 90 of 313]
-9999 -9999 -9999 -9999 -9999 -9999 -9999 -9999 -9999 -9999 -9999 -9999 -9999 -9999 -9999 -9999 -9999 71 54 54 54 0 0 0 0 0 0 0 0 0 0 0 0 0 27 27 0 0 0 14 14 14 19 19 29 29 29 30 30 16 16 16 15 15 15 20 20 17 17 17 14 14 14 0 0 0 0 0 0 0 0 0 0 31 31 31 25 25 49 49 49 62 62 31 31 31 0 0 0 0 0
-9999 -9999 -9999 -9999 -9999 -9999 -9999 -9999 -9999 -9999 -9999 -9999 -9999 -9999 -9999 -9999 71 71 54 54 54 0 0 0 0 0 0 0 0 0 0 0 0 0 27 27 0 0 0 14 14 14 19 19 29 29 29 30 30 16 16 16 15 15 15 20 20 17 17 17 14 14 14 0 0 0 0 0 0 0 0 0 0 31 31 31 25 25 49 49 49 62 62 31 31 31 0 0 0 0 0
-9999 -9999 -9999 -9999 -9999 -9999 -9999 -9999 -9999 -9999 -9999 -9999 -9999 -9999 -9999 -9999 69 69 55 55 55 0 0 0 0 0 0 0 0 0 0 0 0 0 37 37 19 19 19 14 14 14 18 18 29 29 29 31 31 23 23 23 24 24 24 25 25 17 17 17 3 3 3 0 0 0 0 0 0 0 36 36 36 30 30 30 33 33 52 52 52 42 42 13 13 13 6 6 6 0 0
-9999 -9999 -9999 -9999 -9999 -9999 -9999 -9999 -9999 -9999 -9999 -9999 -9999 -9999 -9999 69 69 69 55 55 55 0 0 0 0 0 0 0 0 0 0 0 0 0 37 37 19 19 19 14 14 14 18 18 29 29 29 31 31 23 23 23 24 24 24 25 25 17 17 17 3 3 3 0 0 0 0 0 0 0 36 36 36 30 30 30 33 33 52 52 52 42 42 13 13 13 6 6 6 0 0
-9999 -9999 -9999 -9999 -9999 -9999 -9999 -9999 -9999 -9999 -9999 -9999 -9999 -9999 39 69 69 69 55 55 55 0 0 0 0 0 0 0 0 0 0 0 0 0 37 37 19 19 19 14 14 14 18 18 29 29 29 31 31 23 23 23 24 24 24 25 25 17 17 17 3 3 3 0 0 0 0 0 0 0 36 36 36 30 30 30 33 33 52 52 52 42 42 13 13 13 6 6 6 0 0
-9999 -9999 -9999 -9999 -9999 -9999 -9999 -9999 -9999 -9999 -9999 -9999 58 53 53 61 61 61 47 47 47 0 0 0 0 0 0 0 0 0 0 0 0 0 39 39 29 29 29 14 14 14 17 17 28 28 28 32 32 28 28 28 32 32 32 31 31 13 13 13 0 0 0 0 0 0 0 0 48 48 31 31 31 35 35 35 36 36 38 38 38 21 21 0 0 0 13 13 13 4 4
-9999 -9999 -9999 -9999 -9999 -9999 -9999 -9999 -9999 -9999 58 58 58 53 53 61 61 61 47 47 47 0 0 0 0 0 0 0 0 0 0 0 0 0 39 39 29 29 29 14 14 14 17 17 28 28 28 32 32 28 28 28 32 32 32 31 31 13 13 13 0 0 0 0 0 0 0 0 48 48 31 31 31 35 35 35 36 36 38 38 38 21 21 0 0 0 13 13 13 4 4
-9999 -9999 -9999 -9999 -9999 -9999 -9999 -9999 44 44 58 58 58 53 53 61 61 61 47 47 47 0 0 0 0 0 0 0 0 0 0 0 0 0 39 39 29 29 29 14 14 14 17 17 28 28 28 32 32 28 28 28 32 32 32 31 31 13 13 13 0 0 0 0 0 0 0 0 48 48 31 31 31 35 35 35 36 36 38 38 38 21 21 0 0 0 13 13 13 4 4
-9999 -9999 -9999 -9999 -9999 53 53 53 59 59 72 72 72 65 65 39 39 39 28 28 28 5 5 0 0 0 1 1 1 0 0 13 13 13 35 35 34 34 34 18 18 18 22 22 31 31 31 32 32 28 28 28 34 34 34 27 27 2 2 2 0 0 0 0 0 0 0 0 39 39 32 32 32 42 42 42 25 25 16 16 16 19 19 11 11 11 0 0 0 25 25
-9999 -9999 -9999 36 36 53 53 53 59 59 72 72 72 65 65 39 39 39 28 28 28 5 5 0 0 0 1 1 1 0 0 13 13 13 35 35 34 34 34 18 18 18 22 22 31 31 31 32 32 28 28 28 34 34 34 27 27 2 2 2 0 0 0 0 0 0 0 0 39 39 32 32 32 42 42 42 25 25 16 16 16 19 19 11 11 11 0 0 0 25 25
-9999 -9999 49 49 49 67 67 67 71 71 58 58 58 49 49 24 24 24 20 20 20 13 13 7 7 7 4 4 4 3 3 10 10 10 28 28 35 35 35 25 25 25 26 26 34 34 34 33 33 25 25 25 25 25 25 10 10 0 0 0 0 0 0 27 27 45 45 45 45 45 44 44 44 29 29 29 3 3 0 0 0 22 22 16 16 16 27 27 27 41 41
-9999 49 49 49 49 67 67 67 71 71 58 58 58 49 49 24 24 24 20 20 20 13 13 7 7 7 4 4 4 3 3 10 10 10 28 28 35 35 35 25 25 25 26 26 34 34 34 33 33 25 25 25 25 25 25 10 10 0 0 0 0 0 0 27 27 45 45 45 45 45 44 44 44 29 29 29 3 3 0 0 0 22 22 16 16 16 27 27 27 41 41
-9999 49 49 49 49 67 67 67 71 71 58 58 58 49 49 24 24 24 20 20 20 13 13 7 7 7 4 4 4 3 3 10 10 10 28 28 35 35 35 25 25 25 26 26 34 34 34 33 33 25 25 25 25 25 25 10 10 0 0 0 0 0 0 27 27 45 45 45 45 45 44 44 44 29 29 29 3 3 0 0 0 22 22 16 16 16 27 27 27 41 41
69 69 70 70 70 50 50 50 51 51 41 41 41 35 35 24 24 24 24 24 24 20 20 13 13 13 7 7 7 8 8 14 14 14 20 20 30 30 30 34 34 34 30 30 32 32 32 27 27 14 14 14 9 9 9 0 0 0 0 0 0 0 0 45 45 50 50 50 53 53 46 46 46 17 17 17 0 0 0 0 0 0 0 25 25 25 41 41 41 51 51
69 69 70 70 70 50 50 50 51 51 41 41 41 35 35 24 24 24 24 24 24 20 20 13 13 13 7 7 7 8 8 14 14 14 20 20 30 30 30 34 34 34 30 30 32 32 32 27 27 14 14 14 9 9 9 0 0 0 0 0 0 0 0 45 45 50 50 50 53 53 46 46 46 17 17 17 0 0 0 0 0 0 0 25 25 25 41 41 41 51 51
79 79 78 78 78 28 28 28 29 29 39 39 39 38 38 25 25 25 25 25 25 26 26 20 20 20 15 15 15 15 15 21 21 21 18 18 25 25 25 40 40 40 33 33 22 22 22 13 13 0 0 0 0 0 0 9 9 29 29 29 50 50 50 55 55 55 55 55 35 35 26 26 26 33 33 33 17 17 0 0 0 0 0 0 0 0 45 45 45 56 56
79 79 78 78 78 28 28 28 29 29 39 39 39 38 38 25 25 25 25 25 25 26 26 20 20 20 15 15 15 15 15 21 21 21 18 18 25 25 25 40 40 40 33 33 22 22 22 13 13 0 0 0 0 0 0 9 9 29 29 29 50 50 50 55 55 55 55 55 35 35 26 26 26 33 33 33 17 17 0 0 0 0 0 0 0 0 45 45 45 56 56
-9999 79 78 78 78 28 28 28 29 29 39 39 39 38 38 25 25 25 25 25 25 26 26 20 20 20 15 15 15 15 15 21 21 21 18 18 25 25 25 40 40 40 33 33 22 22 22 13 13 0 0 0 0 0 0 9 9 29 29 29 50 50 50 55 55 55 55 55 35 35 26 26 26 33 33 33 17 17 0 0 0 0 0 0 0 0 45 45 45 56 56
-9999 67 76 76 76 32 32 32 16 16 31 31 31 39 39 28 28 28 26 26 26 30 30 28 28 28 24 24 24 24 24 30 30 30 24 24 25 25 25 34 34 34 26 26 13 13 13 4 4 1 1 1 0 0 0 28 28 44 44 44 54 54 54 52 52 42 42 42 19 19 0 0 0 45 45 45 41 41 30 30 30 33 33 41 41 41 50 50 50 59 59
-9999 -9999 76 76 76 32 32 32 16 16 31 31 31 39 39 28 28 28 26 26 26 30 30 28 28 28 24 24 24 24 24 30 30 30 24 24 25 25 25 34 34 34 26 26 13 13 13 4 4 1 1 1 0 0 0 28 28 44 44 44 54 54 54 52 52 42 42 42 19 19 0 0 0 45 45 45 41 41 30 30 30 33 33 41 41 41 50 50 50 59 59
-9999 -9999 -9999 76 76 32 32 32 16 16 31 31 31 39 39 28 28 28 26 26 26 30 30 28 28 28 24 24 24 24 24 30 30 30 24 24 25 25 25 34 34 34 26 26 13 13 13 4 4 1 1 1 0 0 0 28 28 44 44 44 54 54 54 52 52 42 42 42 19 19 0 0 0 45 45 45 41 41 30 30 30 33 33 41 41 41 50 50 50 59 59
-9999 -9999 -9999 -9999 61 48 48 48 16 16 16 16 16 35 35 37 37 37 34 34 34 33 33 35 35 35 35 35 35 33 33 38 38 38 33 33 27 27 27 21 21 21 14 14 12 12 12 5 5 0 0 0 21 21 21 38 38 49 49 49 56 56 56 38 38 23 23 23 27 27 33 33 33 39 39 39 51 51 61 61 61 62 62 64 64 64 67 67 67 54 54
-9999 -9999 -9999 -9999 -9999 48 48 48 16 16 16 16 16 35 35 37 37 37 34 34 34 33 33 35 35 35 35 35 35 33 33 38 38 38 33 33 27 27 27 21 21 21 14 14 12 12 12 5 5 0 0 0 21 21 21 38 38 49 49 49 56 56 56 38 38 23 23 23 27 27 33 33 33 39 39 39 51 51 61 61 61 62 62 64 64 64 67 67 67 54 54
-9999 -9999 -9999 -9999 -9999 59 59 59 38 38 0 0 0 28 28 43 43 43 47 47 47 38 38 40 40 40 42 42 42 39 39 42 42 42 37 37 29 29 29 15 15 15 6 6 10 10 10 12 12 15 15 15 25 25 25 36 36 46 46 46 45 45 45 26 26 24 24 24 37 37 41 41 41 44 44 44 51 51 65 65 65 78 78 81 81 81 74 74 74 55 55
-9999 -9999 -9999 -9999 -9999 59 59 59 38 38 0 0 0 28 28 43 43 43 47 47 47 38 38 40 40 40 42 42 42 39 39 42 42 42 37 37 29 29 29 15 15 15 6 6 10 10 10 12 12 15 15 15 25 25 25 36 36 46 46 46 45 45 45 26 26 24 24 24 37 37 41 41 41 44 44 44 51 51 65 65 65 78 78 81 81 81 74 74 74 55 55
-9999 -9999 -9999 -9999 -9999 59 59 59 38 38 0 0 0 28 28 43 43 43 47 47 47 38 38 40 40 40 42 42 42 -9999 -9999 -9999 -9999 -9999 37 37 29 29 29 15 15 15 6 6 10 10 10 12 12 15 15 15 25 25 25 36 36 46 46 46 45 45 45 26 26 24 24 24 37 37 41 41 41 44 44 44 51 51 65 65 65 78 78 81 81 81 74 74 74 55 55
-9999 -9999 -9999 -9999 -9999 -9999 63 63 55 55 10 10 10 24 24 40 40 40 52 52 52 29 29 22 -9999 -9999 -9999 -9999 -9999 -9999 -9999 -9999 -9999 -9999 -9999 -9999 -9999 23 23 10 10 10 15 15 22 22 22 20 20 26 26 26 26 26 26 26 26 30 30 30 29 29 29 27 27 39 39 39 44 44 48 48 48 51 51 51 50 50 62 62 62 79 79 73 73 73 63 63 63 73 73
-9999 -9999 -9999 -9999 -9999 -9999 63 63 55 55 10 10 10 24 24 40 40 40 52 52 52 -9999 -9999 -9999 -9999 -9999 -9999 -9999 -9999 -9999 -9999 -9999 -9999 -9999 -9999 -9999 -9999 -9999 -9999 -9999 -9999 10 15 15 22 22 22 20 20 26 26 26 26 26 26 26 26 30 30 30 29 29 29 27 27 39 39 39 44 44 48 48 48 51 51 51 50 50 62 62 62 79 79 73 73 73 63 63 63 73 73
-9999 -9999 -9999 -9999 -9999 -9999 -9999 52 44 44 12 12 12 34 34 31 31 31 27 -9999 -9999 -9999 -9999 -9999 -9999 -9999 -9999 -9999 -9999 -9999 -9999 -9999 -9999 -9999 -9999 -9999 -9999 -9999 -9999 -9999 -9999 16 0 0 59 59 59 28 28 30 30 30 24 24 24 13 13 12 12 12 21 21 21 33 33 48 48 48 51 51 52 52 52 52 52 52 54 54 67 67 67 59 59 49 49 49 71 71 71 91 91
-9999 -9999 -9999 -9999 -9999 -9999 -9999 -9999 -9999 -9999 -9999 -9999 -9999 34 34 31 31 -9999 -9999 -9999 -9999 -9999 -9999 -9999 -9999 -9999 -9999 -9999 -9999 -9999 -9999 -9999 -9999 -9999 -9999 -9999 -9999 -9999 -9999 -9999 -9999 16 0 0 59 59 59 28 28 30 30 30 24 24 24 13 13 12 12 12 21 21 21 33 33 48 48 48 51 51 52 52 52 52 52 52 54 54 67 67 67 59 59 49 49 49 71 71 71 91 91
-9999 -9999 -9999 -9999 -9999 -9999 -9999 -9999 -9999 -9999 -9999 -9999 -9999 -9999 -9999 -9999 -9999 -9999 -9999 -9999 -9999 -9999 -9999 -9999 -9999 -9999 -9999 -9999 -9999 -9999 -9999 -9999 -9999 -9999 -9999 -9999 -9999 -9999 -9999 -9999 -9999 -9999 -9999 -9999 59 59 59 28 28 30 30 30 24 24 24 13 13 12 12 12 21 21 21 33 33 48 48 48 51 51 52 52 52 52 52 52 54 54 67 67 67 59 59 49 49 49 71 71 71 91 91
-9999 -9999 -9999 -9999 -9999 -9999 -9999 -9999 -9999 -9999 -9999 -9999 -9999 -9999 -9999 -9999 -9999 -9999 -9999 -9999 -9999 -9999 -9999 -9999 -9999 -9999 -9999 -9999 -9999 -9999 -9999 -9999 -9999 -9999 -9999 -9999 -9999 -9999 -9999 -9999 -9999 -9999 -9999 -9999 -9999 82 82 47 47 28 28 28 16 16 16 5 5 0 0 0 17 17 17 27 27 45 45 45 56 56 57 57 57 59 59 59 60 60 56 56 56 35 35 0 0 0 84 84 84 97 97
-9999 -9999 -9999 -9999 -9999 -9999 -9999 -9999 -9999 -9999 -9999 -9999 -9999 -9999 -9999 -9999 -9999 -9999 -9999 -9999 -9999 -9999 -9999 -9999 -9999 -9999 -9999 -9999 -9999 -9999 -9999 -9999 -9999 -9999 -9999 -9999 -9999 -9999 -9999 -9999 -9999 -9999 -9999 -9999 -9999 82 82 47 47 28 28 28 16 16 16 5 5 0 0 0 17 17 17 27 27 45 45 45 56 56 57 57 57 59 59 59 60 60 56 56 56 35 35 0 0 0 84 84 84 97 97
-9999 -9999 -9999 -9999 -9999 -9999 -9999 -9999 -9999 -9999 -9999 -9999 -9999 -9999 -9999 -9999 -9999 -9999 -9999 -9999 -9999 -9999 -9999 -9999 -9999 -9999 -9999 -9999 -9999 -9999 -9999 -9999 -9999 -9999 -9999 -9999 -9999 -9999 -9999 -9999 -9999 -9999 -9999 -9999 -9999 -9999 82 47 47 28 28 28 16 16 16 5 5 0 0 0 17 17 17 27 27 45 45 45 56 56 57 57 57 59 59 59 60 60 56 56 56 35 35 0 0 0 84 84 84 97 97
-9999 -9999 -9999 -9999 -9999 -9999 -9999 -9999 -9999 -9999 -9999 -9999 -9999 -9999 -9999 -9999 -9999 -9999 -9999 -9999 -9999 -9999 -9999 -9999 -9999 -9999 -9999 -9999 -9999 -9999 -9999 -9999 -9999 -9999 -9999 -9999 -9999 -9999 -9999 -9999 -9999 -9999 -9999 -9999 -9999 -9999 -9999 -9999 -9999 -9999 -9999 37 24 24 24 6 6 10 10 10 14 14 14 16 16 34 34 34 56 56 64 64 64 64 64 64 52 52 38 38 38 0 0 58 58 58 75 75 75 98 98
-9999 -9999 -9999 -9999 -9999 -9999 -9999 -9999 -9999 -9999 -9999 -9999 -9999 -9999 -9999 -9999 -9999 -9999 -9999 -9999 -9999 -9999 -9999 -9999 -9999 -9999 -9999 -9999 -9999 -9999 -9999 -9999 -9999 -9999 -9999 -9999 -9999 -9999 -9999 -9999 -9999 -9999 -9999 -9999 -9999 -9999 -9999 -9999 -9999 -9999 -9999 37 24 24 24 6 6 10 10 10 14 14 14 16 16 34 34 34 56 56 64 64 64 64 64 64 52 52 38 38 38 0 0 58 58 58 75 75 75 98 98
-9999 -9999 -9999 -9999 -9999 -9999 -9999 -9999 -9999 -9999 -9999 -9999 -9999 -9999 -9999 -9999 -9999 -9999 -9999 -9999 -9999 -9999 -9999 -9999 -9999 -9999 -9999 -9999 -9999 -9999 -9999 -9999 -9999 -9999 -9999 -9999 -9999 -9999 -9999 -9999 -9999 -9999 -9999 -9999 -9999 -9999 -9999 -9999 -9999 -9999 -9999 -9999 57 57 57 21 21 0 0 0 12 12 12 13 13 25 25 25 43 43 60 60 60 60 60 60 43 43 48 48 48 62 62 57 57 57 66 66 66 98 98
-9999 -9999 -9999 -9999 -9999 -9999 -9999 -9999 -9999 -9999 -9999 -9999 -9999 -9999 -9999 -9999 -9999 -9999 -9999 -9999 -9999 -9999 -9999 -9999 -9999 -9999 -9999 -9999 -9999 -9999 -9999 -9999 -9999 -9999 -9999 -9999 -9999 -9999 -9999 -9999 -9999 -9999 -9999 -9999 -9999 -9999 -9999 -9999 -9999 -9999 -9999 -9999 -9999 57 57 21 21 0 0 0 12 12 12 13 13 25 25 25 43 43 60 60 60 60 60 60 43 43 48 48 48 62 62 57 57 57 66 66 66 98 98
-9999 -9999 -9999 -9999 -9999 -9999 -9999 -9999 -9999 -9999 -9999 -9999 -9999 -9999 -9999 -9999 -9999 -9999 -9999 -9999 -9999 -9999 -9999 -9999 -9999 -9999 -9999 -9999 -9999 -9999 -9999 -9999 -9999 -9999 -9999 -9999 -9999 -9999 -9999 -9999 -9999 -9999 -9999 -9999 -9999 -9999 -9999 -9999 -9999 -9999 -9999 -9999 -9999 -9999 57 21 21 0 0 0 12 12 12 13 13 25 25 25 43 43 60 60 60 60 60 60 43 43 48 48 48 62 62 57 57 57 66 66 66 98 98
-9999 -9999 -9999 -9999 -9999 -9999 -9999 -9999 -9999 -9999 -9999 -9999 -9999 -9999 -9999 -9999 -9999 -9999 -9999 -9999 -9999 -9999 -9999 -9999 -9999 -9999 -9999 -9999 -9999 -9999 -9999 -9999 -9999 -9999 -9999 -9999 -9999 -9999 -9999 -9999 -9999 -9999 -9999 -9999 -9999 -9999 -9999 -9999 -9999 -9999 -9999 -9999 -9999 -9999 85 56 56 0 0 0 11 11 11 11 11 18 18 18 27 27 42 42 42 43 43 43 50 50 69 69 69 64 64 59 59 59 74 74 74 82 82
-9999 -9999 -9999 -9999 -9999 -9999 -9999 -9999 -9999 -9999 -9999 -9999 -9999 -9999 -9999 -9999 -9999 -9999 -9999 -9999 -9999 -9999 -9999 -9999 -9999 -9999 -9999 -9999 -9999 -9999 -9999 -9999 -9999 -9999 -9999 -9999 -9999 -9999 -9999 -9999 -9999 -9999 -9999 -9999 -9999 -9999 -9999 -9999 -9999 -9999 -9999 -9999 -9999 85 85 56 56 0 0 0 11 11 11 11 11 18 18 18 27 27 42 42 42 43 43 43 50 50 69 69 69 64 64 59 59 59 74 74 74 82 82
