SEB_model/sample_data_files/contemp/hillshade/aug6am.txt
ncols         313
nrows         278
xllcorner     388961.19995117
yllcorner     7584381.3441773
cellsize      5
NODATA_value  -9999
[rows 148 to 184 of 278, columns 0 to 83 of 313]
-9999 -9999 -9999 -9999 -9999 -9999 -9999 -9999 -9999 -9999 -9999 -9999 -9999 -9999 -9999 -9999 -9999 -9999 -9999 -9999 -9999 -9999 -9999 -9999 -9999 -9999 -9999 -9999 -9999 -9999 -9999 -9999 -9999 -9999 -9999 -9999 -9999 -9999 -9999 -9999 -9999 -9999 -9999 -9999 -9999 -9999 -9999 -9999 -9999 -9999 -9999 -9999 -9999 -9999 -9999 -9999 -9999 -9999 -9999 -9999 -9999 -9999 -9999 -9999 -9999 -9999 -9999 -9999 -9999 134 125 125 125 131 131 131 105 105 103 103 103 130 130 138
-9999 -9999 -9999 -9999 -9999 -9999 -9999 -9999 -9999 -9999 -9999 -9999 -9999 -9999 -9999 -9999 -9999 -9999 -9999 -9999 -9999 -9999 -9999 -9999 -9999 -9999 -9999 -9999 -9999 -9999 -9999 -9999 -9999 -9999 -9999 -9999 -9999 -9999 -9999 -9999 -9999 -9999 -9999 -9999 -9999 -9999 -9999 -9999 -9999 -9999 -9999 -9999 -9999 -9999 -9999 -9999 -9999 -9999 -9999 -9999 -9999 -9999 -9999 -9999 -9999 -9999 -9999 -9999 134 134 125 125 125 131 131 131 105 105 103 103 103 130 130 138
-9999 -9999 -9999 -9999 -9999 -9999 -9999 -9999 -9999 -9999 -9999 -9999 -9999 -9999 -9999 -9999 -9999 -9999 -9999 -9999 -9999 -9999 -9999 -9999 -9999 -9999 -9999 -9999 -9999 -9999 -9999 -9999 -9999 -9999 -9999 -9999 -9999 -9999 -9999 -9999 -9999 -9999 -9999 -9999 -9999 -9999 -9999 -9999 -9999 -9999 -9999 -9999 -9999 -9999 -9999 -9999 -9999 -9999 -9999 -9999 -9999 -9999 -9999 -9999 -9999 -9999 140 140 102 102 104 104 104 130 130 130 125 125 119 119 119 126 126 132
-9999 -9999 -9999 -9999 -9999 -9999 -9999 -9999 -9999 -9999 -9999 -9999 -9999 -9999 -9999 -9999 -9999 -9999 -9999 -9999 -9999 -9999 -9999 -9999 -9999 -9999 -9999 -9999 -9999 -9999 -9999 -9999 -9999 -9999 -9999 -9999 -9999 -9999 -9999 -9999 -9999 -9999 -9999 -9999 -9999 -9999 -9999 -9999 -9999 -9999 -9999 -9999 -9999 -9999 -9999 -9999 -9999 -9999 -9999 -9999 -9999 -9999 -9999 -9999 -9999 140 140 140 102 102 104 104 104 130 130 130 125 125 119 119 119 126 126 132
-9999 -9999 -9999 -9999 -9999 -9999 -9999 -9999 -9999 -9999 -9999 -9999 -9999 -9999 -9999 -9999 -9999 -9999 -9999 -9999 -9999 -9999 -9999 -9999 -9999 -9999 -9999 -9999 -9999 -9999 -9999 -9999 -9999 -9999 -9999 -9999 -9999 -9999 -9999 -9999 -9999 -9999 -9999 -9999 -9999 -9999 -9999 -9999 -9999 -9999 -9999 -9999 -9999 -9999 -9999 -9999 -9999 -9999 -9999 -9999 -9999 -9999 -9999 150 150 108 108 108 92 92 112 112 112 127 127 127 136 136 128 128 128 125 125 129
-9999 -9999 -9999 -9999 -9999 -9999 -9999 -9999 -9999 -9999 -9999 -9999 -9999 -9999 -9999 -9999 -9999 -9999 -9999 -9999 -9999 -9999 -9999 -9999 -9999 -9999 -9999 -9999 -9999 -9999 -9999 -9999 -9999 -9999 -9999 -9999 -9999 -9999 -9999 -9999 -9999 -9999 -9999 -9999 -9999 -9999 -9999 -9999 -9999 -9999 -9999 -9999 -9999 -9999 -9999 -9999 -9999 -9999 -9999 -9999 -9999 -9999 162 150 150 108 108 108 92 92 112 112 112 127 127 127 136 136 128 128 128 125 125 129
-9999 -9999 -9999 -9999 -9999 -9999 -9999 -9999 -9999 -9999 -9999 -9999 -9999 -9999 -9999 -9999 -9999 -9999 -9999 -9999 -9999 -9999 -9999 -9999 -9999 -9999 -9999 -9999 -9999 -9999 -9999 -9999 -9999 -9999 -9999 -9999 -9999 -9999 -9999 -9999 -9999 -9999 -9999 -9999 -9999 -9999 -9999 -9999 -9999 -9999 -9999 -9999 -9999 -9999 -9999 -9999 -9999 -9999 -9999 -9999 -9999 162 162 150 150 108 108 108 92 92 112 112 112 127 127 127 136 136 128 128 128 125 125 129
-9999 -9999 -9999 -9999 -9999 -9999 -9999 -9999 -9999 -9999 -9999 -9999 -9999 -9999 -9999 -9999 -9999 -9999 -9999 -9999 -9999 -9999 -9999 -9999 -9999 -9999 -9999 -9999 -9999 -9999 -9999 -9999 -9999 -9999 -9999 -9999 -9999 -9999 -9999 -9999 -9999 -9999 -9999 -9999 -9999 -9999 -9999 -9999 -9999 -9999 -9999 -9999 -9999 -9999 -9999 -9999 -9999 -9999 -9999 151 158 158 158 135 135 91 91 91 112 112 120 120 120 121 121 121 130 130 119 119 119 128 128 133
-9999 -9999 -9999 -9999 -9999 -9999 -9999 -9999 -9999 -9999 -9999 -9999 -9999 -9999 -9999 -9999 -9999 -9999 -9999 -9999 -9999 -9999 -9999 -9999 -9999 -9999 -9999 -9999 -9999 -9999 -9999 -9999 -9999 -9999 -9999 -9999 -9999 -9999 -9999 -9999 -9999 -9999 -9999 -9999 -9999 -9999 -9999 -9999 -9999 -9999 -9999 -9999 -9999 -9999 -9999 -9999 -9999 -9999 151 151 158 158 158 135 135 91 91 91 112 112 120 120 120 121 121 121 130 130 119 119 119 128 128 133
-9999 -9999 -9999 -9999 -9999 -9999 -9999 -9999 -9999 -9999 -9999 -9999 -9999 -9999 -9999 -9999 -9999 -9999 -9999 -9999 -9999 76 76 80 80 -9999 -9999 -9999 -9999 -9999 -9999 -9999 -9999 -9999 -9999 -9999 -9999 -9999 -9999 -9999 -9999 -9999 -9999 -9999 -9999 -9999 -9999 -9999 -9999 -9999 -9999 -9999 -9999 -9999 -9999 -9999 151 151 151 151 158 158 158 135 135 91 91 91 112 112 120 120 120 121 121 121 130 130 119 119 119 128 128 133
-9999 -9999 -9999 -9999 -9999 -9999 -9999 -9999 -9999 -9999 -9999 -9999 -9999 -9999 -9999 -9999 -9999 -9999 -9999 65 65 62 62 74 74 74 -9999 -9999 -9999 -9999 -9999 -9999 -9999 -9999 -9999 -9999 -9999 -9999 -9999 -9999 -9999 -9999 -9999 -9999 -9999 -9999 -9999 -9999 -9999 -9999 -9999 -9999 -9999 -9999 154 150 150 128 128 128 140 140 140 133 133 100 100 100 117 117 115 115 115 115 115 115 126 126 112 112 112 126 126 142
-9999 -9999 -9999 -9999 -9999 -9999 -9999 -9999 -9999 -9999 -9999 -9999 -9999 -9999 -9999 -9999 -9999 -9999 65 65 65 62 62 74 74 74 92 -9999 -9999 -9999 -9999 -9999 -9999 -9999 -9999 -9999 -9999 -9999 -9999 -9999 -9999 -9999 -9999 -9999 -9999 -9999 -9999 -9999 -9999 -9999 -9999 145 154 154 154 150 150 128 128 128 140 140 140 133 133 100 100 100 117 117 115 115 115 115 115 115 126 126 112 112 112 126 126 142
-9999 -9999 -9999 -9999 -9999 -9999 -9999 -9999 -9999 -9999 -9999 -9999 -9999 -9999 -9999 -9999 -9999 67 0 0 0 48 48 70 70 70 98 98 -9999 -9999 -9999 -9999 -9999 -9999 -9999 -9999 -9999 -9999 -9999 -9999 -9999 -9999 -9999 -9999 -9999 -9999 -9999 -9999 -9999 151 151 151 164 164 164 139 139 117 117 117 137 137 137 137 137 108 108 108 104 104 102 102 102 109 109 109 128 128 115 115 115 126 126 146
-9999 -9999 -9999 -9999 -9999 -9999 -9999 -9999 -9999 -9999 -9999 -9999 -9999 -9999 -9999 -9999 67 67 0 0 0 48 48 70 70 70 98 98 98 -9999 -9999 -9999 -9999 -9999 -9999 -9999 -9999 -9999 -9999 -9999 -9999 -9999 -9999 -9999 -9999 -9999 -9999 -9999 139 151 151 151 164 164 164 139 139 117 117 117 137 137 137 137 137 108 108 108 104 104 102 102 102 109 109 109 128 128 115 115 115 126 126 146
-9999 -9999 -9999 -9999 -9999 -9999 -9999 -9999 -9999 -9999 -9999 -9999 -9999 -9999 -9999 -9999 67 67 0 0 0 48 48 70 70 70 98 98 98 116 -9999 -9999 -9999 -9999 -9999 -9999 -9999 -9999 -9999 -9999 -9999 -9999 -9999 -9999 -9999 -9999 -9999 139 139 151 151 151 164 164 164 139 139 117 117 117 137 137 137 137 137 108 108 108 104 104 102 102 102 109 109 109 128 128 115 115 115 126 126 146
-9999 -9999 -9999 -9999 -9999 -9999 -9999 -9999 -9999 -9999 -9999 -9999 -9999 -9999 -9999 -9999 -9999 0 29 29 29 58 58 68 68 68 85 85 85 113 113 -9999 -9999 -9999 -9999 -9999 -9999 -9999 -9999 -9999 -9999 -9999 -9999 -9999 -9999 -9999 133 131 131 145 145 145 156 156 156 138 138 126 126 126 135 135 135 140 140 119 119 119 97 97 86 86 86 97 97 97 125 125 123 123 123 133 133 149
-9999 -9999 -9999 -9999 -9999 -9999 -9999 -9999 -9999 -9999 -9999 -9999 -9999 -9999 -9999 -9999 -9999 0 29 29 29 58 58 68 68 68 85 85 85 113 113 116 -9999 -9999 -9999 -9999 -9999 -9999 -9999 -9999 -9999 -9999 -9999 -9999 -9999 133 133 131 131 145 145 145 156 156 156 138 138 126 126 126 135 135 135 140 140 119 119 119 97 97 86 86 86 97 97 97 125 125 123 123 123 133 133 149
-9999 -9999 -9999 -9999 -9999 -9999 -9999 -9999 -9999 -9999 -9999 -9999 -9999 -9999 -9999 -9999 0 0 28 28 28 70 70 68 68 68 72 72 72 90 90 114 114 -9999 -9999 -9999 -9999 -9999 -9999 -9999 -9999 -9999 -9999 -9999 -9999 122 122 120 120 149 149 149 146 146 146 135 135 128 128 128 131 131 131 142 142 129 129 129 110 110 86 86 86 85 85 85 117 117 122 122 122 140 140 158
-9999 -9999 -9999 -9999 -9999 -9999 -9999 -9999 -9999 -9999 -9999 -9999 -9999 -9999 -9999 -9999 -9999 0 28 28 28 70 70 68 68 68 72 72 72 90 90 114 114 114 -9999 -9999 -9999 -9999 -9999 -9999 -9999 -9999 -9999 -9999 122 122 122 120 120 149 149 149 146 146 146 135 135 128 128 128 131 131 131 142 142 129 129 129 110 110 86 86 86 85 85 85 117 117 122 122 122 140 140 158
-9999 -9999 -9999 -9999 -9999 -9999 -9999 -9999 -9999 -9999 -9999 -9999 -9999 -9999 -9999 -9999 -9999 0 28 28 28 70 70 68 68 68 72 72 72 90 90 114 114 114 115 115 -9999 -9999 -9999 -9999 -9999 -9999 -9999 132 122 122 122 120 120 149 149 149 146 146 146 135 135 128 128 128 131 131 131 142 142 129 129 129 110 110 86 86 86 85 85 85 117 117 122 122 122 140 140 158
-9999 -9999 -9999 -9999 -9999 -9999 -9999 -9999 -9999 -9999 -9999 -9999 -9999 -9999 -9999 -9999 -9999 0 27 27 27 71 71 70 70 70 73 73 73 76 76 88 88 88 114 114 113 113 -9999 -9999 -9999 -9999 138 138 122 122 122 122 122 149 149 149 131 131 131 127 127 132 132 132 129 129 129 133 133 127 127 127 127 127 106 106 106 85 85 85 106 106 112 112 112 136 136 161
-9999 -9999 -9999 -9999 -9999 -9999 -9999 -9999 -9999 -9999 -9999 -9999 -9999 -9999 -9999 -9999 -9999 0 27 27 27 71 71 70 70 70 73 73 73 76 76 88 88 88 114 114 113 113 113 112 112 112 138 138 122 122 122 122 122 149 149 149 131 131 131 127 127 132 132 132 129 129 129 133 133 127 127 127 127 127 106 106 106 85 85 85 106 106 112 112 112 136 136 161
-9999 -9999 -9999 -9999 -9999 -9999 -9999 -9999 -9999 -9999 -9999 -9999 -9999 -9999 -9999 -9999 -9999 0 27 27 27 71 71 70 70 70 73 73 73 76 76 88 88 88 114 114 113 113 113 112 112 112 138 138 122 122 122 122 122 149 149 149 131 131 131 127 127 132 132 132 129 129 129 133 133 127 127 127 127 127 106 106 106 85 85 85 106 106 112 112 112 136 136 161
-9999 -9999 -9999 -9999 -9999 -9999 -9999 -9999 -9999 -9999 -9999 -9999 -9999 -9999 -9999 -9999 0 0 24 24 24 72 72 73 73 73 74 74 74 75 75 76 76 76 93 93 106 106 106 114 114 114 136 136 135 135 135 133 133 137 137 137 122 122 122 132 132 134 134 134 122 122 122 126 126 119 119 119 125 125 119 119 119 102 102 102 108 108 104 104 104 122 122 150
-9999 -9999 -9999 -9999 -9999 -9999 -9999 -9999 -9999 -9999 -9999 -9999 -9999 -9999 -9999 0 0 0 24 24 24 72 72 73 73 73 74 74 74 75 75 76 76 76 93 93 106 106 106 114 114 114 136 136 135 135 135 133 133 137 137 137 122 122 122 132 132 134 134 134 122 122 122 126 126 119 119 119 125 125 119 119 119 102 102 102 108 108 104 104 104 122 122 150
-9999 -9999 -9999 -9999 -9999 -9999 -9999 -9999 -9999 -9999 -9999 -9999 -9999 -9999 72 0 0 0 33 33 33 73 73 76 76 76 75 75 75 77 77 78 78 78 83 83 94 94 94 111 111 111 129 129 135 135 135 130 130 129 129 129 127 127 127 130 130 123 123 123 115 115 115 123 123 113 113 113 113 113 114 114 114 122 122 122 127 127 104 104 104 109 109 142
-9999 -9999 -9999 -9999 -9999 -9999 -9999 -9999 -9999 -9999 -9999 -9999 -9999 72 72 0 0 0 33 33 33 73 73 76 76 76 75 75 75 77 77 78 78 78 83 83 94 94 94 111 111 111 129 129 135 135 135 130 130 129 129 129 127 127 127 130 130 123 123 123 115 115 115 123 123 113 113 113 113 113 114 114 114 122 122 122 127 127 104 104 104 109 109 142
-9999 -9999 -9999 -9999 -9999 -9999 -9999 -9999 -9999 -9999 -9999 82 82 72 72 0 0 0 33 33 33 73 73 76 76 76 75 75 75 77 77 78 78 78 83 83 94 94 94 111 111 111 129 129 135 135 135 130 130 129 129 129 127 127 127 130 130 123 123 123 115 115 115 123 123 113 113 113 113 113 114 114 114 122 122 122 127 127 104 104 104 109 109 142
-9999 -9999 -9999 -9999 -9999 -9999 -9999 -9999 -9999 -9999 -9999 77 77 0 0 35 35 35 58 58 58 76 76 78 78 78 77 77 77 79 79 81 81 81 86 86 96 96 96 110 110 110 125 125 128 128 128 123 123 129 129 129 126 126 126 120 120 116 116 116 109 109 109 113 113 104 104 104 105 105 108 108 108 128 128 128 141 141 116 116 116 111 111 137
-9999 -9999 -9999 -9999 -9999 -9999 -9999 -9999 -9999 -9999 77 77 77 0 0 35 35 35 58 58 58 76 76 78 78 78 77 77 77 79 79 81 81 81 86 86 96 96 96 110 110 110 125 125 128 128 128 123 123 129 129 129 126 126 126 120 120 116 116 116 109 109 109 113 113 104 104 104 105 105 108 108 108 128 128 128 141 141 116 116 116 111 111 137
-9999 -9999 -9999 -9999 -9999 -9999 -9999 -9999 -9999 82 77 77 77 0 0 35 35 35 58 58 58 76 76 78 78 78 77 77 77 79 79 81 81 81 86 86 96 96 96 110 110 110 125 125 128 128 128 123 123 129 129 129 126 126 126 120 120 116 116 116 109 109 109 113 113 104 104 104 105 105 108 108 108 128 128 128 141 141 116 116 116 111 111 137
-9999 -9999 -9999 -9999 -9999 -9999 -9999 -9999 -9999 77 0 0 0 41 41 57 57 57 73 73 73 80 80 80 80 80 78 78 78 78 78 79 79 79 88 88 99 99 99 111 111 111 121 121 124 124 124 128 128 127 127 127 111 111 111 112 112 112 112 112 107 107 107 102 102 91 91 91 101 101 107 107 107 126 126 126 144 144 132 132 132 131 131 134
-9999 -9999 -9999 -9999 -9999 -9999 -9999 -9999 -9999 77 0 0 0 41 41 57 57 57 73 73 73 80 80 80 80 80 78 78 78 78 78 79 79 79 88 88 99 99 99 111 111 111 121 121 124 124 124 128 128 127 127 127 111 111 111 112 112 112 112 112 107 107 107 102 102 91 91 91 101 101 107 107 107 126 126 126 144 144 132 132 132 131 131 134
-9999 -9999 -9999 -9999 -9999 -9999 -9999 -9999 55 55 41 41 41 64 64 72 72 72 78 78 78 85 85 83 83 83 75 75 75 69 69 76 76 76 94 94 104 104 104 110 110 110 120 120 125 125 125 127 127 121 121 121 102 102 102 104 104 105 105 105 104 104 104 103 103 86 86 86 93 93 102 102 102 120 120 120 144 144 144 144 144 145 145 134
-9999 -9999 -9999 -9999 -9999 -9999 -9999 -9999 55 55 41 41 41 64 64 72 72 72 78 78 78 85 85 83 83 83 75 75 75 69 69 76 76 76 94 94 104 104 104 110 110 110 120 120 125 125 125 127 127 121 121 121 102 102 102 104 104 105 105 105 104 104 104 103 103 86 86 86 93 93 102 102 102 120 120 120 144 144 144 144 144 145 145 134
-9999 -9999 -9999 -9999 -9999 -9999 -9999 -9999 55 55 41 41 41 64 64 72 72 72 78 78 78 85 85 83 83 83 75 75 75 69 69 76 76 76 94 94 104 104 104 110 110 110 120 120 125 125 125 127 127 121 121 121 102 102 102 104 104 105 105 105 104 104 104 103 103 86 86 86 93 93 102 102 102 120 120 120 144 144 144 144 144 145 145 134
-9999 -9999 -9999 -9999 -9999 -9999 -9999 81 0 0 37 37 37 77 77 77 77 77 84 84 84 95 95 86 86 86 66 66 66 56 56 73 73 73 102 102 105 105 105 112 112 112 126 126 121 121 121 113 113 117 117 117 105 105 105 101 101 98 98 98 99 99 99 107 107 93 93 93 91 91 94 94 94 108 108 108 144 144 150 150 150 145 145 134
