SEB_model/sample_data_files/contemp/hillshade/aug6am.txt
ncols         313
nrows         278
xllcorner     388961.19995117
yllcorner     7584381.3441773
cellsize      5
NODATA_value  -9999
[rows 148 to 184 of 278, columns 168 to 251 of 313]
124 124 107 107 88 88 88 72 72 72 100 100 108 108 108 108 108 108 86 86 55 55 55 59 59 62 62 62 45 45 45 62 62 114 114 114 123 123 111 111 111 99 99 99 100 100 97 97 97 102 102 102 114 114 98 98 98 89 89 -9999 -9999 -9999 -9999 -9999 -9999 -9999 -9999 -9999 -9999 -9999 -9999 -9999 -9999 -9999 -9999 -9999 -9999 -9999 -9999 -9999 -9999 -9999 -9999 -9999
124 124 107 107 88 88 88 72 72 72 100 100 108 108 108 108 108 108 86 86 55 55 55 59 59 62 62 62 45 45 45 62 62 114 114 114 123 123 111 111 111 99 99 99 100 100 97 97 97 102 102 102 114 114 98 98 98 89 89 -9999 -9999 -9999 -9999 -9999 -9999 -9999 -9999 -9999 -9999 -9999 -9999 -9999 -9999 -9999 -9999 -9999 -9999 -9999 -9999 -9999 -9999 -9999 -9999 -9999
121 121 102 102 83 83 83 68 68 68 86 86 92 92 92 112 112 112 110 110 78 78 78 57 57 49 49 49 49 49 49 73 73 107 107 107 102 102 96 96 96 93 93 93 96 96 92 92 92 99 99 99 113 113 95 95 95 84 84 -9999 -9999 -9999 -9999 -9999 -9999 -9999 -9999 -9999 -9999 -9999 -9999 -9999 -9999 -9999 -9999 -9999 -9999 -9999 -9999 -9999 -9999 -9999 -9999 -9999
121 121 102 102 83 83 83 68 68 68 86 86 92 92 92 112 112 112 110 110 78 78 78 57 57 49 49 49 49 49 49 73 73 107 107 107 102 102 96 96 96 93 93 93 96 96 92 92 92 99 99 99 113 113 95 95 95 84 84 130 -9999 -9999 -9999 -9999 -9999 -9999 -9999 -9999 -9999 -9999 -9999 -9999 -9999 -9999 -9999 -9999 -9999 -9999 -9999 -9999 -9999 -9999 -9999 -9999
122 122 101 101 83 83 83 72 72 72 89 89 93 93 93 112 112 112 111 111 91 91 91 81 81 61 61 61 42 42 42 59 59 88 88 88 97 97 94 94 94 89 89 89 97 97 99 99 99 108 108 108 113 113 94 94 94 87 87 140 -9999 -9999 -9999 -9999 -9999 -9999 -9999 -9999 -9999 -9999 -9999 -9999 -9999 -9999 -9999 -9999 -9999 -9999 -9999 -9999 -9999 -9999 -9999 -9999
122 122 101 101 83 83 83 72 72 72 89 89 93 93 93 112 112 112 111 111 91 91 91 81 81 61 61 61 42 42 42 59 59 88 88 88 97 97 94 94 94 89 89 89 97 97 99 99 99 108 108 108 113 113 94 94 94 87 87 140 -9999 -9999 -9999 -9999 -9999 -9999 -9999 -9999 -9999 -9999 -9999 -9999 -9999 -9999 -9999 -9999 -9999 -9999 -9999 -9999 -9999 -9999 -9999 -9999
122 122 101 101 83 83 83 72 72 72 89 89 93 93 93 112 112 112 111 111 91 91 91 81 81 61 61 61 42 42 42 59 59 88 88 88 97 97 94 94 94 89 89 89 97 97 99 99 99 108 108 108 113 113 94 94 94 87 87 140 -9999 -9999 -9999 -9999 -9999 -9999 -9999 -9999 -9999 -9999 -9999 -9999 -9999 -9999 -9999 -9999 -9999 -9999 -9999 -9999 -9999 -9999 -9999 -9999
120 120 99 99 83 83 83 77 77 77 101 101 104 104 104 99 99 99 76 76 77 77 77 112 112 100 100 100 0 0 0 26 26 65 65 65 98 98 92 92 92 84 84 84 108 108 112 112 112 110 110 110 103 103 91 91 91 91 91 127 127 -9999 -9999 -9999 -9999 -9999 -9999 -9999 -9999 -9999 -9999 -9999 -9999 -9999 -9999 -9999 -9999 -9999 -9999 -9999 -9999 -9999 -9999 -9999
120 120 99 99 83 83 83 77 77 77 101 101 104 104 104 99 99 99 76 76 77 77 77 112 112 100 100 100 0 0 0 26 26 65 65 65 98 98 92 92 92 84 84 84 108 108 112 112 112 110 110 110 103 103 91 91 91 91 91 127 127 -9999 -9999 -9999 -9999 -9999 -9999 -9999 -9999 -9999 -9999 -9999 -9999 -9999 -9999 -9999 -9999 -9999 -9999 -9999 -9999 -9999 -9999 -9999
120 120 99 99 83 83 83 77 77 77 101 101 104 104 104 99 99 99 76 76 77 77 77 112 112 100 100 100 0 0 0 26 26 65 65 65 98 98 92 92 92 84 84 84 108 108 112 112 112 110 110 110 103 103 91 91 91 91 91 127 127 -9999 -9999 -9999 -9999 -9999 -9999 -9999 -9999 -9999 -9999 -9999 -9999 -9999 -9999 -9999 -9999 -9999 -9999 -9999 -9999 -9999 -9999 -9999
115 115 100 100 84 84 84 87 87 87 115 115 105 105 105 80 80 80 0 0 59 59 59 130 130 122 122 122 54 54 54 0 0 36 36 36 95 95 99 99 99 90 90 90 122 122 114 114 114 101 101 101 95 95 91 91 91 91 91 103 103 -9999 -9999 -9999 -9999 -9999 -9999 -9999 -9999 -9999 -9999 -9999 -9999 -9999 -9999 -9999 -9999 -9999 -9999 -9999 -9999 -9999 -9999 -9999
115 115 100 100 84 84 84 87 87 87 115 115 105 105 105 80 80 80 0 0 59 59 59 130 130 122 122 122 54 54 54 0 0 36 36 36 95 95 99 99 99 90 90 90 122 122 114 114 114 101 101 101 95 95 91 91 91 91 91 103 103 -9999 -9999 -9999 -9999 -9999 -9999 -9999 -9999 -9999 -9999 -9999 -9999 -9999 -9999 -9999 -9999 -9999 -9999 -9999 -9999 -9999 -9999 -9999
109 109 96 96 92 92 92 101 101 101 113 113 89 89 89 67 67 67 41 41 59 59 59 116 116 109 109 109 76 76 76 54 54 0 0 0 83 83 113 113 113 103 103 103 113 113 102 102 102 90 90 90 90 90 88 88 88 89 89 104 -9999 -9999 -9999 -9999 -9999 -9999 -9999 -9999 -9999 -9999 -9999 -9999 -9999 -9999 -9999 -9999 -9999 -9999 -9999 -9999 -9999 -9999 -9999 -9999
109 109 96 96 92 92 92 101 101 101 113 113 89 89 89 67 67 67 41 41 59 59 59 116 116 109 109 109 76 76 76 54 54 0 0 0 83 83 113 113 113 103 103 103 113 113 102 102 102 90 90 90 90 90 88 88 88 89 89 104 -9999 -9999 -9999 -9999 -9999 -9999 -9999 -9999 -9999 -9999 -9999 -9999 -9999 -9999 -9999 -9999 -9999 -9999 -9999 -9999 -9999 -9999 -9999 -9999
109 109 96 96 92 92 92 101 101 101 113 113 89 89 89 67 67 67 41 41 59 59 59 116 116 109 109 109 76 76 76 54 54 0 0 0 83 83 113 113 113 103 103 103 113 113 102 102 102 90 90 90 90 90 88 88 88 89 89 -9999 -9999 -9999 -9999 -9999 -9999 -9999 -9999 -9999 -9999 -9999 -9999 -9999 -9999 -9999 -9999 -9999 -9999 -9999 -9999 -9999 -9999 -9999 -9999 -9999
106 106 96 96 99 99 99 100 100 100 94 94 74 74 74 63 63 63 56 56 66 66 66 83 83 83 83 83 79 79 79 76 76 67 67 67 84 84 119 119 119 106 106 106 87 87 87 87 87 84 84 84 84 84 82 82 82 99 -9999 -9999 -9999 -9999 -9999 -9999 -9999 -9999 -9999 -9999 -9999 -9999 -9999 -9999 -9999 -9999 -9999 -9999 -9999 -9999 -9999 -9999 -9999 -9999 -9999 -9999
106 106 96 96 99 99 99 100 100 100 94 94 74 74 74 63 63 63 56 56 66 66 66 83 83 83 83 83 79 79 79 76 76 67 67 67 84 84 119 119 119 106 106 106 87 87 87 87 87 84 84 84 84 84 82 82 82 -9999 -9999 -9999 -9999 -9999 -9999 -9999 -9999 -9999 -9999 -9999 -9999 -9999 -9999 -9999 -9999 -9999 -9999 -9999 -9999 -9999 -9999 -9999 -9999 -9999 -9999 -9999
112 112 106 106 97 97 97 83 83 83 84 84 75 75 75 65 65 65 60 60 68 68 68 77 77 75 75 75 66 66 66 78 78 91 91 91 100 100 118 118 118 98 98 98 75 75 82 82 82 84 84 84 83 83 82 82 82 -9999 -9999 -9999 -9999 -9999 -9999 -9999 -9999 -9999 -9999 -9999 -9999 -9999 -9999 -9999 -9999 -9999 -9999 -9999 -9999 -9999 -9999 -9999 -9999 -9999 -9999 -9999
112 112 106 106 97 97 97 83 83 83 84 84 75 75 75 65 65 65 60 60 68 68 68 77 77 75 75 75 66 66 66 78 78 91 91 91 100 100 118 118 118 98 98 98 75 75 82 82 82 84 84 84 83 83 82 82 82 -9999 -9999 -9999 -9999 -9999 -9999 -9999 -9999 -9999 -9999 -9999 -9999 -9999 -9999 -9999 -9999 -9999 -9999 -9999 -9999 -9999 -9999 -9999 -9999 -9999 -9999 -9999
112 112 106 106 97 97 97 83 83 83 84 84 75 75 75 65 65 65 60 60 68 68 68 77 77 75 75 75 66 66 66 78 78 91 91 91 100 100 118 118 118 98 98 98 75 75 82 82 82 84 84 84 83 83 82 82 82 -9999 -9999 -9999 -9999 -9999 -9999 -9999 -9999 -9999 -9999 -9999 -9999 -9999 -9999 -9999 -9999 -9999 -9999 -9999 -9999 -9999 -9999 -9999 -9999 -9999 -9999 -9999
121 121 105 105 90 90 90 74 74 74 81 81 76 76 76 66 66 66 61 61 70 70 70 81 81 75 75 75 54 54 54 67 67 93 93 93 105 105 108 108 108 92 92 92 79 79 82 82 82 86 86 86 85 85 95 95 -9999 -9999 -9999 -9999 -9999 -9999 -9999 -9999 -9999 -9999 -9999 -9999 -9999 -9999 -9999 -9999 -9999 -9999 -9999 -9999 -9999 -9999 -9999 -9999 -9999 -9999 -9999 -9999
121 121 105 105 90 90 90 74 74 74 81 81 76 76 76 66 66 66 61 61 70 70 70 81 81 75 75 75 54 54 54 67 67 93 93 93 105 105 108 108 108 92 92 92 79 79 82 82 82 86 86 86 85 85 95 -9999 -9999 -9999 -9999 -9999 -9999 -9999 -9999 -9999 -9999 -9999 -9999 -9999 -9999 -9999 -9999 -9999 -9999 -9999 -9999 -9999 -9999 -9999 -9999 -9999 -9999 -9999 -9999 -9999
121 121 105 105 90 90 90 74 74 74 81 81 76 76 76 66 66 66 61 61 70 70 70 81 81 75 75 75 54 54 54 67 67 93 93 93 105 105 108 108 108 92 92 92 79 79 82 82 82 86 86 86 85 -9999 -9999 -9999 -9999 -9999 -9999 -9999 -9999 -9999 -9999 -9999 -9999 -9999 -9999 -9999 -9999 -9999 -9999 -9999 -9999 -9999 -9999 -9999 -9999 -9999 -9999 -9999 -9999 -9999 -9999 -9999
115 115 92 92 87 87 87 80 80 80 75 75 69 69 69 65 65 65 67 67 70 70 70 75 75 70 70 70 57 57 57 65 65 85 85 85 97 97 99 99 99 91 91 91 86 -9999 -9999 -9999 -9999 -9999 -9999 -9999 -9999 -9999 -9999 -9999 -9999 -9999 -9999 -9999 -9999 -9999 -9999 -9999 -9999 -9999 -9999 -9999 -9999 -9999 -9999 -9999 -9999 -9999 -9999 -9999 -9999 -9999 -9999 -9999 -9999 -9999 -9999 -9999
115 115 92 92 87 87 87 80 80 80 75 75 69 69 69 65 65 65 67 67 70 70 70 75 75 70 70 70 57 57 57 65 65 85 85 85 97 97 99 99 99 91 91 91 86 86 -9999 -9999 -9999 -9999 -9999 -9999 -9999 -9999 -9999 -9999 -9999 -9999 -9999 -9999 -9999 -9999 -9999 -9999 -9999 -9999 -9999 -9999 -9999 -9999 -9999 -9999 -9999 -9999 -9999 -9999 -9999 -9999 -9999 -9999 -9999 -9999 -9999 -9999
95 95 84 84 89 89 89 85 85 85 71 71 64 64 64 65 65 65 70 70 70 70 70 70 70 67 67 67 67 67 67 74 74 82 82 82 91 91 108 108 108 107 107 -9999 -9999 -9999 -9999 -9999 -9999 -9999 -9999 -9999 -9999 -9999 -9999 -9999 -9999 -9999 -9999 -9999 -9999 -9999 -9999 -9999 -9999 -9999 -9999 -9999 -9999 -9999 -9999 -9999 -9999 -9999 -9999 -9999 -9999 -9999 -9999 -9999 -9999 -9999 -9999 -9999
95 95 84 84 89 89 89 85 85 85 71 71 64 64 64 65 65 65 70 70 70 70 70 70 70 67 67 67 67 67 67 74 74 82 82 82 91 91 -9999 -9999 -9999 -9999 -9999 -9999 -9999 -9999 -9999 -9999 -9999 -9999 -9999 -9999 -9999 -9999 -9999 -9999 -9999 -9999 -9999 -9999 -9999 -9999 -9999 -9999 -9999 -9999 -9999 -9999 -9999 -9999 -9999 -9999 -9999 -9999 -9999 -9999 -9999 -9999 -9999 -9999 -9999 -9999 -9999 -9999
95 95 84 84 89 89 89 85 85 85 71 71 64 64 64 65 65 65 70 70 70 70 70 70 70 67 67 67 67 67 67 74 74 82 82 -9999 -9999 -9999 -9999 -9999 -9999 -9999 -9999 -9999 -9999 -9999 -9999 -9999 -9999 -9999 -9999 -9999 -9999 -9999 -9999 -9999 -9999 -9999 -9999 -9999 -9999 -9999 -9999 -9999 -9999 -9999 -9999 -9999 -9999 -9999 -9999 -9999 -9999 -9999 -9999 -9999 -9999 -9999 -9999 -9999 -9999 -9999 -9999 -9999
83 83 81 81 88 88 88 85 85 85 71 71 64 64 64 63 63 63 66 66 69 69 69 70 70 73 73 73 91 91 91 95 95 -9999 -9999 -9999 -9999 -9999 -9999 -9999 -9999 -9999 -9999 -9999 -9999 -9999 -9999 -9999 -9999 -9999 -9999 -9999 -9999 -9999 -9999 -9999 -9999 -9999 -9999 -9999 -9999 -9999 -9999 -9999 -9999 -9999 -9999 -9999 -9999 -9999 -9999 -9999 -9999 -9999 -9999 -9999 -9999 -9999 -9999 -9999 -9999 -9999 -9999 -9999
83 83 81 81 88 88 88 85 85 85 71 71 64 64 64 63 63 63 66 66 69 69 69 70 70 73 73 -9999 -9999 -9999 -9999 -9999 -9999 -9999 -9999 -9999 -9999 -9999 -9999 -9999 -9999 -9999 -9999 -9999 -9999 -9999 -9999 -9999 -9999 -9999 -9999 -9999 -9999 -9999 -9999 -9999 -9999 -9999 -9999 -9999 -9999 -9999 -9999 -9999 -9999 -9999 -9999 -9999 -9999 -9999 -9999 -9999 -9999 -9999 -9999 -9999 -9999 -9999 -9999 -9999 -9999 -9999 -9999 -9999
83 83 81 81 88 -9999 -9999 -9999 -9999 -9999 -9999 71 64 64 64 63 63 63 66 66 69 69 69 70 -9999 -9999 -9999 -9999 -9999 -9999 -9999 -9999 -9999 -9999 -9999 -9999 -9999 -9999 -9999 -9999 -9999 -9999 -9999 -9999 -9999 -9999 -9999 -9999 -9999 -9999 -9999 -9999 -9999 -9999 -9999 -9999 -9999 -9999 -9999 -9999 -9999 -9999 -9999 -9999 -9999 -9999 -9999 -9999 -9999 -9999 -9999 -9999 -9999 -9999 -9999 -9999 -9999 -9999 -9999 -9999 -9999 -9999 -9999 -9999
86 -9999 82 82 -9999 -9999 -9999 -9999 -9999 -9999 -9999 -9999 -9999 53 53 49 49 49 62 62 68 68 -9999 -9999 -9999 -9999 -9999 -9999 -9999 -9999 -9999 -9999 -9999 -9999 -9999 -9999 -9999 -9999 -9999 -9999 -9999 -9999 -9999 -9999 -9999 -9999 -9999 -9999 -9999 -9999 -9999 -9999 -9999 -9999 -9999 -9999 -9999 -9999 -9999 -9999 -9999 -9999 -9999 -9999 -9999 -9999 -9999 -9999 -9999 -9999 -9999 -9999 -9999 -9999 -9999 -9999 -9999 -9999 -9999 -9999 -9999 -9999 -9999 -9999
-9999 -9999 -9999 -9999 -9999 -9999 -9999 -9999 -9999 -9999 -9999 -9999 -9999 -9999 53 49 49 49 62 62 -9999 -9999 -9999 -9999 -9999 -9999 -9999 -9999 -9999 -9999 -9999 -9999 -9999 -9999 -9999 -9999 -9999 -9999 -9999 -9999 -9999 -9999 -9999 -9999 -9999 -9999 -9999 -9999 -9999 -9999 -9999 -9999 -9999 -9999 -9999 -9999 -9999 -9999 -9999 -9999 -9999 -9999 -9999 -9999 -9999 -9999 -9999 -9999 -9999 -9999 -9999 -9999 -9999 -9999 -9999 -9999 -9999 -9999 -9999 -9999 -9999 -9999 -9999 -9999
-9999 -9999 -9999 -9999 -9999 -9999 -9999 -9999 -9999 -9999 -9999 -9999 -9999 -9999 -9999 -9999 -9999 -9999 -9999 -9999 -9999 -9999 -9999 -9999 -9999 -9999 -9999 -9999 -9999 -9999 -9999 -9999 -9999 -9999 -9999 -9999 -9999 -9999 -9999 -9999 -9999 -9999 -9999 -9999 -9999 -9999 -9999 -9999 -9999 -9999 -9999 -9999 -9999 -9999 -9999 -9999 -9999 -9999 -9999 -9999 -9999 -9999 -9999 -9999 -9999 -9999 -9999 -9999 -9999 -9999 -9999 -9999 -9999 -9999 -9999 -9999 -9999 -9999 -9999 -9999 -9999 -9999 -9999 -9999
-9999 -9999 -9999 -9999 -9999 -9999 -9999 -9999 -9999 -9999 -9999 -9999 -9999 -9999 -9999 -9999 -9999 -9999 -9999 -9999 -9999 -9999 -9999 -9999 -9999 -9999 -9999 -9999 -9999 -9999 -9999 -9999 -9999 -9999 -9999 -9999 -9999 -9999 -9999 -9999 -9999 -9999 -9999 -9999 -9999 -9999 -9999 -9999 -9999 -9999 -9999 -9999 -9999 -9999 -9999 -9999 -9999 -9999 -9999 -9999 -9999 -9999 -9999 -9999 -9999 -9999 -9999 -9999 -9999 -9999 -9999 -9999 -9999 -9999 -9999 -9999 -9999 -9999 -9999 -9999 -9999 -9999 -9999 -9999
101 101 96 96 105 -9999 -9999 -9999 -9999 -9999 -9999 -9999 -9999 -9999 -9999 -9999 -9999 -9999 -9999 -9999 -9999 -9999 -9999 -9999 -9999 -9999 -9999 -9999 -9999 -9999 -9999 -9999 -9999 -9999 -9999 -9999 -9999 -9999 -9999 -9999 -9999 -9999 -9999 -9999 -9999 -9999 -9999 -9999 -9999 -9999 -9999 -9999 -9999 -9999 -9999 -9999 -9999 -9999 -9999 -9999 -9999 -9999 -9999 -9999 -9999 -9999 -9999 -9999 -9999 -9999 -9999 -9999 -9999 -9999 -9999 -9999 -9999 -9999 -9999 -9999 -9999 -9999 -9999 -9999
105 105 97 97 96 -9999 -9999 -9999 -9999 -9999 -9999 -9999 -9999 -9999 -9999 -9999 -9999 -9999 -9999 -9999 -9999 -9999 -9999 -9999 -9999 -9999 -9999 -9999 -9999 -9999 -9999 -9999 -9999 -9999 -9999 -9999 -9999 -9999 -9999 -9999 -9999 -9999 -9999 -9999 -9999 -9999 -9999 -9999 -9999 -9999 -9999 -9999 -9999 -9999 -9999 -9999 -9999 -9999 -9999 -9999 -9999 -9999 -9999 -9999 -9999 -9999 -9999 -9999 -9999 -9999 -9999 -9999 -9999 -9999 -9999 -9999 -9999 -9999 -9999 -9999 -9999 -9999 -9999 -9999
