SEB_model/sample_data_files/contemp/hillshade/aug6pm.txt
ncols         313
nrows         278
xllcorner     388961.19995117
yllcorner     7584381.3441773
cellsize      5
NODATA_value  -9999
[rows 82 to 122 of 278, columns 182 to 272 of 313]
0 0 0 0 0 0 0 0 0 0 0 0 0 0 0 0 0 0 0 0 0 0 0 0 0 0 0 0 0 0 90 90 81 81 81 55 55 55 21 21 14 14 14 13 13 14 14 14 0 0 0 0 0 0 0 0 0 0 0 0 0 0 0 0 0 0 62 62 62 41 41 41 22 22 23 23 23 6 6 0 0 0 0 0 0 70 70 83 83 83 45
0 0 0 0 0 0 0 0 0 0 0 0 0 0 0 0 0 0 0 0 0 0 0 0 0 0 0 0 0 0 90 90 81 81 81 55 55 55 21 21 14 14 14 13 13 14 14 14 0 0 0 0 0 0 0 0 0 0 0 0 0 0 0 0 0 0 62 62 62 41 41 41 22 22 23 23 23 6 6 0 0 0 0 0 0 70 70 83 83 83 45
0 0 0 0 0 0 0 0 0 0 0 0 0 0 0 0 0 0 0 0 0 0 0 0 0 0 0 92 92 92 92 92 68 68 68 42 42 42 25 25 27 27 27 20 20 15 15 15 0 0 0 0 0 0 0 0 0 0 0 0 0 33 33 33 49 49 61 61 61 48 48 48 28 28 24 24 24 14 14 0 0 0 60 60 60 100 100 93 93 93 45
0 0 0 0 0 0 0 0 0 0 0 0 0 0 0 0 0 0 0 0 0 0 0 0 0 0 0 92 92 92 92 92 68 68 68 42 42 42 25 25 27 27 27 20 20 15 15 15 0 0 0 0 0 0 0 0 0 0 0 0 0 33 33 33 49 49 61 61 61 48 48 48 28 28 24 24 24 14 14 0 0 0 60 60 60 100 100 93 93 93 45
0 0 0 0 0 0 0 0 0 0 0 0 0 0 0 0 0 0 0 0 0 0 0 0 0 0 0 92 92 92 92 92 68 68 68 42 42 42 25 25 27 27 27 20 20 15 15 15 0 0 0 0 0 0 0 0 0 0 0 0 0 33 33 33 49 49 61 61 61 48 48 48 28 28 24 24 24 14 14 0 0 0 60 60 60 100 100 93 93 93 45
0 0 0 0 0 0 0 0 0 0 0 0 0 0 0 0 0 0 0 0 0 0 0 0 73 73 73 96 96 96 88 88 63 63 63 43 43 43 31 31 31 31 31 21 21 13 13 13 0 0 0 0 0 0 0 0 22 22 23 23 23 30 30 30 38 38 48 48 48 53 53 53 38 38 0 0 0 24 24 0 0 0 91 91 91 126 126 104 104 104 41
0 0 0 0 0 0 0 0 0 0 0 0 0 0 0 0 0 0 0 0 0 0 0 0 73 73 73 96 96 96 88 88 63 63 63 43 43 43 31 31 31 31 31 21 21 13 13 13 0 0 0 0 0 0 0 0 22 22 23 23 23 30 30 30 38 38 48 48 48 53 53 53 38 38 0 0 0 24 24 0 0 0 91 91 91 126 126 104 104 104 41
0 0 0 0 0 0 0 0 0 0 0 0 0 0 0 0 0 0 0 0 0 0 0 0 73 73 73 96 96 96 88 88 63 63 63 43 43 43 31 31 31 31 31 21 21 13 13 13 0 0 0 0 0 0 0 0 22 22 23 23 23 30 30 30 38 38 48 48 48 53 53 53 38 38 0 0 0 24 24 0 0 0 91 91 91 126 126 104 104 104 41
0 0 0 0 0 0 0 0 0 0 0 0 0 0 0 0 0 0 0 0 0 0 60 60 79 79 79 92 92 92 85 85 70 70 70 54 54 54 29 29 22 22 22 18 18 12 12 12 0 0 0 0 0 0 0 0 25 25 23 23 23 31 31 31 36 36 40 40 40 50 50 50 43 43 36 36 36 44 44 63 63 63 103 103 103 134 134 118 118 118 28
0 0 0 0 0 0 0 0 0 0 0 0 0 0 0 0 0 0 0 0 0 0 60 60 79 79 79 92 92 92 85 85 70 70 70 54 54 54 29 29 22 22 22 18 18 12 12 12 0 0 0 0 0 0 0 0 25 25 23 23 23 31 31 31 36 36 40 40 40 50 50 50 43 43 36 36 36 44 44 63 63 63 103 103 103 134 134 118 118 118 28
0 0 0 0 0 0 0 0 0 0 0 0 0 0 0 0 0 0 0 0 0 0 70 70 80 80 80 85 85 85 81 81 73 73 73 64 64 64 30 30 14 14 14 19 19 17 17 17 16 16 16 13 13 19 19 19 22 22 21 21 21 32 32 32 40 40 42 42 42 43 43 43 41 41 46 46 46 63 63 82 82 82 105 105 105 127 127 96 96 96 0
0 0 0 0 0 0 0 0 0 0 0 0 0 0 0 0 0 0 0 0 0 0 70 70 80 80 80 85 85 85 81 81 73 73 73 64 64 64 30 30 14 14 14 19 19 17 17 17 16 16 16 13 13 19 19 19 22 22 21 21 21 32 32 32 40 40 42 42 42 43 43 43 41 41 46 46 46 63 63 82 82 82 105 105 105 127 127 96 96 96 0
0 0 0 0 0 0 0 0 0 0 0 0 0 0 0 0 0 0 0 0 0 0 70 70 80 80 80 85 85 85 81 81 73 73 73 64 64 64 30 30 14 14 14 19 19 17 17 17 16 16 16 13 13 19 19 19 22 22 21 21 21 32 32 32 40 40 42 42 42 43 43 43 41 41 46 46 46 63 63 82 82 82 105 105 105 127 127 96 96 96 0
0 0 0 0 0 0 0 0 0 0 0 0 0 0 0 0 0 0 0 56 56 56 73 73 77 77 77 78 78 78 76 76 72 72 72 68 68 68 40 40 25 25 25 26 26 24 24 24 27 27 27 19 19 0 0 0 17 17 0 0 0 33 33 33 41 41 43 43 43 43 43 43 43 43 50 50 50 63 63 74 74 74 84 84 84 84 84 9 -9999 -9999 -9999
0 0 0 0 0 0 0 0 0 0 0 0 0 0 0 0 0 0 0 56 56 56 73 73 77 77 77 78 78 78 76 76 72 72 72 68 68 68 40 40 25 25 25 26 26 24 24 24 27 27 27 19 19 0 0 0 17 17 0 0 0 33 33 33 41 41 43 43 43 43 43 43 43 43 50 50 50 63 63 74 74 74 84 84 84 84 84 -9999 -9999 -9999 -9999
0 0 0 0 0 0 0 0 0 0 0 0 0 0 0 0 0 39 39 59 59 59 70 70 71 71 71 74 74 74 72 72 70 70 70 68 68 68 51 51 39 39 39 31 31 28 28 28 29 29 29 15 15 0 0 0 12 12 0 0 0 31 31 31 38 38 40 40 40 43 43 43 43 43 46 46 46 33 33 29 -9999 -9999 -9999 -9999 -9999 -9999 -9999 -9999 -9999 -9999 -9999
0 0 0 0 0 0 0 0 0 0 0 0 0 0 0 0 0 39 39 59 59 59 70 70 71 71 71 74 74 74 72 72 70 70 70 68 68 68 51 51 39 39 39 31 31 28 28 28 29 29 29 15 15 0 0 0 12 12 0 0 0 31 31 31 38 38 40 40 40 43 43 43 43 43 46 46 46 -9999 -9999 -9999 -9999 -9999 -9999 -9999 -9999 -9999 -9999 -9999 -9999 -9999 -9999
0 0 0 0 0 0 0 0 0 0 0 0 0 0 0 0 0 39 39 59 59 59 70 70 71 71 71 74 74 74 72 72 70 70 70 68 68 68 51 51 39 39 39 31 31 28 28 28 29 29 29 15 15 0 0 0 12 12 0 0 0 31 31 31 38 38 40 40 40 43 43 43 43 43 46 46 -9999 -9999 -9999 -9999 -9999 -9999 -9999 -9999 -9999 -9999 -9999 -9999 -9999 -9999 -9999
0 0 0 0 0 0 0 0 0 0 0 0 0 0 0 0 0 40 40 55 55 55 64 64 66 66 66 70 70 70 68 68 65 65 65 66 66 66 61 61 49 49 49 36 36 34 34 34 9 9 9 0 0 0 0 0 22 22 0 0 0 28 28 28 34 34 20 20 20 20 20 -9999 -9999 -9999 -9999 -9999 -9999 -9999 -9999 -9999 -9999 -9999 -9999 -9999 -9999 -9999 -9999 -9999 -9999 -9999 -9999
0 0 0 0 0 0 0 0 0 0 0 0 0 0 0 0 0 40 40 55 55 55 64 64 66 66 66 70 70 70 68 68 65 65 65 66 66 66 61 61 49 49 49 36 36 34 34 34 9 -9999 -9999 -9999 -9999 -9999 0 0 22 22 0 0 0 28 28 28 34 34 20 -9999 -9999 -9999 -9999 -9999 -9999 -9999 -9999 -9999 -9999 -9999 -9999 -9999 -9999 -9999 -9999 -9999 -9999 -9999 -9999 -9999 -9999 -9999 -9999
0 0 0 0 0 0 0 0 0 0 0 0 0 0 0 0 0 40 40 55 55 55 64 64 66 66 66 70 70 70 68 68 65 65 65 66 66 66 61 61 49 49 49 36 36 34 34 34 -9999 -9999 -9999 -9999 -9999 -9999 -9999 -9999 -9999 22 0 0 0 28 28 28 -9999 -9999 -9999 -9999 -9999 -9999 -9999 -9999 -9999 -9999 -9999 -9999 -9999 -9999 -9999 -9999 -9999 -9999 -9999 -9999 -9999 -9999 -9999 -9999 -9999 -9999 -9999
0 0 0 0 0 0 0 0 0 0 0 0 0 0 40 40 40 35 35 47 47 47 57 57 63 63 63 70 70 70 65 65 58 58 58 57 57 57 61 61 52 52 52 37 37 35 35 35 -9999 -9999 -9999 -9999 -9999 -9999 -9999 -9999 -9999 -9999 -9999 -9999 -9999 -9999 -9999 -9999 -9999 -9999 -9999 -9999 -9999 -9999 -9999 -9999 -9999 -9999 -9999 -9999 -9999 -9999 -9999 -9999 -9999 -9999 -9999 -9999 -9999 -9999 -9999 -9999 -9999 -9999 -9999
0 0 0 0 0 0 0 0 0 0 0 0 0 0 40 40 40 35 35 47 47 47 57 57 63 63 63 70 70 70 65 65 58 58 58 57 57 57 61 61 52 52 52 37 37 35 35 35 -9999 -9999 -9999 -9999 -9999 -9999 -9999 -9999 -9999 -9999 -9999 -9999 -9999 -9999 -9999 -9999 -9999 -9999 -9999 -9999 -9999 -9999 -9999 -9999 -9999 -9999 -9999 -9999 -9999 -9999 -9999 -9999 -9999 -9999 -9999 -9999 -9999 -9999 -9999 -9999 -9999 -9999 -9999
0 0 0 0 0 0 0 0 0 0 0 0 0 0 42 42 42 34 34 38 38 38 49 49 58 58 58 68 68 68 63 63 54 54 54 49 49 49 50 50 47 47 47 32 32 29 29 29 0 -9999 -9999 -9999 -9999 -9999 -9999 -9999 -9999 -9999 -9999 -9999 -9999 -9999 -9999 -9999 -9999 -9999 -9999 -9999 -9999 -9999 -9999 -9999 -9999 -9999 -9999 -9999 -9999 -9999 -9999 -9999 -9999 -9999 -9999 -9999 -9999 -9999 -9999 -9999 -9999 -9999 -9999
0 0 0 0 0 0 0 0 0 0 0 0 0 0 42 42 42 34 34 38 38 38 49 49 58 58 58 68 68 68 63 63 54 54 54 49 49 49 50 50 47 47 47 32 32 29 29 29 0 0 -9999 -9999 -9999 0 -9999 -9999 -9999 -9999 -9999 -9999 -9999 -9999 -9999 -9999 -9999 -9999 -9999 -9999 -9999 -9999 -9999 -9999 -9999 -9999 -9999 -9999 -9999 -9999 -9999 -9999 -9999 -9999 -9999 -9999 -9999 -9999 -9999 -9999 -9999 -9999 -9999
0 0 0 0 0 0 0 0 0 0 0 0 0 0 42 42 42 34 34 38 38 38 49 49 58 58 58 68 68 68 63 63 54 54 54 49 49 49 50 50 47 47 47 32 32 29 29 29 0 0 0 0 0 0 0 -9999 -9999 -9999 -9999 -9999 -9999 -9999 -9999 -9999 -9999 -9999 -9999 -9999 -9999 -9999 -9999 -9999 -9999 -9999 -9999 -9999 -9999 -9999 -9999 -9999 -9999 -9999 -9999 -9999 -9999 -9999 -9999 -9999 -9999 -9999 -9999
0 0 0 0 0 0 41 41 41 22 22 0 0 0 38 38 38 37 37 38 38 38 41 41 47 47 47 61 61 61 60 60 55 55 55 47 47 47 31 31 30 30 30 24 24 25 25 25 11 11 11 0 0 0 0 0 -9999 -9999 -9999 -9999 -9999 -9999 -9999 -9999 -9999 -9999 -9999 -9999 -9999 -9999 -9999 -9999 -9999 -9999 -9999 -9999 -9999 -9999 -9999 -9999 -9999 -9999 -9999 -9999 -9999 -9999 -9999 -9999 -9999 -9999 -9999
0 0 0 0 0 0 41 41 41 22 22 0 0 0 38 38 38 37 37 38 38 38 41 41 47 47 47 61 61 61 60 60 55 55 55 47 47 47 31 31 30 30 30 24 24 25 25 25 11 11 11 0 0 0 0 0 0 0 -9999 -9999 -9999 -9999 -9999 -9999 -9999 -9999 -9999 -9999 -9999 -9999 -9999 -9999 -9999 -9999 -9999 -9999 -9999 -9999 -9999 -9999 -9999 -9999 -9999 -9999 -9999 -9999 -9999 -9999 -9999 -9999 -9999
0 0 0 0 0 0 41 41 41 22 22 0 0 0 38 38 38 37 37 38 38 38 41 41 47 47 47 61 61 61 60 60 55 55 55 47 47 47 31 31 30 30 30 24 24 25 25 25 11 11 11 0 0 0 0 0 0 0 0 0 0 0 0 0 -9999 -9999 -9999 -9999 -9999 -9999 -9999 -9999 -9999 -9999 -9999 -9999 -9999 -9999 -9999 -9999 -9999 -9999 -9999 -9999 -9999 -9999 -9999 -9999 -9999 -9999 -9999
0 0 0 0 0 0 53 53 53 22 22 0 0 0 24 24 24 28 28 38 38 38 38 38 34 34 34 51 51 51 60 60 56 56 56 43 43 43 12 12 5 5 5 13 13 25 25 25 26 26 26 12 12 25 25 25 38 38 7 7 7 0 0 0 0 0 -9999 -9999 -9999 -9999 -9999 -9999 -9999 -9999 -9999 -9999 -9999 -9999 -9999 -9999 -9999 -9999 -9999 -9999 -9999 -9999 -9999 -9999 -9999 -9999 -9999
0 0 0 0 0 0 53 53 53 22 22 0 0 0 24 24 24 28 28 38 38 38 38 38 34 34 34 51 51 51 60 60 56 56 56 43 43 43 12 12 5 5 5 13 13 25 25 25 26 26 26 12 12 25 25 25 38 38 7 7 7 0 0 0 0 0 25 25 -9999 -9999 -9999 -9999 -9999 -9999 -9999 -9999 -9999 -9999 -9999 -9999 -9999 -9999 -9999 -9999 -9999 -9999 -9999 -9999 -9999 -9999 -9999
0 0 0 0 0 0 0 0 0 22 22 0 0 0 12 12 12 0 0 30 30 30 40 40 37 37 37 53 53 53 65 65 55 55 55 32 32 32 0 0 0 0 0 0 0 25 25 25 32 32 32 34 34 44 44 44 43 43 20 20 20 21 21 21 37 37 19 19 19 0 0 0 -9999 -9999 -9999 -9999 -9999 -9999 -9999 -9999 -9999 -9999 -9999 -9999 -9999 -9999 -9999 -9999 -9999 -9999 -9999
0 0 0 0 0 0 0 0 0 22 22 0 0 0 12 12 12 0 0 30 30 30 40 40 37 37 37 53 53 53 65 65 55 55 55 32 32 32 0 0 0 0 0 0 0 25 25 25 32 32 32 34 34 44 44 44 43 43 20 20 20 21 21 21 37 37 19 19 19 0 0 0 37 37 25 -9999 -9999 -9999 -9999 -9999 -9999 -9999 -9999 -9999 -9999 -9999 -9999 -9999 -9999 -9999 -9999
0 0 0 0 0 0 0 0 0 22 22 0 0 0 12 12 12 0 0 30 30 30 40 40 37 37 37 53 53 53 65 65 55 55 55 32 32 32 0 0 0 0 0 0 0 25 25 25 32 32 32 34 34 44 44 44 43 43 20 20 20 21 21 21 37 37 19 19 19 0 0 0 37 37 25 -9999 -9999 -9999 -9999 -9999 -9999 -9999 -9999 -9999 -9999 -9999 -9999 -9999 -9999 -9999 -9999
0 0 0 0 0 0 45 45 45 19 19 0 0 0 0 0 0 9 9 0 0 0 36 36 52 52 52 73 73 73 73 73 48 48 48 17 17 17 0 0 0 0 0 0 0 0 0 0 46 46 46 41 41 43 43 43 45 45 36 36 36 37 37 37 39 39 30 30 30 30 30 30 36 36 0 -9999 -9999 -9999 -9999 -9999 -9999 -9999 -9999 -9999 -9999 -9999 -9999 -9999 -9999 -9999 -9999
0 0 0 0 0 0 45 45 45 19 19 0 0 0 0 0 0 9 9 0 0 0 36 36 52 52 52 73 73 73 73 73 48 48 48 17 17 17 0 0 0 0 0 0 0 0 0 0 46 46 46 41 41 43 43 43 45 45 36 36 36 37 37 37 39 39 30 30 30 30 30 30 36 36 0 -9999 -9999 -9999 -9999 -9999 -9999 -9999 -9999 -9999 -9999 -9999 -9999 -9999 -9999 -9999 -9999
0 0 0 0 0 0 32 32 32 8 8 0 0 0 0 0 0 0 0 0 0 0 30 30 53 53 53 94 94 94 86 86 40 40 40 0 0 0 0 0 0 0 0 20 20 41 41 41 58 58 58 40 40 31 31 31 35 35 34 34 34 41 41 41 40 40 38 38 38 37 37 37 31 31 0 -9999 -9999 -9999 -9999 -9999 -9999 -9999 -9999 -9999 -9999 -9999 -9999 -9999 -9999 -9999 -9999
0 0 0 0 0 0 32 32 32 8 8 0 0 0 0 0 0 0 0 0 0 0 30 30 53 53 53 94 94 94 86 86 40 40 40 0 0 0 0 0 0 0 0 20 20 41 41 41 58 58 58 40 40 31 31 31 35 35 34 34 34 41 41 41 40 40 38 38 38 37 37 37 31 31 -9999 -9999 -9999 -9999 -9999 -9999 -9999 -9999 -9999 -9999 -9999 -9999 -9999 -9999 -9999 -9999 -9999
0 0 0 0 0 0 32 32 32 8 8 0 0 0 0 0 0 0 0 0 0 0 30 30 53 53 53 94 94 94 86 86 40 40 40 0 0 0 0 0 0 0 0 20 20 41 41 41 58 58 58 40 40 31 31 31 35 35 34 34 34 41 41 41 40 40 38 38 38 37 37 37 -9999 -9999 -9999 -9999 -9999 -9999 -9999 -9999 -9999 -9999 -9999 -9999 -9999 -9999 -9999 -9999 -9999 -9999 -9999
0 0 0 0 0 0 0 0 0 0 0 0 0 0 0 0 0 0 0 0 0 0 37 37 54 54 54 97 97 97 94 94 41 41 41 0 0 0 0 0 0 0 0 34 34 52 52 52 61 61 61 34 34 21 21 21 24 24 29 29 29 40 40 40 37 37 32 32 32 31 31 31 -9999 -9999 -9999 -9999 -9999 -9999 -9999 -9999 -9999 -9999 -9999 -9999 -9999 -9999 -9999 -9999 -9999 -9999 -9999
0 0 0 0 0 0 0 0 0 0 0 0 0 0 0 0 0 0 0 0 0 0 37 37 54 54 54 97 97 97 94 94 41 41 41 0 0 0 0 0 0 0 0 34 34 52 52 52 61 61 61 34 34 21 21 21 24 24 29 29 29 40 40 40 37 37 32 32 32 31 31 31 -9999 -9999 -9999 -9999 -9999 -9999 -9999 -9999 -9999 -9999 -9999 -9999 -9999 -9999 -9999 -9999 -9999 -9999 -9999
