SEB_model/sample_data_files/contemp/hillshade/augnoon.txt
ncols         313
nrows         278
xllcorner     388961.19995117
yllcorner     7584381.3441773
cellsize      5
NODATA_value  -9999
[rows 39 to 77 of 278, columns 87 to 173 of 313]
-9999 -9999 -9999 -9999 -9999 -9999 -9999 -9999 -9999 -9999 -9999 -9999 -9999 -9999 -9999 -9999 -9999 -9999 -9999 -9999 -9999 -9999 -9999 -9999 -9999 -9999 -9999 -9999 -9999 -9999 -9999 -9999 -9999 -9999 -9999 -9999 -9999 -9999 -9999 -9999 -9999 -9999 -9999 -9999 -9999 -9999 -9999 -9999 -9999 -9999 -9999 -9999 -9999 -9999 -9999 -9999 -9999 -9999 214 217 217 217 216 216 216 232 232 239 239 239 239 239 238 238 238 236 236 236 231 231 220 220 220 204 204 195 195
-9999 -9999 -9999 -9999 -9999 -9999 -9999 -9999 -9999 -9999 -9999 -9999 -9999 -9999 -9999 -9999 -9999 -9999 -9999 -9999 -9999 -9999 -9999 -9999 -9999 -9999 -9999 -9999 -9999 -9999 -9999 -9999 -9999 -9999 -9999 -9999 -9999 -9999 -9999 -9999 -9999 -9999 -9999 -9999 -9999 -9999 -9999 -9999 -9999 -9999 -9999 -9999 -9999 199 207 207 207 222 222 228 228 228 224 224 224 233 233 242 242 242 242 242 240 240 240 238 238 238 233 233 222 222 222 202 202 182 182
-9999 -9999 -9999 -9999 -9999 -9999 -9999 -9999 -9999 -9999 -9999 -9999 -9999 -9999 -9999 -9999 -9999 -9999 -9999 -9999 -9999 -9999 -9999 -9999 -9999 -9999 -9999 -9999 -9999 -9999 -9999 -9999 -9999 -9999 -9999 -9999 -9999 -9999 -9999 -9999 -9999 -9999 -9999 -9999 -9999 -9999 -9999 -9999 -9999 -9999 -9999 -9999 -9999 199 207 207 207 222 222 228 228 228 224 224 224 233 233 242 242 242 242 242 240 240 240 238 238 238 233 233 222 222 222 202 202 182 182
-9999 -9999 -9999 -9999 -9999 -9999 -9999 -9999 -9999 -9999 -9999 -9999 -9999 -9999 -9999 -9999 -9999 -9999 -9999 -9999 -9999 -9999 -9999 -9999 -9999 -9999 -9999 -9999 -9999 -9999 -9999 -9999 -9999 -9999 -9999 -9999 -9999 -9999 -9999 -9999 -9999 -9999 -9999 -9999 -9999 -9999 -9999 -9999 -9999 -9999 -9999 -9999 201 201 206 206 206 218 218 228 228 228 229 229 229 230 230 232 232 232 229 229 222 222 222 216 216 216 210 210 204 204 204 190 190 171 171
-9999 -9999 -9999 -9999 -9999 -9999 -9999 -9999 -9999 -9999 -9999 -9999 -9999 -9999 -9999 -9999 -9999 -9999 -9999 -9999 -9999 -9999 -9999 -9999 -9999 -9999 -9999 -9999 -9999 -9999 -9999 -9999 -9999 -9999 -9999 -9999 -9999 -9999 -9999 -9999 -9999 -9999 -9999 -9999 -9999 -9999 -9999 -9999 -9999 -9999 -9999 -9999 201 201 206 206 206 218 218 228 228 228 229 229 229 230 230 232 232 232 229 229 222 222 222 216 216 216 210 210 204 204 204 190 190 171 171
-9999 -9999 -9999 -9999 -9999 -9999 -9999 -9999 -9999 -9999 -9999 -9999 -9999 -9999 -9999 -9999 -9999 -9999 -9999 -9999 -9999 -9999 -9999 -9999 -9999 -9999 -9999 -9999 -9999 -9999 -9999 -9999 -9999 -9999 -9999 -9999 -9999 -9999 -9999 -9999 -9999 -9999 -9999 -9999 -9999 -9999 -9999 -9999 -9999 -9999 -9999 201 201 201 206 206 206 218 218 228 228 228 229 229 229 230 230 232 232 232 229 229 222 222 222 216 216 216 210 210 204 204 204 190 190 171 171
-9999 -9999 -9999 -9999 -9999 -9999 -9999 -9999 -9999 -9999 -9999 -9999 -9999 -9999 -9999 -9999 -9999 -9999 -9999 -9999 -9999 -9999 -9999 -9999 -9999 -9999 -9999 -9999 -9999 -9999 -9999 -9999 -9999 -9999 -9999 -9999 -9999 -9999 -9999 -9999 -9999 -9999 -9999 -9999 -9999 -9999 -9999 -9999 -9999 -9999 -9999 198 198 198 200 200 200 208 208 220 220 220 221 221 221 217 217 211 211 211 198 198 186 186 186 182 182 182 182 182 183 183 183 176 176 161 161
-9999 -9999 -9999 -9999 -9999 -9999 -9999 -9999 -9999 -9999 -9999 -9999 -9999 -9999 -9999 -9999 -9999 -9999 -9999 -9999 -9999 -9999 -9999 -9999 -9999 -9999 -9999 -9999 -9999 -9999 -9999 -9999 -9999 -9999 -9999 -9999 -9999 -9999 -9999 -9999 -9999 -9999 -9999 -9999 -9999 -9999 -9999 -9999 -9999 -9999 202 198 198 198 200 200 200 208 208 220 220 220 221 221 221 217 217 211 211 211 198 198 186 186 186 182 182 182 182 182 183 183 183 176 176 161 161
-9999 -9999 -9999 -9999 -9999 -9999 -9999 -9999 -9999 -9999 -9999 -9999 -9999 -9999 -9999 -9999 -9999 -9999 -9999 -9999 -9999 -9999 -9999 -9999 -9999 -9999 -9999 -9999 -9999 -9999 -9999 -9999 -9999 -9999 -9999 -9999 -9999 -9999 -9999 -9999 -9999 -9999 -9999 -9999 -9999 -9999 -9999 -9999 -9999 202 202 198 198 198 200 200 200 208 208 220 220 220 221 221 221 217 217 211 211 211 198 198 186 186 186 182 182 182 182 182 183 183 183 176 176 161 161
-9999 -9999 -9999 -9999 -9999 -9999 -9999 -9999 -9999 -9999 -9999 -9999 -9999 -9999 -9999 -9999 -9999 -9999 -9999 -9999 -9999 -9999 -9999 -9999 -9999 -9999 -9999 -9999 -9999 -9999 -9999 -9999 -9999 -9999 -9999 -9999 -9999 -9999 -9999 -9999 -9999 -9999 -9999 -9999 -9999 -9999 -9999 -9999 204 198 198 194 194 194 193 193 193 190 190 190 190 190 186 186 186 180 180 180 180 180 184 184 188 188 188 190 190 190 185 185 177 177 177 159 159 136 136
-9999 -9999 -9999 -9999 -9999 -9999 -9999 -9999 -9999 -9999 -9999 -9999 -9999 -9999 -9999 -9999 -9999 -9999 -9999 -9999 -9999 -9999 -9999 -9999 -9999 -9999 -9999 -9999 -9999 -9999 -9999 -9999 -9999 -9999 -9999 -9999 -9999 -9999 -9999 -9999 -9999 -9999 -9999 -9999 -9999 -9999 204 204 204 198 198 194 194 194 193 193 193 190 190 190 190 190 186 186 186 180 180 180 180 180 184 184 188 188 188 190 190 190 185 185 177 177 177 159 159 136 136
-9999 -9999 -9999 -9999 -9999 -9999 -9999 -9999 -9999 -9999 -9999 -9999 -9999 -9999 -9999 -9999 -9999 -9999 -9999 -9999 -9999 -9999 -9999 -9999 -9999 -9999 -9999 -9999 -9999 -9999 -9999 -9999 -9999 -9999 -9999 -9999 -9999 -9999 -9999 -9999 -9999 -9999 -9999 166 168 168 176 176 176 184 184 183 183 183 170 170 170 146 146 140 140 140 138 138 138 132 132 133 133 133 141 141 153 153 153 164 164 164 162 162 150 150 150 131 131 120 120
-9999 -9999 -9999 -9999 -9999 -9999 -9999 -9999 -9999 -9999 -9999 -9999 -9999 -9999 -9999 -9999 -9999 -9999 -9999 -9999 -9999 -9999 -9999 -9999 -9999 -9999 -9999 -9999 -9999 -9999 -9999 -9999 -9999 -9999 -9999 -9999 -9999 -9999 -9999 -9999 -9999 -9999 166 166 168 168 176 176 176 184 184 183 183 183 170 170 170 146 146 140 140 140 138 138 138 132 132 133 133 133 141 141 153 153 153 164 164 164 162 162 150 150 150 131 131 120 120
-9999 -9999 -9999 -9999 -9999 -9999 -9999 -9999 -9999 -9999 -9999 -9999 -9999 -9999 -9999 -9999 -9999 -9999 -9999 -9999 -9999 -9999 -9999 -9999 -9999 -9999 -9999 -9999 -9999 -9999 -9999 -9999 -9999 -9999 -9999 -9999 -9999 -9999 -9999 -9999 -9999 -9999 166 166 168 168 176 176 176 184 184 183 183 183 170 170 170 146 146 140 140 140 138 138 138 132 132 133 133 133 141 141 153 153 153 164 164 164 162 162 150 150 150 131 131 120 120
-9999 -9999 -9999 -9999 -9999 -9999 -9999 -9999 -9999 -9999 -9999 -9999 -9999 -9999 -9999 -9999 -9999 -9999 -9999 -9999 -9999 -9999 -9999 -9999 -9999 -9999 -9999 -9999 -9999 -9999 -9999 -9999 -9999 -9999 -9999 -9999 -9999 -9999 -9999 -9999 -9999 -9999 157 157 156 156 158 158 158 170 170 169 169 169 149 149 149 133 133 138 138 138 142 142 142 139 139 136 136 136 134 134 136 136 136 140 140 140 137 137 129 129 129 126 126 131 131
-9999 -9999 -9999 -9999 -9999 -9999 -9999 -9999 -9999 -9999 -9999 -9999 -9999 -9999 -9999 -9999 -9999 -9999 -9999 -9999 -9999 -9999 -9999 -9999 -9999 -9999 -9999 -9999 -9999 -9999 -9999 -9999 -9999 -9999 -9999 -9999 -9999 -9999 -9999 -9999 147 157 157 157 156 156 158 158 158 170 170 169 169 169 149 149 149 133 133 138 138 138 142 142 142 139 139 136 136 136 134 134 136 136 136 140 140 140 137 137 129 129 129 126 126 131 131
-9999 -9999 -9999 -9999 -9999 -9999 -9999 -9999 -9999 -9999 -9999 -9999 -9999 -9999 -9999 -9999 -9999 -9999 -9999 -9999 -9999 -9999 -9999 -9999 -9999 -9999 -9999 -9999 -9999 -9999 -9999 -9999 -9999 -9999 -9999 -9999 -9999 -9999 -9999 -9999 -9999 157 157 157 156 156 158 158 158 170 170 169 169 169 149 149 149 133 133 138 138 138 142 142 142 139 139 136 136 136 134 134 136 136 136 140 140 140 137 137 129 129 129 126 126 131 131
-9999 -9999 -9999 -9999 -9999 -9999 -9999 -9999 -9999 -9999 -9999 -9999 -9999 -9999 -9999 -9999 -9999 -9999 -9999 -9999 -9999 -9999 -9999 -9999 -9999 -9999 -9999 -9999 -9999 -9999 -9999 -9999 -9999 -9999 -9999 -9999 -9999 -9999 -9999 -9999 -9999 153 153 153 162 162 157 157 157 160 160 157 157 157 150 150 150 147 147 156 156 156 158 158 158 159 159 159 159 159 155 155 147 147 147 139 139 139 133 133 131 131 131 134 134 135 135
-9999 -9999 -9999 -9999 -9999 -9999 -9999 -9999 -9999 -9999 -9999 -9999 -9999 -9999 -9999 -9999 -9999 -9999 -9999 -9999 -9999 -9999 -9999 -9999 -9999 -9999 -9999 -9999 -9999 -9999 -9999 -9999 -9999 -9999 -9999 -9999 -9999 -9999 -9999 -9999 -9999 153 153 153 162 162 157 157 157 160 160 157 157 157 150 150 150 147 147 156 156 156 158 158 158 159 159 159 159 159 155 155 147 147 147 139 139 139 133 133 131 131 131 134 134 135 135
-9999 -9999 -9999 -9999 -9999 -9999 -9999 -9999 -9999 -9999 -9999 -9999 -9999 -9999 -9999 -9999 -9999 -9999 -9999 -9999 -9999 -9999 -9999 -9999 -9999 -9999 -9999 -9999 -9999 -9999 -9999 -9999 -9999 -9999 -9999 -9999 -9999 -9999 -9999 -9999 -9999 160 160 160 167 167 164 164 164 164 164 161 161 161 160 160 160 152 152 153 153 153 151 151 151 155 155 162 162 162 163 163 157 157 157 148 148 148 140 140 136 136 136 133 133 128 128
-9999 -9999 -9999 -9999 -9999 -9999 -9999 -9999 -9999 -9999 -9999 -9999 -9999 -9999 -9999 -9999 -9999 -9999 -9999 -9999 -9999 -9999 -9999 -9999 -9999 -9999 -9999 -9999 -9999 -9999 -9999 -9999 -9999 -9999 -9999 -9999 -9999 -9999 -9999 -9999 -9999 160 160 160 167 167 164 164 164 164 164 161 161 161 160 160 160 152 152 153 153 153 151 151 151 155 155 162 162 162 163 163 157 157 157 148 148 148 140 140 136 136 136 133 133 128 128
-9999 -9999 -9999 -9999 -9999 -9999 -9999 -9999 -9999 -9999 -9999 -9999 -9999 -9999 -9999 -9999 -9999 -9999 -9999 -9999 -9999 -9999 -9999 -9999 -9999 -9999 -9999 -9999 -9999 -9999 -9999 -9999 -9999 -9999 -9999 -9999 -9999 -9999 -9999 -9999 -9999 160 160 160 167 167 164 164 164 164 164 161 161 161 160 160 160 152 152 153 153 153 151 151 151 155 155 162 162 162 163 163 157 157 157 148 148 148 140 140 136 136 136 133 133 128 128
-9999 -9999 -9999 -9999 -9999 -9999 -9999 -9999 -9999 -9999 -9999 -9999 -9999 -9999 -9999 -9999 -9999 -9999 -9999 -9999 -9999 -9999 -9999 -9999 -9999 -9999 -9999 -9999 -9999 -9999 -9999 -9999 -9999 -9999 -9999 -9999 -9999 -9999 -9999 -9999 -9999 191 191 191 195 195 192 192 192 181 181 178 178 178 174 174 174 158 158 149 149 149 143 143 143 144 144 150 150 150 153 153 149 149 149 143 143 143 141 141 143 143 143 141 141 133 133
-9999 -9999 -9999 -9999 -9999 -9999 -9999 -9999 -9999 -9999 -9999 -9999 -9999 -9999 -9999 -9999 -9999 -9999 -9999 -9999 -9999 -9999 -9999 -9999 -9999 -9999 -9999 -9999 -9999 -9999 -9999 -9999 -9999 -9999 -9999 -9999 -9999 -9999 -9999 -9999 -9999 191 191 191 195 195 192 192 192 181 181 178 178 178 174 174 174 158 158 149 149 149 143 143 143 144 144 150 150 150 153 153 149 149 149 143 143 143 141 141 143 143 143 141 141 133 133
-9999 -9999 -9999 -9999 -9999 -9999 -9999 -9999 -9999 -9999 -9999 -9999 -9999 -9999 -9999 -9999 -9999 -9999 -9999 -9999 -9999 -9999 -9999 -9999 -9999 -9999 -9999 -9999 -9999 -9999 -9999 -9999 -9999 -9999 -9999 -9999 -9999 -9999 -9999 -9999 201 199 199 199 196 196 180 180 180 160 160 159 159 159 157 157 157 145 145 135 135 135 128 128 128 124 124 123 123 123 122 122 122 122 122 125 125 125 136 136 147 147 147 146 146 138 138
-9999 -9999 -9999 -9999 -9999 -9999 -9999 -9999 -9999 -9999 -9999 -9999 -9999 -9999 -9999 -9999 -9999 -9999 -9999 -9999 -9999 -9999 -9999 -9999 -9999 -9999 -9999 -9999 -9999 -9999 -9999 -9999 -9999 -9999 -9999 -9999 -9999 -9999 -9999 201 201 199 199 199 196 196 180 180 180 160 160 159 159 159 157 157 157 145 145 135 135 135 128 128 128 124 124 123 123 123 122 122 122 122 122 125 125 125 136 136 147 147 147 146 146 138 138
-9999 -9999 -9999 -9999 -9999 -9999 -9999 -9999 -9999 -9999 -9999 -9999 -9999 -9999 -9999 -9999 -9999 -9999 -9999 -9999 -9999 -9999 -9999 -9999 -9999 -9999 -9999 -9999 -9999 -9999 -9999 -9999 -9999 -9999 -9999 -9999 -9999 -9999 -9999 201 201 199 199 199 196 196 180 180 180 160 160 159 159 159 157 157 157 145 145 135 135 135 128 128 128 124 124 123 123 123 122 122 122 122 122 125 125 125 136 136 147 147 147 146 146 138 138
-9999 -9999 -9999 -9999 -9999 -9999 -9999 -9999 -9999 -9999 -9999 -9999 -9999 -9999 -9999 -9999 -9999 -9999 -9999 -9999 -9999 -9999 -9999 -9999 -9999 -9999 -9999 -9999 -9999 -9999 -9999 -9999 -9999 -9999 -9999 -9999 -9999 142 164 164 164 161 161 161 134 134 116 116 116 118 118 125 125 125 126 126 126 121 121 116 116 116 111 111 111 108 108 110 110 110 114 114 116 116 116 119 119 119 123 123 126 126 126 122 122 121 121
-9999 -9999 -9999 -9999 -9999 -9999 -9999 -9999 -9999 -9999 -9999 -9999 -9999 -9999 -9999 -9999 -9999 -9999 -9999 -9999 -9999 -9999 -9999 -9999 -9999 -9999 -9999 -9999 -9999 -9999 -9999 -9999 -9999 -9999 -9999 -9999 142 142 164 164 164 161 161 161 134 134 116 116 116 118 118 125 125 125 126 126 126 121 121 116 116 116 111 111 111 108 108 110 110 110 114 114 116 116 116 119 119 119 123 123 126 126 126 122 122 121 121
-9999 -9999 -9999 -9999 -9999 -9999 -9999 -9999 -9999 -9999 -9999 -9999 -9999 -9999 -9999 -9999 -9999 -9999 -9999 -9999 -9999 -9999 -9999 -9999 -9999 -9999 -9999 -9999 -9999 -9999 -9999 -9999 -9999 -9999 118 118 142 142 164 164 164 161 161 161 134 134 116 116 116 118 118 125 125 125 126 126 126 121 121 116 116 116 111 111 111 108 108 110 110 110 114 114 116 116 116 119 119 119 123 123 126 126 126 122 122 121 121
-9999 -9999 -9999 -9999 -9999 -9999 -9999 -9999 -9999 -9999 -9999 -9999 -9999 -9999 -9999 -9999 -9999 -9999 -9999 -9999 -9999 -9999 -9999 -9999 -9999 -9999 -9999 -9999 -9999 -9999 -9999 -9999 -9999 -9999 57 57 57 57 65 65 65 65 65 65 69 69 88 88 88 106 106 115 115 115 113 113 113 107 107 103 103 103 103 103 103 104 104 107 107 107 109 109 110 110 110 110 110 110 107 107 103 103 103 100 100 108 108
-9999 -9999 -9999 -9999 -9999 -9999 -9999 -9999 -9999 -9999 -9999 -9999 -9999 -9999 -9999 -9999 -9999 -9999 -9999 -9999 -9999 -9999 -9999 -9999 -9999 -9999 -9999 -9999 -9999 -9999 -9999 -9999 -9999 -9999 57 57 57 57 65 65 65 65 65 65 69 69 88 88 88 106 106 115 115 115 113 113 113 107 107 103 103 103 103 103 103 104 104 107 107 107 109 109 110 110 110 110 110 110 107 107 103 103 103 100 100 108 108
-9999 -9999 -9999 -9999 -9999 -9999 -9999 -9999 -9999 -9999 -9999 -9999 -9999 -9999 -9999 -9999 -9999 -9999 -9999 -9999 -9999 -9999 -9999 -9999 -9999 -9999 -9999 -9999 -9999 -9999 -9999 -9999 -9999 -9999 41 41 27 27 36 36 36 62 62 62 85 85 101 101 101 109 109 110 110 110 104 104 104 98 98 98 98 98 102 102 102 104 104 104 104 104 103 103 102 102 102 100 100 100 94 94 89 89 89 93 93 105 105
-9999 -9999 -9999 -9999 -9999 -9999 -9999 -9999 -9999 -9999 -9999 -9999 -9999 -9999 -9999 -9999 -9999 -9999 -9999 -9999 -9999 -9999 -9999 -9999 -9999 -9999 -9999 -9999 -9999 -9999 -9999 -9999 -9999 -9999 41 41 27 27 36 36 36 62 62 62 85 85 101 101 101 109 109 110 110 110 104 104 104 98 98 98 98 98 102 102 102 104 104 104 104 104 103 103 102 102 102 100 100 100 94 94 89 89 89 93 93 105 105
-9999 -9999 -9999 -9999 -9999 -9999 -9999 -9999 -9999 -9999 -9999 -9999 -9999 -9999 -9999 -9999 -9999 -9999 -9999 -9999 -9999 -9999 -9999 -9999 -9999 -9999 -9999 -9999 -9999 -9999 -9999 -9999 -9999 -9999 41 41 27 27 36 36 36 62 62 62 85 85 101 101 101 109 109 110 110 110 104 104 104 98 98 98 98 98 102 102 102 104 104 104 104 104 103 103 102 102 102 100 100 100 94 94 89 89 89 93 93 105 105
-9999 -9999 -9999 -9999 -9999 -9999 -9999 -9999 -9999 -9999 -9999 -9999 -9999 -9999 -9999 -9999 -9999 -9999 -9999 -9999 -9999 -9999 -9999 -9999 -9999 -9999 -9999 -9999 -9999 -9999 -9999 -9999 -9999 84 84 84 71 71 81 81 81 111 111 111 126 126 124 124 124 114 114 105 105 105 98 98 98 94 94 94 94 94 94 94 94 94 94 93 93 93 92 92 92 92 92 89 89 89 85 85 89 89 89 101 101 110 110
-9999 -9999 -9999 -9999 -9999 -9999 -9999 -9999 -9999 -9999 -9999 -9999 -9999 -9999 -9999 -9999 -9999 -9999 -9999 -9999 -9999 -9999 -9999 -9999 -9999 -9999 -9999 -9999 -9999 -9999 -9999 97 97 84 84 84 71 71 81 81 81 111 111 111 126 126 124 124 124 114 114 105 105 105 98 98 98 94 94 94 94 94 94 94 94 94 94 93 93 93 92 92 92 92 92 89 89 89 85 85 89 89 89 101 101 110 110
-9999 -9999 -9999 -9999 -9999 -9999 -9999 -9999 -9999 -9999 -9999 -9999 -9999 -9999 -9999 -9999 -9999 -9999 -9999 -9999 -9999 -9999 -9999 -9999 -9999 -9999 -9999 -9999 -9999 -9999 -9999 105 105 101 101 101 93 93 97 97 97 114 114 114 122 122 118 118 118 108 108 100 100 100 98 98 98 97 97 94 94 94 92 92 92 91 91 92 92 92 93 93 93 93 93 94 94 94 96 96 106 106 106 115 115 114 114
-9999 -9999 -9999 -9999 -9999 -9999 -9999 -9999 -9999 -9999 -9999 -9999 -9999 -9999 -9999 -9999 -9999 -9999 -9999 -9999 -9999 -9999 -9999 -9999 -9999 -9999 -9999 -9999 -9999 -9999 -9999 105 105 101 101 101 93 93 97 97 97 114 114 114 122 122 118 118 118 108 108 100 100 100 98 98 98 97 97 94 94 94 92 92 92 91 91 92 92 92 93 93 93 93 93 94 94 94 96 96 106 106 106 115 115 114 114
