SEB_model/sample_data_files/contemp/hillshade/augnoon.txt
ncols         313
nrows         278
xllcorner     388961.19995117
yllcorner     7584381.3441773
cellsize      5
NODATA_value  -9999
[rows 156 to 194 of 278, columns 0 to 86 of 313]
-9999 -9999 -9999 -9999 -9999 -9999 -9999 -9999 -9999 -9999 -9999 -9999 -9999 -9999 -9999 -9999 -9999 -9999 -9999 -9999 -9999 -9999 -9999 -9999 -9999 -9999 -9999 -9999 -9999 -9999 -9999 -9999 -9999 -9999 -9999 -9999 -9999 -9999 -9999 -9999 -9999 -9999 -9999 -9999 -9999 -9999 -9999 -9999 -9999 -9999 -9999 -9999 -9999 -9999 -9999 -9999 -9999 -9999 143 143 118 118 118 103 103 107 107 107 119 119 126 126 126 119 119 119 108 108 101 101 101 96 96 102 102 102 106
-9999 -9999 -9999 -9999 -9999 -9999 -9999 -9999 -9999 -9999 -9999 -9999 -9999 -9999 -9999 -9999 -9999 -9999 -9999 -9999 -9999 107 107 104 104 -9999 -9999 -9999 -9999 -9999 -9999 -9999 -9999 -9999 -9999 -9999 -9999 -9999 -9999 -9999 -9999 -9999 -9999 -9999 -9999 -9999 -9999 -9999 -9999 -9999 -9999 -9999 -9999 -9999 -9999 -9999 143 143 143 143 118 118 118 103 103 107 107 107 119 119 126 126 126 119 119 119 108 108 101 101 101 96 96 102 102 102 106
-9999 -9999 -9999 -9999 -9999 -9999 -9999 -9999 -9999 -9999 -9999 -9999 -9999 -9999 -9999 -9999 -9999 -9999 -9999 106 106 84 84 69 69 69 -9999 -9999 -9999 -9999 -9999 -9999 -9999 -9999 -9999 -9999 -9999 -9999 -9999 -9999 -9999 -9999 -9999 -9999 -9999 -9999 -9999 -9999 -9999 -9999 -9999 -9999 -9999 -9999 145 148 148 129 129 129 103 103 103 103 103 117 117 117 114 114 104 104 104 101 101 101 99 99 99 99 99 91 91 91 91 91 103
-9999 -9999 -9999 -9999 -9999 -9999 -9999 -9999 -9999 -9999 -9999 -9999 -9999 -9999 -9999 -9999 -9999 -9999 106 106 106 84 84 69 69 69 74 -9999 -9999 -9999 -9999 -9999 -9999 -9999 -9999 -9999 -9999 -9999 -9999 -9999 -9999 -9999 -9999 -9999 -9999 -9999 -9999 -9999 -9999 -9999 -9999 129 145 145 145 148 148 129 129 129 103 103 103 103 103 117 117 117 114 114 104 104 104 101 101 101 99 99 99 99 99 91 91 91 91 91 103
-9999 -9999 -9999 -9999 -9999 -9999 -9999 -9999 -9999 -9999 -9999 -9999 -9999 -9999 -9999 -9999 -9999 109 89 89 89 78 78 74 74 74 68 68 -9999 -9999 -9999 -9999 -9999 -9999 -9999 -9999 -9999 -9999 -9999 -9999 -9999 -9999 -9999 -9999 -9999 -9999 -9999 -9999 -9999 105 105 105 96 96 96 98 98 103 103 103 109 109 109 113 113 120 120 120 117 117 100 100 100 86 86 86 82 82 93 93 93 99 99 96 96 96 99
-9999 -9999 -9999 -9999 -9999 -9999 -9999 -9999 -9999 -9999 -9999 -9999 -9999 -9999 -9999 -9999 109 109 89 89 89 78 78 74 74 74 68 68 68 -9999 -9999 -9999 -9999 -9999 -9999 -9999 -9999 -9999 -9999 -9999 -9999 -9999 -9999 -9999 -9999 -9999 -9999 -9999 113 105 105 105 96 96 96 98 98 103 103 103 109 109 109 113 113 120 120 120 117 117 100 100 100 86 86 86 82 82 93 93 93 99 99 96 96 96 99
-9999 -9999 -9999 -9999 -9999 -9999 -9999 -9999 -9999 -9999 -9999 -9999 -9999 -9999 -9999 -9999 109 109 89 89 89 78 78 74 74 74 68 68 68 74 -9999 -9999 -9999 -9999 -9999 -9999 -9999 -9999 -9999 -9999 -9999 -9999 -9999 -9999 -9999 -9999 -9999 113 113 105 105 105 96 96 96 98 98 103 103 103 109 109 109 113 113 120 120 120 117 117 100 100 100 86 86 86 82 82 93 93 93 99 99 96 96 96 99
-9999 -9999 -9999 -9999 -9999 -9999 -9999 -9999 -9999 -9999 -9999 -9999 -9999 -9999 -9999 -9999 -9999 113 101 101 101 111 111 121 121 121 108 108 108 81 81 -9999 -9999 -9999 -9999 -9999 -9999 -9999 -9999 -9999 -9999 -9999 -9999 -9999 -9999 -9999 110 99 99 87 87 87 74 74 74 74 74 85 85 85 82 82 82 81 81 99 99 99 111 111 108 108 108 93 93 93 77 77 76 76 76 85 85 93 93 93 100
-9999 -9999 -9999 -9999 -9999 -9999 -9999 -9999 -9999 -9999 -9999 -9999 -9999 -9999 -9999 -9999 -9999 113 101 101 101 111 111 121 121 121 108 108 108 81 81 78 -9999 -9999 -9999 -9999 -9999 -9999 -9999 -9999 -9999 -9999 -9999 -9999 -9999 110 110 99 99 87 87 87 74 74 74 74 74 85 85 85 82 82 82 81 81 99 99 99 111 111 108 108 108 93 93 93 77 77 76 76 76 85 85 93 93 93 100
-9999 -9999 -9999 -9999 -9999 -9999 -9999 -9999 -9999 -9999 -9999 -9999 -9999 -9999 -9999 -9999 128 128 129 129 129 129 129 131 131 131 131 131 131 119 119 91 91 -9999 -9999 -9999 -9999 -9999 -9999 -9999 -9999 -9999 -9999 -9999 -9999 126 126 114 114 111 111 111 111 111 111 98 98 88 88 88 86 86 86 81 81 82 82 82 99 99 120 120 120 122 122 122 108 108 95 95 95 86 86 91 91 91 107
-9999 -9999 -9999 -9999 -9999 -9999 -9999 -9999 -9999 -9999 -9999 -9999 -9999 -9999 -9999 -9999 -9999 128 129 129 129 129 129 131 131 131 131 131 131 119 119 91 91 91 -9999 -9999 -9999 -9999 -9999 -9999 -9999 -9999 -9999 -9999 126 126 126 114 114 111 111 111 111 111 111 98 98 88 88 88 86 86 86 81 81 82 82 82 99 99 120 120 120 122 122 122 108 108 95 95 95 86 86 91 91 91 107
-9999 -9999 -9999 -9999 -9999 -9999 -9999 -9999 -9999 -9999 -9999 -9999 -9999 -9999 -9999 -9999 -9999 128 129 129 129 129 129 131 131 131 131 131 131 119 119 91 91 91 87 87 -9999 -9999 -9999 -9999 -9999 -9999 -9999 125 126 126 126 114 114 111 111 111 111 111 111 98 98 88 88 88 86 86 86 81 81 82 82 82 99 99 120 120 120 122 122 122 108 108 95 95 95 86 86 91 91 91 107
-9999 -9999 -9999 -9999 -9999 -9999 -9999 -9999 -9999 -9999 -9999 -9999 -9999 -9999 -9999 -9999 -9999 138 138 138 138 138 138 140 140 140 141 141 141 142 142 128 128 128 103 103 93 93 -9999 -9999 -9999 -9999 95 95 106 106 106 120 120 114 114 114 102 102 102 94 94 100 100 100 102 102 102 91 91 80 80 80 82 82 104 104 104 123 123 123 120 120 110 110 110 95 95 80 80 80 82
-9999 -9999 -9999 -9999 -9999 -9999 -9999 -9999 -9999 -9999 -9999 -9999 -9999 -9999 -9999 -9999 -9999 138 138 138 138 138 138 140 140 140 141 141 141 142 142 128 128 128 103 103 93 93 93 97 97 97 95 95 106 106 106 120 120 114 114 114 102 102 102 94 94 100 100 100 102 102 102 91 91 80 80 80 82 82 104 104 104 123 123 123 120 120 110 110 110 95 95 80 80 80 82
-9999 -9999 -9999 -9999 -9999 -9999 -9999 -9999 -9999 -9999 -9999 -9999 -9999 -9999 -9999 -9999 -9999 138 138 138 138 138 138 140 140 140 141 141 141 142 142 128 128 128 103 103 93 93 93 97 97 97 95 95 106 106 106 120 120 114 114 114 102 102 102 94 94 100 100 100 102 102 102 91 91 80 80 80 82 82 104 104 104 123 123 123 120 120 110 110 110 95 95 80 80 80 82
-9999 -9999 -9999 -9999 -9999 -9999 -9999 -9999 -9999 -9999 -9999 -9999 -9999 -9999 -9999 -9999 148 148 144 144 144 142 142 144 144 144 146 146 146 147 147 149 149 149 140 140 120 120 120 109 109 109 102 102 104 104 104 115 115 112 112 112 107 107 107 109 109 107 107 107 101 101 101 96 96 92 92 92 79 79 74 74 74 91 91 91 111 111 114 114 114 100 100 78 78 78 69
-9999 -9999 -9999 -9999 -9999 -9999 -9999 -9999 -9999 -9999 -9999 -9999 -9999 -9999 -9999 148 148 148 144 144 144 142 142 144 144 144 146 146 146 147 147 149 149 149 140 140 120 120 120 109 109 109 102 102 104 104 104 115 115 112 112 112 107 107 107 109 109 107 107 107 101 101 101 96 96 92 92 92 79 79 74 74 74 91 91 91 111 111 114 114 114 100 100 78 78 78 69
-9999 -9999 -9999 -9999 -9999 -9999 -9999 -9999 -9999 -9999 -9999 -9999 -9999 -9999 144 132 132 132 138 138 138 148 148 150 150 150 152 152 152 153 153 155 155 155 157 157 158 158 158 155 155 155 149 149 142 142 142 133 133 125 125 125 131 131 131 131 131 121 121 121 112 112 112 104 104 101 101 101 93 93 79 79 79 78 78 78 97 97 117 117 117 114 114 100 100 100 92
-9999 -9999 -9999 -9999 -9999 -9999 -9999 -9999 -9999 -9999 -9999 -9999 -9999 144 144 132 132 132 138 138 138 148 148 150 150 150 152 152 152 153 153 155 155 155 157 157 158 158 158 155 155 155 149 149 142 142 142 133 133 125 125 125 131 131 131 131 131 121 121 121 112 112 112 104 104 101 101 101 93 93 79 79 79 78 78 78 97 97 117 117 117 114 114 100 100 100 92
-9999 -9999 -9999 -9999 -9999 -9999 -9999 -9999 -9999 -9999 -9999 149 149 144 144 132 132 132 138 138 138 148 148 150 150 150 152 152 152 153 153 155 155 155 157 157 158 158 158 155 155 155 149 149 142 142 142 133 133 125 125 125 131 131 131 131 131 121 121 121 112 112 112 104 104 101 101 101 93 93 79 79 79 78 78 78 97 97 117 117 117 114 114 100 100 100 92
-9999 -9999 -9999 -9999 -9999 -9999 -9999 -9999 -9999 -9999 -9999 142 142 121 121 116 116 116 137 137 137 149 149 152 152 152 154 154 154 155 155 156 156 156 157 157 157 157 157 155 155 155 150 150 145 145 145 144 144 144 144 144 141 141 141 131 131 126 126 126 125 125 125 115 115 101 101 101 93 93 91 91 91 86 86 86 86 86 103 103 103 121 121 121 121 121 113
-9999 -9999 -9999 -9999 -9999 -9999 -9999 -9999 -9999 -9999 142 142 142 121 121 116 116 116 137 137 137 149 149 152 152 152 154 154 154 155 155 156 156 156 157 157 157 157 157 155 155 155 150 150 145 145 145 144 144 144 144 144 141 141 141 131 131 126 126 126 125 125 125 115 115 101 101 101 93 93 91 91 91 86 86 86 86 86 103 103 103 121 121 121 121 121 113
-9999 -9999 -9999 -9999 -9999 -9999 -9999 -9999 -9999 147 142 142 142 121 121 116 116 116 137 137 137 149 149 152 152 152 154 154 154 155 155 156 156 156 157 157 157 157 157 155 155 155 150 150 145 145 145 144 144 144 144 144 141 141 141 131 131 126 126 126 125 125 125 115 115 101 101 101 93 93 91 91 91 86 86 86 86 86 103 103 103 121 121 121 121 121 113
-9999 -9999 -9999 -9999 -9999 -9999 -9999 -9999 -9999 138 118 118 118 116 116 137 137 137 150 150 150 153 153 157 157 157 159 159 159 158 158 155 155 155 153 153 155 155 155 155 155 155 151 151 147 147 147 150 150 153 153 153 146 146 146 135 135 129 129 129 126 126 126 124 124 117 117 117 107 107 103 103 103 99 99 99 93 93 102 102 102 122 122 132 132 132 125
-9999 -9999 -9999 -9999 -9999 -9999 -9999 -9999 -9999 138 118 118 118 116 116 137 137 137 150 150 150 153 153 157 157 157 159 159 159 158 158 155 155 155 153 153 155 155 155 155 155 155 151 151 147 147 147 150 150 153 153 153 146 146 146 135 135 129 129 129 126 126 126 124 124 117 117 117 107 107 103 103 103 99 99 99 93 93 102 102 102 122 122 132 132 132 125
-9999 -9999 -9999 -9999 -9999 -9999 -9999 -9999 140 140 129 129 129 139 139 151 151 151 155 155 155 160 160 165 165 165 166 166 166 158 158 151 151 151 151 151 155 155 155 156 156 156 155 155 159 159 159 156 156 149 149 149 149 149 149 144 144 136 136 136 129 129 129 131 131 138 138 138 136 136 127 127 127 114 114 114 104 104 110 110 110 119 119 126 126 126 131
-9999 -9999 -9999 -9999 -9999 -9999 -9999 -9999 140 140 129 129 129 139 139 151 151 151 155 155 155 160 160 165 165 165 166 166 166 158 158 151 151 151 151 151 155 155 155 156 156 156 155 155 159 159 159 156 156 149 149 149 149 149 149 144 144 136 136 136 129 129 129 131 131 138 138 138 136 136 127 127 127 114 114 114 104 104 110 110 110 119 119 126 126 126 131
-9999 -9999 -9999 -9999 -9999 -9999 -9999 -9999 140 140 129 129 129 139 139 151 151 151 155 155 155 160 160 165 165 165 166 166 166 158 158 151 151 151 151 151 155 155 155 156 156 156 155 155 159 159 159 156 156 149 149 149 149 149 149 144 144 136 136 136 129 129 129 131 131 138 138 138 136 136 127 127 127 114 114 114 104 104 110 110 110 119 119 126 126 126 131
-9999 -9999 -9999 -9999 -9999 -9999 -9999 148 152 152 151 151 151 150 150 154 154 154 158 158 158 164 164 170 170 170 169 169 169 160 160 153 153 153 154 154 156 156 156 157 157 157 159 159 157 157 157 144 144 133 133 133 136 136 136 141 141 141 141 141 137 137 137 134 134 140 140 140 146 146 144 144 144 134 134 134 121 121 120 120 120 119 119 116 116 116 120
-9999 -9999 -9999 -9999 -9999 -9999 -9999 148 152 152 151 151 151 150 150 154 154 154 158 158 158 164 164 170 170 170 169 169 169 160 160 153 153 153 154 154 156 156 156 157 157 157 159 159 157 157 157 144 144 133 133 133 136 136 136 141 141 141 141 141 137 137 137 134 134 140 140 140 146 146 144 144 144 134 134 134 121 121 120 120 120 119 119 116 116 116 120
-9999 -9999 -9999 -9999 -9999 -9999 -9999 147 151 151 149 149 149 148 148 152 152 152 157 157 157 163 163 168 168 168 165 165 165 160 160 158 158 158 158 158 162 162 162 163 163 163 159 159 146 146 146 134 134 129 129 129 127 127 127 131 131 142 142 142 146 146 146 142 142 145 145 145 153 153 161 161 161 162 162 162 152 152 145 145 145 138 138 131 131 131 126
-9999 -9999 -9999 -9999 -9999 -9999 -9999 147 151 151 149 149 149 148 148 152 152 152 157 157 157 163 163 168 168 168 165 165 165 160 160 158 158 158 158 158 162 162 162 163 163 163 159 159 146 146 146 134 134 129 129 129 127 127 127 131 131 142 142 142 146 146 146 142 142 145 145 145 153 153 161 161 161 162 162 162 152 152 145 145 145 138 138 131 131 131 126
-9999 -9999 -9999 -9999 -9999 -9999 -9999 147 151 151 149 149 149 148 148 152 152 152 157 157 157 163 163 168 168 168 165 165 165 160 160 158 158 158 158 158 162 162 162 163 163 163 159 159 146 146 146 134 134 129 129 129 127 127 127 131 131 142 142 142 146 146 146 142 142 145 145 145 153 153 161 161 161 162 162 162 152 152 145 145 145 138 138 131 131 131 126
-9999 -9999 -9999 -9999 -9999 -9999 136 136 126 126 136 136 136 145 145 148 148 148 153 153 153 156 156 159 159 159 158 158 158 160 160 161 161 161 162 162 172 172 172 170 170 170 157 157 149 149 149 147 147 144 144 144 139 139 139 132 132 134 134 134 144 144 144 151 151 156 156 156 158 158 164 164 164 172 172 172 171 171 168 168 168 163 163 157 157 157 148
-9999 -9999 -9999 -9999 -9999 -9999 136 136 126 126 136 136 136 145 145 148 148 148 153 153 153 156 156 159 159 159 158 158 158 160 160 161 161 161 162 162 172 172 172 170 170 170 157 157 149 149 149 147 147 144 144 144 139 139 139 132 132 134 134 134 144 144 144 151 151 156 156 156 158 158 164 164 164 172 172 172 171 171 168 168 168 163 163 157 157 157 148
-9999 -9999 -9999 -9999 -9999 -9999 136 136 126 126 136 136 136 145 145 148 148 148 153 153 153 156 156 159 159 159 158 158 158 160 160 161 161 161 162 162 172 172 172 170 170 170 157 157 149 149 149 147 147 144 144 144 139 139 139 132 132 134 134 134 144 144 144 151 151 156 156 156 158 158 164 164 164 172 172 172 171 171 168 168 168 163 163 157 157 157 148
-9999 -9999 -9999 -9999 -9999 -9999 -9999 148 146 146 144 144 144 143 143 144 144 144 146 146 146 146 146 151 151 151 156 156 156 162 162 165 165 165 162 162 166 166 166 160 160 160 152 152 150 150 150 149 149 147 147 147 146 146 146 140 140 133 133 133 139 139 139 150 150 156 156 156 153 153 154 154 154 162 162 162 164 164 162 162 162 154 154 146 146 146 143
-9999 -9999 -9999 -9999 -9999 -9999 -9999 148 146 146 144 144 144 143 143 144 144 144 146 146 146 146 146 151 151 151 156 156 156 162 162 165 165 165 162 162 166 166 166 160 160 160 152 152 150 150 150 149 149 147 147 147 146 146 146 140 140 133 133 133 139 139 139 150 150 156 156 156 153 153 154 154 154 162 162 162 164 164 162 162 162 154 154 146 146 146 143
-9999 -9999 -9999 -9999 -9999 -9999 -9999 -9999 175 175 173 173 173 152 152 139 139 139 139 139 139 138 138 147 147 147 157 157 157 166 166 172 172 172 162 162 155 155 155 151 151 151 152 152 154 154 154 152 152 150 150 150 149 149 149 146 146 144 144 144 140 140 140 139 139 147 147 147 151 151 154 154 154 153 153 153 144 144 134 134 134 120 120 108 108 108 107
