SEB_model/sample_data_files/contemp/hillshade/augnoon.txt
ncols         313
nrows         278
xllcorner     388961.19995117
yllcorner     7584381.3441773
cellsize      5
NODATA_value  -9999
[rows 78 to 116 of 278, columns 87 to 173 of 313]
-9999 -9999 -9999 -9999 -9999 -9999 -9999 -9999 -9999 -9999 -9999 -9999 -9999 -9999 -9999 -9999 -9999 -9999 -9999 -9999 -9999 -9999 -9999 -9999 -9999 -9999 -9999 -9999 -9999 -9999 -9999 105 105 101 101 101 93 93 97 97 97 114 114 114 122 122 118 118 118 108 108 100 100 100 98 98 98 97 97 94 94 94 92 92 92 91 91 92 92 92 93 93 93 93 93 94 94 94 96 96 106 106 106 115 115 114 114
-9999 -9999 -9999 -9999 -9999 -9999 -9999 -9999 -9999 -9999 -9999 -9999 -9999 -9999 -9999 -9999 -9999 -9999 -9999 -9999 -9999 -9999 -9999 -9999 -9999 -9999 -9999 -9999 -9999 96 97 97 97 96 96 96 90 90 79 79 79 74 74 74 79 79 86 86 86 81 81 74 74 74 71 71 71 69 69 73 73 73 75 75 75 77 77 79 79 79 79 79 79 79 79 79 79 79 82 82 90 90 90 95 95 94 94
-9999 -9999 -9999 -9999 -9999 -9999 -9999 -9999 -9999 -9999 -9999 -9999 -9999 -9999 -9999 -9999 -9999 -9999 -9999 -9999 -9999 -9999 -9999 -9999 -9999 -9999 -9999 -9999 -9999 96 97 97 97 96 96 96 90 90 79 79 79 74 74 74 79 79 86 86 86 81 81 74 74 74 71 71 71 69 69 73 73 73 75 75 75 77 77 79 79 79 79 79 79 79 79 79 79 79 82 82 90 90 90 95 95 94 94
-9999 -9999 -9999 -9999 -9999 -9999 -9999 -9999 -9999 -9999 -9999 -9999 -9999 -9999 -9999 -9999 -9999 -9999 -9999 -9999 -9999 -9999 -9999 -9999 -9999 -9999 -9999 -9999 -9999 96 97 97 97 96 96 96 90 90 79 79 79 74 74 74 79 79 86 86 86 81 81 74 74 74 71 71 71 69 69 73 73 73 75 75 75 77 77 79 79 79 79 79 79 79 79 79 79 79 82 82 90 90 90 95 95 94 94
-9999 -9999 -9999 -9999 -9999 -9999 -9999 -9999 -9999 -9999 -9999 -9999 -9999 -9999 -9999 -9999 -9999 -9999 -9999 -9999 -9999 -9999 -9999 -9999 72 56 56 56 0 0 48 48 48 0 0 0 0 0 0 0 0 0 0 0 0 0 0 0 0 30 30 34 34 34 36 36 36 43 43 54 54 54 61 61 61 61 61 59 59 59 55 55 50 50 50 48 48 48 52 52 59 59 59 64 64 68 68
-9999 -9999 -9999 -9999 -9999 -9999 -9999 -9999 -9999 -9999 -9999 -9999 -9999 -9999 -9999 -9999 -9999 -9999 -9999 -9999 -9999 -9999 -9999 -9999 72 56 56 56 0 0 48 48 48 0 0 0 0 0 0 0 0 0 0 0 0 0 0 0 0 30 30 34 34 34 36 36 36 43 43 54 54 54 61 61 61 61 61 59 59 59 55 55 50 50 50 48 48 48 52 52 59 59 59 64 64 68 68
-9999 -9999 -9999 -9999 -9999 -9999 -9999 -9999 -9999 -9999 -9999 -9999 -9999 -9999 -9999 -9999 -9999 -9999 -9999 -9999 -9999 -9999 -9999 -9999 -9999 72 72 72 50 50 36 36 36 26 26 26 18 18 14 14 14 9 9 9 2 2 3 3 3 15 15 31 31 31 45 45 45 59 59 72 72 72 78 78 78 75 75 70 70 70 64 64 60 60 60 59 59 59 57 57 58 58 58 61 61 66 66
-9999 -9999 -9999 -9999 -9999 -9999 -9999 -9999 -9999 -9999 -9999 -9999 -9999 -9999 -9999 -9999 -9999 -9999 -9999 -9999 -9999 -9999 -9999 -9999 -9999 72 72 72 50 50 36 36 36 26 26 26 18 18 14 14 14 9 9 9 2 2 3 3 3 15 15 31 31 31 45 45 45 59 59 72 72 72 78 78 78 75 75 70 70 70 64 64 60 60 60 59 59 59 57 57 58 58 58 61 61 66 66
-9999 -9999 -9999 -9999 -9999 -9999 -9999 -9999 -9999 -9999 -9999 -9999 -9999 -9999 -9999 -9999 -9999 -9999 -9999 -9999 -9999 -9999 -9999 -9999 79 72 72 72 50 50 36 36 36 26 26 26 18 18 14 14 14 9 9 9 2 2 3 3 3 15 15 31 31 31 45 45 45 59 59 72 72 72 78 78 78 75 75 70 70 70 64 64 60 60 60 59 59 59 57 57 58 58 58 61 61 66 66
-9999 -9999 -9999 -9999 -9999 -9999 -9999 -9999 -9999 -9999 -9999 -9999 -9999 -9999 -9999 -9999 -9999 -9999 -9999 -9999 -9999 -9999 -9999 -9999 70 0 0 0 69 69 54 54 54 42 42 42 36 36 39 39 39 39 39 39 32 32 26 26 26 25 25 36 36 36 54 54 54 69 69 77 77 77 79 79 79 75 75 72 72 72 71 71 72 72 72 71 71 71 67 67 65 65 65 67 67 70 70
-9999 -9999 -9999 -9999 -9999 -9999 -9999 -9999 -9999 -9999 -9999 -9999 -9999 -9999 -9999 -9999 -9999 -9999 -9999 -9999 -9999 -9999 -9999 -9999 70 0 0 0 69 69 54 54 54 42 42 42 36 36 39 39 39 39 39 39 32 32 26 26 26 25 25 36 36 36 54 54 54 69 69 77 77 77 79 79 79 75 75 72 72 72 71 71 72 72 72 71 71 71 67 67 65 65 65 67 67 70 70
-9999 -9999 -9999 -9999 -9999 -9999 -9999 -9999 -9999 -9999 -9999 -9999 -9999 -9999 -9999 -9999 -9999 -9999 -9999 -9999 -9999 -9999 -9999 -9999 70 0 0 0 69 69 54 54 54 42 42 42 36 36 39 39 39 39 39 39 32 32 26 26 26 25 25 36 36 36 54 54 54 69 69 77 77 77 79 79 79 75 75 72 72 72 71 71 72 72 72 71 71 71 67 67 65 65 65 67 67 70 70
-9999 -9999 -9999 -9999 -9999 -9999 -9999 -9999 -9999 -9999 -9999 -9999 -9999 -9999 -9999 -9999 -9999 -9999 -9999 -9999 -9999 -9999 -9999 -9999 60 50 50 50 52 52 50 50 50 43 43 43 42 42 49 49 49 58 58 58 55 55 53 53 53 52 52 55 55 55 61 61 61 66 66 69 69 69 72 72 72 72 72 74 74 74 76 76 82 82 82 86 86 86 86 86 87 87 87 88 88 85 85
-9999 -9999 -9999 -9999 -9999 -9999 -9999 -9999 -9999 -9999 -9999 -9999 -9999 -9999 -9999 -9999 -9999 -9999 -9999 -9999 -9999 -9999 -9999 -9999 60 50 50 50 52 52 50 50 50 43 43 43 42 42 49 49 49 58 58 58 55 55 53 53 53 52 52 55 55 55 61 61 61 66 66 69 69 69 72 72 72 72 72 74 74 74 76 76 82 82 82 86 86 86 86 86 87 87 87 88 88 85 85
-9999 -9999 -9999 -9999 -9999 -9999 -9999 -9999 -9999 -9999 -9999 -9999 -9999 -9999 -9999 -9999 -9999 -9999 -9999 -9999 -9999 -9999 -9999 -9999 -9999 106 106 106 97 97 64 64 64 46 46 46 42 42 38 38 38 38 38 38 46 46 55 55 55 57 57 57 57 57 56 56 56 50 50 46 46 46 53 53 53 64 64 70 70 70 74 74 82 82 82 90 90 90 92 92 94 94 94 91 91 85 85
-9999 -9999 -9999 -9999 -9999 -9999 -9999 -9999 -9999 -9999 -9999 -9999 -9999 -9999 -9999 -9999 -9999 -9999 -9999 -9999 -9999 -9999 -9999 -9999 -9999 -9999 -9999 106 97 97 64 64 64 46 46 46 42 42 38 38 38 38 38 38 46 46 55 55 55 57 57 57 57 57 56 56 56 50 50 46 46 46 53 53 53 64 64 70 70 70 74 74 82 82 82 90 90 90 92 92 94 94 94 91 91 85 85
-9999 -9999 -9999 -9999 -9999 -9999 -9999 -9999 -9999 -9999 -9999 -9999 -9999 -9999 -9999 -9999 -9999 69 69 69 74 74 74 88 88 106 106 106 97 97 64 64 64 46 46 46 42 42 38 38 38 38 38 38 46 46 55 55 55 57 57 57 57 57 56 56 56 50 50 46 46 46 53 53 53 64 64 70 70 70 74 74 82 82 82 90 90 90 92 92 94 94 94 91 91 85 85
-9999 -9999 -9999 -9999 -9999 -9999 -9999 -9999 -9999 -9999 -9999 -9999 -9999 -9999 -9999 -9999 -9999 56 56 56 0 0 0 0 0 0 0 0 0 0 49 49 49 41 41 41 38 38 34 34 34 29 29 29 27 27 28 28 28 26 26 28 28 28 33 33 33 33 33 26 26 26 22 22 22 32 32 49 49 49 61 61 67 67 67 70 70 70 69 69 68 68 68 65 65 61 61
-9999 -9999 -9999 -9999 -9999 -9999 -9999 -9999 -9999 -9999 -9999 -9999 -9999 -9999 -9999 -9999 -9999 -9999 56 56 0 0 0 0 0 0 0 0 0 0 49 49 49 41 41 41 38 38 34 34 34 29 29 29 27 27 28 28 28 26 26 28 28 28 33 33 33 33 33 26 26 26 22 22 22 32 32 49 49 49 61 61 67 67 67 70 70 70 69 69 68 68 68 65 65 61 61
-9999 -9999 -9999 -9999 -9999 -9999 -9999 -9999 -9999 -9999 -9999 -9999 0 0 0 0 0 0 0 0 22 22 22 24 24 22 22 22 27 27 41 41 41 44 44 44 40 40 44 44 44 46 46 46 40 40 38 38 38 41 41 46 46 46 51 51 51 55 55 55 55 55 45 45 45 44 44 65 65 65 84 84 85 85 85 80 80 80 75 75 70 70 70 67 67 66 66
-9999 -9999 -9999 -9999 -9999 -9999 -9999 -9999 -9999 -9999 -9999 0 0 0 0 0 0 0 0 0 22 22 22 24 24 22 22 22 27 27 41 41 41 44 44 44 40 40 44 44 44 46 46 46 40 40 38 38 38 41 41 46 46 46 51 51 51 55 55 55 55 55 45 45 45 44 44 65 65 65 84 84 85 85 85 80 80 80 75 75 70 70 70 67 67 66 66
-9999 -9999 -9999 -9999 -9999 -9999 -9999 -9999 -9999 34 0 0 0 0 0 0 0 0 0 0 22 22 22 24 24 22 22 22 27 27 41 41 41 44 44 44 40 40 44 44 44 46 46 46 40 40 38 38 38 41 41 46 46 46 51 51 51 55 55 55 55 55 45 45 45 44 44 65 65 65 84 84 85 85 85 80 80 80 75 75 70 70 70 67 67 66 66
-9999 -9999 -9999 -9999 -9999 -9999 -9999 -9999 17 17 0 0 0 0 0 0 0 9 9 9 29 29 29 42 42 48 48 48 53 53 49 49 49 39 39 39 30 30 25 25 25 0 0 0 24 24 31 31 31 42 42 52 52 52 55 55 55 52 52 50 50 50 50 50 50 54 54 63 63 63 69 69 70 70 70 68 68 68 66 66 65 65 65 65 65 68 68
-9999 -9999 -9999 -9999 -9999 -9999 -9999 17 17 17 0 0 0 0 0 0 0 9 9 9 29 29 29 42 42 48 48 48 53 53 49 49 49 39 39 39 30 30 25 25 25 0 0 0 24 24 31 31 31 42 42 52 52 52 55 55 55 52 52 50 50 50 50 50 50 54 54 63 63 63 69 69 70 70 70 68 68 68 66 66 65 65 65 65 65 68 68
-9999 -9999 -9999 -9999 -9999 -9999 22 17 17 17 0 0 0 0 0 0 0 9 9 9 29 29 29 42 42 48 48 48 53 53 49 49 49 39 39 39 30 30 25 25 25 0 0 0 24 24 31 31 31 42 42 52 52 52 55 55 55 52 52 50 50 50 50 50 50 54 54 63 63 63 69 69 70 70 70 68 68 68 66 66 65 65 65 65 65 68 68
-9999 -9999 -9999 -9999 -9999 -9999 18 15 15 15 9 9 19 19 19 30 30 32 32 32 33 33 33 36 36 43 43 43 49 49 50 50 50 41 41 41 29 29 21 21 21 20 20 20 24 24 31 31 31 42 42 52 52 52 54 54 54 46 46 39 39 39 48 48 48 65 65 66 66 66 54 54 54 54 54 60 60 60 63 63 63 63 63 64 64 67 67
-9999 -9999 -9999 -9999 -9999 -9999 -9999 -9999 15 15 9 9 19 19 19 30 30 32 32 32 33 33 33 36 36 43 43 43 49 49 50 50 50 41 41 41 29 29 21 21 21 20 20 20 24 24 31 31 31 42 42 52 52 52 54 54 54 46 46 39 39 39 48 48 48 65 65 66 66 66 54 54 54 54 54 60 60 60 63 63 63 63 63 64 64 67 67
-9999 -9999 -9999 -9999 -9999 -9999 -9999 -9999 31 31 48 48 39 39 39 27 27 25 25 25 25 25 25 31 31 40 40 40 46 46 48 48 48 43 43 43 28 28 0 0 0 0 0 0 35 35 51 51 51 53 53 44 44 44 0 0 0 0 0 52 52 52 73 73 73 74 74 67 67 67 53 53 46 46 46 52 52 52 60 60 62 62 62 61 61 61 61
-9999 -9999 -9999 -9999 -9999 -9999 -9999 -9999 -9999 31 48 48 39 39 39 27 27 25 25 25 25 25 25 31 31 40 40 40 46 46 48 48 48 43 43 43 28 28 0 0 0 0 0 0 35 35 51 51 51 53 53 44 44 44 0 0 0 0 0 52 52 52 73 73 73 74 74 67 67 67 53 53 46 46 46 52 52 52 60 60 62 62 62 61 61 61 61
-9999 -9999 -9999 -9999 -9999 -9999 -9999 -9999 -9999 -9999 48 48 -9999 -9999 39 27 27 25 25 25 25 25 25 31 31 40 40 40 46 46 48 48 48 43 43 43 28 28 0 0 0 0 0 0 35 35 51 51 51 53 53 44 44 44 0 0 0 0 0 52 52 52 73 73 73 74 74 67 67 67 53 53 46 46 46 52 52 52 60 60 62 62 62 61 61 61 61
-9999 -9999 -9999 -9999 -9999 -9999 -9999 -9999 -9999 -9999 50 50 -9999 -9999 -9999 49 49 26 26 26 17 17 17 23 23 31 31 31 33 33 33 33 33 28 28 28 16 16 9 9 9 7 7 7 19 19 40 40 40 36 36 14 14 14 0 0 0 27 27 64 64 64 76 76 76 62 62 50 50 50 42 42 37 37 37 36 36 36 39 39 44 44 44 44 44 40 40
-9999 -9999 -9999 -9999 -9999 -9999 -9999 -9999 -9999 -9999 -9999 -9999 -9999 -9999 -9999 49 49 26 26 26 17 17 17 23 23 31 31 31 33 33 33 33 33 28 28 28 16 16 9 9 9 7 7 7 19 19 40 40 40 36 36 14 14 14 0 0 0 27 27 64 64 64 76 76 76 62 62 50 50 50 42 42 37 37 37 36 36 36 39 39 44 44 44 44 44 40 40
-9999 -9999 -9999 -9999 -9999 -9999 -9999 -9999 -9999 -9999 -9999 -9999 -9999 -9999 -9999 -9999 49 26 26 26 17 17 17 23 23 31 31 31 33 33 33 33 33 28 28 28 16 16 9 9 9 7 7 7 19 19 40 40 40 36 36 14 14 14 0 0 0 27 27 64 64 64 76 76 76 62 62 50 50 50 42 42 37 37 37 36 36 36 39 39 44 44 44 44 44 40 40
-9999 -9999 -9999 -9999 -9999 -9999 -9999 -9999 -9999 -9999 -9999 -9999 -9999 -9999 -9999 -9999 55 39 39 39 31 31 31 35 35 39 39 39 39 39 36 36 36 31 31 31 29 29 36 36 36 39 39 39 35 35 0 0 0 0 0 30 30 30 39 39 39 68 68 86 86 86 79 79 79 67 67 61 61 61 60 60 61 61 61 57 57 57 54 54 55 55 55 55 55 49 49
-9999 -9999 -9999 -9999 -9999 -9999 -9999 -9999 -9999 -9999 -9999 -9999 -9999 -9999 -9999 -9999 -9999 39 39 39 31 31 31 35 35 39 39 39 39 39 36 36 36 31 31 31 29 29 36 36 36 39 39 39 35 35 0 0 0 0 0 30 30 30 39 39 39 68 68 86 86 86 79 79 79 67 67 61 61 61 60 60 61 61 61 57 57 57 54 54 55 55 55 55 55 49 49
-9999 -9999 -9999 -9999 -9999 -9999 -9999 -9999 -9999 -9999 -9999 -9999 -9999 -9999 -9999 -9999 -9999 -9999 63 63 67 67 67 47 47 36 36 36 34 34 30 30 30 30 30 30 33 33 42 42 42 53 53 53 39 39 0 0 0 0 0 32 32 32 45 45 45 0 0 0 0 0 0 0 0 0 0 0 0 0 34 34 39 39 39 43 43 43 46 46 45 45 45 42 42 40 40
-9999 -9999 -9999 -9999 -9999 -9999 -9999 -9999 -9999 -9999 -9999 -9999 -9999 -9999 -9999 -9999 -9999 -9999 -9999 -9999 67 67 67 47 47 36 36 36 34 34 30 30 30 30 30 30 33 33 42 42 42 53 53 53 39 39 0 0 0 0 0 32 32 32 45 45 45 0 0 0 0 0 0 0 0 0 0 0 0 0 34 34 39 39 39 43 43 43 46 46 45 45 45 42 42 40 40
-9999 -9999 -9999 -9999 -9999 -9999 -9999 -9999 -9999 -9999 -9999 -9999 -9999 -9999 -9999 -9999 -9999 -9999 -9999 -9999 -9999 67 67 47 47 36 36 36 34 34 30 30 30 30 30 30 33 33 42 42 42 53 53 53 39 39 0 0 0 0 0 32 32 32 45 45 45 0 0 0 0 0 0 0 0 0 0 0 0 0 34 34 39 39 39 43 43 43 46 46 45 45 45 42 42 40 40
-9999 -9999 -9999 -9999 -9999 -9999 -9999 -9999 -9999 -9999 -9999 -9999 -9999 -9999 -9999 -9999 -9999 -9999 -9999 -9999 -9999 82 82 72 72 39 39 39 21 21 18 18 18 21 21 21 26 26 35 35 35 37 37 37 16 16 0 0 0 1 1 38 38 38 53 53 53 29 29 10 10 10 1 1 1 0 0 0 0 0 5 5 15 15 15 22 22 22 22 22 22 22 22 16 16 0 0
