SEB_model/sample_data_files/contemp/hillshade/augnoon.txt
ncols         313
nrows         278
xllcorner     388961.19995117
yllcorner     7584381.3441773
cellsize      5
NODATA_value  -9999
[rows 39 to 77 of 278, columns 174 to 260 of 313]
195 205 205 205 216 216 213 213 213 221 221 221 231 231 234 234 234 230 230 212 212 212 182 182 182 156 156 145 145 145 139 139 138 138 138 143 143 143 134 134 110 110 110 82 82 82 66 66 66 66 66 68 68 60 60 60 51 51 51 46 46 45 45 45 61 61 115 115 115 180 180 180 221 221 240 240 240 244 244 244 239 239 232 232 232 227 227
182 175 175 175 174 174 185 185 185 202 202 202 214 214 221 221 221 224 224 217 217 217 194 194 194 162 162 143 143 143 132 132 123 123 123 115 115 115 101 101 89 89 89 85 85 85 87 87 93 93 93 90 90 75 75 75 56 56 56 41 41 39 39 39 53 53 84 84 84 129 129 129 183 183 226 226 226 243 243 243 247 247 245 245 245 241 241
182 175 175 175 174 174 185 185 185 202 202 202 214 214 221 221 221 224 224 217 217 217 194 194 194 162 162 143 143 143 132 132 123 123 123 115 115 115 101 101 89 89 89 85 85 85 87 87 93 93 93 90 90 75 75 75 56 56 56 41 41 39 39 39 53 53 84 84 84 129 129 129 183 183 226 226 226 243 243 243 247 247 245 245 245 241 241
171 163 163 163 169 169 186 186 186 199 199 199 200 200 197 197 197 199 199 201 201 201 191 191 191 171 171 153 153 153 135 135 114 114 114 101 101 101 101 101 105 105 105 105 105 105 107 107 113 113 113 111 111 94 94 94 75 75 75 73 73 92 92 92 116 116 134 134 134 147 147 147 169 169 194 194 194 218 218 218 239 239 244 244 244 246 246
171 163 163 163 169 169 186 186 186 199 199 199 200 200 197 197 197 199 199 201 201 201 191 191 191 171 171 153 153 153 135 135 114 114 114 101 101 101 101 101 105 105 105 105 105 105 107 107 113 113 113 111 111 94 94 94 75 75 75 73 73 92 92 92 116 116 134 134 134 147 147 147 169 169 194 194 194 218 218 218 239 239 244 244 244 246 246
171 163 163 163 169 169 186 186 186 199 199 199 200 200 197 197 197 199 199 201 201 201 191 191 191 171 171 153 153 153 135 135 114 114 114 101 101 101 101 101 105 105 105 105 105 105 107 107 113 113 113 111 111 94 94 94 75 75 75 73 73 92 92 92 116 116 134 134 134 147 147 147 169 169 194 194 194 218 218 218 239 239 244 244 244 246 246
161 148 148 148 146 146 156 156 156 166 166 166 171 171 176 176 176 177 177 179 179 179 179 179 179 173 173 159 159 159 132 132 110 110 110 112 112 112 121 121 125 125 125 118 118 118 111 111 112 112 112 107 107 102 102 102 101 101 101 108 108 126 126 126 141 141 157 157 157 166 166 166 172 172 181 181 181 187 187 187 209 209 223 223 223 231 231
161 148 148 148 146 146 156 156 156 166 166 166 171 171 176 176 176 177 177 179 179 179 179 179 179 173 173 159 159 159 132 132 110 110 110 112 112 112 121 121 125 125 125 118 118 118 111 111 112 112 112 107 107 102 102 102 101 101 101 108 108 126 126 126 141 141 157 157 157 166 166 166 172 172 181 181 181 187 187 187 209 209 223 223 223 231 231
161 148 148 148 146 146 156 156 156 166 166 166 171 171 176 176 176 177 177 179 179 179 179 179 179 173 173 159 159 159 132 132 110 110 110 112 112 112 121 121 125 125 125 118 118 118 111 111 112 112 112 107 107 102 102 102 101 101 101 108 108 126 126 126 141 141 157 157 157 166 166 166 172 172 181 181 181 187 187 187 209 209 223 223 223 231 231
136 123 123 123 121 121 126 126 126 128 128 128 131 131 142 142 142 155 155 166 166 166 169 169 169 160 160 135 135 135 111 111 109 109 109 124 124 124 134 134 128 128 128 113 113 113 100 100 97 97 97 98 98 109 109 109 121 121 121 127 127 138 138 138 141 141 152 152 152 157 157 157 151 151 152 152 152 159 159 159 173 173 178 178 178 180 180
136 123 123 123 121 121 126 126 126 128 128 128 131 131 142 142 142 155 155 166 166 166 169 169 169 160 160 135 135 135 111 111 109 109 109 124 124 124 134 134 128 128 128 113 113 113 100 100 97 97 97 98 98 109 109 109 121 121 121 127 127 138 138 138 141 141 152 152 152 157 157 157 151 151 152 152 152 159 159 159 173 173 178 178 178 180 180
120 122 122 122 124 124 124 124 124 123 123 123 124 124 127 127 127 131 131 136 136 136 135 135 135 122 122 107 107 107 109 109 123 123 123 137 137 137 139 139 125 125 125 108 108 108 96 96 97 97 97 110 110 127 127 127 135 135 135 132 132 137 137 137 135 135 138 138 138 137 137 137 122 122 110 110 110 114 114 114 128 128 130 130 130 121 121
120 122 122 122 124 124 124 124 124 123 123 123 124 124 127 127 127 131 131 136 136 136 135 135 135 122 122 107 107 107 109 109 123 123 123 137 137 137 139 139 125 125 125 108 108 108 96 96 97 97 97 110 110 127 127 127 135 135 135 132 132 137 137 137 135 135 138 138 138 137 137 137 122 122 110 110 110 114 114 114 128 128 130 130 130 121 121
120 122 122 122 124 124 124 124 124 123 123 123 124 124 127 127 127 131 131 136 136 136 135 135 135 122 122 107 107 107 109 109 123 123 123 137 137 137 139 139 125 125 125 108 108 108 96 96 97 97 97 110 110 127 127 127 135 135 135 132 132 137 137 137 135 135 138 138 138 137 137 137 122 122 110 110 110 114 114 114 128 128 130 130 130 121 121
131 134 134 134 130 130 127 127 127 126 126 126 126 126 125 125 125 118 118 107 107 107 101 101 101 100 100 114 114 114 132 132 134 134 134 134 134 134 126 126 112 112 112 103 103 103 100 100 111 111 111 129 129 140 140 140 140 140 140 130 130 132 132 132 131 131 131 131 131 133 133 133 124 124 107 107 107 93 93 93 90 90 89 89 89 79 79
131 134 134 134 130 130 127 127 127 126 126 126 126 126 125 125 125 118 118 107 107 107 101 101 101 100 100 114 114 114 132 132 134 134 134 134 134 134 126 126 112 112 112 103 103 103 100 100 111 111 111 129 129 140 140 140 140 140 140 130 130 132 132 132 131 131 131 131 131 133 133 133 124 124 107 107 107 93 93 93 90 90 89 89 89 79 79
131 134 134 134 130 130 127 127 127 126 126 126 126 126 125 125 125 118 118 107 107 107 101 101 101 100 100 114 114 114 132 132 134 134 134 134 134 134 126 126 112 112 112 103 103 103 100 100 111 111 111 129 129 140 140 140 140 140 140 130 130 132 132 132 131 131 131 131 131 133 133 133 124 124 107 107 107 93 93 93 90 90 89 89 89 79 79
135 132 132 132 125 125 122 122 122 121 121 121 122 122 123 123 123 113 113 101 101 101 98 98 98 112 112 137 137 137 145 145 133 133 133 122 122 122 110 110 104 104 104 109 109 109 117 117 132 132 132 143 143 144 144 144 135 135 135 124 124 125 125 125 123 123 121 121 121 123 123 123 115 115 96 96 96 75 75 75 64 64 63 63 63 63 63
135 132 132 132 125 125 122 122 122 121 121 121 122 122 123 123 123 113 113 101 101 101 98 98 98 112 112 137 137 137 145 145 133 133 133 122 122 122 110 110 104 104 104 109 109 109 117 117 132 132 132 143 143 144 144 144 135 135 135 124 124 125 125 125 123 123 121 121 121 123 123 123 115 115 96 96 96 75 75 75 64 64 63 63 63 63 63
128 122 122 122 117 117 116 116 116 118 118 118 122 122 125 125 125 121 121 113 113 113 113 113 113 124 124 138 138 138 136 136 121 121 121 109 109 109 105 105 113 113 113 128 128 128 134 134 139 139 139 138 138 133 133 133 123 123 123 114 114 112 112 112 107 107 101 101 101 98 98 98 90 90 76 76 76 61 61 61 56 56 62 62 62 69 69
128 122 122 122 117 117 116 116 116 118 118 118 122 122 125 125 125 121 121 113 113 113 113 113 113 124 124 138 138 138 136 136 121 121 121 109 109 109 105 105 113 113 113 128 128 128 134 134 139 139 139 138 138 133 133 133 123 123 123 114 114 112 112 112 107 107 101 101 101 98 98 98 90 90 76 76 76 61 61 61 56 56 62 62 62 69 69
128 122 122 122 117 117 116 116 116 118 118 118 122 122 125 125 125 121 121 113 113 113 113 113 113 124 124 138 138 138 136 136 121 121 121 109 109 109 105 105 113 113 113 128 128 128 134 134 139 139 139 138 138 133 133 133 123 123 123 114 114 112 112 112 107 107 101 101 101 98 98 98 90 90 76 76 76 61 61 61 56 56 62 62 62 69 69
133 126 126 126 124 124 124 124 124 126 126 126 128 128 133 133 133 137 137 136 136 136 134 134 134 135 135 140 140 140 134 134 119 119 119 110 110 110 114 114 131 131 131 144 144 144 143 143 142 142 142 138 138 132 132 132 122 122 122 109 109 103 103 103 97 97 91 91 91 89 89 89 84 84 78 78 78 72 72 72 74 74 84 84 84 96 96
133 126 126 126 124 124 124 124 124 126 126 126 128 128 133 133 133 137 137 136 136 136 134 134 134 135 135 140 140 140 134 134 119 119 119 110 110 110 114 114 131 131 131 144 144 144 143 143 142 142 142 138 138 132 132 132 122 122 122 109 109 103 103 103 97 97 91 91 91 89 89 89 84 84 78 78 78 72 72 72 74 74 84 84 84 96 96
138 134 134 134 137 137 140 140 140 138 138 138 134 134 137 137 137 140 140 143 143 143 142 142 142 140 140 141 141 141 132 132 116 116 116 116 116 116 129 129 146 146 146 152 152 152 146 146 142 142 142 136 136 129 129 129 122 122 122 112 112 107 107 107 105 105 103 103 103 105 105 105 105 105 106 106 106 107 107 107 111 111 123 123 123 133 133
138 134 134 134 137 137 140 140 140 138 138 138 134 134 137 137 137 140 140 143 143 143 142 142 142 140 140 141 141 141 132 132 116 116 116 116 116 116 129 129 146 146 146 152 152 152 146 146 142 142 142 136 136 129 129 129 122 122 122 112 112 107 107 107 105 105 103 103 103 105 105 105 105 105 106 106 106 107 107 107 111 111 123 123 123 133 133
138 134 134 134 137 137 140 140 140 138 138 138 134 134 137 137 137 140 140 143 143 143 142 142 142 140 140 141 141 141 132 132 116 116 116 116 116 116 129 129 146 146 146 152 152 152 146 146 142 142 142 136 136 129 129 129 122 122 122 112 112 107 107 107 105 105 103 103 103 105 105 105 105 105 106 106 106 107 107 107 111 111 123 123 123 133 133
121 128 128 128 138 138 142 142 142 137 137 137 131 131 131 131 131 136 136 140 140 140 140 140 140 134 134 130 130 130 119 119 110 110 110 118 118 118 133 133 142 142 142 140 140 140 129 129 120 120 120 110 110 106 106 106 109 109 109 110 110 111 111 111 112 112 116 116 116 122 122 122 126 126 129 129 129 131 131 131 133 133 144 144 144 151 151
121 128 128 128 138 138 142 142 142 137 137 137 131 131 131 131 131 136 136 140 140 140 140 140 140 134 134 130 130 130 119 119 110 110 110 118 118 118 133 133 142 142 142 140 140 140 129 129 120 120 120 110 110 106 106 106 109 109 109 110 110 111 111 111 112 112 116 116 116 122 122 122 126 126 129 129 129 131 131 131 133 133 144 144 144 151 151
121 128 128 128 138 138 142 142 142 137 137 137 131 131 131 131 131 136 136 140 140 140 140 140 140 134 134 130 130 130 119 119 110 110 110 118 118 118 133 133 142 142 142 140 140 140 129 129 120 120 120 110 110 106 106 106 109 109 109 110 110 111 111 111 112 112 116 116 116 122 122 122 126 126 129 129 129 131 131 131 133 133 144 144 144 151 151
108 122 122 122 133 133 135 135 135 131 131 131 128 128 130 130 130 133 133 136 136 136 134 134 134 127 127 121 121 121 115 115 114 114 114 122 122 122 128 128 128 128 128 119 119 119 103 103 88 88 88 76 76 77 77 77 91 91 91 103 103 111 111 111 115 115 120 120 120 129 129 129 133 133 133 133 133 133 133 133 131 131 138 138 138 146 146
108 122 122 122 133 133 135 135 135 131 131 131 128 128 130 130 130 133 133 136 136 136 134 134 134 127 127 121 121 121 115 115 114 114 114 122 122 122 128 128 128 128 128 119 119 119 103 103 88 88 88 76 76 77 77 77 91 91 91 103 103 111 111 111 115 115 120 120 120 129 129 129 133 133 133 133 133 133 133 133 131 131 138 138 138 146 146
105 117 117 117 121 121 123 123 123 125 125 125 127 127 131 131 131 131 131 130 130 130 126 126 126 118 118 114 114 114 117 117 120 120 120 119 119 119 113 113 104 104 104 89 89 89 70 70 58 58 58 58 58 66 66 66 79 79 79 95 95 111 111 111 118 118 123 123 123 130 130 130 131 131 126 126 126 120 120 120 112 112 111 111 111 114 114
105 117 117 117 121 121 123 123 123 125 125 125 127 127 131 131 131 131 131 130 130 130 126 126 126 118 118 114 114 114 117 117 120 120 120 119 119 119 113 113 104 104 104 89 89 89 70 70 58 58 58 58 58 66 66 66 79 79 79 95 95 111 111 111 118 118 123 123 123 130 130 130 131 131 126 126 126 120 120 120 112 112 111 111 111 114 114
105 117 117 117 121 121 123 123 123 125 125 125 127 127 131 131 131 131 131 130 130 130 126 126 126 118 118 114 114 114 117 117 120 120 120 119 119 119 113 113 104 104 104 89 89 89 70 70 58 58 58 58 58 66 66 66 79 79 79 95 95 111 111 111 118 118 123 123 123 130 130 130 131 131 126 126 126 120 120 120 112 112 111 111 111 114 114
110 110 110 110 106 106 107 107 107 116 116 116 122 122 124 124 124 120 120 117 117 117 116 116 116 114 114 117 117 117 126 126 127 127 127 119 119 119 102 102 82 82 82 64 64 64 50 50 49 49 49 61 61 74 74 74 81 81 81 88 88 103 103 103 113 113 115 115 115 116 116 116 110 110 100 100 100 89 89 89 79 79 70 70 70 65 65
110 110 110 110 106 106 107 107 107 116 116 116 122 122 124 124 124 120 120 117 117 117 116 116 116 114 114 117 117 117 126 126 127 127 127 119 119 119 102 102 82 82 82 64 64 64 50 50 49 49 49 61 61 74 74 74 81 81 81 88 88 103 103 103 113 113 115 115 115 116 116 116 110 110 100 100 100 89 89 89 79 79 70 70 70 65 65
114 106 106 106 101 101 108 108 108 116 116 116 117 117 113 113 113 108 108 109 109 109 113 113 113 114 114 119 119 119 124 124 120 120 120 108 108 108 88 88 69 69 69 62 62 62 66 66 78 78 78 88 88 93 93 93 91 91 91 90 90 99 99 99 109 109 112 112 112 108 108 108 98 98 87 87 87 77 77 77 66 66 56 56 56 52 52
114 106 106 106 101 101 108 108 108 116 116 116 117 117 113 113 113 108 108 109 109 109 113 113 113 114 114 119 119 119 124 124 120 120 120 108 108 108 88 88 69 69 69 62 62 62 66 66 78 78 78 88 88 93 93 93 91 91 91 90 90 99 99 99 109 109 112 112 112 108 108 108 98 98 87 87 87 77 77 77 66 66 56 56 56 52 52
