SEB_model/sample_data_files/contemp/hillshade/febnoon.txt
ncols         313
nrows         278
xllcorner     388961.19995117
yllcorner     7584381.3441773
cellsize      5
NODATA_value  -9999
[rows 205 to 245 of 278, columns 0 to 91 of 313]
-9999 -9999 -9999 -9999 -9999 -9999 -9999 -9999 -9999 -9999 -9999 -9999 -9999 -9999 -9999 -9999 -9999 45 45 45 45 43 43 42 42 42 42 42 42 48 48 60 60 60 59 59 47 47 47 44 44 44 45 45 45 45 45 43 43 39 39 39 34 34 34 29 29 30 30 30 32 32 32 43 43 56 56 56 38 38 0 0 0 0 0 0 0 0 0 0 0 0 0 0 0 0 0 0 0 0 0 0
-9999 -9999 -9999 -9999 -9999 -9999 -9999 -9999 -9999 -9999 -9999 -9999 -9999 -9999 -9999 -9999 45 45 45 45 45 43 43 42 42 42 42 42 42 48 48 60 60 60 59 59 47 47 47 44 44 44 45 45 45 45 45 43 43 39 39 39 34 34 34 29 29 30 30 30 32 32 32 43 43 56 56 56 38 38 0 0 0 0 0 0 0 0 0 0 0 0 0 0 0 0 0 0 0 0 0 0
-9999 -9999 -9999 -9999 -9999 -9999 -9999 -9999 -9999 -9999 -9999 -9999 -9999 -9999 -9999 -9999 54 54 54 54 54 49 49 43 43 43 38 38 38 42 42 52 52 52 55 55 43 43 43 36 36 36 38 38 42 42 42 43 43 39 39 39 29 29 29 20 20 17 17 17 28 28 28 44 44 39 39 39 16 16 8 8 8 0 0 0 5 5 0 0 0 14 14 31 31 31 0 0 0 0 0 0
-9999 -9999 -9999 -9999 -9999 -9999 -9999 -9999 -9999 -9999 -9999 -9999 -9999 -9999 -9999 54 54 54 54 54 54 49 49 43 43 43 38 38 38 42 42 52 52 52 55 55 43 43 43 36 36 36 38 38 42 42 42 43 43 39 39 39 29 29 29 20 20 17 17 17 28 28 28 44 44 39 39 39 16 16 8 8 8 0 0 0 5 5 0 0 0 14 14 31 31 31 0 0 0 0 0 0
-9999 -9999 -9999 -9999 -9999 -9999 -9999 -9999 -9999 -9999 -9999 -9999 -9999 -9999 52 54 54 54 54 54 54 49 49 43 43 43 38 38 38 42 42 52 52 52 55 55 43 43 43 36 36 36 38 38 42 42 42 43 43 39 39 39 29 29 29 20 20 17 17 17 28 28 28 44 44 39 39 39 16 16 8 8 8 0 0 0 5 5 0 0 0 14 14 31 31 31 0 0 0 0 0 0
-9999 -9999 -9999 -9999 -9999 -9999 -9999 -9999 -9999 -9999 -9999 -9999 44 0 0 0 0 0 44 44 44 50 50 43 43 43 38 38 38 39 39 45 45 45 52 52 50 50 50 44 44 44 42 42 40 40 40 39 39 38 38 38 34 34 34 28 28 27 27 27 36 36 36 35 35 0 0 0 12 12 0 0 0 0 0 0 0 0 23 23 23 39 39 0 0 0 0 0 0 0 0 0
-9999 -9999 -9999 -9999 -9999 -9999 -9999 -9999 -9999 -9999 44 44 44 0 0 0 0 0 44 44 44 50 50 43 43 43 38 38 38 39 39 45 45 45 52 52 50 50 50 44 44 44 42 42 40 40 40 39 39 38 38 38 34 34 34 28 28 27 27 27 36 36 36 35 35 0 0 0 12 12 0 0 0 0 0 0 0 0 23 23 23 39 39 0 0 0 0 0 0 0 0 0
-9999 -9999 -9999 -9999 -9999 -9999 -9999 -9999 54 54 44 44 44 0 0 0 0 0 44 44 44 50 50 43 43 43 38 38 38 39 39 45 45 45 52 52 50 50 50 44 44 44 42 42 40 40 40 39 39 38 38 38 34 34 34 28 28 27 27 27 36 36 36 35 35 0 0 0 12 12 0 0 0 0 0 0 0 0 23 23 23 39 39 0 0 0 0 0 0 0 0 0
-9999 -9999 -9999 -9999 -9999 44 44 44 0 0 0 0 0 10 10 21 21 21 42 42 42 47 47 40 40 40 36 36 36 35 35 39 39 39 46 46 48 48 48 44 44 44 38 38 34 34 34 34 34 35 35 35 36 36 36 42 42 52 52 52 49 49 49 27 27 9 9 9 11 11 0 0 0 0 0 0 19 19 36 36 36 41 41 0 0 0 0 0 0 0 0 0
-9999 -9999 -9999 54 54 44 44 44 0 0 0 0 0 10 10 21 21 21 42 42 42 47 47 40 40 40 36 36 36 35 35 39 39 39 46 46 48 48 48 44 44 44 38 38 34 34 34 34 34 35 35 35 36 36 36 42 42 52 52 52 49 49 49 27 27 9 9 9 11 11 0 0 0 0 0 0 19 19 36 36 36 41 41 0 0 0 0 0 0 0 0 0
-9999 -9999 0 0 0 0 0 0 13 13 25 25 25 50 50 61 61 61 56 56 56 49 49 41 41 41 37 37 37 35 35 33 33 33 38 38 44 44 44 41 41 41 36 36 33 33 33 30 30 32 32 32 43 43 43 60 60 70 70 70 54 54 54 26 26 13 13 13 2 2 0 0 0 0 0 0 0 0 0 0 0 0 0 0 0 0 0 0 0 0 0 0
-9999 43 0 0 0 0 0 0 13 13 25 25 25 50 50 61 61 61 56 56 56 49 49 41 41 41 37 37 37 35 35 33 33 33 38 38 44 44 44 41 41 41 36 36 33 33 33 30 30 32 32 32 43 43 43 60 60 70 70 70 54 54 54 26 26 13 13 13 2 2 0 0 0 0 0 0 0 0 0 0 0 0 0 0 0 0 0 0 0 0 0 0
-9999 43 0 0 0 0 0 0 13 13 25 25 25 50 50 61 61 61 56 56 56 49 49 41 41 41 37 37 37 35 35 33 33 33 38 38 44 44 44 41 41 41 36 36 33 33 33 30 30 32 32 32 43 43 43 60 60 70 70 70 54 54 54 26 26 13 13 13 2 2 0 0 0 0 0 0 0 0 0 0 0 0 0 0 0 0 0 0 0 0 0 0
43 43 21 21 21 25 25 25 56 56 71 71 71 69 69 67 67 67 65 65 65 59 59 51 51 51 44 44 44 38 38 32 32 32 33 33 41 41 41 40 40 40 33 33 33 33 33 41 41 52 52 52 63 63 63 68 68 59 59 59 39 39 39 21 21 0 0 0 0 0 12 12 12 11 11 11 0 0 0 0 0 0 0 0 0 0 0 0 0 0 0 0
43 43 21 21 21 25 25 25 56 56 71 71 71 69 69 67 67 67 65 65 65 59 59 51 51 51 44 44 44 38 38 32 32 32 33 33 41 41 41 40 40 40 33 33 33 33 33 41 41 52 52 52 63 63 63 68 68 59 59 59 39 39 39 21 21 0 0 0 0 0 12 12 12 11 11 11 0 0 0 0 0 0 0 0 0 0 0 0 0 0 0 0
48 48 47 47 47 52 52 52 62 62 70 70 70 70 70 67 67 67 68 68 68 66 66 58 58 58 49 49 49 40 40 31 31 31 26 26 27 27 27 30 30 30 30 30 37 37 37 52 52 64 64 64 65 65 65 53 53 33 33 33 21 21 21 18 18 14 14 14 27 27 54 54 54 49 49 49 14 14 0 0 0 0 0 0 0 0 0 0 0 0 0 0
48 48 47 47 47 52 52 52 62 62 70 70 70 70 70 67 67 67 68 68 68 66 66 58 58 58 49 49 49 40 40 31 31 31 26 26 27 27 27 30 30 30 30 30 37 37 37 52 52 64 64 64 65 65 65 53 53 33 33 33 21 21 21 18 18 14 14 14 27 27 54 54 54 49 49 49 14 14 0 0 0 0 0 0 0 0 0 0 0 0 0 0
-9999 48 47 47 47 52 52 52 62 62 70 70 70 70 70 67 67 67 68 68 68 66 66 58 58 58 49 49 49 40 40 31 31 31 26 26 27 27 27 30 30 30 30 30 37 37 37 52 52 64 64 64 65 65 65 53 53 33 33 33 21 21 21 18 18 14 14 14 27 27 54 54 54 49 49 49 14 14 0 0 0 0 0 0 0 0 0 0 0 0 0 0
-9999 53 64 64 64 55 55 55 53 53 68 68 68 76 76 72 72 72 66 66 66 64 64 60 60 60 51 51 51 41 41 32 32 32 22 22 17 17 17 23 23 23 36 36 44 44 44 47 47 48 48 48 45 45 45 35 35 24 24 24 18 18 18 0 0 36 36 36 47 47 41 41 41 41 41 41 38 38 6 6 6 0 0 0 0 0 0 0 0 0 0 0
-9999 -9999 64 64 64 55 55 55 53 53 68 68 68 76 76 72 72 72 66 66 66 64 64 60 60 60 51 51 51 41 41 32 32 32 22 22 17 17 17 23 23 23 36 36 44 44 44 47 47 48 48 48 45 45 45 35 35 24 24 24 18 18 18 0 0 36 36 36 47 47 41 41 41 41 41 41 38 38 6 6 6 0 0 0 0 0 0 0 0 0 0 0
-9999 -9999 -9999 64 64 55 55 55 53 53 68 68 68 76 76 72 72 72 66 66 66 64 64 60 60 60 51 51 51 41 41 32 32 32 22 22 17 17 17 23 23 23 36 36 44 44 44 47 47 48 48 48 45 45 45 35 35 24 24 24 18 18 18 0 0 36 36 36 47 47 41 41 41 41 41 41 38 38 6 6 6 0 0 0 0 0 0 0 0 0 0 0
-9999 -9999 -9999 -9999 77 80 80 80 61 61 61 61 61 74 74 73 73 73 61 61 61 54 54 51 51 51 44 44 44 36 36 29 29 29 21 21 16 16 16 20 20 20 32 32 39 39 39 37 37 33 33 33 29 29 29 26 26 24 24 24 23 23 23 32 32 47 47 47 47 47 34 34 34 31 31 31 32 32 21 21 21 0 0 0 0 0 0 0 0 0 0 0
-9999 -9999 -9999 -9999 -9999 80 80 80 61 61 61 61 61 74 74 73 73 73 61 61 61 54 54 51 51 51 44 44 44 36 36 29 29 29 21 21 16 16 16 20 20 20 32 32 39 39 39 37 37 33 33 33 29 29 29 26 26 24 24 24 23 23 23 32 32 47 47 47 47 47 34 34 34 31 31 31 32 32 21 21 21 0 0 0 0 0 0 0 0 0 0 0
-9999 -9999 -9999 -9999 -9999 73 73 73 60 60 48 48 48 55 55 62 62 62 58 58 58 48 48 44 44 44 41 41 41 36 36 32 32 32 29 29 27 27 27 24 24 24 26 26 31 31 31 29 29 19 19 19 13 13 13 17 17 25 25 25 37 37 37 48 48 42 42 42 32 32 29 29 29 21 21 21 17 17 24 24 24 25 25 0 0 0 17 17 17 11 11 0
-9999 -9999 -9999 -9999 -9999 73 73 73 60 60 48 48 48 55 55 62 62 62 58 58 58 48 48 44 44 44 41 41 41 36 36 32 32 32 29 29 27 27 27 24 24 24 26 26 31 31 31 29 29 19 19 19 13 13 13 17 17 25 25 25 37 37 37 48 48 42 42 42 32 32 29 29 29 21 21 21 17 17 24 24 24 25 25 0 0 0 17 17 17 11 11 0
-9999 -9999 -9999 -9999 -9999 73 73 73 60 60 48 48 48 55 55 62 62 62 58 58 58 48 48 44 44 44 41 41 41 -9999 -9999 -9999 -9999 -9999 29 29 27 27 27 24 24 24 26 26 31 31 31 29 29 19 19 19 13 13 13 17 17 25 25 25 37 37 37 48 48 42 42 42 32 32 29 29 29 21 21 21 17 17 24 24 24 25 25 0 0 0 17 17 17 11 11 0
-9999 -9999 -9999 -9999 -9999 -9999 53 53 49 49 42 42 42 38 38 44 44 44 50 50 50 63 63 86 -9999 -9999 -9999 -9999 -9999 -9999 -9999 -9999 -9999 -9999 -9999 -9999 -9999 91 91 87 87 87 68 68 36 36 36 18 18 11 11 11 6 6 6 12 12 31 31 31 49 49 49 51 51 40 40 40 28 28 20 20 20 15 15 15 14 14 13 13 13 0 0 31 31 31 45 45 45 37 37 8
-9999 -9999 -9999 -9999 -9999 -9999 53 53 49 49 42 42 42 38 38 44 44 44 50 50 50 -9999 -9999 -9999 -9999 -9999 -9999 -9999 -9999 -9999 -9999 -9999 -9999 -9999 -9999 -9999 -9999 -9999 -9999 -9999 -9999 87 68 68 36 36 36 18 18 11 11 11 6 6 6 12 12 31 31 31 49 49 49 51 51 40 40 40 28 28 20 20 20 15 15 15 14 14 13 13 13 0 0 31 31 31 45 45 45 37 37 8
-9999 -9999 -9999 -9999 -9999 -9999 -9999 71 88 88 91 91 91 73 73 60 60 60 79 -9999 -9999 -9999 -9999 -9999 -9999 -9999 -9999 -9999 -9999 -9999 -9999 -9999 -9999 -9999 -9999 -9999 -9999 -9999 -9999 -9999 -9999 100 77 77 36 36 36 11 11 7 7 7 10 10 10 18 18 31 31 31 41 41 41 44 44 42 42 42 36 36 31 31 31 27 27 27 20 20 11 11 11 22 22 50 50 50 49 49 49 29 29 22
-9999 -9999 -9999 -9999 -9999 -9999 -9999 -9999 -9999 -9999 -9999 -9999 -9999 73 73 60 60 -9999 -9999 -9999 -9999 -9999 -9999 -9999 -9999 -9999 -9999 -9999 -9999 -9999 -9999 -9999 -9999 -9999 -9999 -9999 -9999 -9999 -9999 -9999 -9999 100 77 77 36 36 36 11 11 7 7 7 10 10 10 18 18 31 31 31 41 41 41 44 44 42 42 42 36 36 31 31 31 27 27 27 20 20 11 11 11 22 22 50 50 50 49 49 49 29 29 22
-9999 -9999 -9999 -9999 -9999 -9999 -9999 -9999 -9999 -9999 -9999 -9999 -9999 -9999 -9999 -9999 -9999 -9999 -9999 -9999 -9999 -9999 -9999 -9999 -9999 -9999 -9999 -9999 -9999 -9999 -9999 -9999 -9999 -9999 -9999 -9999 -9999 -9999 -9999 -9999 -9999 -9999 -9999 -9999 36 36 36 11 11 7 7 7 10 10 10 18 18 31 31 31 41 41 41 44 44 42 42 42 36 36 31 31 31 27 27 27 20 20 11 11 11 22 22 50 50 50 49 49 49 29 29 22
-9999 -9999 -9999 -9999 -9999 -9999 -9999 -9999 -9999 -9999 -9999 -9999 -9999 -9999 -9999 -9999 -9999 -9999 -9999 -9999 -9999 -9999 -9999 -9999 -9999 -9999 -9999 -9999 -9999 -9999 -9999 -9999 -9999 -9999 -9999 -9999 -9999 -9999 -9999 -9999 -9999 -9999 -9999 -9999 -9999 61 61 36 36 17 17 17 22 22 22 27 27 26 26 26 27 27 27 37 37 48 48 48 49 49 42 42 42 31 31 31 25 25 36 36 36 53 53 50 50 50 43 43 43 41 41 33
-9999 -9999 -9999 -9999 -9999 -9999 -9999 -9999 -9999 -9999 -9999 -9999 -9999 -9999 -9999 -9999 -9999 -9999 -9999 -9999 -9999 -9999 -9999 -9999 -9999 -9999 -9999 -9999 -9999 -9999 -9999 -9999 -9999 -9999 -9999 -9999 -9999 -9999 -9999 -9999 -9999 -9999 -9999 -9999 -9999 61 61 36 36 17 17 17 22 22 22 27 27 26 26 26 27 27 27 37 37 48 48 48 49 49 42 42 42 31 31 31 25 25 36 36 36 53 53 50 50 50 43 43 43 41 41 33
-9999 -9999 -9999 -9999 -9999 -9999 -9999 -9999 -9999 -9999 -9999 -9999 -9999 -9999 -9999 -9999 -9999 -9999 -9999 -9999 -9999 -9999 -9999 -9999 -9999 -9999 -9999 -9999 -9999 -9999 -9999 -9999 -9999 -9999 -9999 -9999 -9999 -9999 -9999 -9999 -9999 -9999 -9999 -9999 -9999 -9999 61 36 36 17 17 17 22 22 22 27 27 26 26 26 27 27 27 37 37 48 48 48 49 49 42 42 42 31 31 31 25 25 36 36 36 53 53 50 50 50 43 43 43 41 41 33
-9999 -9999 -9999 -9999 -9999 -9999 -9999 -9999 -9999 -9999 -9999 -9999 -9999 -9999 -9999 -9999 -9999 -9999 -9999 -9999 -9999 -9999 -9999 -9999 -9999 -9999 -9999 -9999 -9999 -9999 -9999 -9999 -9999 -9999 -9999 -9999 -9999 -9999 -9999 -9999 -9999 -9999 -9999 -9999 -9999 -9999 -9999 -9999 -9999 -9999 -9999 76 44 44 44 26 26 25 25 25 26 26 26 31 31 43 43 43 52 52 51 51 51 45 45 45 49 49 59 59 59 50 50 34 34 34 40 40 40 48 48 42
-9999 -9999 -9999 -9999 -9999 -9999 -9999 -9999 -9999 -9999 -9999 -9999 -9999 -9999 -9999 -9999 -9999 -9999 -9999 -9999 -9999 -9999 -9999 -9999 -9999 -9999 -9999 -9999 -9999 -9999 -9999 -9999 -9999 -9999 -9999 -9999 -9999 -9999 -9999 -9999 -9999 -9999 -9999 -9999 -9999 -9999 -9999 -9999 -9999 -9999 -9999 76 44 44 44 26 26 25 25 25 26 26 26 31 31 43 43 43 52 52 51 51 51 45 45 45 49 49 59 59 59 50 50 34 34 34 40 40 40 48 48 42
-9999 -9999 -9999 -9999 -9999 -9999 -9999 -9999 -9999 -9999 -9999 -9999 -9999 -9999 -9999 -9999 -9999 -9999 -9999 -9999 -9999 -9999 -9999 -9999 -9999 -9999 -9999 -9999 -9999 -9999 -9999 -9999 -9999 -9999 -9999 -9999 -9999 -9999 -9999 -9999 -9999 -9999 -9999 -9999 -9999 -9999 -9999 -9999 -9999 -9999 -9999 -9999 76 76 76 38 38 23 23 23 25 25 25 25 25 28 28 28 44 44 62 62 62 70 70 70 72 72 57 57 57 38 38 37 37 37 41 41 41 41 41 55
-9999 -9999 -9999 -9999 -9999 -9999 -9999 -9999 -9999 -9999 -9999 -9999 -9999 -9999 -9999 -9999 -9999 -9999 -9999 -9999 -9999 -9999 -9999 -9999 -9999 -9999 -9999 -9999 -9999 -9999 -9999 -9999 -9999 -9999 -9999 -9999 -9999 -9999 -9999 -9999 -9999 -9999 -9999 -9999 -9999 -9999 -9999 -9999 -9999 -9999 -9999 -9999 -9999 76 76 38 38 23 23 23 25 25 25 25 25 28 28 28 44 44 62 62 62 70 70 70 72 72 57 57 57 38 38 37 37 37 41 41 41 41 41 55
-9999 -9999 -9999 -9999 -9999 -9999 -9999 -9999 -9999 -9999 -9999 -9999 -9999 -9999 -9999 -9999 -9999 -9999 -9999 -9999 -9999 -9999 -9999 -9999 -9999 -9999 -9999 -9999 -9999 -9999 -9999 -9999 -9999 -9999 -9999 -9999 -9999 -9999 -9999 -9999 -9999 -9999 -9999 -9999 -9999 -9999 -9999 -9999 -9999 -9999 -9999 -9999 -9999 -9999 76 38 38 23 23 23 25 25 25 25 25 28 28 28 44 44 62 62 62 70 70 70 72 72 57 57 57 38 38 37 37 37 41 41 41 41 41 55
-9999 -9999 -9999 -9999 -9999 -9999 -9999 -9999 -9999 -9999 -9999 -9999 -9999 -9999 -9999 -9999 -9999 -9999 -9999 -9999 -9999 -9999 -9999 -9999 -9999 -9999 -9999 -9999 -9999 -9999 -9999 -9999 -9999 -9999 -9999 -9999 -9999 -9999 -9999 -9999 -9999 -9999 -9999 -9999 -9999 -9999 -9999 -9999 -9999 -9999 -9999 -9999 -9999 -9999 76 50 50 25 25 25 23 23 23 27 27 33 33 33 40 40 58 58 58 83 83 83 87 87 70 70 70 60 60 52 52 52 37 37 37 45 45 71
-9999 -9999 -9999 -9999 -9999 -9999 -9999 -9999 -9999 -9999 -9999 -9999 -9999 -9999 -9999 -9999 -9999 -9999 -9999 -9999 -9999 -9999 -9999 -9999 -9999 -9999 -9999 -9999 -9999 -9999 -9999 -9999 -9999 -9999 -9999 -9999 -9999 -9999 -9999 -9999 -9999 -9999 -9999 -9999 -9999 -9999 -9999 -9999 -9999 -9999 -9999 -9999 -9999 76 76 50 50 25 25 25 23 23 23 27 27 33 33 33 40 40 58 58 58 83 83 83 87 87 70 70 70 60 60 52 52 52 37 37 37 45 45 71
