SEB_model/sample_data_files/contemp/hillshade/febnoon.txt
ncols         313
nrows         278
xllcorner     388961.19995117
yllcorner     7584381.3441773
cellsize      5
NODATA_value  -9999
[rows 164 to 204 of 278, columns 0 to 91 of 313]
-9999 -9999 -9999 -9999 -9999 -9999 -9999 -9999 -9999 -9999 -9999 -9999 -9999 -9999 -9999 -9999 -9999 0 0 0 0 0 0 7 7 7 0 0 0 0 0 0 -9999 -9999 -9999 -9999 -9999 -9999 -9999 -9999 -9999 -9999 -9999 -9999 -9999 4 4 0 0 0 0 0 0 0 0 0 0 0 0 0 0 0 0 0 0 0 0 0 0 0 0 0 0 0 0 0 0 0 0 0 0 0 0 0 0 0 0 0 0 0 0 0
-9999 -9999 -9999 -9999 -9999 -9999 -9999 -9999 -9999 -9999 -9999 -9999 -9999 -9999 -9999 -9999 15 15 16 16 16 17 17 19 19 19 20 20 20 7 7 0 0 -9999 -9999 -9999 -9999 -9999 -9999 -9999 -9999 -9999 -9999 -9999 -9999 0 0 6 6 9 9 9 0 0 0 0 0 0 0 0 0 0 0 0 0 0 0 0 0 0 0 0 0 0 0 0 0 0 0 0 0 0 0 0 0 0 0 0 0 0 0 0
-9999 -9999 -9999 -9999 -9999 -9999 -9999 -9999 -9999 -9999 -9999 -9999 -9999 -9999 -9999 -9999 -9999 15 16 16 16 17 17 19 19 19 20 20 20 7 7 0 0 0 -9999 -9999 -9999 -9999 -9999 -9999 -9999 -9999 -9999 -9999 0 0 0 6 6 9 9 9 0 0 0 0 0 0 0 0 0 0 0 0 0 0 0 0 0 0 0 0 0 0 0 0 0 0 0 0 0 0 0 0 0 0 0 0 0 0 0 0
-9999 -9999 -9999 -9999 -9999 -9999 -9999 -9999 -9999 -9999 -9999 -9999 -9999 -9999 -9999 -9999 -9999 15 16 16 16 17 17 19 19 19 20 20 20 7 7 0 0 0 0 0 -9999 -9999 -9999 -9999 -9999 -9999 -9999 0 0 0 0 6 6 9 9 9 0 0 0 0 0 0 0 0 0 0 0 0 0 0 0 0 0 0 0 0 0 0 0 0 0 0 0 0 0 0 0 0 0 0 0 0 0 0 0 0
-9999 -9999 -9999 -9999 -9999 -9999 -9999 -9999 -9999 -9999 -9999 -9999 -9999 -9999 -9999 -9999 -9999 26 27 27 27 27 27 29 29 29 32 32 32 32 32 18 18 18 0 0 0 0 -9999 -9999 -9999 -9999 0 0 0 0 0 14 14 13 13 13 0 0 0 0 0 0 0 0 0 0 0 0 0 0 0 0 0 0 0 0 0 0 0 0 0 0 0 0 0 0 0 0 0 0 0 0 0 0 0 0
-9999 -9999 -9999 -9999 -9999 -9999 -9999 -9999 -9999 -9999 -9999 -9999 -9999 -9999 -9999 -9999 -9999 26 27 27 27 27 27 29 29 29 32 32 32 32 32 18 18 18 0 0 0 0 0 0 0 0 0 0 0 0 0 14 14 13 13 13 0 0 0 0 0 0 0 0 0 0 0 0 0 0 0 0 0 0 0 0 0 0 0 0 0 0 0 0 0 0 0 0 0 0 0 0 0 0 0 0
-9999 -9999 -9999 -9999 -9999 -9999 -9999 -9999 -9999 -9999 -9999 -9999 -9999 -9999 -9999 -9999 -9999 26 27 27 27 27 27 29 29 29 32 32 32 32 32 18 18 18 0 0 0 0 0 0 0 0 0 0 0 0 0 14 14 13 13 13 0 0 0 0 0 0 0 0 0 0 0 0 0 0 0 0 0 0 0 0 0 0 0 0 0 0 0 0 0 0 0 0 0 0 0 0 0 0 0 0
-9999 -9999 -9999 -9999 -9999 -9999 -9999 -9999 -9999 -9999 -9999 -9999 -9999 -9999 -9999 -9999 0 0 34 34 34 33 33 35 35 35 38 38 38 39 39 41 41 41 32 32 10 10 10 0 0 0 0 0 0 0 0 10 10 7 7 7 0 0 0 2 2 0 0 0 0 0 0 0 0 0 0 0 0 0 0 0 0 0 0 0 0 0 0 0 0 0 0 0 0 0 0 0 0 0 0 0
-9999 -9999 -9999 -9999 -9999 -9999 -9999 -9999 -9999 -9999 -9999 -9999 -9999 -9999 -9999 0 0 0 34 34 34 33 33 35 35 35 38 38 38 39 39 41 41 41 32 32 10 10 10 0 0 0 0 0 0 0 0 10 10 7 7 7 0 0 0 2 2 0 0 0 0 0 0 0 0 0 0 0 0 0 0 0 0 0 0 0 0 0 0 0 0 0 0 0 0 0 0 0 0 0 0 0
-9999 -9999 -9999 -9999 -9999 -9999 -9999 -9999 -9999 -9999 -9999 -9999 -9999 -9999 0 0 0 0 27 27 27 39 39 42 42 42 44 44 44 46 46 49 49 49 52 52 54 54 54 54 54 54 50 50 42 42 42 30 30 21 21 21 27 27 27 27 27 14 14 14 3 3 3 0 0 0 0 0 0 0 0 0 0 0 0 0 0 0 0 0 0 4 4 0 0 0 0 0 0 0 0 0
-9999 -9999 -9999 -9999 -9999 -9999 -9999 -9999 -9999 -9999 -9999 -9999 -9999 0 0 0 0 0 27 27 27 39 39 42 42 42 44 44 44 46 46 49 49 49 52 52 54 54 54 54 54 54 50 50 42 42 42 30 30 21 21 21 27 27 27 27 27 14 14 14 3 3 3 0 0 0 0 0 0 0 0 0 0 0 0 0 0 0 0 0 0 4 4 0 0 0 0 0 0 0 0 0
-9999 -9999 -9999 -9999 -9999 -9999 -9999 -9999 -9999 -9999 -9999 42 42 0 0 0 0 0 27 27 27 39 39 42 42 42 44 44 44 46 46 49 49 49 52 52 54 54 54 54 54 54 50 50 42 42 42 30 30 21 21 21 27 27 27 27 27 14 14 14 3 3 3 0 0 0 0 0 0 0 0 0 0 0 0 0 0 0 0 0 0 4 4 0 0 0 0 0 0 0 0 0
-9999 -9999 -9999 -9999 -9999 -9999 -9999 -9999 -9999 -9999 -9999 0 0 0 0 1 1 1 26 26 26 42 42 45 45 45 47 47 47 49 49 51 51 51 52 52 54 54 54 54 54 54 50 50 44 44 44 42 42 44 44 44 39 39 39 26 26 19 19 19 17 17 17 6 6 0 0 0 0 0 0 0 0 0 0 0 0 0 0 0 0 12 12 18 18 18 0 0 0 0 0 0
-9999 -9999 -9999 -9999 -9999 -9999 -9999 -9999 -9999 -9999 0 0 0 0 0 1 1 1 26 26 26 42 42 45 45 45 47 47 47 49 49 51 51 51 52 52 54 54 54 54 54 54 50 50 44 44 44 42 42 44 44 44 39 39 39 26 26 19 19 19 17 17 17 6 6 0 0 0 0 0 0 0 0 0 0 0 0 0 0 0 0 12 12 18 18 18 0 0 0 0 0 0
-9999 -9999 -9999 -9999 -9999 -9999 -9999 -9999 -9999 39 0 0 0 0 0 1 1 1 26 26 26 42 42 45 45 45 47 47 47 49 49 51 51 51 52 52 54 54 54 54 54 54 50 50 44 44 44 42 42 44 44 44 39 39 39 26 26 19 19 19 17 17 17 6 6 0 0 0 0 0 0 0 0 0 0 0 0 0 0 0 0 12 12 18 18 18 0 0 0 0 0 0
-9999 -9999 -9999 -9999 -9999 -9999 -9999 -9999 -9999 28 0 0 0 1 1 26 26 26 42 42 42 47 47 51 51 51 53 53 53 52 52 48 48 48 48 48 51 51 51 54 54 54 51 51 46 46 46 51 51 54 54 54 42 42 42 29 29 22 22 22 18 18 18 14 14 5 5 5 0 0 0 0 0 0 0 0 0 0 0 0 0 17 17 29 29 29 18 18 18 1 1 0
-9999 -9999 -9999 -9999 -9999 -9999 -9999 -9999 -9999 28 0 0 0 1 1 26 26 26 42 42 42 47 47 51 51 51 53 53 53 52 52 48 48 48 48 48 51 51 51 54 54 54 51 51 46 46 46 51 51 54 54 54 42 42 42 29 29 22 22 22 18 18 18 14 14 5 5 5 0 0 0 0 0 0 0 0 0 0 0 0 0 17 17 29 29 29 18 18 18 1 1 0
-9999 -9999 -9999 -9999 -9999 -9999 -9999 -9999 29 29 16 16 16 28 28 43 43 43 49 49 49 56 56 63 63 63 62 62 62 52 52 44 44 44 45 45 52 52 52 54 54 54 56 56 62 62 62 59 59 48 48 48 44 44 44 38 38 28 28 28 21 21 21 23 23 29 29 29 27 27 18 18 18 6 6 6 0 0 7 7 7 17 17 23 23 23 24 24 24 0 0 0
-9999 -9999 -9999 -9999 -9999 -9999 -9999 -9999 29 29 16 16 16 28 28 43 43 43 49 49 49 56 56 63 63 63 62 62 62 52 52 44 44 44 45 45 52 52 52 54 54 54 56 56 62 62 62 59 59 48 48 48 44 44 44 38 38 28 28 28 21 21 21 23 23 29 29 29 27 27 18 18 18 6 6 6 0 0 7 7 7 17 17 23 23 23 24 24 24 0 0 0
-9999 -9999 -9999 -9999 -9999 -9999 -9999 -9999 29 29 16 16 16 28 28 43 43 43 49 49 49 56 56 63 63 63 62 62 62 52 52 44 44 44 45 45 52 52 52 54 54 54 56 56 62 62 62 59 59 48 48 48 44 44 44 38 38 28 28 28 21 21 21 23 23 29 29 29 27 27 18 18 18 6 6 6 0 0 7 7 7 17 17 23 23 23 24 24 24 0 0 0
-9999 -9999 -9999 -9999 -9999 -9999 -9999 40 43 43 42 42 42 42 42 47 47 47 53 53 53 62 62 70 70 70 66 66 66 53 53 46 46 46 50 50 54 54 54 56 56 56 62 62 58 58 58 40 40 27 27 27 29 29 29 34 34 34 34 34 30 30 30 27 27 32 32 32 39 39 37 37 37 27 27 27 20 20 21 21 21 18 18 11 11 11 0 0 0 0 0 0
-9999 -9999 -9999 -9999 -9999 -9999 -9999 40 43 43 42 42 42 42 42 47 47 47 53 53 53 62 62 70 70 70 66 66 66 53 53 46 46 46 50 50 54 54 54 56 56 56 62 62 58 58 58 40 40 27 27 27 29 29 29 34 34 34 34 34 30 30 30 27 27 32 32 32 39 39 37 37 37 27 27 27 20 20 21 21 21 18 18 11 11 11 0 0 0 0 0 0
-9999 -9999 -9999 -9999 -9999 -9999 -9999 40 0 0 39 39 39 40 40 46 46 46 53 53 53 62 62 66 66 66 60 60 60 53 53 52 52 52 57 57 62 62 62 65 65 65 61 61 41 41 41 26 26 22 22 22 18 18 18 24 24 36 36 36 39 39 39 36 36 39 39 39 48 48 57 57 57 61 61 61 57 57 49 49 49 38 38 28 28 28 17 17 17 0 0 0
-9999 -9999 -9999 -9999 -9999 -9999 -9999 40 0 0 39 39 39 40 40 46 46 46 53 53 53 62 62 66 66 66 60 60 60 53 53 52 52 52 57 57 62 62 62 65 65 65 61 61 41 41 41 26 26 22 22 22 18 18 18 24 24 36 36 36 39 39 39 36 36 39 39 39 48 48 57 57 57 61 61 61 57 57 49 49 49 38 38 28 28 28 17 17 17 0 0 0
-9999 -9999 -9999 -9999 -9999 -9999 -9999 40 0 0 39 39 39 40 40 46 46 46 53 53 53 62 62 66 66 66 60 60 60 53 53 52 52 52 57 57 62 62 62 65 65 65 61 61 41 41 41 26 26 22 22 22 18 18 18 24 24 36 36 36 39 39 39 36 36 39 39 39 48 48 57 57 57 61 61 61 57 57 49 49 49 38 38 28 28 28 17 17 17 0 0 0
-9999 -9999 -9999 -9999 -9999 -9999 26 26 0 0 24 24 24 37 37 41 41 41 49 49 49 55 55 54 54 54 51 51 51 53 53 57 57 57 63 63 75 75 75 73 73 73 55 55 43 43 43 41 41 39 39 39 32 32 32 26 26 27 27 27 37 37 37 48 48 53 53 53 56 56 63 63 63 76 76 76 81 81 76 76 76 67 67 0 0 0 0 0 0 0 0 0
-9999 -9999 -9999 -9999 -9999 -9999 26 26 0 0 24 24 24 37 37 41 41 41 49 49 49 55 55 54 54 54 51 51 51 53 53 57 57 57 63 63 75 75 75 73 73 73 55 55 43 43 43 41 41 39 39 39 32 32 32 26 26 27 27 27 37 37 37 48 48 53 53 53 56 56 63 63 63 76 76 76 81 81 76 76 76 67 67 0 0 0 0 0 0 0 0 0
-9999 -9999 -9999 -9999 -9999 -9999 26 26 0 0 24 24 24 37 37 41 41 41 49 49 49 55 55 54 54 54 51 51 51 53 53 57 57 57 63 63 75 75 75 73 73 73 55 55 43 43 43 41 41 39 39 39 32 32 32 26 26 27 27 27 37 37 37 48 48 53 53 53 56 56 63 63 63 76 76 76 81 81 76 76 76 67 67 0 0 0 0 0 0 0 0 0
-9999 -9999 -9999 -9999 -9999 -9999 -9999 39 36 36 34 34 34 34 34 37 37 37 42 42 42 43 43 44 44 44 49 49 49 56 56 62 62 62 66 66 68 68 68 58 58 58 47 47 44 44 44 44 44 42 42 42 40 40 40 34 34 26 26 26 33 33 33 49 49 53 53 53 49 49 52 52 52 65 65 65 71 71 66 66 66 0 0 0 0 0 0 0 0 0 0 0
-9999 -9999 -9999 -9999 -9999 -9999 -9999 39 36 36 34 34 34 34 34 37 37 37 42 42 42 43 43 44 44 44 49 49 49 56 56 62 62 62 66 66 68 68 68 58 58 58 47 47 44 44 44 44 44 42 42 42 40 40 40 34 34 26 26 26 33 33 33 49 49 53 53 53 49 49 52 52 52 65 65 65 71 71 66 66 66 0 0 0 0 0 0 0 0 0 0 0
-9999 -9999 -9999 -9999 -9999 -9999 -9999 -9999 73 73 70 70 70 44 44 32 32 32 33 33 33 33 33 39 39 39 50 50 50 62 62 72 72 72 66 66 53 53 53 46 46 46 47 47 49 49 49 48 48 46 46 46 43 43 43 40 40 39 39 39 37 37 37 37 37 42 42 42 47 47 54 54 54 55 55 55 44 44 0 0 0 0 0 0 0 0 0 0 0 0 0 0
-9999 -9999 -9999 -9999 -9999 -9999 -9999 -9999 -9999 -9999 70 70 70 44 44 32 32 32 33 33 33 33 33 39 39 39 50 50 50 62 62 72 72 72 66 66 53 53 53 46 46 46 47 47 49 49 49 48 48 46 46 46 43 43 43 40 40 39 39 39 37 37 37 37 37 42 42 42 47 47 54 54 54 55 55 55 44 44 0 0 0 0 0 0 0 0 0 0 0 0 0 0
-9999 -9999 -9999 -9999 -9999 -9999 -9999 -9999 -9999 -9999 -9999 -9999 -9999 44 44 32 32 32 33 33 33 33 33 39 39 39 50 50 50 62 62 72 72 72 66 66 53 53 53 46 46 46 47 47 49 49 49 48 48 46 46 46 43 43 43 40 40 39 39 39 37 37 37 37 37 42 42 42 47 47 54 54 54 55 55 55 44 44 0 0 0 0 0 0 0 0 0 0 0 0 0 0
-9999 -9999 -9999 -9999 -9999 -9999 -9999 -9999 -9999 -9999 -9999 -9999 -9999 -9999 -9999 65 65 65 38 38 38 26 26 35 35 35 55 55 55 75 75 76 76 76 60 60 50 50 50 53 53 53 56 56 56 56 56 54 54 50 50 50 48 48 48 49 49 50 50 50 42 42 42 29 29 29 29 29 45 45 58 58 58 50 50 50 30 30 0 0 0 0 0 0 0 0 0 0 0 0 0 0
-9999 -9999 -9999 -9999 -9999 -9999 -9999 -9999 -9999 -9999 -9999 -9999 -9999 -9999 -9999 65 65 65 38 38 38 26 26 35 35 35 55 55 55 75 75 76 76 76 60 60 50 50 50 53 53 53 56 56 56 56 56 54 54 50 50 50 48 48 48 49 49 50 50 50 42 42 42 29 29 29 29 29 45 45 58 58 58 50 50 50 30 30 0 0 0 0 0 0 0 0 0 0 0 0 0 0
-9999 -9999 -9999 -9999 -9999 -9999 -9999 -9999 -9999 -9999 -9999 -9999 -9999 -9999 -9999 -9999 66 66 39 39 39 28 28 36 36 36 54 54 54 65 65 59 59 59 48 48 49 49 49 54 54 54 55 55 54 54 54 51 51 47 47 47 50 50 50 53 53 48 48 48 42 42 42 34 34 27 27 27 32 32 36 36 36 0 0 0 0 0 0 0 0 0 0 0 0 0 0 0 0 0 0 0
-9999 -9999 -9999 -9999 -9999 -9999 -9999 -9999 -9999 -9999 -9999 -9999 -9999 -9999 -9999 -9999 66 66 39 39 39 28 28 36 36 36 54 54 54 65 65 59 59 59 48 48 49 49 49 54 54 54 55 55 54 54 54 51 51 47 47 47 50 50 50 53 53 48 48 48 42 42 42 34 34 27 27 27 32 32 36 36 36 0 0 0 0 0 0 0 0 0 0 0 0 0 0 0 0 0 0 0
-9999 -9999 -9999 -9999 -9999 -9999 -9999 -9999 -9999 -9999 -9999 -9999 -9999 -9999 -9999 -9999 -9999 66 39 39 39 28 28 36 36 36 54 54 54 65 65 59 59 59 48 48 49 49 49 54 54 54 55 55 54 54 54 51 51 47 47 47 50 50 50 53 53 48 48 48 42 42 42 34 34 27 27 27 32 32 36 36 36 0 0 0 0 0 0 0 0 0 0 0 0 0 0 0 0 0 0 0
-9999 -9999 -9999 -9999 -9999 -9999 -9999 -9999 -9999 -9999 -9999 -9999 -9999 -9999 -9999 -9999 -9999 36 35 35 35 34 34 40 40 40 48 48 48 52 52 54 54 54 52 52 50 50 50 53 53 53 52 52 49 49 49 45 45 43 43 43 47 47 47 46 46 42 42 42 39 39 39 39 39 45 45 45 38 38 0 0 0 0 0 0 0 0 0 0 0 0 0 0 0 0 2 2 2 0 0 0
-9999 -9999 -9999 -9999 -9999 -9999 -9999 -9999 -9999 -9999 -9999 -9999 -9999 -9999 -9999 -9999 -9999 36 35 35 35 34 34 40 40 40 48 48 48 52 52 54 54 54 52 52 50 50 50 53 53 53 52 52 49 49 49 45 45 43 43 43 47 47 47 46 46 42 42 42 39 39 39 39 39 45 45 45 38 38 0 0 0 0 0 0 0 0 0 0 0 0 0 0 0 0 2 2 2 0 0 0
-9999 -9999 -9999 -9999 -9999 -9999 -9999 -9999 -9999 -9999 -9999 -9999 -9999 -9999 -9999 -9999 -9999 36 35 35 35 34 34 40 40 40 48 48 48 52 52 54 54 54 52 52 50 50 50 53 53 53 52 52 49 49 49 45 45 43 43 43 47 47 47 46 46 42 42 42 39 39 39 39 39 45 45 45 38 38 0 0 0 0 0 0 0 0 0 0 0 0 0 0 0 0 2 2 2 0 0 0
