SEB_model/sample_data_files/contemp/hillshade/july6pm.txt
ncols         313
nrows         278
xllcorner     388961.19995117
yllcorner     7584381.3441773
cellsize      5
NODATA_value  -9999
[rows 117 to 155 of 278, columns 89 to 177 of 313]
-9999 -9999 -9999 -9999 -9999 -9999 -9999 -9999 -9999 -9999 -9999 -9999 -9999 -9999 -9999 -9999 -9999 -9999 -9999 -9999 0 24 24 16 16 16 6 6 0 0 0 18 18 18 3 3 0 0 0 0 0 0 0 0 0 0 0 6 6 0 0 0 0 0 0 13 13 27 27 27 0 0 0 55 55 62 62 62 51 51 48 48 48 52 52 52 48 48 63 63 63 63 63 56 56 56 63 63 63
-9999 -9999 -9999 -9999 -9999 -9999 -9999 -9999 -9999 -9999 -9999 -9999 -9999 -9999 -9999 -9999 -9999 -9999 -9999 15 15 0 0 35 35 35 5 5 0 0 0 0 0 0 0 0 0 0 0 0 0 0 23 23 22 22 22 0 0 0 0 0 0 0 0 0 0 42 42 42 54 54 54 53 53 53 53 53 40 40 40 40 40 51 51 51 49 49 63 63 63 67 67 58 58 58 55 55 55
-9999 -9999 -9999 -9999 -9999 -9999 -9999 -9999 -9999 -9999 -9999 -9999 -9999 -9999 -9999 -9999 -9999 4 15 15 15 0 0 35 35 35 5 5 0 0 0 0 0 0 0 0 0 0 0 0 0 0 23 23 22 22 22 0 0 0 0 0 0 0 0 0 0 42 42 42 54 54 54 53 53 53 53 53 40 40 40 40 40 51 51 51 49 49 63 63 63 67 67 58 58 58 55 55 55
-9999 -9999 -9999 -9999 -9999 -9999 -9999 -9999 -9999 -9999 -9999 -9999 -9999 -9999 -9999 -9999 -9999 4 15 15 15 0 0 35 35 35 5 5 0 0 0 0 0 0 0 0 0 0 0 0 0 0 23 23 22 22 22 0 0 0 0 0 0 0 0 0 0 42 42 42 54 54 54 53 53 53 53 53 40 40 40 40 40 51 51 51 49 49 63 63 63 67 67 58 58 58 55 55 55
-9999 -9999 -9999 -9999 -9999 -9999 -9999 -9999 -9999 -9999 -9999 -9999 -9999 -9999 -9999 -9999 -9999 0 0 0 0 54 54 23 23 23 0 0 0 0 0 0 0 0 0 0 0 0 0 0 0 0 0 0 0 0 0 0 0 0 0 0 0 0 0 0 0 59 59 59 64 64 64 51 51 48 48 48 37 37 41 41 41 53 53 53 48 48 58 58 58 60 60 55 55 55 51 51 51
-9999 -9999 -9999 -9999 -9999 -9999 -9999 -9999 -9999 -9999 -9999 -9999 -9999 -9999 -9999 -9999 -9999 0 0 0 0 54 54 23 23 23 0 0 0 0 0 0 0 0 0 0 0 0 0 0 0 0 0 0 0 0 0 0 0 0 0 0 0 0 0 0 0 59 59 59 64 64 64 51 51 48 48 48 37 37 41 41 41 53 53 53 48 48 58 58 58 60 60 55 55 55 51 51 51
-9999 -9999 -9999 -9999 -9999 -9999 -9999 -9999 -9999 -9999 -9999 -9999 -9999 -9999 -9999 -9999 -9999 0 0 0 0 54 54 23 23 23 0 0 0 0 0 0 0 0 0 0 0 0 0 0 0 0 0 0 0 0 0 0 0 0 0 0 0 0 0 0 0 59 59 59 64 64 64 51 51 48 48 48 37 37 41 41 41 53 53 53 48 48 58 58 58 60 60 55 55 55 51 51 51
-9999 -9999 -9999 -9999 -9999 -9999 -9999 -9999 -9999 -9999 -9999 -9999 -9999 -9999 -9999 -9999 -9999 -9999 52 52 52 54 54 4 4 4 0 0 0 0 0 0 0 0 0 0 0 0 0 0 0 0 0 0 0 0 0 0 0 0 0 0 0 0 0 51 51 63 63 63 65 65 65 47 47 43 43 43 35 35 41 41 41 49 49 49 39 39 48 48 48 48 48 38 38 38 42 42 42
-9999 -9999 -9999 -9999 -9999 -9999 -9999 -9999 -9999 -9999 -9999 -9999 -9999 -9999 -9999 -9999 -9999 -9999 -9999 52 52 54 54 4 4 4 0 0 0 0 0 0 0 0 0 0 0 0 0 0 0 0 0 0 0 0 0 0 0 0 0 0 0 0 0 51 51 63 63 63 65 65 65 47 47 43 43 43 35 35 41 41 41 49 49 49 39 39 48 48 48 48 48 38 38 38 42 42 42
-9999 -9999 -9999 -9999 -9999 -9999 -9999 -9999 -9999 -9999 -9999 -9999 -9999 -9999 -9999 -9999 -9999 -9999 -9999 -9999 -9999 50 50 7 7 7 0 0 0 0 0 0 0 0 0 0 0 0 0 0 0 0 0 0 0 0 0 0 0 0 0 0 41 41 41 51 51 61 61 61 54 54 54 32 32 38 38 38 35 35 39 39 39 47 47 47 39 39 47 47 47 39 39 20 20 20 30 30 30
-9999 -9999 -9999 -9999 -9999 -9999 -9999 -9999 -9999 -9999 -9999 -9999 -9999 -9999 -9999 -9999 -9999 -9999 -9999 -9999 -9999 50 50 7 7 7 0 0 0 0 0 0 0 0 0 0 0 0 0 0 0 0 0 0 0 0 0 0 0 0 0 0 41 41 41 51 51 61 61 61 54 54 54 32 32 38 38 38 35 35 39 39 39 47 47 47 39 39 47 47 47 39 39 20 20 20 30 30 30
-9999 -9999 -9999 -9999 -9999 -9999 -9999 -9999 -9999 -9999 -9999 -9999 -9999 -9999 -9999 -9999 -9999 -9999 -9999 -9999 -9999 50 50 7 7 7 0 0 0 0 0 0 0 0 0 0 0 0 0 0 0 0 0 0 0 0 0 0 0 0 0 0 41 41 41 51 51 61 61 61 54 54 54 32 32 38 38 38 35 35 39 39 39 47 47 47 39 39 47 47 47 39 39 20 20 20 30 30 30
-9999 -9999 -9999 -9999 -9999 -9999 -9999 -9999 -9999 -9999 -9999 -9999 -9999 -9999 -9999 -9999 -9999 -9999 -9999 -9999 -9999 0 0 28 28 28 0 0 0 0 0 0 0 0 0 0 0 0 0 0 0 0 0 0 0 0 0 49 49 43 43 43 39 39 39 0 0 49 49 49 41 41 41 0 0 46 46 46 44 44 43 43 43 54 54 54 51 51 49 49 49 29 29 9 9 9 0 0 0
-9999 -9999 -9999 -9999 -9999 -9999 -9999 -9999 -9999 -9999 -9999 -9999 -9999 -9999 -9999 -9999 -9999 -9999 -9999 -9999 -9999 -9999 0 28 28 28 0 0 0 0 0 0 0 0 0 0 0 0 0 0 0 0 0 0 0 0 0 49 49 43 43 43 39 39 39 0 0 49 49 49 41 41 41 0 0 46 46 46 44 44 43 43 43 54 54 54 51 51 49 49 49 29 29 9 9 9 0 0 0
-9999 -9999 -9999 -9999 -9999 -9999 -9999 -9999 -9999 -9999 -9999 -9999 -9999 -9999 -9999 -9999 -9999 -9999 -9999 -9999 -9999 -9999 -9999 35 35 35 0 0 0 0 0 0 0 0 0 0 0 0 0 0 0 0 27 27 32 32 32 34 34 29 29 29 25 25 25 16 16 40 40 40 44 44 44 31 31 54 54 54 51 51 48 48 48 60 60 60 54 54 41 41 41 14 14 2 2 2 0 0 0
-9999 -9999 -9999 -9999 -9999 -9999 -9999 -9999 -9999 -9999 -9999 -9999 -9999 -9999 -9999 -9999 -9999 -9999 -9999 -9999 -9999 -9999 -9999 -9999 35 35 0 0 0 0 0 0 0 0 0 0 0 0 0 0 0 0 27 27 32 32 32 34 34 29 29 29 25 25 25 16 16 40 40 40 44 44 44 31 31 54 54 54 51 51 48 48 48 60 60 60 54 54 41 41 41 14 14 2 2 2 0 0 0
-9999 -9999 -9999 -9999 -9999 -9999 -9999 -9999 -9999 -9999 -9999 -9999 -9999 -9999 -9999 -9999 -9999 -9999 -9999 -9999 -9999 -9999 -9999 -9999 35 35 0 0 0 0 0 0 0 0 0 0 0 0 0 0 0 0 27 27 32 32 32 34 34 29 29 29 25 25 25 16 16 40 40 40 44 44 44 31 31 54 54 54 51 51 48 48 48 60 60 60 54 54 41 41 41 14 14 2 2 2 0 0 0
-9999 -9999 -9999 -9999 -9999 -9999 -9999 -9999 -9999 -9999 -9999 -9999 -9999 -9999 -9999 -9999 -9999 -9999 -9999 -9999 -9999 -9999 -9999 -9999 0 0 2 2 0 0 0 0 0 0 0 0 44 44 44 29 29 29 11 11 17 17 17 17 17 16 16 16 24 24 24 18 18 43 43 43 53 53 53 38 38 57 57 57 58 58 54 54 54 60 60 60 47 47 24 24 24 0 0 0 0 0 60 60 60
-9999 -9999 -9999 -9999 -9999 -9999 -9999 -9999 -9999 -9999 -9999 -9999 -9999 -9999 -9999 -9999 -9999 -9999 -9999 -9999 -9999 -9999 -9999 -9999 0 0 2 2 0 0 0 0 0 0 0 0 44 44 44 29 29 29 11 11 17 17 17 17 17 16 16 16 24 24 24 18 18 43 43 43 53 53 53 38 38 57 57 57 58 58 54 54 54 60 60 60 47 47 24 24 24 0 0 0 0 0 60 60 60
-9999 -9999 -9999 -9999 -9999 -9999 -9999 -9999 -9999 -9999 -9999 -9999 -9999 -9999 -9999 -9999 -9999 -9999 -9999 -9999 -9999 -9999 -9999 -9999 -9999 0 2 2 0 0 0 0 0 0 0 0 44 44 44 29 29 29 11 11 17 17 17 17 17 16 16 16 24 24 24 18 18 43 43 43 53 53 53 38 38 57 57 57 58 58 54 54 54 60 60 60 47 47 24 24 24 0 0 0 0 0 60 60 60
-9999 -9999 -9999 -9999 -9999 -9999 -9999 -9999 -9999 -9999 0 0 0 0 0 0 0 0 -9999 -9999 -9999 -9999 -9999 -9999 -9999 -9999 18 18 0 0 0 0 0 0 0 0 0 0 0 26 26 26 15 15 19 19 19 13 13 19 19 19 31 31 31 26 26 49 49 49 56 56 56 40 40 56 56 56 62 62 55 55 55 53 53 53 37 37 16 16 16 0 0 0 0 0 70 70 70
-9999 -9999 -9999 -9999 -9999 -9999 0 0 0 0 0 0 0 0 0 0 0 0 0 -9999 -9999 -9999 -9999 -9999 -9999 0 18 18 0 0 0 0 0 0 0 0 0 0 0 26 26 26 15 15 19 19 19 13 13 19 19 19 31 31 31 26 26 49 49 49 56 56 56 40 40 56 56 56 62 62 55 55 55 53 53 53 37 37 16 16 16 0 0 0 0 0 70 70 70
-9999 -9999 -9999 -9999 0 0 0 0 15 15 0 0 0 17 17 0 0 0 3 3 -9999 -9999 -9999 -9999 0 0 0 0 0 0 0 0 0 0 0 0 0 0 0 0 0 0 47 47 30 30 30 0 0 0 0 0 36 36 36 31 31 51 51 51 50 50 50 30 30 48 48 48 59 59 53 53 53 45 45 45 28 28 20 20 20 19 19 25 25 25 55 55 55
-9999 -9999 0 0 0 0 0 0 15 15 0 0 0 17 17 0 0 0 3 3 3 -9999 -9999 -9999 0 0 0 0 0 0 0 0 0 0 0 0 0 0 0 0 0 0 47 47 30 30 30 0 0 0 0 0 36 36 36 31 31 51 51 51 50 50 50 30 30 48 48 48 59 59 53 53 53 45 45 45 28 28 20 20 20 19 19 25 25 25 55 55 55
0 0 0 0 0 0 0 0 15 15 0 0 0 17 17 0 0 0 3 3 3 0 0 0 0 0 0 0 0 0 0 0 0 0 0 0 0 0 0 0 0 0 47 47 30 30 30 0 0 0 0 0 36 36 36 31 31 51 51 51 50 50 50 30 30 48 48 48 59 59 53 53 53 45 45 45 28 28 20 20 20 19 19 25 25 25 55 55 55
0 0 0 0 0 24 24 24 0 0 0 0 0 0 0 0 0 0 1 1 1 0 0 0 0 0 30 30 0 0 0 0 0 0 0 0 0 0 0 46 46 46 69 69 52 52 52 0 0 0 0 0 37 37 37 30 30 45 45 45 39 39 39 23 23 45 45 45 59 59 55 55 55 47 47 47 26 26 28 28 28 39 39 43 43 43 52 52 52
0 0 0 0 0 24 24 24 0 0 0 0 0 0 0 0 0 0 1 1 1 0 0 0 0 0 30 30 0 0 0 0 0 0 0 0 0 0 0 46 46 46 69 69 52 52 52 0 0 0 0 0 37 37 37 30 30 45 45 45 39 39 39 23 23 45 45 45 59 59 55 55 55 47 47 47 26 26 28 28 28 39 39 43 43 43 52 52 52
0 0 0 0 0 24 24 24 0 0 0 0 0 0 0 0 0 0 1 1 1 0 0 0 0 0 30 30 0 0 0 0 0 0 0 0 0 0 0 46 46 46 69 69 52 52 52 0 0 0 0 0 37 37 37 30 30 45 45 45 39 39 39 23 23 45 45 45 59 59 55 55 55 47 47 47 26 26 28 28 28 39 39 43 43 43 52 52 52
20 20 9 9 9 1 1 1 0 0 0 0 0 0 0 0 0 0 0 0 0 0 0 0 0 0 0 0 0 0 0 0 0 0 21 21 39 39 39 50 50 50 55 55 67 67 67 9 9 0 0 0 0 0 0 17 17 32 32 32 31 31 31 25 25 52 52 52 59 59 57 57 57 53 53 53 25 25 29 29 29 46 46 59 59 59 70 70 70
20 20 9 9 9 1 1 1 0 0 0 0 0 0 0 0 0 0 0 0 0 0 0 0 0 0 0 0 0 0 0 0 0 0 21 21 39 39 39 50 50 50 55 55 67 67 67 9 9 0 0 0 0 0 0 17 17 32 32 32 31 31 31 25 25 52 52 52 59 59 57 57 57 53 53 53 25 25 29 29 29 46 46 59 59 59 70 70 70
10 10 0 0 0 0 0 0 0 0 0 0 0 0 0 0 0 0 0 0 0 0 0 0 0 0 0 0 0 0 0 40 40 40 26 26 0 0 0 53 53 53 44 44 61 61 61 41 41 15 15 15 0 0 0 0 0 0 0 0 32 32 32 32 32 58 58 58 58 58 55 55 55 57 57 57 26 26 28 28 28 48 48 67 67 67 83 83 83
10 10 0 0 0 0 0 0 0 0 0 0 0 0 0 0 0 0 0 0 0 0 0 0 0 0 0 0 0 0 0 40 40 40 26 26 0 0 0 53 53 53 44 44 61 61 61 41 41 15 15 15 0 0 0 0 0 0 0 0 32 32 32 32 32 58 58 58 58 58 55 55 55 57 57 57 26 26 28 28 28 48 48 67 67 67 83 83 83
10 10 0 0 0 0 0 0 0 0 0 0 0 0 0 0 0 0 0 0 0 0 0 0 0 0 0 0 0 0 0 40 40 40 26 26 0 0 0 53 53 53 44 44 61 61 61 41 41 15 15 15 0 0 0 0 0 0 0 0 32 32 32 32 32 58 58 58 58 58 55 55 55 57 57 57 26 26 28 28 28 48 48 67 67 67 83 83 83
0 0 0 0 0 0 0 0 0 0 0 0 0 0 0 0 0 0 0 0 0 0 0 0 0 0 0 0 0 0 0 0 0 0 46 46 39 39 39 50 50 50 49 49 58 58 58 53 53 41 41 41 10 10 10 0 0 0 0 0 41 41 41 40 40 58 58 58 57 57 54 54 54 61 61 61 33 33 31 31 31 52 52 71 71 71 87 87 87
0 0 0 0 0 0 0 0 0 0 0 0 0 0 0 0 0 0 0 0 0 0 0 0 0 0 0 0 0 0 0 0 0 0 46 46 39 39 39 50 50 50 49 49 58 58 58 53 53 41 41 41 10 10 10 0 0 0 0 0 41 41 41 40 40 58 58 58 57 57 54 54 54 61 61 61 33 33 31 31 31 52 52 71 71 71 87 87 87
0 0 0 0 0 0 0 0 0 0 0 0 0 0 0 0 0 0 0 0 0 0 0 0 0 0 0 0 0 0 0 0 0 0 67 67 61 61 61 44 44 44 41 41 61 61 61 51 51 43 43 43 26 26 26 0 0 0 0 0 45 45 45 41 41 50 50 50 45 45 49 49 49 65 65 65 36 36 31 31 31 54 54 72 72 72 84 84 84
0 0 0 0 0 0 0 0 0 0 0 0 0 0 0 0 0 0 0 0 0 0 0 0 0 0 0 0 0 0 0 0 0 0 67 67 61 61 61 44 44 44 41 41 61 61 61 51 51 43 43 43 26 26 26 0 0 0 0 0 45 45 45 41 41 50 50 50 45 45 49 49 49 65 65 65 36 36 31 31 31 54 54 72 72 72 84 84 84
0 0 0 0 0 0 0 0 0 0 0 0 0 0 0 0 0 0 0 0 0 0 0 0 0 0 0 0 0 0 0 0 0 0 67 67 61 61 61 44 44 44 41 41 61 61 61 51 51 43 43 43 26 26 26 0 0 0 0 0 45 45 45 41 41 50 50 50 45 45 49 49 49 65 65 65 36 36 31 31 31 54 54 72 72 72 84 84 84
0 0 0 0 0 0 0 0 0 0 0 0 0 5 5 0 0 0 0 0 0 0 0 0 0 0 30 30 16 16 16 37 37 37 64 64 74 74 74 57 57 57 40 40 56 56 56 52 52 43 43 43 42 42 42 17 17 23 23 23 44 44 44 40 40 40 40 40 33 33 42 42 42 66 66 66 40 40 33 33 33 55 55 73 73 73 78 78 78
