SEB_model/sample_data_files/contemp/hillshade/july6am.txt
ncols         313
nrows         278
xllcorner     388961.19995117
yllcorner     7584381.3441773
cellsize      5
NODATA_value  -9999
[rows 222 to 258 of 278, columns 0 to 83 of 313]
-9999 63 64 64 64 111 111 111 107 107 95 95 95 96 96 109 109 109 109 109 109 109 109 116 116 116 123 123 123 125 125 122 122 122 125 125 118 118 118 105 105 105 111 111 119 119 119 124 124 129 129 129 127 127 127 127 127 114 114 114 97 97 97 93 93 93 93 93 110 110 112 112 112 107 107 107 128 128 140 140 140 132 132 119
-9999 73 61 61 61 107 107 107 121 121 104 104 104 93 93 105 105 105 109 109 109 106 106 109 109 109 114 114 114 117 117 114 114 114 120 120 121 121 121 112 112 112 116 116 126 126 126 133 133 135 135 135 125 125 125 114 114 102 102 102 93 93 93 95 95 101 101 101 120 120 119 119 119 98 98 98 102 102 118 118 118 119 119 113
-9999 -9999 61 61 61 107 107 107 121 121 104 104 104 93 93 105 105 105 109 109 109 106 106 109 109 109 114 114 114 117 117 114 114 114 120 120 121 121 121 112 112 112 116 116 126 126 126 133 133 135 135 135 125 125 125 114 114 102 102 102 93 93 93 95 95 101 101 101 120 120 119 119 119 98 98 98 102 102 118 118 118 119 119 113
-9999 -9999 -9999 61 61 107 107 107 121 121 104 104 104 93 93 105 105 105 109 109 109 106 106 109 109 109 114 114 114 117 117 114 114 114 120 120 121 121 121 112 112 112 116 116 126 126 126 133 133 135 135 135 125 125 125 114 114 102 102 102 93 93 93 95 95 101 101 101 120 120 119 119 119 98 98 98 102 102 118 118 118 119 119 113
-9999 -9999 -9999 -9999 73 84 84 84 119 119 119 119 119 98 98 96 96 96 103 103 103 106 106 104 104 104 106 106 106 110 110 107 107 107 113 113 119 119 119 123 123 123 128 128 128 128 128 134 134 135 135 135 122 122 122 108 108 97 97 97 91 91 91 106 106 117 117 117 113 113 110 110 110 106 106 106 94 94 87 87 87 90 90 90
-9999 -9999 -9999 -9999 -9999 84 84 84 119 119 119 119 119 98 98 96 96 96 103 103 103 106 106 104 104 104 106 106 106 110 110 107 107 107 113 113 119 119 119 123 123 123 128 128 128 128 128 134 134 135 135 135 122 122 122 108 108 97 97 97 91 91 91 106 106 117 117 117 113 113 110 110 110 106 106 106 94 94 87 87 87 90 90 90
-9999 -9999 -9999 -9999 -9999 75 75 75 100 100 130 130 130 110 110 94 94 94 92 92 92 102 102 102 102 102 101 101 101 104 104 102 102 102 107 107 115 115 115 128 128 128 135 135 131 131 131 130 130 129 129 129 121 121 121 110 110 100 100 100 98 98 98 113 113 117 117 117 107 107 104 104 104 103 103 103 97 97 82 82 82 69 69 68
-9999 -9999 -9999 -9999 -9999 75 75 75 100 100 130 130 130 110 110 94 94 94 92 92 92 102 102 102 102 102 101 101 101 104 104 102 102 102 107 107 115 115 115 128 128 128 135 135 131 131 131 130 130 129 129 129 121 121 121 110 110 100 100 100 98 98 98 113 113 117 117 117 107 107 104 104 104 103 103 103 97 97 82 82 82 69 69 68
-9999 -9999 -9999 -9999 -9999 75 75 75 100 100 130 130 130 110 110 94 94 94 92 92 92 102 102 102 102 102 101 101 101 -9999 -9999 -9999 -9999 -9999 107 107 115 115 115 128 128 128 135 135 131 131 131 130 130 129 129 129 121 121 121 110 110 100 100 100 98 98 98 113 113 117 117 117 107 107 104 104 104 103 103 103 97 97 82 82 82 69 69 68
-9999 -9999 -9999 -9999 -9999 -9999 77 77 86 86 128 128 128 118 118 102 102 102 89 89 89 107 107 106 -9999 -9999 -9999 -9999 -9999 -9999 -9999 -9999 -9999 -9999 -9999 -9999 -9999 103 103 116 116 116 118 118 119 119 119 125 125 121 121 121 121 121 121 120 120 113 113 113 110 110 110 111 111 103 103 103 101 101 100 100 100 97 97 97 99 99 87 87 87 69 69 73
-9999 -9999 -9999 -9999 -9999 -9999 77 77 86 86 128 128 128 118 118 102 102 102 89 89 89 -9999 -9999 -9999 -9999 -9999 -9999 -9999 -9999 -9999 -9999 -9999 -9999 -9999 -9999 -9999 -9999 -9999 -9999 -9999 -9999 116 118 118 119 119 119 125 125 121 121 121 121 121 121 120 120 113 113 113 110 110 110 111 111 103 103 103 101 101 100 100 100 97 97 97 99 99 87 87 87 69 69 73
-9999 -9999 -9999 -9999 -9999 -9999 -9999 83 85 85 113 113 113 99 99 106 106 106 103 -9999 -9999 -9999 -9999 -9999 -9999 -9999 -9999 -9999 -9999 -9999 -9999 -9999 -9999 -9999 -9999 -9999 -9999 -9999 -9999 -9999 -9999 106 82 82 86 86 86 119 119 118 118 118 122 122 122 131 131 130 130 130 120 120 120 108 108 94 94 94 93 93 94 94 94 94 94 94 93 93 83 83 83 88 88 91
-9999 -9999 -9999 -9999 -9999 -9999 -9999 -9999 -9999 -9999 -9999 -9999 -9999 99 99 106 106 -9999 -9999 -9999 -9999 -9999 -9999 -9999 -9999 -9999 -9999 -9999 -9999 -9999 -9999 -9999 -9999 -9999 -9999 -9999 -9999 -9999 -9999 -9999 -9999 106 82 82 86 86 86 119 119 118 118 118 122 122 122 131 131 130 130 130 120 120 120 108 108 94 94 94 93 93 94 94 94 94 94 94 93 93 83 83 83 88 88 91
-9999 -9999 -9999 -9999 -9999 -9999 -9999 -9999 -9999 -9999 -9999 -9999 -9999 -9999 -9999 -9999 -9999 -9999 -9999 -9999 -9999 -9999 -9999 -9999 -9999 -9999 -9999 -9999 -9999 -9999 -9999 -9999 -9999 -9999 -9999 -9999 -9999 -9999 -9999 -9999 -9999 -9999 -9999 -9999 86 86 86 119 119 118 118 118 122 122 122 131 131 130 130 130 120 120 120 108 108 94 94 94 93 93 94 94 94 94 94 94 93 93 83 83 83 88 88 91
-9999 -9999 -9999 -9999 -9999 -9999 -9999 -9999 -9999 -9999 -9999 -9999 -9999 -9999 -9999 -9999 -9999 -9999 -9999 -9999 -9999 -9999 -9999 -9999 -9999 -9999 -9999 -9999 -9999 -9999 -9999 -9999 -9999 -9999 -9999 -9999 -9999 -9999 -9999 -9999 -9999 -9999 -9999 -9999 -9999 55 55 96 96 118 118 118 128 128 128 136 136 134 134 134 126 126 126 115 115 96 96 96 85 85 86 86 86 87 87 87 87 87 88 88 88 104 104 96
-9999 -9999 -9999 -9999 -9999 -9999 -9999 -9999 -9999 -9999 -9999 -9999 -9999 -9999 -9999 -9999 -9999 -9999 -9999 -9999 -9999 -9999 -9999 -9999 -9999 -9999 -9999 -9999 -9999 -9999 -9999 -9999 -9999 -9999 -9999 -9999 -9999 -9999 -9999 -9999 -9999 -9999 -9999 -9999 -9999 55 55 96 96 118 118 118 128 128 128 136 136 134 134 134 126 126 126 115 115 96 96 96 85 85 86 86 86 87 87 87 87 87 88 88 88 104 104 96
-9999 -9999 -9999 -9999 -9999 -9999 -9999 -9999 -9999 -9999 -9999 -9999 -9999 -9999 -9999 -9999 -9999 -9999 -9999 -9999 -9999 -9999 -9999 -9999 -9999 -9999 -9999 -9999 -9999 -9999 -9999 -9999 -9999 -9999 -9999 -9999 -9999 -9999 -9999 -9999 -9999 -9999 -9999 -9999 -9999 -9999 55 96 96 118 118 118 128 128 128 136 136 134 134 134 126 126 126 115 115 96 96 96 85 85 86 86 86 87 87 87 87 87 88 88 88 104 104 96
-9999 -9999 -9999 -9999 -9999 -9999 -9999 -9999 -9999 -9999 -9999 -9999 -9999 -9999 -9999 -9999 -9999 -9999 -9999 -9999 -9999 -9999 -9999 -9999 -9999 -9999 -9999 -9999 -9999 -9999 -9999 -9999 -9999 -9999 -9999 -9999 -9999 -9999 -9999 -9999 -9999 -9999 -9999 -9999 -9999 -9999 -9999 -9999 -9999 -9999 -9999 95 116 116 116 136 136 132 132 132 129 129 129 126 126 107 107 107 84 84 77 77 77 78 78 78 89 89 100 100 100 97 97 87
-9999 -9999 -9999 -9999 -9999 -9999 -9999 -9999 -9999 -9999 -9999 -9999 -9999 -9999 -9999 -9999 -9999 -9999 -9999 -9999 -9999 -9999 -9999 -9999 -9999 -9999 -9999 -9999 -9999 -9999 -9999 -9999 -9999 -9999 -9999 -9999 -9999 -9999 -9999 -9999 -9999 -9999 -9999 -9999 -9999 -9999 -9999 -9999 -9999 -9999 -9999 95 116 116 116 136 136 132 132 132 129 129 129 126 126 107 107 107 84 84 77 77 77 78 78 78 89 89 100 100 100 97 97 87
-9999 -9999 -9999 -9999 -9999 -9999 -9999 -9999 -9999 -9999 -9999 -9999 -9999 -9999 -9999 -9999 -9999 -9999 -9999 -9999 -9999 -9999 -9999 -9999 -9999 -9999 -9999 -9999 -9999 -9999 -9999 -9999 -9999 -9999 -9999 -9999 -9999 -9999 -9999 -9999 -9999 -9999 -9999 -9999 -9999 -9999 -9999 -9999 -9999 -9999 -9999 -9999 76 76 76 120 120 133 133 133 130 130 130 129 129 118 118 118 99 99 78 78 78 75 75 75 91 91 90 90 90 82 82 87
-9999 -9999 -9999 -9999 -9999 -9999 -9999 -9999 -9999 -9999 -9999 -9999 -9999 -9999 -9999 -9999 -9999 -9999 -9999 -9999 -9999 -9999 -9999 -9999 -9999 -9999 -9999 -9999 -9999 -9999 -9999 -9999 -9999 -9999 -9999 -9999 -9999 -9999 -9999 -9999 -9999 -9999 -9999 -9999 -9999 -9999 -9999 -9999 -9999 -9999 -9999 -9999 -9999 76 76 120 120 133 133 133 130 130 130 129 129 118 118 118 99 99 78 78 78 75 75 75 91 91 90 90 90 82 82 87
-9999 -9999 -9999 -9999 -9999 -9999 -9999 -9999 -9999 -9999 -9999 -9999 -9999 -9999 -9999 -9999 -9999 -9999 -9999 -9999 -9999 -9999 -9999 -9999 -9999 -9999 -9999 -9999 -9999 -9999 -9999 -9999 -9999 -9999 -9999 -9999 -9999 -9999 -9999 -9999 -9999 -9999 -9999 -9999 -9999 -9999 -9999 -9999 -9999 -9999 -9999 -9999 -9999 -9999 76 120 120 133 133 133 130 130 130 129 129 118 118 118 99 99 78 78 78 75 75 75 91 91 90 90 90 82 82 87
-9999 -9999 -9999 -9999 -9999 -9999 -9999 -9999 -9999 -9999 -9999 -9999 -9999 -9999 -9999 -9999 -9999 -9999 -9999 -9999 -9999 -9999 -9999 -9999 -9999 -9999 -9999 -9999 -9999 -9999 -9999 -9999 -9999 -9999 -9999 -9999 -9999 -9999 -9999 -9999 -9999 -9999 -9999 -9999 -9999 -9999 -9999 -9999 -9999 -9999 -9999 -9999 -9999 -9999 48 85 85 131 131 131 132 132 132 131 131 124 124 124 114 114 96 96 96 88 88 88 79 79 66 66 66 74 74 82
-9999 -9999 -9999 -9999 -9999 -9999 -9999 -9999 -9999 -9999 -9999 -9999 -9999 -9999 -9999 -9999 -9999 -9999 -9999 -9999 -9999 -9999 -9999 -9999 -9999 -9999 -9999 -9999 -9999 -9999 -9999 -9999 -9999 -9999 -9999 -9999 -9999 -9999 -9999 -9999 -9999 -9999 -9999 -9999 -9999 -9999 -9999 -9999 -9999 -9999 -9999 -9999 -9999 48 48 85 85 131 131 131 132 132 132 131 131 124 124 124 114 114 96 96 96 88 88 88 79 79 66 66 66 74 74 82
-9999 -9999 -9999 -9999 -9999 -9999 -9999 -9999 -9999 -9999 -9999 -9999 -9999 -9999 -9999 -9999 -9999 -9999 -9999 -9999 -9999 -9999 -9999 -9999 -9999 -9999 -9999 -9999 -9999 -9999 -9999 -9999 -9999 -9999 -9999 -9999 -9999 -9999 -9999 -9999 -9999 -9999 -9999 -9999 -9999 -9999 -9999 -9999 -9999 -9999 -9999 -9999 -9999 48 48 85 -9999 131 131 131 132 132 132 131 131 124 124 124 114 114 96 96 96 88 88 88 79 79 66 66 66 74 74 82
-9999 -9999 -9999 -9999 -9999 -9999 -9999 -9999 -9999 -9999 -9999 -9999 -9999 -9999 -9999 -9999 -9999 -9999 -9999 -9999 -9999 -9999 -9999 -9999 -9999 -9999 -9999 -9999 -9999 -9999 -9999 -9999 -9999 -9999 -9999 -9999 -9999 -9999 -9999 -9999 -9999 -9999 -9999 -9999 -9999 -9999 -9999 -9999 -9999 -9999 -9999 -9999 -9999 0 0 66 -9999 -9999 117 117 120 120 120 137 137 127 127 127 121 121 120 120 120 111 111 111 72 72 50 50 50 64 64 60
-9999 -9999 -9999 -9999 -9999 -9999 -9999 -9999 -9999 -9999 -9999 -9999 -9999 -9999 -9999 -9999 -9999 -9999 -9999 -9999 -9999 -9999 -9999 -9999 -9999 -9999 -9999 -9999 -9999 -9999 -9999 -9999 -9999 -9999 -9999 -9999 -9999 -9999 -9999 -9999 -9999 -9999 -9999 -9999 -9999 -9999 -9999 -9999 -9999 -9999 -9999 -9999 -9999 -9999 0 -9999 -9999 -9999 117 117 120 120 120 137 137 127 127 127 121 121 120 120 120 111 111 111 72 72 50 50 50 64 64 60
-9999 -9999 -9999 -9999 -9999 -9999 -9999 -9999 -9999 -9999 -9999 -9999 -9999 -9999 -9999 -9999 -9999 -9999 -9999 -9999 -9999 -9999 -9999 -9999 -9999 -9999 -9999 -9999 -9999 -9999 -9999 -9999 -9999 -9999 -9999 -9999 -9999 -9999 -9999 -9999 -9999 -9999 -9999 -9999 -9999 -9999 -9999 -9999 -9999 -9999 -9999 -9999 -9999 -9999 -9999 -9999 -9999 -9999 87 87 91 91 91 140 140 131 131 131 129 129 133 133 133 122 122 122 86 86 54 54 54 44 44 37
-9999 -9999 -9999 -9999 -9999 -9999 -9999 -9999 -9999 -9999 -9999 -9999 -9999 -9999 -9999 -9999 -9999 -9999 -9999 -9999 -9999 -9999 -9999 -9999 -9999 -9999 -9999 -9999 -9999 -9999 -9999 -9999 -9999 -9999 -9999 -9999 -9999 -9999 -9999 -9999 -9999 -9999 -9999 -9999 -9999 -9999 -9999 -9999 -9999 -9999 -9999 -9999 -9999 -9999 -9999 -9999 -9999 -9999 87 87 91 91 91 140 140 131 131 131 129 129 133 133 133 122 122 122 86 86 54 54 54 44 44 37
-9999 -9999 -9999 -9999 -9999 -9999 -9999 -9999 -9999 -9999 -9999 -9999 -9999 -9999 -9999 -9999 -9999 -9999 -9999 -9999 -9999 -9999 -9999 -9999 -9999 -9999 -9999 -9999 -9999 -9999 -9999 -9999 -9999 -9999 -9999 -9999 -9999 -9999 -9999 -9999 -9999 -9999 -9999 -9999 -9999 -9999 -9999 -9999 -9999 -9999 -9999 -9999 -9999 -9999 -9999 -9999 -9999 -9999 -9999 87 91 91 91 140 140 131 131 131 129 129 133 133 133 122 122 122 86 86 54 54 54 44 44 37
-9999 -9999 -9999 -9999 -9999 -9999 -9999 -9999 -9999 -9999 -9999 -9999 -9999 -9999 -9999 -9999 -9999 -9999 -9999 -9999 -9999 -9999 -9999 -9999 -9999 -9999 -9999 -9999 -9999 -9999 -9999 -9999 -9999 -9999 -9999 -9999 -9999 -9999 -9999 -9999 -9999 -9999 -9999 -9999 -9999 -9999 -9999 -9999 -9999 -9999 -9999 -9999 -9999 -9999 -9999 -9999 -9999 -9999 -9999 -9999 64 64 64 124 124 138 138 138 139 139 135 135 135 121 121 121 101 101 72 72 72 46 46 33
-9999 -9999 -9999 -9999 -9999 -9999 -9999 -9999 -9999 -9999 -9999 -9999 -9999 -9999 -9999 -9999 -9999 -9999 -9999 -9999 -9999 -9999 -9999 -9999 -9999 -9999 -9999 -9999 -9999 -9999 -9999 -9999 -9999 -9999 -9999 -9999 -9999 -9999 -9999 -9999 -9999 -9999 -9999 -9999 -9999 -9999 -9999 -9999 -9999 -9999 -9999 -9999 -9999 -9999 -9999 -9999 -9999 -9999 -9999 -9999 64 64 64 124 124 138 138 138 139 139 135 135 135 121 121 121 101 101 72 72 72 46 46 33
-9999 -9999 -9999 -9999 -9999 -9999 -9999 -9999 -9999 -9999 -9999 -9999 -9999 -9999 -9999 -9999 -9999 -9999 -9999 -9999 -9999 -9999 -9999 -9999 -9999 -9999 -9999 -9999 -9999 -9999 -9999 -9999 -9999 -9999 -9999 -9999 -9999 -9999 -9999 -9999 -9999 -9999 -9999 -9999 -9999 -9999 -9999 -9999 -9999 -9999 -9999 -9999 -9999 -9999 -9999 -9999 -9999 -9999 -9999 -9999 49 49 49 90 90 140 140 140 142 142 135 135 135 121 121 121 100 100 82 82 82 73 73 56
-9999 -9999 -9999 -9999 -9999 -9999 -9999 -9999 -9999 -9999 -9999 -9999 -9999 -9999 -9999 -9999 -9999 -9999 -9999 -9999 -9999 -9999 -9999 -9999 -9999 -9999 -9999 -9999 -9999 -9999 -9999 -9999 -9999 -9999 -9999 -9999 -9999 -9999 -9999 -9999 -9999 -9999 -9999 -9999 -9999 -9999 -9999 -9999 -9999 -9999 -9999 -9999 -9999 -9999 -9999 -9999 -9999 -9999 -9999 -9999 49 49 49 90 90 140 140 140 142 142 135 135 135 121 121 121 100 100 82 82 82 73 73 56
-9999 -9999 -9999 -9999 -9999 -9999 -9999 -9999 -9999 -9999 -9999 -9999 -9999 -9999 -9999 -9999 -9999 -9999 -9999 -9999 -9999 -9999 -9999 -9999 -9999 -9999 -9999 -9999 -9999 -9999 -9999 -9999 -9999 -9999 -9999 -9999 -9999 -9999 -9999 -9999 -9999 -9999 -9999 -9999 -9999 -9999 -9999 -9999 -9999 -9999 -9999 -9999 -9999 -9999 -9999 -9999 -9999 -9999 -9999 65 49 49 49 90 90 140 140 140 142 142 135 135 135 121 121 121 100 100 82 82 82 73 73 56
-9999 -9999 -9999 -9999 -9999 -9999 -9999 -9999 -9999 -9999 -9999 -9999 -9999 -9999 -9999 -9999 -9999 -9999 -9999 -9999 -9999 -9999 -9999 -9999 -9999 -9999 -9999 -9999 -9999 -9999 -9999 -9999 -9999 -9999 -9999 -9999 -9999 -9999 -9999 -9999 -9999 -9999 -9999 -9999 -9999 -9999 -9999 -9999 -9999 -9999 -9999 -9999 -9999 -9999 -9999 -9999 -9999 -9999 -9999 68 0 0 0 62 62 130 130 130 139 139 135 135 135 120 120 120 98 98 85 85 85 88 88 0
-9999 -9999 -9999 -9999 -9999 -9999 -9999 -9999 -9999 -9999 -9999 -9999 -9999 -9999 -9999 -9999 -9999 -9999 -9999 -9999 -9999 -9999 -9999 -9999 -9999 -9999 -9999 -9999 -9999 -9999 -9999 -9999 -9999 -9999 -9999 -9999 -9999 -9999 -9999 -9999 -9999 -9999 -9999 -9999 -9999 -9999 -9999 -9999 -9999 -9999 -9999 -9999 -9999 -9999 -9999 -9999 -9999 -9999 -9999 -9999 0 0 0 62 62 130 130 130 139 139 135 135 135 120 120 120 98 98 85 85 85 88 88 0
