SEB_model/sample_data_files/contemp/hillshade/julynoon.txt
ncols         313
nrows         278
xllcorner     388961.19995117
yllcorner     7584381.3441773
cellsize      5
NODATA_value  -9999
[rows 152 to 189 of 278, columns 85 to 169 of 313]
150 145 145 145 141 141 146 146 146 152 152 152 151 151 145 145 145 132 132 124 124 124 124 124 124 125 125 123 123 123 109 109 113 113 113 136 136 136 140 140 119 119 119 102 102 102 106 106 114 114 114 111 111 112 112 112 103 103 103 76 76 68 68 68 71 71 71 69 69 74 74 74 84 84 94 94 94 95 95 95 87 87 83 83 83
150 145 145 145 141 141 146 146 146 152 152 152 151 151 145 145 145 132 132 124 124 124 124 124 124 125 125 123 123 123 109 109 113 113 113 136 136 136 140 140 119 119 119 102 102 102 106 106 114 114 114 111 111 112 112 112 103 103 103 76 76 68 68 68 71 71 71 69 69 74 74 74 84 84 94 94 94 95 95 95 87 87 83 83 83
150 145 145 145 141 141 146 146 146 152 152 152 151 151 145 145 145 132 132 124 124 124 124 124 124 125 125 123 123 123 109 109 113 113 113 136 136 136 140 140 119 119 119 102 102 102 106 106 114 114 114 111 111 112 112 112 103 103 103 76 76 68 68 68 71 71 71 69 69 74 74 74 84 84 94 94 94 95 95 95 87 87 83 83 83
130 134 134 134 125 125 123 123 123 127 127 127 124 124 112 112 112 107 107 110 110 110 104 104 104 103 103 116 116 116 112 112 99 99 99 108 108 108 130 130 141 141 141 127 127 127 105 105 107 107 107 114 114 110 110 110 103 103 103 84 84 65 65 65 62 62 62 67 67 73 73 73 81 81 90 90 90 97 97 97 94 94 89 89 89
130 134 134 134 125 125 123 123 123 127 127 127 124 124 112 112 112 107 107 110 110 110 104 104 104 103 103 116 116 116 112 112 99 99 99 108 108 108 130 130 141 141 141 127 127 127 105 105 107 107 107 114 114 110 110 110 103 103 103 84 84 65 65 65 62 62 62 67 67 73 73 73 81 81 90 90 90 97 97 97 94 94 89 89 89
130 134 134 134 125 125 123 123 123 127 127 127 124 124 112 112 112 107 107 110 110 110 104 104 104 103 103 116 116 116 112 112 99 99 99 108 108 108 130 130 141 141 141 127 127 127 105 105 107 107 107 114 114 110 110 110 103 103 103 84 84 65 65 65 62 62 62 67 67 73 73 73 81 81 90 90 90 97 97 97 94 94 89 89 89
119 131 131 131 126 126 112 112 112 104 104 104 98 98 93 93 93 92 92 103 103 103 105 105 105 97 97 106 106 106 114 114 105 105 105 96 96 96 109 109 134 134 134 140 140 140 120 120 101 101 101 102 102 107 107 107 99 99 99 80 80 64 64 64 65 65 65 78 78 81 81 81 79 79 85 85 85 96 96 96 101 101 97 97 97
119 131 131 131 126 126 112 112 112 104 104 104 98 98 93 93 93 92 92 103 103 103 105 105 105 97 97 106 106 106 114 114 105 105 105 96 96 96 109 109 134 134 134 140 140 140 120 120 101 101 101 102 102 107 107 107 99 99 99 80 80 64 64 64 65 65 65 78 78 81 81 81 79 79 85 85 85 96 96 96 101 101 97 97 97
124 127 127 127 128 128 119 119 119 106 106 106 104 104 113 113 113 109 109 108 108 108 111 111 111 103 103 98 98 98 102 102 110 110 110 106 106 106 97 97 109 109 109 135 135 135 143 143 124 124 124 98 98 89 89 89 84 84 84 76 76 68 68 68 68 68 68 84 84 99 99 99 88 88 84 84 84 94 94 94 104 104 108 108 108
124 127 127 127 128 128 119 119 119 106 106 106 104 104 113 113 113 109 109 108 108 108 111 111 111 103 103 98 98 98 102 102 110 110 110 106 106 106 97 97 109 109 109 135 135 135 143 143 124 124 124 98 98 89 89 89 84 84 84 76 76 68 68 68 68 68 68 84 84 99 99 99 88 88 84 84 84 94 94 94 104 104 108 108 108
124 127 127 127 128 128 119 119 119 106 106 106 104 104 113 113 113 109 109 108 108 108 111 111 111 103 103 98 98 98 102 102 110 110 110 106 106 106 97 97 109 109 109 135 135 135 143 143 124 124 124 98 98 89 89 89 84 84 84 76 76 68 68 68 68 68 68 84 84 99 99 99 88 88 84 84 84 94 94 94 104 104 108 108 108
121 129 129 129 125 125 111 111 111 100 100 100 103 103 111 111 111 113 113 115 115 115 112 112 112 100 100 93 93 93 89 89 93 93 93 101 101 101 97 97 87 87 87 94 94 94 121 121 139 139 139 115 115 73 73 73 56 56 56 58 58 61 61 61 55 55 55 59 59 88 88 88 94 94 76 76 76 72 72 72 81 81 90 90 90
121 129 129 129 125 125 111 111 111 100 100 100 103 103 111 111 111 113 113 115 115 115 112 112 112 100 100 93 93 93 89 89 93 93 93 101 101 101 97 97 87 87 87 94 94 94 121 121 139 139 139 115 115 73 73 73 56 56 56 58 58 61 61 61 55 55 55 59 59 88 88 88 94 94 76 76 76 72 72 72 81 81 90 90 90
118 134 134 134 135 135 116 116 116 103 103 103 108 108 112 112 112 108 108 121 121 121 131 131 131 121 121 119 119 119 115 115 107 107 107 110 110 110 117 117 112 112 112 96 96 96 97 97 125 125 125 131 131 103 103 103 78 78 78 75 75 82 82 82 77 77 77 68 68 87 87 87 110 110 105 105 105 90 90 90 86 86 96 96 96
118 134 134 134 135 135 116 116 116 103 103 103 108 108 112 112 112 108 108 121 121 121 131 131 131 121 121 119 119 119 115 115 107 107 107 110 110 110 117 117 112 112 112 96 96 96 97 97 125 125 125 131 131 103 103 103 78 78 78 75 75 82 82 82 77 77 77 68 68 87 87 87 110 110 105 105 105 90 90 90 86 86 96 96 96
118 134 134 134 135 135 116 116 116 103 103 103 108 108 112 112 112 108 108 121 121 121 131 131 131 121 121 119 119 119 115 115 107 107 107 110 110 110 117 117 112 112 112 96 96 96 97 97 125 125 125 131 131 103 103 103 78 78 78 75 75 82 82 82 77 77 77 68 68 87 87 87 110 110 105 105 105 90 90 90 86 86 96 96 96
108 111 111 111 127 127 131 131 131 110 110 110 100 100 106 106 106 100 100 106 106 106 124 124 124 127 127 125 125 125 118 118 113 113 113 112 112 112 116 116 120 120 120 108 108 108 80 80 66 66 66 84 84 110 110 110 114 114 114 102 102 97 97 97 89 89 89 68 68 60 60 60 81 81 106 106 106 105 105 105 90 90 94 94 94
108 111 111 111 127 127 131 131 131 110 110 110 100 100 106 106 106 100 100 106 106 106 124 124 124 127 127 125 125 125 118 118 113 113 113 112 112 112 116 116 120 120 120 108 108 108 80 80 66 66 66 84 84 110 110 110 114 114 114 102 102 97 97 97 89 89 89 68 68 60 60 60 81 81 106 106 106 105 105 105 90 90 94 94 94
108 111 111 111 127 127 131 131 131 110 110 110 100 100 106 106 106 100 100 106 106 106 124 124 124 127 127 125 125 125 118 118 113 113 113 112 112 112 116 116 120 120 120 108 108 108 80 80 66 66 66 84 84 110 110 110 114 114 114 102 102 97 97 97 89 89 89 68 68 60 60 60 81 81 106 106 106 105 105 105 90 90 94 94 94
107 98 98 98 114 114 141 141 141 130 130 130 97 97 91 91 91 86 86 89 89 89 101 101 101 111 111 122 122 122 116 116 101 101 101 92 92 92 89 89 91 91 91 88 88 88 69 69 43 43 43 43 43 76 76 76 109 109 109 110 110 101 101 101 94 94 94 73 73 47 47 47 44 44 67 67 67 91 91 91 92 92 79 79 79
107 98 98 98 114 114 141 141 141 130 130 130 97 97 91 91 91 86 86 89 89 89 101 101 101 111 111 122 122 122 116 116 101 101 101 92 92 92 89 89 91 91 91 88 88 88 69 69 43 43 43 43 43 76 76 76 109 109 109 110 110 101 101 101 94 94 94 73 73 47 47 47 44 44 67 67 67 91 91 91 92 92 79 79 79
128 120 120 120 115 115 133 133 133 142 142 142 119 119 100 100 100 88 88 88 88 88 98 98 98 101 101 117 117 117 123 123 105 105 105 86 86 86 75 75 75 75 75 78 78 78 77 77 69 69 69 61 61 68 68 68 95 95 95 116 116 115 115 115 109 109 109 105 105 93 93 93 72 72 67 67 67 86 86 86 96 96 83 83 83
128 120 120 120 115 115 133 133 133 142 142 142 119 119 100 100 100 88 88 88 88 88 98 98 98 101 101 117 117 117 123 123 105 105 105 86 86 86 75 75 75 75 75 78 78 78 77 77 69 69 69 61 61 68 68 68 95 95 95 116 116 115 115 115 109 109 109 105 105 93 93 93 72 72 67 67 67 86 86 86 96 96 83 83 83
128 120 120 120 115 115 133 133 133 142 142 142 119 119 100 100 100 88 88 88 88 88 98 98 98 101 101 117 117 117 123 123 105 105 105 86 86 86 75 75 75 75 75 78 78 78 77 77 69 69 69 61 61 68 68 68 95 95 95 116 116 115 115 115 109 109 109 105 105 93 93 93 72 72 67 67 67 86 86 86 96 96 83 83 83
147 140 140 140 124 124 123 123 123 140 140 140 138 138 117 117 117 94 94 85 85 85 94 94 94 96 96 99 99 99 108 108 106 106 106 85 85 85 65 65 56 56 56 61 61 61 76 76 89 89 89 89 89 80 80 80 78 78 78 95 95 111 111 111 104 104 104 95 95 101 101 101 100 100 90 90 90 81 81 81 75 75 74 74 74
147 140 140 140 124 124 123 123 123 140 140 140 138 138 117 117 117 94 94 85 85 85 94 94 94 96 96 99 99 99 108 108 106 106 106 85 85 85 65 65 56 56 56 61 61 61 76 76 89 89 89 89 89 80 80 80 78 78 78 95 95 111 111 111 104 104 104 95 95 101 101 101 100 100 90 90 90 81 81 81 75 75 74 74 74
147 140 140 140 124 124 123 123 123 140 140 140 138 138 117 117 117 94 94 85 85 85 94 94 94 96 96 99 99 99 108 108 106 106 106 85 85 85 65 65 56 56 56 61 61 61 76 76 89 89 89 89 89 80 80 80 78 78 78 95 95 111 111 111 104 104 104 95 95 101 101 101 100 100 90 90 90 81 81 81 75 75 74 74 74
157 152 152 152 138 138 133 133 133 151 151 151 161 161 139 139 139 107 107 96 96 96 99 99 99 101 101 102 102 102 105 105 113 113 113 109 109 109 89 89 76 76 76 74 74 74 84 84 104 104 104 111 111 101 101 101 84 84 84 79 79 99 99 99 109 109 109 96 96 89 89 89 90 90 84 84 84 70 70 70 63 63 66 66 -9999
157 152 152 152 138 138 133 133 133 151 151 151 161 161 139 139 139 107 107 96 96 96 99 99 99 101 101 102 102 102 105 105 113 113 113 109 109 109 89 89 76 76 76 74 74 74 84 84 104 104 104 111 111 101 101 101 84 84 84 79 79 99 99 99 109 109 109 96 96 89 89 89 90 90 84 84 84 70 70 70 63 63 66 -9999 -9999
152 158 158 158 152 152 146 146 146 149 149 149 166 166 163 163 163 128 128 103 103 103 97 97 97 91 91 95 95 95 102 102 112 112 112 130 130 130 131 131 115 115 115 104 104 104 100 100 106 106 106 118 118 122 122 122 110 110 110 86 86 75 75 75 87 87 87 98 98 94 94 94 77 77 61 61 61 54 54 54 55 55 67 -9999 -9999
152 158 158 158 152 152 146 146 146 149 149 149 166 166 163 163 163 128 128 103 103 103 97 97 97 91 91 95 95 95 102 102 112 112 112 130 130 130 131 131 115 115 115 104 104 104 100 100 106 106 106 118 118 122 122 122 110 110 110 86 86 75 75 75 87 87 87 98 98 94 94 94 77 77 61 61 61 54 54 54 55 55 67 -9999 -9999
152 158 158 158 152 152 146 146 146 149 149 149 166 166 163 163 163 128 128 103 103 103 97 97 97 91 91 95 95 95 102 102 112 112 112 130 130 130 131 131 115 115 115 104 104 104 100 100 106 106 106 118 118 122 122 122 110 110 110 86 86 75 75 75 87 87 87 98 98 94 94 94 77 77 61 61 61 54 54 54 55 55 67 67 67
143 147 147 147 147 147 144 144 144 139 139 139 151 151 170 170 170 146 146 96 96 96 78 78 78 74 74 75 75 75 83 83 90 90 90 97 97 97 111 111 124 124 124 121 121 121 109 109 97 97 97 97 97 108 108 108 114 114 114 101 101 80 80 80 69 69 69 69 69 66 66 66 58 58 50 50 50 45 45 45 41 41 36 36 36
143 147 147 147 147 147 144 144 144 139 139 139 151 151 170 170 170 146 146 96 96 96 78 78 78 74 74 75 75 75 83 83 90 90 90 97 97 97 111 111 124 124 124 121 121 121 109 109 97 97 97 97 97 108 108 108 114 114 114 101 101 80 80 80 69 69 69 69 69 66 66 66 58 58 50 50 50 45 45 45 41 41 36 36 36
157 153 153 153 146 146 144 144 144 141 141 141 138 138 148 148 148 139 139 102 102 102 83 83 83 83 83 78 78 78 76 76 77 77 77 74 74 74 80 80 106 106 106 126 126 126 122 122 113 113 113 106 106 105 105 105 114 114 114 118 118 111 111 111 92 92 92 70 70 59 59 59 57 57 55 55 55 51 51 51 43 43 28 28 28
157 153 153 153 146 146 144 144 144 141 141 141 138 138 148 148 148 139 139 102 102 102 83 83 83 83 83 78 78 78 76 76 77 77 77 74 74 74 80 80 106 106 106 126 126 126 122 122 113 113 113 106 106 105 105 105 114 114 114 118 118 111 111 111 92 92 92 70 70 59 59 59 57 57 55 55 55 51 51 51 43 43 28 28 28
157 153 153 153 146 146 144 144 144 141 141 141 138 138 148 148 148 139 139 102 102 102 83 83 83 83 83 78 78 78 76 76 77 77 77 74 74 74 80 80 106 106 106 126 126 126 122 122 113 113 113 106 106 105 105 105 114 114 114 118 118 111 111 111 92 92 92 70 70 59 59 59 57 57 55 55 55 51 51 51 43 43 28 28 28
181 174 174 174 158 158 147 147 147 142 142 142 135 135 125 125 125 109 109 92 92 92 80 80 80 82 82 77 77 77 65 65 56 56 56 57 57 57 59 59 64 64 64 88 88 88 114 114 117 117 117 113 113 108 108 108 101 101 101 96 96 91 91 91 85 85 85 88 88 92 92 92 72 72 51 51 51 43 43 43 38 38 46 46 -9999
