SEB_model/sample_data_files/contemp/hillshade/july6am.txt
ncols         313
nrows         278
xllcorner     388961.19995117
yllcorner     7584381.3441773
cellsize      5
NODATA_value  -9999
[rows 111 to 147 of 278, columns 84 to 167 of 313]
-9999 -9999 -9999 -9999 -9999 -9999 -9999 -9999 -9999 -9999 -9999 -9999 -9999 -9999 -9999 -9999 -9999 -9999 -9999 124 123 123 123 162 162 162 177 177 174 174 174 176 176 178 178 178 161 161 161 161 161 160 160 160 171 171 171 200 200 183 183 183 145 145 130 130 130 153 153 153 183 183 168 168 168 154 154 154 149 149 119 119 119 120 120 131 131 131 132 132 132 137 137 130
-9999 -9999 -9999 -9999 -9999 -9999 -9999 -9999 -9999 -9999 -9999 -9999 -9999 -9999 -9999 -9999 -9999 -9999 -9999 -9999 123 123 123 162 162 162 177 177 174 174 174 176 176 178 178 178 161 161 161 161 161 160 160 160 171 171 171 200 200 183 183 183 145 145 130 130 130 153 153 153 183 183 168 168 168 154 154 154 149 149 119 119 119 120 120 131 131 131 132 132 132 137 137 130
-9999 -9999 -9999 -9999 -9999 -9999 -9999 -9999 -9999 -9999 -9999 -9999 -9999 -9999 -9999 -9999 -9999 -9999 -9999 -9999 -9999 133 133 164 164 164 173 173 174 174 174 174 174 173 173 173 158 158 158 166 166 171 171 171 178 178 178 190 190 166 166 166 143 143 141 141 141 168 168 168 182 182 158 158 158 144 144 144 135 135 116 116 116 124 124 130 130 130 130 130 130 136 136 127
-9999 -9999 -9999 -9999 -9999 -9999 -9999 -9999 -9999 -9999 -9999 -9999 -9999 -9999 -9999 -9999 -9999 -9999 -9999 -9999 -9999 -9999 -9999 164 164 164 173 173 174 174 174 174 174 173 173 173 158 158 158 166 166 171 171 171 178 178 178 190 190 166 166 166 143 143 141 141 141 168 168 168 182 182 158 158 158 144 144 144 135 135 116 116 116 124 124 130 130 130 130 130 130 136 136 127
-9999 -9999 -9999 -9999 -9999 -9999 -9999 -9999 -9999 -9999 -9999 -9999 -9999 -9999 -9999 -9999 -9999 -9999 -9999 -9999 -9999 -9999 -9999 -9999 164 164 173 173 174 174 174 174 174 173 173 173 158 158 158 166 166 171 171 171 178 178 178 190 190 166 166 166 143 143 141 141 141 168 168 168 182 182 158 158 158 144 144 144 135 135 116 116 116 124 124 130 130 130 130 130 130 136 136 127
-9999 -9999 -9999 -9999 -9999 -9999 -9999 -9999 -9999 -9999 -9999 -9999 -9999 -9999 -9999 -9999 -9999 -9999 -9999 -9999 -9999 -9999 -9999 -9999 163 163 155 155 161 161 161 167 167 169 169 169 158 158 158 170 170 180 180 180 174 174 174 160 160 141 141 141 165 165 174 174 174 161 161 161 163 163 149 149 149 135 135 135 124 124 117 117 117 128 128 132 132 132 130 130 130 133 133 120
-9999 -9999 -9999 -9999 -9999 -9999 -9999 -9999 -9999 -9999 -9999 -9999 -9999 -9999 -9999 -9999 -9999 -9999 -9999 -9999 -9999 -9999 -9999 -9999 -9999 163 155 155 161 161 161 167 167 169 169 169 158 158 158 170 170 180 180 180 174 174 174 160 160 141 141 141 165 165 174 174 174 161 161 161 163 163 149 149 149 135 135 135 124 124 117 117 117 128 128 132 132 132 130 130 130 133 133 120
-9999 -9999 -9999 -9999 -9999 -9999 -9999 -9999 -9999 -9999 -9999 -9999 -9999 -9999 -9999 -9999 -9999 -9999 -9999 -9999 -9999 -9999 -9999 -9999 162 162 136 136 146 146 146 169 169 175 175 175 166 166 166 181 181 188 188 188 164 164 164 156 156 157 157 157 193 193 194 194 194 155 155 155 150 150 140 140 140 129 129 129 130 130 130 130 130 142 142 142 142 142 132 132 132 134 134 121
-9999 -9999 -9999 -9999 -9999 -9999 -9999 -9999 -9999 -9999 -9999 -9999 -9999 -9999 -9999 -9999 -9999 -9999 -9999 -9999 -9999 -9999 170 162 162 162 136 136 146 146 146 169 169 175 175 175 166 166 166 181 181 188 188 188 164 164 164 156 156 157 157 157 193 193 194 194 194 155 155 155 150 150 140 140 140 129 129 129 130 130 130 130 130 142 142 142 142 142 132 132 132 134 134 121
-9999 -9999 -9999 -9999 -9999 -9999 -9999 -9999 -9999 -9999 -9999 -9999 -9999 -9999 -9999 -9999 -9999 -9999 -9999 -9999 -9999 -9999 170 162 162 162 136 136 146 146 146 169 169 175 175 175 166 166 166 181 181 188 188 188 164 164 164 156 156 157 157 157 193 193 194 194 194 155 155 155 150 150 140 140 140 129 129 129 130 130 130 130 130 142 142 142 142 142 132 132 132 134 134 121
-9999 -9999 -9999 -9999 -9999 -9999 -9999 -9999 -9999 -9999 -9999 -9999 -9999 -9999 -9999 -9999 -9999 -9999 -9999 -9999 -9999 -9999 174 148 148 148 128 128 155 155 155 176 176 187 187 187 178 178 178 184 184 182 182 182 165 165 165 175 175 168 168 168 181 181 182 182 182 151 151 151 138 138 125 125 125 120 120 120 131 131 134 134 134 144 144 140 140 140 130 130 130 135 135 126
-9999 -9999 -9999 -9999 -9999 -9999 -9999 -9999 -9999 -9999 -9999 -9999 -9999 -9999 -9999 -9999 -9999 -9999 -9999 -9999 -9999 -9999 174 148 148 148 128 128 155 155 155 176 176 187 187 187 178 178 178 184 184 182 182 182 165 165 165 175 175 168 168 168 181 181 182 182 182 151 151 151 138 138 125 125 125 120 120 120 131 131 134 134 134 144 144 140 140 140 130 130 130 135 135 126
-9999 -9999 -9999 -9999 -9999 -9999 -9999 -9999 -9999 -9999 -9999 -9999 -9999 -9999 -9999 -9999 -9999 -9999 -9999 -9999 -9999 -9999 174 148 148 148 128 128 155 155 155 176 176 187 187 187 178 178 178 184 184 182 182 182 165 165 165 175 175 168 168 168 181 181 182 182 182 151 151 151 138 138 125 125 125 120 120 120 131 131 134 134 134 144 144 140 140 140 130 130 130 135 135 126
-9999 -9999 -9999 -9999 -9999 -9999 -9999 -9999 -9999 -9999 -9999 -9999 -9999 -9999 -9999 -9999 -9999 -9999 -9999 -9999 -9999 -9999 -9999 131 131 131 130 130 170 170 170 181 181 198 198 198 193 193 193 176 176 167 167 167 174 174 174 180 180 158 158 158 157 157 168 168 168 146 146 146 130 130 119 119 119 117 117 117 134 134 138 138 138 145 145 141 141 141 134 134 134 143 143 135
-9999 -9999 -9999 -9999 -9999 -9999 -9999 -9999 -9999 -9999 -9999 -9999 -9999 -9999 -9999 -9999 -9999 -9999 -9999 -9999 -9999 -9999 -9999 -9999 131 131 130 130 170 170 170 181 181 198 198 198 193 193 193 176 176 167 167 167 174 174 174 180 180 158 158 158 157 157 168 168 168 146 146 146 130 130 119 119 119 117 117 117 134 134 138 138 138 145 145 141 141 141 134 134 134 143 143 135
-9999 -9999 -9999 -9999 -9999 -9999 -9999 -9999 -9999 -9999 -9999 -9999 -9999 -9999 -9999 -9999 -9999 -9999 -9999 -9999 -9999 -9999 -9999 -9999 -9999 -9999 133 133 168 168 168 187 187 202 202 202 196 196 196 172 172 160 160 160 168 168 168 168 168 146 146 146 140 140 148 148 148 135 135 135 127 127 120 120 120 128 128 128 148 148 143 143 143 145 145 142 142 142 135 135 135 142 142 135
-9999 -9999 -9999 -9999 -9999 -9999 -9999 -9999 -9999 -9999 -9999 -9999 -9999 -9999 -9999 -9999 -9999 -9999 -9999 -9999 -9999 -9999 -9999 -9999 -9999 -9999 133 133 168 168 168 187 187 202 202 202 196 196 196 172 172 160 160 160 168 168 168 168 168 146 146 146 140 140 148 148 148 135 135 135 127 127 120 120 120 128 128 128 148 148 143 143 143 145 145 142 142 142 135 135 135 142 142 135
-9999 -9999 -9999 -9999 -9999 -9999 -9999 -9999 -9999 -9999 -9999 -9999 -9999 -9999 -9999 -9999 -9999 -9999 -9999 -9999 -9999 -9999 -9999 -9999 -9999 -9999 133 133 168 168 168 187 187 202 202 202 196 196 196 172 172 160 160 160 168 168 168 168 168 146 146 146 140 140 148 148 148 135 135 135 127 127 120 120 120 128 128 128 148 148 143 143 143 145 145 142 142 142 135 135 135 142 142 135
-9999 -9999 -9999 -9999 -9999 -9999 -9999 -9999 -9999 -9999 -9999 -9999 -9999 -9999 -9999 -9999 -9999 -9999 -9999 -9999 -9999 -9999 -9999 -9999 -9999 -9999 133 133 152 152 152 191 191 200 200 200 190 190 190 169 169 149 149 149 144 144 144 147 147 133 133 133 128 128 133 133 133 136 136 136 142 142 132 132 132 140 140 140 152 152 135 135 135 135 135 136 136 136 126 126 126 127 127 128
-9999 -9999 -9999 -9999 -9999 -9999 -9999 -9999 -9999 -9999 -9999 -9999 -9999 -9999 -9999 -9999 -9999 -9999 -9999 -9999 -9999 -9999 -9999 -9999 -9999 -9999 -9999 133 152 152 152 191 191 200 200 200 190 190 190 169 169 149 149 149 144 144 144 147 147 133 133 133 128 128 133 133 133 136 136 136 142 142 132 132 132 140 140 140 152 152 135 135 135 135 135 136 136 136 126 126 126 127 127 128
-9999 -9999 -9999 -9999 -9999 -9999 -9999 -9999 -9999 -9999 -9999 -9999 -9999 -9999 -9999 -9999 -9999 -9999 -9999 -9999 -9999 -9999 -9999 -9999 -9999 -9999 -9999 -9999 146 146 146 190 190 199 199 199 185 185 185 158 158 136 136 136 137 137 137 149 149 146 146 146 146 146 151 151 151 155 155 155 161 161 143 143 143 139 139 139 149 149 130 130 130 132 132 133 133 133 121 121 121 127 127 139
-9999 -9999 -9999 -9999 -9999 -9999 -9999 -9999 -9999 -9999 -9999 -9999 -9999 -9999 -9999 -9999 -9999 -9999 -9999 -9999 -9999 -9999 -9999 -9999 -9999 -9999 -9999 -9999 -9999 146 146 190 190 199 199 199 185 185 185 158 158 136 136 136 137 137 137 149 149 146 146 146 146 146 151 151 151 155 155 155 161 161 143 143 143 139 139 139 149 149 130 130 130 132 132 133 133 133 121 121 121 127 127 139
-9999 -9999 -9999 -9999 -9999 -9999 -9999 -9999 -9999 -9999 -9999 -9999 -9999 -9999 -9999 -9999 -9999 -9999 -9999 -9999 -9999 -9999 -9999 -9999 -9999 -9999 -9999 -9999 -9999 146 146 190 190 199 199 199 185 185 185 158 158 136 136 136 137 137 137 149 149 146 146 146 146 146 151 151 151 155 155 155 161 161 143 143 143 139 139 139 149 149 130 130 130 132 132 133 133 133 121 121 121 127 127 139
-9999 -9999 -9999 -9999 -9999 -9999 -9999 -9999 -9999 -9999 -9999 -9999 -9999 -9999 -9999 -9999 -9999 -9999 -9999 -9999 -9999 -9999 -9999 -9999 -9999 -9999 -9999 -9999 -9999 148 148 172 172 193 193 193 179 179 179 152 152 138 138 138 151 151 151 165 165 161 161 161 161 161 161 161 161 155 155 155 160 160 140 140 140 131 131 131 144 144 127 127 127 127 127 130 130 130 124 124 124 136 136 155
-9999 -9999 -9999 -9999 -9999 -9999 -9999 -9999 -9999 -9999 -9999 -9999 -9999 -9999 -9999 -9999 -9999 -9999 -9999 -9999 -9999 -9999 -9999 -9999 -9999 -9999 -9999 -9999 -9999 148 148 172 172 193 193 193 179 179 179 152 152 138 138 138 151 151 151 165 165 161 161 161 161 161 161 161 161 155 155 155 160 160 140 140 140 131 131 131 144 144 127 127 127 127 127 130 130 130 124 124 124 136 136 155
-9999 -9999 -9999 -9999 -9999 -9999 -9999 -9999 -9999 -9999 -9999 -9999 -9999 -9999 -9999 -9999 -9999 -9999 -9999 -9999 -9999 -9999 -9999 -9999 -9999 -9999 -9999 -9999 -9999 -9999 148 172 172 193 193 193 179 179 179 152 152 138 138 138 151 151 151 165 165 161 161 161 161 161 161 161 161 155 155 155 160 160 140 140 140 131 131 131 144 144 127 127 127 127 127 130 130 130 124 124 124 136 136 155
-9999 -9999 -9999 -9999 -9999 -9999 -9999 -9999 -9999 -9999 -9999 -9999 -9999 -9999 -9999 169 169 169 160 160 154 154 154 -9999 -9999 -9999 -9999 -9999 -9999 -9999 -9999 159 159 184 184 184 180 180 180 165 165 152 152 152 153 153 153 162 162 159 159 159 164 164 159 159 159 149 149 149 153 153 134 134 134 128 128 128 142 142 128 128 128 123 123 129 129 129 131 131 131 145 145 162
-9999 -9999 -9999 -9999 -9999 -9999 -9999 -9999 -9999 -9999 -9999 179 179 170 170 169 169 169 160 160 154 154 154 163 -9999 -9999 -9999 -9999 -9999 -9999 156 159 159 184 184 184 180 180 180 165 165 152 152 152 153 153 153 162 162 159 159 159 164 164 159 159 159 149 149 149 153 153 134 134 134 128 128 128 142 142 128 128 128 123 123 129 129 129 131 131 131 145 145 162
-9999 -9999 -9999 -9999 -9999 -9999 -9999 -9999 -9999 182 159 159 159 162 162 169 169 169 161 161 157 157 157 171 171 -9999 -9999 -9999 -9999 171 171 152 152 173 173 173 181 181 181 171 171 159 159 159 145 145 145 136 136 149 149 149 173 173 160 160 160 145 145 145 149 149 132 132 132 134 134 134 150 150 135 135 135 125 125 131 131 131 138 138 138 151 151 158
-9999 -9999 -9999 -9999 -9999 -9999 -9999 182 182 182 159 159 159 162 162 169 169 169 161 161 157 157 157 171 171 171 -9999 -9999 -9999 171 171 152 152 173 173 173 181 181 181 171 171 159 159 159 145 145 145 136 136 149 149 149 173 173 160 160 160 145 145 145 149 149 132 132 132 134 134 134 150 150 135 135 135 125 125 131 131 131 138 138 138 151 151 158
-9999 -9999 -9999 -9999 -9999 186 186 182 182 182 159 159 159 162 162 169 169 169 161 161 157 157 157 171 171 171 188 188 171 171 171 152 152 173 173 173 181 181 181 171 171 159 159 159 145 145 145 136 136 149 149 149 173 173 160 160 160 145 145 145 149 149 132 132 132 134 134 134 150 150 135 135 135 125 125 131 131 131 138 138 138 151 151 158
-9999 -9999 -9999 -9999 167 175 175 165 165 165 156 156 156 177 177 174 174 174 164 164 162 162 162 171 171 171 192 192 173 173 173 150 150 176 176 176 177 177 177 164 164 151 151 151 137 137 137 117 117 131 131 131 177 177 167 167 167 144 144 144 150 150 138 138 138 143 143 143 156 156 138 138 138 126 126 129 129 129 136 136 136 153 153 152
-9999 -9999 -9999 167 167 175 175 165 165 165 156 156 156 177 177 174 174 174 164 164 162 162 162 171 171 171 192 192 173 173 173 150 150 176 176 176 177 177 177 164 164 151 151 151 137 137 137 117 117 131 131 131 177 177 167 167 167 144 144 144 150 150 138 138 138 143 143 143 156 156 138 138 138 126 126 129 129 129 136 136 136 153 153 152
166 166 167 167 167 175 175 165 165 165 156 156 156 177 177 174 174 174 164 164 162 162 162 171 171 171 192 192 173 173 173 150 150 176 176 176 177 177 177 164 164 151 151 151 137 137 137 117 117 131 131 131 177 177 167 167 167 144 144 144 150 150 138 138 138 143 143 143 156 156 138 138 138 126 126 129 129 129 136 136 136 153 153 152
166 166 153 153 153 158 158 167 167 167 171 171 171 187 187 176 176 176 165 165 166 166 166 171 171 171 184 184 171 171 171 157 157 171 171 171 164 164 164 157 157 143 143 143 134 134 134 130 130 118 118 118 167 167 174 174 174 154 154 154 161 161 149 149 149 150 150 150 155 155 132 132 132 126 126 128 128 128 131 131 131 155 155 151
166 166 153 153 153 158 158 167 167 167 171 171 171 187 187 176 176 176 165 165 166 166 166 171 171 171 184 184 171 171 171 157 157 171 171 171 164 164 164 157 157 143 143 143 134 134 134 130 130 118 118 118 167 167 174 174 174 154 154 154 161 161 149 149 149 150 150 150 155 155 132 132 132 126 126 128 128 128 131 131 131 155 155 151
164 164 157 157 157 162 162 171 171 171 174 174 174 183 183 176 176 176 170 170 171 171 171 175 175 175 182 182 174 174 174 161 161 152 152 152 140 140 140 153 153 147 147 147 131 131 131 138 138 123 123 123 141 141 162 162 162 167 167 167 175 175 156 156 156 149 149 149 149 149 127 127 127 126 126 129 129 129 127 127 127 154 154 152
