SEB_model/sample_data_files/contemp/hillshade/july6pm.txt
ncols         313
nrows         278
xllcorner     388961.19995117
yllcorner     7584381.3441773
cellsize      5
NODATA_value  -9999
[rows 156 to 194 of 278, columns 0 to 88 of 313]
-9999 -9999 -9999 -9999 -9999 -9999 -9999 -9999 -9999 -9999 -9999 -9999 -9999 -9999 -9999 -9999 -9999 -9999 -9999 -9999 -9999 -9999 -9999 -9999 -9999 -9999 -9999 -9999 -9999 -9999 -9999 -9999 -9999 -9999 -9999 -9999 -9999 -9999 -9999 -9999 -9999 -9999 -9999 -9999 -9999 -9999 -9999 -9999 -9999 -9999 -9999 -9999 -9999 -9999 -9999 -9999 -9999 -9999 0 0 0 0 0 0 0 62 62 62 37 37 26 26 26 27 27 27 19 19 32 32 32 22 22 0 0 0 21 21 21
-9999 -9999 -9999 -9999 -9999 -9999 -9999 -9999 -9999 -9999 -9999 -9999 -9999 -9999 -9999 -9999 -9999 -9999 -9999 -9999 -9999 77 77 73 73 -9999 -9999 -9999 -9999 -9999 -9999 -9999 -9999 -9999 -9999 -9999 -9999 -9999 -9999 -9999 -9999 -9999 -9999 -9999 -9999 -9999 -9999 -9999 -9999 -9999 -9999 -9999 -9999 -9999 -9999 -9999 0 0 0 0 0 0 0 0 0 62 62 62 37 37 26 26 26 27 27 27 19 19 32 32 32 22 22 0 0 0 21 21 21
-9999 -9999 -9999 -9999 -9999 -9999 -9999 -9999 -9999 -9999 -9999 -9999 -9999 -9999 -9999 -9999 -9999 -9999 -9999 88 88 93 93 81 81 81 -9999 -9999 -9999 -9999 -9999 -9999 -9999 -9999 -9999 -9999 -9999 -9999 -9999 -9999 -9999 -9999 -9999 -9999 -9999 -9999 -9999 -9999 -9999 -9999 -9999 -9999 -9999 -9999 0 0 0 0 0 0 8 8 8 0 0 0 0 0 33 33 36 36 36 37 37 37 25 25 41 41 41 25 25 0 0 0 19 19 19
-9999 -9999 -9999 -9999 -9999 -9999 -9999 -9999 -9999 -9999 -9999 -9999 -9999 -9999 -9999 -9999 -9999 -9999 88 88 88 93 93 81 81 81 64 -9999 -9999 -9999 -9999 -9999 -9999 -9999 -9999 -9999 -9999 -9999 -9999 -9999 -9999 -9999 -9999 -9999 -9999 -9999 -9999 -9999 -9999 -9999 -9999 0 0 0 0 0 0 0 0 0 8 8 8 0 0 0 0 0 33 33 36 36 36 37 37 37 25 25 41 41 41 25 25 0 0 0 19 19 19
-9999 -9999 -9999 -9999 -9999 -9999 -9999 -9999 -9999 -9999 -9999 -9999 -9999 -9999 -9999 -9999 -9999 86 111 111 111 106 106 86 86 86 57 57 -9999 -9999 -9999 -9999 -9999 -9999 -9999 -9999 -9999 -9999 -9999 -9999 -9999 -9999 -9999 -9999 -9999 -9999 -9999 -9999 -9999 0 0 0 0 0 0 0 0 34 34 34 0 0 0 0 0 41 41 41 47 47 51 51 51 44 44 44 0 0 37 37 37 25 25 0 0 0 0 0 0
-9999 -9999 -9999 -9999 -9999 -9999 -9999 -9999 -9999 -9999 -9999 -9999 -9999 -9999 -9999 -9999 86 86 111 111 111 106 106 86 86 86 57 57 57 -9999 -9999 -9999 -9999 -9999 -9999 -9999 -9999 -9999 -9999 -9999 -9999 -9999 -9999 -9999 -9999 -9999 -9999 -9999 7 0 0 0 0 0 0 0 0 34 34 34 0 0 0 0 0 41 41 41 47 47 51 51 51 44 44 44 0 0 37 37 37 25 25 0 0 0 0 0 0
-9999 -9999 -9999 -9999 -9999 -9999 -9999 -9999 -9999 -9999 -9999 -9999 -9999 -9999 -9999 -9999 86 86 111 111 111 106 106 86 86 86 57 57 57 38 -9999 -9999 -9999 -9999 -9999 -9999 -9999 -9999 -9999 -9999 -9999 -9999 -9999 -9999 -9999 -9999 -9999 7 7 0 0 0 0 0 0 0 0 34 34 34 0 0 0 0 0 41 41 41 47 47 51 51 51 44 44 44 0 0 37 37 37 25 25 0 0 0 0 0 0
-9999 -9999 -9999 -9999 -9999 -9999 -9999 -9999 -9999 -9999 -9999 -9999 -9999 -9999 -9999 -9999 -9999 107 122 122 122 94 94 83 83 83 68 68 68 40 40 -9999 -9999 -9999 -9999 -9999 -9999 -9999 -9999 -9999 -9999 -9999 -9999 -9999 -9999 -9999 15 0 0 3 3 3 0 0 0 0 0 0 0 0 0 0 0 9 9 0 0 0 55 55 67 67 67 57 57 57 27 27 29 29 29 17 17 0 0 0 10 10 10
-9999 -9999 -9999 -9999 -9999 -9999 -9999 -9999 -9999 -9999 -9999 -9999 -9999 -9999 -9999 -9999 -9999 107 122 122 122 94 94 83 83 83 68 68 68 40 40 37 -9999 -9999 -9999 -9999 -9999 -9999 -9999 -9999 -9999 -9999 -9999 -9999 -9999 15 15 0 0 3 3 3 0 0 0 0 0 0 0 0 0 0 0 9 9 0 0 0 55 55 67 67 67 57 57 57 27 27 29 29 29 17 17 0 0 0 10 10 10
-9999 -9999 -9999 -9999 -9999 -9999 -9999 -9999 -9999 -9999 -9999 -9999 -9999 -9999 -9999 -9999 116 116 119 119 119 79 79 81 81 81 77 77 77 61 61 39 39 -9999 -9999 -9999 -9999 -9999 -9999 -9999 -9999 -9999 -9999 -9999 -9999 0 0 29 29 0 0 0 0 0 0 0 0 23 23 23 20 20 20 7 7 22 22 22 42 42 65 65 65 66 66 66 34 34 30 30 30 8 8 0 0 0 0 0 0
-9999 -9999 -9999 -9999 -9999 -9999 -9999 -9999 -9999 -9999 -9999 -9999 -9999 -9999 -9999 -9999 -9999 116 119 119 119 79 79 81 81 81 77 77 77 61 61 39 39 39 -9999 -9999 -9999 -9999 -9999 -9999 -9999 -9999 -9999 -9999 0 0 0 29 29 0 0 0 0 0 0 0 0 23 23 23 20 20 20 7 7 22 22 22 42 42 65 65 65 66 66 66 34 34 30 30 30 8 8 0 0 0 0 0 0
-9999 -9999 -9999 -9999 -9999 -9999 -9999 -9999 -9999 -9999 -9999 -9999 -9999 -9999 -9999 -9999 -9999 116 119 119 119 79 79 81 81 81 77 77 77 61 61 39 39 39 38 38 -9999 -9999 -9999 -9999 -9999 -9999 -9999 13 0 0 0 29 29 0 0 0 0 0 0 0 0 23 23 23 20 20 20 7 7 22 22 22 42 42 65 65 65 66 66 66 34 34 30 30 30 8 8 0 0 0 0 0 0
-9999 -9999 -9999 -9999 -9999 -9999 -9999 -9999 -9999 -9999 -9999 -9999 -9999 -9999 -9999 -9999 -9999 113 118 118 118 77 77 77 77 77 74 74 74 71 71 61 61 61 37 37 0 0 -9999 -9999 -9999 -9999 10 10 0 0 0 25 25 0 0 0 0 0 0 23 23 17 17 17 20 20 20 17 17 25 25 25 25 25 46 46 46 66 66 66 44 44 39 39 39 13 13 0 0 0 0 0 0
-9999 -9999 -9999 -9999 -9999 -9999 -9999 -9999 -9999 -9999 -9999 -9999 -9999 -9999 -9999 -9999 -9999 113 118 118 118 77 77 77 77 77 74 74 74 71 71 61 61 61 37 37 0 0 0 41 41 41 10 10 0 0 0 25 25 0 0 0 0 0 0 23 23 17 17 17 20 20 20 17 17 25 25 25 25 25 46 46 46 66 66 66 44 44 39 39 39 13 13 0 0 0 0 0 0
-9999 -9999 -9999 -9999 -9999 -9999 -9999 -9999 -9999 -9999 -9999 -9999 -9999 -9999 -9999 -9999 -9999 113 118 118 118 77 77 77 77 77 74 74 74 71 71 61 61 61 37 37 0 0 0 41 41 41 10 10 0 0 0 25 25 0 0 0 0 0 0 23 23 17 17 17 20 20 20 17 17 25 25 25 25 25 46 46 46 66 66 66 44 44 39 39 39 13 13 0 0 0 0 0 0
-9999 -9999 -9999 -9999 -9999 -9999 -9999 -9999 -9999 -9999 -9999 -9999 -9999 -9999 -9999 -9999 112 112 119 119 119 75 75 73 73 73 71 71 71 70 70 69 69 69 53 53 44 44 44 37 37 37 12 12 0 0 0 14 14 9 9 9 28 28 28 16 16 0 0 0 29 29 29 25 25 33 33 33 27 27 0 0 0 51 51 51 43 43 47 47 47 28 28 0 0 0 0 0 0
-9999 -9999 -9999 -9999 -9999 -9999 -9999 -9999 -9999 -9999 -9999 -9999 -9999 -9999 -9999 112 112 112 119 119 119 75 75 73 73 73 71 71 71 70 70 69 69 69 53 53 44 44 44 37 37 37 12 12 0 0 0 14 14 9 9 9 28 28 28 16 16 0 0 0 29 29 29 25 25 33 33 33 27 27 0 0 0 51 51 51 43 43 47 47 47 28 28 0 0 0 0 0 0
-9999 -9999 -9999 -9999 -9999 -9999 -9999 -9999 -9999 -9999 -9999 -9999 -9999 -9999 74 119 119 119 113 113 113 72 72 69 69 69 69 69 69 67 67 65 65 65 59 59 47 47 47 29 29 29 10 10 5 5 5 13 13 16 16 16 18 18 18 14 14 24 24 24 36 36 36 27 27 39 39 39 40 40 39 39 39 31 31 31 23 23 47 47 47 41 41 6 6 6 0 0 0
-9999 -9999 -9999 -9999 -9999 -9999 -9999 -9999 -9999 -9999 -9999 -9999 -9999 74 74 119 119 119 113 113 113 72 72 69 69 69 69 69 69 67 67 65 65 65 59 59 47 47 47 29 29 29 10 10 5 5 5 13 13 16 16 16 18 18 18 14 14 24 24 24 36 36 36 27 27 39 39 39 40 40 39 39 39 31 31 31 23 23 47 47 47 41 41 6 6 6 0 0 0
-9999 -9999 -9999 -9999 -9999 -9999 -9999 -9999 -9999 -9999 -9999 63 63 74 74 119 119 119 113 113 113 72 72 69 69 69 69 69 69 67 67 65 65 65 59 59 47 47 47 29 29 29 10 10 5 5 5 13 13 16 16 16 18 18 18 14 14 24 24 24 36 36 36 27 27 39 39 39 40 40 39 39 39 31 31 31 23 23 47 47 47 41 41 6 6 6 0 0 0
-9999 -9999 -9999 -9999 -9999 -9999 -9999 -9999 -9999 -9999 -9999 69 69 104 104 115 115 115 90 90 90 69 69 66 66 66 67 67 67 64 64 62 62 62 56 56 46 46 46 30 30 30 14 14 12 12 12 19 19 11 11 11 0 0 0 25 25 32 32 32 39 39 39 37 37 49 49 49 49 49 46 46 46 24 24 24 7 7 0 0 0 38 38 7 7 7 0 0 0
-9999 -9999 -9999 -9999 -9999 -9999 -9999 -9999 -9999 -9999 69 69 69 104 104 115 115 115 90 90 90 69 69 66 66 66 67 67 67 64 64 62 62 62 56 56 46 46 46 30 30 30 14 14 12 12 12 19 19 11 11 11 0 0 0 25 25 32 32 32 39 39 39 37 37 49 49 49 49 49 46 46 46 24 24 24 7 7 0 0 0 38 38 7 7 7 0 0 0
-9999 -9999 -9999 -9999 -9999 -9999 -9999 -9999 -9999 64 69 69 69 104 104 115 115 115 90 90 90 69 69 66 66 66 67 67 67 64 64 62 62 62 56 56 46 46 46 30 30 30 14 14 12 12 12 19 19 11 11 11 0 0 0 25 25 32 32 32 39 39 39 37 37 49 49 49 49 49 46 46 46 24 24 24 7 7 0 0 0 38 38 7 7 7 0 0 0
-9999 -9999 -9999 -9999 -9999 -9999 -9999 -9999 -9999 71 96 96 96 109 109 91 91 91 72 72 72 64 64 62 62 62 64 64 64 65 65 64 64 64 55 55 43 43 43 30 30 30 19 19 16 16 16 10 10 0 0 0 32 32 32 34 34 35 35 35 41 41 41 47 47 61 61 61 51 51 45 45 45 24 24 24 3 3 17 17 17 15 15 9 9 9 29 29 29
-9999 -9999 -9999 -9999 -9999 -9999 -9999 -9999 -9999 71 96 96 96 109 109 91 91 91 72 72 72 64 64 62 62 62 64 64 64 65 65 64 64 64 55 55 43 43 43 30 30 30 19 19 16 16 16 10 10 0 0 0 32 32 32 34 34 35 35 35 41 41 41 47 47 61 61 61 51 51 45 45 45 24 24 24 3 3 17 17 17 15 15 9 9 9 29 29 29
-9999 -9999 -9999 -9999 -9999 -9999 -9999 -9999 92 92 107 107 107 84 84 73 73 73 65 65 65 56 56 56 56 56 65 65 65 73 73 69 69 69 50 50 37 37 37 30 30 30 18 18 12 12 12 10 10 20 20 20 42 42 42 41 41 42 42 42 44 44 44 45 45 61 61 61 54 54 47 47 47 30 30 30 2 2 0 0 0 0 0 0 0 0 40 40 40
-9999 -9999 -9999 -9999 -9999 -9999 -9999 -9999 92 92 107 107 107 84 84 73 73 73 65 65 65 56 56 56 56 56 65 65 65 73 73 69 69 69 50 50 37 37 37 30 30 30 18 18 12 12 12 10 10 20 20 20 42 42 42 41 41 42 42 42 44 44 44 45 45 61 61 61 54 54 47 47 47 30 30 30 2 2 0 0 0 0 0 0 0 0 40 40 40
-9999 -9999 -9999 -9999 -9999 -9999 -9999 -9999 92 92 107 107 107 84 84 73 73 73 65 65 65 56 56 56 56 56 65 65 65 73 73 69 69 69 50 50 37 37 37 30 30 30 18 18 12 12 12 10 10 20 20 20 42 42 42 41 41 42 42 42 44 44 44 45 45 61 61 61 54 54 47 47 47 30 30 30 2 2 0 0 0 0 0 0 0 0 40 40 40
-9999 -9999 -9999 -9999 -9999 -9999 -9999 64 100 100 106 106 106 68 68 66 66 66 59 59 59 44 44 51 51 51 73 73 73 86 86 71 71 71 40 40 35 35 35 27 27 27 10 10 0 0 0 30 30 29 29 29 41 41 41 44 44 48 48 48 48 48 48 40 40 54 54 54 55 55 52 52 52 39 39 39 0 0 0 0 0 0 0 0 0 0 42 42 42
-9999 -9999 -9999 -9999 -9999 -9999 -9999 64 100 100 106 106 106 68 68 66 66 66 59 59 59 44 44 51 51 51 73 73 73 86 86 71 71 71 40 40 35 35 35 27 27 27 10 10 0 0 0 30 30 29 29 29 41 41 41 44 44 48 48 48 48 48 48 40 40 54 54 54 55 55 52 52 52 39 39 39 0 0 0 0 0 0 0 0 0 0 42 42 42
-9999 -9999 -9999 -9999 -9999 -9999 -9999 60 101 101 109 109 109 65 65 60 60 60 51 51 51 33 33 53 53 53 83 83 83 95 95 68 68 68 30 30 34 34 34 19 19 19 0 0 39 39 39 45 45 35 35 35 40 40 40 39 39 44 44 44 51 51 51 39 39 45 45 45 46 46 48 48 48 38 38 38 0 0 0 0 0 0 0 0 0 0 46 46 46
-9999 -9999 -9999 -9999 -9999 -9999 -9999 60 101 101 109 109 109 65 65 60 60 60 51 51 51 33 33 53 53 53 83 83 83 95 95 68 68 68 30 30 34 34 34 19 19 19 0 0 39 39 39 45 45 35 35 35 40 40 40 39 39 44 44 44 51 51 51 39 39 45 45 45 46 46 48 48 48 38 38 38 0 0 0 0 0 0 0 0 0 0 46 46 46
-9999 -9999 -9999 -9999 -9999 -9999 -9999 60 101 101 109 109 109 65 65 60 60 60 51 51 51 33 33 53 53 53 83 83 83 95 95 68 68 68 30 30 34 34 34 19 19 19 0 0 39 39 39 45 45 35 35 35 40 40 40 39 39 44 44 44 51 51 51 39 39 45 45 45 46 46 48 48 48 38 38 38 0 0 0 0 0 0 0 0 0 0 46 46 46
-9999 -9999 -9999 -9999 -9999 -9999 72 72 106 106 101 101 101 63 63 55 55 55 43 43 43 28 28 61 61 61 88 88 88 95 95 63 63 63 19 19 25 25 25 22 22 22 35 35 52 52 52 45 45 36 36 36 43 43 43 34 34 37 37 37 47 47 47 34 34 37 37 37 38 38 39 39 39 27 27 27 0 0 0 0 0 0 0 0 0 0 58 58 58
-9999 -9999 -9999 -9999 -9999 -9999 72 72 106 106 101 101 101 63 63 55 55 55 43 43 43 28 28 61 61 61 88 88 88 95 95 63 63 63 19 19 25 25 25 22 22 22 35 35 52 52 52 45 45 36 36 36 43 43 43 34 34 37 37 37 47 47 47 34 34 37 37 37 38 38 39 39 39 27 27 27 0 0 0 0 0 0 0 0 0 0 58 58 58
-9999 -9999 -9999 -9999 -9999 -9999 72 72 106 106 101 101 101 63 63 55 55 55 43 43 43 28 28 61 61 61 88 88 88 95 95 63 63 63 19 19 25 25 25 22 22 22 35 35 52 52 52 45 45 36 36 36 43 43 43 34 34 37 37 37 47 47 47 34 34 37 37 37 38 38 39 39 39 27 27 27 0 0 0 0 0 0 0 0 0 0 58 58 58
-9999 -9999 -9999 -9999 -9999 -9999 -9999 83 105 105 89 89 89 62 62 50 50 50 37 37 37 29 29 65 65 65 85 85 85 90 90 58 58 58 9 9 24 24 24 41 41 41 50 50 53 53 53 45 45 38 38 38 47 47 47 40 40 36 36 36 32 32 32 24 24 38 38 38 38 38 31 31 31 12 12 12 0 0 0 0 0 23 23 39 39 39 72 72 72
-9999 -9999 -9999 -9999 -9999 -9999 -9999 83 105 105 89 89 89 62 62 50 50 50 37 37 37 29 29 65 65 65 85 85 85 90 90 58 58 58 9 9 24 24 24 41 41 41 50 50 53 53 53 45 45 38 38 38 47 47 47 40 40 36 36 36 32 32 32 24 24 38 38 38 38 38 31 31 31 12 12 12 0 0 0 0 0 23 23 39 39 39 72 72 72
-9999 -9999 -9999 -9999 -9999 -9999 -9999 -9999 90 90 95 95 95 72 72 47 47 47 36 36 36 31 31 60 60 60 76 76 76 79 79 49 49 49 0 0 36 36 36 52 52 52 51 51 52 52 52 46 46 39 39 39 50 50 50 45 45 36 36 36 24 24 24 0 0 40 40 40 38 38 22 22 22 8 8 8 0 0 32 32 32 46 46 56 56 56 77 77 77
