SEB_model/sample_data_files/contemp/hillshade/july6pm.txt
ncols         313
nrows         278
xllcorner     388961.19995117
yllcorner     7584381.3441773
cellsize      5
NODATA_value  -9999
[rows 195 to 233 of 278, columns 0 to 88 of 313]
-9999 -9999 -9999 -9999 -9999 -9999 -9999 -9999 -9999 -9999 95 95 95 72 72 47 47 47 36 36 36 31 31 60 60 60 76 76 76 79 79 49 49 49 0 0 36 36 36 52 52 52 51 51 52 52 52 46 46 39 39 39 50 50 50 45 45 36 36 36 24 24 24 0 0 40 40 40 38 38 22 22 22 8 8 8 0 0 32 32 32 46 46 56 56 56 77 77 77
-9999 -9999 -9999 -9999 -9999 -9999 -9999 -9999 -9999 -9999 -9999 -9999 -9999 72 72 47 47 47 36 36 36 31 31 60 60 60 76 76 76 79 79 49 49 49 0 0 36 36 36 52 52 52 51 51 52 52 52 46 46 39 39 39 50 50 50 45 45 36 36 36 24 24 24 0 0 40 40 40 38 38 22 22 22 8 8 8 0 0 32 32 32 46 46 56 56 56 77 77 77
-9999 -9999 -9999 -9999 -9999 -9999 -9999 -9999 -9999 -9999 -9999 -9999 -9999 -9999 -9999 55 55 55 47 47 47 31 31 48 48 48 59 59 59 62 62 51 51 51 31 31 42 42 42 49 49 49 47 47 51 51 51 46 46 42 42 42 52 52 52 42 42 35 35 35 32 32 32 22 22 34 34 34 25 25 14 14 14 22 22 22 27 27 51 51 51 68 68 70 70 70 77 77 77
-9999 -9999 -9999 -9999 -9999 -9999 -9999 -9999 -9999 -9999 -9999 -9999 -9999 -9999 -9999 55 55 55 47 47 47 31 31 48 48 48 59 59 59 62 62 51 51 51 31 31 42 42 42 49 49 49 47 47 51 51 51 46 46 42 42 42 52 52 52 42 42 35 35 35 32 32 32 22 22 34 34 34 25 25 14 14 14 22 22 22 27 27 51 51 51 68 68 70 70 70 77 77 77
-9999 -9999 -9999 -9999 -9999 -9999 -9999 -9999 -9999 -9999 -9999 -9999 -9999 -9999 -9999 -9999 82 82 72 72 72 28 28 33 33 33 38 38 38 55 55 68 68 68 46 46 38 38 38 46 46 46 47 47 53 53 53 51 51 45 45 45 49 49 49 40 40 40 40 40 42 42 42 30 30 33 33 33 10 10 0 0 0 45 45 45 43 43 66 66 66 84 84 80 80 80 74 74 74
-9999 -9999 -9999 -9999 -9999 -9999 -9999 -9999 -9999 -9999 -9999 -9999 -9999 -9999 -9999 -9999 82 82 72 72 72 28 28 33 33 33 38 38 38 55 55 68 68 68 46 46 38 38 38 46 46 46 47 47 53 53 53 51 51 45 45 45 49 49 49 40 40 40 40 40 42 42 42 30 30 33 33 33 10 10 0 0 0 45 45 45 43 43 66 66 66 84 84 80 80 80 74 74 74
-9999 -9999 -9999 -9999 -9999 -9999 -9999 -9999 -9999 -9999 -9999 -9999 -9999 -9999 -9999 -9999 -9999 82 72 72 72 28 28 33 33 33 38 38 38 55 55 68 68 68 46 46 38 38 38 46 46 46 47 47 53 53 53 51 51 45 45 45 49 49 49 40 40 40 40 40 42 42 42 30 30 33 33 33 10 10 0 0 0 45 45 45 43 43 66 66 66 84 84 80 80 80 74 74 74
-9999 -9999 -9999 -9999 -9999 -9999 -9999 -9999 -9999 -9999 -9999 -9999 -9999 -9999 -9999 -9999 -9999 102 84 84 84 24 24 20 20 20 27 27 27 55 55 76 76 76 50 50 33 33 33 45 45 45 48 48 56 56 56 57 57 46 46 46 44 44 44 44 44 47 47 47 45 45 45 34 34 28 28 28 12 12 0 0 0 60 60 60 52 52 74 74 74 94 94 79 79 79 58 58 58
-9999 -9999 -9999 -9999 -9999 -9999 -9999 -9999 -9999 -9999 -9999 -9999 -9999 -9999 -9999 -9999 -9999 102 84 84 84 24 24 20 20 20 27 27 27 55 55 76 76 76 50 50 33 33 33 45 45 45 48 48 56 56 56 57 57 46 46 46 44 44 44 44 44 47 47 47 45 45 45 34 34 28 28 28 12 12 0 0 0 60 60 60 52 52 74 74 74 94 94 79 79 79 58 58 58
-9999 -9999 -9999 -9999 -9999 -9999 -9999 -9999 -9999 -9999 -9999 -9999 -9999 -9999 -9999 -9999 -9999 102 84 84 84 24 24 20 20 20 27 27 27 55 55 76 76 76 50 50 33 33 33 45 45 45 48 48 56 56 56 57 57 46 46 46 44 44 44 44 44 47 47 47 45 45 45 34 34 28 28 28 12 12 0 0 0 60 60 60 52 52 74 74 74 94 94 79 79 79 58 58 58
-9999 -9999 -9999 -9999 -9999 -9999 -9999 -9999 -9999 -9999 -9999 -9999 -9999 -9999 -9999 -9999 -9999 100 84 84 84 23 23 15 15 15 27 27 27 48 48 70 70 70 57 57 37 37 37 45 45 45 50 50 60 60 60 61 61 47 47 47 47 47 47 51 51 49 49 49 46 46 46 21 21 20 20 20 41 41 60 60 60 63 63 63 58 58 81 81 81 93 93 63 63 63 39 39 39
-9999 -9999 -9999 -9999 -9999 -9999 -9999 -9999 -9999 -9999 -9999 -9999 -9999 -9999 -9999 -9999 100 100 84 84 84 23 23 15 15 15 27 27 27 48 48 70 70 70 57 57 37 37 37 45 45 45 50 50 60 60 60 61 61 47 47 47 47 47 47 51 51 49 49 49 46 46 46 21 21 20 20 20 41 41 60 60 60 63 63 63 58 58 81 81 81 93 93 63 63 63 39 39 39
-9999 -9999 -9999 -9999 -9999 -9999 -9999 -9999 -9999 -9999 -9999 -9999 -9999 -9999 -9999 -9999 98 98 84 84 84 24 24 19 19 19 30 30 30 38 38 61 61 61 67 67 50 50 50 45 45 45 49 49 59 59 59 62 62 54 54 54 56 56 56 57 57 49 49 49 35 35 35 5 5 0 0 0 74 74 67 67 67 62 62 62 65 65 83 83 83 73 73 45 45 45 37 37 37
-9999 -9999 -9999 -9999 -9999 -9999 -9999 -9999 -9999 -9999 -9999 -9999 -9999 -9999 -9999 98 98 98 84 84 84 24 24 19 19 19 30 30 30 38 38 61 61 61 67 67 50 50 50 45 45 45 49 49 59 59 59 62 62 54 54 54 56 56 56 57 57 49 49 49 35 35 35 5 5 0 0 0 74 74 67 67 67 62 62 62 65 65 83 83 83 73 73 45 45 45 37 37 37
-9999 -9999 -9999 -9999 -9999 -9999 -9999 -9999 -9999 -9999 -9999 -9999 -9999 -9999 69 98 98 98 84 84 84 24 24 19 19 19 30 30 30 38 38 61 61 61 67 67 50 50 50 45 45 45 49 49 59 59 59 62 62 54 54 54 56 56 56 57 57 49 49 49 35 35 35 5 5 0 0 0 74 74 67 67 67 62 62 62 65 65 83 83 83 73 73 45 45 45 37 37 37
-9999 -9999 -9999 -9999 -9999 -9999 -9999 -9999 -9999 -9999 -9999 -9999 88 84 84 92 92 92 77 77 77 29 29 26 26 26 31 31 31 34 34 52 52 52 69 69 59 59 59 45 45 45 48 48 59 59 59 63 63 59 59 59 63 63 63 62 62 44 44 44 16 16 16 0 0 59 59 59 79 79 62 62 62 67 67 67 68 68 69 69 69 52 52 40 40 40 44 44 44
-9999 -9999 -9999 -9999 -9999 -9999 -9999 -9999 -9999 -9999 88 88 88 84 84 92 92 92 77 77 77 29 29 26 26 26 31 31 31 34 34 52 52 52 69 69 59 59 59 45 45 45 48 48 59 59 59 63 63 59 59 59 63 63 63 62 62 44 44 44 16 16 16 0 0 59 59 59 79 79 62 62 62 67 67 67 68 68 69 69 69 52 52 40 40 40 44 44 44
-9999 -9999 -9999 -9999 -9999 -9999 -9999 -9999 74 74 88 88 88 84 84 92 92 92 77 77 77 29 29 26 26 26 31 31 31 34 34 52 52 52 69 69 59 59 59 45 45 45 48 48 59 59 59 63 63 59 59 59 63 63 63 62 62 44 44 44 16 16 16 0 0 59 59 59 79 79 62 62 62 67 67 67 68 68 69 69 69 52 52 40 40 40 44 44 44
-9999 -9999 -9999 -9999 -9999 82 82 82 90 90 103 103 103 96 96 70 70 70 58 58 58 36 36 33 33 33 33 33 33 34 34 44 44 44 65 65 65 65 65 49 49 49 53 53 62 62 62 63 63 59 59 59 65 65 65 58 58 33 33 33 14 14 14 0 0 73 73 73 70 70 64 64 64 73 73 73 57 57 48 48 48 50 50 42 42 42 49 49 49
-9999 -9999 -9999 66 66 82 82 82 90 90 103 103 103 96 96 70 70 70 58 58 58 36 36 33 33 33 33 33 33 34 34 44 44 44 65 65 65 65 65 49 49 49 53 53 62 62 62 63 63 59 59 59 65 65 65 58 58 33 33 33 14 14 14 0 0 73 73 73 70 70 64 64 64 73 73 73 57 57 48 48 48 50 50 42 42 42 49 49 49
-9999 -9999 80 80 80 97 97 97 102 102 89 89 89 78 78 54 54 54 50 50 50 44 44 39 39 39 35 35 35 35 35 42 42 42 59 59 65 65 65 56 56 56 58 58 65 65 65 64 64 57 57 57 56 56 56 40 40 24 24 24 36 36 36 59 59 76 76 76 77 77 76 76 76 62 62 62 36 36 43 43 43 53 53 47 47 47 59 59 59
-9999 79 80 80 80 97 97 97 102 102 89 89 89 78 78 54 54 54 50 50 50 44 44 39 39 39 35 35 35 35 35 42 42 42 59 59 65 65 65 56 56 56 58 58 65 65 65 64 64 57 57 57 56 56 56 40 40 24 24 24 36 36 36 59 59 76 76 76 77 77 76 76 76 62 62 62 36 36 43 43 43 53 53 47 47 47 59 59 59
-9999 79 80 80 80 97 97 97 102 102 89 89 89 78 78 54 54 54 50 50 50 44 44 39 39 39 35 35 35 35 35 42 42 42 59 59 65 65 65 56 56 56 58 58 65 65 65 64 64 57 57 57 56 56 56 40 40 24 24 24 36 36 36 59 59 76 76 76 77 77 76 76 76 62 62 62 36 36 43 43 43 53 53 47 47 47 59 59 59
98 98 100 100 100 81 81 81 80 80 69 69 69 64 64 54 54 54 53 53 53 50 50 43 43 43 38 38 38 39 39 46 46 46 51 51 61 61 61 64 64 64 62 62 64 64 64 58 58 45 45 45 39 39 39 28 28 0 0 0 67 67 67 77 77 81 81 81 84 84 77 77 77 49 49 49 0 0 41 41 41 50 50 56 56 56 73 73 73
98 98 100 100 100 81 81 81 80 80 69 69 69 64 64 54 54 54 53 53 53 50 50 43 43 43 38 38 38 39 39 46 46 46 51 51 61 61 61 64 64 64 62 62 64 64 64 58 58 45 45 45 39 39 39 28 28 0 0 0 67 67 67 77 77 81 81 81 84 84 77 77 77 49 49 49 0 0 41 41 41 50 50 56 56 56 73 73 73
107 107 106 106 106 58 58 58 58 58 68 68 68 67 67 54 54 54 54 54 54 56 56 50 50 50 45 45 45 46 46 52 52 52 50 50 57 57 57 70 70 70 64 64 54 54 54 43 43 33 33 33 36 36 36 40 40 60 60 60 81 81 81 85 85 86 86 86 66 66 57 57 57 63 63 63 49 49 39 39 39 49 49 63 63 63 77 77 77
107 107 106 106 106 58 58 58 58 58 68 68 68 67 67 54 54 54 54 54 54 56 56 50 50 50 45 45 45 46 46 52 52 52 50 50 57 57 57 70 70 70 64 64 54 54 54 43 43 33 33 33 36 36 36 40 40 60 60 60 81 81 81 85 85 86 86 86 66 66 57 57 57 63 63 63 49 49 39 39 39 49 49 63 63 63 77 77 77
-9999 107 106 106 106 58 58 58 58 58 68 68 68 67 67 54 54 54 54 54 54 56 56 50 50 50 45 45 45 46 46 52 52 52 50 50 57 57 57 70 70 70 64 64 54 54 54 43 43 33 33 33 36 36 36 40 40 60 60 60 81 81 81 85 85 86 86 86 66 66 57 57 57 63 63 63 49 49 39 39 39 49 49 63 63 63 77 77 77
-9999 96 104 104 104 62 62 62 46 46 60 60 60 68 68 58 58 58 55 55 55 59 59 58 58 58 55 55 55 55 55 61 61 61 56 56 57 57 57 65 65 65 57 57 44 44 44 35 35 32 32 32 45 45 45 59 59 75 75 75 85 85 85 83 83 73 73 73 49 49 53 53 53 75 75 75 72 72 62 62 62 66 66 73 73 73 82 82 82
-9999 -9999 104 104 104 62 62 62 46 46 60 60 60 68 68 58 58 58 55 55 55 59 59 58 58 58 55 55 55 55 55 61 61 61 56 56 57 57 57 65 65 65 57 57 44 44 44 35 35 32 32 32 45 45 45 59 59 75 75 75 85 85 85 83 83 73 73 73 49 49 53 53 53 75 75 75 72 72 62 62 62 66 66 73 73 73 82 82 82
-9999 -9999 -9999 104 104 62 62 62 46 46 60 60 60 68 68 58 58 58 55 55 55 59 59 58 58 58 55 55 55 55 55 61 61 61 56 56 57 57 57 65 65 65 57 57 44 44 44 35 35 32 32 32 45 45 45 59 59 75 75 75 85 85 85 83 83 73 73 73 49 49 53 53 53 75 75 75 72 72 62 62 62 66 66 73 73 73 82 82 82
-9999 -9999 -9999 -9999 88 76 76 76 46 46 46 46 46 64 64 66 66 66 64 64 64 63 63 66 66 66 65 65 65 63 63 69 69 69 65 65 59 59 59 53 53 53 45 45 43 43 43 37 37 36 36 36 53 53 53 69 69 80 80 80 87 87 87 69 69 53 53 53 57 57 64 64 64 70 70 70 81 81 91 91 91 93 93 96 96 96 98 98 98
-9999 -9999 -9999 -9999 -9999 76 76 76 46 46 46 46 46 64 64 66 66 66 64 64 64 63 63 66 66 66 65 65 65 63 63 69 69 69 65 65 59 59 59 53 53 53 45 45 43 43 43 37 37 36 36 36 53 53 53 69 69 80 80 80 87 87 87 69 69 53 53 53 57 57 64 64 64 70 70 70 81 81 91 91 91 93 93 96 96 96 98 98 98
-9999 -9999 -9999 -9999 -9999 87 87 87 67 67 39 39 39 58 58 73 73 73 76 76 76 68 68 70 70 70 72 72 72 70 70 73 73 73 68 68 61 61 61 47 47 47 38 38 42 42 42 44 44 47 47 47 57 57 57 68 68 77 77 77 76 76 76 57 57 55 55 55 68 68 72 72 72 75 75 75 82 82 95 95 95 107 107 110 110 110 104 104 104
-9999 -9999 -9999 -9999 -9999 87 87 87 67 67 39 39 39 58 58 73 73 73 76 76 76 68 68 70 70 70 72 72 72 70 70 73 73 73 68 68 61 61 61 47 47 47 38 38 42 42 42 44 44 47 47 47 57 57 57 68 68 77 77 77 76 76 76 57 57 55 55 55 68 68 72 72 72 75 75 75 82 82 95 95 95 107 107 110 110 110 104 104 104
-9999 -9999 -9999 -9999 -9999 87 87 87 67 67 39 39 39 58 58 73 73 73 76 76 76 68 68 70 70 70 72 72 72 -9999 -9999 -9999 -9999 -9999 68 68 61 61 61 47 47 47 38 38 42 42 42 44 44 47 47 47 57 57 57 68 68 77 77 77 76 76 76 57 57 55 55 55 68 68 72 72 72 75 75 75 82 82 95 95 95 107 107 110 110 110 104 104 104
-9999 -9999 -9999 -9999 -9999 -9999 92 92 85 85 42 42 42 55 55 70 70 70 81 81 81 58 58 50 -9999 -9999 -9999 -9999 -9999 -9999 -9999 -9999 -9999 -9999 -9999 -9999 -9999 51 51 39 39 39 45 45 54 54 54 52 52 58 58 58 58 58 58 58 58 61 61 61 59 59 59 58 58 70 70 70 75 75 79 79 79 82 82 82 81 81 92 92 92 109 109 102 102 102 93 93 93
-9999 -9999 -9999 -9999 -9999 -9999 92 92 85 85 42 42 42 55 55 70 70 70 81 81 81 -9999 -9999 -9999 -9999 -9999 -9999 -9999 -9999 -9999 -9999 -9999 -9999 -9999 -9999 -9999 -9999 -9999 -9999 -9999 -9999 39 45 45 54 54 54 52 52 58 58 58 58 58 58 58 58 61 61 61 59 59 59 58 58 70 70 70 75 75 79 79 79 82 82 82 81 81 92 92 92 109 109 102 102 102 93 93 93
-9999 -9999 -9999 -9999 -9999 -9999 -9999 80 72 72 40 40 40 63 63 61 61 61 56 -9999 -9999 -9999 -9999 -9999 -9999 -9999 -9999 -9999 -9999 -9999 -9999 -9999 -9999 -9999 -9999 -9999 -9999 -9999 -9999 -9999 -9999 44 79 79 89 89 89 60 60 62 62 62 56 56 56 45 45 44 44 44 52 52 52 63 63 78 78 78 81 81 82 82 82 83 83 83 85 85 97 97 97 90 90 79 79 79 100 100 100
