SEB_model/sample_data_files/contemp/hillshade/july6am.txt
ncols         313
nrows         278
xllcorner     388961.19995117
yllcorner     7584381.3441773
cellsize      5
NODATA_value  -9999
[rows 74 to 110 of 278, columns 168 to 251 of 313]
100 100 110 110 138 138 138 143 143 143 130 130 118 118 118 126 126 126 145 145 146 146 146 143 143 135 135 135 134 134 134 138 138 119 119 119 121 121 147 147 147 145 145 145 123 123 92 92 92 83 83 83 104 104 116 116 116 132 132 141 141 141 153 153 153 165 165 149 149 149 143 143 150 150 150 136 136 136 124 124 126 126 126 139
100 100 110 110 138 138 138 143 143 143 130 130 118 118 118 126 126 126 145 145 146 146 146 143 143 135 135 135 134 134 134 138 138 119 119 119 121 121 147 147 147 145 145 145 123 123 92 92 92 83 83 83 104 104 116 116 116 132 132 141 141 141 153 153 153 165 165 149 149 149 143 143 150 150 150 136 136 136 124 124 126 126 126 139
110 110 122 122 140 140 140 135 135 135 127 127 128 128 128 135 135 135 147 147 142 142 142 139 139 137 137 137 135 135 135 137 137 124 124 124 130 130 143 143 143 128 128 128 99 99 74 74 74 73 73 73 106 106 131 131 131 145 145 147 147 147 156 156 156 172 172 157 157 157 150 150 150 150 150 128 128 128 114 114 116 116 116 131
110 110 122 122 140 140 140 135 135 135 127 127 128 128 128 135 135 135 147 147 142 142 142 139 139 137 137 137 135 135 135 137 137 124 124 124 130 130 143 143 143 128 128 128 99 99 74 74 74 73 73 73 106 106 131 131 131 145 145 147 147 147 156 156 156 172 172 157 157 157 150 150 150 150 150 128 128 128 114 114 116 116 116 131
110 110 122 122 140 140 140 135 135 135 127 127 128 128 128 135 135 135 147 147 142 142 142 139 139 137 137 137 135 135 135 137 137 124 124 124 130 130 143 143 143 128 128 128 99 99 74 74 74 73 73 73 106 106 131 131 131 145 145 147 147 147 156 156 156 172 172 157 157 157 150 150 150 150 150 128 128 128 114 114 116 116 116 131
121 121 128 128 136 136 136 129 129 129 131 131 137 137 137 137 137 137 143 143 136 136 136 140 140 142 142 142 137 137 137 139 139 130 130 130 133 133 133 133 133 105 105 105 78 78 67 67 67 82 82 82 121 121 141 141 141 146 146 144 144 144 154 154 154 173 173 162 162 162 154 154 146 146 146 120 120 120 105 105 104 104 104 122
121 121 128 128 136 136 136 129 129 129 131 131 137 137 137 137 137 137 143 143 136 136 136 140 140 142 142 142 137 137 137 139 139 130 130 130 133 133 133 133 133 105 105 105 78 78 67 67 67 82 82 82 121 121 141 141 141 146 146 144 144 144 154 154 154 173 173 162 162 162 154 154 146 146 146 120 120 120 105 105 104 104 104 122
121 121 128 128 136 136 136 129 129 129 131 131 137 137 137 137 137 137 143 143 136 136 136 140 140 142 142 142 137 137 137 139 139 130 130 130 133 133 133 133 133 105 105 105 78 78 67 67 67 82 82 82 121 121 141 141 141 146 146 144 144 144 154 154 154 173 173 162 162 162 154 154 146 146 146 120 120 120 105 105 104 104 104 122
127 127 130 130 135 135 135 131 131 131 137 137 138 138 138 132 132 132 135 135 133 133 133 144 144 147 147 147 139 139 139 141 141 134 134 134 130 130 115 115 115 80 80 80 65 65 74 74 74 100 100 100 131 131 136 136 136 137 137 136 136 136 148 148 148 169 169 159 159 159 147 147 137 137 137 115 115 115 98 98 92 92 92 111
127 127 130 130 135 135 135 131 131 131 137 137 138 138 138 132 132 132 135 135 133 133 133 144 144 147 147 147 139 139 139 141 141 134 134 134 130 130 115 115 115 80 80 80 65 65 74 74 74 100 100 100 131 131 136 136 136 137 137 136 136 136 148 148 148 169 169 159 159 159 147 147 137 137 137 115 115 115 98 98 92 92 92 111
130 130 134 134 141 141 141 137 137 137 137 137 133 133 133 127 127 127 133 133 136 136 136 147 147 148 148 148 139 139 139 142 142 135 135 135 122 122 96 96 96 63 63 63 63 63 87 87 87 112 112 112 127 127 125 125 125 131 131 135 135 135 149 149 149 166 166 150 150 150 135 135 129 129 129 117 117 117 103 103 94 94 94 106
130 130 134 134 141 141 141 137 137 137 137 137 133 133 133 127 127 127 133 133 136 136 136 147 147 148 148 148 139 139 139 142 142 135 135 135 122 122 96 96 96 63 63 63 63 63 87 87 87 112 112 112 127 127 125 125 125 131 131 135 135 135 149 149 149 166 166 150 150 150 135 135 129 129 129 117 117 117 103 103 94 94 94 106
130 130 134 134 141 141 141 137 137 137 137 137 133 133 133 127 127 127 133 133 136 136 136 147 147 148 148 148 139 139 139 142 142 135 135 135 122 122 96 96 96 63 63 63 63 63 87 87 87 112 112 112 127 127 125 125 125 131 131 135 135 135 149 149 149 166 166 150 150 150 135 135 129 129 129 117 117 117 103 103 94 94 94 106
131 131 139 139 145 145 145 137 137 137 132 132 128 128 128 127 127 127 137 137 139 139 139 146 146 146 146 146 139 139 139 141 141 130 130 130 108 108 82 82 82 58 58 58 66 66 91 91 91 109 109 109 121 121 120 120 120 129 129 136 136 136 149 149 149 158 158 137 137 137 127 127 126 126 126 119 119 119 113 113 105 105 105 101
131 131 139 139 145 145 145 137 137 137 132 132 128 128 128 127 127 127 137 137 139 139 139 146 146 146 146 146 139 139 139 141 141 130 130 130 108 108 82 82 82 58 58 58 66 66 91 91 91 109 109 109 121 121 120 120 120 129 129 136 136 136 149 149 149 158 158 137 137 137 127 127 126 126 126 119 119 119 113 113 105 105 105 101
131 131 139 139 145 145 145 137 137 137 132 132 128 128 128 127 127 127 137 137 139 139 139 146 146 146 146 146 139 139 139 141 141 130 130 130 108 108 82 82 82 58 58 58 66 66 91 91 91 109 109 109 121 121 120 120 120 129 129 136 136 136 149 149 149 158 158 137 137 137 127 127 126 126 126 119 119 119 113 113 105 105 105 101
134 134 143 143 145 145 145 131 131 131 127 127 127 127 127 130 130 130 139 139 140 140 140 145 145 144 144 144 139 139 139 137 137 120 120 120 95 95 75 75 75 62 62 62 70 70 85 85 85 100 100 100 122 122 129 129 129 132 132 137 137 137 145 145 145 147 147 130 130 130 125 125 126 126 126 119 119 119 114 114 110 110 110 102
134 134 143 143 145 145 145 131 131 131 127 127 127 127 127 130 130 130 139 139 140 140 140 145 145 144 144 144 139 139 139 137 137 120 120 120 95 95 75 75 75 62 62 62 70 70 85 85 85 100 100 100 122 122 129 129 129 132 132 137 137 137 145 145 145 147 147 130 130 130 125 125 126 126 126 119 119 119 114 114 110 110 110 102
136 136 141 141 139 139 139 124 124 124 125 125 127 127 127 128 128 128 139 139 139 139 139 142 142 143 143 143 137 137 137 131 131 108 108 108 85 85 75 75 75 70 70 70 74 74 82 82 82 91 91 91 122 122 136 136 136 132 132 133 133 133 133 133 133 135 135 129 129 129 127 127 128 128 128 119 119 119 111 111 110 110 110 108
136 136 141 141 139 139 139 124 124 124 125 125 127 127 127 128 128 128 139 139 139 139 139 142 142 143 143 143 137 137 137 131 131 108 108 108 85 85 75 75 75 70 70 70 74 74 82 82 82 91 91 91 122 122 136 136 136 132 132 133 133 133 133 133 133 135 135 129 129 129 127 127 128 128 128 119 119 119 111 111 110 110 110 108
136 136 141 141 139 139 139 124 124 124 125 125 127 127 127 128 128 128 139 139 139 139 139 142 142 143 143 143 137 137 137 131 131 108 108 108 85 85 75 75 75 70 70 70 74 74 82 82 82 91 91 91 122 122 136 136 136 132 132 133 133 133 133 133 133 135 135 129 129 129 127 127 128 128 128 119 119 119 111 111 110 110 110 108
134 134 135 135 133 133 133 123 123 123 125 125 125 125 125 125 125 125 135 135 134 134 134 138 138 140 140 140 131 131 131 120 120 97 97 97 81 81 78 78 78 77 77 77 79 79 83 83 83 87 87 87 113 113 126 126 126 124 124 125 125 125 122 122 122 128 128 131 131 131 131 131 129 129 129 117 117 117 110 110 108 108 108 108
134 134 135 135 133 133 133 123 123 123 125 125 125 125 125 125 125 125 135 135 134 134 134 138 138 140 140 140 131 131 131 120 120 97 97 97 81 81 78 78 78 77 77 77 79 79 83 83 83 87 87 87 113 113 126 126 126 124 124 125 125 125 122 122 122 128 128 131 131 131 131 131 129 129 129 117 117 117 110 110 108 108 108 108
132 132 132 132 134 134 134 128 128 128 130 130 126 126 126 123 123 123 134 134 131 131 131 135 135 136 136 136 126 126 126 114 114 96 96 96 86 86 84 84 84 82 82 82 84 84 86 86 86 87 87 87 103 103 114 114 114 121 121 123 123 123 122 122 122 134 134 138 138 138 137 137 134 134 134 121 121 121 115 115 113 113 113 111
132 132 132 132 134 134 134 128 128 128 130 130 126 126 126 123 123 123 134 134 131 131 131 135 135 136 136 136 126 126 126 114 114 96 96 96 86 86 84 84 84 82 82 82 84 84 86 86 86 87 87 87 103 103 114 114 114 121 121 123 123 123 122 122 122 134 134 138 138 138 137 137 134 134 134 121 121 121 115 115 113 113 113 111
132 132 132 132 134 134 134 128 128 128 130 130 126 126 126 123 123 123 134 134 131 131 131 135 135 136 136 136 126 126 126 114 114 96 96 96 86 86 84 84 84 82 82 82 84 84 86 86 86 87 87 87 103 103 114 114 114 121 121 123 123 123 122 122 122 134 134 138 138 138 137 137 134 134 134 121 121 121 115 115 113 113 113 111
129 129 131 131 138 138 138 134 134 134 134 134 127 127 127 119 119 119 130 130 130 130 130 128 128 126 126 126 119 119 119 113 113 100 100 100 91 91 90 90 90 85 85 85 87 87 90 90 90 89 89 89 94 94 105 105 105 117 117 119 119 119 140 140 140 154 154 130 130 130 130 130 137 137 137 125 125 125 119 119 131 131 131 129
129 129 131 131 138 138 138 134 134 134 134 134 127 127 127 119 119 119 130 130 130 130 130 128 128 126 126 126 119 119 119 113 113 100 100 100 91 91 90 90 90 85 85 85 87 87 90 90 90 89 89 89 94 94 105 105 105 117 117 119 119 119 140 -9999 -9999 -9999 -9999 -9999 130 130 130 130 137 137 137 125 125 125 119 119 131 -9999 -9999 -9999
129 129 131 131 138 138 138 134 134 134 134 134 127 127 127 119 119 119 130 130 130 130 130 128 128 126 126 126 119 119 119 113 113 100 100 100 91 91 90 90 90 85 85 85 87 87 90 90 90 89 89 89 94 94 105 105 105 117 117 119 119 119 -9999 -9999 -9999 -9999 -9999 -9999 -9999 -9999 -9999 130 137 137 137 125 125 125 -9999 -9999 -9999 -9999 -9999 -9999
128 128 133 133 143 143 143 136 136 136 134 134 127 127 127 111 111 111 121 121 131 131 131 125 125 114 114 114 114 114 114 118 118 108 108 108 97 97 92 92 92 85 85 85 90 90 96 96 96 97 97 97 93 93 101 101 101 115 115 117 117 117 -9999 -9999 -9999 -9999 -9999 -9999 -9999 -9999 -9999 -9999 -9999 -9999 -9999 -9999 -9999 -9999 -9999 -9999 -9999 -9999 -9999 -9999
128 128 133 133 143 143 143 136 136 136 134 134 127 127 127 111 111 111 121 121 131 131 131 125 125 114 114 114 114 114 114 118 118 108 108 108 97 97 92 92 92 85 85 85 90 90 96 96 96 97 97 97 93 93 101 101 101 115 115 117 117 117 -9999 -9999 -9999 -9999 -9999 -9999 -9999 -9999 -9999 -9999 -9999 -9999 -9999 -9999 -9999 -9999 -9999 -9999 -9999 -9999 -9999 -9999
127 127 134 134 146 146 146 138 138 138 131 131 122 122 122 103 103 103 110 110 125 125 125 126 126 115 115 115 111 111 111 119 119 115 115 115 105 105 97 97 97 87 87 87 92 92 100 100 100 105 105 105 104 104 105 105 105 118 118 120 120 120 162 -9999 -9999 -9999 -9999 -9999 -9999 -9999 -9999 -9999 -9999 -9999 -9999 -9999 -9999 -9999 -9999 -9999 -9999 -9999 -9999 -9999
127 127 134 134 146 146 146 138 138 138 131 131 122 122 122 103 103 103 110 110 125 125 125 126 126 115 115 115 111 111 111 119 119 115 115 115 105 105 97 97 97 87 87 87 92 92 100 100 100 105 105 105 104 104 105 105 105 118 118 120 120 120 162 162 -9999 -9999 -9999 129 -9999 -9999 -9999 -9999 -9999 -9999 -9999 -9999 -9999 -9999 -9999 -9999 -9999 -9999 -9999 -9999
127 127 134 134 146 146 146 138 138 138 131 131 122 122 122 103 103 103 110 110 125 125 125 126 126 115 115 115 111 111 111 119 119 115 115 115 105 105 97 97 97 87 87 87 92 92 100 100 100 105 105 105 104 104 105 105 105 118 118 120 120 120 162 162 162 174 174 129 129 -9999 -9999 -9999 -9999 -9999 -9999 -9999 -9999 -9999 -9999 -9999 -9999 -9999 -9999 -9999
126 126 131 131 143 143 143 137 137 137 124 124 111 111 111 100 100 100 100 100 110 110 110 127 127 124 124 124 114 114 114 116 116 115 115 115 112 112 107 107 107 94 94 94 95 95 99 99 99 107 107 107 121 121 121 121 121 125 125 123 123 123 137 137 137 160 160 143 143 143 -9999 -9999 -9999 -9999 -9999 -9999 -9999 -9999 -9999 -9999 -9999 -9999 -9999 -9999
126 126 131 131 143 143 143 137 137 137 124 124 111 111 111 100 100 100 100 100 110 110 110 127 127 124 124 124 114 114 114 116 116 115 115 115 112 112 107 107 107 94 94 94 95 95 99 99 99 107 107 107 121 121 121 121 121 125 125 123 123 123 137 137 137 160 160 143 143 143 122 122 -9999 -9999 -9999 -9999 -9999 -9999 -9999 -9999 -9999 -9999 -9999 -9999
126 126 131 131 143 143 143 137 137 137 124 124 111 111 111 100 100 100 100 100 110 110 110 127 127 124 124 124 114 114 114 116 116 115 115 115 112 112 107 107 107 94 94 94 95 95 99 99 99 107 107 107 121 121 121 121 121 125 125 123 123 123 137 137 137 160 160 143 143 143 122 122 137 137 137 140 140 140 -9999 -9999 -9999 -9999 -9999 -9999
