SEB_model/sample_data_files/contemp/hillshade/july6am.txt
ncols         313
nrows         278
xllcorner     388961.19995117
yllcorner     7584381.3441773
cellsize      5
NODATA_value  -9999
[rows 222 to 258 of 278, columns 84 to 167 of 313]
119 119 105 105 105 95 95 84 84 84 89 89 89 106 106 113 113 113 102 102 85 85 85 79 79 79 67 67 57 57 57 56 56 65 65 65 84 84 84 83 83 65 65 65 55 55 55 52 52 55 55 55 58 58 60 60 60 63 63 63 78 -9999 -9999 -9999 -9999 -9999 -9999 -9999 -9999 -9999 -9999 -9999 -9999 -9999 -9999 -9999 -9999 -9999 -9999 -9999 -9999 -9999 -9999 -9999
113 113 104 104 104 96 96 95 95 95 95 95 95 86 86 83 83 83 85 85 75 75 75 64 64 64 68 68 77 77 77 85 85 85 85 85 82 82 82 70 70 52 52 52 45 45 45 41 41 50 50 50 63 63 65 65 65 63 63 63 101 -9999 -9999 -9999 -9999 -9999 -9999 -9999 -9999 -9999 -9999 -9999 -9999 -9999 -9999 -9999 -9999 -9999 -9999 -9999 -9999 -9999 -9999 -9999
113 113 104 104 104 96 96 95 95 95 95 95 95 86 86 83 83 83 85 85 75 75 75 64 64 64 68 68 77 77 77 85 85 85 85 85 82 82 82 70 70 52 52 52 45 45 45 41 41 50 50 50 63 63 65 65 65 63 63 63 101 -9999 -9999 -9999 -9999 -9999 -9999 -9999 -9999 -9999 -9999 -9999 -9999 -9999 -9999 -9999 -9999 -9999 -9999 -9999 -9999 -9999 -9999 -9999
113 113 104 104 104 96 96 95 95 95 95 95 95 86 86 83 83 83 85 85 75 75 75 64 64 64 68 68 77 77 77 85 85 85 85 85 82 82 82 70 70 52 52 52 45 45 45 41 41 50 50 50 63 63 65 65 65 63 63 63 101 -9999 -9999 -9999 -9999 -9999 -9999 -9999 -9999 -9999 -9999 -9999 -9999 -9999 -9999 -9999 -9999 -9999 -9999 -9999 -9999 -9999 -9999 -9999
90 90 88 88 88 100 100 119 119 119 99 99 99 65 65 58 58 58 65 65 70 70 70 78 78 78 113 113 115 115 115 87 87 70 70 70 62 62 62 57 57 46 46 46 40 40 40 39 39 50 50 50 60 60 63 63 63 63 63 63 109 -9999 -9999 -9999 -9999 -9999 -9999 -9999 -9999 -9999 -9999 -9999 -9999 -9999 -9999 -9999 -9999 -9999 -9999 -9999 -9999 -9999 -9999 -9999
90 90 88 88 88 100 100 119 119 119 99 99 99 65 65 58 58 58 65 65 70 70 70 78 78 78 113 113 115 115 115 87 87 70 70 70 62 62 62 57 57 46 46 46 40 40 40 39 39 50 50 50 60 60 63 63 63 63 63 63 109 109 -9999 -9999 -9999 -9999 -9999 -9999 -9999 -9999 -9999 -9999 -9999 -9999 -9999 -9999 -9999 -9999 -9999 -9999 -9999 -9999 -9999 -9999
68 68 75 75 75 94 94 110 110 110 91 91 91 66 66 55 55 55 62 62 83 83 83 113 113 113 128 128 105 105 105 61 61 47 47 47 51 51 51 41 41 36 36 36 47 47 47 51 51 55 55 55 53 53 54 54 54 59 59 59 93 93 -9999 -9999 -9999 -9999 -9999 -9999 -9999 -9999 -9999 -9999 -9999 -9999 -9999 -9999 -9999 -9999 -9999 -9999 -9999 -9999 -9999 -9999
68 68 75 75 75 94 94 110 110 110 91 91 91 66 66 55 55 55 62 62 83 83 83 113 113 113 128 128 105 105 105 61 61 47 47 47 51 51 51 41 41 36 36 36 47 47 47 51 51 55 55 55 53 53 54 54 54 59 59 59 93 93 -9999 -9999 -9999 -9999 -9999 -9999 -9999 -9999 -9999 -9999 -9999 -9999 -9999 -9999 -9999 -9999 -9999 -9999 -9999 -9999 -9999 -9999
68 68 75 75 75 94 94 110 110 110 91 91 91 66 66 55 55 55 62 62 83 83 83 113 113 113 128 128 105 105 105 61 61 47 47 47 51 51 51 41 41 36 36 36 47 47 47 51 51 55 55 55 53 53 54 54 54 59 59 59 93 93 101 -9999 -9999 -9999 -9999 -9999 -9999 -9999 -9999 -9999 -9999 -9999 -9999 -9999 -9999 -9999 -9999 -9999 -9999 -9999 -9999 -9999
73 73 79 79 79 72 72 70 70 70 80 80 80 80 80 73 73 73 89 89 102 102 102 106 106 106 87 87 63 63 63 41 41 35 35 35 46 46 46 0 0 32 32 32 57 57 57 63 63 60 60 60 48 48 43 43 43 51 51 51 67 67 92 92 -9999 -9999 -9999 -9999 -9999 -9999 -9999 -9999 -9999 -9999 -9999 -9999 -9999 -9999 -9999 -9999 -9999 -9999 -9999 -9999
73 73 79 79 79 72 72 70 70 70 80 80 80 80 80 73 73 73 89 89 102 102 102 106 106 106 87 87 63 63 63 41 41 35 35 35 46 46 46 0 0 32 32 32 57 57 57 63 63 60 60 60 48 48 43 43 43 51 51 51 67 67 92 92 92 -9999 -9999 -9999 -9999 -9999 -9999 -9999 -9999 -9999 -9999 -9999 -9999 -9999 -9999 -9999 -9999 -9999 -9999 -9999
91 91 70 70 70 55 55 52 52 52 70 70 70 84 84 101 101 101 136 136 112 112 112 0 0 0 26 26 37 37 37 27 27 19 19 19 40 40 40 32 32 38 38 38 53 53 53 58 58 62 62 62 47 47 38 38 38 44 44 44 53 53 76 76 76 112 -9999 -9999 -9999 -9999 -9999 -9999 -9999 -9999 -9999 -9999 -9999 -9999 -9999 -9999 -9999 -9999 -9999 -9999
91 91 70 70 70 55 55 52 52 52 70 70 70 84 84 101 101 101 136 136 112 112 112 0 0 0 26 26 37 37 37 27 27 19 19 19 40 40 40 32 32 38 38 38 53 53 53 58 58 62 62 62 47 47 38 38 38 44 44 44 53 53 76 76 76 112 -9999 -9999 -9999 -9999 -9999 -9999 -9999 -9999 -9999 -9999 -9999 -9999 -9999 -9999 -9999 -9999 -9999 -9999
91 91 70 70 70 55 55 52 52 52 70 70 70 84 84 101 101 101 136 136 112 112 112 0 0 0 26 26 37 37 37 27 27 19 19 19 40 40 40 32 32 38 38 38 53 53 53 58 58 62 62 62 47 47 38 38 38 44 44 44 53 53 76 76 76 112 112 -9999 -9999 -9999 -9999 -9999 -9999 -9999 -9999 -9999 -9999 -9999 -9999 -9999 -9999 -9999 -9999 -9999
96 96 59 59 59 45 45 45 45 45 66 66 66 98 98 123 123 123 141 141 96 96 96 0 0 0 0 0 23 23 23 0 0 11 11 11 44 44 44 40 40 41 41 41 45 45 45 45 45 55 55 55 48 48 42 42 42 45 45 45 52 52 64 64 64 115 -9999 -9999 -9999 -9999 -9999 -9999 -9999 -9999 -9999 -9999 -9999 -9999 -9999 -9999 -9999 -9999 -9999 -9999
96 96 59 59 59 45 45 45 45 45 66 66 66 98 98 123 123 123 141 141 96 96 96 0 0 0 0 0 23 23 23 0 0 11 11 11 44 44 44 40 40 41 41 41 45 45 45 45 45 55 55 55 48 48 42 42 42 45 45 45 52 52 64 64 64 115 -9999 -9999 -9999 -9999 -9999 -9999 -9999 -9999 -9999 -9999 -9999 -9999 -9999 -9999 -9999 -9999 -9999 -9999
96 96 59 59 59 45 45 45 45 45 66 66 66 98 98 123 123 123 141 141 96 96 96 0 0 0 0 0 23 23 23 0 0 11 11 11 44 44 44 40 40 41 41 41 45 45 45 45 45 55 55 55 48 48 42 42 42 45 45 45 52 52 64 64 64 115 -9999 -9999 -9999 -9999 -9999 -9999 -9999 -9999 -9999 -9999 -9999 -9999 -9999 -9999 -9999 -9999 -9999 -9999
87 87 69 69 69 42 42 33 33 33 78 78 78 120 120 113 113 113 85 85 57 57 57 28 28 28 0 0 9 9 9 9 9 15 15 15 49 49 49 40 40 37 37 37 41 41 41 35 35 47 47 47 54 54 52 52 52 50 50 50 50 50 59 59 59 117 -9999 -9999 -9999 -9999 -9999 -9999 -9999 -9999 -9999 -9999 -9999 -9999 -9999 -9999 -9999 -9999 -9999 -9999
87 87 69 69 69 42 42 33 33 33 78 78 78 120 120 113 113 113 85 85 57 57 57 28 28 28 0 0 9 9 9 9 9 15 15 15 49 49 49 40 40 37 37 37 41 41 41 35 35 47 47 47 54 54 52 52 52 50 50 50 50 50 59 59 59 -9999 -9999 -9999 -9999 -9999 -9999 -9999 -9999 -9999 -9999 -9999 -9999 -9999 -9999 -9999 -9999 -9999 -9999 -9999
87 87 78 78 78 45 45 38 38 38 96 96 96 111 111 64 64 64 39 39 36 36 36 29 29 29 0 0 3 3 3 13 13 17 17 17 40 40 40 37 37 36 36 36 35 35 35 29 29 44 44 44 59 59 60 60 60 50 50 50 41 41 54 54 54 -9999 -9999 -9999 -9999 -9999 -9999 -9999 -9999 -9999 -9999 -9999 -9999 -9999 -9999 -9999 -9999 -9999 -9999 -9999
87 87 78 78 78 45 45 38 38 38 96 96 96 111 111 64 64 64 39 39 36 36 36 29 29 29 0 0 3 3 3 13 13 17 17 17 40 40 40 37 37 36 36 36 35 35 35 29 29 44 44 44 59 59 60 60 60 50 50 50 41 41 54 54 54 -9999 -9999 -9999 -9999 -9999 -9999 -9999 -9999 -9999 -9999 -9999 -9999 -9999 -9999 -9999 -9999 -9999 -9999 -9999
87 87 78 78 78 45 45 38 38 38 96 96 96 111 111 64 64 64 39 39 36 36 36 29 29 29 0 0 3 3 3 13 13 17 17 17 40 40 40 37 37 36 36 36 35 35 35 29 29 44 44 44 59 59 60 60 60 50 50 50 41 41 54 54 54 -9999 -9999 -9999 -9999 -9999 -9999 -9999 -9999 -9999 -9999 -9999 -9999 -9999 -9999 -9999 -9999 -9999 -9999 -9999
82 82 70 70 70 61 61 59 59 59 81 81 81 66 66 36 36 36 31 31 22 22 22 0 0 0 0 0 13 13 13 23 23 18 18 18 36 36 36 40 40 40 40 40 32 32 32 28 28 41 41 41 54 54 53 53 53 45 45 45 38 38 52 52 52 123 -9999 -9999 -9999 -9999 -9999 -9999 -9999 -9999 -9999 -9999 -9999 -9999 -9999 -9999 -9999 -9999 -9999 -9999
82 82 70 70 70 61 61 59 59 59 81 81 81 66 66 36 36 36 31 31 22 22 22 0 0 0 0 0 13 13 13 23 23 18 18 18 36 36 36 40 40 40 40 40 32 32 32 28 28 41 41 41 54 54 53 53 53 45 45 45 38 38 52 52 52 -9999 -9999 -9999 -9999 -9999 -9999 -9999 -9999 -9999 -9999 -9999 -9999 -9999 -9999 -9999 -9999 -9999 -9999 -9999
82 82 70 70 70 61 61 59 59 59 81 81 81 66 66 36 36 36 31 31 22 22 22 0 0 0 0 0 13 13 13 23 23 18 18 18 36 36 36 40 40 40 40 40 32 32 32 28 28 41 41 41 54 54 53 53 53 45 45 45 38 38 52 52 52 -9999 -9999 -9999 -9999 -9999 -9999 -9999 -9999 -9999 -9999 -9999 -9999 -9999 -9999 -9999 -9999 -9999 -9999 -9999
60 60 61 61 61 84 84 65 65 65 33 33 33 31 31 34 34 34 27 27 0 0 0 0 0 0 0 0 31 31 31 26 26 20 20 20 45 45 45 41 41 38 38 38 30 30 30 30 30 42 42 42 46 46 41 41 41 44 44 44 41 41 54 54 54 -9999 -9999 -9999 -9999 -9999 -9999 -9999 -9999 -9999 -9999 -9999 -9999 -9999 -9999 -9999 -9999 -9999 -9999 -9999
60 60 61 61 61 84 84 65 65 65 33 33 33 31 31 34 34 34 27 27 0 0 0 0 0 0 0 0 31 31 31 26 26 20 20 20 45 45 45 41 41 38 38 38 30 30 30 30 30 42 42 42 46 46 41 41 41 44 44 44 41 41 54 54 54 125 -9999 -9999 -9999 -9999 -9999 -9999 -9999 -9999 -9999 -9999 -9999 -9999 -9999 -9999 -9999 -9999 -9999 -9999
37 37 56 56 56 75 75 44 44 44 0 0 0 19 19 0 0 0 0 0 0 0 0 0 0 0 0 0 36 36 36 29 29 31 31 31 46 46 46 38 38 35 35 35 25 25 25 32 32 42 42 42 42 42 40 40 40 48 48 48 46 46 57 57 57 126 -9999 -9999 -9999 -9999 -9999 -9999 -9999 -9999 -9999 -9999 -9999 -9999 -9999 -9999 -9999 -9999 -9999 -9999
37 37 56 56 56 75 75 44 44 44 0 0 0 19 19 0 0 0 0 0 0 0 0 0 0 0 0 0 36 36 36 29 29 31 31 31 46 46 46 38 38 35 35 35 25 25 25 32 32 42 42 42 42 42 40 40 40 48 48 48 46 46 57 57 57 126 -9999 -9999 -9999 -9999 -9999 -9999 -9999 -9999 -9999 -9999 -9999 -9999 -9999 -9999 -9999 -9999 -9999 -9999
37 37 56 56 56 75 75 44 44 44 0 0 0 19 19 0 0 0 0 0 0 0 0 0 0 0 0 0 36 36 36 29 29 31 31 31 46 46 46 38 38 35 35 35 25 25 25 32 32 42 42 42 42 42 40 40 40 48 48 48 46 46 57 57 57 126 -9999 -9999 -9999 -9999 -9999 -9999 -9999 -9999 -9999 -9999 -9999 -9999 -9999 -9999 -9999 -9999 -9999 -9999
33 33 45 45 45 0 0 19 19 19 0 0 0 8 8 0 0 0 0 0 0 0 0 1 1 1 1 1 33 33 33 38 38 41 41 41 41 41 41 31 31 33 33 33 26 26 26 32 32 40 40 40 49 49 52 52 52 55 55 55 49 49 59 59 59 127 -9999 -9999 -9999 -9999 -9999 -9999 -9999 -9999 -9999 -9999 -9999 -9999 -9999 -9999 -9999 -9999 -9999 -9999
33 33 45 45 45 0 0 19 19 19 0 0 0 8 8 0 0 0 0 0 0 0 0 1 1 1 1 1 33 33 33 38 38 41 41 41 41 41 41 31 31 33 33 33 26 26 26 32 32 40 40 40 49 49 52 52 52 55 55 55 49 49 59 59 59 127 -9999 -9999 -9999 -9999 -9999 -9999 -9999 -9999 -9999 -9999 -9999 -9999 -9999 -9999 -9999 -9999 -9999 -9999
56 56 0 0 0 0 0 0 0 0 0 0 0 0 0 0 0 0 0 0 0 0 0 0 0 0 0 0 36 36 36 39 39 40 40 40 39 39 39 27 27 32 32 32 22 22 22 25 25 46 46 46 64 64 65 65 65 62 62 62 51 51 60 60 60 128 -9999 -9999 -9999 -9999 -9999 -9999 -9999 -9999 -9999 -9999 -9999 -9999 -9999 -9999 -9999 -9999 -9999 -9999
56 56 0 0 0 0 0 0 0 0 0 0 0 0 0 0 0 0 0 0 0 0 0 0 0 0 0 0 36 36 36 39 39 40 40 40 39 39 39 27 27 32 32 32 22 22 22 25 25 46 46 46 64 64 65 65 65 62 62 62 51 51 60 60 60 128 -9999 -9999 -9999 -9999 -9999 -9999 -9999 -9999 -9999 -9999 -9999 -9999 -9999 -9999 -9999 -9999 -9999 -9999
56 56 0 0 0 0 0 0 0 0 0 0 0 0 0 0 0 0 0 0 0 0 0 0 0 0 0 0 36 36 36 39 39 40 40 40 39 39 39 27 27 32 32 32 22 22 22 25 25 46 46 46 64 64 65 65 65 62 62 62 51 51 60 60 60 128 -9999 -9999 -9999 -9999 -9999 -9999 -9999 -9999 -9999 -9999 -9999 -9999 -9999 -9999 -9999 -9999 -9999 -9999
0 0 0 0 0 0 0 0 0 0 0 0 0 0 0 0 0 0 0 0 0 0 0 0 0 0 0 0 34 34 34 38 38 40 40 40 42 42 42 30 30 27 27 27 16 16 16 22 22 54 54 54 76 76 76 76 76 66 66 66 55 55 64 64 64 -9999 -9999 -9999 -9999 -9999 -9999 -9999 -9999 -9999 -9999 -9999 -9999 -9999 -9999 -9999 -9999 -9999 -9999 -9999
0 0 0 0 0 0 0 0 0 0 0 0 0 0 0 0 0 0 0 0 0 0 0 0 0 0 0 0 34 34 34 38 38 40 40 40 42 42 42 30 30 27 27 27 16 16 16 22 22 54 54 54 76 76 76 76 76 66 66 66 55 55 64 64 64 -9999 -9999 -9999 -9999 -9999 -9999 -9999 -9999 -9999 -9999 -9999 -9999 -9999 -9999 -9999 -9999 -9999 -9999 -9999
