SEB_model/sample_data_files/contemp/hillshade/julynoon.txt
ncols         313
nrows         278
xllcorner     388961.19995117
yllcorner     7584381.3441773
cellsize      5
NODATA_value  -9999
[rows 76 to 113 of 278, columns 85 to 169 of 313]
-9999 -9999 -9999 -9999 -9999 -9999 -9999 -9999 -9999 -9999 -9999 -9999 -9999 -9999 -9999 -9999 -9999 -9999 -9999 -9999 -9999 -9999 -9999 -9999 -9999 -9999 -9999 -9999 -9999 -9999 -9999 -9999 -9999 130 130 123 123 123 114 114 119 119 119 139 139 139 148 148 145 145 145 136 136 129 129 129 128 128 128 126 126 124 124 124 122 122 122 121 121 122 122 122 123 123 123 123 123 124 124 124 126 126 135 135 135
-9999 -9999 -9999 -9999 -9999 -9999 -9999 -9999 -9999 -9999 -9999 -9999 -9999 -9999 -9999 -9999 -9999 -9999 -9999 -9999 -9999 -9999 -9999 -9999 -9999 -9999 -9999 -9999 -9999 -9999 -9999 -9999 -9999 130 130 123 123 123 114 114 119 119 119 139 139 139 148 148 145 145 145 136 136 129 129 129 128 128 128 126 126 124 124 124 122 122 122 121 121 122 122 122 123 123 123 123 123 124 124 124 126 126 135 135 135
-9999 -9999 -9999 -9999 -9999 -9999 -9999 -9999 -9999 -9999 -9999 -9999 -9999 -9999 -9999 -9999 -9999 -9999 -9999 -9999 -9999 -9999 -9999 -9999 -9999 -9999 -9999 -9999 -9999 -9999 -9999 -9999 -9999 130 130 123 123 123 114 114 119 119 119 139 139 139 148 148 145 145 145 136 136 129 129 129 128 128 128 126 126 124 124 124 122 122 122 121 121 122 122 122 123 123 123 123 123 124 124 124 126 126 135 135 135
-9999 -9999 -9999 -9999 -9999 -9999 -9999 -9999 -9999 -9999 -9999 -9999 -9999 -9999 -9999 -9999 -9999 -9999 -9999 -9999 -9999 -9999 -9999 -9999 -9999 -9999 -9999 -9999 -9999 -9999 -9999 124 122 122 122 118 118 118 112 112 104 104 104 102 102 102 108 108 115 115 115 111 111 105 105 105 102 102 102 101 101 104 104 104 106 106 106 108 108 110 110 110 110 110 109 109 109 109 109 109 113 113 120 120 120
-9999 -9999 -9999 -9999 -9999 -9999 -9999 -9999 -9999 -9999 -9999 -9999 -9999 -9999 -9999 -9999 -9999 -9999 -9999 -9999 -9999 -9999 -9999 -9999 -9999 -9999 -9999 -9999 -9999 -9999 -9999 124 122 122 122 118 118 118 112 112 104 104 104 102 102 102 108 108 115 115 115 111 111 105 105 105 102 102 102 101 101 104 104 104 106 106 106 108 108 110 110 110 110 110 109 109 109 109 109 109 113 113 120 120 120
-9999 -9999 -9999 -9999 -9999 -9999 -9999 -9999 -9999 -9999 -9999 -9999 -9999 -9999 -9999 -9999 -9999 -9999 -9999 -9999 -9999 -9999 -9999 -9999 -9999 -9999 -9999 -9999 -9999 -9999 -9999 124 122 122 122 118 118 118 112 112 104 104 104 102 102 102 108 108 115 115 115 111 111 105 105 105 102 102 102 101 101 104 104 104 106 106 106 108 108 110 110 110 110 110 109 109 109 109 109 109 113 113 120 120 120
-9999 -9999 -9999 -9999 -9999 -9999 -9999 -9999 -9999 -9999 -9999 -9999 -9999 -9999 -9999 -9999 -9999 -9999 -9999 -9999 -9999 -9999 -9999 -9999 -9999 -9999 103 87 87 87 77 77 75 75 75 72 72 72 67 67 57 57 57 49 49 49 47 47 54 54 54 62 62 66 66 66 68 68 68 75 75 86 86 86 93 93 93 92 92 91 91 91 86 86 82 82 82 80 80 80 83 83 91 91 91
-9999 -9999 -9999 -9999 -9999 -9999 -9999 -9999 -9999 -9999 -9999 -9999 -9999 -9999 -9999 -9999 -9999 -9999 -9999 -9999 -9999 -9999 -9999 -9999 -9999 -9999 103 87 87 87 77 77 75 75 75 72 72 72 67 67 57 57 57 49 49 49 47 47 54 54 54 62 62 66 66 66 68 68 68 75 75 86 86 86 93 93 93 92 92 91 91 91 86 86 82 82 82 80 80 80 83 83 91 91 91
-9999 -9999 -9999 -9999 -9999 -9999 -9999 -9999 -9999 -9999 -9999 -9999 -9999 -9999 -9999 -9999 -9999 -9999 -9999 -9999 -9999 -9999 -9999 -9999 -9999 -9999 -9999 103 103 103 80 80 64 64 64 54 54 54 46 46 44 44 44 41 41 41 34 34 36 36 36 48 48 63 63 63 78 78 78 90 90 103 103 103 109 109 109 106 106 101 101 101 95 95 92 92 92 90 90 90 89 89 89 89 89
-9999 -9999 -9999 -9999 -9999 -9999 -9999 -9999 -9999 -9999 -9999 -9999 -9999 -9999 -9999 -9999 -9999 -9999 -9999 -9999 -9999 -9999 -9999 -9999 -9999 -9999 -9999 103 103 103 80 80 64 64 64 54 54 54 46 46 44 44 44 41 41 41 34 34 36 36 36 48 48 63 63 63 78 78 78 90 90 103 103 103 109 109 109 106 106 101 101 101 95 95 92 92 92 90 90 90 89 89 89 89 89
-9999 -9999 -9999 -9999 -9999 -9999 -9999 -9999 -9999 -9999 -9999 -9999 -9999 -9999 -9999 -9999 -9999 -9999 -9999 -9999 -9999 -9999 -9999 -9999 -9999 -9999 109 103 103 103 80 80 64 64 64 54 54 54 46 46 44 44 44 41 41 41 34 34 36 36 36 48 48 63 63 63 78 78 78 90 90 103 103 103 109 109 109 106 106 101 101 101 95 95 92 92 92 90 90 90 89 89 89 89 89
-9999 -9999 -9999 -9999 -9999 -9999 -9999 -9999 -9999 -9999 -9999 -9999 -9999 -9999 -9999 -9999 -9999 -9999 -9999 -9999 -9999 -9999 -9999 -9999 -9999 -9999 101 105 105 105 99 99 82 82 82 69 69 69 64 64 68 68 68 70 70 70 63 63 58 58 58 57 57 68 68 68 86 86 86 99 99 108 108 108 109 109 109 106 106 103 103 103 102 102 103 103 103 102 102 102 98 98 96 96 96
-9999 -9999 -9999 -9999 -9999 -9999 -9999 -9999 -9999 -9999 -9999 -9999 -9999 -9999 -9999 -9999 -9999 -9999 -9999 -9999 -9999 -9999 -9999 -9999 -9999 -9999 101 105 105 105 99 99 82 82 82 69 69 69 64 64 68 68 68 70 70 70 63 63 58 58 58 57 57 68 68 68 86 86 86 99 99 108 108 108 109 109 109 106 106 103 103 103 102 102 103 103 103 102 102 102 98 98 96 96 96
-9999 -9999 -9999 -9999 -9999 -9999 -9999 -9999 -9999 -9999 -9999 -9999 -9999 -9999 -9999 -9999 -9999 -9999 -9999 -9999 -9999 -9999 -9999 -9999 -9999 -9999 101 105 105 105 99 99 82 82 82 69 69 69 64 64 68 68 68 70 70 70 63 63 58 58 58 57 57 68 68 68 86 86 86 99 99 108 108 108 109 109 109 106 106 103 103 103 102 102 103 103 103 102 102 102 98 98 96 96 96
-9999 -9999 -9999 -9999 -9999 -9999 -9999 -9999 -9999 -9999 -9999 -9999 -9999 -9999 -9999 -9999 -9999 -9999 -9999 -9999 -9999 -9999 -9999 -9999 -9999 -9999 92 82 82 82 82 82 78 78 78 71 71 71 69 69 78 78 78 88 88 88 86 86 84 84 84 84 84 86 86 86 92 92 92 96 96 100 100 100 103 103 103 103 103 105 105 105 107 107 112 112 112 116 116 116 116 116 117 117 117
-9999 -9999 -9999 -9999 -9999 -9999 -9999 -9999 -9999 -9999 -9999 -9999 -9999 -9999 -9999 -9999 -9999 -9999 -9999 -9999 -9999 -9999 -9999 -9999 -9999 -9999 92 82 82 82 82 82 78 78 78 71 71 71 69 69 78 78 78 88 88 88 86 86 84 84 84 84 84 86 86 86 92 92 92 96 96 100 100 100 103 103 103 103 103 105 105 105 107 107 112 112 112 116 116 116 116 116 117 117 117
-9999 -9999 -9999 -9999 -9999 -9999 -9999 -9999 -9999 -9999 -9999 -9999 -9999 -9999 -9999 -9999 -9999 -9999 -9999 -9999 -9999 -9999 -9999 -9999 -9999 -9999 -9999 135 135 135 125 125 92 92 92 74 74 74 70 70 67 67 67 70 70 70 77 77 86 86 86 88 88 88 88 88 87 87 87 82 82 78 78 78 85 85 85 95 95 101 101 101 105 105 112 112 112 120 120 120 122 122 123 123 123
-9999 -9999 -9999 -9999 -9999 -9999 -9999 -9999 -9999 -9999 -9999 -9999 -9999 -9999 -9999 -9999 -9999 -9999 -9999 -9999 -9999 -9999 -9999 -9999 -9999 -9999 -9999 -9999 -9999 135 125 125 92 92 92 74 74 74 70 70 67 67 67 70 70 70 77 77 86 86 86 88 88 88 88 88 87 87 87 82 82 78 78 78 85 85 85 95 95 101 101 101 105 105 112 112 112 120 120 120 122 122 123 123 123
-9999 -9999 -9999 -9999 -9999 -9999 -9999 -9999 -9999 -9999 -9999 -9999 -9999 -9999 -9999 -9999 -9999 -9999 -9999 99 99 99 104 104 104 118 118 135 135 135 125 125 92 92 92 74 74 74 70 70 67 67 67 70 70 70 77 77 86 86 86 88 88 88 88 88 87 87 87 82 82 78 78 78 85 85 85 95 95 101 101 101 105 105 112 112 112 120 120 120 122 122 123 123 123
-9999 -9999 -9999 -9999 -9999 -9999 -9999 -9999 -9999 -9999 -9999 -9999 -9999 -9999 -9999 -9999 -9999 -9999 -9999 88 88 88 73 73 73 74 74 87 87 87 90 90 79 79 79 69 69 69 66 66 64 64 64 61 61 61 59 59 60 60 60 58 58 60 60 60 65 65 65 65 65 59 59 59 55 55 55 64 64 81 81 81 92 92 98 98 98 101 101 101 100 100 99 99 99
-9999 -9999 -9999 -9999 -9999 -9999 -9999 -9999 -9999 -9999 -9999 -9999 -9999 -9999 -9999 -9999 -9999 -9999 -9999 -9999 88 88 73 73 73 74 74 87 87 87 90 90 79 79 79 69 69 69 66 66 64 64 64 61 61 61 59 59 60 60 60 58 58 60 60 60 65 65 65 65 65 59 59 59 55 55 55 64 64 81 81 81 92 92 98 98 98 101 101 101 100 100 99 99 99
-9999 -9999 -9999 -9999 -9999 -9999 -9999 -9999 -9999 -9999 -9999 -9999 -9999 -9999 50 50 50 45 45 50 50 50 54 54 54 56 56 54 54 54 59 59 71 71 71 72 72 72 68 68 74 74 74 77 77 77 71 71 70 70 70 72 72 77 77 77 83 83 83 87 87 87 87 87 77 77 77 75 75 95 95 95 114 114 116 116 116 111 111 111 106 106 101 101 101
-9999 -9999 -9999 -9999 -9999 -9999 -9999 -9999 -9999 -9999 -9999 -9999 -9999 64 50 50 50 45 45 50 50 50 54 54 54 56 56 54 54 54 59 59 71 71 71 72 72 72 68 68 74 74 74 77 77 77 71 71 70 70 70 72 72 77 77 77 83 83 83 87 87 87 87 87 77 77 77 75 75 95 95 95 114 114 116 116 116 111 111 111 106 106 101 101 101
-9999 -9999 -9999 -9999 -9999 -9999 -9999 -9999 -9999 -9999 -9999 66 64 64 50 50 50 45 45 50 50 50 54 54 54 56 56 54 54 54 59 59 71 71 71 72 72 72 68 68 74 74 74 77 77 77 71 71 70 70 70 72 72 77 77 77 83 83 83 87 87 87 87 87 77 77 77 75 75 95 95 95 114 114 116 116 116 111 111 111 106 106 101 101 101
-9999 -9999 -9999 -9999 -9999 -9999 -9999 -9999 -9999 -9999 49 49 0 0 28 28 28 30 30 41 41 41 61 61 61 73 73 79 79 79 84 84 79 79 79 68 68 68 59 59 56 56 56 56 56 56 55 55 63 63 63 73 73 82 82 82 86 86 86 83 83 82 82 82 81 81 81 85 85 93 93 93 99 99 101 101 101 100 100 100 97 97 96 96 96
-9999 -9999 -9999 -9999 -9999 -9999 -9999 -9999 -9999 49 49 49 0 0 28 28 28 30 30 41 41 41 61 61 61 73 73 79 79 79 84 84 79 79 79 68 68 68 59 59 56 56 56 56 56 56 55 55 63 63 63 73 73 82 82 82 86 86 86 83 83 82 82 82 81 81 81 85 85 93 93 93 99 99 101 101 101 100 100 100 97 97 96 96 96
-9999 -9999 -9999 -9999 -9999 -9999 -9999 -9999 54 49 49 49 0 0 28 28 28 30 30 41 41 41 61 61 61 73 73 79 79 79 84 84 79 79 79 68 68 68 59 59 56 56 56 56 56 56 55 55 63 63 63 73 73 82 82 82 86 86 86 83 83 82 82 82 81 81 81 85 85 93 93 93 99 99 101 101 101 100 100 100 97 97 96 96 96
-9999 -9999 -9999 -9999 -9999 -9999 -9999 -9999 51 48 48 48 42 42 52 52 52 62 62 64 64 64 64 64 64 68 68 75 75 75 80 80 79 79 79 71 71 71 59 59 52 52 52 52 52 52 55 55 62 62 62 73 73 83 83 83 85 85 85 78 78 72 72 72 80 80 80 94 94 96 96 96 86 86 86 86 86 92 92 92 94 94 94 94 94
-9999 -9999 -9999 -9999 -9999 -9999 -9999 -9999 -9999 -9999 48 48 42 42 52 52 52 62 62 64 64 64 64 64 64 68 68 75 75 75 80 80 79 79 79 71 71 71 59 59 52 52 52 52 52 52 55 55 62 62 62 73 73 83 83 83 85 85 85 78 78 72 72 72 80 80 80 94 94 96 96 96 86 86 86 86 86 92 92 92 94 94 94 94 94
-9999 -9999 -9999 -9999 -9999 -9999 -9999 -9999 -9999 -9999 64 64 80 80 71 71 71 59 59 57 57 57 57 57 57 62 62 71 71 71 76 76 78 78 78 73 73 73 59 59 49 49 49 53 53 53 66 66 81 81 81 83 83 75 75 75 67 67 67 66 66 84 84 84 103 103 103 103 103 98 98 98 85 85 78 78 78 84 84 84 91 91 93 93 93
-9999 -9999 -9999 -9999 -9999 -9999 -9999 -9999 -9999 -9999 -9999 64 80 80 71 71 71 59 59 57 57 57 57 57 57 62 62 71 71 71 76 76 78 78 78 73 73 73 59 59 49 49 49 53 53 53 66 66 81 81 81 83 83 75 75 75 67 67 67 66 66 84 84 84 103 103 103 103 103 98 98 98 85 85 78 78 78 84 84 84 91 91 93 93 93
-9999 -9999 -9999 -9999 -9999 -9999 -9999 -9999 -9999 -9999 -9999 -9999 80 80 -9999 -9999 71 59 59 57 57 57 57 57 57 62 62 71 71 71 76 76 78 78 78 73 73 73 59 59 49 49 49 53 53 53 66 66 81 81 81 83 83 75 75 75 67 67 67 66 66 84 84 84 103 103 103 103 103 98 98 98 85 85 78 78 78 84 84 84 91 91 93 93 93
-9999 -9999 -9999 -9999 -9999 -9999 -9999 -9999 -9999 -9999 -9999 -9999 82 82 -9999 -9999 -9999 80 80 58 58 58 49 49 49 54 54 62 62 62 64 64 64 64 64 59 59 59 48 48 41 41 41 39 39 39 49 49 70 70 70 67 67 47 47 47 39 39 39 59 59 94 94 94 105 105 105 93 93 82 82 82 74 74 69 69 69 68 68 68 71 71 76 76 76
-9999 -9999 -9999 -9999 -9999 -9999 -9999 -9999 -9999 -9999 -9999 -9999 -9999 -9999 -9999 -9999 -9999 80 80 58 58 58 49 49 49 54 54 62 62 62 64 64 64 64 64 59 59 59 48 48 41 41 41 39 39 39 49 49 70 70 70 67 67 47 47 47 39 39 39 59 59 94 94 94 105 105 105 93 93 82 82 82 74 74 69 69 69 68 68 68 71 71 76 76 76
-9999 -9999 -9999 -9999 -9999 -9999 -9999 -9999 -9999 -9999 -9999 -9999 -9999 -9999 -9999 -9999 -9999 -9999 80 58 58 58 49 49 49 54 54 62 62 62 64 64 64 64 64 59 59 59 48 48 41 41 41 39 39 39 49 49 70 70 70 67 67 47 47 47 39 39 39 59 59 94 94 94 105 105 105 93 93 82 82 82 74 74 69 69 69 68 68 68 71 71 76 76 76
-9999 -9999 -9999 -9999 -9999 -9999 -9999 -9999 -9999 -9999 -9999 -9999 -9999 -9999 -9999 -9999 -9999 -9999 87 71 71 71 62 62 62 65 65 69 69 69 69 69 66 66 66 63 63 63 61 61 67 67 67 70 70 70 63 63 68 68 68 70 70 62 62 62 71 71 71 97 97 115 115 115 109 109 109 98 98 93 93 93 92 92 92 92 92 89 89 89 86 86 87 87 87
-9999 -9999 -9999 -9999 -9999 -9999 -9999 -9999 -9999 -9999 -9999 -9999 -9999 -9999 -9999 -9999 -9999 -9999 -9999 71 71 71 62 62 62 65 65 69 69 69 69 69 66 66 66 63 63 63 61 61 67 67 67 70 70 70 63 63 68 68 68 70 70 62 62 62 71 71 71 97 97 115 115 115 109 109 109 98 98 93 93 93 92 92 92 92 92 89 89 89 86 86 87 87 87
-9999 -9999 -9999 -9999 -9999 -9999 -9999 -9999 -9999 -9999 -9999 -9999 -9999 -9999 -9999 -9999 -9999 -9999 -9999 -9999 94 94 97 97 97 78 78 67 67 67 65 65 61 61 61 62 62 62 64 64 73 73 73 83 83 83 68 68 43 43 43 0 0 64 64 64 76 76 76 63 63 58 58 58 61 61 61 60 60 61 61 61 67 67 72 72 72 75 75 75 77 77 77 77 77
