SEB_model/sample_data_files/contemp/hillshade/july6pm.txt
ncols         313
nrows         278
xllcorner     388961.19995117
yllcorner     7584381.3441773
cellsize      5
NODATA_value  -9999
[rows 195 to 233 of 278, columns 89 to 177 of 313]
76 76 58 58 58 40 40 40 34 34 71 71 71 160 160 128 128 128 16 16 16 28 28 63 63 63 76 76 66 66 66 61 61 61 46 46 39 39 39 34 34 34 36 36 63 63 63 78 78 80 80 -9999 -9999 -9999 -9999 -9999 -9999 -9999 -9999 -9999 -9999 -9999 -9999 -9999 -9999 -9999 -9999 -9999 -9999 -9999 -9999 -9999 -9999 -9999 -9999 -9999 -9999 -9999 -9999 -9999 -9999 -9999 -9999 -9999 -9999 -9999 -9999 -9999 -9999
76 76 58 58 58 40 40 40 34 34 71 71 71 160 160 128 128 128 16 16 16 28 28 63 63 63 76 76 66 66 66 61 61 61 46 46 39 39 39 34 34 34 36 36 63 63 63 78 78 80 -9999 -9999 -9999 -9999 -9999 -9999 -9999 -9999 -9999 -9999 -9999 -9999 -9999 -9999 -9999 -9999 -9999 -9999 -9999 -9999 -9999 -9999 -9999 -9999 -9999 -9999 -9999 -9999 -9999 -9999 -9999 -9999 -9999 -9999 -9999 -9999 -9999 -9999 -9999
72 72 56 56 56 35 35 35 22 22 48 48 48 152 152 154 154 154 54 54 54 35 35 58 58 58 73 73 62 62 62 59 59 59 47 47 41 41 41 41 41 41 33 33 59 59 59 88 88 91 -9999 -9999 -9999 -9999 -9999 -9999 -9999 -9999 -9999 -9999 -9999 -9999 -9999 -9999 -9999 -9999 -9999 -9999 -9999 -9999 -9999 -9999 -9999 -9999 -9999 -9999 -9999 -9999 -9999 -9999 -9999 -9999 -9999 -9999 -9999 -9999 -9999 -9999 -9999
72 72 56 56 56 35 35 35 22 22 48 48 48 152 152 154 154 154 54 54 54 35 35 58 58 58 73 73 62 62 62 59 59 59 47 47 41 41 41 41 41 41 33 33 59 59 59 88 88 91 91 -9999 67 67 67 72 72 -9999 -9999 -9999 -9999 -9999 -9999 -9999 -9999 -9999 -9999 -9999 -9999 -9999 -9999 -9999 -9999 -9999 -9999 -9999 -9999 -9999 -9999 -9999 -9999 -9999 -9999 -9999 -9999 -9999 -9999 -9999 -9999
53 53 28 28 28 13 13 13 11 11 40 40 40 122 122 144 144 144 98 98 98 53 53 50 50 50 59 59 56 56 56 68 68 68 57 57 45 45 45 42 42 42 41 41 74 74 74 95 95 96 -9999 96 86 86 86 91 91 70 70 -9999 -9999 -9999 -9999 -9999 -9999 -9999 -9999 -9999 -9999 -9999 -9999 -9999 -9999 -9999 -9999 -9999 -9999 -9999 -9999 -9999 -9999 -9999 -9999 -9999 -9999 -9999 -9999 -9999 -9999
53 53 28 28 28 13 13 13 11 11 40 40 40 122 122 144 144 144 98 98 98 53 53 50 50 50 59 59 56 56 56 68 68 68 57 57 45 45 45 42 42 42 41 41 74 74 74 95 95 96 96 96 86 86 86 91 91 -9999 -9999 -9999 -9999 -9999 -9999 -9999 -9999 -9999 -9999 -9999 -9999 -9999 -9999 -9999 -9999 -9999 -9999 -9999 -9999 -9999 -9999 -9999 -9999 -9999 -9999 -9999 -9999 -9999 -9999 -9999 -9999
53 53 28 28 28 13 13 13 11 11 40 40 40 122 122 144 144 144 98 98 98 53 53 50 50 50 59 59 56 56 56 68 68 68 57 57 45 45 45 42 42 42 41 41 74 74 74 95 95 96 96 96 86 86 86 91 91 -9999 -9999 -9999 -9999 -9999 -9999 -9999 -9999 -9999 -9999 -9999 -9999 -9999 -9999 -9999 -9999 -9999 -9999 -9999 -9999 -9999 -9999 -9999 -9999 -9999 -9999 -9999 -9999 -9999 -9999 -9999 -9999
36 36 0 0 0 0 0 0 0 0 57 57 57 100 100 114 114 114 79 79 79 46 46 45 45 45 47 47 54 54 54 75 75 75 67 67 56 56 56 54 54 54 65 65 95 95 95 101 101 97 97 97 99 99 99 107 107 66 -9999 -9999 -9999 -9999 -9999 -9999 -9999 -9999 -9999 -9999 -9999 -9999 -9999 -9999 -9999 -9999 -9999 -9999 -9999 -9999 -9999 -9999 -9999 -9999 -9999 -9999 -9999 -9999 -9999 -9999 -9999
36 36 0 0 0 0 0 0 0 0 57 57 57 100 100 114 114 114 79 79 79 46 46 45 45 45 47 47 54 54 54 75 75 75 67 67 56 56 56 54 54 54 65 65 95 95 95 101 101 97 97 97 99 99 99 107 107 66 -9999 -9999 -9999 -9999 -9999 -9999 -9999 -9999 -9999 -9999 -9999 -9999 -9999 -9999 -9999 -9999 -9999 -9999 -9999 -9999 -9999 -9999 -9999 -9999 -9999 -9999 -9999 -9999 -9999 -9999 -9999
36 36 0 0 0 0 0 0 0 0 57 57 57 100 100 114 114 114 79 79 79 46 46 45 45 45 47 47 54 54 54 75 75 75 67 67 56 56 56 54 54 54 65 65 95 95 95 101 101 97 97 97 99 99 99 107 107 66 -9999 -9999 -9999 -9999 -9999 -9999 -9999 -9999 -9999 -9999 -9999 -9999 -9999 -9999 -9999 -9999 -9999 -9999 -9999 -9999 -9999 -9999 -9999 -9999 -9999 -9999 -9999 -9999 -9999 -9999 -9999
32 32 23 23 23 4 4 4 0 0 70 70 70 89 89 90 90 90 46 46 46 0 0 95 95 95 87 87 84 84 84 91 91 91 91 91 87 87 87 86 86 86 99 99 112 112 112 105 105 98 98 98 101 101 101 109 109 -9999 -9999 -9999 -9999 -9999 -9999 -9999 -9999 -9999 -9999 -9999 -9999 -9999 -9999 -9999 -9999 -9999 -9999 -9999 -9999 -9999 -9999 -9999 -9999 -9999 -9999 -9999 -9999 -9999 -9999 -9999 -9999
32 32 23 23 23 4 4 4 0 0 70 70 70 89 89 90 90 90 46 46 46 0 0 95 95 95 87 87 84 84 84 91 91 91 91 91 87 87 87 86 86 86 99 99 112 112 112 105 105 98 98 98 101 101 101 109 109 -9999 -9999 -9999 -9999 -9999 -9999 -9999 -9999 -9999 -9999 -9999 -9999 -9999 -9999 -9999 -9999 -9999 -9999 -9999 -9999 -9999 -9999 -9999 -9999 -9999 -9999 -9999 -9999 -9999 -9999 -9999 -9999
30 30 36 36 36 21 21 21 0 0 68 68 68 87 87 89 89 89 38 38 38 0 0 126 126 126 119 119 104 104 104 98 98 98 100 100 101 101 101 105 105 105 117 117 119 119 119 107 107 101 101 101 107 107 107 103 -9999 -9999 -9999 -9999 -9999 -9999 -9999 -9999 -9999 -9999 -9999 -9999 -9999 -9999 -9999 -9999 -9999 -9999 -9999 -9999 -9999 -9999 -9999 -9999 -9999 -9999 -9999 -9999 -9999 -9999 -9999 -9999 -9999
30 30 36 36 36 21 21 21 0 0 68 68 68 87 87 89 89 89 38 38 38 0 0 126 126 126 119 119 104 104 104 98 98 98 100 100 101 101 101 105 105 105 117 117 119 119 119 107 107 101 101 101 107 107 107 103 -9999 -9999 -9999 -9999 -9999 -9999 -9999 -9999 -9999 -9999 -9999 -9999 -9999 -9999 -9999 -9999 -9999 -9999 -9999 -9999 -9999 -9999 -9999 -9999 -9999 -9999 -9999 -9999 -9999 -9999 -9999 -9999 -9999
30 30 36 36 36 21 21 21 0 0 68 68 68 87 87 89 89 89 38 38 38 0 0 126 126 126 119 119 104 104 104 98 98 98 100 100 101 101 101 105 105 105 117 117 119 119 119 107 107 101 101 101 107 107 107 103 103 -9999 -9999 -9999 -9999 -9999 -9999 -9999 -9999 -9999 -9999 -9999 -9999 -9999 -9999 -9999 -9999 -9999 -9999 -9999 -9999 -9999 -9999 -9999 -9999 -9999 -9999 -9999 -9999 -9999 -9999 -9999 -9999
36 36 47 47 47 43 43 43 30 30 65 65 65 90 90 92 92 92 45 45 45 0 0 125 125 125 134 134 120 120 120 108 108 108 102 102 99 99 99 106 106 106 119 119 119 119 119 109 109 106 106 106 112 112 112 95 95 -9999 -9999 -9999 -9999 -9999 -9999 -9999 -9999 -9999 -9999 -9999 -9999 -9999 -9999 -9999 -9999 -9999 -9999 -9999 -9999 -9999 -9999 -9999 -9999 -9999 -9999 -9999 -9999 -9999 -9999 -9999 -9999
36 36 47 47 47 43 43 43 30 30 65 65 65 90 90 92 92 92 45 45 45 0 0 125 125 125 134 134 120 120 120 108 108 108 102 102 99 99 99 106 106 106 119 119 119 119 119 109 109 106 106 106 112 112 112 95 95 -9999 -9999 -9999 -9999 -9999 -9999 -9999 -9999 -9999 -9999 -9999 -9999 -9999 -9999 -9999 -9999 -9999 -9999 -9999 -9999 -9999 -9999 -9999 -9999 -9999 -9999 -9999 -9999 -9999 -9999 -9999 -9999
36 36 47 47 47 43 43 43 30 30 65 65 65 90 90 92 92 92 45 45 45 0 0 125 125 125 134 134 120 120 120 108 108 108 102 102 99 99 99 106 106 106 119 119 119 119 119 109 109 106 106 106 112 112 112 95 95 -9999 -9999 -9999 -9999 -9999 -9999 -9999 -9999 -9999 -9999 -9999 -9999 -9999 -9999 -9999 -9999 -9999 -9999 -9999 -9999 -9999 -9999 -9999 -9999 -9999 -9999 -9999 -9999 -9999 -9999 -9999 -9999
56 56 63 63 63 64 64 64 39 39 57 57 57 89 89 91 91 91 55 55 55 62 62 121 121 121 142 142 140 140 140 123 123 123 109 109 99 99 99 101 101 101 115 115 119 119 119 114 114 113 113 113 116 116 116 107 107 -9999 -9999 -9999 -9999 -9999 -9999 -9999 -9999 -9999 -9999 -9999 -9999 -9999 -9999 -9999 -9999 -9999 -9999 -9999 -9999 -9999 -9999 -9999 -9999 -9999 -9999 -9999 -9999 -9999 -9999 -9999 -9999
56 56 63 63 63 64 64 64 39 39 57 57 57 89 89 91 91 91 55 55 55 62 62 121 121 121 142 142 140 140 140 123 123 123 109 109 99 99 99 101 101 101 115 115 119 119 119 114 114 113 113 113 116 116 116 107 107 -9999 -9999 -9999 -9999 -9999 -9999 -9999 -9999 -9999 -9999 -9999 -9999 -9999 -9999 -9999 -9999 -9999 -9999 -9999 -9999 -9999 -9999 -9999 -9999 -9999 -9999 -9999 -9999 -9999 -9999 -9999 -9999
73 73 79 79 79 81 81 81 46 46 49 49 49 88 88 95 95 95 71 71 71 75 75 116 116 116 143 143 150 150 150 133 133 133 111 111 99 99 99 102 102 102 114 114 122 122 122 123 123 121 121 121 119 119 119 118 118 -9999 -9999 -9999 -9999 -9999 -9999 -9999 -9999 -9999 -9999 -9999 -9999 -9999 -9999 -9999 -9999 -9999 -9999 -9999 -9999 -9999 -9999 -9999 -9999 -9999 -9999 -9999 -9999 -9999 -9999 -9999 -9999
73 73 79 79 79 81 81 81 46 46 49 49 49 88 88 95 95 95 71 71 71 75 75 116 116 116 143 143 150 150 150 133 133 133 111 111 99 99 99 102 102 102 114 114 122 122 122 123 123 121 121 121 119 119 119 118 118 -9999 -9999 -9999 -9999 -9999 -9999 -9999 -9999 -9999 -9999 -9999 -9999 -9999 -9999 -9999 -9999 -9999 -9999 -9999 -9999 -9999 -9999 -9999 -9999 -9999 -9999 -9999 -9999 -9999 -9999 -9999 -9999
73 73 79 79 79 81 81 81 46 46 49 49 49 88 88 95 95 95 71 71 71 75 75 116 116 116 143 143 150 150 150 133 133 133 111 111 99 99 99 102 102 102 114 114 122 122 122 123 123 121 121 121 119 119 119 118 118 -9999 -9999 -9999 -9999 -9999 -9999 -9999 -9999 -9999 -9999 -9999 -9999 -9999 -9999 -9999 -9999 -9999 -9999 -9999 -9999 -9999 -9999 -9999 -9999 -9999 -9999 -9999 -9999 -9999 -9999 -9999 -9999
82 82 90 90 90 92 92 92 61 61 54 54 54 86 86 100 100 100 88 88 88 93 93 118 118 118 138 138 142 142 142 124 124 124 104 104 104 104 104 115 115 115 120 120 123 123 123 128 128 126 126 126 120 120 120 117 117 -9999 -9999 -9999 -9999 -9999 -9999 -9999 -9999 -9999 -9999 -9999 -9999 -9999 -9999 -9999 -9999 -9999 -9999 -9999 -9999 -9999 -9999 -9999 -9999 -9999 -9999 -9999 -9999 -9999 -9999 -9999 -9999
82 82 90 90 90 92 92 92 61 61 54 54 54 86 86 100 100 100 88 88 88 93 93 118 118 118 138 138 142 142 142 124 124 124 104 104 104 104 104 115 115 115 120 120 123 123 123 128 128 126 126 126 120 120 120 117 117 -9999 -9999 -9999 -9999 -9999 -9999 -9999 -9999 -9999 -9999 -9999 -9999 -9999 -9999 -9999 -9999 -9999 -9999 -9999 -9999 -9999 -9999 -9999 -9999 -9999 -9999 -9999 -9999 -9999 -9999 -9999 -9999
88 88 99 99 99 95 95 95 78 78 73 73 73 84 84 102 102 102 107 107 107 117 117 124 124 124 126 126 120 120 120 102 102 102 103 103 120 120 120 129 129 129 132 132 128 128 128 125 125 124 124 124 122 122 122 108 108 -9999 -9999 -9999 -9999 -9999 -9999 -9999 -9999 -9999 -9999 -9999 -9999 -9999 -9999 -9999 -9999 -9999 -9999 -9999 -9999 -9999 -9999 -9999 -9999 -9999 -9999 -9999 -9999 -9999 -9999 -9999 -9999
88 88 99 99 99 95 95 95 78 78 73 73 73 84 84 102 102 102 107 107 107 117 117 124 124 124 126 126 120 120 120 102 102 102 103 103 120 120 120 129 129 129 132 132 128 128 128 125 125 124 124 124 122 122 122 108 -9999 -9999 -9999 -9999 -9999 -9999 -9999 -9999 -9999 -9999 -9999 -9999 -9999 -9999 -9999 -9999 -9999 -9999 -9999 -9999 -9999 -9999 -9999 -9999 -9999 -9999 -9999 -9999 -9999 -9999 -9999 -9999 -9999
88 88 99 99 99 95 95 95 78 78 73 73 73 84 84 102 102 102 107 107 107 117 117 124 124 124 126 126 120 120 120 102 102 102 103 103 120 120 120 129 129 129 132 132 128 128 128 125 125 124 124 124 122 122 122 108 -9999 -9999 -9999 -9999 -9999 -9999 -9999 -9999 -9999 -9999 -9999 -9999 -9999 -9999 -9999 -9999 -9999 -9999 -9999 -9999 -9999 -9999 -9999 -9999 -9999 -9999 -9999 -9999 -9999 -9999 -9999 -9999 -9999
90 90 92 92 92 90 90 90 100 100 103 103 103 99 99 107 107 107 116 116 116 114 114 109 109 109 101 101 99 99 99 103 103 103 116 116 132 132 132 138 138 138 141 141 133 133 133 122 122 120 120 120 122 122 122 86 -9999 -9999 -9999 -9999 -9999 -9999 -9999 -9999 -9999 -9999 -9999 -9999 -9999 -9999 -9999 -9999 -9999 -9999 -9999 -9999 -9999 -9999 -9999 -9999 -9999 -9999 -9999 -9999 -9999 -9999 -9999 -9999 -9999
90 90 92 92 92 90 90 90 100 100 103 103 103 99 99 107 107 107 116 116 116 114 114 109 109 109 101 101 99 99 99 103 103 103 116 116 132 132 132 138 138 138 141 141 133 133 133 122 122 120 120 120 122 122 122 86 -9999 -9999 -9999 -9999 -9999 -9999 -9999 -9999 -9999 -9999 -9999 -9999 -9999 -9999 -9999 -9999 -9999 -9999 -9999 -9999 -9999 -9999 -9999 -9999 -9999 -9999 -9999 -9999 -9999 -9999 -9999 -9999 -9999
90 90 92 92 92 90 90 90 100 100 103 103 103 99 99 107 107 107 116 116 116 114 114 109 109 109 101 101 99 99 99 103 103 103 116 116 132 132 132 138 138 138 141 141 133 133 133 122 122 120 120 120 122 122 122 86 -9999 -9999 -9999 -9999 -9999 -9999 -9999 -9999 -9999 -9999 -9999 -9999 -9999 -9999 -9999 -9999 -9999 -9999 -9999 -9999 -9999 -9999 -9999 -9999 -9999 -9999 -9999 -9999 -9999 -9999 -9999 -9999 -9999
86 86 67 67 67 88 88 88 120 120 126 126 126 118 118 113 113 113 108 108 108 73 73 66 66 66 94 94 114 114 114 123 123 123 127 127 137 137 137 142 142 142 143 143 133 133 133 124 124 121 121 121 121 121 121 76 -9999 -9999 -9999 -9999 -9999 -9999 -9999 -9999 -9999 -9999 -9999 -9999 -9999 -9999 -9999 -9999 -9999 -9999 -9999 -9999 -9999 -9999 -9999 -9999 -9999 -9999 -9999 -9999 -9999 -9999 -9999 -9999 -9999
86 86 67 67 67 88 88 88 120 120 126 126 126 118 118 113 113 113 108 108 108 73 73 66 66 66 94 94 114 114 114 123 123 123 127 127 137 137 137 142 142 142 143 143 133 133 133 124 124 121 121 121 121 121 121 76 76 -9999 -9999 -9999 -9999 -9999 -9999 -9999 -9999 -9999 -9999 -9999 -9999 -9999 -9999 -9999 -9999 -9999 -9999 -9999 -9999 -9999 -9999 -9999 -9999 -9999 -9999 -9999 -9999 -9999 -9999 -9999 -9999
86 86 75 75 75 95 95 95 120 120 128 128 128 122 122 99 99 99 60 60 60 38 38 73 73 73 122 122 136 136 136 132 132 132 142 142 145 145 145 135 135 135 132 132 130 130 130 131 131 130 130 130 125 125 125 91 91 -9999 -9999 -9999 -9999 -9999 -9999 -9999 -9999 -9999 -9999 -9999 -9999 -9999 -9999 -9999 -9999 -9999 -9999 -9999 -9999 -9999 -9999 -9999 -9999 -9999 -9999 -9999 -9999 -9999 -9999 -9999 -9999
86 86 75 75 75 95 95 95 120 120 128 128 128 122 122 99 99 99 60 60 60 38 38 73 73 73 122 122 136 136 136 132 132 132 142 142 145 145 145 135 135 135 132 132 130 130 130 131 131 130 130 130 125 125 125 91 91 -9999 -9999 -9999 -9999 -9999 -9999 -9999 -9999 -9999 -9999 -9999 -9999 -9999 -9999 -9999 -9999 -9999 -9999 -9999 -9999 -9999 -9999 -9999 -9999 -9999 -9999 -9999 -9999 -9999 -9999 -9999 -9999
86 86 75 75 75 95 95 95 120 120 128 128 128 122 122 99 99 99 60 60 60 38 38 73 73 73 122 122 136 136 136 132 132 132 142 142 145 145 145 135 135 135 132 132 130 130 130 131 131 130 130 130 125 125 125 91 91 82 -9999 -9999 -9999 -9999 -9999 -9999 -9999 -9999 -9999 -9999 -9999 -9999 -9999 -9999 -9999 -9999 -9999 -9999 -9999 -9999 -9999 -9999 -9999 -9999 -9999 -9999 -9999 -9999 -9999 -9999 -9999
102 102 110 110 110 104 104 104 103 103 107 107 107 82 82 50 50 50 48 48 48 88 88 121 121 121 142 142 146 146 146 137 137 137 150 150 148 148 148 127 127 127 121 121 125 125 125 135 135 139 139 139 132 132 132 116 116 89 89 -9999 -9999 -9999 -9999 -9999 -9999 -9999 -9999 -9999 -9999 -9999 -9999 -9999 -9999 -9999 -9999 -9999 -9999 -9999 -9999 -9999 -9999 -9999 -9999 -9999 -9999 -9999 -9999 -9999 -9999
102 102 110 110 110 104 104 104 103 103 107 107 107 82 82 50 50 50 48 48 48 88 88 121 121 121 142 142 146 146 146 137 137 137 150 150 148 148 148 127 127 127 121 121 125 125 125 135 135 139 139 139 132 132 132 116 116 89 89 89 -9999 -9999 -9999 -9999 -9999 -9999 -9999 -9999 -9999 -9999 -9999 -9999 -9999 -9999 -9999 -9999 -9999 -9999 -9999 -9999 -9999 -9999 -9999 -9999 -9999 -9999 -9999 -9999 -9999
120 120 124 124 124 108 108 108 95 95 75 75 75 19 19 0 0 0 112 112 112 150 150 144 144 144 153 153 159 159 159 142 142 142 149 149 144 144 144 131 131 131 126 126 122 122 122 136 136 143 143 143 138 138 138 130 130 108 108 108 71 -9999 -9999 -9999 -9999 -9999 -9999 -9999 -9999 -9999 -9999 -9999 -9999 -9999 -9999 -9999 -9999 -9999 -9999 -9999 -9999 -9999 -9999 -9999 -9999 -9999 -9999 -9999 -9999
