SEB_model/sample_data_files/contemp/hillshade/julynoon.txt
ncols         313
nrows         278
xllcorner     388961.19995117
yllcorner     7584381.3441773
cellsize      5
NODATA_value  -9999
[rows 38 to 75 of 278, columns 170 to 254 of 313]
214 214 206 206 206 218 218 218 231 231 229 229 229 235 235 235 243 243 245 245 245 242 242 226 226 226 198 198 198 173 173 165 165 165 162 162 161 161 161 167 167 167 159 159 137 137 137 112 112 112 97 97 97 97 97 99 99 91 91 91 82 82 82 77 77 77 77 77 92 92 142 142 142 199 199 199 232 232 247 247 247 251 251 251 248
214 214 206 206 206 218 218 218 231 231 229 229 229 235 235 235 243 243 245 245 245 242 242 226 226 226 198 198 198 173 173 165 165 165 162 162 161 161 161 167 167 167 159 159 137 137 137 112 112 112 97 97 97 97 97 99 99 91 91 91 82 82 82 77 77 77 77 77 92 92 142 142 142 199 199 199 232 232 247 247 247 251 251 251 248
214 214 197 197 197 196 196 196 197 197 206 206 206 220 220 220 230 230 236 236 236 238 238 231 231 231 210 210 210 180 180 164 164 164 156 156 148 148 148 142 142 142 129 129 118 118 118 115 115 115 117 117 123 123 123 120 120 105 105 105 87 87 87 73 73 71 71 71 85 85 114 114 114 156 156 156 205 205 239 239 239 251 251 251 253
214 214 197 197 197 196 196 196 197 197 206 206 206 220 220 220 230 230 236 236 236 238 238 231 231 231 210 210 210 180 180 164 164 164 156 156 148 148 148 142 142 142 129 129 118 118 118 115 115 115 117 117 123 123 123 120 120 105 105 105 87 87 87 73 73 71 71 71 85 85 114 114 114 156 156 156 205 205 239 239 239 251 251 251 253
207 207 191 191 191 186 186 186 192 192 207 207 207 218 218 218 219 219 216 216 216 217 217 218 218 218 209 209 209 190 190 176 176 176 160 160 141 141 141 130 130 130 129 129 134 134 134 134 134 134 135 135 142 142 142 140 140 124 124 124 106 106 106 104 104 122 122 122 145 145 161 161 161 172 172 172 192 192 212 212 212 232 232 232 248
207 207 191 191 191 186 186 186 192 192 207 207 207 218 218 218 219 219 216 216 216 217 217 218 218 218 209 209 209 190 190 176 176 176 160 160 141 141 141 130 130 130 129 129 134 134 134 134 134 134 135 135 142 142 142 140 140 124 124 124 106 106 106 104 104 122 122 122 145 145 161 161 161 172 172 172 192 192 212 212 212 232 232 232 248
207 207 191 191 191 186 186 186 192 192 207 207 207 218 218 218 219 219 216 216 216 217 217 218 218 218 209 209 209 190 190 176 176 176 160 160 141 141 141 130 130 130 129 129 134 134 134 134 134 134 135 135 142 142 142 140 140 124 124 124 106 106 106 104 104 122 122 122 145 145 161 161 161 172 172 172 192 192 212 212 212 232 232 232 248
197 197 184 184 184 173 173 173 172 172 181 181 181 189 189 189 194 194 198 198 198 199 199 200 200 200 199 199 199 194 194 182 182 182 159 159 138 138 138 139 139 139 148 148 153 153 153 146 146 146 139 139 141 141 141 136 136 131 131 131 130 130 130 136 136 153 153 153 166 166 182 182 182 189 189 189 194 194 200 200 200 205 205 205 225
197 197 184 184 184 173 173 173 172 172 181 181 181 189 189 189 194 194 198 198 198 199 199 200 200 200 199 199 199 194 194 182 182 182 159 159 138 138 138 139 139 139 148 148 153 153 153 146 146 146 139 139 141 141 141 136 136 131 131 131 130 130 130 136 136 153 153 153 166 166 182 182 182 189 189 189 194 194 200 200 200 205 205 205 225
197 197 184 184 184 173 173 173 172 172 181 181 181 189 189 189 194 194 198 198 198 199 199 200 200 200 199 199 199 194 194 182 182 182 159 159 138 138 138 139 139 139 148 148 153 153 153 146 146 146 139 139 141 141 141 136 136 131 131 131 130 130 130 136 136 153 153 153 166 166 182 182 182 189 189 189 194 194 200 200 200 205 205 205 225
183 183 162 162 162 151 151 151 149 149 153 153 153 155 155 155 158 158 168 168 168 180 180 188 188 188 190 190 190 183 183 162 162 162 140 140 137 137 137 150 150 150 159 159 156 156 156 141 141 141 129 129 127 127 127 128 128 138 138 138 148 148 148 152 152 164 164 164 166 166 177 177 177 181 181 181 174 174 174 174 174 181 181 181 195
183 183 162 162 162 151 151 151 149 149 153 153 153 155 155 155 158 158 168 168 168 180 180 188 188 188 190 190 190 183 183 162 162 162 140 140 137 137 137 150 150 150 159 159 156 156 156 141 141 141 129 129 127 127 127 128 128 138 138 138 148 148 148 152 152 164 164 164 166 166 177 177 177 181 181 181 174 174 174 174 174 181 181 181 195
158 158 148 148 148 150 150 150 152 152 151 151 151 151 151 151 151 151 154 154 154 157 157 161 161 161 161 161 161 150 150 136 136 136 137 137 149 149 149 161 161 161 164 164 153 153 153 137 137 137 125 125 127 127 127 138 138 154 154 154 160 160 160 157 157 163 163 163 161 161 164 164 164 163 163 163 148 148 136 136 136 140 140 140 155
158 158 148 148 148 150 150 150 152 152 151 151 151 151 151 151 151 151 154 154 154 157 157 161 161 161 161 161 161 150 150 136 136 136 137 137 149 149 149 161 161 161 164 164 153 153 153 137 137 137 125 125 127 127 127 138 138 154 154 154 160 160 160 157 157 163 163 163 161 161 164 164 164 163 163 163 148 148 136 136 136 140 140 140 155
158 158 148 148 148 150 150 150 152 152 151 151 151 151 151 151 151 151 154 154 154 157 157 161 161 161 161 161 161 150 150 136 136 136 137 137 149 149 149 161 161 161 164 164 153 153 153 137 137 137 125 125 127 127 127 138 138 154 154 154 160 160 160 157 157 163 163 163 161 161 164 164 164 163 163 163 148 148 136 136 136 140 140 140 155
154 154 158 158 158 160 160 160 157 157 154 154 154 153 153 153 153 153 153 153 153 145 145 135 135 135 130 130 130 130 130 143 143 143 159 159 158 158 158 159 159 159 154 154 140 140 140 133 133 133 130 130 140 140 140 156 156 166 166 166 165 165 165 156 156 158 158 158 157 157 157 157 157 160 160 160 151 151 134 134 134 120 120 120 120
154 154 158 158 158 160 160 160 157 157 154 154 154 153 153 153 153 153 153 153 153 145 145 135 135 135 130 130 130 130 130 143 143 143 159 159 158 158 158 159 159 159 154 154 140 140 140 133 133 133 130 130 140 140 140 156 156 166 166 166 165 165 165 156 156 158 158 158 157 157 157 157 157 160 160 160 151 151 134 134 134 120 120 120 120
154 154 158 158 158 160 160 160 157 157 154 154 154 153 153 153 153 153 153 153 153 145 145 135 135 135 130 130 130 130 130 143 143 143 159 159 158 158 158 159 159 159 154 154 140 140 140 133 133 133 130 130 140 140 140 156 156 166 166 166 165 165 165 156 156 158 158 158 157 157 157 157 157 160 160 160 151 151 134 134 134 120 120 120 120
161 161 162 162 162 159 159 159 153 153 149 149 149 149 149 149 150 150 150 150 150 141 141 130 130 130 128 128 128 140 140 164 164 164 169 169 156 156 156 148 148 148 138 138 133 133 133 138 138 138 145 145 158 158 158 168 168 169 169 169 161 161 161 151 151 152 152 152 150 150 149 149 149 150 150 150 143 143 125 125 125 105 105 105 95
161 161 162 162 162 159 159 159 153 153 149 149 149 149 149 149 150 150 150 150 150 141 141 130 130 130 128 128 128 140 140 164 164 164 169 169 156 156 156 148 148 148 138 138 133 133 133 138 138 138 145 145 158 158 158 168 168 169 169 169 161 161 161 151 151 152 152 152 150 150 149 149 149 150 150 150 143 143 125 125 125 105 105 105 95
160 160 155 155 155 150 150 150 145 145 144 144 144 146 146 146 150 150 153 153 153 148 148 141 141 141 141 141 141 151 151 164 164 164 161 161 147 147 147 137 137 137 134 134 142 142 142 155 155 155 160 160 164 164 164 163 163 159 159 159 151 151 151 142 142 140 140 140 136 136 130 130 130 127 127 127 120 120 106 106 106 92 92 92 87
160 160 155 155 155 150 150 150 145 145 144 144 144 146 146 146 150 150 153 153 153 148 148 141 141 141 141 141 141 151 151 164 164 164 161 161 147 147 147 137 137 137 134 134 142 142 142 155 155 155 160 160 164 164 164 163 163 159 159 159 151 151 151 142 142 140 140 140 136 136 130 130 130 127 127 127 120 120 106 106 106 92 92 92 87
160 160 155 155 155 150 150 150 145 145 144 144 144 146 146 146 150 150 153 153 153 148 148 141 141 141 141 141 141 151 151 164 164 164 161 161 147 147 147 137 137 137 134 134 142 142 142 155 155 155 160 160 164 164 164 163 163 159 159 159 151 151 151 142 142 140 140 140 136 136 130 130 130 127 127 127 120 120 106 106 106 92 92 92 87
167 167 160 160 160 154 154 154 151 151 152 152 152 153 153 153 155 155 160 160 160 163 163 162 162 162 160 160 160 160 160 165 165 165 160 160 146 146 146 139 139 139 143 143 158 158 158 170 170 170 168 168 167 167 167 164 164 159 159 159 150 150 150 138 138 131 131 131 126 126 121 121 121 119 119 119 114 114 108 108 108 103 103 103 104
167 167 160 160 160 154 154 154 151 151 152 152 152 153 153 153 155 155 160 160 160 163 163 162 162 162 160 160 160 160 160 165 165 165 160 160 146 146 146 139 139 139 143 143 158 158 158 170 170 170 168 168 167 167 167 164 164 159 159 159 150 150 150 138 138 131 131 131 126 126 121 121 121 119 119 119 114 114 108 108 108 103 103 103 104
172 172 165 165 165 161 161 161 164 164 166 166 166 164 164 164 161 161 163 163 163 166 166 168 168 168 168 168 168 164 164 166 166 166 158 158 144 144 144 144 144 144 156 156 171 171 171 177 177 177 171 171 167 167 167 162 162 157 157 157 150 150 150 140 140 136 136 136 134 134 132 132 132 134 134 134 134 134 135 135 135 136 136 136 139
172 172 165 165 165 161 161 161 164 164 166 166 166 164 164 164 161 161 163 163 163 166 166 168 168 168 168 168 168 164 164 166 166 166 158 158 144 144 144 144 144 144 156 156 171 171 171 177 177 177 171 171 167 167 167 162 162 157 157 157 150 150 150 140 140 136 136 136 134 134 132 132 132 134 134 134 134 134 135 135 135 136 136 136 139
172 172 165 165 165 161 161 161 164 164 166 166 166 164 164 164 161 161 163 163 163 166 166 168 168 168 168 168 168 164 164 166 166 166 158 158 144 144 144 144 144 144 156 156 171 171 171 177 177 177 171 171 167 167 167 162 162 157 157 157 150 150 150 140 140 136 136 136 134 134 132 132 132 134 134 134 134 134 135 135 135 136 136 136 139
150 150 149 149 149 156 156 156 164 164 168 168 168 163 163 163 157 157 158 158 158 162 162 166 166 166 166 166 166 159 159 157 157 157 147 147 139 139 139 146 146 146 159 159 168 168 168 166 166 166 155 155 147 147 147 138 138 135 135 135 138 138 138 138 138 139 139 139 141 141 144 144 144 150 150 150 153 153 156 156 156 158 158 158 159
150 150 149 149 149 156 156 156 164 164 168 168 168 163 163 163 157 157 158 158 158 162 162 166 166 166 166 166 166 159 159 157 157 157 147 147 139 139 139 146 146 146 159 159 168 168 168 166 166 166 155 155 147 147 147 138 138 135 135 135 138 138 138 138 138 139 139 139 141 141 144 144 144 150 150 150 153 153 156 156 156 158 158 158 159
150 150 149 149 149 156 156 156 164 164 168 168 168 163 163 163 157 157 158 158 158 162 162 166 166 166 166 166 166 159 159 157 157 157 147 147 139 139 139 146 146 146 159 159 168 168 168 166 166 166 155 155 147 147 147 138 138 135 135 135 138 138 138 138 138 139 139 139 141 141 144 144 144 150 150 150 153 153 156 156 156 158 158 158 159
130 130 137 137 137 150 150 150 159 159 162 162 162 158 158 158 155 155 156 156 156 159 159 162 162 162 161 161 161 153 153 149 149 149 143 143 142 142 142 149 149 149 154 154 155 155 155 147 147 147 132 132 118 118 118 107 107 108 108 108 121 121 121 132 132 139 139 139 143 143 148 148 148 156 156 156 160 160 160 160 160 159 159 159 157
130 130 137 137 137 150 150 150 159 159 162 162 162 158 158 158 155 155 156 156 156 159 159 162 162 162 161 161 161 153 153 149 149 149 143 143 142 142 142 149 149 149 154 154 155 155 155 147 147 147 132 132 118 118 118 107 107 108 108 108 121 121 121 132 132 139 139 139 143 143 148 148 148 156 156 156 160 160 160 160 160 159 159 159 157
123 123 134 134 134 144 144 144 149 149 151 151 151 152 152 152 154 154 157 157 157 158 158 157 157 157 153 153 153 146 146 143 143 143 145 145 147 147 147 146 146 146 141 141 133 133 133 120 120 120 102 102 90 90 90 89 89 97 97 97 109 109 109 124 124 139 139 139 146 146 150 150 150 157 157 157 157 157 153 153 153 147 147 147 139
123 123 134 134 134 144 144 144 149 149 151 151 151 152 152 152 154 154 157 157 157 158 158 157 157 157 153 153 153 146 146 143 143 143 145 145 147 147 147 146 146 146 141 141 133 133 133 120 120 120 102 102 90 90 90 89 89 97 97 97 109 109 109 124 124 139 139 139 146 146 150 150 150 157 157 157 157 157 153 153 153 147 147 147 139
123 123 134 134 134 144 144 144 149 149 151 151 151 152 152 152 154 154 157 157 157 158 158 157 157 157 153 153 153 146 146 143 143 143 145 145 147 147 147 146 146 146 141 141 133 133 133 120 120 120 102 102 90 90 90 89 89 97 97 97 109 109 109 124 124 139 139 139 146 146 150 150 150 157 157 157 157 157 153 153 153 147 147 147 139
130 130 138 138 138 138 138 138 134 134 136 136 136 144 144 144 149 149 151 151 151 147 147 145 145 145 144 144 144 142 142 146 146 146 153 153 153 153 153 146 146 146 131 131 113 113 113 95 95 95 82 82 81 81 81 92 92 104 104 104 110 110 110 117 117 132 132 132 141 141 143 143 143 144 144 144 139 139 129 129 129 119 119 119 108
130 130 138 138 138 138 138 138 134 134 136 136 136 144 144 144 149 149 151 151 151 147 147 145 145 145 144 144 144 142 142 146 146 146 153 153 153 153 153 146 146 146 131 131 113 113 113 95 95 95 82 82 81 81 81 92 92 104 104 104 110 110 110 117 117 132 132 132 141 141 143 143 143 144 144 144 139 139 129 129 129 119 119 119 108
