SEB_model/sample_data_files/contemp/hillshade/julynoon.txt
ncols         313
nrows         278
xllcorner     388961.19995117
yllcorner     7584381.3441773
cellsize      5
NODATA_value  -9999
[rows 114 to 151 of 278, columns 170 to 254 of 313]
74 74 72 72 72 67 67 67 63 63 68 68 68 73 73 73 74 74 76 76 76 77 77 79 79 79 87 87 87 96 96 108 108 108 114 114 106 106 106 97 97 97 90 90 89 89 89 97 97 97 106 106 112 112 112 120 120 127 127 127 128 128 128 123 123 119 119 119 114 114 96 96 96 71 71 71 58 58 54 54 54 52 52 52 53
74 74 72 72 72 67 67 67 63 63 68 68 68 73 73 73 74 74 76 76 76 77 77 79 79 79 87 87 87 96 96 108 108 108 114 114 106 106 106 97 97 97 90 90 89 89 89 97 97 97 106 106 112 112 112 120 120 127 127 127 128 128 128 123 123 119 119 119 114 114 96 96 96 71 71 71 58 58 54 54 54 52 52 52 53
48 48 44 44 44 48 48 48 50 50 48 48 48 49 49 49 55 55 64 64 64 71 71 75 75 75 84 84 84 92 92 95 95 95 103 103 104 104 104 85 85 85 68 68 68 68 68 79 79 79 88 88 90 90 90 88 88 86 86 86 78 78 78 73 73 78 78 78 87 87 89 89 89 87 87 87 83 83 71 71 71 53 53 53 45
48 48 44 44 44 48 48 48 50 50 48 48 48 49 49 49 55 55 64 64 64 71 71 75 75 75 84 84 84 92 92 95 95 95 103 103 104 104 104 85 85 85 68 68 68 68 68 79 79 79 88 88 90 90 90 88 88 86 86 86 78 78 78 73 73 78 78 78 87 87 89 89 89 87 87 87 83 83 71 71 71 53 53 53 45
69 69 65 65 65 65 65 65 72 72 77 77 77 79 79 79 84 84 91 91 91 97 97 98 98 98 101 101 101 111 111 112 112 112 108 108 113 113 113 111 111 111 98 98 89 89 89 92 92 92 95 95 88 88 88 76 76 67 67 67 57 57 57 53 53 60 60 60 73 73 81 81 81 83 83 83 83 83 85 85 85 88 88 88 90
69 69 65 65 65 65 65 65 72 72 77 77 77 79 79 79 84 84 91 91 91 97 97 98 98 98 101 101 101 111 111 112 112 112 108 108 113 113 113 111 111 111 98 98 89 89 89 92 92 92 95 95 88 88 88 76 76 67 67 67 57 57 57 53 53 60 60 60 73 73 81 81 81 83 83 83 83 83 85 85 85 88 88 88 90
69 69 65 65 65 65 65 65 72 72 77 77 77 79 79 79 84 84 91 91 91 97 97 98 98 98 101 101 101 111 111 112 112 112 108 108 113 113 113 111 111 111 98 98 89 89 89 92 92 92 95 95 88 88 88 76 76 67 67 67 57 57 57 53 53 60 60 60 73 73 81 81 81 83 83 83 83 83 85 85 85 88 88 88 -9999
85 85 94 94 94 96 96 96 97 97 108 108 108 114 114 114 108 108 101 101 101 98 98 97 97 97 92 92 92 93 93 99 99 99 94 94 86 86 86 86 86 86 88 88 86 86 86 77 77 77 69 69 61 61 61 50 50 43 43 43 42 42 42 46 46 52 52 52 59 59 67 67 67 72 72 72 77 77 83 83 83 90 90 90 -9999
85 85 94 94 94 96 96 96 97 97 108 108 108 114 114 114 108 108 101 101 101 98 98 97 97 97 92 92 92 93 93 99 99 99 94 94 86 86 86 86 86 86 88 88 86 86 86 77 77 77 69 69 61 61 61 50 50 43 43 43 42 42 42 46 46 52 52 52 59 59 67 67 67 72 72 72 77 77 83 83 83 90 90 90 -9999
85 85 94 94 94 96 96 96 97 97 108 108 108 114 114 114 108 108 101 101 101 98 98 97 97 97 92 92 92 93 93 99 99 99 94 94 86 86 86 86 86 86 88 88 86 86 86 77 77 77 69 69 61 61 61 50 50 43 43 43 42 42 42 46 46 52 52 52 59 59 67 67 67 72 72 72 77 77 83 83 83 -9999 -9999 -9999 -9999
92 92 105 105 105 122 122 122 122 122 116 116 116 114 114 114 104 104 89 89 89 81 81 83 83 83 81 81 81 73 73 73 73 73 71 71 57 57 57 48 48 48 59 59 69 69 69 56 56 56 41 41 42 42 42 44 44 44 44 44 50 50 50 58 58 62 62 62 63 63 66 66 66 73 73 73 81 81 88 88 -9999 -9999 -9999 -9999 -9999
92 92 105 105 105 122 122 122 122 122 116 116 116 114 114 114 104 104 89 89 89 81 81 83 83 83 81 81 81 73 73 73 73 73 71 71 57 57 57 48 48 48 59 59 69 69 69 56 56 56 41 41 42 42 42 44 44 44 44 44 50 50 50 58 58 62 62 62 63 63 66 66 66 73 73 73 81 81 88 -9999 -9999 -9999 -9999 -9999 -9999
64 64 78 78 78 97 97 97 105 105 93 93 93 76 76 76 69 69 64 64 64 54 54 50 50 50 50 50 50 47 47 45 45 45 42 42 38 38 38 45 45 45 56 56 56 56 56 48 48 48 41 41 46 46 46 57 57 66 66 66 76 76 76 81 81 81 81 81 77 77 76 76 76 82 82 82 -9999 -9999 -9999 -9999 -9999 -9999 -9999 -9999 -9999
64 64 78 78 78 97 97 97 105 105 93 93 93 76 76 76 69 69 64 64 64 54 54 50 50 50 50 50 50 47 47 45 45 45 42 42 38 38 38 45 45 45 56 56 56 56 56 48 48 48 41 41 46 46 46 57 57 66 66 66 76 76 76 81 81 81 81 81 77 77 76 76 76 82 82 82 -9999 -9999 -9999 -9999 -9999 -9999 -9999 -9999 -9999
64 64 78 78 78 97 97 97 105 105 93 93 93 76 76 76 69 69 64 64 64 54 54 50 50 50 50 50 50 47 47 45 45 45 42 42 38 38 38 45 45 45 56 56 56 56 56 48 48 48 41 41 46 46 46 57 57 66 66 66 76 76 76 81 81 81 81 81 77 77 76 76 76 82 -9999 -9999 -9999 -9999 -9999 -9999 -9999 -9999 -9999 -9999 -9999
30 30 40 40 40 47 47 47 47 47 46 46 46 42 42 42 37 37 38 38 38 34 34 20 20 20 0 0 0 14 14 14 14 14 15 15 25 25 25 43 43 43 48 48 42 42 42 42 42 42 47 47 54 54 54 66 66 79 79 79 86 86 86 83 83 80 80 80 92 92 118 118 118 133 -9999 -9999 -9999 -9999 -9999 -9999 -9999 -9999 -9999 -9999 -9999
30 30 40 40 40 47 47 47 47 47 46 46 46 42 42 42 37 37 38 38 38 34 34 20 20 20 0 0 0 14 14 14 14 14 15 15 25 25 25 43 43 43 48 48 42 42 42 42 42 42 47 47 54 54 54 66 66 79 79 79 86 86 86 83 83 80 80 80 -9999 -9999 -9999 -9999 -9999 -9999 -9999 -9999 -9999 -9999 -9999 -9999 -9999 -9999 -9999 -9999 -9999
57 57 57 57 57 50 50 50 39 39 41 41 41 55 55 55 61 61 57 57 57 54 54 45 45 45 33 33 33 30 30 34 34 34 40 40 53 53 53 62 62 62 67 67 72 72 72 75 75 75 77 77 80 80 80 87 87 95 95 95 98 98 98 107 107 -9999 -9999 -9999 -9999 -9999 -9999 -9999 -9999 -9999 -9999 -9999 -9999 -9999 -9999 -9999 -9999 -9999 -9999 -9999 -9999
57 57 57 57 57 50 50 50 39 39 41 41 41 55 55 55 61 61 57 57 57 54 54 45 45 45 33 33 33 30 30 34 34 34 40 40 53 53 53 62 62 62 67 67 72 72 72 75 75 75 77 77 80 80 80 87 87 95 95 95 98 98 98 -9999 -9999 -9999 -9999 -9999 -9999 -9999 -9999 -9999 -9999 -9999 -9999 -9999 -9999 -9999 -9999 -9999 -9999 -9999 -9999 -9999 -9999
57 57 57 57 57 50 50 50 39 39 41 41 41 55 55 55 61 61 57 57 57 54 54 45 45 45 33 33 33 30 30 34 34 34 40 40 53 53 53 62 62 62 67 67 72 72 72 75 75 75 77 77 80 80 80 87 87 95 95 95 98 98 -9999 -9999 -9999 -9999 -9999 -9999 -9999 -9999 -9999 -9999 -9999 -9999 -9999 -9999 -9999 -9999 -9999 -9999 -9999 -9999 -9999 -9999 -9999
90 90 93 93 93 83 83 83 64 64 57 57 57 67 67 67 79 79 72 72 72 58 58 58 58 58 54 54 54 44 44 47 47 47 56 56 60 60 60 62 62 62 73 73 90 90 90 94 94 94 84 84 77 77 77 79 79 85 85 85 102 -9999 -9999 -9999 -9999 -9999 -9999 -9999 -9999 -9999 -9999 -9999 -9999 -9999 -9999 -9999 -9999 -9999 -9999 -9999 -9999 -9999 -9999 -9999 -9999
90 90 93 93 93 83 83 83 64 64 57 57 57 67 67 67 79 79 72 72 72 58 58 58 58 58 54 54 54 44 44 47 47 47 56 56 60 60 60 62 62 62 73 73 90 90 90 94 94 94 84 84 77 77 77 79 79 85 85 85 -9999 -9999 -9999 -9999 -9999 -9999 -9999 -9999 -9999 -9999 -9999 -9999 -9999 -9999 -9999 -9999 -9999 -9999 -9999 -9999 -9999 -9999 -9999 -9999 -9999
90 90 93 93 93 83 83 83 64 64 57 57 57 67 67 67 79 79 72 72 72 58 58 58 58 58 54 54 54 44 44 47 47 47 56 56 60 60 60 62 62 62 73 73 90 90 90 94 94 94 84 84 77 77 77 79 79 85 85 -9999 -9999 -9999 -9999 -9999 -9999 -9999 -9999 -9999 -9999 -9999 -9999 -9999 -9999 -9999 -9999 -9999 -9999 -9999 -9999 -9999 -9999 -9999 -9999 -9999 -9999
83 83 78 78 78 86 86 86 94 94 98 98 98 97 97 97 100 100 102 102 102 91 91 78 78 78 71 71 71 57 57 42 42 42 43 43 60 60 60 78 78 78 87 87 89 89 89 88 88 88 81 81 72 72 72 70 70 87 87 -9999 -9999 -9999 -9999 -9999 -9999 -9999 -9999 -9999 -9999 -9999 -9999 -9999 -9999 -9999 -9999 -9999 -9999 -9999 -9999 -9999 -9999 -9999 -9999 -9999 -9999
83 83 78 78 78 86 86 86 94 94 98 98 98 97 97 97 100 100 102 102 102 91 91 78 78 78 71 71 71 57 57 42 42 42 43 43 60 60 60 78 78 78 87 87 89 89 89 88 88 88 81 81 72 72 72 70 70 87 -9999 -9999 -9999 -9999 -9999 -9999 -9999 -9999 -9999 -9999 -9999 -9999 -9999 -9999 -9999 -9999 -9999 -9999 -9999 -9999 -9999 -9999 -9999 -9999 -9999 -9999 -9999
87 87 65 65 65 70 70 70 97 97 117 117 117 119 119 119 114 114 116 116 116 119 119 113 113 113 98 98 98 78 78 60 60 60 60 60 83 83 83 110 110 110 116 116 112 112 112 112 112 112 117 117 112 112 112 99 99 -9999 -9999 -9999 -9999 -9999 -9999 -9999 -9999 -9999 -9999 -9999 -9999 -9999 -9999 -9999 -9999 -9999 -9999 -9999 -9999 -9999 -9999 -9999 -9999 -9999 -9999 -9999 -9999
87 87 65 65 65 70 70 70 97 97 117 117 117 119 119 119 114 114 116 116 116 119 119 113 113 113 98 98 98 78 78 60 60 60 60 60 83 83 83 110 110 110 116 116 112 112 112 112 112 112 117 117 112 112 112 99 99 96 -9999 -9999 -9999 -9999 -9999 -9999 -9999 -9999 -9999 -9999 -9999 -9999 -9999 -9999 -9999 -9999 -9999 -9999 -9999 -9999 -9999 -9999 -9999 -9999 -9999 -9999 -9999
87 87 65 65 65 70 70 70 97 97 117 117 117 119 119 119 114 114 116 116 116 119 119 113 113 113 98 98 98 78 78 60 60 60 60 60 83 83 83 110 110 110 116 116 112 112 112 112 112 112 117 117 112 112 112 99 99 96 96 -9999 -9999 -9999 -9999 -9999 -9999 -9999 -9999 -9999 -9999 -9999 -9999 -9999 -9999 -9999 -9999 -9999 -9999 -9999 -9999 -9999 -9999 -9999 -9999 -9999 -9999
92 92 78 78 78 61 61 61 59 59 73 73 73 87 87 87 91 91 86 86 86 84 84 88 88 88 79 79 79 63 63 63 63 63 69 69 71 71 71 77 77 77 81 81 89 89 89 96 96 96 102 102 106 106 106 98 98 71 71 -9999 -9999 -9999 -9999 -9999 -9999 -9999 -9999 -9999 -9999 -9999 -9999 -9999 -9999 -9999 -9999 -9999 -9999 -9999 -9999 -9999 -9999 -9999 -9999 -9999 -9999
92 92 78 78 78 61 61 61 59 59 73 73 73 87 87 87 91 91 86 86 86 84 84 88 88 88 79 79 79 63 63 63 63 63 69 69 71 71 71 77 77 77 81 81 89 89 89 96 96 96 102 102 106 106 106 98 98 71 71 -9999 -9999 -9999 -9999 -9999 -9999 -9999 -9999 -9999 -9999 -9999 -9999 -9999 -9999 -9999 -9999 -9999 -9999 -9999 -9999 -9999 -9999 -9999 -9999 -9999 -9999
92 92 78 78 78 61 61 61 59 59 73 73 73 87 87 87 91 91 86 86 86 84 84 88 88 88 79 79 79 63 63 63 63 63 69 69 71 71 71 77 77 77 81 81 89 89 89 96 96 96 102 102 106 106 106 98 98 71 71 -9999 -9999 -9999 -9999 -9999 -9999 -9999 -9999 -9999 -9999 -9999 -9999 -9999 -9999 -9999 -9999 -9999 -9999 -9999 -9999 -9999 -9999 -9999 -9999 -9999 -9999
91 91 86 86 86 73 73 73 56 56 54 54 54 70 70 70 89 89 93 93 93 84 84 78 78 78 74 74 74 73 73 84 84 84 92 92 80 80 80 68 68 68 70 70 77 77 77 81 81 81 80 80 82 82 82 82 82 68 68 -9999 -9999 -9999 -9999 -9999 -9999 -9999 -9999 -9999 -9999 -9999 -9999 -9999 -9999 -9999 -9999 -9999 -9999 -9999 -9999 -9999 -9999 -9999 -9999 -9999 -9999
91 91 86 86 86 73 73 73 56 56 54 54 54 70 70 70 89 89 93 93 93 84 84 78 78 78 74 74 74 73 73 84 84 84 92 92 80 80 80 68 68 68 70 70 77 77 77 81 81 81 80 80 82 82 82 82 82 68 -9999 -9999 -9999 -9999 -9999 -9999 -9999 -9999 -9999 -9999 -9999 -9999 -9999 -9999 -9999 -9999 -9999 -9999 -9999 -9999 -9999 -9999 -9999 -9999 -9999 -9999 -9999
87 87 86 86 86 82 82 82 68 68 49 49 49 48 48 48 73 73 101 101 101 104 104 91 91 91 88 88 88 100 100 108 108 108 101 101 85 85 85 76 76 76 76 76 77 77 77 76 76 76 77 77 79 79 79 76 76 82 -9999 -9999 -9999 -9999 -9999 -9999 -9999 -9999 -9999 -9999 -9999 -9999 -9999 -9999 -9999 -9999 -9999 -9999 -9999 -9999 -9999 -9999 -9999 -9999 -9999 -9999 -9999
87 87 86 86 86 82 82 82 68 68 49 49 49 48 48 48 73 73 101 101 101 104 104 91 91 91 88 88 88 100 100 108 108 108 101 101 85 85 85 76 76 76 76 76 77 77 77 76 76 76 77 77 79 79 79 76 76 -9999 -9999 -9999 -9999 -9999 -9999 -9999 -9999 -9999 -9999 -9999 -9999 -9999 -9999 -9999 -9999 -9999 -9999 -9999 -9999 -9999 -9999 -9999 -9999 -9999 -9999 -9999 -9999
87 87 86 86 86 82 82 82 68 68 49 49 49 48 48 48 73 73 101 101 101 104 104 91 91 91 88 88 88 100 100 108 108 108 101 101 85 85 85 76 76 76 76 76 77 77 77 76 76 76 77 77 79 79 79 76 76 -9999 -9999 -9999 -9999 -9999 -9999 -9999 -9999 -9999 -9999 -9999 -9999 -9999 -9999 -9999 -9999 -9999 -9999 -9999 -9999 -9999 -9999 -9999 -9999 -9999 -9999 -9999 -9999
68 68 67 67 67 67 67 67 64 64 54 54 54 43 43 43 50 50 74 74 74 92 92 93 93 93 89 89 89 90 90 82 82 82 68 68 60 60 60 56 56 56 52 52 50 50 50 50 50 50 52 52 55 55 55 57 57 -9999 -9999 -9999 -9999 -9999 -9999 -9999 -9999 -9999 -9999 -9999 -9999 -9999 -9999 -9999 -9999 -9999 -9999 -9999 -9999 -9999 -9999 -9999 -9999 -9999 -9999 -9999 -9999
68 68 67 67 67 67 67 67 64 64 54 54 54 43 43 43 50 50 74 74 74 92 92 93 93 93 89 89 89 90 90 82 82 82 68 68 60 60 60 56 56 56 52 52 50 50 50 50 50 50 52 52 55 55 55 57 57 66 -9999 -9999 -9999 -9999 -9999 -9999 -9999 -9999 -9999 -9999 -9999 -9999 -9999 -9999 -9999 -9999 -9999 -9999 -9999 -9999 -9999 -9999 -9999 -9999 -9999 -9999 -9999
