SEB_model/sample_data_files/contemp/hillshade/june6pm.txt
ncols         313
nrows         278
xllcorner     388961.19995117
yllcorner     7584381.3441773
cellsize      5
NODATA_value  -9999
[rows 195 to 233 of 278, columns 0 to 87 of 313]
-9999 -9999 -9999 -9999 -9999 -9999 -9999 -9999 -9999 -9999 98 98 98 77 77 53 53 53 42 42 42 36 36 65 65 65 81 81 81 83 83 54 54 54 0 0 41 41 41 57 57 57 56 56 57 57 57 51 51 44 44 44 56 56 56 50 50 41 41 41 29 29 29 0 0 45 45 45 43 43 27 27 27 13 13 13 0 0 38 38 38 52 52 63 63 63 83 83
-9999 -9999 -9999 -9999 -9999 -9999 -9999 -9999 -9999 -9999 -9999 -9999 -9999 77 77 53 53 53 42 42 42 36 36 65 65 65 81 81 81 83 83 54 54 54 0 0 41 41 41 57 57 57 56 56 57 57 57 51 51 44 44 44 56 56 56 50 50 41 41 41 29 29 29 0 0 45 45 45 43 43 27 27 27 13 13 13 0 0 38 38 38 52 52 63 63 63 83 83
-9999 -9999 -9999 -9999 -9999 -9999 -9999 -9999 -9999 -9999 -9999 -9999 -9999 -9999 -9999 60 60 60 53 53 53 36 36 53 53 53 64 64 64 66 66 55 55 55 36 36 47 47 47 54 54 54 52 52 56 56 56 51 51 47 47 47 57 57 57 47 47 40 40 40 37 37 37 28 28 40 40 40 30 30 19 19 19 27 27 27 33 33 57 57 57 74 74 77 77 77 84 84
-9999 -9999 -9999 -9999 -9999 -9999 -9999 -9999 -9999 -9999 -9999 -9999 -9999 -9999 -9999 60 60 60 53 53 53 36 36 53 53 53 64 64 64 66 66 55 55 55 36 36 47 47 47 54 54 54 52 52 56 56 56 51 51 47 47 47 57 57 57 47 47 40 40 40 37 37 37 28 28 40 40 40 30 30 19 19 19 27 27 27 33 33 57 57 57 74 74 77 77 77 84 84
-9999 -9999 -9999 -9999 -9999 -9999 -9999 -9999 -9999 -9999 -9999 -9999 -9999 -9999 -9999 -9999 86 86 77 77 77 33 33 39 39 39 43 43 43 59 59 73 73 73 51 51 43 43 43 51 51 51 51 51 58 58 58 56 56 50 50 50 54 54 54 45 45 45 45 45 47 47 47 36 36 38 38 38 16 16 0 0 0 51 51 51 49 49 72 72 72 90 90 87 87 87 81 81
-9999 -9999 -9999 -9999 -9999 -9999 -9999 -9999 -9999 -9999 -9999 -9999 -9999 -9999 -9999 -9999 86 86 77 77 77 33 33 39 39 39 43 43 43 59 59 73 73 73 51 51 43 43 43 51 51 51 51 51 58 58 58 56 56 50 50 50 54 54 54 45 45 45 45 45 47 47 47 36 36 38 38 38 16 16 0 0 0 51 51 51 49 49 72 72 72 90 90 87 87 87 81 81
-9999 -9999 -9999 -9999 -9999 -9999 -9999 -9999 -9999 -9999 -9999 -9999 -9999 -9999 -9999 -9999 -9999 86 77 77 77 33 33 39 39 39 43 43 43 59 59 73 73 73 51 51 43 43 43 51 51 51 51 51 58 58 58 56 56 50 50 50 54 54 54 45 45 45 45 45 47 47 47 36 36 38 38 38 16 16 0 0 0 51 51 51 49 49 72 72 72 90 90 87 87 87 81 81
-9999 -9999 -9999 -9999 -9999 -9999 -9999 -9999 -9999 -9999 -9999 -9999 -9999 -9999 -9999 -9999 -9999 106 89 89 89 30 30 26 26 26 32 32 32 60 60 80 80 80 54 54 38 38 38 50 50 50 53 53 61 61 61 62 62 51 51 51 49 49 49 49 49 52 52 52 50 50 50 39 39 33 33 33 17 17 0 0 0 67 67 67 59 59 81 81 81 100 100 85 85 85 65 65
-9999 -9999 -9999 -9999 -9999 -9999 -9999 -9999 -9999 -9999 -9999 -9999 -9999 -9999 -9999 -9999 -9999 106 89 89 89 30 30 26 26 26 32 32 32 60 60 80 80 80 54 54 38 38 38 50 50 50 53 53 61 61 61 62 62 51 51 51 49 49 49 49 49 52 52 52 50 50 50 39 39 33 33 33 17 17 0 0 0 67 67 67 59 59 81 81 81 100 100 85 85 85 65 65
-9999 -9999 -9999 -9999 -9999 -9999 -9999 -9999 -9999 -9999 -9999 -9999 -9999 -9999 -9999 -9999 -9999 106 89 89 89 30 30 26 26 26 32 32 32 60 60 80 80 80 54 54 38 38 38 50 50 50 53 53 61 61 61 62 62 51 51 51 49 49 49 49 49 52 52 52 50 50 50 39 39 33 33 33 17 17 0 0 0 67 67 67 59 59 81 81 81 100 100 85 85 85 65 65
-9999 -9999 -9999 -9999 -9999 -9999 -9999 -9999 -9999 -9999 -9999 -9999 -9999 -9999 -9999 -9999 -9999 105 88 88 88 28 28 21 21 21 33 33 33 53 53 74 74 74 61 61 42 42 42 51 51 51 55 55 65 65 65 66 66 53 53 53 52 52 52 57 57 54 54 54 51 51 51 26 26 0 0 0 47 47 66 66 66 70 70 70 65 65 87 87 87 100 100 69 69 69 45 45
-9999 -9999 -9999 -9999 -9999 -9999 -9999 -9999 -9999 -9999 -9999 -9999 -9999 -9999 -9999 -9999 105 105 88 88 88 28 28 21 21 21 33 33 33 53 53 74 74 74 61 61 42 42 42 51 51 51 55 55 65 65 65 66 66 53 53 53 52 52 52 57 57 54 54 54 51 51 51 26 26 0 0 0 47 47 66 66 66 70 70 70 65 65 87 87 87 100 100 69 69 69 45 45
-9999 -9999 -9999 -9999 -9999 -9999 -9999 -9999 -9999 -9999 -9999 -9999 -9999 -9999 -9999 -9999 102 102 89 89 89 29 29 24 24 24 35 35 35 43 43 65 65 65 72 72 55 55 55 51 51 51 54 54 64 64 64 67 67 59 59 59 61 61 61 63 63 55 55 55 41 41 41 10 10 0 0 0 80 80 73 73 73 68 68 68 71 71 89 89 89 79 79 50 50 50 43 43
-9999 -9999 -9999 -9999 -9999 -9999 -9999 -9999 -9999 -9999 -9999 -9999 -9999 -9999 -9999 102 102 102 89 89 89 29 29 24 24 24 35 35 35 43 43 65 65 65 72 72 55 55 55 51 51 51 54 54 64 64 64 67 67 59 59 59 61 61 61 63 63 55 55 55 41 41 41 10 10 0 0 0 80 80 73 73 73 68 68 68 71 71 89 89 89 79 79 50 50 50 43 43
-9999 -9999 -9999 -9999 -9999 -9999 -9999 -9999 -9999 -9999 -9999 -9999 -9999 -9999 74 102 102 102 89 89 89 29 29 24 24 24 35 35 35 43 43 65 65 65 72 72 55 55 55 51 51 51 54 54 64 64 64 67 67 59 59 59 61 61 61 63 63 55 55 55 41 41 41 10 10 0 0 0 80 80 73 73 73 68 68 68 71 71 89 89 89 79 79 50 50 50 43 43
-9999 -9999 -9999 -9999 -9999 -9999 -9999 -9999 -9999 -9999 -9999 -9999 93 90 90 97 97 97 82 82 82 34 34 32 32 32 37 37 37 39 39 57 57 57 74 74 64 64 64 50 50 50 54 54 64 64 64 68 68 64 64 64 68 68 68 68 68 50 50 50 22 22 22 0 0 65 65 65 85 85 68 68 68 73 73 73 74 74 74 74 74 57 57 45 45 45 50 50
-9999 -9999 -9999 -9999 -9999 -9999 -9999 -9999 -9999 -9999 93 93 93 90 90 97 97 97 82 82 82 34 34 32 32 32 37 37 37 39 39 57 57 57 74 74 64 64 64 50 50 50 54 54 64 64 64 68 68 64 64 64 68 68 68 68 68 50 50 50 22 22 22 0 0 65 65 65 85 85 68 68 68 73 73 73 74 74 74 74 74 57 57 45 45 45 50 50
-9999 -9999 -9999 -9999 -9999 -9999 -9999 -9999 78 78 93 93 93 90 90 97 97 97 82 82 82 34 34 32 32 32 37 37 37 39 39 57 57 57 74 74 64 64 64 50 50 50 54 54 64 64 64 68 68 64 64 64 68 68 68 68 68 50 50 50 22 22 22 0 0 65 65 65 85 85 68 68 68 73 73 73 74 74 74 74 74 57 57 45 45 45 50 50
-9999 -9999 -9999 -9999 -9999 87 87 87 95 95 108 108 108 102 102 76 76 76 64 64 64 41 41 39 39 39 39 39 39 39 39 50 50 50 70 70 69 69 69 54 54 54 58 58 67 67 67 69 69 64 64 64 70 70 70 63 63 38 38 38 19 19 19 0 0 79 79 79 76 76 70 70 70 79 79 79 63 63 53 53 53 55 55 48 48 48 55 55
-9999 -9999 -9999 71 71 87 87 87 95 95 108 108 108 102 102 76 76 76 64 64 64 41 41 39 39 39 39 39 39 39 39 50 50 50 70 70 69 69 69 54 54 54 58 58 67 67 67 69 69 64 64 64 70 70 70 63 63 38 38 38 19 19 19 0 0 79 79 79 76 76 70 70 70 79 79 79 63 63 53 53 53 55 55 48 48 48 55 55
-9999 -9999 86 86 86 103 103 103 107 107 94 94 94 83 83 59 59 59 55 55 55 49 49 44 44 44 41 41 41 41 41 48 48 48 64 64 70 70 70 61 61 61 63 63 70 70 70 69 69 62 62 62 61 61 61 45 45 29 29 29 41 41 41 64 64 82 82 82 83 83 83 83 83 68 68 68 42 42 48 48 48 58 58 53 53 53 65 65
-9999 84 86 86 86 103 103 103 107 107 94 94 94 83 83 59 59 59 55 55 55 49 49 44 44 44 41 41 41 41 41 48 48 48 64 64 70 70 70 61 61 61 63 63 70 70 70 69 69 62 62 62 61 61 61 45 45 29 29 29 41 41 41 64 64 82 82 82 83 83 83 83 83 68 68 68 42 42 48 48 48 58 58 53 53 53 65 65
-9999 84 86 86 86 103 103 103 107 107 94 94 94 83 83 59 59 59 55 55 55 49 49 44 44 44 41 41 41 41 41 48 48 48 64 64 70 70 70 61 61 61 63 63 70 70 70 69 69 62 62 62 61 61 61 45 45 29 29 29 41 41 41 64 64 82 82 82 83 83 83 83 83 68 68 68 42 42 48 48 48 58 58 53 53 53 65 65
103 103 105 105 105 86 86 86 85 85 73 73 73 68 68 58 58 58 58 58 58 55 55 48 48 48 44 44 44 44 44 51 51 51 57 57 66 66 66 70 70 70 67 67 69 69 69 63 63 50 50 50 44 44 44 33 33 0 0 0 72 72 72 82 82 87 87 87 90 90 83 83 83 55 55 55 36 36 48 48 48 56 56 62 62 62 79 79
103 103 105 105 105 86 86 86 85 85 73 73 73 68 68 58 58 58 58 58 58 55 55 48 48 48 44 44 44 44 44 51 51 51 57 57 66 66 66 70 70 70 67 67 69 69 69 63 63 50 50 50 44 44 44 33 33 0 0 0 72 72 72 82 82 87 87 87 90 90 83 83 83 55 55 55 36 36 48 48 48 56 56 62 62 62 79 79
111 111 111 111 111 63 63 63 63 63 72 72 72 71 71 59 59 59 59 59 59 60 60 55 55 55 50 50 50 52 52 58 58 58 56 56 62 62 62 76 76 76 69 69 59 59 59 48 48 38 38 38 40 40 40 45 45 65 65 65 87 87 87 91 91 92 92 92 71 71 61 61 61 68 68 68 55 55 46 46 46 55 55 69 69 69 83 83
111 111 111 111 111 63 63 63 63 63 72 72 72 71 71 59 59 59 59 59 59 60 60 55 55 55 50 50 50 52 52 58 58 58 56 56 62 62 62 76 76 76 69 69 59 59 59 48 48 38 38 38 40 40 40 45 45 65 65 65 87 87 87 91 91 92 92 92 71 71 61 61 61 68 68 68 55 55 46 46 46 55 55 69 69 69 83 83
-9999 111 111 111 111 63 63 63 63 63 72 72 72 71 71 59 59 59 59 59 59 60 60 55 55 55 50 50 50 52 52 58 58 58 56 56 62 62 62 76 76 76 69 69 59 59 59 48 48 38 38 38 40 40 40 45 45 65 65 65 87 87 87 91 91 92 92 92 71 71 61 61 61 68 68 68 55 55 46 46 46 55 55 69 69 69 83 83
-9999 100 108 108 108 66 66 66 51 51 64 64 64 72 72 62 62 62 60 60 60 64 64 62 62 62 60 60 60 60 60 66 66 66 62 62 62 62 62 71 71 71 62 62 49 49 49 40 40 37 37 37 50 50 50 65 65 81 81 81 91 91 91 89 89 78 78 78 54 54 58 58 58 80 80 80 77 77 68 68 68 73 73 81 81 81 90 90
-9999 -9999 108 108 108 66 66 66 51 51 64 64 64 72 72 62 62 62 60 60 60 64 64 62 62 62 60 60 60 60 60 66 66 66 62 62 62 62 62 71 71 71 62 62 49 49 49 40 40 37 37 37 50 50 50 65 65 81 81 81 91 91 91 89 89 78 78 78 54 54 58 58 58 80 80 80 77 77 68 68 68 73 73 81 81 81 90 90
-9999 -9999 -9999 108 108 66 66 66 51 51 64 64 64 72 72 62 62 62 60 60 60 64 64 62 62 62 60 60 60 60 60 66 66 66 62 62 62 62 62 71 71 71 62 62 49 49 49 40 40 37 37 37 50 50 50 65 65 81 81 81 91 91 91 89 89 78 78 78 54 54 58 58 58 80 80 80 77 77 68 68 68 73 73 81 81 81 90 90
-9999 -9999 -9999 -9999 92 79 79 79 50 50 51 51 51 68 68 70 70 70 68 68 68 68 68 70 70 70 70 70 70 69 69 74 74 74 70 70 65 65 65 59 59 59 51 51 48 48 48 42 42 42 42 42 58 58 58 74 74 86 86 86 92 92 92 74 74 58 58 58 62 62 69 69 69 75 75 75 86 86 97 97 97 99 99 103 103 103 106 106
-9999 -9999 -9999 -9999 -9999 79 79 79 50 50 51 51 51 68 68 70 70 70 68 68 68 68 68 70 70 70 70 70 70 69 69 74 74 74 70 70 65 65 65 59 59 59 51 51 48 48 48 42 42 42 42 42 58 58 58 74 74 86 86 86 92 92 92 74 74 58 58 58 62 62 69 69 69 75 75 75 86 86 97 97 97 99 99 103 103 103 106 106
-9999 -9999 -9999 -9999 -9999 91 91 91 72 72 44 44 44 62 62 77 77 77 81 81 81 73 73 75 75 75 77 77 77 75 75 78 78 78 74 74 66 66 66 53 53 53 44 44 47 47 47 49 49 53 53 53 63 63 63 74 74 83 83 83 81 81 81 61 61 60 60 60 73 73 77 77 77 80 80 80 88 88 100 100 100 112 112 115 115 115 109 109
-9999 -9999 -9999 -9999 -9999 91 91 91 72 72 44 44 44 62 62 77 77 77 81 81 81 73 73 75 75 75 77 77 77 75 75 78 78 78 74 74 66 66 66 53 53 53 44 44 47 47 47 49 49 53 53 53 63 63 63 74 74 83 83 83 81 81 81 61 61 60 60 60 73 73 77 77 77 80 80 80 88 88 100 100 100 112 112 115 115 115 109 109
-9999 -9999 -9999 -9999 -9999 91 91 91 72 72 44 44 44 62 62 77 77 77 81 81 81 73 73 75 75 75 77 77 77 -9999 -9999 -9999 -9999 -9999 74 74 66 66 66 53 53 53 44 44 47 47 47 49 49 53 53 53 63 63 63 74 74 83 83 83 81 81 81 61 61 60 60 60 73 73 77 77 77 80 80 80 88 88 100 100 100 112 112 115 115 115 109 109
-9999 -9999 -9999 -9999 -9999 -9999 96 96 89 89 47 47 47 60 60 75 75 75 86 86 86 63 63 54 -9999 -9999 -9999 -9999 -9999 -9999 -9999 -9999 -9999 -9999 -9999 -9999 -9999 55 55 43 43 43 49 49 59 59 59 58 58 64 64 64 65 65 65 64 64 67 67 67 64 64 64 63 63 75 75 75 80 80 84 84 84 87 87 87 86 86 98 98 98 114 114 107 107 107 97 97
-9999 -9999 -9999 -9999 -9999 -9999 96 96 89 89 47 47 47 60 60 75 75 75 86 86 86 -9999 -9999 -9999 -9999 -9999 -9999 -9999 -9999 -9999 -9999 -9999 -9999 -9999 -9999 -9999 -9999 -9999 -9999 -9999 -9999 43 49 49 59 59 59 58 58 64 64 64 65 65 65 64 64 67 67 67 64 64 64 63 63 75 75 75 80 80 84 84 84 87 87 87 86 86 98 98 98 114 114 107 107 107 97 97
-9999 -9999 -9999 -9999 -9999 -9999 -9999 84 75 75 44 44 44 67 67 65 65 65 60 -9999 -9999 -9999 -9999 -9999 -9999 -9999 -9999 -9999 -9999 -9999 -9999 -9999 -9999 -9999 -9999 -9999 -9999 -9999 -9999 -9999 -9999 47 83 83 94 94 94 66 66 68 68 68 62 62 62 51 51 49 49 49 57 57 57 68 68 83 83 83 86 86 87 87 87 88 88 88 90 90 103 103 103 95 95 83 83 83 104 104
