SEB_model/sample_data_files/contemp/hillshade/june6pm.txt
ncols         313
nrows         278
xllcorner     388961.19995117
yllcorner     7584381.3441773
cellsize      5
NODATA_value  -9999
[rows 78 to 116 of 278, columns 176 to 263 of 313]
52 52 61 61 59 59 59 49 49 49 34 34 42 42 42 46 46 49 49 49 50 50 50 47 47 61 61 61 53 53 38 38 38 59 59 59 93 93 119 119 119 120 120 120 88 88 60 60 60 42 42 40 40 40 28 28 28 8 8 0 0 0 33 33 32 32 32 59 59 59 76 76 75 75 75 60 60 60 45 45 47 47 47 39 39 33 33 33
61 61 57 57 50 50 50 49 49 49 44 44 53 53 53 48 48 45 45 45 50 50 50 47 47 57 57 57 53 53 55 55 55 87 87 87 115 115 126 126 126 112 112 112 71 71 47 47 47 41 41 45 45 45 33 33 33 8 8 0 0 0 32 32 42 42 42 73 73 73 89 89 90 90 90 71 71 71 56 56 56 56 56 39 39 29 29 29
61 61 57 57 50 50 50 49 49 49 44 44 53 53 53 48 48 45 45 45 50 50 50 47 47 57 57 57 53 53 55 55 55 87 87 87 115 115 126 126 126 112 112 112 71 71 47 47 47 41 41 45 45 45 33 33 33 8 8 0 0 0 32 32 42 42 42 73 73 73 89 89 90 90 90 71 71 71 56 56 56 56 56 39 39 29 29 29
61 61 57 57 50 50 50 49 49 49 44 44 53 53 53 48 48 45 45 45 50 50 50 47 47 57 57 57 53 53 55 55 55 87 87 87 115 115 126 126 126 112 112 112 71 71 47 47 47 41 41 45 45 45 33 33 33 8 8 0 0 0 32 32 42 42 42 73 73 73 89 89 90 90 90 71 71 71 56 56 56 56 56 39 39 29 29 29
60 60 53 53 52 52 52 60 60 60 56 56 59 59 59 46 46 42 42 42 51 51 51 48 48 56 56 56 60 60 78 78 78 114 114 114 127 127 119 119 119 94 94 94 61 61 55 55 55 54 54 55 55 55 41 41 41 14 14 28 28 28 42 42 54 54 54 78 78 78 95 95 101 101 101 81 81 81 63 63 63 63 63 47 47 36 36 36
60 60 53 53 52 52 52 60 60 60 56 56 59 59 59 46 46 42 42 42 51 51 51 48 48 56 56 56 60 60 78 78 78 114 114 114 127 127 119 119 119 94 94 94 61 61 55 55 55 54 54 55 55 55 41 41 41 14 14 28 28 28 42 42 54 54 54 78 78 78 95 95 101 101 101 81 81 81 63 63 63 63 63 47 47 36 36 36
53 53 53 53 59 59 59 65 65 65 58 58 55 55 55 42 42 41 41 41 51 51 51 47 47 56 56 56 71 71 98 98 98 129 129 129 129 129 107 107 107 82 82 82 66 66 68 68 68 61 61 56 56 56 39 39 39 18 18 38 38 38 54 54 60 60 60 74 74 74 89 89 100 100 100 88 88 88 68 68 65 65 65 55 55 49 49 49
53 53 53 53 59 59 59 65 65 65 58 58 55 55 55 42 42 41 41 41 51 51 51 47 47 56 56 56 71 71 98 98 98 129 129 129 129 129 107 107 107 82 82 82 66 66 68 68 68 61 61 56 56 56 39 39 39 18 18 38 38 38 54 54 60 60 60 74 74 74 89 89 100 100 100 88 88 88 68 68 65 65 65 55 55 49 49 49
53 53 53 53 59 59 59 65 65 65 58 58 55 55 55 42 42 41 41 41 51 51 51 47 47 56 56 56 71 71 98 98 98 129 129 129 129 129 107 107 107 82 82 82 66 66 68 68 68 61 61 56 56 56 39 39 39 18 18 38 38 38 54 54 60 60 60 74 74 74 89 89 100 100 100 88 88 88 68 68 65 65 65 55 55 49 49 49
54 54 60 60 65 65 65 65 65 65 54 54 52 52 52 43 43 43 43 43 52 52 52 50 50 63 63 63 86 86 112 112 112 133 133 133 126 126 103 103 103 84 84 84 71 71 72 72 72 62 62 54 54 54 39 39 39 27 27 52 52 52 63 63 63 63 63 71 71 71 78 78 88 88 88 92 92 92 79 79 67 67 67 65 65 74 74 74
54 54 60 60 65 65 65 65 65 65 54 54 52 52 52 43 43 43 43 43 52 52 52 50 50 63 63 63 86 86 112 112 112 133 133 133 126 126 103 103 103 84 84 84 71 71 72 72 72 62 62 54 54 54 39 39 39 27 27 52 52 52 63 63 63 63 63 71 71 71 78 78 88 88 88 92 92 92 79 79 67 67 67 65 65 74 74 74
54 54 60 60 65 65 65 65 65 65 54 54 52 52 52 43 43 43 43 43 52 52 52 50 50 63 63 63 86 86 112 112 112 133 133 133 126 126 103 103 103 84 84 84 71 71 72 72 72 62 62 54 54 54 39 39 39 27 27 52 52 52 63 63 63 63 63 71 71 71 78 78 88 88 88 92 92 92 79 79 67 67 67 65 65 74 74 74
60 60 65 65 65 65 65 62 62 62 51 51 50 50 50 45 45 45 45 45 52 52 52 54 54 74 74 74 99 99 118 118 118 130 130 130 123 123 109 109 109 93 93 93 70 70 63 63 63 59 59 54 54 54 44 44 44 41 41 60 60 60 65 65 64 64 64 71 71 71 77 77 80 80 80 89 89 89 83 83 76 76 76 84 84 101 101 101
60 60 65 65 65 65 65 62 62 62 51 51 50 50 50 45 45 45 45 45 52 52 52 54 54 74 74 74 99 99 118 118 118 130 130 130 123 123 109 109 109 93 93 93 70 70 63 63 63 59 59 54 54 54 44 44 44 41 41 60 60 60 65 65 64 64 64 71 71 71 77 77 80 80 80 89 89 89 83 83 76 76 76 84 84 101 101 101
67 67 67 67 65 65 65 63 63 63 52 52 51 51 51 48 48 47 47 47 54 54 54 61 61 86 86 86 109 109 118 118 118 123 123 123 119 119 112 112 112 103 103 103 71 71 55 55 55 60 60 58 58 58 57 57 57 54 54 60 60 60 62 62 62 62 62 72 72 72 81 81 82 82 82 83 83 83 81 81 86 86 86 102 102 120 120 120
67 67 67 67 65 65 65 63 63 63 52 52 51 51 51 48 48 47 47 47 54 54 54 61 61 86 86 86 109 109 118 118 118 123 123 123 119 119 112 112 112 103 103 103 71 71 55 55 55 60 60 58 58 58 57 57 57 54 54 60 60 60 62 62 62 62 62 72 72 72 81 81 82 82 82 83 83 83 81 81 86 86 86 102 102 120 120 120
67 67 67 67 65 65 65 63 63 63 52 52 51 51 51 48 48 47 47 47 54 54 54 61 61 86 86 86 109 109 118 118 118 123 123 123 119 119 112 112 112 103 103 103 71 71 55 55 55 60 60 58 58 58 57 57 57 54 54 60 60 60 62 62 62 62 62 72 72 72 81 81 82 82 82 83 83 83 81 81 86 86 86 102 102 120 120 120
70 70 67 67 67 67 67 68 68 68 56 56 57 57 57 52 52 51 51 51 61 61 61 72 72 96 96 96 112 112 115 115 115 116 116 116 114 114 111 111 111 107 107 107 80 80 65 65 65 66 66 65 65 65 68 68 68 60 60 57 57 57 58 58 61 61 61 74 74 74 81 81 83 83 83 83 83 83 83 83 90 90 90 102 102 112 112 112
70 70 67 67 67 67 67 68 68 68 56 56 57 57 57 52 52 51 51 51 61 61 61 72 72 96 96 96 112 112 115 115 115 116 116 116 114 114 111 111 111 107 107 107 80 80 65 65 65 66 66 65 65 65 68 68 68 60 60 57 57 57 58 58 61 61 61 74 74 74 81 81 83 83 83 83 83 83 83 83 90 90 90 102 102 112 112 112
63 63 61 61 65 65 65 68 68 68 57 57 60 60 60 56 56 55 55 55 67 67 67 79 79 98 98 98 108 108 110 110 110 112 112 112 110 110 108 108 108 107 107 107 91 91 79 79 79 72 72 69 69 69 69 69 69 56 56 52 52 52 53 53 57 57 57 72 72 72 78 78 80 80 80 83 83 83 83 83 86 86 86 73 73 67 -9999 -9999
63 63 61 61 65 65 65 68 68 68 57 57 60 60 60 56 56 55 55 55 67 67 67 79 79 98 98 98 108 108 110 110 110 112 112 112 110 110 108 108 108 107 107 107 91 91 79 79 79 72 72 69 69 69 69 69 69 56 56 52 52 52 53 53 57 57 57 72 72 72 78 78 80 80 80 83 83 83 83 83 86 86 86 -9999 -9999 -9999 -9999 -9999
63 63 61 61 65 65 65 68 68 68 57 57 60 60 60 56 56 55 55 55 67 67 67 79 79 98 98 98 108 108 110 110 110 112 112 112 110 110 108 108 108 107 107 107 91 91 79 79 79 72 72 69 69 69 69 69 69 56 56 52 52 52 53 53 57 57 57 72 72 72 78 78 80 80 80 83 83 83 83 83 86 86 -9999 -9999 -9999 -9999 -9999 -9999
57 57 57 57 64 64 64 73 73 73 62 62 62 62 62 64 64 67 67 67 75 75 75 80 80 95 95 95 103 103 104 104 104 109 109 109 107 107 104 104 104 104 104 104 99 99 88 88 88 76 76 74 74 74 50 50 50 31 31 59 59 59 62 62 54 54 54 68 68 68 74 74 60 60 60 59 59 -9999 -9999 -9999 -9999 -9999 -9999 -9999 -9999 -9999 -9999 -9999
57 57 57 57 64 64 64 73 73 73 62 62 62 62 62 64 64 67 67 67 75 75 75 80 80 95 95 95 103 103 104 104 104 109 109 109 107 107 104 104 104 104 104 104 99 99 88 88 88 76 76 74 74 74 50 -9999 -9999 -9999 -9999 -9999 59 59 62 62 54 54 54 68 68 68 74 74 60 -9999 -9999 -9999 -9999 -9999 -9999 -9999 -9999 -9999 -9999 -9999 -9999 -9999 -9999 -9999
57 57 57 57 64 64 64 73 73 73 62 62 62 62 62 64 64 67 67 67 75 75 75 80 80 95 95 95 103 103 104 104 104 109 109 109 107 107 104 104 104 104 104 104 99 99 88 88 88 76 76 74 74 74 -9999 -9999 -9999 -9999 -9999 -9999 -9999 -9999 -9999 62 54 54 54 68 68 68 -9999 -9999 -9999 -9999 -9999 -9999 -9999 -9999 -9999 -9999 -9999 -9999 -9999 -9999 -9999 -9999 -9999 -9999
55 55 57 57 64 64 64 83 83 83 72 72 61 61 61 68 68 79 79 79 80 80 80 75 75 86 86 86 97 97 102 102 102 108 108 108 104 104 97 97 97 96 96 96 99 99 91 91 91 77 77 75 75 75 -9999 -9999 -9999 -9999 -9999 -9999 -9999 -9999 -9999 -9999 -9999 -9999 -9999 -9999 -9999 -9999 -9999 -9999 -9999 -9999 -9999 -9999 -9999 -9999 -9999 -9999 -9999 -9999 -9999 -9999 -9999 -9999 -9999 -9999
55 55 57 57 64 64 64 83 83 83 72 72 61 61 61 68 68 79 79 79 80 80 80 75 75 86 86 86 97 97 102 102 102 108 108 108 104 104 97 97 97 96 96 96 99 99 91 91 91 77 77 75 75 75 -9999 -9999 -9999 -9999 -9999 -9999 -9999 -9999 -9999 -9999 -9999 -9999 -9999 -9999 -9999 -9999 -9999 -9999 -9999 -9999 -9999 -9999 -9999 -9999 -9999 -9999 -9999 -9999 -9999 -9999 -9999 -9999 -9999 -9999
53 53 61 61 71 71 71 91 91 91 84 84 67 67 67 66 66 79 79 79 82 82 82 74 74 78 78 78 89 89 97 97 97 107 107 107 102 102 93 93 93 88 88 88 89 89 85 85 85 71 71 67 67 67 20 -9999 -9999 -9999 -9999 -9999 -9999 -9999 -9999 -9999 -9999 -9999 -9999 -9999 -9999 -9999 -9999 -9999 -9999 -9999 -9999 -9999 -9999 -9999 -9999 -9999 -9999 -9999 -9999 -9999 -9999 -9999 -9999 -9999
53 53 61 61 71 71 71 91 91 91 84 84 67 67 67 66 66 79 79 79 82 82 82 74 74 78 78 78 89 89 97 97 97 107 107 107 102 102 93 93 93 88 88 88 89 89 85 85 85 71 71 67 67 67 20 20 -9999 -9999 -9999 0 -9999 -9999 -9999 -9999 -9999 -9999 -9999 -9999 -9999 -9999 -9999 -9999 -9999 -9999 -9999 -9999 -9999 -9999 -9999 -9999 -9999 -9999 -9999 -9999 -9999 -9999 -9999 -9999
53 53 61 61 71 71 71 91 91 91 84 84 67 67 67 66 66 79 79 79 82 82 82 74 74 78 78 78 89 89 97 97 97 107 107 107 102 102 93 93 93 88 88 88 89 89 85 85 85 71 71 67 67 67 20 20 20 0 0 0 0 -9999 -9999 -9999 -9999 -9999 -9999 -9999 -9999 -9999 -9999 -9999 -9999 -9999 -9999 -9999 -9999 -9999 -9999 -9999 -9999 -9999 -9999 -9999 -9999 -9999 -9999 -9999
54 54 68 68 82 82 82 94 94 94 93 93 81 81 81 63 63 67 67 67 78 78 78 77 77 78 78 78 81 81 87 87 87 100 100 100 99 99 95 95 95 87 87 87 72 72 69 69 69 63 63 64 64 64 51 51 51 26 26 0 0 0 -9999 -9999 -9999 -9999 -9999 -9999 -9999 -9999 -9999 -9999 -9999 -9999 -9999 -9999 -9999 -9999 -9999 -9999 -9999 -9999 -9999 -9999 -9999 -9999 -9999 -9999
54 54 68 68 82 82 82 94 94 94 93 93 81 81 81 63 63 67 67 67 78 78 78 77 77 78 78 78 81 81 87 87 87 100 100 100 99 99 95 95 95 87 87 87 72 72 69 69 69 63 63 64 64 64 51 51 51 26 26 0 0 0 70 70 -9999 -9999 -9999 -9999 -9999 -9999 -9999 -9999 -9999 -9999 -9999 -9999 -9999 -9999 -9999 -9999 -9999 -9999 -9999 -9999 -9999 -9999 -9999 -9999
54 54 68 68 82 82 82 94 94 94 93 93 81 81 81 63 63 67 67 67 78 78 78 77 77 78 78 78 81 81 87 87 87 100 100 100 99 99 95 95 95 87 87 87 72 72 69 69 69 63 63 64 64 64 51 51 51 26 26 0 0 0 70 70 54 54 54 50 50 50 -9999 -9999 -9999 -9999 -9999 -9999 -9999 -9999 -9999 -9999 -9999 -9999 -9999 -9999 -9999 -9999 -9999 -9999
59 59 67 67 81 81 81 93 93 93 96 96 93 93 93 62 62 54 54 54 65 65 65 68 68 78 78 78 78 78 74 74 74 91 91 91 99 99 95 95 95 83 83 83 52 52 45 45 45 52 52 63 63 63 65 65 65 52 52 66 66 66 79 79 48 48 48 0 0 0 73 73 -9999 -9999 -9999 -9999 -9999 -9999 -9999 -9999 -9999 -9999 -9999 -9999 -9999 -9999 -9999 -9999
59 59 67 67 81 81 81 93 93 93 96 96 93 93 93 62 62 54 54 54 65 65 65 68 68 78 78 78 78 78 74 74 74 91 91 91 99 99 95 95 95 83 83 83 52 52 45 45 45 52 52 63 63 63 65 65 65 52 52 66 66 66 79 79 48 48 48 0 0 0 73 73 66 66 -9999 -9999 -9999 -9999 -9999 -9999 -9999 -9999 -9999 -9999 -9999 -9999 -9999 -9999
69 69 65 65 73 73 73 94 94 94 97 97 94 94 94 63 63 44 44 44 53 53 53 55 55 70 70 70 80 80 77 77 77 92 92 92 104 104 95 95 95 73 73 73 40 40 34 34 34 49 49 64 64 64 72 72 72 73 73 83 83 83 83 83 61 61 61 62 62 62 78 78 60 60 60 0 0 0 -9999 -9999 -9999 -9999 -9999 -9999 -9999 -9999 -9999 -9999
69 69 65 65 73 73 73 94 94 94 97 97 94 94 94 63 63 44 44 44 53 53 53 55 55 70 70 70 80 80 77 77 77 92 92 92 104 104 95 95 95 73 73 73 40 40 34 34 34 49 49 64 64 64 72 72 72 73 73 83 83 83 83 83 61 61 61 62 62 62 78 78 60 60 60 0 0 0 77 77 66 -9999 -9999 -9999 -9999 -9999 -9999 -9999
69 69 65 65 73 73 73 94 94 94 97 97 94 94 94 63 63 44 44 44 53 53 53 55 55 70 70 70 80 80 77 77 77 92 92 92 104 104 95 95 95 73 73 73 40 40 34 34 34 49 49 64 64 64 72 72 72 73 73 83 83 83 83 83 61 61 61 62 62 62 78 78 60 60 60 0 0 0 77 77 66 -9999 -9999 -9999 -9999 -9999 -9999 -9999
71 71 66 66 72 72 72 92 92 92 93 93 85 85 85 60 60 38 38 38 42 42 42 50 50 64 64 64 76 76 91 91 91 112 112 112 111 111 88 88 88 58 58 58 33 33 38 38 38 52 52 70 70 70 86 86 86 81 81 83 83 83 85 85 76 76 76 77 77 77 79 79 70 70 70 71 71 71 76 76 42 -9999 -9999 -9999 -9999 -9999 -9999 -9999
