SEB_model/sample_data_files/contemp/hillshade/june6am.txt
ncols         313
nrows         278
xllcorner     388961.19995117
yllcorner     7584381.3441773
cellsize      5
NODATA_value  -9999
[rows 148 to 184 of 278, columns 0 to 83 of 313]
-9999 -9999 -9999 -9999 -9999 -9999 -9999 -9999 -9999 -9999 -9999 -9999 -9999 -9999 -9999 -9999 -9999 -9999 -9999 -9999 -9999 -9999 -9999 -9999 -9999 -9999 -9999 -9999 -9999 -9999 -9999 -9999 -9999 -9999 -9999 -9999 -9999 -9999 -9999 -9999 -9999 -9999 -9999 -9999 -9999 -9999 -9999 -9999 -9999 -9999 -9999 -9999 -9999 -9999 -9999 -9999 -9999 -9999 -9999 -9999 -9999 -9999 -9999 -9999 -9999 -9999 -9999 -9999 -9999 166 159 159 159 164 164 164 141 141 139 139 139 163 163 170
-9999 -9999 -9999 -9999 -9999 -9999 -9999 -9999 -9999 -9999 -9999 -9999 -9999 -9999 -9999 -9999 -9999 -9999 -9999 -9999 -9999 -9999 -9999 -9999 -9999 -9999 -9999 -9999 -9999 -9999 -9999 -9999 -9999 -9999 -9999 -9999 -9999 -9999 -9999 -9999 -9999 -9999 -9999 -9999 -9999 -9999 -9999 -9999 -9999 -9999 -9999 -9999 -9999 -9999 -9999 -9999 -9999 -9999 -9999 -9999 -9999 -9999 -9999 -9999 -9999 -9999 -9999 -9999 166 166 159 159 159 164 164 164 141 141 139 139 139 163 163 170
-9999 -9999 -9999 -9999 -9999 -9999 -9999 -9999 -9999 -9999 -9999 -9999 -9999 -9999 -9999 -9999 -9999 -9999 -9999 -9999 -9999 -9999 -9999 -9999 -9999 -9999 -9999 -9999 -9999 -9999 -9999 -9999 -9999 -9999 -9999 -9999 -9999 -9999 -9999 -9999 -9999 -9999 -9999 -9999 -9999 -9999 -9999 -9999 -9999 -9999 -9999 -9999 -9999 -9999 -9999 -9999 -9999 -9999 -9999 -9999 -9999 -9999 -9999 -9999 -9999 -9999 171 171 138 138 140 140 140 163 163 163 158 158 152 152 152 158 158 165
-9999 -9999 -9999 -9999 -9999 -9999 -9999 -9999 -9999 -9999 -9999 -9999 -9999 -9999 -9999 -9999 -9999 -9999 -9999 -9999 -9999 -9999 -9999 -9999 -9999 -9999 -9999 -9999 -9999 -9999 -9999 -9999 -9999 -9999 -9999 -9999 -9999 -9999 -9999 -9999 -9999 -9999 -9999 -9999 -9999 -9999 -9999 -9999 -9999 -9999 -9999 -9999 -9999 -9999 -9999 -9999 -9999 -9999 -9999 -9999 -9999 -9999 -9999 -9999 -9999 171 171 171 138 138 140 140 140 163 163 163 158 158 152 152 152 158 158 165
-9999 -9999 -9999 -9999 -9999 -9999 -9999 -9999 -9999 -9999 -9999 -9999 -9999 -9999 -9999 -9999 -9999 -9999 -9999 -9999 -9999 -9999 -9999 -9999 -9999 -9999 -9999 -9999 -9999 -9999 -9999 -9999 -9999 -9999 -9999 -9999 -9999 -9999 -9999 -9999 -9999 -9999 -9999 -9999 -9999 -9999 -9999 -9999 -9999 -9999 -9999 -9999 -9999 -9999 -9999 -9999 -9999 -9999 -9999 -9999 -9999 -9999 -9999 178 178 143 143 143 128 128 146 146 146 160 160 160 167 167 160 160 160 158 158 161
-9999 -9999 -9999 -9999 -9999 -9999 -9999 -9999 -9999 -9999 -9999 -9999 -9999 -9999 -9999 -9999 -9999 -9999 -9999 -9999 -9999 -9999 -9999 -9999 -9999 -9999 -9999 -9999 -9999 -9999 -9999 -9999 -9999 -9999 -9999 -9999 -9999 -9999 -9999 -9999 -9999 -9999 -9999 -9999 -9999 -9999 -9999 -9999 -9999 -9999 -9999 -9999 -9999 -9999 -9999 -9999 -9999 -9999 -9999 -9999 -9999 -9999 188 178 178 143 143 143 128 128 146 146 146 160 160 160 167 167 160 160 160 158 158 161
-9999 -9999 -9999 -9999 -9999 -9999 -9999 -9999 -9999 -9999 -9999 -9999 -9999 -9999 -9999 -9999 -9999 -9999 -9999 -9999 -9999 -9999 -9999 -9999 -9999 -9999 -9999 -9999 -9999 -9999 -9999 -9999 -9999 -9999 -9999 -9999 -9999 -9999 -9999 -9999 -9999 -9999 -9999 -9999 -9999 -9999 -9999 -9999 -9999 -9999 -9999 -9999 -9999 -9999 -9999 -9999 -9999 -9999 -9999 -9999 -9999 188 188 178 178 143 143 143 128 128 146 146 146 160 160 160 167 167 160 160 160 158 158 161
-9999 -9999 -9999 -9999 -9999 -9999 -9999 -9999 -9999 -9999 -9999 -9999 -9999 -9999 -9999 -9999 -9999 -9999 -9999 -9999 -9999 -9999 -9999 -9999 -9999 -9999 -9999 -9999 -9999 -9999 -9999 -9999 -9999 -9999 -9999 -9999 -9999 -9999 -9999 -9999 -9999 -9999 -9999 -9999 -9999 -9999 -9999 -9999 -9999 -9999 -9999 -9999 -9999 -9999 -9999 -9999 -9999 -9999 -9999 179 187 187 187 167 167 128 128 128 147 147 154 154 154 154 154 154 162 162 153 153 153 161 161 166
-9999 -9999 -9999 -9999 -9999 -9999 -9999 -9999 -9999 -9999 -9999 -9999 -9999 -9999 -9999 -9999 -9999 -9999 -9999 -9999 -9999 -9999 -9999 -9999 -9999 -9999 -9999 -9999 -9999 -9999 -9999 -9999 -9999 -9999 -9999 -9999 -9999 -9999 -9999 -9999 -9999 -9999 -9999 -9999 -9999 -9999 -9999 -9999 -9999 -9999 -9999 -9999 -9999 -9999 -9999 -9999 -9999 -9999 179 179 187 187 187 167 167 128 128 128 147 147 154 154 154 154 154 154 162 162 153 153 153 161 161 166
-9999 -9999 -9999 -9999 -9999 -9999 -9999 -9999 -9999 -9999 -9999 -9999 -9999 -9999 -9999 -9999 -9999 -9999 -9999 -9999 -9999 114 114 117 117 -9999 -9999 -9999 -9999 -9999 -9999 -9999 -9999 -9999 -9999 -9999 -9999 -9999 -9999 -9999 -9999 -9999 -9999 -9999 -9999 -9999 -9999 -9999 -9999 -9999 -9999 -9999 -9999 -9999 -9999 -9999 180 179 179 179 187 187 187 167 167 128 128 128 147 147 154 154 154 154 154 154 162 162 153 153 153 161 161 166
-9999 -9999 -9999 -9999 -9999 -9999 -9999 -9999 -9999 -9999 -9999 -9999 -9999 -9999 -9999 -9999 -9999 -9999 -9999 103 103 101 101 112 112 112 -9999 -9999 -9999 -9999 -9999 -9999 -9999 -9999 -9999 -9999 -9999 -9999 -9999 -9999 -9999 -9999 -9999 -9999 -9999 -9999 -9999 -9999 -9999 -9999 -9999 -9999 -9999 -9999 182 178 178 160 160 160 171 171 171 166 166 136 136 136 151 151 150 150 150 149 149 149 159 159 147 147 147 160 160 174
-9999 -9999 -9999 -9999 -9999 -9999 -9999 -9999 -9999 -9999 -9999 -9999 -9999 -9999 -9999 -9999 -9999 -9999 103 103 103 101 101 112 112 112 128 -9999 -9999 -9999 -9999 -9999 -9999 -9999 -9999 -9999 -9999 -9999 -9999 -9999 -9999 -9999 -9999 -9999 -9999 -9999 -9999 -9999 -9999 -9999 -9999 175 182 182 182 178 178 160 160 160 171 171 171 166 166 136 136 136 151 151 150 150 150 149 149 149 159 159 147 147 147 160 160 174
-9999 -9999 -9999 -9999 -9999 -9999 -9999 -9999 -9999 -9999 -9999 -9999 -9999 -9999 -9999 -9999 -9999 105 81 81 81 87 87 108 108 108 134 134 -9999 -9999 -9999 -9999 -9999 -9999 -9999 -9999 -9999 -9999 -9999 -9999 -9999 -9999 -9999 -9999 -9999 -9999 -9999 -9999 -9999 182 182 182 193 193 193 171 171 151 151 151 169 169 169 169 169 143 143 143 139 139 138 138 138 145 145 145 161 161 150 150 150 159 159 177
-9999 -9999 -9999 -9999 -9999 -9999 -9999 -9999 -9999 -9999 -9999 -9999 -9999 -9999 -9999 -9999 105 105 81 81 81 87 87 108 108 108 134 134 134 -9999 -9999 -9999 -9999 -9999 -9999 -9999 -9999 -9999 -9999 -9999 -9999 -9999 -9999 -9999 -9999 -9999 -9999 -9999 171 182 182 182 193 193 193 171 171 151 151 151 169 169 169 169 169 143 143 143 139 139 138 138 138 145 145 145 161 161 150 150 150 159 159 177
-9999 -9999 -9999 -9999 -9999 -9999 -9999 -9999 -9999 -9999 -9999 -9999 -9999 -9999 -9999 -9999 105 105 81 81 81 87 87 108 108 108 134 134 134 150 -9999 -9999 -9999 -9999 -9999 -9999 -9999 -9999 -9999 -9999 -9999 -9999 -9999 -9999 -9999 -9999 -9999 171 171 182 182 182 193 193 193 171 171 151 151 151 169 169 169 169 169 143 143 143 139 139 138 138 138 145 145 145 161 161 150 150 150 159 159 177
-9999 -9999 -9999 -9999 -9999 -9999 -9999 -9999 -9999 -9999 -9999 -9999 -9999 -9999 -9999 -9999 -9999 83 69 69 69 97 97 106 106 106 122 122 122 148 148 -9999 -9999 -9999 -9999 -9999 -9999 -9999 -9999 -9999 -9999 -9999 -9999 -9999 -9999 -9999 165 164 164 176 176 176 186 186 186 170 170 159 159 159 168 168 168 172 172 154 154 154 133 133 123 123 123 134 134 134 159 159 157 157 157 166 166 180
-9999 -9999 -9999 -9999 -9999 -9999 -9999 -9999 -9999 -9999 -9999 -9999 -9999 -9999 -9999 -9999 -9999 83 69 69 69 97 97 106 106 106 122 122 122 148 148 151 -9999 -9999 -9999 -9999 -9999 -9999 -9999 -9999 -9999 -9999 -9999 -9999 -9999 165 165 164 164 176 176 176 186 186 186 170 170 159 159 159 168 168 168 172 172 154 154 154 133 133 123 123 123 134 134 134 159 159 157 157 157 166 166 180
-9999 -9999 -9999 -9999 -9999 -9999 -9999 -9999 -9999 -9999 -9999 -9999 -9999 -9999 -9999 -9999 71 71 67 67 67 108 108 106 106 106 109 109 109 126 126 148 148 -9999 -9999 -9999 -9999 -9999 -9999 -9999 -9999 -9999 -9999 -9999 -9999 155 155 154 154 180 180 180 177 177 177 168 168 161 161 161 164 164 164 174 174 162 162 162 145 145 123 123 123 121 121 121 151 151 156 156 156 172 172 188
-9999 -9999 -9999 -9999 -9999 -9999 -9999 -9999 -9999 -9999 -9999 -9999 -9999 -9999 -9999 -9999 -9999 71 67 67 67 108 108 106 106 106 109 109 109 126 126 148 148 148 -9999 -9999 -9999 -9999 -9999 -9999 -9999 -9999 -9999 -9999 155 155 155 154 154 180 180 180 177 177 177 168 168 161 161 161 164 164 164 174 174 162 162 162 145 145 123 123 123 121 121 121 151 151 156 156 156 172 172 188
-9999 -9999 -9999 -9999 -9999 -9999 -9999 -9999 -9999 -9999 -9999 -9999 -9999 -9999 -9999 -9999 -9999 71 67 67 67 108 108 106 106 106 109 109 109 126 126 148 148 148 150 150 -9999 -9999 -9999 -9999 -9999 -9999 -9999 164 155 155 155 154 154 180 180 180 177 177 177 168 168 161 161 161 164 164 164 174 174 162 162 162 145 145 123 123 123 121 121 121 151 151 156 156 156 172 172 188
-9999 -9999 -9999 -9999 -9999 -9999 -9999 -9999 -9999 -9999 -9999 -9999 -9999 -9999 -9999 -9999 -9999 71 66 66 66 108 108 107 107 107 109 109 109 112 112 124 124 124 149 149 148 148 -9999 -9999 -9999 -9999 170 170 155 155 155 156 156 180 180 180 164 164 164 161 161 165 165 165 162 162 162 166 166 160 160 160 160 160 141 141 141 121 121 121 141 141 147 147 147 168 168 190
-9999 -9999 -9999 -9999 -9999 -9999 -9999 -9999 -9999 -9999 -9999 -9999 -9999 -9999 -9999 -9999 -9999 71 66 66 66 108 108 107 107 107 109 109 109 112 112 124 124 124 149 149 148 148 148 147 147 147 170 170 155 155 155 156 156 180 180 180 164 164 164 161 161 165 165 165 162 162 162 166 166 160 160 160 160 160 141 141 141 121 121 121 141 141 147 147 147 168 168 190
-9999 -9999 -9999 -9999 -9999 -9999 -9999 -9999 -9999 -9999 -9999 -9999 -9999 -9999 -9999 -9999 -9999 71 66 66 66 108 108 107 107 107 109 109 109 112 112 124 124 124 149 149 148 148 148 147 147 147 170 170 155 155 155 156 156 180 180 180 164 164 164 161 161 165 165 165 162 162 162 166 166 160 160 160 160 160 141 141 141 121 121 121 141 141 147 147 147 168 168 190
-9999 -9999 -9999 -9999 -9999 -9999 -9999 -9999 -9999 -9999 -9999 -9999 -9999 -9999 -9999 -9999 69 69 63 63 63 108 108 110 110 110 111 111 111 112 112 112 112 112 129 129 141 141 141 148 148 148 168 168 167 167 167 165 165 169 169 169 156 156 156 165 165 166 166 166 156 156 156 160 160 153 153 153 159 159 153 153 153 138 138 138 143 143 140 140 140 156 156 181
-9999 -9999 -9999 -9999 -9999 -9999 -9999 -9999 -9999 -9999 -9999 -9999 -9999 -9999 -9999 69 69 69 63 63 63 108 108 110 110 110 111 111 111 112 112 112 112 112 129 129 141 141 141 148 148 148 168 168 167 167 167 165 165 169 169 169 156 156 156 165 165 166 166 166 156 156 156 160 160 153 153 153 159 159 153 153 153 138 138 138 143 143 140 140 140 156 156 181
-9999 -9999 -9999 -9999 -9999 -9999 -9999 -9999 -9999 -9999 -9999 -9999 -9999 -9999 109 67 67 67 72 72 72 109 109 112 112 112 111 111 111 112 112 114 114 114 118 118 128 128 128 144 144 144 160 160 166 166 166 162 162 162 162 162 159 159 159 162 162 157 157 157 149 149 149 157 157 148 148 148 147 147 149 149 149 156 156 156 161 161 139 139 139 144 144 173
-9999 -9999 -9999 -9999 -9999 -9999 -9999 -9999 -9999 -9999 -9999 -9999 -9999 109 109 67 67 67 72 72 72 109 109 112 112 112 111 111 111 112 112 114 114 114 118 118 128 128 128 144 144 144 160 160 166 166 166 162 162 162 162 162 159 159 159 162 162 157 157 157 149 149 149 157 157 148 148 148 147 147 149 149 149 156 156 156 161 161 139 139 139 144 144 173
-9999 -9999 -9999 -9999 -9999 -9999 -9999 -9999 -9999 -9999 -9999 117 117 109 109 67 67 67 72 72 72 109 109 112 112 112 111 111 111 112 112 114 114 114 118 118 128 128 128 144 144 144 160 160 166 166 166 162 162 162 162 162 159 159 159 162 162 157 157 157 149 149 149 157 157 148 148 148 147 147 149 149 149 156 156 156 161 161 139 139 139 144 144 173
-9999 -9999 -9999 -9999 -9999 -9999 -9999 -9999 -9999 -9999 -9999 114 114 85 85 74 74 74 95 95 95 112 112 114 114 114 112 112 112 114 114 116 116 116 121 121 130 130 130 143 143 143 156 156 160 160 160 155 155 161 161 161 158 158 158 154 154 150 150 150 144 144 144 147 147 140 140 140 140 140 143 143 143 161 161 161 173 173 150 150 150 146 146 169
-9999 -9999 -9999 -9999 -9999 -9999 -9999 -9999 -9999 -9999 114 114 114 85 85 74 74 74 95 95 95 112 112 114 114 114 112 112 112 114 114 116 116 116 121 121 130 130 130 143 143 143 156 156 160 160 160 155 155 161 161 161 158 158 158 154 154 150 150 150 144 144 144 147 147 140 140 140 140 140 143 143 143 161 161 161 173 173 150 150 150 146 146 169
-9999 -9999 -9999 -9999 -9999 -9999 -9999 -9999 -9999 118 114 114 114 85 85 74 74 74 95 95 95 112 112 114 114 114 112 112 112 114 114 116 116 116 121 121 130 130 130 143 143 143 156 156 160 160 160 155 155 161 161 161 158 158 158 154 154 150 150 150 144 144 144 147 147 140 140 140 140 140 143 143 143 161 161 161 173 173 150 150 150 146 146 169
-9999 -9999 -9999 -9999 -9999 -9999 -9999 -9999 -9999 113 94 94 94 81 81 95 95 95 109 109 109 115 115 116 116 116 113 113 113 113 113 115 115 115 123 123 133 133 133 143 143 143 153 153 156 156 156 159 159 158 158 158 145 145 145 146 146 146 146 146 142 142 142 138 138 127 127 127 137 137 142 142 142 160 160 160 176 176 164 164 164 163 163 165
-9999 -9999 -9999 -9999 -9999 -9999 -9999 -9999 -9999 113 94 94 94 81 81 95 95 95 109 109 109 115 115 116 116 116 113 113 113 113 113 115 115 115 123 123 133 133 133 143 143 143 153 153 156 156 156 159 159 158 158 158 145 145 145 146 146 146 146 146 142 142 142 138 138 127 127 127 137 137 142 142 142 160 160 160 176 176 164 164 164 163 163 165
-9999 -9999 -9999 -9999 -9999 -9999 -9999 -9999 92 92 80 80 80 101 101 108 108 108 114 114 114 120 120 118 118 118 110 110 110 105 105 112 112 112 128 128 137 137 137 143 143 143 152 152 155 155 155 158 158 153 153 153 136 136 136 138 138 139 139 139 139 139 139 138 138 122 122 122 129 129 137 137 137 153 153 153 175 175 175 175 175 176 176 166
-9999 -9999 -9999 -9999 -9999 -9999 -9999 -9999 92 92 80 80 80 101 101 108 108 108 114 114 114 120 120 118 118 118 110 110 110 105 105 112 112 112 128 128 137 137 137 143 143 143 152 152 155 155 155 158 158 153 153 153 136 136 136 138 138 139 139 139 139 139 139 138 138 122 122 122 129 129 137 137 137 153 153 153 175 175 175 175 175 176 176 166
-9999 -9999 -9999 -9999 -9999 -9999 -9999 -9999 92 92 80 80 80 101 101 108 108 108 114 114 114 120 120 118 118 118 110 110 110 105 105 112 112 112 128 128 137 137 137 143 143 143 152 152 155 155 155 158 158 153 153 153 136 136 136 138 138 139 139 139 139 139 139 138 138 122 122 122 129 129 137 137 137 153 153 153 175 175 175 175 175 176 176 166
-9999 -9999 -9999 -9999 -9999 -9999 -9999 117 80 80 75 75 75 113 113 113 113 113 118 118 118 129 129 120 120 120 101 101 101 93 93 109 109 109 136 136 139 139 139 145 145 145 156 156 153 153 153 147 147 150 150 150 140 140 140 136 136 133 133 133 134 134 134 141 141 128 128 128 126 126 129 129 129 142 142 142 175 175 180 180 180 175 175 166
