SEB_model/sample_data_files/contemp/hillshade/junenoon.txt
ncols         313
nrows         278
xllcorner     388961.19995117
yllcorner     7584381.3441773
cellsize      5
NODATA_value  -9999
[rows 152 to 189 of 278, columns 85 to 169 of 313]
154 150 150 150 145 145 150 150 150 155 155 155 155 155 149 149 149 136 136 128 128 128 127 127 127 129 129 127 127 127 114 114 118 118 118 141 141 141 146 146 125 125 125 107 107 107 112 112 120 120 120 116 116 117 117 117 108 108 108 80 80 73 73 73 77 77 77 75 75 80 80 80 90 90 100 100 100 102 102 102 93 93 89 89 89
154 150 150 150 145 145 150 150 150 155 155 155 155 155 149 149 149 136 136 128 128 128 127 127 127 129 129 127 127 127 114 114 118 118 118 141 141 141 146 146 125 125 125 107 107 107 112 112 120 120 120 116 116 117 117 117 108 108 108 80 80 73 73 73 77 77 77 75 75 80 80 80 90 90 100 100 100 102 102 102 93 93 89 89 89
154 150 150 150 145 145 150 150 150 155 155 155 155 155 149 149 149 136 136 128 128 128 127 127 127 129 129 127 127 127 114 114 118 118 118 141 141 141 146 146 125 125 125 107 107 107 112 112 120 120 120 116 116 117 117 117 108 108 108 80 80 73 73 73 77 77 77 75 75 80 80 80 90 90 100 100 100 102 102 102 93 93 89 89 89
135 138 138 138 129 129 127 127 127 131 131 131 128 128 117 117 117 111 111 114 114 114 109 109 109 107 107 121 121 121 117 117 104 104 104 114 114 114 136 136 147 147 147 133 133 133 111 111 113 113 113 120 120 116 116 116 109 109 109 90 90 71 71 71 69 69 69 73 73 79 79 79 87 87 96 96 96 104 104 104 100 100 94 94 94
135 138 138 138 129 129 127 127 127 131 131 131 128 128 117 117 117 111 111 114 114 114 109 109 109 107 107 121 121 121 117 117 104 104 104 114 114 114 136 136 147 147 147 133 133 133 111 111 113 113 113 120 120 116 116 116 109 109 109 90 90 71 71 71 69 69 69 73 73 79 79 79 87 87 96 96 96 104 104 104 100 100 94 94 94
135 138 138 138 129 129 127 127 127 131 131 131 128 128 117 117 117 111 111 114 114 114 109 109 109 107 107 121 121 121 117 117 104 104 104 114 114 114 136 136 147 147 147 133 133 133 111 111 113 113 113 120 120 116 116 116 109 109 109 90 90 71 71 71 69 69 69 73 73 79 79 79 87 87 96 96 96 104 104 104 100 100 94 94 94
123 135 135 135 130 130 116 116 116 109 109 109 103 103 99 99 99 96 96 107 107 107 110 110 110 101 101 111 111 111 120 120 110 110 110 101 101 101 114 114 139 139 139 146 146 146 126 126 107 107 107 108 108 113 113 113 105 105 105 86 86 70 70 70 71 71 71 84 84 87 87 87 84 84 91 91 91 103 103 103 107 107 103 103 103
123 135 135 135 130 130 116 116 116 109 109 109 103 103 99 99 99 96 96 107 107 107 110 110 110 101 101 111 111 111 120 120 110 110 110 101 101 101 114 114 139 139 139 146 146 146 126 126 107 107 107 108 108 113 113 113 105 105 105 86 86 70 70 70 71 71 71 84 84 87 87 87 84 84 91 91 91 103 103 103 107 107 103 103 103
128 132 132 132 132 132 124 124 124 111 111 111 109 109 118 118 118 112 112 112 112 112 116 116 116 107 107 103 103 103 108 108 115 115 115 111 111 111 103 103 115 115 115 141 141 141 149 149 130 130 130 104 104 95 95 95 91 91 91 82 82 75 75 75 73 73 73 89 89 104 104 104 94 94 90 90 90 100 100 100 109 109 113 113 113
128 132 132 132 132 132 124 124 124 111 111 111 109 109 118 118 118 112 112 112 112 112 116 116 116 107 107 103 103 103 108 108 115 115 115 111 111 111 103 103 115 115 115 141 141 141 149 149 130 130 130 104 104 95 95 95 91 91 91 82 82 75 75 75 73 73 73 89 89 104 104 104 94 94 90 90 90 100 100 100 109 109 113 113 113
128 132 132 132 132 132 124 124 124 111 111 111 109 109 118 118 118 112 112 112 112 112 116 116 116 107 107 103 103 103 108 108 115 115 115 111 111 111 103 103 115 115 115 141 141 141 149 149 130 130 130 104 104 95 95 95 91 91 91 82 82 75 75 75 73 73 73 89 89 104 104 104 94 94 90 90 90 100 100 100 109 109 113 113 113
125 133 133 133 130 130 116 116 116 106 106 106 108 108 116 116 116 116 116 119 119 119 116 116 116 104 104 98 98 98 95 95 98 98 98 107 107 107 103 103 93 93 93 100 100 100 128 128 146 146 146 122 122 80 80 80 63 63 63 64 64 67 67 67 60 60 60 63 63 94 94 94 100 100 82 82 82 78 78 78 87 87 97 97 97
125 133 133 133 130 130 116 116 116 106 106 106 108 108 116 116 116 116 116 119 119 119 116 116 116 104 104 98 98 98 95 95 98 98 98 107 107 107 103 103 93 93 93 100 100 100 128 128 146 146 146 122 122 80 80 80 63 63 63 64 64 67 67 67 60 60 60 63 63 94 94 94 100 100 82 82 82 78 78 78 87 87 97 97 97
122 138 138 138 140 140 122 122 122 109 109 109 113 113 117 117 117 112 112 125 125 125 135 135 135 126 126 124 124 124 120 120 112 112 112 115 115 115 123 123 117 117 117 102 102 102 103 103 131 131 131 138 138 110 110 110 85 85 85 81 81 88 88 88 82 82 82 72 72 92 92 92 116 116 111 111 111 95 95 95 91 91 102 102 102
122 138 138 138 140 140 122 122 122 109 109 109 113 113 117 117 117 112 112 125 125 125 135 135 135 126 126 124 124 124 120 120 112 112 112 115 115 115 123 123 117 117 117 102 102 102 103 103 131 131 131 138 138 110 110 110 85 85 85 81 81 88 88 88 82 82 82 72 72 92 92 92 116 116 111 111 111 95 95 95 91 91 102 102 102
122 138 138 138 140 140 122 122 122 109 109 109 113 113 117 117 117 112 112 125 125 125 135 135 135 126 126 124 124 124 120 120 112 112 112 115 115 115 123 123 117 117 117 102 102 102 103 103 131 131 131 138 138 110 110 110 85 85 85 81 81 88 88 88 82 82 82 72 72 92 92 92 116 116 111 111 111 95 95 95 91 91 102 102 102
112 115 115 115 133 133 137 137 137 116 116 116 105 105 111 111 111 103 103 110 110 110 128 128 128 132 132 130 130 130 123 123 118 118 118 118 118 118 121 121 126 126 126 115 115 115 86 86 73 73 73 92 92 118 118 118 120 120 120 108 108 103 103 103 95 95 95 72 72 65 65 65 87 87 112 112 112 111 111 111 96 96 99 99 99
112 115 115 115 133 133 137 137 137 116 116 116 105 105 111 111 111 103 103 110 110 110 128 128 128 132 132 130 130 130 123 123 118 118 118 118 118 118 121 121 126 126 126 115 115 115 86 86 73 73 73 92 92 118 118 118 120 120 120 108 108 103 103 103 95 95 95 72 72 65 65 65 87 87 112 112 112 111 111 111 96 96 99 99 99
112 115 115 115 133 133 137 137 137 116 116 116 105 105 111 111 111 103 103 110 110 110 128 128 128 132 132 130 130 130 123 123 118 118 118 118 118 118 121 121 126 126 126 115 115 115 86 86 73 73 73 92 92 118 118 118 120 120 120 108 108 103 103 103 95 95 95 72 72 65 65 65 87 87 112 112 112 111 111 111 96 96 99 99 99
111 103 103 103 119 119 147 147 147 136 136 136 102 102 96 96 96 90 90 93 93 93 106 106 106 116 116 127 127 127 121 121 107 107 107 98 98 98 95 95 98 98 98 96 96 96 76 76 51 51 51 50 50 84 84 84 116 116 116 116 116 106 106 106 100 100 100 78 78 52 52 52 50 50 73 73 73 97 97 97 98 98 85 85 85
111 103 103 103 119 119 147 147 147 136 136 136 102 102 96 96 96 90 90 93 93 93 106 106 106 116 116 127 127 127 121 121 107 107 107 98 98 98 95 95 98 98 98 96 96 96 76 76 51 51 51 50 50 84 84 84 116 116 116 116 116 106 106 106 100 100 100 78 78 52 52 52 50 50 73 73 73 97 97 97 98 98 85 85 85
132 124 124 124 120 120 138 138 138 148 148 148 124 124 105 105 105 91 91 92 92 92 103 103 103 106 106 122 122 122 129 129 111 111 111 92 92 92 81 81 81 81 81 86 86 86 85 85 76 76 76 68 68 75 75 75 101 101 101 122 122 121 121 121 114 114 114 110 110 98 98 98 77 77 73 73 73 92 92 92 102 102 90 90 90
132 124 124 124 120 120 138 138 138 148 148 148 124 124 105 105 105 91 91 92 92 92 103 103 103 106 106 122 122 122 129 129 111 111 111 92 92 92 81 81 81 81 81 86 86 86 85 85 76 76 76 68 68 75 75 75 101 101 101 122 122 121 121 121 114 114 114 110 110 98 98 98 77 77 73 73 73 92 92 92 102 102 90 90 90
132 124 124 124 120 120 138 138 138 148 148 148 124 124 105 105 105 91 91 92 92 92 103 103 103 106 106 122 122 122 129 129 111 111 111 92 92 92 81 81 81 81 81 86 86 86 85 85 76 76 76 68 68 75 75 75 101 101 101 122 122 121 121 121 114 114 114 110 110 98 98 98 77 77 73 73 73 92 92 92 102 102 90 90 90
151 145 145 145 129 129 128 128 128 147 147 147 144 144 122 122 122 98 98 89 89 89 99 99 99 100 100 104 104 104 114 114 112 112 112 92 92 92 71 71 63 63 63 68 68 68 83 83 97 97 97 96 96 86 86 86 84 84 84 101 101 117 117 117 110 110 110 100 100 106 106 106 105 105 95 95 95 87 87 87 81 81 81 81 81
151 145 145 145 129 129 128 128 128 147 147 147 144 144 122 122 122 98 98 89 89 89 99 99 99 100 100 104 104 104 114 114 112 112 112 92 92 92 71 71 63 63 63 68 68 68 83 83 97 97 97 96 96 86 86 86 84 84 84 101 101 117 117 117 110 110 110 100 100 106 106 106 105 105 95 95 95 87 87 87 81 81 81 81 81
151 145 145 145 129 129 128 128 128 147 147 147 144 144 122 122 122 98 98 89 89 89 99 99 99 100 100 104 104 104 114 114 112 112 112 92 92 92 71 71 63 63 63 68 68 68 83 83 97 97 97 96 96 86 86 86 84 84 84 101 101 117 117 117 110 110 110 100 100 106 106 106 105 105 95 95 95 87 87 87 81 81 81 81 81
161 156 156 156 142 142 138 138 138 157 157 157 167 167 144 144 144 111 111 100 100 100 104 104 104 106 106 107 107 107 111 111 120 120 120 116 116 116 95 95 82 82 82 81 81 81 91 91 111 111 111 118 118 107 107 107 90 90 90 84 84 104 104 104 115 115 115 101 101 95 95 95 96 96 89 89 89 76 76 76 70 70 73 73 -9999
161 156 156 156 142 142 138 138 138 157 157 157 167 167 144 144 144 111 111 100 100 100 104 104 104 106 106 107 107 107 111 111 120 120 120 116 116 116 95 95 82 82 82 81 81 81 91 91 111 111 111 118 118 107 107 107 90 90 90 84 84 104 104 104 115 115 115 101 101 95 95 95 96 96 89 89 89 76 76 76 70 70 73 -9999 -9999
156 163 163 163 157 157 150 150 150 154 154 154 171 171 168 168 168 132 132 107 107 107 102 102 102 96 96 101 101 101 108 108 118 118 118 136 136 136 137 137 121 121 121 111 111 111 106 106 112 112 112 124 124 128 128 128 116 116 116 92 92 81 81 81 93 93 93 104 104 99 99 99 83 83 67 67 67 60 60 60 61 61 74 -9999 -9999
156 163 163 163 157 157 150 150 150 154 154 154 171 171 168 168 168 132 132 107 107 107 102 102 102 96 96 101 101 101 108 108 118 118 118 136 136 136 137 137 121 121 121 111 111 111 106 106 112 112 112 124 124 128 128 128 116 116 116 92 92 81 81 81 93 93 93 104 104 99 99 99 83 83 67 67 67 60 60 60 61 61 74 -9999 -9999
156 163 163 163 157 157 150 150 150 154 154 154 171 171 168 168 168 132 132 107 107 107 102 102 102 96 96 101 101 101 108 108 118 118 118 136 136 136 137 137 121 121 121 111 111 111 106 106 112 112 112 124 124 128 128 128 116 116 116 92 92 81 81 81 93 93 93 104 104 99 99 99 83 83 67 67 67 60 60 60 61 61 74 74 74
147 152 152 152 152 152 149 149 149 144 144 144 156 156 176 176 176 151 151 101 101 101 83 83 83 79 79 81 81 81 90 90 97 97 97 104 104 104 118 118 130 130 130 128 128 128 115 115 104 104 104 103 103 114 114 114 121 121 121 108 108 86 86 86 75 75 75 75 75 72 72 72 64 64 57 57 57 52 52 52 47 47 42 42 42
147 152 152 152 152 152 149 149 149 144 144 144 156 156 176 176 176 151 151 101 101 101 83 83 83 79 79 81 81 81 90 90 97 97 97 104 104 104 118 118 130 130 130 128 128 128 115 115 104 104 104 103 103 114 114 114 121 121 121 108 108 86 86 86 75 75 75 75 75 72 72 72 64 64 57 57 57 52 52 52 47 47 42 42 42
161 158 158 158 151 151 149 149 149 146 146 146 142 142 154 154 154 145 145 108 108 108 88 88 88 88 88 84 84 84 82 82 83 83 83 81 81 81 87 87 113 113 113 133 133 133 128 128 119 119 119 112 112 111 111 111 120 120 120 124 124 117 117 117 98 98 98 76 76 66 66 66 63 63 62 62 62 58 58 58 50 50 35 35 35
161 158 158 158 151 151 149 149 149 146 146 146 142 142 154 154 154 145 145 108 108 108 88 88 88 88 88 84 84 84 82 82 83 83 83 81 81 81 87 87 113 113 113 133 133 133 128 128 119 119 119 112 112 111 111 111 120 120 120 124 124 117 117 117 98 98 98 76 76 66 66 66 63 63 62 62 62 58 58 58 50 50 35 35 35
161 158 158 158 151 151 149 149 149 146 146 146 142 142 154 154 154 145 145 108 108 108 88 88 88 88 88 84 84 84 82 82 83 83 83 81 81 81 87 87 113 113 113 133 133 133 128 128 119 119 119 112 112 111 111 111 120 120 120 124 124 117 117 117 98 98 98 76 76 66 66 66 63 63 62 62 62 58 58 58 50 50 35 35 35
185 179 179 179 164 164 152 152 152 147 147 147 140 140 132 132 132 117 117 99 99 99 85 85 85 87 87 83 83 83 71 71 63 63 63 64 64 64 66 66 70 70 70 95 95 95 120 120 124 124 124 119 119 114 114 114 108 108 108 103 103 98 98 98 92 92 92 94 94 98 98 98 79 79 58 58 58 50 50 50 45 45 53 53 -9999
