SEB_model/sample_data_files/contemp/hillshade/june6am.txt
ncols         313
nrows         278
xllcorner     388961.19995117
yllcorner     7584381.3441773
cellsize      5
NODATA_value  -9999
[rows 222 to 258 of 278, columns 84 to 167 of 313]
127 127 113 113 113 103 103 92 92 92 97 97 97 114 114 120 120 120 109 109 92 92 92 86 86 86 73 73 63 63 63 62 62 72 72 72 91 91 91 90 90 73 73 73 62 62 62 59 59 62 62 62 65 65 66 66 66 70 70 70 85 -9999 -9999 -9999 -9999 -9999 -9999 -9999 -9999 -9999 -9999 -9999 -9999 -9999 -9999 -9999 -9999 -9999 -9999 -9999 -9999 -9999 -9999 -9999
120 120 111 111 111 103 103 102 102 102 103 103 103 93 93 90 90 90 92 92 81 81 81 70 70 70 74 74 84 84 84 92 92 93 93 93 90 90 90 77 77 59 59 59 52 52 52 48 48 57 57 57 70 70 71 71 71 70 70 70 107 -9999 -9999 -9999 -9999 -9999 -9999 -9999 -9999 -9999 -9999 -9999 -9999 -9999 -9999 -9999 -9999 -9999 -9999 -9999 -9999 -9999 -9999 -9999
120 120 111 111 111 103 103 102 102 102 103 103 103 93 93 90 90 90 92 92 81 81 81 70 70 70 74 74 84 84 84 92 92 93 93 93 90 90 90 77 77 59 59 59 52 52 52 48 48 57 57 57 70 70 71 71 71 70 70 70 107 -9999 -9999 -9999 -9999 -9999 -9999 -9999 -9999 -9999 -9999 -9999 -9999 -9999 -9999 -9999 -9999 -9999 -9999 -9999 -9999 -9999 -9999 -9999
120 120 111 111 111 103 103 102 102 102 103 103 103 93 93 90 90 90 92 92 81 81 81 70 70 70 74 74 84 84 84 92 92 93 93 93 90 90 90 77 77 59 59 59 52 52 52 48 48 57 57 57 70 70 71 71 71 70 70 70 107 -9999 -9999 -9999 -9999 -9999 -9999 -9999 -9999 -9999 -9999 -9999 -9999 -9999 -9999 -9999 -9999 -9999 -9999 -9999 -9999 -9999 -9999 -9999
98 98 95 95 95 107 107 125 125 125 106 106 106 72 72 64 64 64 72 72 76 76 76 84 84 84 120 120 123 123 123 95 95 78 78 78 69 69 69 64 64 53 53 53 47 47 47 46 46 58 58 58 68 68 70 70 70 70 70 70 116 -9999 -9999 -9999 -9999 -9999 -9999 -9999 -9999 -9999 -9999 -9999 -9999 -9999 -9999 -9999 -9999 -9999 -9999 -9999 -9999 -9999 -9999 -9999
98 98 95 95 95 107 107 125 125 125 106 106 106 72 72 64 64 64 72 72 76 76 76 84 84 84 120 120 123 123 123 95 95 78 78 78 69 69 69 64 64 53 53 53 47 47 47 46 46 58 58 58 68 68 70 70 70 70 70 70 116 116 -9999 -9999 -9999 -9999 -9999 -9999 -9999 -9999 -9999 -9999 -9999 -9999 -9999 -9999 -9999 -9999 -9999 -9999 -9999 -9999 -9999 -9999
76 76 83 83 83 102 102 117 117 117 98 98 98 73 73 63 63 63 70 70 92 92 92 121 121 121 136 136 113 113 113 70 70 55 55 55 59 59 59 48 48 43 43 43 54 54 54 59 59 62 62 62 61 61 61 61 61 66 66 66 99 99 -9999 -9999 -9999 -9999 -9999 -9999 -9999 -9999 -9999 -9999 -9999 -9999 -9999 -9999 -9999 -9999 -9999 -9999 -9999 -9999 -9999 -9999
76 76 83 83 83 102 102 117 117 117 98 98 98 73 73 63 63 63 70 70 92 92 92 121 121 121 136 136 113 113 113 70 70 55 55 55 59 59 59 48 48 43 43 43 54 54 54 59 59 62 62 62 61 61 61 61 61 66 66 66 99 99 -9999 -9999 -9999 -9999 -9999 -9999 -9999 -9999 -9999 -9999 -9999 -9999 -9999 -9999 -9999 -9999 -9999 -9999 -9999 -9999 -9999 -9999
76 76 83 83 83 102 102 117 117 117 98 98 98 73 73 63 63 63 70 70 92 92 92 121 121 121 136 136 113 113 113 70 70 55 55 55 59 59 59 48 48 43 43 43 54 54 54 59 59 62 62 62 61 61 61 61 61 66 66 66 99 99 107 -9999 -9999 -9999 -9999 -9999 -9999 -9999 -9999 -9999 -9999 -9999 -9999 -9999 -9999 -9999 -9999 -9999 -9999 -9999 -9999 -9999
82 82 88 88 88 80 80 78 78 78 88 88 88 88 88 81 81 81 97 97 111 111 111 114 114 114 95 95 71 71 71 48 48 43 43 43 53 53 53 36 36 38 38 38 64 64 64 70 70 67 67 67 55 55 50 50 50 58 58 58 73 73 97 97 -9999 -9999 -9999 -9999 -9999 -9999 -9999 -9999 -9999 -9999 -9999 -9999 -9999 -9999 -9999 -9999 -9999 -9999 -9999 -9999
82 82 88 88 88 80 80 78 78 78 88 88 88 88 88 81 81 81 97 97 111 111 111 114 114 114 95 95 71 71 71 48 48 43 43 43 53 53 53 36 36 38 38 38 64 64 64 70 70 67 67 67 55 55 50 50 50 58 58 58 73 73 97 97 97 -9999 -9999 -9999 -9999 -9999 -9999 -9999 -9999 -9999 -9999 -9999 -9999 -9999 -9999 -9999 -9999 -9999 -9999 -9999
100 100 79 79 79 63 63 61 61 61 78 78 78 92 92 109 109 109 144 144 121 121 121 61 61 61 34 34 45 45 45 35 35 27 27 27 47 47 47 39 39 45 45 45 60 60 60 65 65 69 69 69 54 54 45 45 45 51 51 51 60 60 82 82 82 117 -9999 -9999 -9999 -9999 -9999 -9999 -9999 -9999 -9999 -9999 -9999 -9999 -9999 -9999 -9999 -9999 -9999 -9999
100 100 79 79 79 63 63 61 61 61 78 78 78 92 92 109 109 109 144 144 121 121 121 61 61 61 34 34 45 45 45 35 35 27 27 27 47 47 47 39 39 45 45 45 60 60 60 65 65 69 69 69 54 54 45 45 45 51 51 51 60 60 82 82 82 117 -9999 -9999 -9999 -9999 -9999 -9999 -9999 -9999 -9999 -9999 -9999 -9999 -9999 -9999 -9999 -9999 -9999 -9999
100 100 79 79 79 63 63 61 61 61 78 78 78 92 92 109 109 109 144 144 121 121 121 61 61 61 34 34 45 45 45 35 35 27 27 27 47 47 47 39 39 45 45 45 60 60 60 65 65 69 69 69 54 54 45 45 45 51 51 51 60 60 82 82 82 117 117 -9999 -9999 -9999 -9999 -9999 -9999 -9999 -9999 -9999 -9999 -9999 -9999 -9999 -9999 -9999 -9999 -9999
104 104 68 68 68 54 54 54 54 54 75 75 75 106 106 131 131 131 149 149 104 104 104 29 29 29 8 8 31 31 31 0 0 18 18 18 51 51 51 47 47 48 48 48 52 52 52 52 52 62 62 62 55 55 49 49 49 52 52 52 59 59 71 71 71 121 -9999 -9999 -9999 -9999 -9999 -9999 -9999 -9999 -9999 -9999 -9999 -9999 -9999 -9999 -9999 -9999 -9999 -9999
104 104 68 68 68 54 54 54 54 54 75 75 75 106 106 131 131 131 149 149 104 104 104 29 29 29 8 8 31 31 31 0 0 18 18 18 51 51 51 47 47 48 48 48 52 52 52 52 52 62 62 62 55 55 49 49 49 52 52 52 59 59 71 71 71 121 -9999 -9999 -9999 -9999 -9999 -9999 -9999 -9999 -9999 -9999 -9999 -9999 -9999 -9999 -9999 -9999 -9999 -9999
104 104 68 68 68 54 54 54 54 54 75 75 75 106 106 131 131 131 149 149 104 104 104 29 29 29 8 8 31 31 31 0 0 18 18 18 51 51 51 47 47 48 48 48 52 52 52 52 52 62 62 62 55 55 49 49 49 52 52 52 59 59 71 71 71 121 -9999 -9999 -9999 -9999 -9999 -9999 -9999 -9999 -9999 -9999 -9999 -9999 -9999 -9999 -9999 -9999 -9999 -9999
96 96 78 78 78 51 51 42 42 42 87 87 87 129 129 121 121 121 93 93 64 64 64 35 35 35 0 0 16 16 16 0 0 22 22 22 56 56 56 47 47 44 44 44 48 48 48 42 42 54 54 54 61 61 58 58 58 57 57 57 57 57 66 66 66 123 -9999 -9999 -9999 -9999 -9999 -9999 -9999 -9999 -9999 -9999 -9999 -9999 -9999 -9999 -9999 -9999 -9999 -9999
96 96 78 78 78 51 51 42 42 42 87 87 87 129 129 121 121 121 93 93 64 64 64 35 35 35 0 0 16 16 16 0 0 22 22 22 56 56 56 47 47 44 44 44 48 48 48 42 42 54 54 54 61 61 58 58 58 57 57 57 57 57 66 66 66 -9999 -9999 -9999 -9999 -9999 -9999 -9999 -9999 -9999 -9999 -9999 -9999 -9999 -9999 -9999 -9999 -9999 -9999 -9999
96 96 86 86 86 54 54 47 47 47 105 105 105 120 120 72 72 72 47 47 44 44 44 37 37 37 0 0 11 11 11 0 0 25 25 25 48 48 48 44 44 44 44 44 42 42 42 37 37 52 52 52 66 66 67 67 67 57 57 57 49 49 61 61 61 -9999 -9999 -9999 -9999 -9999 -9999 -9999 -9999 -9999 -9999 -9999 -9999 -9999 -9999 -9999 -9999 -9999 -9999 -9999
96 96 86 86 86 54 54 47 47 47 105 105 105 120 120 72 72 72 47 47 44 44 44 37 37 37 0 0 11 11 11 0 0 25 25 25 48 48 48 44 44 44 44 44 42 42 42 37 37 52 52 52 66 66 67 67 67 57 57 57 49 49 61 61 61 -9999 -9999 -9999 -9999 -9999 -9999 -9999 -9999 -9999 -9999 -9999 -9999 -9999 -9999 -9999 -9999 -9999 -9999 -9999
96 96 86 86 86 54 54 47 47 47 105 105 105 120 120 72 72 72 47 47 44 44 44 37 37 37 0 0 11 11 11 0 0 25 25 25 48 48 48 44 44 44 44 44 42 42 42 37 37 52 52 52 66 66 67 67 67 57 57 57 49 49 61 61 61 -9999 -9999 -9999 -9999 -9999 -9999 -9999 -9999 -9999 -9999 -9999 -9999 -9999 -9999 -9999 -9999 -9999 -9999 -9999
91 91 79 79 79 70 70 68 68 68 89 89 89 74 74 44 44 44 39 39 30 30 30 23 23 23 0 0 21 21 21 31 31 26 26 26 43 43 43 48 48 48 48 48 40 40 40 36 36 49 49 49 62 62 61 61 61 53 53 53 45 45 60 60 60 130 -9999 -9999 -9999 -9999 -9999 -9999 -9999 -9999 -9999 -9999 -9999 -9999 -9999 -9999 -9999 -9999 -9999 -9999
91 91 79 79 79 70 70 68 68 68 89 89 89 74 74 44 44 44 39 39 30 30 30 23 23 23 0 0 21 21 21 31 31 26 26 26 43 43 43 48 48 48 48 48 40 40 40 36 36 49 49 49 62 62 61 61 61 53 53 53 45 45 60 60 60 -9999 -9999 -9999 -9999 -9999 -9999 -9999 -9999 -9999 -9999 -9999 -9999 -9999 -9999 -9999 -9999 -9999 -9999 -9999
91 91 79 79 79 70 70 68 68 68 89 89 89 74 74 44 44 44 39 39 30 30 30 23 23 23 0 0 21 21 21 31 31 26 26 26 43 43 43 48 48 48 48 48 40 40 40 36 36 49 49 49 62 62 61 61 61 53 53 53 45 45 60 60 60 -9999 -9999 -9999 -9999 -9999 -9999 -9999 -9999 -9999 -9999 -9999 -9999 -9999 -9999 -9999 -9999 -9999 -9999 -9999
69 69 69 69 69 92 92 74 74 74 42 42 42 39 39 43 43 43 35 35 18 18 18 2 2 2 1 1 38 38 38 33 33 28 28 28 53 53 53 49 49 46 46 46 38 38 38 38 38 50 50 50 54 54 49 49 49 52 52 52 49 49 61 61 61 -9999 -9999 -9999 -9999 -9999 -9999 -9999 -9999 -9999 -9999 -9999 -9999 -9999 -9999 -9999 -9999 -9999 -9999 -9999
69 69 69 69 69 92 92 74 74 74 42 42 42 39 39 43 43 43 35 35 18 18 18 2 2 2 1 1 38 38 38 33 33 28 28 28 53 53 53 49 49 46 46 46 38 38 38 38 38 50 50 50 54 54 49 49 49 52 52 52 49 49 61 61 61 132 -9999 -9999 -9999 -9999 -9999 -9999 -9999 -9999 -9999 -9999 -9999 -9999 -9999 -9999 -9999 -9999 -9999 -9999
46 46 65 65 65 84 84 53 53 53 19 19 19 28 28 42 42 42 18 18 0 0 0 0 0 0 5 5 44 44 44 37 37 39 39 39 54 54 54 46 46 43 43 43 33 33 33 40 40 50 50 50 49 49 48 48 48 56 56 56 54 54 65 65 65 133 -9999 -9999 -9999 -9999 -9999 -9999 -9999 -9999 -9999 -9999 -9999 -9999 -9999 -9999 -9999 -9999 -9999 -9999
46 46 65 65 65 84 84 53 53 53 19 19 19 28 28 42 42 42 18 18 0 0 0 0 0 0 5 5 44 44 44 37 37 39 39 39 54 54 54 46 46 43 43 43 33 33 33 40 40 50 50 50 49 49 48 48 48 56 56 56 54 54 65 65 65 133 -9999 -9999 -9999 -9999 -9999 -9999 -9999 -9999 -9999 -9999 -9999 -9999 -9999 -9999 -9999 -9999 -9999 -9999
46 46 65 65 65 84 84 53 53 53 19 19 19 28 28 42 42 42 18 18 0 0 0 0 0 0 5 5 44 44 44 37 37 39 39 39 54 54 54 46 46 43 43 43 33 33 33 40 40 50 50 50 49 49 48 48 48 56 56 56 54 54 65 65 65 133 -9999 -9999 -9999 -9999 -9999 -9999 -9999 -9999 -9999 -9999 -9999 -9999 -9999 -9999 -9999 -9999 -9999 -9999
43 43 55 55 55 43 43 28 28 28 17 17 17 17 17 0 0 0 0 0 0 0 0 9 9 9 0 0 41 41 41 46 46 49 49 49 49 49 49 39 39 41 41 41 34 34 34 39 39 48 48 48 57 57 60 60 60 63 63 63 58 58 67 67 67 134 -9999 -9999 -9999 -9999 -9999 -9999 -9999 -9999 -9999 -9999 -9999 -9999 -9999 -9999 -9999 -9999 -9999 -9999
43 43 55 55 55 43 43 28 28 28 17 17 17 17 17 0 0 0 0 0 0 0 0 9 9 9 0 0 41 41 41 46 46 49 49 49 49 49 49 39 39 41 41 41 34 34 34 39 39 48 48 48 57 57 60 60 60 63 63 63 58 58 67 67 67 134 -9999 -9999 -9999 -9999 -9999 -9999 -9999 -9999 -9999 -9999 -9999 -9999 -9999 -9999 -9999 -9999 -9999 -9999
66 66 42 42 42 0 0 9 9 9 0 0 0 0 0 0 0 0 0 0 0 0 0 0 0 0 3 3 44 44 44 47 47 48 48 48 47 47 47 35 35 40 40 40 30 30 30 33 33 54 54 54 72 72 74 74 74 70 70 70 60 60 68 68 68 136 -9999 -9999 -9999 -9999 -9999 -9999 -9999 -9999 -9999 -9999 -9999 -9999 -9999 -9999 -9999 -9999 -9999 -9999
66 66 42 42 42 0 0 9 9 9 0 0 0 0 0 0 0 0 0 0 0 0 0 0 0 0 3 3 44 44 44 47 47 48 48 48 47 47 47 35 35 40 40 40 30 30 30 33 33 54 54 54 72 72 74 74 74 70 70 70 60 60 68 68 68 136 -9999 -9999 -9999 -9999 -9999 -9999 -9999 -9999 -9999 -9999 -9999 -9999 -9999 -9999 -9999 -9999 -9999 -9999
66 66 42 42 42 0 0 9 9 9 0 0 0 0 0 0 0 0 0 0 0 0 0 0 0 0 3 3 44 44 44 47 47 48 48 48 47 47 47 35 35 40 40 40 30 30 30 33 33 54 54 54 72 72 74 74 74 70 70 70 60 60 68 68 68 136 -9999 -9999 -9999 -9999 -9999 -9999 -9999 -9999 -9999 -9999 -9999 -9999 -9999 -9999 -9999 -9999 -9999 -9999
83 83 0 0 0 0 0 0 0 0 0 0 0 0 0 0 0 0 0 0 0 0 0 0 0 0 0 0 42 42 42 46 46 48 48 48 50 50 50 38 38 36 36 36 24 24 24 30 30 62 62 62 84 84 84 84 84 74 74 74 64 64 73 73 73 -9999 -9999 -9999 -9999 -9999 -9999 -9999 -9999 -9999 -9999 -9999 -9999 -9999 -9999 -9999 -9999 -9999 -9999 -9999
83 83 0 0 0 0 0 0 0 0 0 0 0 0 0 0 0 0 0 0 0 0 0 0 0 0 0 0 42 42 42 46 46 48 48 48 50 50 50 38 38 36 36 36 24 24 24 30 30 62 62 62 84 84 84 84 84 74 74 74 64 64 73 73 73 -9999 -9999 -9999 -9999 -9999 -9999 -9999 -9999 -9999 -9999 -9999 -9999 -9999 -9999 -9999 -9999 -9999 -9999 -9999
