SEB_model/sample_data_files/contemp/hillshade/junenoon.txt
ncols         313
nrows         278
xllcorner     388961.19995117
yllcorner     7584381.3441773
cellsize      5
NODATA_value  -9999
[rows 114 to 151 of 278, columns 85 to 169 of 313]
-9999 -9999 -9999 -9999 -9999 -9999 -9999 -9999 -9999 -9999 -9999 -9999 -9999 -9999 -9999 -9999 -9999 -9999 -9999 -9999 -9999 -9999 102 102 102 82 82 72 72 72 69 69 66 66 66 68 68 68 69 69 78 78 78 87 87 87 72 72 48 48 48 0 0 70 70 70 81 81 81 68 68 64 64 64 67 67 67 66 66 67 67 67 73 73 78 78 78 81 81 81 84 84 83 83 83
-9999 -9999 -9999 -9999 -9999 -9999 -9999 -9999 -9999 -9999 -9999 -9999 -9999 -9999 -9999 -9999 -9999 -9999 -9999 -9999 -9999 -9999 -9999 102 102 82 82 72 72 72 69 69 66 66 66 68 68 68 69 69 78 78 78 87 87 87 72 72 48 48 48 0 0 70 70 70 81 81 81 68 68 64 64 64 67 67 67 66 66 67 67 67 73 73 78 78 78 81 81 81 84 84 83 83 83
-9999 -9999 -9999 -9999 -9999 -9999 -9999 -9999 -9999 -9999 -9999 -9999 -9999 -9999 -9999 -9999 -9999 -9999 -9999 -9999 -9999 -9999 -9999 116 116 107 107 76 76 76 57 57 54 54 54 58 58 58 62 62 70 70 70 72 72 72 53 53 32 32 32 38 38 73 73 73 89 89 89 65 65 48 48 48 40 40 40 35 35 37 37 37 45 45 55 55 55 61 61 61 61 61 61 61 61
-9999 -9999 -9999 -9999 -9999 -9999 -9999 -9999 -9999 -9999 -9999 -9999 -9999 -9999 -9999 -9999 -9999 -9999 -9999 -9999 -9999 -9999 -9999 -9999 116 107 107 76 76 76 57 57 54 54 54 58 58 58 62 62 70 70 70 72 72 72 53 53 32 32 32 38 38 73 73 73 89 89 89 65 65 48 48 48 40 40 40 35 35 37 37 37 45 45 55 55 55 61 61 61 61 61 61 61 61
-9999 -9999 -9999 -9999 -9999 -9999 -9999 -9999 -9999 -9999 -9999 -9999 -9999 -9999 -9999 -9999 -9999 -9999 -9999 -9999 -9999 -9999 -9999 83 83 85 85 78 78 78 73 73 75 75 75 81 81 81 83 83 86 86 86 85 85 85 84 84 102 102 102 103 103 103 103 103 114 114 114 108 108 91 91 91 73 73 73 67 67 72 72 72 76 76 78 78 78 78 78 78 75 75 75 75 75
-9999 -9999 -9999 -9999 -9999 -9999 -9999 -9999 -9999 -9999 -9999 -9999 -9999 -9999 -9999 -9999 -9999 -9999 -9999 -9999 -9999 79 83 83 83 85 85 78 78 78 73 73 75 75 75 81 81 81 83 83 86 86 86 85 85 85 84 84 102 102 102 103 103 103 103 103 114 114 114 108 108 91 91 91 73 73 73 67 67 72 72 72 76 76 78 78 78 78 78 78 75 75 75 75 75
-9999 -9999 -9999 -9999 -9999 -9999 -9999 -9999 -9999 -9999 -9999 -9999 -9999 -9999 -9999 -9999 -9999 -9999 -9999 -9999 -9999 79 83 83 83 85 85 78 78 78 73 73 75 75 75 81 81 81 83 83 86 86 86 85 85 85 84 84 102 102 102 103 103 103 103 103 114 114 114 108 108 91 91 91 73 73 73 67 67 72 72 72 76 76 78 78 78 78 78 78 75 75 75 75 75
-9999 -9999 -9999 -9999 -9999 -9999 -9999 -9999 -9999 -9999 -9999 -9999 -9999 -9999 -9999 -9999 -9999 -9999 -9999 -9999 -9999 81 73 73 73 60 60 69 69 69 83 83 93 93 93 114 114 114 115 115 99 99 99 99 99 99 116 116 128 128 128 105 105 77 77 77 74 74 74 74 74 73 73 73 70 70 70 67 67 68 68 68 69 69 70 70 70 71 71 71 74 74 81 81 81
-9999 -9999 -9999 -9999 -9999 -9999 -9999 -9999 -9999 -9999 -9999 -9999 -9999 -9999 -9999 -9999 -9999 -9999 -9999 -9999 -9999 81 73 73 73 60 60 69 69 69 83 83 93 93 93 114 114 114 115 115 99 99 99 99 99 99 116 116 128 128 128 105 105 77 77 77 74 74 74 74 74 73 73 73 70 70 70 67 67 68 68 68 69 69 70 70 70 71 71 71 74 74 81 81 81
-9999 -9999 -9999 -9999 -9999 -9999 -9999 -9999 -9999 -9999 -9999 -9999 -9999 -9999 -9999 -9999 -9999 -9999 -9999 -9999 -9999 81 73 73 73 60 60 69 69 69 83 83 93 93 93 114 114 114 115 115 99 99 99 99 99 99 116 116 128 128 128 105 105 77 77 77 74 74 74 74 74 73 73 73 70 70 70 67 67 68 68 68 69 69 70 70 70 71 71 71 74 74 81 81 81
-9999 -9999 -9999 -9999 -9999 -9999 -9999 -9999 -9999 -9999 -9999 -9999 -9999 -9999 -9999 -9999 -9999 -9999 -9999 -9999 -9999 -9999 78 78 78 75 75 72 72 72 77 77 84 84 84 106 106 106 118 118 108 108 108 101 101 101 99 99 94 94 94 80 80 66 66 66 62 62 62 57 57 53 53 53 53 53 53 57 57 64 64 64 68 68 71 71 71 76 76 76 81 81 91 91 91
-9999 -9999 -9999 -9999 -9999 -9999 -9999 -9999 -9999 -9999 -9999 -9999 -9999 -9999 -9999 -9999 -9999 -9999 -9999 -9999 -9999 -9999 -9999 78 78 75 75 72 72 72 77 77 84 84 84 106 106 106 118 118 108 108 108 101 101 101 99 99 94 94 94 80 80 66 66 66 62 62 62 57 57 53 53 53 53 53 53 57 57 64 64 64 68 68 71 71 71 76 76 76 81 81 91 91 91
-9999 -9999 -9999 -9999 -9999 -9999 -9999 -9999 -9999 -9999 -9999 -9999 -9999 -9999 -9999 -9999 -9999 -9999 -9999 -9999 -9999 -9999 -9999 -9999 -9999 97 97 82 82 82 73 73 73 73 73 75 75 75 86 86 96 96 96 88 88 88 74 74 70 70 70 61 61 42 42 42 0 0 0 35 35 44 44 44 56 56 56 70 70 78 78 78 75 75 73 73 73 73 73 73 68 68 66 66 66
-9999 -9999 -9999 -9999 -9999 -9999 -9999 -9999 -9999 -9999 -9999 -9999 -9999 -9999 -9999 -9999 -9999 -9999 -9999 -9999 -9999 -9999 -9999 -9999 -9999 97 97 82 82 82 73 73 73 73 73 75 75 75 86 86 96 96 96 88 88 88 74 74 70 70 70 61 61 42 42 42 0 0 0 35 35 44 44 44 56 56 56 70 70 78 78 78 75 75 73 73 73 73 73 73 68 68 66 66 66
-9999 -9999 -9999 -9999 -9999 -9999 -9999 -9999 -9999 -9999 -9999 -9999 -9999 -9999 -9999 -9999 -9999 -9999 -9999 -9999 -9999 -9999 -9999 -9999 -9999 97 97 82 82 82 73 73 73 73 73 75 75 75 86 86 96 96 96 88 88 88 74 74 70 70 70 61 61 42 42 42 0 0 0 35 35 44 44 44 56 56 56 70 70 78 78 78 75 75 73 73 73 73 73 73 68 68 66 66 66
-9999 -9999 -9999 -9999 -9999 -9999 -9999 -9999 -9999 -9999 -9999 -9999 -9999 -9999 -9999 -9999 -9999 -9999 -9999 -9999 -9999 -9999 -9999 -9999 -9999 100 100 85 85 85 69 69 68 68 68 65 65 65 62 62 56 56 56 42 42 42 0 0 0 0 0 28 28 28 28 28 30 30 30 42 42 58 58 58 65 65 65 63 63 59 59 59 51 51 47 47 47 44 44 44 36 36 32 32 32
-9999 -9999 -9999 -9999 -9999 -9999 -9999 -9999 -9999 -9999 -9999 -9999 -9999 -9999 -9999 -9999 -9999 -9999 -9999 -9999 -9999 -9999 -9999 -9999 -9999 -9999 100 85 85 85 69 69 68 68 68 65 65 65 62 62 56 56 56 42 42 42 0 0 0 0 0 28 28 28 28 28 30 30 30 42 42 58 58 58 65 65 65 63 63 59 59 59 51 51 47 47 47 44 44 44 36 36 32 32 32
-9999 -9999 -9999 -9999 -9999 -9999 -9999 -9999 -9999 -9999 -9999 -9999 -9999 -9999 -9999 -9999 -9999 -9999 -9999 -9999 -9999 -9999 -9999 -9999 -9999 -9999 -9999 110 110 110 89 89 74 74 74 72 72 72 63 63 50 50 50 44 44 44 46 46 54 54 54 69 69 85 85 85 95 95 95 96 96 98 98 98 90 90 90 77 77 73 73 73 66 66 58 58 58 53 53 53 51 51 56 56 56
-9999 -9999 -9999 -9999 -9999 -9999 -9999 -9999 -9999 -9999 -9999 -9999 -9999 -9999 -9999 -9999 -9999 -9999 -9999 -9999 -9999 -9999 -9999 -9999 -9999 -9999 -9999 -9999 110 110 89 89 74 74 74 72 72 72 63 63 50 50 50 44 44 44 46 46 54 54 54 69 69 85 85 85 95 95 95 96 96 98 98 98 90 90 90 77 77 73 73 73 66 66 58 58 58 53 53 53 51 51 56 56 56
-9999 -9999 -9999 -9999 -9999 -9999 -9999 -9999 -9999 -9999 -9999 -9999 -9999 -9999 -9999 -9999 -9999 -9999 -9999 -9999 -9999 -9999 -9999 -9999 -9999 -9999 -9999 -9999 110 110 89 89 74 74 74 72 72 72 63 63 50 50 50 44 44 44 46 46 54 54 54 69 69 85 85 85 95 95 95 96 96 98 98 98 90 90 90 77 77 73 73 73 66 66 58 58 58 53 53 53 51 51 56 56 56
-9999 -9999 -9999 -9999 -9999 -9999 -9999 -9999 -9999 -9999 -9999 -9999 -9999 -9999 -9999 -9999 -9999 -9999 -9999 -9999 -9999 -9999 -9999 -9999 -9999 -9999 -9999 -9999 117 117 96 96 71 71 71 67 67 67 73 73 81 81 81 88 88 88 96 96 103 103 103 106 106 107 107 107 105 105 105 100 100 101 101 101 98 98 98 91 91 88 88 88 83 83 77 77 77 77 77 77 80 80 87 87 87
-9999 -9999 -9999 -9999 -9999 -9999 -9999 -9999 -9999 -9999 -9999 -9999 -9999 -9999 -9999 -9999 -9999 -9999 -9999 -9999 -9999 -9999 -9999 -9999 -9999 -9999 -9999 -9999 117 117 96 96 71 71 71 67 67 67 73 73 81 81 81 88 88 88 96 96 103 103 103 106 106 107 107 107 105 105 105 100 100 101 101 101 98 98 98 91 91 88 88 88 83 83 77 77 77 77 77 77 80 80 87 87 87
-9999 -9999 -9999 -9999 -9999 -9999 -9999 -9999 -9999 -9999 -9999 -9999 -9999 -9999 -9999 -9999 -9999 -9999 -9999 -9999 -9999 -9999 -9999 -9999 -9999 -9999 -9999 -9999 -9999 117 96 96 71 71 71 67 67 67 73 73 81 81 81 88 88 88 96 96 103 103 103 106 106 107 107 107 105 105 105 100 100 101 101 101 98 98 98 91 91 88 88 88 83 83 77 77 77 77 77 77 80 80 87 87 87
-9999 -9999 -9999 -9999 -9999 -9999 -9999 -9999 -9999 -9999 -9999 -9999 -9999 -9999 80 80 80 80 80 79 79 79 -9999 -9999 -9999 -9999 -9999 -9999 -9999 -9999 124 124 98 98 98 84 84 84 95 95 113 113 113 113 113 113 97 97 88 88 88 91 91 96 96 96 94 94 94 86 86 82 82 82 82 82 82 83 83 89 89 89 91 91 90 90 90 93 93 93 99 99 98 98 98
-9999 -9999 -9999 -9999 -9999 -9999 -9999 -9999 -9999 -9999 110 110 91 91 80 80 80 80 80 79 79 79 84 -9999 -9999 -9999 -9999 -9999 -9999 120 124 124 98 98 98 84 84 84 95 95 113 113 113 113 113 113 97 97 88 88 88 91 91 96 96 96 94 94 94 86 86 82 82 82 82 82 82 83 83 89 89 89 91 91 90 90 90 93 93 93 99 99 98 98 98
-9999 -9999 -9999 -9999 -9999 -9999 -9999 -9999 114 97 97 97 86 86 86 86 86 88 88 91 91 91 90 90 -9999 -9999 -9999 -9999 119 119 128 128 118 118 118 114 114 114 113 113 115 115 115 116 116 116 94 94 67 67 67 67 67 86 86 86 92 92 92 89 89 91 91 91 94 94 94 99 99 110 110 110 116 116 115 115 115 116 116 116 116 116 111 111 111
-9999 -9999 -9999 -9999 -9999 -9999 114 114 114 97 97 97 86 86 86 86 86 88 88 91 91 91 90 90 90 -9999 -9999 -9999 119 119 128 128 118 118 118 114 114 114 113 113 115 115 115 116 116 116 94 94 67 67 67 67 67 86 86 86 92 92 92 89 89 91 91 91 94 94 94 99 99 110 110 110 116 116 115 115 115 116 116 116 116 116 111 111 111
-9999 -9999 -9999 -9999 124 124 114 114 114 97 97 97 86 86 86 86 86 88 88 91 91 91 90 90 90 95 95 119 119 119 128 128 118 118 118 114 114 114 113 113 115 115 115 116 116 116 94 94 67 67 67 67 67 86 86 86 92 92 92 89 89 91 91 91 94 94 94 99 99 110 110 110 116 116 115 115 115 116 116 116 116 116 111 111 111
-9999 -9999 -9999 134 107 107 90 90 90 94 94 94 110 110 126 126 126 130 130 133 133 133 127 127 127 108 108 104 104 104 108 108 108 108 108 109 109 109 103 103 93 93 93 86 86 86 88 88 73 73 73 51 51 61 61 61 76 76 76 80 80 91 91 91 101 101 101 105 105 108 108 108 110 110 108 108 108 104 104 104 100 100 102 102 102
-9999 -9999 134 134 107 107 90 90 90 94 94 94 110 110 126 126 126 130 130 133 133 133 127 127 127 108 108 104 104 104 108 108 108 108 108 109 109 109 103 103 93 93 93 86 86 86 88 88 73 73 73 51 51 61 61 61 76 76 76 80 80 91 91 91 101 101 101 105 105 108 108 108 110 110 108 108 108 104 104 104 100 100 102 102 102
145 134 134 134 107 107 90 90 90 94 94 94 110 110 126 126 126 130 130 133 133 133 127 127 127 108 108 104 104 104 108 108 108 108 108 109 109 109 103 103 93 93 93 86 86 86 88 88 73 73 73 51 51 61 61 61 76 76 76 80 80 91 91 91 101 101 101 105 105 108 108 108 110 110 108 108 108 104 104 104 100 100 102 102 102
122 121 121 121 111 111 109 109 109 120 120 120 121 121 126 126 126 132 132 135 135 135 140 140 140 134 134 136 136 136 145 145 132 132 132 111 111 111 100 100 100 100 100 97 97 97 105 105 115 115 115 84 84 62 62 62 74 74 74 88 88 102 102 102 108 108 108 105 105 103 103 103 100 100 101 101 101 98 98 98 92 92 94 94 94
122 121 121 121 111 111 109 109 109 120 120 120 121 121 126 126 126 132 132 135 135 135 140 140 140 134 134 136 136 136 145 145 132 132 132 111 111 111 100 100 100 100 100 97 97 97 105 105 115 115 115 84 84 62 62 62 74 74 74 88 88 102 102 102 108 108 108 105 105 103 103 103 100 100 101 101 101 98 98 98 92 92 94 94 94
122 129 129 129 143 143 147 147 147 141 141 141 129 129 126 126 126 130 130 138 138 138 140 140 140 138 138 146 146 146 155 155 151 151 151 131 131 131 109 109 110 110 110 117 117 117 111 111 118 118 118 111 111 78 78 78 67 67 67 83 83 103 103 103 105 105 105 100 100 99 99 99 99 99 99 99 99 100 100 100 93 93 91 91 91
122 129 129 129 143 143 147 147 147 141 141 141 129 129 126 126 126 130 130 138 138 138 140 140 140 138 138 146 146 146 155 155 151 151 151 131 131 131 109 109 110 110 110 117 117 117 111 111 118 118 118 111 111 78 78 78 67 67 67 83 83 103 103 103 105 105 105 100 100 99 99 99 99 99 99 99 99 100 100 100 93 93 91 91 91
122 129 129 129 143 143 147 147 147 141 141 141 129 129 126 126 126 130 130 138 138 138 140 140 140 138 138 146 146 146 155 155 151 151 151 131 131 131 109 109 110 110 110 117 117 117 111 111 118 118 118 111 111 78 78 78 67 67 67 83 83 103 103 103 105 105 105 100 100 99 99 99 99 99 99 99 99 100 100 100 93 93 91 91 91
155 149 149 149 147 147 148 148 148 149 149 149 141 141 135 135 135 130 130 130 130 130 135 135 135 132 132 129 129 129 128 128 138 138 138 143 143 143 123 123 99 99 99 98 98 98 103 103 101 101 101 99 99 92 92 92 70 70 70 60 60 71 71 71 75 75 75 71 71 74 74 74 80 80 84 84 84 84 84 84 77 77 74 74 74
155 149 149 149 147 147 148 148 148 149 149 149 141 141 135 135 135 130 130 130 130 130 135 135 135 132 132 129 129 129 128 128 138 138 138 143 143 143 123 123 99 99 99 98 98 98 103 103 101 101 101 99 99 92 92 92 70 70 70 60 60 71 71 71 75 75 75 71 71 74 74 74 80 80 84 84 84 84 84 84 77 77 74 74 74
