SEB_model/sample_data_files/contemp/hillshade/june6pm.txt
ncols         313
nrows         278
xllcorner     388961.19995117
yllcorner     7584381.3441773
cellsize      5
NODATA_value  -9999
[rows 78 to 116 of 278, columns 88 to 175 of 313]
-9999 -9999 -9999 -9999 -9999 -9999 -9999 -9999 -9999 -9999 -9999 -9999 -9999 -9999 -9999 -9999 -9999 -9999 -9999 -9999 -9999 -9999 -9999 -9999 -9999 -9999 -9999 -9999 -9999 -9999 0 0 0 0 0 0 0 0 0 0 0 0 0 0 0 0 0 0 0 0 0 0 0 0 0 0 0 0 82 82 82 76 76 76 65 65 66 66 66 62 62 63 63 63 68 68 68 72 72 79 79 79 65 65 44 44 44 52
-9999 -9999 -9999 -9999 -9999 -9999 -9999 -9999 -9999 -9999 -9999 -9999 -9999 -9999 -9999 -9999 -9999 -9999 -9999 -9999 -9999 -9999 -9999 -9999 -9999 -9999 -9999 -9999 3 0 0 0 0 0 0 0 0 0 0 0 0 0 0 0 0 0 0 0 0 0 0 0 0 0 0 0 0 0 84 84 84 78 78 78 65 65 66 66 66 64 64 65 65 65 70 70 70 67 67 70 70 70 62 62 52 52 52 61
-9999 -9999 -9999 -9999 -9999 -9999 -9999 -9999 -9999 -9999 -9999 -9999 -9999 -9999 -9999 -9999 -9999 -9999 -9999 -9999 -9999 -9999 -9999 -9999 -9999 -9999 -9999 -9999 3 0 0 0 0 0 0 0 0 0 0 0 0 0 0 0 0 0 0 0 0 0 0 0 0 0 0 0 0 0 84 84 84 78 78 78 65 65 66 66 66 64 64 65 65 65 70 70 70 67 67 70 70 70 62 62 52 52 52 61
-9999 -9999 -9999 -9999 -9999 -9999 -9999 -9999 -9999 -9999 -9999 -9999 -9999 -9999 -9999 -9999 -9999 -9999 -9999 -9999 -9999 -9999 -9999 -9999 -9999 -9999 -9999 -9999 3 0 0 0 0 0 0 0 0 0 0 0 0 0 0 0 0 0 0 0 0 0 0 0 0 0 0 0 0 0 84 84 84 78 78 78 65 65 66 66 66 64 64 65 65 65 70 70 70 67 67 70 70 70 62 62 52 52 52 61
-9999 -9999 -9999 -9999 -9999 -9999 -9999 -9999 -9999 -9999 -9999 -9999 -9999 -9999 -9999 -9999 -9999 -9999 -9999 -9999 -9999 -9999 -9999 56 41 41 41 5 5 0 0 0 0 0 0 0 0 0 0 0 0 0 0 0 0 0 0 0 0 0 0 0 0 0 0 0 0 0 77 77 77 77 77 77 66 66 69 69 69 70 70 72 72 72 72 72 72 63 63 66 66 66 62 62 56 56 56 60
-9999 -9999 -9999 -9999 -9999 -9999 -9999 -9999 -9999 -9999 -9999 -9999 -9999 -9999 -9999 -9999 -9999 -9999 -9999 -9999 -9999 -9999 -9999 56 41 41 41 5 5 0 0 0 0 0 0 0 0 0 0 0 0 0 0 0 0 0 0 0 0 0 0 0 0 0 0 0 0 0 77 77 77 77 77 77 66 66 69 69 69 70 70 72 72 72 72 72 72 63 63 66 66 66 62 62 56 56 56 60
-9999 -9999 -9999 -9999 -9999 -9999 -9999 -9999 -9999 -9999 -9999 -9999 -9999 -9999 -9999 -9999 -9999 -9999 -9999 -9999 -9999 -9999 -9999 -9999 57 57 57 11 11 0 0 0 0 0 0 0 0 0 0 0 0 0 0 0 0 0 0 0 0 0 0 0 0 76 76 76 58 58 64 64 64 74 74 74 67 67 74 74 74 75 75 75 75 75 71 71 71 58 58 62 62 62 58 58 49 49 49 53
-9999 -9999 -9999 -9999 -9999 -9999 -9999 -9999 -9999 -9999 -9999 -9999 -9999 -9999 -9999 -9999 -9999 -9999 -9999 -9999 -9999 -9999 -9999 -9999 57 57 57 11 11 0 0 0 0 0 0 0 0 0 0 0 0 0 0 0 0 0 0 0 0 0 0 0 0 76 76 76 58 58 64 64 64 74 74 74 67 67 74 74 74 75 75 75 75 75 71 71 71 58 58 62 62 62 58 58 49 49 49 53
-9999 -9999 -9999 -9999 -9999 -9999 -9999 -9999 -9999 -9999 -9999 -9999 -9999 -9999 -9999 -9999 -9999 -9999 -9999 -9999 -9999 -9999 -9999 60 57 57 57 11 11 0 0 0 0 0 0 0 0 0 0 0 0 0 0 0 0 0 0 0 0 0 0 0 0 76 76 76 58 58 64 64 64 74 74 74 67 67 74 74 74 75 75 75 75 75 71 71 71 58 58 62 62 62 58 58 49 49 49 53
-9999 -9999 -9999 -9999 -9999 -9999 -9999 -9999 -9999 -9999 -9999 -9999 -9999 -9999 -9999 -9999 -9999 -9999 -9999 -9999 -9999 -9999 -9999 57 64 64 64 17 17 0 0 0 0 0 0 0 0 0 0 0 0 0 0 0 0 0 0 0 0 0 0 0 0 58 58 58 42 42 57 57 57 75 75 75 72 72 79 79 79 76 76 74 74 74 71 71 71 60 60 60 60 60 52 52 44 44 44 54
-9999 -9999 -9999 -9999 -9999 -9999 -9999 -9999 -9999 -9999 -9999 -9999 -9999 -9999 -9999 -9999 -9999 -9999 -9999 -9999 -9999 -9999 -9999 57 64 64 64 17 17 0 0 0 0 0 0 0 0 0 0 0 0 0 0 0 0 0 0 0 0 0 0 0 0 58 58 58 42 42 57 57 57 75 75 75 72 72 79 79 79 76 76 74 74 74 71 71 71 60 60 60 60 60 52 52 44 44 44 54
-9999 -9999 -9999 -9999 -9999 -9999 -9999 -9999 -9999 -9999 -9999 -9999 -9999 -9999 -9999 -9999 -9999 -9999 -9999 -9999 -9999 -9999 -9999 57 64 64 64 17 17 0 0 0 0 0 0 0 0 0 0 0 0 0 0 0 0 0 0 0 0 0 0 0 0 58 58 58 42 42 57 57 57 75 75 75 72 72 79 79 79 76 76 74 74 74 71 71 71 60 60 60 60 60 52 52 44 44 44 54
-9999 -9999 -9999 -9999 -9999 -9999 -9999 -9999 -9999 -9999 -9999 -9999 -9999 -9999 -9999 -9999 -9999 -9999 -9999 -9999 -9999 -9999 -9999 68 65 65 65 0 0 0 0 0 0 0 0 0 0 0 0 0 0 0 0 0 0 0 0 0 0 0 0 0 0 42 42 42 35 35 57 57 57 75 75 75 75 75 79 79 79 72 72 69 69 69 69 69 69 59 59 56 56 56 45 45 43 43 43 60
-9999 -9999 -9999 -9999 -9999 -9999 -9999 -9999 -9999 -9999 -9999 -9999 -9999 -9999 -9999 -9999 -9999 -9999 -9999 -9999 -9999 -9999 -9999 68 65 65 65 0 0 0 0 0 0 0 0 0 0 0 0 0 0 0 0 0 0 0 0 0 0 0 0 0 0 42 42 42 35 35 57 57 57 75 75 75 75 75 79 79 79 72 72 69 69 69 69 69 69 59 59 56 56 56 45 45 43 43 43 60
-9999 -9999 -9999 -9999 -9999 -9999 -9999 -9999 -9999 -9999 -9999 -9999 -9999 -9999 -9999 -9999 -9999 -9999 -9999 -9999 -9999 -9999 -9999 -9999 46 46 46 13 13 0 0 0 0 0 0 0 0 0 0 0 0 0 0 0 0 0 0 0 0 0 0 0 0 40 40 40 41 41 61 61 61 69 69 69 72 72 77 77 77 66 66 61 61 61 65 65 65 57 57 53 53 53 47 47 50 50 50 67
-9999 -9999 -9999 -9999 -9999 -9999 -9999 -9999 -9999 -9999 -9999 -9999 -9999 -9999 -9999 -9999 -9999 -9999 -9999 -9999 -9999 -9999 -9999 -9999 -9999 -9999 46 13 13 0 0 0 0 0 0 0 0 0 0 0 0 0 0 0 0 0 0 0 0 0 0 0 0 40 40 40 41 41 61 61 61 69 69 69 72 72 77 77 77 66 66 61 61 61 65 65 65 57 57 53 53 53 47 47 50 50 50 67
-9999 -9999 -9999 -9999 -9999 -9999 -9999 -9999 -9999 -9999 -9999 -9999 -9999 -9999 -9999 -9999 48 48 48 44 44 44 65 65 46 46 46 13 13 0 0 0 0 0 0 0 0 0 0 0 0 0 0 0 0 0 0 0 0 0 0 0 0 40 40 40 41 41 61 61 61 69 69 69 72 72 77 77 77 66 66 61 61 61 65 65 65 57 57 53 53 53 47 47 50 50 50 67
-9999 -9999 -9999 -9999 -9999 -9999 -9999 -9999 -9999 -9999 -9999 -9999 -9999 -9999 -9999 -9999 54 54 54 55 55 55 50 50 37 37 37 0 0 3 3 3 0 0 0 0 0 0 0 0 0 0 0 0 0 0 0 0 0 0 38 38 38 42 42 42 51 51 69 69 69 63 63 63 61 61 69 69 69 59 59 56 56 56 65 65 65 59 59 57 57 57 56 56 59 59 59 70
-9999 -9999 -9999 -9999 -9999 -9999 -9999 -9999 -9999 -9999 -9999 -9999 -9999 -9999 -9999 -9999 -9999 54 54 55 55 55 50 50 37 37 37 0 0 3 3 3 0 0 0 0 0 0 0 0 0 0 0 0 0 0 0 0 0 0 38 38 38 42 42 42 51 51 69 69 69 63 63 63 61 61 69 69 69 59 59 56 56 56 65 65 65 59 59 57 57 57 56 56 59 59 59 70
-9999 -9999 -9999 -9999 -9999 -9999 -9999 -9999 -9999 -9999 -9999 69 69 69 46 46 63 63 63 63 63 63 42 42 39 39 39 37 37 0 0 0 0 0 0 0 0 0 0 0 0 0 0 0 0 0 0 0 38 38 29 29 29 35 35 35 51 51 76 76 76 65 65 65 44 44 43 43 43 46 46 55 55 55 67 67 67 60 60 60 60 60 60 60 58 58 58 63
-9999 -9999 -9999 -9999 -9999 -9999 -9999 -9999 -9999 -9999 74 69 69 69 46 46 63 63 63 63 63 63 42 42 39 39 39 37 37 0 0 0 0 0 0 0 0 0 0 0 0 0 0 0 0 0 0 0 38 38 29 29 29 35 35 35 51 51 76 76 76 65 65 65 44 44 43 43 43 46 46 55 55 55 67 67 67 60 60 60 60 60 60 60 58 58 58 63
-9999 -9999 -9999 -9999 -9999 -9999 -9999 -9999 63 74 74 69 69 69 46 46 63 63 63 63 63 63 42 42 39 39 39 37 37 0 0 0 0 0 0 0 0 0 0 0 0 0 0 0 0 0 0 0 38 38 29 29 29 35 35 35 51 51 76 76 76 65 65 65 44 44 43 43 43 46 46 55 55 55 67 67 67 60 60 60 60 60 60 60 58 58 58 63
-9999 -9999 -9999 -9999 -9999 -9999 -9999 70 70 90 90 75 75 75 43 43 50 50 50 47 47 47 35 35 35 35 35 19 19 0 0 0 0 0 0 0 0 0 0 0 0 0 0 0 0 0 0 0 28 28 21 21 21 35 35 35 53 53 82 82 82 69 69 69 29 29 24 24 24 44 44 62 62 62 72 72 72 64 64 63 63 63 61 61 53 53 53 57
-9999 -9999 -9999 -9999 -9999 -9999 70 70 70 90 90 75 75 75 43 43 50 50 50 47 47 47 35 35 35 35 35 19 19 0 0 0 0 0 0 0 0 0 0 0 0 0 0 0 0 0 0 0 28 28 21 21 21 35 35 35 53 53 82 82 82 69 69 69 29 29 24 24 24 44 44 62 62 62 72 72 72 64 64 63 63 63 61 61 53 53 53 57
-9999 -9999 -9999 -9999 -9999 56 70 70 70 90 90 75 75 75 43 43 50 50 50 47 47 47 35 35 35 35 35 19 19 0 0 0 0 0 0 0 0 0 0 0 0 0 0 0 0 0 0 0 28 28 21 21 21 35 35 35 53 53 82 82 82 69 69 69 29 29 24 24 24 44 44 62 62 62 72 72 72 64 64 63 63 63 61 61 53 53 53 57
-9999 -9999 -9999 -9999 -9999 51 88 88 88 98 98 60 60 60 34 34 0 0 0 34 34 34 30 30 28 28 28 12 12 0 0 0 0 0 0 0 0 0 0 0 0 0 0 20 20 0 0 0 12 12 0 0 0 41 41 41 63 63 86 86 86 53 53 53 13 13 29 29 29 51 51 62 62 62 72 72 72 65 65 64 64 64 59 59 47 47 47 55
-9999 -9999 -9999 -9999 -9999 -9999 -9999 88 88 98 98 60 60 60 34 34 0 0 0 34 34 34 30 30 28 28 28 12 12 0 0 0 0 0 0 0 0 0 0 0 0 0 0 20 20 0 0 0 12 12 0 0 0 41 41 41 63 63 86 86 86 53 53 53 13 13 29 29 29 51 51 62 62 62 72 72 72 65 65 64 64 64 59 59 47 47 47 55
-9999 -9999 -9999 -9999 -9999 -9999 -9999 82 82 93 93 55 55 55 35 35 38 38 38 34 34 34 22 22 20 20 20 6 6 0 0 0 0 0 0 0 0 0 0 0 25 25 25 6 6 11 11 11 0 0 0 0 0 52 52 52 67 67 70 70 70 26 26 26 0 0 47 47 47 63 63 58 58 58 64 64 64 62 62 66 66 66 57 57 44 44 44 53
-9999 -9999 -9999 -9999 -9999 -9999 -9999 -9999 82 93 93 55 55 55 35 35 38 38 38 34 34 34 22 22 20 20 20 6 6 0 0 0 0 0 0 0 0 0 0 0 25 25 25 6 6 11 11 11 0 0 0 0 0 52 52 52 67 67 70 70 70 26 26 26 0 0 47 47 47 63 63 58 58 58 64 64 64 62 62 66 66 66 57 57 44 44 44 53
-9999 -9999 -9999 -9999 -9999 -9999 -9999 -9999 -9999 93 93 -9999 -9999 55 35 35 38 38 38 34 34 34 22 22 20 20 20 6 6 0 0 0 0 0 0 0 0 0 0 0 25 25 25 6 6 11 11 11 0 0 0 0 0 52 52 52 67 67 70 70 70 26 26 26 0 0 47 47 47 63 63 58 58 58 64 64 64 62 62 66 66 66 57 57 44 44 44 53
-9999 -9999 -9999 -9999 -9999 -9999 -9999 -9999 -9999 77 77 -9999 -9999 -9999 46 46 50 50 50 31 31 31 13 13 13 13 13 6 6 0 0 0 14 14 14 21 21 31 31 31 19 19 19 0 0 0 0 0 0 0 45 45 45 58 58 58 42 42 33 33 33 21 21 21 24 24 65 65 65 74 74 60 60 60 61 61 61 59 59 66 66 66 61 61 47 47 47 54
-9999 -9999 -9999 -9999 -9999 -9999 -9999 -9999 -9999 -9999 -9999 -9999 -9999 -9999 46 46 50 50 50 31 31 31 13 13 13 13 13 6 6 0 0 0 14 14 14 21 21 31 31 31 19 19 19 0 0 0 0 0 0 0 45 45 45 58 58 58 42 42 33 33 33 21 21 21 24 24 65 65 65 74 74 60 60 60 61 61 61 59 59 66 66 66 61 61 47 47 47 54
-9999 -9999 -9999 -9999 -9999 -9999 -9999 -9999 -9999 -9999 -9999 -9999 -9999 -9999 -9999 46 50 50 50 31 31 31 13 13 13 13 13 6 6 0 0 0 14 14 14 21 21 31 31 31 19 19 19 0 0 0 0 0 0 0 45 45 45 58 58 58 42 42 33 33 33 21 21 21 24 24 65 65 65 74 74 60 60 60 61 61 61 59 59 66 66 66 61 61 47 47 47 54
-9999 -9999 -9999 -9999 -9999 -9999 -9999 -9999 -9999 -9999 -9999 -9999 -9999 -9999 -9999 69 69 69 69 22 22 22 0 0 0 0 0 4 4 0 0 0 25 25 25 23 23 25 25 25 11 11 11 0 0 0 0 0 0 0 62 62 62 35 35 35 0 0 0 0 0 32 32 32 40 40 74 74 74 73 73 60 60 60 60 60 60 54 54 62 62 62 62 62 53 53 53 59
-9999 -9999 -9999 -9999 -9999 -9999 -9999 -9999 -9999 -9999 -9999 -9999 -9999 -9999 -9999 -9999 69 69 69 22 22 22 0 0 0 0 0 4 4 0 0 0 25 25 25 23 23 25 25 25 11 11 11 0 0 0 0 0 0 0 62 62 62 35 35 35 0 0 0 0 0 32 32 32 40 40 74 74 74 73 73 60 60 60 60 60 60 54 54 62 62 62 62 62 53 53 53 59
-9999 -9999 -9999 -9999 -9999 -9999 -9999 -9999 -9999 -9999 -9999 -9999 -9999 -9999 -9999 -9999 -9999 58 58 20 20 20 0 0 0 0 0 0 0 0 0 0 28 28 28 18 18 0 0 0 3 3 3 0 0 0 0 0 0 0 49 49 49 16 16 16 0 0 0 0 0 44 44 44 55 55 77 77 77 68 68 62 62 62 62 62 62 55 55 65 65 65 64 64 61 61 61 69
-9999 -9999 -9999 -9999 -9999 -9999 -9999 -9999 -9999 -9999 -9999 -9999 -9999 -9999 -9999 -9999 -9999 -9999 -9999 20 20 20 0 0 0 0 0 0 0 0 0 0 28 28 28 18 18 0 0 0 3 3 3 0 0 0 0 0 0 0 49 49 49 16 16 16 0 0 0 0 0 44 44 44 55 55 77 77 77 68 68 62 62 62 62 62 62 55 55 65 65 65 64 64 61 61 61 69
-9999 -9999 -9999 -9999 -9999 -9999 -9999 -9999 -9999 -9999 -9999 -9999 -9999 -9999 -9999 -9999 -9999 -9999 -9999 -9999 20 20 0 0 0 0 0 0 0 0 0 0 28 28 28 18 18 0 0 0 3 3 3 0 0 0 0 0 0 0 49 49 49 16 16 16 0 0 0 0 0 44 44 44 55 55 77 77 77 68 68 62 62 62 62 62 62 55 55 65 65 65 64 64 61 61 61 69
-9999 -9999 -9999 -9999 -9999 -9999 -9999 -9999 -9999 -9999 -9999 -9999 -9999 -9999 -9999 -9999 -9999 -9999 -9999 -9999 0 0 32 32 0 0 0 15 15 13 13 13 27 27 27 12 12 0 0 0 0 0 0 0 0 43 43 43 15 15 0 0 0 0 0 0 22 22 36 36 36 52 52 52 64 64 71 71 71 60 60 57 57 57 60 60 60 56 56 71 71 71 72 72 65 65 65 71
