SEB_model/sample_data_files/contemp/hillshade/june6am.txt
ncols         313
nrows         278
xllcorner     388961.19995117
yllcorner     7584381.3441773
cellsize      5
NODATA_value  -9999
[rows 148 to 184 of 278, columns 84 to 167 of 313]
170 170 164 164 164 168 168 177 177 177 181 181 181 189 189 183 183 183 176 176 177 177 177 181 181 181 188 188 180 180 180 168 168 159 159 159 147 147 147 160 160 154 154 154 137 137 137 145 145 130 130 130 148 148 168 168 168 172 172 172 180 180 162 162 162 155 155 155 155 155 134 134 134 133 133 136 136 136 134 134 134 159 159 158
170 170 164 164 164 168 168 177 177 177 181 181 181 189 189 183 183 183 176 176 177 177 177 181 181 181 188 188 180 180 180 168 168 159 159 159 147 147 147 160 160 154 154 154 137 137 137 145 145 130 130 130 148 148 168 168 168 172 172 172 180 180 162 162 162 155 155 155 155 155 134 134 134 133 133 136 136 136 134 134 134 159 159 158
165 165 169 169 169 176 176 177 177 177 176 176 176 182 182 178 178 178 179 179 183 183 183 182 182 182 188 188 179 179 179 170 170 155 155 155 128 128 128 143 143 149 149 149 140 140 140 141 141 133 133 133 138 138 147 147 147 170 170 170 185 185 163 163 163 146 146 146 147 147 132 132 132 133 133 136 136 136 129 129 129 153 153 154
165 165 169 169 169 176 176 177 177 177 176 176 176 182 182 178 178 178 179 179 183 183 183 182 182 182 188 188 179 179 179 170 170 155 155 155 128 128 128 143 143 149 149 149 140 140 140 141 141 133 133 133 138 138 147 147 147 170 170 170 185 185 163 163 163 146 146 146 147 147 132 132 132 133 133 136 136 136 129 129 129 153 153 154
161 161 165 165 165 179 179 180 180 180 176 176 176 176 176 168 168 168 175 175 184 184 184 185 185 185 187 187 168 168 168 167 167 165 165 165 134 134 134 123 123 130 130 130 145 145 145 148 148 130 130 130 139 139 146 146 146 159 159 159 184 184 167 167 167 143 143 143 146 146 140 140 140 144 144 141 141 141 127 127 127 152 152 156
161 161 165 165 165 179 179 180 180 180 176 176 176 176 176 168 168 168 175 175 184 184 184 185 185 185 187 187 168 168 168 167 167 165 165 165 134 134 134 123 123 130 130 130 145 145 145 148 148 130 130 130 139 139 146 146 146 159 159 159 184 184 167 167 167 143 143 143 146 146 140 140 140 144 144 141 141 141 127 127 127 152 152 156
161 161 165 165 165 179 179 180 180 180 176 176 176 176 176 168 168 168 175 175 184 184 184 185 185 185 187 187 168 168 168 167 167 165 165 165 134 134 134 123 123 130 130 130 145 145 145 148 148 130 130 130 139 139 146 146 146 159 159 159 184 184 167 167 167 143 143 143 146 146 140 140 140 144 144 141 141 141 127 127 127 152 152 156
166 166 161 161 161 180 180 185 185 185 179 179 179 168 168 155 155 155 175 175 181 181 181 183 183 183 188 188 162 162 162 157 157 168 168 168 151 151 151 126 126 116 116 116 132 132 132 148 148 135 135 135 138 138 146 146 146 147 147 147 166 166 161 161 161 143 143 143 147 147 148 148 148 154 154 147 147 147 126 126 126 148 148 154
166 166 161 161 161 180 180 185 185 185 179 179 179 168 168 155 155 155 175 175 181 181 181 183 183 183 188 188 162 162 162 157 157 168 168 168 151 151 151 126 126 116 116 116 132 132 132 148 148 135 135 135 138 138 146 146 146 147 147 147 166 166 161 161 161 143 143 143 147 147 148 148 148 154 154 147 147 147 126 126 126 148 148 154
166 166 161 161 161 180 180 185 185 185 179 179 179 168 168 155 155 155 175 175 181 181 181 183 183 183 188 188 162 162 162 157 157 168 168 168 151 151 151 126 126 116 116 116 132 132 132 148 148 135 135 135 138 138 146 146 146 147 147 147 166 166 161 161 161 143 143 143 147 147 148 148 148 154 154 147 147 147 126 126 126 148 148 154
174 174 163 163 163 173 173 181 181 181 175 175 175 154 154 146 146 146 183 183 182 182 182 177 177 177 189 189 167 167 167 150 150 159 159 159 157 157 157 147 147 128 128 128 114 114 114 129 129 137 137 137 144 144 142 142 142 136 136 136 146 146 147 147 147 154 154 154 156 156 150 150 150 159 159 152 152 152 133 133 133 147 147 149
174 174 163 163 163 173 173 181 181 181 175 175 175 154 154 146 146 146 183 183 182 182 182 177 177 177 189 189 167 167 167 150 150 159 159 159 157 157 157 147 147 128 128 128 114 114 114 129 129 137 137 137 144 144 142 142 142 136 136 136 146 146 147 147 147 154 154 154 156 156 150 150 150 159 159 152 152 152 133 133 133 147 147 149
177 177 167 167 167 168 168 172 172 172 165 165 165 152 152 153 153 153 189 189 186 186 186 175 175 175 185 185 167 167 167 154 154 154 154 154 151 151 151 156 156 148 148 148 120 120 120 111 111 119 119 119 141 141 137 137 137 123 123 123 133 133 139 139 139 167 167 167 171 171 147 147 147 158 158 156 156 156 145 145 145 152 152 144
177 177 167 167 167 168 168 172 172 172 165 165 165 152 152 153 153 153 189 189 186 186 186 175 175 175 185 185 167 167 167 154 154 154 154 154 151 151 151 156 156 148 148 148 120 120 120 111 111 119 119 119 141 141 137 137 137 123 123 123 133 133 139 139 139 167 167 167 171 171 147 147 147 158 158 156 156 156 145 145 145 152 152 144
177 177 167 167 167 168 168 172 172 172 165 165 165 152 152 153 153 153 189 189 186 186 186 175 175 175 185 185 167 167 167 154 154 154 154 154 151 151 151 156 156 148 148 148 120 120 120 111 111 119 119 119 141 141 137 137 137 123 123 123 133 133 139 139 139 167 167 167 171 171 147 147 147 158 158 156 156 156 145 145 145 152 152 144
180 180 170 170 170 161 161 157 157 157 157 157 157 158 158 164 164 164 190 190 185 185 185 171 171 171 175 175 160 160 160 157 157 157 157 157 146 146 146 151 151 151 151 151 139 139 139 124 124 102 102 102 110 110 116 116 116 115 115 115 129 129 136 136 136 165 165 165 184 184 157 157 157 143 143 150 150 150 152 152 152 159 159 142
180 180 170 170 170 161 161 157 157 157 157 157 157 158 158 164 164 164 190 190 185 185 185 171 171 171 175 175 160 160 160 157 157 157 157 157 146 146 146 151 151 151 151 151 139 139 139 124 124 102 102 102 110 110 116 116 116 115 115 115 129 129 136 136 136 165 165 165 184 184 157 157 157 143 143 150 150 150 152 152 152 159 159 142
188 188 174 174 174 147 147 138 138 138 158 158 158 167 167 169 169 169 195 195 188 188 188 164 164 164 169 169 159 159 159 155 155 160 160 160 154 154 154 149 149 142 142 142 141 141 141 148 148 118 118 118 74 74 79 79 79 112 112 112 138 138 144 144 144 162 162 162 196 196 179 179 179 137 137 139 139 139 154 154 154 167 167 147
188 188 174 174 174 147 147 138 138 138 158 158 158 167 167 169 169 169 195 195 188 188 188 164 164 164 169 169 159 159 159 155 155 160 160 160 154 154 154 149 149 142 142 142 141 141 141 148 148 118 118 118 74 74 79 79 79 112 112 112 138 138 144 144 144 162 162 162 196 196 179 179 179 137 137 139 139 139 154 154 154 167 167 147
188 188 174 174 174 147 147 138 138 138 158 158 158 167 167 169 169 169 195 195 188 188 188 164 164 164 169 169 159 159 159 155 155 160 160 160 154 154 154 149 149 142 142 142 141 141 141 148 148 118 118 118 74 74 79 79 79 112 112 112 138 138 144 144 144 162 162 162 196 196 179 179 179 137 137 139 139 139 154 154 154 167 167 147
190 190 178 178 178 145 145 121 121 121 151 151 151 173 173 169 169 169 198 198 195 195 195 164 164 164 165 165 154 154 154 149 149 157 157 157 159 159 159 152 152 133 133 133 123 123 123 141 141 126 126 126 84 84 68 68 68 103 103 103 143 143 147 147 147 155 155 155 191 191 184 184 184 151 151 139 139 139 144 144 144 167 167 155
190 190 178 178 178 145 145 121 121 121 151 151 151 173 173 169 169 169 198 198 195 195 195 164 164 164 165 165 154 154 154 149 149 157 157 157 159 159 159 152 152 133 133 133 123 123 123 141 141 126 126 126 84 84 68 68 68 103 103 103 143 143 147 147 147 155 155 155 191 191 184 184 184 151 151 139 139 139 144 144 144 167 167 155
190 190 178 178 178 145 145 121 121 121 151 151 151 173 173 169 169 169 198 198 195 195 195 164 164 164 165 165 154 154 154 149 149 157 157 157 159 159 159 152 152 133 133 133 123 123 123 141 141 126 126 126 84 84 68 68 68 103 103 103 143 143 147 147 147 155 155 155 191 191 184 184 184 151 151 139 139 139 144 144 144 167 167 155
181 181 178 178 178 163 163 121 121 121 124 124 124 170 170 169 169 169 197 197 197 197 197 168 168 168 170 170 149 149 149 139 139 151 151 151 154 154 154 151 151 131 131 131 105 105 105 111 111 110 110 110 109 109 102 102 102 107 107 107 135 135 143 143 143 150 150 150 173 173 172 172 172 164 164 154 154 154 143 143 143 160 160 149
181 181 178 178 178 163 163 121 121 121 124 124 124 170 170 169 169 169 197 197 197 197 197 168 168 168 170 170 149 149 149 139 139 151 151 151 154 154 154 151 151 131 131 131 105 105 105 111 111 110 110 110 109 109 102 102 102 107 107 107 135 135 143 143 143 150 150 150 173 173 172 172 172 164 164 154 154 154 143 143 143 160 160 149
173 173 175 175 175 175 175 137 137 137 101 101 101 153 153 168 168 168 198 198 198 198 198 171 171 171 178 178 155 155 155 126 126 136 136 136 143 143 143 146 146 130 130 130 100 100 100 93 93 95 95 95 122 122 135 135 135 132 132 132 135 135 136 136 136 150 150 150 164 164 163 163 163 169 169 170 170 170 162 162 162 152 152 131
173 173 175 175 175 175 175 137 137 137 101 101 101 153 153 168 168 168 198 198 198 198 198 171 171 171 178 178 155 155 155 126 126 136 136 136 143 143 143 146 146 130 130 130 100 100 100 93 93 95 95 95 122 122 135 135 135 132 132 132 135 135 136 136 136 150 150 150 164 164 163 163 163 169 169 170 170 170 162 162 162 152 152 131
173 173 175 175 175 175 175 137 137 137 101 101 101 153 153 168 168 168 198 198 198 198 198 171 171 171 178 178 155 155 155 126 126 136 136 136 143 143 143 146 146 130 130 130 100 100 100 93 93 95 95 95 122 122 135 135 135 132 132 132 135 135 136 136 136 150 150 150 164 164 163 163 163 169 169 170 170 170 162 162 162 152 152 131
169 169 166 166 166 168 168 150 150 150 106 106 106 133 133 160 160 160 194 194 198 198 198 175 175 175 180 180 160 160 160 125 125 118 118 118 123 123 123 135 135 125 125 125 106 106 106 100 100 95 95 95 122 122 141 141 141 150 150 150 149 149 132 132 132 144 144 144 162 162 157 157 157 163 163 175 175 175 166 166 166 141 141 120
169 169 166 166 166 168 168 150 150 150 106 106 106 133 133 160 160 160 194 194 198 198 198 175 175 175 180 180 160 160 160 125 125 118 118 118 123 123 123 135 135 125 125 125 106 106 106 100 100 95 95 95 122 122 141 141 141 150 150 150 149 149 132 132 132 144 144 144 162 162 157 157 157 163 163 175 175 175 166 166 166 141 141 120
169 169 166 166 166 168 168 150 150 150 106 106 106 133 133 160 160 160 194 194 198 198 198 175 175 175 180 180 160 160 160 125 125 118 118 118 123 123 123 135 135 125 125 125 106 106 106 100 100 95 95 95 122 122 141 141 141 150 150 150 149 149 132 132 132 144 144 144 162 162 157 157 157 163 163 175 175 175 166 166 166 141 141 120
165 165 152 152 152 156 156 154 154 154 131 131 131 117 117 138 138 138 188 188 196 196 196 180 180 180 178 178 158 158 158 132 132 115 115 115 102 102 102 122 122 123 123 123 115 115 115 120 120 111 111 111 119 119 132 132 132 148 148 148 161 161 145 145 145 135 135 135 157 157 159 159 159 160 160 165 165 165 151 151 151 135 135 122
165 165 152 152 152 156 156 154 154 154 131 131 131 117 117 138 138 138 188 188 196 196 196 180 180 180 178 178 158 158 158 132 132 115 115 115 102 102 102 122 122 123 123 123 115 115 115 120 120 111 111 111 119 119 132 132 132 148 148 148 161 161 145 145 145 135 135 135 157 157 159 159 159 160 160 165 165 165 151 151 151 135 135 122
166 166 142 142 142 147 147 152 152 152 151 151 151 118 118 109 109 109 174 174 191 191 191 178 178 178 175 175 157 157 157 136 136 126 126 126 102 102 102 105 105 115 115 115 117 117 117 130 130 127 127 127 123 123 124 124 124 134 134 134 157 157 153 153 153 139 139 139 154 154 153 153 153 151 151 148 148 148 139 139 139 135 135 136
166 166 142 142 142 147 147 152 152 152 151 151 151 118 118 109 109 109 174 174 191 191 191 178 178 178 175 175 157 157 157 136 136 126 126 126 102 102 102 105 105 115 115 115 117 117 117 130 130 127 127 127 123 123 124 124 124 134 134 134 157 157 153 153 153 139 139 139 154 154 153 153 153 151 151 148 148 148 139 139 139 135 135 136
166 166 142 142 142 147 147 152 152 152 151 151 151 118 118 109 109 109 174 174 191 191 191 178 178 178 175 175 157 157 157 136 136 126 126 126 102 102 102 105 105 115 115 115 117 117 117 130 130 127 127 127 123 123 124 124 124 134 134 134 157 157 153 153 153 139 139 139 154 154 153 153 153 151 151 148 148 148 139 139 139 135 135 136
166 166 142 142 142 143 143 148 148 148 154 154 154 139 139 101 101 101 137 137 173 173 173 170 170 170 168 168 157 157 157 140 140 133 133 133 114 114 114 107 107 110 110 110 109 109 109 123 123 129 129 129 131 131 129 129 129 123 123 123 139 139 143 143 143 146 146 146 152 152 138 138 138 135 135 136 136 136 134 134 134 131 131 138
