SEB_model/sample_data_files/contemp/hillshade/june6pm.txt
ncols         313
nrows         278
xllcorner     388961.19995117
yllcorner     7584381.3441773
cellsize      5
NODATA_value  -9999
[rows 195 to 233 of 278, columns 88 to 175 of 313]
83 82 82 65 65 65 47 47 47 41 41 77 77 77 163 163 133 133 133 24 24 24 35 35 70 70 70 83 83 74 74 74 68 68 68 53 53 47 47 47 42 42 42 44 44 71 71 71 85 85 87 87 -9999 -9999 -9999 -9999 -9999 -9999 -9999 -9999 -9999 -9999 -9999 -9999 -9999 -9999 -9999 -9999 -9999 -9999 -9999 -9999 -9999 -9999 -9999 -9999 -9999 -9999 -9999 -9999 -9999 -9999 -9999 -9999 -9999 -9999 -9999 -9999
83 82 82 65 65 65 47 47 47 41 41 77 77 77 163 163 133 133 133 24 24 24 35 35 70 70 70 83 83 74 74 74 68 68 68 53 53 47 47 47 42 42 42 44 44 71 71 71 85 85 87 -9999 -9999 -9999 -9999 -9999 -9999 -9999 -9999 -9999 -9999 -9999 -9999 -9999 -9999 -9999 -9999 -9999 -9999 -9999 -9999 -9999 -9999 -9999 -9999 -9999 -9999 -9999 -9999 -9999 -9999 -9999 -9999 -9999 -9999 -9999 -9999 -9999
84 79 79 63 63 63 41 41 41 28 28 54 54 54 155 155 157 157 157 61 61 61 43 43 66 66 66 80 80 69 69 69 66 66 66 55 55 48 48 48 49 49 49 41 41 66 66 66 96 96 99 -9999 -9999 -9999 -9999 -9999 -9999 -9999 -9999 -9999 -9999 -9999 -9999 -9999 -9999 -9999 -9999 -9999 -9999 -9999 -9999 -9999 -9999 -9999 -9999 -9999 -9999 -9999 -9999 -9999 -9999 -9999 -9999 -9999 -9999 -9999 -9999 -9999
84 79 79 63 63 63 41 41 41 28 28 54 54 54 155 155 157 157 157 61 61 61 43 43 66 66 66 80 80 69 69 69 66 66 66 55 55 48 48 48 49 49 49 41 41 66 66 66 96 96 99 99 -9999 75 75 75 80 80 -9999 -9999 -9999 -9999 -9999 -9999 -9999 -9999 -9999 -9999 -9999 -9999 -9999 -9999 -9999 -9999 -9999 -9999 -9999 -9999 -9999 -9999 -9999 -9999 -9999 -9999 -9999 -9999 -9999 -9999
81 60 60 34 34 34 18 18 18 16 16 45 45 45 125 125 146 146 146 101 101 101 58 58 56 56 56 65 65 62 62 62 74 74 74 64 64 52 52 52 50 50 50 48 48 82 82 82 103 103 103 -9999 103 94 94 94 99 99 79 79 -9999 -9999 -9999 -9999 -9999 -9999 -9999 -9999 -9999 -9999 -9999 -9999 -9999 -9999 -9999 -9999 -9999 -9999 -9999 -9999 -9999 -9999 -9999 -9999 -9999 -9999 -9999 -9999
81 60 60 34 34 34 18 18 18 16 16 45 45 45 125 125 146 146 146 101 101 101 58 58 56 56 56 65 65 62 62 62 74 74 74 64 64 52 52 52 50 50 50 48 48 82 82 82 103 103 103 103 103 94 94 94 99 99 -9999 -9999 -9999 -9999 -9999 -9999 -9999 -9999 -9999 -9999 -9999 -9999 -9999 -9999 -9999 -9999 -9999 -9999 -9999 -9999 -9999 -9999 -9999 -9999 -9999 -9999 -9999 -9999 -9999 -9999
81 60 60 34 34 34 18 18 18 16 16 45 45 45 125 125 146 146 146 101 101 101 58 58 56 56 56 65 65 62 62 62 74 74 74 64 64 52 52 52 50 50 50 48 48 82 82 82 103 103 103 103 103 94 94 94 99 99 -9999 -9999 -9999 -9999 -9999 -9999 -9999 -9999 -9999 -9999 -9999 -9999 -9999 -9999 -9999 -9999 -9999 -9999 -9999 -9999 -9999 -9999 -9999 -9999 -9999 -9999 -9999 -9999 -9999 -9999
65 42 42 18 18 18 0 0 0 0 0 63 63 63 105 105 117 117 117 80 80 80 47 47 46 46 46 50 50 58 58 58 78 78 78 72 72 62 62 62 61 61 61 72 72 103 103 103 109 109 105 105 105 107 107 107 115 115 75 -9999 -9999 -9999 -9999 -9999 -9999 -9999 -9999 -9999 -9999 -9999 -9999 -9999 -9999 -9999 -9999 -9999 -9999 -9999 -9999 -9999 -9999 -9999 -9999 -9999 -9999 -9999 -9999 -9999
65 42 42 18 18 18 0 0 0 0 0 63 63 63 105 105 117 117 117 80 80 80 47 47 46 46 46 50 50 58 58 58 78 78 78 72 72 62 62 62 61 61 61 72 72 103 103 103 109 109 105 105 105 107 107 107 115 115 75 -9999 -9999 -9999 -9999 -9999 -9999 -9999 -9999 -9999 -9999 -9999 -9999 -9999 -9999 -9999 -9999 -9999 -9999 -9999 -9999 -9999 -9999 -9999 -9999 -9999 -9999 -9999 -9999 -9999
65 42 42 18 18 18 0 0 0 0 0 63 63 63 105 105 117 117 117 80 80 80 47 47 46 46 46 50 50 58 58 58 78 78 78 72 72 62 62 62 61 61 61 72 72 103 103 103 109 109 105 105 105 107 107 107 115 115 75 -9999 -9999 -9999 -9999 -9999 -9999 -9999 -9999 -9999 -9999 -9999 -9999 -9999 -9999 -9999 -9999 -9999 -9999 -9999 -9999 -9999 -9999 -9999 -9999 -9999 -9999 -9999 -9999 -9999
45 38 38 29 29 29 11 11 11 0 0 77 77 77 95 95 96 96 96 51 51 51 0 0 98 98 98 92 92 90 90 90 97 97 97 96 96 93 93 93 93 93 93 106 106 120 120 120 113 113 106 106 106 109 109 109 117 117 -9999 -9999 -9999 -9999 -9999 -9999 -9999 -9999 -9999 -9999 -9999 -9999 -9999 -9999 -9999 -9999 -9999 -9999 -9999 -9999 -9999 -9999 -9999 -9999 -9999 -9999 -9999 -9999 -9999 -9999
45 38 38 29 29 29 11 11 11 0 0 77 77 77 95 95 96 96 96 51 51 51 0 0 98 98 98 92 92 90 90 90 97 97 97 96 96 93 93 93 93 93 93 106 106 120 120 120 113 113 106 106 106 109 109 109 117 117 -9999 -9999 -9999 -9999 -9999 -9999 -9999 -9999 -9999 -9999 -9999 -9999 -9999 -9999 -9999 -9999 -9999 -9999 -9999 -9999 -9999 -9999 -9999 -9999 -9999 -9999 -9999 -9999 -9999 -9999
43 36 36 42 42 42 27 27 27 0 0 75 75 75 93 93 96 96 96 45 45 45 0 0 132 132 132 126 126 111 111 111 106 106 106 108 108 108 108 108 113 113 113 125 125 126 126 126 114 114 108 108 108 114 114 114 110 -9999 -9999 -9999 -9999 -9999 -9999 -9999 -9999 -9999 -9999 -9999 -9999 -9999 -9999 -9999 -9999 -9999 -9999 -9999 -9999 -9999 -9999 -9999 -9999 -9999 -9999 -9999 -9999 -9999 -9999 -9999
43 36 36 42 42 42 27 27 27 0 0 75 75 75 93 93 96 96 96 45 45 45 0 0 132 132 132 126 126 111 111 111 106 106 106 108 108 108 108 108 113 113 113 125 125 126 126 126 114 114 108 108 108 114 114 114 110 -9999 -9999 -9999 -9999 -9999 -9999 -9999 -9999 -9999 -9999 -9999 -9999 -9999 -9999 -9999 -9999 -9999 -9999 -9999 -9999 -9999 -9999 -9999 -9999 -9999 -9999 -9999 -9999 -9999 -9999 -9999
43 36 36 42 42 42 27 27 27 0 0 75 75 75 93 93 96 96 96 45 45 45 0 0 132 132 132 126 126 111 111 111 106 106 106 108 108 108 108 108 113 113 113 125 125 126 126 126 114 114 108 108 108 114 114 114 110 110 -9999 -9999 -9999 -9999 -9999 -9999 -9999 -9999 -9999 -9999 -9999 -9999 -9999 -9999 -9999 -9999 -9999 -9999 -9999 -9999 -9999 -9999 -9999 -9999 -9999 -9999 -9999 -9999 -9999 -9999
50 42 42 53 53 53 50 50 50 37 37 72 72 72 96 96 99 99 99 52 52 52 61 61 131 131 131 140 140 127 127 127 115 115 115 110 110 106 106 106 114 114 114 127 127 126 126 126 116 116 114 114 114 119 119 119 103 103 -9999 -9999 -9999 -9999 -9999 -9999 -9999 -9999 -9999 -9999 -9999 -9999 -9999 -9999 -9999 -9999 -9999 -9999 -9999 -9999 -9999 -9999 -9999 -9999 -9999 -9999 -9999 -9999 -9999 -9999
50 42 42 53 53 53 50 50 50 37 37 72 72 72 96 96 99 99 99 52 52 52 61 61 131 131 131 140 140 127 127 127 115 115 115 110 110 106 106 106 114 114 114 127 127 126 126 126 116 116 114 114 114 119 119 119 103 103 -9999 -9999 -9999 -9999 -9999 -9999 -9999 -9999 -9999 -9999 -9999 -9999 -9999 -9999 -9999 -9999 -9999 -9999 -9999 -9999 -9999 -9999 -9999 -9999 -9999 -9999 -9999 -9999 -9999 -9999
50 42 42 53 53 53 50 50 50 37 37 72 72 72 96 96 99 99 99 52 52 52 61 61 131 131 131 140 140 127 127 127 115 115 115 110 110 106 106 106 114 114 114 127 127 126 126 126 116 116 114 114 114 119 119 119 103 103 -9999 -9999 -9999 -9999 -9999 -9999 -9999 -9999 -9999 -9999 -9999 -9999 -9999 -9999 -9999 -9999 -9999 -9999 -9999 -9999 -9999 -9999 -9999 -9999 -9999 -9999 -9999 -9999 -9999 -9999
55 62 62 70 70 70 71 71 71 46 46 64 64 64 96 96 98 98 98 62 62 62 70 70 128 128 128 148 148 146 146 146 130 130 130 117 117 107 107 107 108 108 108 122 122 127 127 127 122 122 121 121 121 123 123 123 115 115 -9999 -9999 -9999 -9999 -9999 -9999 -9999 -9999 -9999 -9999 -9999 -9999 -9999 -9999 -9999 -9999 -9999 -9999 -9999 -9999 -9999 -9999 -9999 -9999 -9999 -9999 -9999 -9999 -9999 -9999
55 62 62 70 70 70 71 71 71 46 46 64 64 64 96 96 98 98 98 62 62 62 70 70 128 128 128 148 148 146 146 146 130 130 130 117 117 107 107 107 108 108 108 122 122 127 127 127 122 122 121 121 121 123 123 123 115 115 -9999 -9999 -9999 -9999 -9999 -9999 -9999 -9999 -9999 -9999 -9999 -9999 -9999 -9999 -9999 -9999 -9999 -9999 -9999 -9999 -9999 -9999 -9999 -9999 -9999 -9999 -9999 -9999 -9999 -9999
65 79 79 85 85 85 87 87 87 53 53 0 0 0 95 95 102 102 102 78 78 78 82 82 123 123 123 149 149 157 157 157 140 140 140 118 118 106 106 106 109 109 109 121 121 129 129 129 131 131 129 129 129 127 127 127 126 126 -9999 -9999 -9999 -9999 -9999 -9999 -9999 -9999 -9999 -9999 -9999 -9999 -9999 -9999 -9999 -9999 -9999 -9999 -9999 -9999 -9999 -9999 -9999 -9999 -9999 -9999 -9999 -9999 -9999 -9999
65 79 79 85 85 85 87 87 87 53 53 0 0 0 95 95 102 102 102 78 78 78 82 82 123 123 123 149 149 157 157 157 140 140 140 118 118 106 106 106 109 109 109 121 121 129 129 129 131 131 129 129 129 127 127 127 126 126 -9999 -9999 -9999 -9999 -9999 -9999 -9999 -9999 -9999 -9999 -9999 -9999 -9999 -9999 -9999 -9999 -9999 -9999 -9999 -9999 -9999 -9999 -9999 -9999 -9999 -9999 -9999 -9999 -9999 -9999
65 79 79 85 85 85 87 87 87 53 53 0 0 0 95 95 102 102 102 78 78 78 82 82 123 123 123 149 149 157 157 157 140 140 140 118 118 106 106 106 109 109 109 121 121 129 129 129 131 131 129 129 129 127 127 127 126 126 -9999 -9999 -9999 -9999 -9999 -9999 -9999 -9999 -9999 -9999 -9999 -9999 -9999 -9999 -9999 -9999 -9999 -9999 -9999 -9999 -9999 -9999 -9999 -9999 -9999 -9999 -9999 -9999 -9999 -9999
79 88 88 96 96 96 98 98 98 69 69 62 62 62 93 93 107 107 107 96 96 96 101 101 125 125 125 145 145 149 149 149 131 131 131 111 111 111 111 111 123 123 123 128 128 131 131 131 135 135 133 133 133 128 128 128 125 125 -9999 -9999 -9999 -9999 -9999 -9999 -9999 -9999 -9999 -9999 -9999 -9999 -9999 -9999 -9999 -9999 -9999 -9999 -9999 -9999 -9999 -9999 -9999 -9999 -9999 -9999 -9999 -9999 -9999 -9999
79 88 88 96 96 96 98 98 98 69 69 62 62 62 93 93 107 107 107 96 96 96 101 101 125 125 125 145 145 149 149 149 131 131 131 111 111 111 111 111 123 123 123 128 128 131 131 131 135 135 133 133 133 128 128 128 125 125 -9999 -9999 -9999 -9999 -9999 -9999 -9999 -9999 -9999 -9999 -9999 -9999 -9999 -9999 -9999 -9999 -9999 -9999 -9999 -9999 -9999 -9999 -9999 -9999 -9999 -9999 -9999 -9999 -9999 -9999
83 94 94 106 106 106 101 101 101 85 85 80 80 80 92 92 109 109 109 115 115 115 125 125 132 132 132 134 134 127 127 127 109 109 109 110 110 127 127 127 136 136 136 139 139 135 135 135 132 132 132 132 132 129 129 129 116 116 -9999 -9999 -9999 -9999 -9999 -9999 -9999 -9999 -9999 -9999 -9999 -9999 -9999 -9999 -9999 -9999 -9999 -9999 -9999 -9999 -9999 -9999 -9999 -9999 -9999 -9999 -9999 -9999 -9999 -9999
83 94 94 106 106 106 101 101 101 85 85 80 80 80 92 92 109 109 109 115 115 115 125 125 132 132 132 134 134 127 127 127 109 109 109 110 110 127 127 127 136 136 136 139 139 135 135 135 132 132 132 132 132 129 129 129 116 -9999 -9999 -9999 -9999 -9999 -9999 -9999 -9999 -9999 -9999 -9999 -9999 -9999 -9999 -9999 -9999 -9999 -9999 -9999 -9999 -9999 -9999 -9999 -9999 -9999 -9999 -9999 -9999 -9999 -9999 -9999
83 94 94 106 106 106 101 101 101 85 85 80 80 80 92 92 109 109 109 115 115 115 125 125 132 132 132 134 134 127 127 127 109 109 109 110 110 127 127 127 136 136 136 139 139 135 135 135 132 132 132 132 132 129 129 129 116 -9999 -9999 -9999 -9999 -9999 -9999 -9999 -9999 -9999 -9999 -9999 -9999 -9999 -9999 -9999 -9999 -9999 -9999 -9999 -9999 -9999 -9999 -9999 -9999 -9999 -9999 -9999 -9999 -9999 -9999 -9999
90 98 98 99 99 99 97 97 97 107 107 111 111 111 107 107 115 115 115 125 125 125 122 122 116 116 116 108 108 106 106 106 110 110 110 123 123 139 139 139 145 145 145 148 148 140 140 140 129 129 127 127 127 129 129 129 93 -9999 -9999 -9999 -9999 -9999 -9999 -9999 -9999 -9999 -9999 -9999 -9999 -9999 -9999 -9999 -9999 -9999 -9999 -9999 -9999 -9999 -9999 -9999 -9999 -9999 -9999 -9999 -9999 -9999 -9999 -9999
90 98 98 99 99 99 97 97 97 107 107 111 111 111 107 107 115 115 115 125 125 125 122 122 116 116 116 108 108 106 106 106 110 110 110 123 123 139 139 139 145 145 145 148 148 140 140 140 129 129 127 127 127 129 129 129 93 -9999 -9999 -9999 -9999 -9999 -9999 -9999 -9999 -9999 -9999 -9999 -9999 -9999 -9999 -9999 -9999 -9999 -9999 -9999 -9999 -9999 -9999 -9999 -9999 -9999 -9999 -9999 -9999 -9999 -9999 -9999
90 98 98 99 99 99 97 97 97 107 107 111 111 111 107 107 115 115 115 125 125 125 122 122 116 116 116 108 108 106 106 106 110 110 110 123 123 139 139 139 145 145 145 148 148 140 140 140 129 129 127 127 127 129 129 129 93 -9999 -9999 -9999 -9999 -9999 -9999 -9999 -9999 -9999 -9999 -9999 -9999 -9999 -9999 -9999 -9999 -9999 -9999 -9999 -9999 -9999 -9999 -9999 -9999 -9999 -9999 -9999 -9999 -9999 -9999 -9999
106 94 94 74 74 74 95 95 95 128 128 134 134 134 126 126 121 121 121 115 115 115 80 80 72 72 72 100 100 121 121 121 130 130 130 134 134 144 144 144 149 149 149 150 150 140 140 140 132 132 129 129 129 129 129 129 84 -9999 -9999 -9999 -9999 -9999 -9999 -9999 -9999 -9999 -9999 -9999 -9999 -9999 -9999 -9999 -9999 -9999 -9999 -9999 -9999 -9999 -9999 -9999 -9999 -9999 -9999 -9999 -9999 -9999 -9999 -9999
106 94 94 74 74 74 95 95 95 128 128 134 134 134 126 126 121 121 121 115 115 115 80 80 72 72 72 100 100 121 121 121 130 130 130 134 134 144 144 144 149 149 149 150 150 140 140 140 132 132 129 129 129 129 129 129 84 84 -9999 -9999 -9999 -9999 -9999 -9999 -9999 -9999 -9999 -9999 -9999 -9999 -9999 -9999 -9999 -9999 -9999 -9999 -9999 -9999 -9999 -9999 -9999 -9999 -9999 -9999 -9999 -9999 -9999 -9999
109 92 92 82 82 82 103 103 103 127 127 135 135 135 128 128 104 104 104 65 65 65 43 43 78 78 78 128 128 142 142 142 139 139 139 148 148 152 152 152 143 143 143 139 139 136 136 136 137 137 137 137 137 132 132 132 100 100 -9999 -9999 -9999 -9999 -9999 -9999 -9999 -9999 -9999 -9999 -9999 -9999 -9999 -9999 -9999 -9999 -9999 -9999 -9999 -9999 -9999 -9999 -9999 -9999 -9999 -9999 -9999 -9999 -9999 -9999
109 92 92 82 82 82 103 103 103 127 127 135 135 135 128 128 104 104 104 65 65 65 43 43 78 78 78 128 128 142 142 142 139 139 139 148 148 152 152 152 143 143 143 139 139 136 136 136 137 137 137 137 137 132 132 132 100 100 -9999 -9999 -9999 -9999 -9999 -9999 -9999 -9999 -9999 -9999 -9999 -9999 -9999 -9999 -9999 -9999 -9999 -9999 -9999 -9999 -9999 -9999 -9999 -9999 -9999 -9999 -9999 -9999 -9999 -9999
109 92 92 82 82 82 103 103 103 127 127 135 135 135 128 128 104 104 104 65 65 65 43 43 78 78 78 128 128 142 142 142 139 139 139 148 148 152 152 152 143 143 143 139 139 136 136 136 137 137 137 137 137 132 132 132 100 100 90 -9999 -9999 -9999 -9999 -9999 -9999 -9999 -9999 -9999 -9999 -9999 -9999 -9999 -9999 -9999 -9999 -9999 -9999 -9999 -9999 -9999 -9999 -9999 -9999 -9999 -9999 -9999 -9999 -9999
97 106 106 116 116 116 110 110 110 110 110 113 113 113 86 86 53 53 53 51 51 51 93 93 128 128 128 148 148 153 153 153 144 144 144 157 157 155 155 155 134 134 134 129 129 132 132 132 142 142 146 146 146 139 139 139 123 123 98 98 -9999 -9999 -9999 -9999 -9999 -9999 -9999 -9999 -9999 -9999 -9999 -9999 -9999 -9999 -9999 -9999 -9999 -9999 -9999 -9999 -9999 -9999 -9999 -9999 -9999 -9999 -9999 -9999
97 106 106 116 116 116 110 110 110 110 110 113 113 113 86 86 53 53 53 51 51 51 93 93 128 128 128 148 148 153 153 153 144 144 144 157 157 155 155 155 134 134 134 129 129 132 132 132 142 142 146 146 146 139 139 139 123 123 98 98 98 -9999 -9999 -9999 -9999 -9999 -9999 -9999 -9999 -9999 -9999 -9999 -9999 -9999 -9999 -9999 -9999 -9999 -9999 -9999 -9999 -9999 -9999 -9999 -9999 -9999 -9999 -9999
104 124 124 128 128 128 113 113 113 101 101 80 80 80 23 23 0 0 0 116 116 116 155 155 150 150 150 159 159 165 165 165 149 149 149 156 156 151 151 151 138 138 138 134 134 130 130 130 143 143 150 150 150 145 145 145 137 137 116 116 116 80 -9999 -9999 -9999 -9999 -9999 -9999 -9999 -9999 -9999 -9999 -9999 -9999 -9999 -9999 -9999 -9999 -9999 -9999 -9999 -9999 -9999 -9999 -9999 -9999 -9999 -9999
