SEB_model/sample_data_files/contemp/hillshade/june6am.txt
ncols         313
nrows         278
xllcorner     388961.19995117
yllcorner     7584381.3441773
cellsize      5
NODATA_value  -9999
[rows 37 to 73 of 278, columns 168 to 251 of 313]
145 145 170 170 181 181 181 159 159 159 95 95 46 46 46 47 47 47 68 68 76 76 76 94 94 137 137 137 181 181 181 205 205 204 204 204 190 190 182 182 182 172 172 172 175 175 171 171 171 149 149 149 135 135 118 118 118 133 133 161 161 161 168 168 168 160 160 106 106 106 0 0 0 0 0 0 0 0 0 0 19 19 19 52
145 145 170 170 181 181 181 159 159 159 95 95 46 46 46 47 47 47 68 68 76 76 76 94 94 137 137 137 181 181 181 205 205 204 204 204 190 190 182 182 182 172 172 172 175 175 171 171 171 149 149 149 135 135 118 118 118 133 133 161 161 161 168 168 168 160 160 106 106 106 0 0 0 0 0 0 0 0 0 0 19 19 19 52
145 145 170 170 181 181 181 159 159 159 95 95 46 46 46 47 47 47 68 68 76 76 76 94 94 137 137 137 181 181 181 205 205 204 204 204 190 190 182 182 182 172 172 172 175 175 171 171 171 149 149 149 135 135 118 118 118 133 133 161 161 161 168 168 168 160 160 106 106 106 0 0 0 0 0 0 0 0 0 0 19 19 19 52
138 138 168 168 184 184 184 158 158 158 103 103 69 69 69 77 77 77 97 97 90 90 90 92 92 121 121 121 164 164 164 193 193 192 192 192 182 182 181 181 181 169 169 169 163 163 151 151 151 136 136 136 135 135 123 123 123 131 131 150 150 150 159 159 159 150 150 105 105 105 91 91 95 95 95 87 87 87 76 76 73 73 73 68
138 138 168 168 184 184 184 158 158 158 103 103 69 69 69 77 77 77 97 97 90 90 90 92 92 121 121 121 164 164 164 193 193 192 192 192 182 182 181 181 181 169 169 169 163 163 151 151 151 136 136 136 135 135 123 123 123 131 131 150 150 150 159 159 159 150 150 105 105 105 91 91 95 95 95 87 87 87 76 76 73 73 73 68
146 146 164 164 171 171 171 143 143 143 112 112 94 94 94 98 98 98 109 109 103 103 103 110 110 127 127 127 153 153 153 174 174 174 174 174 169 169 170 170 170 160 160 160 158 158 146 146 146 136 136 136 140 140 127 127 127 123 123 133 133 133 149 149 149 152 152 120 120 120 119 119 117 117 117 123 123 123 131 131 138 138 138 126
146 146 164 164 171 171 171 143 143 143 112 112 94 94 94 98 98 98 109 109 103 103 103 110 110 127 127 127 153 153 153 174 174 174 174 174 169 169 170 170 170 160 160 160 158 158 146 146 146 136 136 136 140 140 127 127 127 123 123 133 133 133 149 149 149 152 152 120 120 120 119 119 117 117 117 123 123 123 131 131 138 138 138 126
146 146 164 164 171 171 171 143 143 143 112 112 94 94 94 98 98 98 109 109 103 103 103 110 110 127 127 127 153 153 153 174 174 174 174 174 169 169 170 170 170 160 160 160 158 158 146 146 146 136 136 136 140 140 127 127 127 123 123 133 133 133 149 149 149 152 152 120 120 120 119 119 117 117 117 123 123 123 131 131 138 138 138 126
154 154 156 156 153 153 153 134 134 134 127 127 119 119 119 117 117 117 116 116 109 109 109 124 124 141 141 141 154 154 154 160 160 153 153 153 147 147 157 157 157 163 163 163 163 163 142 142 142 128 128 128 144 144 127 127 127 114 114 122 122 122 147 147 147 163 163 136 136 136 140 140 125 125 125 133 133 133 153 153 163 163 163 161
154 154 156 156 153 153 153 134 134 134 127 127 119 119 119 117 117 117 116 116 109 109 109 124 124 141 141 141 154 154 154 160 160 153 153 153 147 147 157 157 157 163 163 163 163 163 142 142 142 128 128 128 144 144 127 127 127 114 114 122 122 122 147 147 147 163 163 136 136 136 140 140 125 125 125 133 133 133 153 153 163 163 163 161
154 154 156 156 153 153 153 134 134 134 127 127 119 119 119 117 117 117 116 116 109 109 109 124 124 141 141 141 154 154 154 160 160 153 153 153 147 147 157 157 157 163 163 163 163 163 142 142 142 128 128 128 144 144 127 127 127 114 114 122 122 122 147 147 147 163 163 136 136 136 140 140 125 125 125 133 133 133 153 153 163 163 163 161
148 148 140 140 135 135 135 127 127 127 134 134 131 131 131 126 126 126 128 128 124 124 124 139 139 154 154 154 157 157 157 147 147 125 125 125 127 127 162 162 162 175 175 175 163 163 128 128 128 115 115 115 143 143 122 122 122 114 114 129 129 129 155 155 155 171 171 143 143 143 151 151 139 139 139 138 138 138 168 168 180 180 180 174
148 148 140 140 135 135 135 127 127 127 134 134 131 131 131 126 126 126 128 128 124 124 124 139 139 154 154 154 157 157 157 147 147 125 125 125 127 127 162 162 162 175 175 175 163 163 128 128 128 115 115 115 143 143 122 122 122 114 114 129 129 129 155 155 155 171 171 143 143 143 151 151 139 139 139 138 138 138 168 168 180 180 180 174
134 134 119 119 123 123 123 128 128 128 136 136 131 131 131 126 126 126 133 133 134 134 134 156 156 167 167 167 156 156 156 130 130 101 101 101 131 131 180 180 180 181 181 181 153 153 107 107 107 102 102 102 138 138 122 122 122 128 128 146 146 146 161 161 161 171 171 145 145 145 155 155 147 147 147 137 137 137 168 168 188 188 188 184
134 134 119 119 123 123 123 128 128 128 136 136 131 131 131 126 126 126 133 133 134 134 134 156 156 167 167 167 156 156 156 130 130 101 101 101 131 131 180 180 180 181 181 181 153 153 107 107 107 102 102 102 138 138 122 122 122 128 128 146 146 146 161 161 161 171 171 145 145 145 155 155 147 147 147 137 137 137 168 168 188 188 188 184
134 134 119 119 123 123 123 128 128 128 136 136 131 131 131 126 126 126 133 133 134 134 134 156 156 167 167 167 156 156 156 130 130 101 101 101 131 131 180 180 180 181 181 181 153 153 107 107 107 102 102 102 138 138 122 122 122 128 128 146 146 146 161 161 161 171 171 145 145 145 155 155 147 147 147 137 137 137 168 168 188 188 188 184
119 119 112 112 125 125 125 130 130 130 133 133 128 128 128 127 127 127 134 134 135 135 135 159 159 166 166 166 147 147 147 121 121 106 106 106 153 153 189 189 189 177 177 177 136 136 88 88 88 94 94 94 137 137 134 134 134 147 147 156 156 156 160 160 160 166 166 147 147 147 155 155 147 147 147 135 135 135 160 160 182 182 182 182
119 119 112 112 125 125 125 130 130 130 133 133 128 128 128 127 127 127 134 134 135 135 135 159 159 166 166 166 147 147 147 121 121 106 106 106 153 153 189 189 189 177 177 177 136 136 88 88 88 94 94 94 137 137 134 134 134 147 147 156 156 156 160 160 160 166 166 147 147 147 155 155 147 147 147 135 135 135 160 160 182 182 182 182
119 119 112 112 125 125 125 130 130 130 133 133 128 128 128 127 127 127 134 134 135 135 135 159 159 166 166 166 147 147 147 121 121 106 106 106 153 153 189 189 189 177 177 177 136 136 88 88 88 94 94 94 137 137 134 134 134 147 147 156 156 156 160 160 160 166 166 147 147 147 155 155 147 147 147 135 135 135 160 160 182 182 182 182
114 114 117 117 128 128 128 127 127 127 128 128 126 126 126 128 128 128 136 136 134 134 134 152 152 157 157 157 143 143 143 133 133 130 130 130 164 164 186 186 186 163 163 163 118 118 82 82 82 98 98 98 144 144 151 151 151 158 158 155 155 155 152 152 152 160 160 150 150 150 153 153 147 147 147 135 135 135 153 153 168 168 168 166
114 114 117 117 128 128 128 127 127 127 128 128 126 126 126 128 128 128 136 136 134 134 134 152 152 157 157 157 143 143 143 133 133 130 130 130 164 164 186 186 186 163 163 163 118 118 82 82 82 98 98 98 144 144 151 151 151 158 158 155 155 155 152 152 152 160 160 150 150 150 153 153 147 147 147 135 135 135 153 153 168 168 168 166
112 112 118 118 125 125 125 121 121 121 123 123 126 126 126 131 131 131 139 139 133 133 133 143 143 149 149 149 147 147 147 151 151 148 148 148 164 164 174 174 174 146 146 146 111 111 89 89 89 110 110 110 154 154 160 160 160 160 160 148 148 148 142 142 142 156 156 151 151 151 148 148 144 144 144 134 134 134 144 144 151 151 151 150
112 112 118 118 125 125 125 121 121 121 123 123 126 126 126 131 131 131 139 139 133 133 133 143 143 149 149 149 147 147 147 151 151 148 148 148 164 164 174 174 174 146 146 146 111 111 89 89 89 110 110 110 154 154 160 160 160 160 160 148 148 148 142 142 142 156 156 151 151 151 148 148 144 144 144 134 134 134 144 144 151 151 151 150
112 112 118 118 125 125 125 121 121 121 123 123 126 126 126 131 131 131 139 139 133 133 133 143 143 149 149 149 147 147 147 151 151 148 148 148 164 164 174 174 174 146 146 146 111 111 89 89 89 110 110 110 154 154 160 160 160 160 160 148 148 148 142 142 142 156 156 151 151 151 148 148 144 144 144 134 134 134 144 144 151 151 151 150
111 111 114 114 116 116 116 116 116 116 121 121 128 128 128 135 135 135 143 143 136 136 136 139 139 144 144 144 149 149 149 160 160 153 153 153 156 156 159 159 159 135 135 135 118 118 106 106 106 122 122 122 157 157 160 160 160 154 154 138 138 138 133 133 133 151 151 147 147 147 141 141 140 140 140 131 131 131 137 137 141 141 141 144
111 111 114 114 116 116 116 116 116 116 121 121 128 128 128 135 135 135 143 143 136 136 136 139 139 144 144 144 149 149 149 160 160 153 153 153 156 156 159 159 159 135 135 135 118 118 106 106 106 122 122 122 157 157 160 160 160 154 154 138 138 138 133 133 133 151 151 147 147 147 141 141 140 140 140 131 131 131 137 137 141 141 141 144
113 113 106 106 107 107 107 114 114 114 124 124 128 128 128 134 134 134 144 144 140 140 140 142 142 143 143 143 148 148 148 163 163 152 152 152 143 143 146 146 146 135 135 135 132 132 121 121 121 128 128 128 156 156 156 156 156 146 146 128 128 128 124 124 124 144 144 142 142 142 137 137 138 138 138 130 130 130 135 135 139 139 139 145
113 113 106 106 107 107 107 114 114 114 124 124 128 128 128 134 134 134 144 144 140 140 140 142 142 143 143 143 148 148 148 163 163 152 152 152 143 143 146 146 146 135 135 135 132 132 121 121 121 128 128 128 156 156 156 156 156 146 146 128 128 128 124 124 124 144 144 142 142 142 137 137 138 138 138 130 130 130 135 135 139 139 139 145
113 113 106 106 107 107 107 114 114 114 124 124 128 128 128 134 134 134 144 144 140 140 140 142 142 143 143 143 148 148 148 163 163 152 152 152 143 143 146 146 146 135 135 135 132 132 121 121 121 128 128 128 156 156 156 156 156 146 146 128 128 128 124 124 124 144 144 142 142 142 137 137 138 138 138 130 130 130 135 135 139 139 139 145
115 115 101 101 106 106 106 122 122 122 131 131 126 126 126 129 129 129 143 143 144 144 144 148 148 145 145 145 147 147 147 163 163 145 145 145 127 127 141 141 141 147 147 147 147 147 128 128 128 127 127 127 154 154 149 149 149 138 138 125 125 125 123 123 123 141 141 140 140 140 137 137 141 141 141 133 133 133 137 137 141 141 141 147
115 115 101 101 106 106 106 122 122 122 131 131 126 126 126 129 129 129 143 143 144 144 144 148 148 145 145 145 147 147 147 163 163 145 145 145 127 127 141 141 141 147 147 147 147 147 128 128 128 127 127 127 154 154 149 149 149 138 138 125 125 125 123 123 123 141 141 140 140 140 137 137 141 141 141 133 133 133 137 137 141 141 141 147
115 115 101 101 106 106 106 122 122 122 131 131 126 126 126 129 129 129 143 143 144 144 144 148 148 145 145 145 147 147 147 163 163 145 145 145 127 127 141 141 141 147 147 147 147 147 128 128 128 127 127 127 154 154 149 149 149 138 138 125 125 125 123 123 123 141 141 140 140 140 137 137 141 141 141 133 133 133 137 137 141 141 141 147
110 110 99 99 117 117 117 137 137 137 139 139 123 123 123 125 125 125 143 143 149 149 149 152 152 146 146 146 146 146 146 159 159 134 134 134 117 117 146 146 146 158 158 158 153 153 126 126 126 121 121 121 144 144 135 135 135 129 129 128 128 128 133 133 133 147 147 142 142 142 140 140 146 146 146 138 138 138 139 139 142 142 142 150
110 110 99 99 117 117 117 137 137 137 139 139 123 123 123 125 125 125 143 143 149 149 149 152 152 146 146 146 146 146 146 159 159 134 134 134 117 117 146 146 146 158 158 158 153 153 126 126 126 121 121 121 144 144 135 135 135 129 129 128 128 128 133 133 133 147 147 142 142 142 140 140 146 146 146 138 138 138 139 139 142 142 142 150
104 104 105 105 133 133 133 149 149 149 141 141 122 122 122 126 126 126 146 146 152 152 152 153 153 145 145 145 143 143 143 152 152 126 126 126 120 120 153 153 153 161 161 161 147 147 116 116 116 107 107 107 126 126 122 122 122 128 128 137 137 137 149 149 149 159 159 147 147 147 145 145 153 153 153 143 143 143 138 138 140 140 140 151
104 104 105 105 133 133 133 149 149 149 141 141 122 122 122 126 126 126 146 146 152 152 152 153 153 145 145 145 143 143 143 152 152 126 126 126 120 120 153 153 153 161 161 161 147 147 116 116 116 107 107 107 126 126 122 122 122 128 128 137 137 137 149 149 149 159 159 147 147 147 145 145 153 153 153 143 143 143 138 138 140 140 140 151
104 104 105 105 133 133 133 149 149 149 141 141 122 122 122 126 126 126 146 146 152 152 152 153 153 145 145 145 143 143 143 152 152 126 126 126 120 120 153 153 153 161 161 161 147 147 116 116 116 107 107 107 126 126 122 122 122 128 128 137 137 137 149 149 149 159 159 147 147 147 145 145 153 153 153 143 143 143 138 138 140 140 140 151
