SEB_model/sample_data_files/contemp/hillshade/junenoon.txt
ncols         313
nrows         278
xllcorner     388961.19995117
yllcorner     7584381.3441773
cellsize      5
NODATA_value  -9999
[rows 76 to 113 of 278, columns 170 to 254 of 313]
149 149 147 147 147 140 140 140 136 136 142 142 142 149 149 149 149 149 146 146 146 142 142 143 143 143 146 146 146 147 147 153 153 153 157 157 152 152 152 142 142 142 125 125 108 108 108 101 101 101 104 104 114 114 114 123 123 127 127 127 125 125 125 122 122 132 132 132 142 142 144 144 144 142 142 142 134 134 124 124 124 114 114 114 103
149 149 147 147 147 140 140 140 136 136 142 142 142 149 149 149 149 149 146 146 146 142 142 143 143 143 146 146 146 147 147 153 153 153 157 157 152 152 152 142 142 142 125 125 108 108 108 101 101 101 104 104 114 114 114 123 123 127 127 127 125 125 125 122 122 132 132 132 142 142 144 144 144 142 142 142 134 134 124 124 124 114 114 114 103
149 149 147 147 147 140 140 140 136 136 142 142 142 149 149 149 149 149 146 146 146 142 142 143 143 143 146 146 146 147 147 153 153 153 157 157 152 152 152 142 142 142 125 125 108 108 108 101 101 101 104 104 114 114 114 123 123 127 127 127 125 125 125 122 122 132 132 132 142 142 144 144 144 142 142 142 134 134 124 124 124 114 114 114 103
131 131 129 129 129 128 128 128 131 131 137 137 137 139 139 139 132 132 126 126 126 125 125 130 130 130 135 135 135 137 137 142 142 142 144 144 137 137 137 121 121 121 103 103 95 95 95 103 103 103 118 118 125 125 125 123 123 118 118 118 111 111 111 105 105 111 111 111 117 117 118 118 118 118 118 118 112 112 102 102 102 90 90 90 82
131 131 129 129 129 128 128 128 131 131 137 137 137 139 139 139 132 132 126 126 126 125 125 130 130 130 135 135 135 137 137 142 142 142 144 144 137 137 137 121 121 121 103 103 95 95 95 103 103 103 118 118 125 125 125 123 123 118 118 118 111 111 111 105 105 111 111 111 117 117 118 118 118 118 118 118 112 112 102 102 102 90 90 90 82
131 131 129 129 129 128 128 128 131 131 137 137 137 139 139 139 132 132 126 126 126 125 125 130 130 130 135 135 135 137 137 142 142 142 144 144 137 137 137 121 121 121 103 103 95 95 95 103 103 103 118 118 125 125 125 123 123 118 118 118 111 111 111 105 105 111 111 111 117 117 118 118 118 118 118 118 112 112 102 102 102 90 90 90 82
102 102 105 105 105 111 111 111 116 116 116 116 116 112 112 112 105 105 104 104 104 105 105 109 109 109 114 114 114 115 115 120 120 120 119 119 110 110 110 92 92 92 79 79 81 81 81 95 95 95 102 102 97 97 97 88 88 83 83 83 80 80 80 75 75 76 76 76 72 72 68 68 68 71 71 71 74 74 71 71 71 63 63 63 57
102 102 105 105 105 111 111 111 116 116 116 116 116 112 112 112 105 105 104 104 104 105 105 109 109 109 114 114 114 115 115 120 120 120 119 119 110 110 110 92 92 92 79 79 81 81 81 95 95 95 102 102 97 97 97 88 88 83 83 83 80 80 80 75 75 76 76 76 72 72 68 68 68 71 71 71 74 74 71 71 71 63 63 63 57
98 98 103 103 103 109 109 109 110 110 107 107 107 104 104 104 104 104 107 107 107 107 107 107 107 107 109 109 109 109 109 110 110 110 106 106 95 95 95 83 83 83 79 79 86 86 86 93 93 93 90 90 82 82 82 76 76 75 75 75 76 76 76 73 73 67 67 67 57 57 51 51 51 53 53 53 62 62 73 73 73 74 74 74 65
98 98 103 103 103 109 109 109 110 110 107 107 107 104 104 104 104 104 107 107 107 107 107 107 107 107 109 109 109 109 109 110 110 110 106 106 95 95 95 83 83 83 79 79 86 86 86 93 93 93 90 90 82 82 82 76 76 75 75 75 76 76 76 73 73 67 67 67 57 57 51 51 51 53 53 53 62 62 73 73 73 74 74 74 65
98 98 103 103 103 109 109 109 110 110 107 107 107 104 104 104 104 104 107 107 107 107 107 107 107 107 109 109 109 109 109 110 110 110 106 106 95 95 95 83 83 83 79 79 86 86 86 93 93 93 90 90 82 82 82 76 76 75 75 75 76 76 76 73 73 67 67 67 57 57 51 51 51 53 53 53 62 62 73 73 73 74 74 74 65
104 104 106 106 106 106 106 106 101 101 97 97 97 97 97 97 100 100 103 103 103 102 102 101 101 101 101 101 101 99 99 96 96 96 88 88 79 79 79 76 76 76 78 78 77 77 77 71 71 71 67 67 69 69 69 70 70 71 71 71 70 70 70 64 64 57 57 57 51 51 48 48 48 47 47 47 52 52 63 63 63 69 69 69 62
104 104 106 106 106 106 106 106 101 101 97 97 97 97 97 97 100 100 103 103 103 102 102 101 101 101 101 101 101 99 99 96 96 96 88 88 79 79 79 76 76 76 78 78 77 77 77 71 71 71 67 67 69 69 69 70 70 71 71 71 70 70 70 64 64 57 57 57 51 51 48 48 48 47 47 47 52 52 63 63 63 69 69 69 62
104 104 106 106 106 106 106 106 101 101 97 97 97 97 97 97 100 100 103 103 103 102 102 101 101 101 101 101 101 99 99 96 96 96 88 88 79 79 79 76 76 76 78 78 77 77 77 71 71 71 67 67 69 69 69 70 70 71 71 71 70 70 70 64 64 57 57 57 51 51 48 48 48 47 47 47 52 52 63 63 63 69 69 69 62
123 123 120 120 120 116 116 116 110 110 107 107 107 107 107 107 105 105 105 105 105 103 103 101 101 101 102 102 102 99 99 93 93 93 83 83 77 77 77 80 80 80 84 84 81 81 81 70 70 70 63 63 70 70 70 77 77 77 77 77 70 70 70 58 58 52 52 52 52 52 53 53 53 53 53 53 50 50 49 49 49 54 54 54 58
123 123 120 120 120 116 116 116 110 110 107 107 107 107 107 107 105 105 105 105 105 103 103 101 101 101 102 102 102 99 99 93 93 93 83 83 77 77 77 80 80 80 84 84 81 81 81 70 70 70 63 63 70 70 70 77 77 77 77 77 70 70 70 58 58 52 52 52 52 52 53 53 53 53 53 53 50 50 49 49 49 54 54 54 58
126 126 121 121 121 118 118 118 116 116 115 115 115 113 113 113 109 109 106 106 106 103 103 101 101 101 100 100 100 96 96 89 89 89 82 82 80 80 80 84 84 84 91 91 94 94 94 91 91 91 82 82 77 77 77 77 77 73 73 73 65 65 65 54 54 51 51 51 54 54 57 57 57 58 58 58 57 57 54 54 54 54 54 54 56
126 126 121 121 121 118 118 118 116 116 115 115 115 113 113 113 109 109 106 106 106 103 103 101 101 101 100 100 100 96 96 89 89 89 82 82 80 80 80 84 84 84 91 91 94 94 94 91 91 91 82 82 77 77 77 77 77 73 73 73 65 65 65 54 54 51 51 51 54 54 57 57 57 58 58 58 57 57 54 54 54 54 54 54 56
126 126 121 121 121 118 118 118 116 116 115 115 115 113 113 113 109 109 106 106 106 103 103 101 101 101 100 100 100 96 96 89 89 89 82 82 80 80 80 84 84 84 91 91 94 94 94 91 91 91 82 82 77 77 77 77 77 73 73 73 65 65 65 54 54 51 51 51 54 54 57 57 57 58 58 58 57 57 54 54 54 54 54 54 56
102 102 99 99 99 100 100 100 103 103 104 104 104 102 102 102 98 98 94 94 94 90 90 87 87 87 84 84 84 77 77 72 72 72 71 71 74 74 74 78 78 78 82 82 84 84 84 85 85 85 78 78 63 63 63 53 53 49 49 49 45 45 45 42 42 44 44 44 48 48 51 51 51 53 53 53 54 54 56 56 56 55 55 55 51
102 102 99 99 99 100 100 100 103 103 104 104 104 102 102 102 98 98 94 94 94 90 90 87 87 87 84 84 84 77 77 72 72 72 71 71 74 74 74 78 78 78 82 82 84 84 84 85 85 85 78 78 63 63 63 53 53 49 49 49 45 45 45 42 42 44 44 44 48 48 51 51 51 53 53 53 54 54 56 56 56 55 55 55 51
104 104 103 103 103 109 109 109 115 115 119 119 119 119 119 119 115 115 112 112 112 106 106 98 98 98 93 93 93 88 88 88 88 88 91 91 97 97 97 102 102 102 105 105 108 108 108 108 108 108 100 100 87 87 87 76 76 69 69 69 65 65 65 66 66 67 67 67 68 68 70 70 70 73 73 73 75 75 77 77 77 79 79 79 81
104 104 103 103 103 109 109 109 115 115 119 119 119 119 119 119 115 115 112 112 112 106 106 98 98 98 93 93 93 88 88 88 88 88 91 91 97 97 97 102 102 102 105 105 108 108 108 108 108 108 100 100 87 87 87 76 76 69 69 69 65 65 65 66 66 67 67 67 68 68 70 70 70 73 73 73 75 75 77 77 77 79 79 79 81
104 104 103 103 103 109 109 109 115 115 119 119 119 119 119 119 115 115 112 112 112 106 106 98 98 98 93 93 93 88 88 88 88 88 91 91 97 97 97 102 102 102 105 105 108 108 108 108 108 108 100 100 87 87 87 76 76 69 69 69 65 65 65 66 66 67 67 67 68 68 70 70 70 73 73 73 75 75 77 77 77 79 79 79 81
102 102 104 104 104 110 110 110 112 112 115 115 115 114 114 114 108 108 106 106 106 104 104 95 95 95 86 86 86 85 85 90 90 90 96 96 100 100 100 103 103 103 106 106 111 111 111 116 116 116 116 116 108 108 108 101 101 95 95 95 103 103 103 127 127 130 130 130 102 102 88 88 88 91 91 91 94 94 109 109 109 138 138 -9999 -9999
102 102 104 104 104 110 110 110 112 112 115 115 115 114 114 114 108 108 106 106 106 104 104 95 95 95 86 86 86 85 85 90 90 90 96 96 100 100 100 103 103 103 106 106 111 111 111 116 116 116 116 116 108 108 108 101 101 95 95 95 103 -9999 -9999 -9999 -9999 -9999 130 130 102 102 88 88 88 91 91 91 94 94 109 -9999 -9999 -9999 -9999 -9999 -9999
102 102 104 104 104 110 110 110 112 112 115 115 115 114 114 114 108 108 106 106 106 104 104 95 95 95 86 86 86 85 85 90 90 90 96 96 100 100 100 103 103 103 106 106 111 111 111 116 116 116 116 116 108 108 108 101 101 95 95 95 -9999 -9999 -9999 -9999 -9999 -9999 -9999 -9999 -9999 102 88 88 88 91 91 91 -9999 -9999 -9999 -9999 -9999 -9999 -9999 -9999 -9999
101 101 104 104 104 108 108 108 108 108 109 109 109 106 106 106 95 95 90 90 90 93 93 90 90 90 85 85 85 85 85 94 94 94 102 102 106 106 106 106 106 106 106 106 110 110 110 118 118 118 125 125 126 126 126 124 124 124 124 124 -9999 -9999 -9999 -9999 -9999 -9999 -9999 -9999 -9999 -9999 -9999 -9999 -9999 -9999 -9999 -9999 -9999 -9999 -9999 -9999 -9999 -9999 -9999 -9999 -9999
101 101 104 104 104 108 108 108 108 108 109 109 109 106 106 106 95 95 90 90 90 93 93 90 90 90 85 85 85 85 85 94 94 94 102 102 106 106 106 106 106 106 106 106 110 110 110 118 118 118 125 125 126 126 126 124 124 124 124 124 -9999 -9999 -9999 -9999 -9999 -9999 -9999 -9999 -9999 -9999 -9999 -9999 -9999 -9999 -9999 -9999 -9999 -9999 -9999 -9999 -9999 -9999 -9999 -9999 -9999
98 98 98 98 98 103 103 103 104 104 98 98 98 93 93 93 85 85 73 73 73 72 72 81 81 81 86 86 86 84 84 86 86 86 94 94 103 103 103 109 109 109 112 112 113 113 113 115 115 115 125 125 137 137 137 143 143 148 148 148 128 -9999 -9999 -9999 -9999 -9999 -9999 -9999 -9999 -9999 -9999 -9999 -9999 -9999 -9999 -9999 -9999 -9999 -9999 -9999 -9999 -9999 -9999 -9999 -9999
98 98 98 98 98 103 103 103 104 104 98 98 98 93 93 93 85 85 73 73 73 72 72 81 81 81 86 86 86 84 84 86 86 86 94 94 103 103 103 109 109 109 112 112 113 113 113 115 115 115 125 125 137 137 137 143 143 148 148 148 128 128 -9999 -9999 -9999 132 -9999 -9999 -9999 -9999 -9999 -9999 -9999 -9999 -9999 -9999 -9999 -9999 -9999 -9999 -9999 -9999 -9999 -9999 -9999
98 98 98 98 98 103 103 103 104 104 98 98 98 93 93 93 85 85 73 73 73 72 72 81 81 81 86 86 86 84 84 86 86 86 94 94 103 103 103 109 109 109 112 112 113 113 113 115 115 115 125 125 137 137 137 143 143 148 148 148 128 128 128 107 107 132 132 -9999 -9999 -9999 -9999 -9999 -9999 -9999 -9999 -9999 -9999 -9999 -9999 -9999 -9999 -9999 -9999 -9999 -9999
82 82 77 77 77 77 77 77 77 77 73 73 73 71 71 71 69 69 59 59 59 51 51 58 58 58 70 70 70 75 75 72 72 72 74 74 84 84 84 96 96 96 103 103 103 103 103 102 102 102 110 110 129 129 129 143 143 148 148 148 133 133 133 103 103 91 91 91 -9999 -9999 -9999 -9999 -9999 -9999 -9999 -9999 -9999 -9999 -9999 -9999 -9999 -9999 -9999 -9999 -9999
82 82 77 77 77 77 77 77 77 77 73 73 73 71 71 71 69 69 59 59 59 51 51 58 58 58 70 70 70 75 75 72 72 72 74 74 84 84 84 96 96 96 103 103 103 103 103 102 102 102 110 110 129 129 129 143 143 148 148 148 133 133 133 103 103 91 91 91 86 86 -9999 -9999 -9999 -9999 -9999 -9999 -9999 -9999 -9999 -9999 -9999 -9999 -9999 -9999 -9999
82 82 77 77 77 77 77 77 77 77 73 73 73 71 71 71 69 69 59 59 59 51 51 58 58 58 70 70 70 75 75 72 72 72 74 74 84 84 84 96 96 96 103 103 103 103 103 102 102 102 110 110 129 129 129 143 143 148 148 148 133 133 133 103 103 91 91 91 86 86 89 89 89 105 105 105 -9999 -9999 -9999 -9999 -9999 -9999 -9999 -9999 -9999
93 93 86 86 86 77 77 77 75 75 82 82 82 87 87 87 85 85 81 81 81 73 73 74 74 74 85 85 85 98 98 106 106 106 103 103 103 103 103 111 111 111 113 113 111 111 111 112 112 112 118 118 133 133 133 147 147 153 153 153 151 151 151 133 133 104 104 104 87 87 78 78 78 75 75 75 75 75 -9999 -9999 -9999 -9999 -9999 -9999 -9999
93 93 86 86 86 77 77 77 75 75 82 82 82 87 87 87 85 85 81 81 81 73 73 74 74 74 85 85 85 98 98 106 106 106 103 103 103 103 103 111 111 111 113 113 111 111 111 112 112 112 118 118 133 133 133 147 147 153 153 153 151 151 151 133 133 104 104 104 87 87 78 78 78 75 75 75 75 75 80 80 -9999 -9999 -9999 -9999 -9999
80 80 78 78 78 74 74 74 70 70 75 75 75 81 81 81 81 81 83 83 83 83 83 85 85 85 93 93 93 102 102 114 114 114 121 121 113 113 113 104 104 104 98 98 96 96 96 103 103 103 111 111 118 118 118 125 125 132 132 132 134 134 134 129 129 126 126 126 120 120 102 102 102 77 77 77 65 65 61 61 61 59 59 59 -9999
