SEB_model/sample_data_files/contemp/hillshade/junenoon.txt
ncols         313
nrows         278
xllcorner     388961.19995117
yllcorner     7584381.3441773
cellsize      5
NODATA_value  -9999
[rows 76 to 113 of 278, columns 85 to 169 of 313]
-9999 -9999 -9999 -9999 -9999 -9999 -9999 -9999 -9999 -9999 -9999 -9999 -9999 -9999 -9999 -9999 -9999 -9999 -9999 -9999 -9999 -9999 -9999 -9999 -9999 -9999 -9999 -9999 -9999 -9999 -9999 -9999 -9999 133 133 125 125 125 115 115 120 120 120 142 142 142 152 152 150 150 150 141 141 135 135 135 134 134 134 132 132 131 131 131 128 128 128 127 127 128 128 128 128 128 129 129 129 130 130 130 132 132 141 141 141
-9999 -9999 -9999 -9999 -9999 -9999 -9999 -9999 -9999 -9999 -9999 -9999 -9999 -9999 -9999 -9999 -9999 -9999 -9999 -9999 -9999 -9999 -9999 -9999 -9999 -9999 -9999 -9999 -9999 -9999 -9999 -9999 -9999 133 133 125 125 125 115 115 120 120 120 142 142 142 152 152 150 150 150 141 141 135 135 135 134 134 134 132 132 131 131 131 128 128 128 127 127 128 128 128 128 128 129 129 129 130 130 130 132 132 141 141 141
-9999 -9999 -9999 -9999 -9999 -9999 -9999 -9999 -9999 -9999 -9999 -9999 -9999 -9999 -9999 -9999 -9999 -9999 -9999 -9999 -9999 -9999 -9999 -9999 -9999 -9999 -9999 -9999 -9999 -9999 -9999 -9999 -9999 133 133 125 125 125 115 115 120 120 120 142 142 142 152 152 150 150 150 141 141 135 135 135 134 134 134 132 132 131 131 131 128 128 128 127 127 128 128 128 128 128 129 129 129 130 130 130 132 132 141 141 141
-9999 -9999 -9999 -9999 -9999 -9999 -9999 -9999 -9999 -9999 -9999 -9999 -9999 -9999 -9999 -9999 -9999 -9999 -9999 -9999 -9999 -9999 -9999 -9999 -9999 -9999 -9999 -9999 -9999 -9999 -9999 127 124 124 124 119 119 119 113 113 106 106 106 106 106 106 113 113 121 121 121 117 117 111 111 111 109 109 109 107 107 110 110 110 113 113 113 114 114 116 116 116 116 116 115 115 115 115 115 115 119 119 127 127 127
-9999 -9999 -9999 -9999 -9999 -9999 -9999 -9999 -9999 -9999 -9999 -9999 -9999 -9999 -9999 -9999 -9999 -9999 -9999 -9999 -9999 -9999 -9999 -9999 -9999 -9999 -9999 -9999 -9999 -9999 -9999 127 124 124 124 119 119 119 113 113 106 106 106 106 106 106 113 113 121 121 121 117 117 111 111 111 109 109 109 107 107 110 110 110 113 113 113 114 114 116 116 116 116 116 115 115 115 115 115 115 119 119 127 127 127
-9999 -9999 -9999 -9999 -9999 -9999 -9999 -9999 -9999 -9999 -9999 -9999 -9999 -9999 -9999 -9999 -9999 -9999 -9999 -9999 -9999 -9999 -9999 -9999 -9999 -9999 -9999 -9999 -9999 -9999 -9999 127 124 124 124 119 119 119 113 113 106 106 106 106 106 106 113 113 121 121 121 117 117 111 111 111 109 109 109 107 107 110 110 110 113 113 113 114 114 116 116 116 116 116 115 115 115 115 115 115 119 119 127 127 127
-9999 -9999 -9999 -9999 -9999 -9999 -9999 -9999 -9999 -9999 -9999 -9999 -9999 -9999 -9999 -9999 -9999 -9999 -9999 -9999 -9999 -9999 -9999 -9999 -9999 -9999 109 93 93 93 82 82 79 79 79 75 75 75 70 70 61 61 61 54 54 54 52 52 60 60 60 69 69 73 73 73 75 75 75 82 82 93 93 93 99 99 99 99 99 97 97 97 93 93 88 88 88 87 87 87 90 90 97 97 97
-9999 -9999 -9999 -9999 -9999 -9999 -9999 -9999 -9999 -9999 -9999 -9999 -9999 -9999 -9999 -9999 -9999 -9999 -9999 -9999 -9999 -9999 -9999 -9999 -9999 -9999 109 93 93 93 82 82 79 79 79 75 75 75 70 70 61 61 61 54 54 54 52 52 60 60 60 69 69 73 73 73 75 75 75 82 82 93 93 93 99 99 99 99 99 97 97 97 93 93 88 88 88 87 87 87 90 90 97 97 97
-9999 -9999 -9999 -9999 -9999 -9999 -9999 -9999 -9999 -9999 -9999 -9999 -9999 -9999 -9999 -9999 -9999 -9999 -9999 -9999 -9999 -9999 -9999 -9999 -9999 -9999 -9999 109 109 109 85 85 67 67 67 57 57 57 50 50 49 49 49 46 46 46 40 40 42 42 42 54 54 70 70 70 84 84 84 97 97 110 110 110 115 115 115 112 112 108 108 108 102 102 98 98 98 97 97 97 95 95 96 96 96
-9999 -9999 -9999 -9999 -9999 -9999 -9999 -9999 -9999 -9999 -9999 -9999 -9999 -9999 -9999 -9999 -9999 -9999 -9999 -9999 -9999 -9999 -9999 -9999 -9999 -9999 -9999 109 109 109 85 85 67 67 67 57 57 57 50 50 49 49 49 46 46 46 40 40 42 42 42 54 54 70 70 70 84 84 84 97 97 110 110 110 115 115 115 112 112 108 108 108 102 102 98 98 98 97 97 97 95 95 96 96 96
-9999 -9999 -9999 -9999 -9999 -9999 -9999 -9999 -9999 -9999 -9999 -9999 -9999 -9999 -9999 -9999 -9999 -9999 -9999 -9999 -9999 -9999 -9999 -9999 -9999 -9999 115 109 109 109 85 85 67 67 67 57 57 57 50 50 49 49 49 46 46 46 40 40 42 42 42 54 54 70 70 70 84 84 84 97 97 110 110 110 115 115 115 112 112 108 108 108 102 102 98 98 98 97 97 97 95 95 96 96 96
-9999 -9999 -9999 -9999 -9999 -9999 -9999 -9999 -9999 -9999 -9999 -9999 -9999 -9999 -9999 -9999 -9999 -9999 -9999 -9999 -9999 -9999 -9999 -9999 -9999 -9999 107 111 111 111 104 104 85 85 85 72 72 72 67 67 72 72 72 76 76 76 68 68 64 64 64 63 63 74 74 74 92 92 92 105 105 114 114 114 116 116 116 112 112 109 109 109 108 108 109 109 109 109 109 109 104 104 102 102 102
-9999 -9999 -9999 -9999 -9999 -9999 -9999 -9999 -9999 -9999 -9999 -9999 -9999 -9999 -9999 -9999 -9999 -9999 -9999 -9999 -9999 -9999 -9999 -9999 -9999 -9999 107 111 111 111 104 104 85 85 85 72 72 72 67 67 72 72 72 76 76 76 68 68 64 64 64 63 63 74 74 74 92 92 92 105 105 114 114 114 116 116 116 112 112 109 109 109 108 108 109 109 109 109 109 109 104 104 102 102 102
-9999 -9999 -9999 -9999 -9999 -9999 -9999 -9999 -9999 -9999 -9999 -9999 -9999 -9999 -9999 -9999 -9999 -9999 -9999 -9999 -9999 -9999 -9999 -9999 -9999 -9999 107 111 111 111 104 104 85 85 85 72 72 72 67 67 72 72 72 76 76 76 68 68 64 64 64 63 63 74 74 74 92 92 92 105 105 114 114 114 116 116 116 112 112 109 109 109 108 108 109 109 109 109 109 109 104 104 102 102 102
-9999 -9999 -9999 -9999 -9999 -9999 -9999 -9999 -9999 -9999 -9999 -9999 -9999 -9999 -9999 -9999 -9999 -9999 -9999 -9999 -9999 -9999 -9999 -9999 -9999 -9999 98 88 88 88 87 87 81 81 81 74 74 74 72 72 82 82 82 93 93 93 91 91 90 90 90 89 89 91 91 91 98 98 98 102 102 106 106 106 109 109 109 110 110 111 111 111 114 114 118 118 118 122 122 122 122 122 123 123 123
-9999 -9999 -9999 -9999 -9999 -9999 -9999 -9999 -9999 -9999 -9999 -9999 -9999 -9999 -9999 -9999 -9999 -9999 -9999 -9999 -9999 -9999 -9999 -9999 -9999 -9999 98 88 88 88 87 87 81 81 81 74 74 74 72 72 82 82 82 93 93 93 91 91 90 90 90 89 89 91 91 91 98 98 98 102 102 106 106 106 109 109 109 110 110 111 111 111 114 114 118 118 118 122 122 122 122 122 123 123 123
-9999 -9999 -9999 -9999 -9999 -9999 -9999 -9999 -9999 -9999 -9999 -9999 -9999 -9999 -9999 -9999 -9999 -9999 -9999 -9999 -9999 -9999 -9999 -9999 -9999 -9999 -9999 140 140 140 130 130 96 96 96 78 78 78 73 73 71 71 71 75 75 75 82 82 92 92 92 94 94 93 93 93 93 93 93 87 87 85 85 85 91 91 91 102 102 107 107 107 111 111 118 118 118 125 125 125 128 128 129 129 129
-9999 -9999 -9999 -9999 -9999 -9999 -9999 -9999 -9999 -9999 -9999 -9999 -9999 -9999 -9999 -9999 -9999 -9999 -9999 -9999 -9999 -9999 -9999 -9999 -9999 -9999 -9999 -9999 -9999 140 130 130 96 96 96 78 78 78 73 73 71 71 71 75 75 75 82 82 92 92 92 94 94 93 93 93 93 93 93 87 87 85 85 85 91 91 91 102 102 107 107 107 111 111 118 118 118 125 125 125 128 128 129 129 129
-9999 -9999 -9999 -9999 -9999 -9999 -9999 -9999 -9999 -9999 -9999 -9999 -9999 -9999 -9999 -9999 -9999 -9999 -9999 105 105 105 110 110 110 124 124 140 140 140 130 130 96 96 96 78 78 78 73 73 71 71 71 75 75 75 82 82 92 92 92 94 94 93 93 93 93 93 93 87 87 85 85 85 91 91 91 102 102 107 107 107 111 111 118 118 118 125 125 125 128 128 129 129 129
-9999 -9999 -9999 -9999 -9999 -9999 -9999 -9999 -9999 -9999 -9999 -9999 -9999 -9999 -9999 -9999 -9999 -9999 -9999 94 94 94 80 80 80 80 80 93 93 93 95 95 83 83 83 73 73 73 69 69 69 69 69 67 67 67 64 64 66 66 66 64 64 66 66 66 71 71 71 71 71 65 65 65 61 61 61 71 71 87 87 87 99 99 104 104 104 107 107 107 106 106 105 105 105
-9999 -9999 -9999 -9999 -9999 -9999 -9999 -9999 -9999 -9999 -9999 -9999 -9999 -9999 -9999 -9999 -9999 -9999 -9999 -9999 94 94 80 80 80 80 80 93 93 93 95 95 83 83 83 73 73 73 69 69 69 69 69 67 67 67 64 64 66 66 66 64 64 66 66 66 71 71 71 71 71 65 65 65 61 61 61 71 71 87 87 87 99 99 104 104 104 107 107 107 106 106 105 105 105
-9999 -9999 -9999 -9999 -9999 -9999 -9999 -9999 -9999 -9999 -9999 -9999 -9999 -9999 57 57 57 51 51 57 57 57 61 61 61 62 62 60 60 60 65 65 76 76 76 75 75 75 72 72 78 78 78 83 83 83 76 76 76 76 76 78 78 82 82 82 88 88 88 93 93 93 93 93 83 83 83 81 81 101 101 101 119 119 121 121 121 117 117 117 112 112 107 107 107
-9999 -9999 -9999 -9999 -9999 -9999 -9999 -9999 -9999 -9999 -9999 -9999 -9999 70 57 57 57 51 51 57 57 57 61 61 61 62 62 60 60 60 65 65 76 76 76 75 75 75 72 72 78 78 78 83 83 83 76 76 76 76 76 78 78 82 82 82 88 88 88 93 93 93 93 93 83 83 83 81 81 101 101 101 119 119 121 121 121 117 117 117 112 112 107 107 107
-9999 -9999 -9999 -9999 -9999 -9999 -9999 -9999 -9999 -9999 -9999 72 70 70 57 57 57 51 51 57 57 57 61 61 61 62 62 60 60 60 65 65 76 76 76 75 75 75 72 72 78 78 78 83 83 83 76 76 76 76 76 78 78 82 82 82 88 88 88 93 93 93 93 93 83 83 83 81 81 101 101 101 119 119 121 121 121 117 117 117 112 112 107 107 107
-9999 -9999 -9999 -9999 -9999 -9999 -9999 -9999 -9999 -9999 56 56 42 42 35 35 35 36 36 48 48 48 68 68 68 79 79 85 85 85 89 89 83 83 83 72 72 72 63 63 61 61 61 62 62 62 61 61 69 69 69 79 79 88 88 88 91 91 91 89 89 89 89 89 88 88 88 90 90 99 99 99 105 105 107 107 107 106 106 106 104 104 102 102 102
-9999 -9999 -9999 -9999 -9999 -9999 -9999 -9999 -9999 56 56 56 42 42 35 35 35 36 36 48 48 48 68 68 68 79 79 85 85 85 89 89 83 83 83 72 72 72 63 63 61 61 61 62 62 62 61 61 69 69 69 79 79 88 88 88 91 91 91 89 89 89 89 89 88 88 88 90 90 99 99 99 105 105 107 107 107 106 106 106 104 104 102 102 102
-9999 -9999 -9999 -9999 -9999 -9999 -9999 -9999 60 56 56 56 42 42 35 35 35 36 36 48 48 48 68 68 68 79 79 85 85 85 89 89 83 83 83 72 72 72 63 63 61 61 61 62 62 62 61 61 69 69 69 79 79 88 88 88 91 91 91 89 89 89 89 89 88 88 88 90 90 99 99 99 105 105 107 107 107 106 106 106 104 104 102 102 102
-9999 -9999 -9999 -9999 -9999 -9999 -9999 -9999 57 55 55 55 50 50 58 58 58 68 68 70 70 70 70 70 70 73 73 80 80 80 85 85 84 84 84 75 75 75 63 63 57 57 57 58 58 58 61 61 68 68 68 78 78 88 88 88 91 91 91 84 84 79 79 79 86 86 86 99 99 101 101 101 92 92 92 92 92 98 98 98 100 100 101 101 101
-9999 -9999 -9999 -9999 -9999 -9999 -9999 -9999 -9999 -9999 55 55 50 50 58 58 58 68 68 70 70 70 70 70 70 73 73 80 80 80 85 85 84 84 84 75 75 75 63 63 57 57 57 58 58 58 61 61 68 68 68 78 78 88 88 88 91 91 91 84 84 79 79 79 86 86 86 99 99 101 101 101 92 92 92 92 92 98 98 98 100 100 101 101 101
-9999 -9999 -9999 -9999 -9999 -9999 -9999 -9999 -9999 -9999 71 71 87 87 77 77 77 65 65 63 63 63 63 63 63 67 67 76 76 76 80 80 82 82 82 77 77 77 63 63 55 55 55 58 58 58 71 71 86 86 86 87 87 80 80 80 73 73 73 73 73 91 91 91 108 108 108 108 108 103 103 103 91 91 85 85 85 91 91 91 98 98 100 100 100
-9999 -9999 -9999 -9999 -9999 -9999 -9999 -9999 -9999 -9999 -9999 71 87 87 77 77 77 65 65 63 63 63 63 63 63 67 67 76 76 76 80 80 82 82 82 77 77 77 63 63 55 55 55 58 58 58 71 71 86 86 86 87 87 80 80 80 73 73 73 73 73 91 91 91 108 108 108 108 108 103 103 103 91 91 85 85 85 91 91 91 98 98 100 100 100
-9999 -9999 -9999 -9999 -9999 -9999 -9999 -9999 -9999 -9999 -9999 -9999 87 87 -9999 -9999 77 65 65 63 63 63 63 63 63 67 67 76 76 76 80 80 82 82 82 77 77 77 63 63 55 55 55 58 58 58 71 71 86 86 86 87 87 80 80 80 73 73 73 73 73 91 91 91 108 108 108 108 108 103 103 103 91 91 85 85 85 91 91 91 98 98 100 100 100
-9999 -9999 -9999 -9999 -9999 -9999 -9999 -9999 -9999 -9999 -9999 -9999 89 89 -9999 -9999 -9999 86 86 64 64 64 55 55 55 59 59 67 67 67 69 69 68 68 68 64 64 64 53 53 47 47 47 44 44 44 53 53 74 74 74 73 73 53 53 53 45 45 45 65 65 100 100 100 110 110 110 98 98 89 89 89 81 81 76 76 76 74 74 74 77 77 83 83 83
-9999 -9999 -9999 -9999 -9999 -9999 -9999 -9999 -9999 -9999 -9999 -9999 -9999 -9999 -9999 -9999 -9999 86 86 64 64 64 55 55 55 59 59 67 67 67 69 69 68 68 68 64 64 64 53 53 47 47 47 44 44 44 53 53 74 74 74 73 73 53 53 53 45 45 45 65 65 100 100 100 110 110 110 98 98 89 89 89 81 81 76 76 76 74 74 74 77 77 83 83 83
-9999 -9999 -9999 -9999 -9999 -9999 -9999 -9999 -9999 -9999 -9999 -9999 -9999 -9999 -9999 -9999 -9999 -9999 86 64 64 64 55 55 55 59 59 67 67 67 69 69 68 68 68 64 64 64 53 53 47 47 47 44 44 44 53 53 74 74 74 73 73 53 53 53 45 45 45 65 65 100 100 100 110 110 110 98 98 89 89 89 81 81 76 76 76 74 74 74 77 77 83 83 83
-9999 -9999 -9999 -9999 -9999 -9999 -9999 -9999 -9999 -9999 -9999 -9999 -9999 -9999 -9999 -9999 -9999 -9999 93 77 77 77 68 68 68 70 70 74 74 74 74 74 71 71 71 68 68 68 66 66 73 73 73 75 75 75 67 67 72 72 72 76 76 68 68 68 76 76 76 101 101 119 119 119 114 114 114 104 104 99 99 99 98 98 98 98 98 95 95 95 92 92 93 93 93
-9999 -9999 -9999 -9999 -9999 -9999 -9999 -9999 -9999 -9999 -9999 -9999 -9999 -9999 -9999 -9999 -9999 -9999 -9999 77 77 77 68 68 68 70 70 74 74 74 74 74 71 71 71 68 68 68 66 66 73 73 73 75 75 75 67 67 72 72 72 76 76 68 68 68 76 76 76 101 101 119 119 119 114 114 114 104 104 99 99 99 98 98 98 98 98 95 95 95 92 92 93 93 93
-9999 -9999 -9999 -9999 -9999 -9999 -9999 -9999 -9999 -9999 -9999 -9999 -9999 -9999 -9999 -9999 -9999 -9999 -9999 -9999 100 100 102 102 102 82 82 72 72 72 69 69 66 66 66 68 68 68 69 69 78 78 78 87 87 87 72 72 48 48 48 0 0 70 70 70 81 81 81 68 68 64 64 64 67 67 67 66 66 67 67 67 73 73 78 78 78 81 81 81 84 84 83 83 83
