SEB_model/sample_data_files/contemp/hillshade/marnoon.txt
ncols         313
nrows         278
xllcorner     388961.19995117
yllcorner     7584381.3441773
cellsize      5
NODATA_value  -9999
[rows 200 to 239 of 278, columns 0 to 90 of 313]
-9999 -9999 -9999 -9999 -9999 -9999 -9999 -9999 -9999 -9999 -9999 -9999 -9999 -9999 -9999 -9999 109 109 84 84 84 71 71 79 79 79 97 97 97 108 108 103 103 103 91 91 92 92 92 97 97 97 98 98 97 97 97 94 94 91 91 91 93 93 93 95 95 91 91 91 85 85 85 77 77 70 70 70 73 73 78 78 78 69 69 69 56 56 48 48 48 38 38 28 28 28 26 26 26 38 38
-9999 -9999 -9999 -9999 -9999 -9999 -9999 -9999 -9999 -9999 -9999 -9999 -9999 -9999 -9999 -9999 -9999 109 84 84 84 71 71 79 79 79 97 97 97 108 108 103 103 103 91 91 92 92 92 97 97 97 98 98 97 97 97 94 94 91 91 91 93 93 93 95 95 91 91 91 85 85 85 77 77 70 70 70 73 73 78 78 78 69 69 69 56 56 48 48 48 38 38 28 28 28 26 26 26 38 38
-9999 -9999 -9999 -9999 -9999 -9999 -9999 -9999 -9999 -9999 -9999 -9999 -9999 -9999 -9999 -9999 -9999 81 80 80 80 77 77 82 82 82 90 90 90 95 95 98 98 98 95 95 93 93 93 96 96 96 95 95 93 93 93 89 89 87 87 87 90 90 90 90 90 85 85 85 83 83 83 82 82 87 87 87 80 80 59 59 59 45 45 45 39 39 35 35 35 30 30 31 31 31 47 47 47 61 61
-9999 -9999 -9999 -9999 -9999 -9999 -9999 -9999 -9999 -9999 -9999 -9999 -9999 -9999 -9999 -9999 -9999 81 80 80 80 77 77 82 82 82 90 90 90 95 95 98 98 98 95 95 93 93 93 96 96 96 95 95 93 93 93 89 89 87 87 87 90 90 90 90 90 85 85 85 83 83 83 82 82 87 87 87 80 80 59 59 59 45 45 45 39 39 35 35 35 30 30 31 31 31 47 47 47 61 61
-9999 -9999 -9999 -9999 -9999 -9999 -9999 -9999 -9999 -9999 -9999 -9999 -9999 -9999 -9999 -9999 -9999 81 80 80 80 77 77 82 82 82 90 90 90 95 95 98 98 98 95 95 93 93 93 96 96 96 95 95 93 93 93 89 89 87 87 87 90 90 90 90 90 85 85 85 83 83 83 82 82 87 87 87 80 80 59 59 59 45 45 45 39 39 35 35 35 30 30 31 31 31 47 47 47 61 61
-9999 -9999 -9999 -9999 -9999 -9999 -9999 -9999 -9999 -9999 -9999 -9999 -9999 -9999 -9999 -9999 -9999 91 90 90 90 85 85 84 84 84 84 84 84 92 92 104 104 104 102 102 90 90 90 87 87 87 89 89 89 89 89 87 87 83 83 83 78 78 78 74 74 74 74 74 76 76 76 85 85 97 97 97 82 82 53 53 53 42 42 42 39 39 32 32 32 32 32 44 44 44 59 59 59 64 64
-9999 -9999 -9999 -9999 -9999 -9999 -9999 -9999 -9999 -9999 -9999 -9999 -9999 -9999 -9999 -9999 91 91 90 90 90 85 85 84 84 84 84 84 84 92 92 104 104 104 102 102 90 90 90 87 87 87 89 89 89 89 89 87 87 83 83 83 78 78 78 74 74 74 74 74 76 76 76 85 85 97 97 97 82 82 53 53 53 42 42 42 39 39 32 32 32 32 32 44 44 44 59 59 59 64 64
-9999 -9999 -9999 -9999 -9999 -9999 -9999 -9999 -9999 -9999 -9999 -9999 -9999 -9999 -9999 -9999 98 98 98 98 98 91 91 85 85 85 81 81 81 85 85 96 96 96 99 99 87 87 87 80 80 80 82 82 86 86 86 88 88 83 83 83 74 74 74 65 65 62 62 62 72 72 72 85 85 82 82 82 62 62 54 54 54 56 56 56 51 51 46 46 46 59 59 75 75 75 72 72 72 67 67
-9999 -9999 -9999 -9999 -9999 -9999 -9999 -9999 -9999 -9999 -9999 -9999 -9999 -9999 -9999 98 98 98 98 98 98 91 91 85 85 85 81 81 81 85 85 96 96 96 99 99 87 87 87 80 80 80 82 82 86 86 86 88 88 83 83 83 74 74 74 65 65 62 62 62 72 72 72 85 85 82 82 82 62 62 54 54 54 56 56 56 51 51 46 46 46 59 59 75 75 75 72 72 72 67 67
-9999 -9999 -9999 -9999 -9999 -9999 -9999 -9999 -9999 -9999 -9999 -9999 -9999 -9999 96 98 98 98 98 98 98 91 91 85 85 85 81 81 81 85 85 96 96 96 99 99 87 87 87 80 80 80 82 82 86 86 86 88 88 83 83 83 74 74 74 65 65 62 62 62 72 72 72 85 85 82 82 82 62 62 54 54 54 56 56 56 51 51 46 46 46 59 59 75 75 75 72 72 72 67 67
-9999 -9999 -9999 -9999 -9999 -9999 -9999 -9999 -9999 -9999 -9999 -9999 89 68 68 68 68 68 89 89 89 92 92 85 85 85 81 81 81 82 82 88 88 88 96 96 93 93 93 88 88 88 85 85 84 84 84 83 83 82 82 82 79 79 79 73 73 71 71 71 78 78 78 77 77 62 62 62 58 58 64 64 64 60 60 60 55 55 68 68 68 83 83 86 86 86 83 83 83 72 72
-9999 -9999 -9999 -9999 -9999 -9999 -9999 -9999 -9999 -9999 89 89 89 68 68 68 68 68 89 89 89 92 92 85 85 85 81 81 81 82 82 88 88 88 96 96 93 93 93 88 88 88 85 85 84 84 84 83 83 82 82 82 79 79 79 73 73 71 71 71 78 78 78 77 77 62 62 62 58 58 64 64 64 60 60 60 55 55 68 68 68 83 83 86 86 86 83 83 83 72 72
-9999 -9999 -9999 -9999 -9999 -9999 -9999 -9999 98 98 89 89 89 68 68 68 68 68 89 89 89 92 92 85 85 85 81 81 81 82 82 88 88 88 96 96 93 93 93 88 88 88 85 85 84 84 84 83 83 82 82 82 79 79 79 73 73 71 71 71 78 78 78 77 77 62 62 62 58 58 64 64 64 60 60 60 55 55 68 68 68 83 83 86 86 86 83 83 83 72 72
-9999 -9999 -9999 -9999 -9999 89 89 89 66 66 55 55 55 56 56 67 67 67 86 86 86 90 90 83 83 83 79 79 79 78 78 82 82 82 90 90 92 92 92 87 87 87 82 82 79 79 79 78 78 80 80 80 81 81 81 86 86 95 95 95 90 90 90 70 70 55 55 55 56 56 58 58 58 56 56 56 64 64 79 79 79 85 85 81 81 81 79 79 79 67 67
-9999 -9999 -9999 98 98 89 89 89 66 66 55 55 55 56 56 67 67 67 86 86 86 90 90 83 83 83 79 79 79 78 78 82 82 82 90 90 92 92 92 87 87 87 82 82 79 79 79 78 78 80 80 80 81 81 81 86 86 95 95 95 90 90 90 70 70 55 55 55 56 56 58 58 58 56 56 56 64 64 79 79 79 85 85 81 81 81 79 79 79 67 67
-9999 -9999 68 68 68 59 59 59 59 59 71 71 71 94 94 104 104 104 100 100 100 92 92 85 85 85 80 80 80 78 78 77 77 77 83 83 88 88 88 85 85 85 80 80 78 78 78 75 75 76 76 76 87 87 87 103 103 111 111 111 97 97 97 71 71 59 59 59 48 48 0 0 0 38 38 38 64 64 76 76 76 75 75 73 73 73 65 65 65 55 55
-9999 88 68 68 68 59 59 59 59 59 71 71 71 94 94 104 104 104 100 100 100 92 92 85 85 85 80 80 80 78 78 77 77 77 83 83 88 88 88 85 85 85 80 80 78 78 78 75 75 76 76 76 87 87 87 103 103 111 111 111 97 97 97 71 71 59 59 59 48 48 0 0 0 38 38 38 64 64 76 76 76 75 75 73 73 73 65 65 65 55 55
-9999 88 68 68 68 59 59 59 59 59 71 71 71 94 94 104 104 104 100 100 100 92 92 85 85 85 80 80 80 78 78 77 77 77 83 83 88 88 88 85 85 85 80 80 78 78 78 75 75 76 76 76 87 87 87 103 103 111 111 111 97 97 97 71 71 59 59 59 48 48 0 0 0 38 38 38 64 64 76 76 76 75 75 73 73 73 65 65 65 55 55
88 88 67 67 67 71 71 71 100 100 114 114 114 112 112 110 110 110 108 108 108 102 102 94 94 94 87 87 87 81 81 76 76 76 77 77 85 85 85 84 84 84 77 77 78 78 78 85 85 95 95 95 105 105 105 109 109 102 102 102 83 83 83 66 66 56 56 56 54 54 58 58 58 56 56 56 47 47 51 51 51 63 63 63 63 63 53 53 53 0 0
88 88 67 67 67 71 71 71 100 100 114 114 114 112 112 110 110 110 108 108 108 102 102 94 94 94 87 87 87 81 81 76 76 76 77 77 85 85 85 84 84 84 77 77 78 78 78 85 85 95 95 95 105 105 105 109 109 102 102 102 83 83 83 66 66 56 56 56 54 54 58 58 58 56 56 56 47 47 51 51 51 63 63 63 63 63 53 53 53 0 0
93 93 92 92 92 95 95 95 106 106 113 113 113 113 113 110 110 110 110 110 110 108 108 101 101 101 92 92 92 83 83 75 75 75 70 70 72 72 72 75 75 75 75 75 82 82 82 95 95 105 105 105 107 107 107 96 96 78 78 78 67 67 67 64 64 60 60 60 72 72 97 97 97 93 93 93 59 59 37 37 37 35 35 0 0 0 0 0 0 0 0
93 93 92 92 92 95 95 95 106 106 113 113 113 113 113 110 110 110 110 110 110 108 108 101 101 101 92 92 92 83 83 75 75 75 70 70 72 72 72 75 75 75 75 75 82 82 82 95 95 105 105 105 107 107 107 96 96 78 78 78 67 67 67 64 64 60 60 60 72 72 97 97 97 93 93 93 59 59 37 37 37 35 35 0 0 0 0 0 0 0 0
-9999 93 92 92 92 95 95 95 106 106 113 113 113 113 113 110 110 110 110 110 110 108 108 101 101 101 92 92 92 83 83 75 75 75 70 70 72 72 72 75 75 75 75 75 82 82 82 95 95 105 105 105 107 107 107 96 96 78 78 78 67 67 67 64 64 60 60 60 72 72 97 97 97 93 93 93 59 59 37 37 37 35 35 0 0 0 0 0 0 0 0
-9999 98 108 108 108 98 98 98 96 96 111 111 111 118 118 114 114 114 109 109 109 108 108 103 103 103 94 94 94 85 85 76 76 76 67 67 62 62 62 68 68 68 80 80 87 87 87 89 89 91 91 91 89 89 89 79 79 70 70 70 63 63 63 66 66 81 81 81 90 90 85 85 85 86 86 86 82 82 51 51 51 14 14 0 0 0 0 0 0 0 0
-9999 -9999 108 108 108 98 98 98 96 96 111 111 111 118 118 114 114 114 109 109 109 108 108 103 103 103 94 94 94 85 85 76 76 76 67 67 62 62 62 68 68 68 80 80 87 87 87 89 89 91 91 91 89 89 89 79 79 70 70 70 63 63 63 66 66 81 81 81 90 90 85 85 85 86 86 86 82 82 51 51 51 14 14 0 0 0 0 0 0 0 0
-9999 -9999 -9999 108 108 98 98 98 96 96 111 111 111 118 118 114 114 114 109 109 109 108 108 103 103 103 94 94 94 85 85 76 76 76 67 67 62 62 62 68 68 68 80 80 87 87 87 89 89 91 91 91 89 89 89 79 79 70 70 70 63 63 63 66 66 81 81 81 90 90 85 85 85 86 86 86 82 82 51 51 51 14 14 0 0 0 0 0 0 0 0
-9999 -9999 -9999 -9999 120 123 123 123 103 103 103 103 103 117 117 116 116 116 105 105 105 98 98 95 95 95 88 88 88 81 81 74 74 74 66 66 61 61 61 65 65 65 76 76 82 82 82 81 81 77 77 77 74 74 74 71 71 69 69 69 69 69 69 77 77 91 91 91 91 91 79 79 79 76 76 76 78 78 67 67 67 43 43 11 11 11 0 0 0 0 0
-9999 -9999 -9999 -9999 -9999 123 123 123 103 103 103 103 103 117 117 116 116 116 105 105 105 98 98 95 95 95 88 88 88 81 81 74 74 74 66 66 61 61 61 65 65 65 76 76 82 82 82 81 81 77 77 77 74 74 74 71 71 69 69 69 69 69 69 77 77 91 91 91 91 91 79 79 79 76 76 76 78 78 67 67 67 43 43 11 11 11 0 0 0 0 0
-9999 -9999 -9999 -9999 -9999 116 116 116 104 104 91 91 91 99 99 106 106 106 102 102 102 93 93 88 88 88 86 86 86 81 81 77 77 77 74 74 71 71 71 68 68 68 70 70 75 75 75 73 73 63 63 63 58 58 58 62 62 70 70 70 82 82 82 92 92 86 86 86 77 77 74 74 74 66 66 66 63 63 70 70 70 71 71 63 63 63 63 63 63 57 57
-9999 -9999 -9999 -9999 -9999 116 116 116 104 104 91 91 91 99 99 106 106 106 102 102 102 93 93 88 88 88 86 86 86 81 81 77 77 77 74 74 71 71 71 68 68 68 70 70 75 75 75 73 73 63 63 63 58 58 58 62 62 70 70 70 82 82 82 92 92 86 86 86 77 77 74 74 74 66 66 66 63 63 70 70 70 71 71 63 63 63 63 63 63 57 57
-9999 -9999 -9999 -9999 -9999 116 116 116 104 104 91 91 91 99 99 106 106 106 102 102 102 93 93 88 88 88 86 86 86 -9999 -9999 -9999 -9999 -9999 74 74 71 71 71 68 68 68 70 70 75 75 75 73 73 63 63 63 58 58 58 62 62 70 70 70 82 82 82 92 92 86 86 86 77 77 74 74 74 66 66 66 63 63 70 70 70 71 71 63 63 63 63 63 63 57 57
-9999 -9999 -9999 -9999 -9999 -9999 98 98 94 94 85 85 85 83 83 88 88 88 95 95 95 106 106 127 -9999 -9999 -9999 -9999 -9999 -9999 -9999 -9999 -9999 -9999 -9999 -9999 -9999 132 132 128 128 128 110 110 80 80 80 62 62 56 56 56 51 51 51 57 57 76 76 76 93 93 93 95 95 85 85 85 74 74 65 65 65 61 61 61 60 60 60 60 60 63 63 77 77 77 90 90 90 83 83
-9999 -9999 -9999 -9999 -9999 -9999 98 98 94 94 85 85 85 83 83 88 88 88 95 95 95 -9999 -9999 -9999 -9999 -9999 -9999 -9999 -9999 -9999 -9999 -9999 -9999 -9999 -9999 -9999 -9999 -9999 -9999 -9999 -9999 128 110 110 80 80 80 62 62 56 56 56 51 51 51 57 57 76 76 76 93 93 93 95 95 85 85 85 74 74 65 65 65 61 61 61 60 60 60 60 60 63 63 77 77 77 90 90 90 83 83
-9999 -9999 -9999 -9999 -9999 -9999 -9999 114 130 130 131 131 131 116 116 103 103 103 121 -9999 -9999 -9999 -9999 -9999 -9999 -9999 -9999 -9999 -9999 -9999 -9999 -9999 -9999 -9999 -9999 -9999 -9999 -9999 -9999 -9999 -9999 140 120 120 82 82 82 56 56 53 53 53 55 55 55 62 62 74 74 74 85 85 85 88 88 86 86 86 81 81 76 76 76 73 73 73 66 66 57 57 57 68 68 95 95 95 94 94 94 75 75
-9999 -9999 -9999 -9999 -9999 -9999 -9999 -9999 -9999 -9999 -9999 -9999 -9999 116 116 103 103 -9999 -9999 -9999 -9999 -9999 -9999 -9999 -9999 -9999 -9999 -9999 -9999 -9999 -9999 -9999 -9999 -9999 -9999 -9999 -9999 -9999 -9999 -9999 -9999 140 120 120 82 82 82 56 56 53 53 53 55 55 55 62 62 74 74 74 85 85 85 88 88 86 86 86 81 81 76 76 76 73 73 73 66 66 57 57 57 68 68 95 95 95 94 94 94 75 75
-9999 -9999 -9999 -9999 -9999 -9999 -9999 -9999 -9999 -9999 -9999 -9999 -9999 -9999 -9999 -9999 -9999 -9999 -9999 -9999 -9999 -9999 -9999 -9999 -9999 -9999 -9999 -9999 -9999 -9999 -9999 -9999 -9999 -9999 -9999 -9999 -9999 -9999 -9999 -9999 -9999 -9999 -9999 -9999 82 82 82 56 56 53 53 53 55 55 55 62 62 74 74 74 85 85 85 88 88 86 86 86 81 81 76 76 76 73 73 73 66 66 57 57 57 68 68 95 95 95 94 94 94 75 75
-9999 -9999 -9999 -9999 -9999 -9999 -9999 -9999 -9999 -9999 -9999 -9999 -9999 -9999 -9999 -9999 -9999 -9999 -9999 -9999 -9999 -9999 -9999 -9999 -9999 -9999 -9999 -9999 -9999 -9999 -9999 -9999 -9999 -9999 -9999 -9999 -9999 -9999 -9999 -9999 -9999 -9999 -9999 -9999 -9999 105 105 81 81 62 62 62 66 66 66 71 71 70 70 70 71 71 71 81 81 93 93 93 94 94 87 87 87 77 77 77 70 70 81 81 81 97 97 94 94 94 88 88 88 86 86
-9999 -9999 -9999 -9999 -9999 -9999 -9999 -9999 -9999 -9999 -9999 -9999 -9999 -9999 -9999 -9999 -9999 -9999 -9999 -9999 -9999 -9999 -9999 -9999 -9999 -9999 -9999 -9999 -9999 -9999 -9999 -9999 -9999 -9999 -9999 -9999 -9999 -9999 -9999 -9999 -9999 -9999 -9999 -9999 -9999 105 105 81 81 62 62 62 66 66 66 71 71 70 70 70 71 71 71 81 81 93 93 93 94 94 87 87 87 77 77 77 70 70 81 81 81 97 97 94 94 94 88 88 88 86 86
-9999 -9999 -9999 -9999 -9999 -9999 -9999 -9999 -9999 -9999 -9999 -9999 -9999 -9999 -9999 -9999 -9999 -9999 -9999 -9999 -9999 -9999 -9999 -9999 -9999 -9999 -9999 -9999 -9999 -9999 -9999 -9999 -9999 -9999 -9999 -9999 -9999 -9999 -9999 -9999 -9999 -9999 -9999 -9999 -9999 -9999 105 81 81 62 62 62 66 66 66 71 71 70 70 70 71 71 71 81 81 93 93 93 94 94 87 87 87 77 77 77 70 70 81 81 81 97 97 94 94 94 88 88 88 86 86
-9999 -9999 -9999 -9999 -9999 -9999 -9999 -9999 -9999 -9999 -9999 -9999 -9999 -9999 -9999 -9999 -9999 -9999 -9999 -9999 -9999 -9999 -9999 -9999 -9999 -9999 -9999 -9999 -9999 -9999 -9999 -9999 -9999 -9999 -9999 -9999 -9999 -9999 -9999 -9999 -9999 -9999 -9999 -9999 -9999 -9999 -9999 -9999 -9999 -9999 -9999 119 88 88 88 70 70 69 69 69 70 70 70 75 75 87 87 87 97 97 96 96 96 90 90 90 94 94 103 103 103 95 95 79 79 79 85 85 85 93 93
