SEB_model/sample_data_files/contemp/hillshade/marnoon.txt
ncols         313
nrows         278
xllcorner     388961.19995117
yllcorner     7584381.3441773
cellsize      5
NODATA_value  -9999
[rows 160 to 199 of 278, columns 0 to 90 of 313]
-9999 -9999 -9999 -9999 -9999 -9999 -9999 -9999 -9999 -9999 -9999 -9999 -9999 -9999 -9999 -9999 -9999 41 0 0 0 6 6 3 3 3 0 0 -9999 -9999 -9999 -9999 -9999 -9999 -9999 -9999 -9999 -9999 -9999 -9999 -9999 -9999 -9999 -9999 -9999 -9999 -9999 -9999 -9999 0 0 0 0 0 0 0 0 37 37 37 47 47 47 0 0 55 55 55 52 52 33 33 33 17 17 17 0 0 0 0 0 34 34 33 33 33 0 0 0 36 36
-9999 -9999 -9999 -9999 -9999 -9999 -9999 -9999 -9999 -9999 -9999 -9999 -9999 -9999 -9999 -9999 41 41 0 0 0 6 6 3 3 3 0 0 0 -9999 -9999 -9999 -9999 -9999 -9999 -9999 -9999 -9999 -9999 -9999 -9999 -9999 -9999 -9999 -9999 -9999 -9999 -9999 51 0 0 0 0 0 0 0 0 37 37 37 47 47 47 0 0 55 55 55 52 52 33 33 33 17 17 17 0 0 0 0 0 34 34 33 33 33 0 0 0 36 36
-9999 -9999 -9999 -9999 -9999 -9999 -9999 -9999 -9999 -9999 -9999 -9999 -9999 -9999 -9999 -9999 41 41 0 0 0 6 6 3 3 3 0 0 0 0 -9999 -9999 -9999 -9999 -9999 -9999 -9999 -9999 -9999 -9999 -9999 -9999 -9999 -9999 -9999 -9999 -9999 51 51 0 0 0 0 0 0 0 0 37 37 37 47 47 47 0 0 55 55 55 52 52 33 33 33 17 17 17 0 0 0 0 0 34 34 33 33 33 0 0 0 36 36
-9999 -9999 -9999 -9999 -9999 -9999 -9999 -9999 -9999 -9999 -9999 -9999 -9999 -9999 -9999 -9999 -9999 44 31 31 31 42 42 54 54 54 40 40 40 13 13 -9999 -9999 -9999 -9999 -9999 -9999 -9999 -9999 -9999 -9999 -9999 -9999 -9999 -9999 -9999 46 0 0 23 23 23 11 11 11 8 8 18 18 18 0 0 0 16 16 33 33 33 44 44 40 40 40 25 25 25 10 10 8 8 8 19 19 30 30 30 37 37 37 31 31
-9999 -9999 -9999 -9999 -9999 -9999 -9999 -9999 -9999 -9999 -9999 -9999 -9999 -9999 -9999 -9999 -9999 44 31 31 31 42 42 54 54 54 40 40 40 13 13 0 -9999 -9999 -9999 -9999 -9999 -9999 -9999 -9999 -9999 -9999 -9999 -9999 -9999 46 46 0 0 23 23 23 11 11 11 8 8 18 18 18 0 0 0 16 16 33 33 33 44 44 40 40 40 25 25 25 10 10 8 8 8 19 19 30 30 30 37 37 37 31 31
-9999 -9999 -9999 -9999 -9999 -9999 -9999 -9999 -9999 -9999 -9999 -9999 -9999 -9999 -9999 -9999 62 62 62 62 62 63 63 64 64 64 65 65 65 52 52 23 23 -9999 -9999 -9999 -9999 -9999 -9999 -9999 -9999 -9999 -9999 -9999 -9999 63 63 49 49 50 50 50 50 50 50 34 34 22 22 22 20 20 20 17 17 16 16 16 32 32 53 53 53 55 55 55 43 43 29 29 29 22 22 30 30 30 44 44 44 40 40
-9999 -9999 -9999 -9999 -9999 -9999 -9999 -9999 -9999 -9999 -9999 -9999 -9999 -9999 -9999 -9999 -9999 62 62 62 62 63 63 64 64 64 65 65 65 52 52 23 23 23 -9999 -9999 -9999 -9999 -9999 -9999 -9999 -9999 -9999 -9999 63 63 63 49 49 50 50 50 50 50 50 34 34 22 22 22 20 20 20 17 17 16 16 16 32 32 53 53 53 55 55 55 43 43 29 29 29 22 22 30 30 30 44 44 44 40 40
-9999 -9999 -9999 -9999 -9999 -9999 -9999 -9999 -9999 -9999 -9999 -9999 -9999 -9999 -9999 -9999 -9999 62 62 62 62 63 63 64 64 64 65 65 65 52 52 23 23 23 0 0 -9999 -9999 -9999 -9999 -9999 -9999 -9999 64 63 63 63 49 49 50 50 50 50 50 50 34 34 22 22 22 20 20 20 17 17 16 16 16 32 32 53 53 53 55 55 55 43 43 29 29 29 22 22 30 30 30 44 44 44 40 40
-9999 -9999 -9999 -9999 -9999 -9999 -9999 -9999 -9999 -9999 -9999 -9999 -9999 -9999 -9999 -9999 -9999 72 73 73 73 73 73 75 75 75 77 77 77 77 77 63 63 63 36 36 0 0 -9999 -9999 -9999 -9999 0 0 0 0 0 57 57 53 53 53 37 37 37 28 28 35 35 35 38 38 38 26 26 13 13 13 0 0 0 0 0 56 56 56 54 54 44 44 44 31 31 18 18 18 0 0 0 31 31
-9999 -9999 -9999 -9999 -9999 -9999 -9999 -9999 -9999 -9999 -9999 -9999 -9999 -9999 -9999 -9999 -9999 72 73 73 73 73 73 75 75 75 77 77 77 77 77 63 63 63 36 36 0 0 0 0 0 0 0 0 0 0 0 57 57 53 53 53 37 37 37 28 28 35 35 35 38 38 38 26 26 13 13 13 0 0 0 0 0 56 56 56 54 54 44 44 44 31 31 18 18 18 0 0 0 31 31
-9999 -9999 -9999 -9999 -9999 -9999 -9999 -9999 -9999 -9999 -9999 -9999 -9999 -9999 -9999 -9999 -9999 72 73 73 73 73 73 75 75 75 77 77 77 77 77 63 63 63 36 36 0 0 0 0 0 0 0 0 0 0 0 57 57 53 53 53 37 37 37 28 28 35 35 35 38 38 38 26 26 13 13 13 0 0 0 0 0 56 56 56 54 54 44 44 44 31 31 18 18 18 0 0 0 31 31
-9999 -9999 -9999 -9999 -9999 -9999 -9999 -9999 -9999 -9999 -9999 -9999 -9999 -9999 -9999 -9999 84 84 80 80 80 78 78 80 80 80 82 82 82 84 84 86 86 86 76 76 55 55 55 44 44 44 38 38 40 40 40 52 52 49 49 49 42 42 42 45 45 43 43 43 35 35 35 30 30 25 25 25 12 12 0 0 0 0 0 0 44 44 48 48 48 35 35 14 14 14 4 4 4 0 0
-9999 -9999 -9999 -9999 -9999 -9999 -9999 -9999 -9999 -9999 -9999 -9999 -9999 -9999 -9999 84 84 84 80 80 80 78 78 80 80 80 82 82 82 84 84 86 86 86 76 76 55 55 55 44 44 44 38 38 40 40 40 52 52 49 49 49 42 42 42 45 45 43 43 43 35 35 35 30 30 25 25 25 12 12 0 0 0 0 0 0 44 44 48 48 48 35 35 14 14 14 4 4 4 0 0
-9999 -9999 -9999 -9999 -9999 -9999 -9999 -9999 -9999 -9999 -9999 -9999 -9999 -9999 80 0 0 0 73 73 73 84 84 87 87 87 89 89 89 90 90 93 93 93 96 96 97 97 97 96 96 96 91 91 83 83 83 72 72 63 63 63 69 69 69 69 69 57 57 57 47 47 47 39 39 35 35 35 25 25 11 11 11 11 11 11 32 32 51 51 51 48 48 36 36 36 28 28 28 23 23
-9999 -9999 -9999 -9999 -9999 -9999 -9999 -9999 -9999 -9999 -9999 -9999 -9999 80 80 0 0 0 73 73 73 84 84 87 87 87 89 89 89 90 90 93 93 93 96 96 97 97 97 96 96 96 91 91 83 83 83 72 72 63 63 63 69 69 69 69 69 57 57 57 47 47 47 39 39 35 35 35 25 25 11 11 11 11 11 11 32 32 51 51 51 48 48 36 36 36 28 28 28 23 23
-9999 -9999 -9999 -9999 -9999 -9999 -9999 -9999 -9999 -9999 -9999 86 86 80 80 0 0 0 73 73 73 84 84 87 87 87 89 89 89 90 90 93 93 93 96 96 97 97 97 96 96 96 91 91 83 83 83 72 72 63 63 63 69 69 69 69 69 57 57 57 47 47 47 39 39 35 35 35 25 25 11 11 11 11 11 11 32 32 51 51 51 48 48 36 36 36 28 28 28 23 23
-9999 -9999 -9999 -9999 -9999 -9999 -9999 -9999 -9999 -9999 -9999 78 78 0 0 48 48 48 71 71 71 86 86 89 89 89 91 91 91 93 93 94 94 94 96 96 97 97 97 96 96 96 92 92 86 86 86 84 84 85 85 85 81 81 81 69 69 63 63 63 61 61 61 50 50 34 34 34 25 25 23 23 23 20 20 20 22 22 37 37 37 56 56 60 60 60 50 50 50 32 32
-9999 -9999 -9999 -9999 -9999 -9999 -9999 -9999 -9999 -9999 78 78 78 0 0 48 48 48 71 71 71 86 86 89 89 89 91 91 91 93 93 94 94 94 96 96 97 97 97 96 96 96 92 92 86 86 86 84 84 85 85 85 81 81 81 69 69 63 63 63 61 61 61 50 50 34 34 34 25 25 23 23 23 20 20 20 22 22 37 37 37 56 56 60 60 60 50 50 50 32 32
-9999 -9999 -9999 -9999 -9999 -9999 -9999 -9999 -9999 83 78 78 78 0 0 48 48 48 71 71 71 86 86 89 89 89 91 91 91 93 93 94 94 94 96 96 97 97 97 96 96 96 92 92 86 86 86 84 84 85 85 85 81 81 81 69 69 63 63 63 61 61 61 50 50 34 34 34 25 25 23 23 23 20 20 20 22 22 37 37 37 56 56 60 60 60 50 50 50 32 32
-9999 -9999 -9999 -9999 -9999 -9999 -9999 -9999 -9999 73 0 0 0 48 48 71 71 71 87 87 87 91 91 95 95 95 97 97 97 96 96 92 92 92 92 92 94 94 94 96 96 96 92 92 88 88 88 92 92 95 95 95 84 84 84 72 72 65 65 65 62 62 62 59 59 51 51 51 40 40 36 36 36 33 33 33 30 30 38 38 38 60 60 71 71 71 61 61 61 45 45
-9999 -9999 -9999 -9999 -9999 -9999 -9999 -9999 -9999 73 0 0 0 48 48 71 71 71 87 87 87 91 91 95 95 95 97 97 97 96 96 92 92 92 92 92 94 94 94 96 96 96 92 92 88 88 88 92 92 95 95 95 84 84 84 72 72 65 65 65 62 62 62 59 59 51 51 51 40 40 36 36 36 33 33 33 30 30 38 38 38 60 60 71 71 71 61 61 61 45 45
-9999 -9999 -9999 -9999 -9999 -9999 -9999 -9999 75 75 62 62 62 73 73 88 88 88 93 93 93 100 100 106 106 106 106 106 106 97 97 88 88 88 89 89 95 95 95 96 96 96 97 97 103 103 103 99 99 90 90 90 87 87 87 82 82 72 72 72 65 65 65 67 67 74 74 74 71 71 62 62 62 49 49 49 41 41 48 48 48 58 58 65 65 65 67 67 67 61 61
-9999 -9999 -9999 -9999 -9999 -9999 -9999 -9999 75 75 62 62 62 73 73 88 88 88 93 93 93 100 100 106 106 106 106 106 106 97 97 88 88 88 89 89 95 95 95 96 96 96 97 97 103 103 103 99 99 90 90 90 87 87 87 82 82 72 72 72 65 65 65 67 67 74 74 74 71 71 62 62 62 49 49 49 41 41 48 48 48 58 58 65 65 65 67 67 67 61 61
-9999 -9999 -9999 -9999 -9999 -9999 -9999 -9999 75 75 62 62 62 73 73 88 88 88 93 93 93 100 100 106 106 106 106 106 106 97 97 88 88 88 89 89 95 95 95 96 96 96 97 97 103 103 103 99 99 90 90 90 87 87 87 82 82 72 72 72 65 65 65 67 67 74 74 74 71 71 62 62 62 49 49 49 41 41 48 48 48 58 58 65 65 65 67 67 67 61 61
-9999 -9999 -9999 -9999 -9999 -9999 -9999 84 89 89 87 87 87 87 87 92 92 92 97 97 97 104 104 112 112 112 109 109 109 98 98 90 90 90 93 93 97 97 97 98 98 98 102 102 99 99 99 83 83 70 70 70 73 73 73 78 78 78 78 78 74 74 74 71 71 77 77 77 83 83 81 81 81 71 71 71 61 61 61 61 61 59 59 53 53 53 54 54 54 54 54
-9999 -9999 -9999 -9999 -9999 -9999 -9999 84 89 89 87 87 87 87 87 92 92 92 97 97 97 104 104 112 112 112 109 109 109 98 98 90 90 90 93 93 97 97 97 98 98 98 102 102 99 99 99 83 83 70 70 70 73 73 73 78 78 78 78 78 74 74 74 71 71 77 77 77 83 83 81 81 81 71 71 71 61 61 61 61 61 59 59 53 53 53 54 54 54 54 54
-9999 -9999 -9999 -9999 -9999 -9999 -9999 84 87 87 85 85 85 85 85 90 90 90 97 97 97 104 104 108 108 108 104 104 104 98 98 96 96 96 99 99 104 104 104 106 106 106 101 101 84 84 84 70 70 65 65 65 62 62 62 68 68 79 79 79 83 83 83 79 79 83 83 83 92 92 100 100 100 103 103 103 96 96 88 88 88 79 79 70 70 70 61 61 61 53 53
-9999 -9999 -9999 -9999 -9999 -9999 -9999 84 87 87 85 85 85 85 85 90 90 90 97 97 97 104 104 108 108 108 104 104 104 98 98 96 96 96 99 99 104 104 104 106 106 106 101 101 84 84 84 70 70 65 65 65 62 62 62 68 68 79 79 79 83 83 83 79 79 83 83 83 92 92 100 100 100 103 103 103 96 96 88 88 88 79 79 70 70 70 61 61 61 53 53
-9999 -9999 -9999 -9999 -9999 -9999 -9999 84 87 87 85 85 85 85 85 90 90 90 97 97 97 104 104 108 108 108 104 104 104 98 98 96 96 96 99 99 104 104 104 106 106 106 101 101 84 84 84 70 70 65 65 65 62 62 62 68 68 79 79 79 83 83 83 79 79 83 83 83 92 92 100 100 100 103 103 103 96 96 88 88 88 79 79 70 70 70 61 61 61 53 53
-9999 -9999 -9999 -9999 -9999 -9999 71 71 0 0 70 70 70 82 82 85 85 85 92 92 92 97 97 98 98 98 95 95 95 97 97 101 101 101 104 104 116 116 116 114 114 114 97 97 87 87 87 85 85 82 82 82 76 76 76 69 69 71 71 71 81 81 81 90 90 96 96 96 99 99 105 105 105 116 116 116 119 119 115 115 115 107 107 99 99 99 85 85 85 67 67
-9999 -9999 -9999 -9999 -9999 -9999 71 71 0 0 70 70 70 82 82 85 85 85 92 92 92 97 97 98 98 98 95 95 95 97 97 101 101 101 104 104 116 116 116 114 114 114 97 97 87 87 87 85 85 82 82 82 76 76 76 69 69 71 71 71 81 81 81 90 90 96 96 96 99 99 105 105 105 116 116 116 119 119 115 115 115 107 107 99 99 99 85 85 85 67 67
-9999 -9999 -9999 -9999 -9999 -9999 71 71 0 0 70 70 70 82 82 85 85 85 92 92 92 97 97 98 98 98 95 95 95 97 97 101 101 101 104 104 116 116 116 114 114 114 97 97 87 87 87 85 85 82 82 82 76 76 76 69 69 71 71 71 81 81 81 90 90 96 96 96 99 99 105 105 105 116 116 116 119 119 115 115 115 107 107 99 99 99 85 85 85 67 67
-9999 -9999 -9999 -9999 -9999 -9999 -9999 84 81 81 80 80 80 79 79 81 81 81 85 85 85 86 86 89 89 89 94 94 94 100 100 105 105 105 106 106 109 109 109 101 101 101 90 90 88 88 88 87 87 86 86 86 84 84 84 77 77 70 70 70 77 77 77 91 91 96 96 96 92 92 95 95 95 105 105 105 110 110 106 106 106 95 95 85 85 85 79 79 79 71 71
-9999 -9999 -9999 -9999 -9999 -9999 -9999 84 81 81 80 80 80 79 79 81 81 81 85 85 85 86 86 89 89 89 94 94 94 100 100 105 105 105 106 106 109 109 109 101 101 101 90 90 88 88 88 87 87 86 86 86 84 84 84 77 77 70 70 70 77 77 77 91 91 96 96 96 92 92 95 95 95 105 105 105 110 110 106 106 106 95 95 85 85 85 79 79 79 71 71
-9999 -9999 -9999 -9999 -9999 -9999 -9999 -9999 116 116 113 113 113 89 89 76 76 76 76 76 76 76 76 83 83 83 94 94 94 106 106 114 114 114 106 106 95 95 95 90 90 90 91 91 92 92 92 91 91 89 89 89 87 87 87 84 84 82 82 82 79 79 79 79 79 85 85 85 90 90 95 95 95 96 96 96 85 85 71 71 71 54 54 40 40 40 39 39 39 41 41
-9999 -9999 -9999 -9999 -9999 -9999 -9999 -9999 -9999 -9999 113 113 113 89 89 76 76 76 76 76 76 76 76 83 83 83 94 94 94 106 106 114 114 114 106 106 95 95 95 90 90 90 91 91 92 92 92 91 91 89 89 89 87 87 87 84 84 82 82 82 79 79 79 79 79 85 85 85 90 90 95 95 95 96 96 96 85 85 71 71 71 54 54 40 40 40 39 39 39 41 41
-9999 -9999 -9999 -9999 -9999 -9999 -9999 -9999 -9999 -9999 -9999 -9999 -9999 89 89 76 76 76 76 76 76 76 76 83 83 83 94 94 94 106 106 114 114 114 106 106 95 95 95 90 90 90 91 91 92 92 92 91 91 89 89 89 87 87 87 84 84 82 82 82 79 79 79 79 79 85 85 85 90 90 95 95 95 96 96 96 85 85 71 71 71 54 54 40 40 40 39 39 39 41 41
-9999 -9999 -9999 -9999 -9999 -9999 -9999 -9999 -9999 -9999 -9999 -9999 -9999 -9999 -9999 108 108 108 81 81 81 69 69 79 79 79 99 99 99 117 117 118 118 118 102 102 93 93 93 96 96 96 99 99 99 99 99 97 97 93 93 93 91 91 91 92 92 93 93 93 84 84 84 72 72 73 73 73 87 87 99 99 99 92 92 92 73 73 57 57 57 39 39 21 21 21 14 14 14 20 20
-9999 -9999 -9999 -9999 -9999 -9999 -9999 -9999 -9999 -9999 -9999 -9999 -9999 -9999 -9999 108 108 108 81 81 81 69 69 79 79 79 99 99 99 117 117 118 118 118 102 102 93 93 93 96 96 96 99 99 99 99 99 97 97 93 93 93 91 91 91 92 92 93 93 93 84 84 84 72 72 73 73 73 87 87 99 99 99 92 92 92 73 73 57 57 57 39 39 21 21 21 14 14 14 20 20
-9999 -9999 -9999 -9999 -9999 -9999 -9999 -9999 -9999 -9999 -9999 -9999 -9999 -9999 -9999 -9999 109 109 84 84 84 71 71 79 79 79 97 97 97 108 108 103 103 103 91 91 92 92 92 97 97 97 98 98 97 97 97 94 94 91 91 91 93 93 93 95 95 91 91 91 85 85 85 77 77 70 70 70 73 73 78 78 78 69 69 69 56 56 48 48 48 38 38 28 28 28 26 26 26 38 38
