SEB_model/sample_data_files/contemp/hillshade/may6pm.txt
ncols         313
nrows         278
xllcorner     388961.19995117
yllcorner     7584381.3441773
cellsize      5
NODATA_value  -9999
[rows 160 to 199 of 278, columns 0 to 88 of 313]
-9999 -9999 -9999 -9999 -9999 -9999 -9999 -9999 -9999 -9999 -9999 -9999 -9999 -9999 -9999 -9999 -9999 73 100 100 100 95 95 74 74 74 46 46 -9999 -9999 -9999 -9999 -9999 -9999 -9999 -9999 -9999 -9999 -9999 -9999 -9999 -9999 -9999 -9999 -9999 -9999 -9999 -9999 -9999 0 0 0 0 0 0 0 0 0 0 0 0 0 0 0 0 0 0 0 0 0 0 0 0 32 32 32 0 0 25 25 25 12 12 0 0 0 0 0 0
-9999 -9999 -9999 -9999 -9999 -9999 -9999 -9999 -9999 -9999 -9999 -9999 -9999 -9999 -9999 -9999 73 73 100 100 100 95 95 74 74 74 46 46 46 -9999 -9999 -9999 -9999 -9999 -9999 -9999 -9999 -9999 -9999 -9999 -9999 -9999 -9999 -9999 -9999 -9999 -9999 -9999 0 0 0 0 0 0 0 0 0 0 0 0 0 0 0 0 0 0 0 0 0 0 0 0 0 32 32 32 0 0 25 25 25 12 12 0 0 0 0 0 0
-9999 -9999 -9999 -9999 -9999 -9999 -9999 -9999 -9999 -9999 -9999 -9999 -9999 -9999 -9999 -9999 73 73 100 100 100 95 95 74 74 74 46 46 46 0 -9999 -9999 -9999 -9999 -9999 -9999 -9999 -9999 -9999 -9999 -9999 -9999 -9999 -9999 -9999 -9999 -9999 0 0 0 0 0 0 0 0 0 0 0 0 0 0 0 0 0 0 0 0 0 0 0 0 0 0 32 32 32 0 0 25 25 25 12 12 0 0 0 0 0 0
-9999 -9999 -9999 -9999 -9999 -9999 -9999 -9999 -9999 -9999 -9999 -9999 -9999 -9999 -9999 -9999 -9999 95 110 110 110 81 81 70 70 70 55 55 55 28 28 -9999 -9999 -9999 -9999 -9999 -9999 -9999 -9999 -9999 -9999 -9999 -9999 -9999 -9999 -9999 0 0 0 0 0 0 0 0 0 0 0 0 0 0 0 0 0 0 0 0 0 0 0 0 54 54 54 44 44 44 15 15 17 17 17 5 5 0 0 0 0 0 0
-9999 -9999 -9999 -9999 -9999 -9999 -9999 -9999 -9999 -9999 -9999 -9999 -9999 -9999 -9999 -9999 -9999 95 110 110 110 81 81 70 70 70 55 55 55 28 28 0 -9999 -9999 -9999 -9999 -9999 -9999 -9999 -9999 -9999 -9999 -9999 -9999 -9999 0 0 0 0 0 0 0 0 0 0 0 0 0 0 0 0 0 0 0 0 0 0 0 0 0 54 54 54 44 44 44 15 15 17 17 17 5 5 0 0 0 0 0 0
-9999 -9999 -9999 -9999 -9999 -9999 -9999 -9999 -9999 -9999 -9999 -9999 -9999 -9999 -9999 -9999 103 103 106 106 106 66 66 68 68 68 64 64 64 48 48 27 27 -9999 -9999 -9999 -9999 -9999 -9999 -9999 -9999 -9999 -9999 -9999 -9999 0 0 16 16 0 0 0 0 0 0 0 0 0 0 0 0 0 0 0 0 0 0 0 0 0 51 51 51 53 53 53 21 21 17 17 17 0 0 0 0 0 0 0 0
-9999 -9999 -9999 -9999 -9999 -9999 -9999 -9999 -9999 -9999 -9999 -9999 -9999 -9999 -9999 -9999 -9999 103 106 106 106 66 66 68 68 68 64 64 64 48 48 27 27 27 -9999 -9999 -9999 -9999 -9999 -9999 -9999 -9999 -9999 -9999 0 0 0 16 16 0 0 0 0 0 0 0 0 0 0 0 0 0 0 0 0 0 0 0 0 0 51 51 51 53 53 53 21 21 17 17 17 0 0 0 0 0 0 0 0
-9999 -9999 -9999 -9999 -9999 -9999 -9999 -9999 -9999 -9999 -9999 -9999 -9999 -9999 -9999 -9999 -9999 103 106 106 106 66 66 68 68 68 64 64 64 48 48 27 27 27 0 0 -9999 -9999 -9999 -9999 -9999 -9999 -9999 0 0 0 0 16 16 0 0 0 0 0 0 0 0 0 0 0 0 0 0 0 0 0 0 0 0 0 51 51 51 53 53 53 21 21 17 17 17 0 0 0 0 0 0 0 0
-9999 -9999 -9999 -9999 -9999 -9999 -9999 -9999 -9999 -9999 -9999 -9999 -9999 -9999 -9999 -9999 -9999 100 105 105 105 63 63 64 64 64 60 60 60 57 57 48 48 48 24 24 0 0 -9999 -9999 -9999 -9999 0 0 0 0 0 12 12 0 0 0 0 0 0 0 0 0 0 0 0 0 0 0 0 0 0 0 0 0 0 0 0 53 53 53 30 30 26 26 26 0 0 0 0 0 0 0 0
-9999 -9999 -9999 -9999 -9999 -9999 -9999 -9999 -9999 -9999 -9999 -9999 -9999 -9999 -9999 -9999 -9999 100 105 105 105 63 63 64 64 64 60 60 60 57 57 48 48 48 24 24 0 0 0 28 28 28 0 0 0 0 0 12 12 0 0 0 0 0 0 0 0 0 0 0 0 0 0 0 0 0 0 0 0 0 0 0 0 53 53 53 30 30 26 26 26 0 0 0 0 0 0 0 0
-9999 -9999 -9999 -9999 -9999 -9999 -9999 -9999 -9999 -9999 -9999 -9999 -9999 -9999 -9999 -9999 -9999 100 105 105 105 63 63 64 64 64 60 60 60 57 57 48 48 48 24 24 0 0 0 28 28 28 0 0 0 0 0 12 12 0 0 0 0 0 0 0 0 0 0 0 0 0 0 0 0 0 0 0 0 0 0 0 0 53 53 53 30 30 26 26 26 0 0 0 0 0 0 0 0
-9999 -9999 -9999 -9999 -9999 -9999 -9999 -9999 -9999 -9999 -9999 -9999 -9999 -9999 -9999 -9999 99 99 106 106 106 61 61 59 59 59 57 57 57 56 56 55 55 55 39 39 31 31 31 24 24 24 0 0 0 0 0 0 0 0 0 0 0 0 0 3 3 0 0 0 0 0 0 0 0 20 20 20 14 14 0 0 0 39 39 39 30 30 33 33 33 15 15 0 0 0 0 0 0
-9999 -9999 -9999 -9999 -9999 -9999 -9999 -9999 -9999 -9999 -9999 -9999 -9999 -9999 -9999 99 99 99 106 106 106 61 61 59 59 59 57 57 57 56 56 55 55 55 39 39 31 31 31 24 24 24 0 0 0 0 0 0 0 0 0 0 0 0 0 3 3 0 0 0 0 0 0 0 0 20 20 20 14 14 0 0 0 39 39 39 30 30 33 33 33 15 15 0 0 0 0 0 0
-9999 -9999 -9999 -9999 -9999 -9999 -9999 -9999 -9999 -9999 -9999 -9999 -9999 -9999 60 106 106 106 100 100 100 58 58 55 55 55 55 55 55 53 53 51 51 51 44 44 33 33 33 14 14 14 0 0 0 0 0 0 0 0 0 0 0 0 0 0 0 0 0 0 22 22 22 14 14 26 26 26 28 28 27 27 27 19 19 19 0 0 33 33 33 28 28 0 0 0 0 0 0
-9999 -9999 -9999 -9999 -9999 -9999 -9999 -9999 -9999 -9999 -9999 -9999 -9999 60 60 106 106 106 100 100 100 58 58 55 55 55 55 55 55 53 53 51 51 51 44 44 33 33 33 14 14 14 0 0 0 0 0 0 0 0 0 0 0 0 0 0 0 0 0 0 22 22 22 14 14 26 26 26 28 28 27 27 27 19 19 19 0 0 33 33 33 28 28 0 0 0 0 0 0
-9999 -9999 -9999 -9999 -9999 -9999 -9999 -9999 -9999 -9999 -9999 49 49 60 60 106 106 106 100 100 100 58 58 55 55 55 55 55 55 53 53 51 51 51 44 44 33 33 33 14 14 14 0 0 0 0 0 0 0 0 0 0 0 0 0 0 0 0 0 0 22 22 22 14 14 26 26 26 28 28 27 27 27 19 19 19 0 0 33 33 33 28 28 0 0 0 0 0 0
-9999 -9999 -9999 -9999 -9999 -9999 -9999 -9999 -9999 -9999 -9999 55 55 91 91 103 103 103 77 77 77 55 55 52 52 52 53 53 53 50 50 48 48 48 42 42 31 31 31 15 15 15 0 0 0 0 0 0 0 0 0 0 0 0 0 0 0 0 0 0 25 25 25 23 23 36 36 36 36 36 33 33 33 11 11 11 0 0 0 0 0 24 24 0 0 0 0 0 0
-9999 -9999 -9999 -9999 -9999 -9999 -9999 -9999 -9999 -9999 55 55 55 91 91 103 103 103 77 77 77 55 55 52 52 52 53 53 53 50 50 48 48 48 42 42 31 31 31 15 15 15 0 0 0 0 0 0 0 0 0 0 0 0 0 0 0 0 0 0 25 25 25 23 23 36 36 36 36 36 33 33 33 11 11 11 0 0 0 0 0 24 24 0 0 0 0 0 0
-9999 -9999 -9999 -9999 -9999 -9999 -9999 -9999 -9999 50 55 55 55 91 91 103 103 103 77 77 77 55 55 52 52 52 53 53 53 50 50 48 48 48 42 42 31 31 31 15 15 15 0 0 0 0 0 0 0 0 0 0 0 0 0 0 0 0 0 0 25 25 25 23 23 36 36 36 36 36 33 33 33 11 11 11 0 0 0 0 0 24 24 0 0 0 0 0 0
-9999 -9999 -9999 -9999 -9999 -9999 -9999 -9999 -9999 57 83 83 83 96 96 77 77 77 58 58 58 49 49 48 48 48 50 50 50 50 50 50 50 50 41 41 28 28 28 15 15 15 5 5 2 2 2 0 0 0 0 0 0 0 0 20 20 21 21 21 27 27 27 33 33 47 47 47 38 38 32 32 32 11 11 11 0 0 0 0 0 0 0 0 0 0 0 0 0
-9999 -9999 -9999 -9999 -9999 -9999 -9999 -9999 -9999 57 83 83 83 96 96 77 77 77 58 58 58 49 49 48 48 48 50 50 50 50 50 50 50 50 41 41 28 28 28 15 15 15 5 5 2 2 2 0 0 0 0 0 0 0 0 20 20 21 21 21 27 27 27 33 33 47 47 47 38 38 32 32 32 11 11 11 0 0 0 0 0 0 0 0 0 0 0 0 0
-9999 -9999 -9999 -9999 -9999 -9999 -9999 -9999 79 79 94 94 94 70 70 58 58 58 51 51 51 41 41 42 42 42 51 51 51 58 58 54 54 54 36 36 23 23 23 15 15 15 4 4 0 0 0 0 0 0 0 0 27 27 27 26 26 28 28 28 30 30 30 31 31 47 47 47 40 40 33 33 33 16 16 16 0 0 0 0 0 0 0 0 0 0 0 0 0
-9999 -9999 -9999 -9999 -9999 -9999 -9999 -9999 79 79 94 94 94 70 70 58 58 58 51 51 51 41 41 42 42 42 51 51 51 58 58 54 54 54 36 36 23 23 23 15 15 15 4 4 0 0 0 0 0 0 0 0 27 27 27 26 26 28 28 28 30 30 30 31 31 47 47 47 40 40 33 33 33 16 16 16 0 0 0 0 0 0 0 0 0 0 0 0 0
-9999 -9999 -9999 -9999 -9999 -9999 -9999 -9999 79 79 94 94 94 70 70 58 58 58 51 51 51 41 41 42 42 42 51 51 51 58 58 54 54 54 36 36 23 23 23 15 15 15 4 4 0 0 0 0 0 0 0 0 27 27 27 26 26 28 28 28 30 30 30 31 31 47 47 47 40 40 33 33 33 16 16 16 0 0 0 0 0 0 0 0 0 0 0 0 0
-9999 -9999 -9999 -9999 -9999 -9999 -9999 50 87 87 92 92 92 54 54 52 52 52 44 44 44 30 30 37 37 37 58 58 58 72 72 57 57 57 25 25 21 21 21 13 13 13 0 0 0 0 0 0 0 15 15 15 27 27 27 30 30 33 33 33 34 34 34 26 26 40 40 40 40 40 38 38 38 24 24 24 0 0 0 0 0 0 0 0 0 0 0 0 0
-9999 -9999 -9999 -9999 -9999 -9999 -9999 50 87 87 92 92 92 54 54 52 52 52 44 44 44 30 30 37 37 37 58 58 58 72 72 57 57 57 25 25 21 21 21 13 13 13 0 0 0 0 0 0 0 15 15 15 27 27 27 30 30 33 33 33 34 34 34 26 26 40 40 40 40 40 38 38 38 24 24 24 0 0 0 0 0 0 0 0 0 0 0 0 0
-9999 -9999 -9999 -9999 -9999 -9999 -9999 45 87 87 96 96 96 50 50 46 46 46 37 37 37 18 18 39 39 39 69 69 69 81 81 53 53 53 15 15 19 19 19 4 4 4 0 0 0 0 0 31 31 21 21 21 26 26 26 25 25 30 30 30 37 37 37 25 25 30 30 30 32 32 34 34 34 24 24 24 0 0 0 0 0 0 0 0 0 0 0 0 0
-9999 -9999 -9999 -9999 -9999 -9999 -9999 45 87 87 96 96 96 50 50 46 46 46 37 37 37 18 18 39 39 39 69 69 69 81 81 53 53 53 15 15 19 19 19 4 4 4 0 0 0 0 0 31 31 21 21 21 26 26 26 25 25 30 30 30 37 37 37 25 25 30 30 30 32 32 34 34 34 24 24 24 0 0 0 0 0 0 0 0 0 0 0 0 0
-9999 -9999 -9999 -9999 -9999 -9999 -9999 45 87 87 96 96 96 50 50 46 46 46 37 37 37 18 18 39 39 39 69 69 69 81 81 53 53 53 15 15 19 19 19 4 4 4 0 0 0 0 0 31 31 21 21 21 26 26 26 25 25 30 30 30 37 37 37 25 25 30 30 30 32 32 34 34 34 24 24 24 0 0 0 0 0 0 0 0 0 0 0 0 0
-9999 -9999 -9999 -9999 -9999 -9999 58 58 93 93 88 88 88 49 49 41 41 41 28 28 28 13 13 46 46 46 74 74 74 81 81 49 49 49 0 0 10 10 10 0 0 0 20 20 38 38 38 31 31 22 22 22 29 29 29 20 20 0 0 0 33 33 33 19 19 23 23 23 23 23 24 24 24 12 12 12 0 0 0 0 0 0 0 0 0 0 0 0 0
-9999 -9999 -9999 -9999 -9999 -9999 58 58 93 93 88 88 88 49 49 41 41 41 28 28 28 13 13 46 46 46 74 74 74 81 81 49 49 49 0 0 10 10 10 0 0 0 20 20 38 38 38 31 31 22 22 22 29 29 29 20 20 0 0 0 33 33 33 19 19 23 23 23 23 23 24 24 24 12 12 12 0 0 0 0 0 0 0 0 0 0 0 0 0
-9999 -9999 -9999 -9999 -9999 -9999 58 58 93 93 88 88 88 49 49 41 41 41 28 28 28 13 13 46 46 46 74 74 74 81 81 49 49 49 0 0 10 10 10 0 0 0 20 20 38 38 38 31 31 22 22 22 29 29 29 20 20 0 0 0 33 33 33 19 19 23 23 23 23 23 24 24 24 12 12 12 0 0 0 0 0 0 0 0 0 0 0 0 0
-9999 -9999 -9999 -9999 -9999 -9999 -9999 69 91 91 75 75 75 48 48 35 35 35 23 23 23 14 14 51 51 51 71 71 71 75 75 43 43 43 0 0 0 0 0 0 0 0 36 36 39 39 39 31 31 24 24 24 33 33 33 26 26 22 22 22 17 17 17 9 9 24 24 24 24 24 17 17 17 0 0 0 0 0 0 0 0 0 0 0 0 0 58 58 58
-9999 -9999 -9999 -9999 -9999 -9999 -9999 69 91 91 75 75 75 48 48 35 35 35 23 23 23 14 14 51 51 51 71 71 71 75 75 43 43 43 0 0 0 0 0 0 0 0 36 36 39 39 39 31 31 24 24 24 33 33 33 26 26 22 22 22 17 17 17 9 9 24 24 24 24 24 17 17 17 0 0 0 0 0 0 0 0 0 0 0 0 0 58 58 58
-9999 -9999 -9999 -9999 -9999 -9999 -9999 -9999 75 75 81 81 81 58 58 33 33 33 22 22 22 17 17 46 46 46 62 62 62 65 65 35 35 35 0 0 0 0 0 38 38 38 37 37 38 38 38 31 31 25 25 25 36 36 36 30 30 22 22 22 9 9 9 0 0 25 25 25 23 23 7 7 7 0 0 0 0 0 0 0 0 0 0 43 43 43 64 64 64
-9999 -9999 -9999 -9999 -9999 -9999 -9999 -9999 -9999 -9999 81 81 81 58 58 33 33 33 22 22 22 17 17 46 46 46 62 62 62 65 65 35 35 35 0 0 0 0 0 38 38 38 37 37 38 38 38 31 31 25 25 25 36 36 36 30 30 22 22 22 9 9 9 0 0 25 25 25 23 23 7 7 7 0 0 0 0 0 0 0 0 0 0 43 43 43 64 64 64
-9999 -9999 -9999 -9999 -9999 -9999 -9999 -9999 -9999 -9999 -9999 -9999 -9999 58 58 33 33 33 22 22 22 17 17 46 46 46 62 62 62 65 65 35 35 35 0 0 0 0 0 38 38 38 37 37 38 38 38 31 31 25 25 25 36 36 36 30 30 22 22 22 9 9 9 0 0 25 25 25 23 23 7 7 7 0 0 0 0 0 0 0 0 0 0 43 43 43 64 64 64
-9999 -9999 -9999 -9999 -9999 -9999 -9999 -9999 -9999 -9999 -9999 -9999 -9999 -9999 -9999 41 41 41 33 33 33 17 17 34 34 34 45 45 45 47 47 36 36 36 17 17 28 28 28 35 35 35 32 32 37 37 37 32 32 28 28 28 38 38 38 28 28 20 20 20 18 18 18 8 8 0 0 0 11 11 0 0 0 0 0 0 13 13 38 38 38 55 55 58 58 58 65 65 65
-9999 -9999 -9999 -9999 -9999 -9999 -9999 -9999 -9999 -9999 -9999 -9999 -9999 -9999 -9999 41 41 41 33 33 33 17 17 34 34 34 45 45 45 47 47 36 36 36 17 17 28 28 28 35 35 35 32 32 37 37 37 32 32 28 28 28 38 38 38 28 28 20 20 20 18 18 18 8 8 0 0 0 11 11 0 0 0 0 0 0 13 13 38 38 38 55 55 58 58 58 65 65 65
-9999 -9999 -9999 -9999 -9999 -9999 -9999 -9999 -9999 -9999 -9999 -9999 -9999 -9999 -9999 -9999 68 68 57 57 57 13 13 19 19 19 23 23 23 40 40 54 54 54 31 31 24 24 24 32 32 32 32 32 38 38 38 37 37 31 31 31 34 34 34 25 25 25 25 25 27 27 27 16 16 19 19 19 0 0 0 0 0 31 31 31 29 29 53 53 53 71 71 68 68 68 62 62 62
