SEB_model/sample_data_files/contemp/hillshade/may6pm.txt
ncols         313
nrows         278
xllcorner     388961.19995117
yllcorner     7584381.3441773
cellsize      5
NODATA_value  -9999
[rows 120 to 159 of 278, columns 178 to 266 of 313]
41 41 53 53 53 69 69 69 64 64 53 53 53 29 29 0 0 0 9 9 9 21 21 46 46 46 50 50 74 74 74 113 113 113 106 106 62 62 62 21 21 21 11 11 30 30 30 42 42 63 63 63 80 80 80 62 62 53 53 53 57 57 56 56 56 62 62 62 62 62 60 60 60 58 58 58 -9999 -9999 -9999 -9999 -9999 -9999 -9999 -9999 -9999 -9999 -9999 -9999 -9999
27 27 43 43 43 66 66 66 62 62 49 49 49 22 22 0 0 0 10 10 10 0 0 53 53 53 58 58 76 76 76 117 117 117 114 114 63 63 63 21 21 21 0 0 49 49 49 56 56 74 74 74 83 83 83 57 57 43 43 43 46 46 52 52 52 62 62 62 58 58 54 54 54 53 53 53 -9999 -9999 -9999 -9999 -9999 -9999 -9999 -9999 -9999 -9999 -9999 -9999 -9999
27 27 43 43 43 66 66 66 62 62 49 49 49 22 22 0 0 0 10 10 10 0 0 53 53 53 58 58 76 76 76 117 117 117 114 114 63 63 63 21 21 21 0 0 49 49 49 56 56 74 74 74 83 83 83 57 57 43 43 43 46 46 52 52 52 62 62 62 58 58 54 54 54 53 53 53 -9999 -9999 -9999 -9999 -9999 -9999 -9999 -9999 -9999 -9999 -9999 -9999 -9999
27 27 43 43 43 66 66 66 62 62 49 49 49 22 22 0 0 0 10 10 10 0 0 53 53 53 58 58 76 76 76 117 117 117 114 114 63 63 63 21 21 21 0 0 49 49 49 56 56 74 74 74 83 83 83 57 57 43 43 43 46 46 52 52 52 62 62 62 58 58 54 54 54 -9999 -9999 -9999 -9999 -9999 -9999 -9999 -9999 -9999 -9999 -9999 -9999 -9999 -9999 -9999 -9999
25 25 38 38 38 69 69 69 77 77 58 58 58 23 23 0 0 0 20 20 20 23 23 54 54 54 73 73 91 91 91 114 114 114 101 101 66 66 66 42 42 42 35 35 54 54 54 65 65 77 77 77 75 75 75 47 47 39 39 39 40 40 46 46 46 55 55 55 49 49 46 46 -9999 -9999 -9999 -9999 -9999 -9999 -9999 -9999 -9999 -9999 -9999 -9999 -9999 -9999 -9999 -9999 -9999
25 25 38 38 38 69 69 69 77 77 58 58 58 23 23 0 0 0 20 20 20 23 23 54 54 54 73 73 91 91 91 114 114 114 101 101 66 66 66 42 42 42 35 35 54 54 54 65 65 77 77 77 75 75 75 47 47 39 39 39 40 40 46 46 46 55 55 55 49 49 46 -9999 -9999 -9999 -9999 -9999 -9999 -9999 -9999 -9999 -9999 -9999 -9999 -9999 -9999 -9999 -9999 -9999 -9999
37 37 58 58 58 81 81 81 89 89 71 71 71 31 31 0 0 0 31 31 31 34 34 56 56 56 84 84 101 101 101 106 106 106 85 85 70 70 70 62 62 62 40 40 44 44 44 60 60 71 71 71 61 61 61 37 37 38 38 38 39 39 41 41 41 45 45 45 -9999 -9999 -9999 -9999 -9999 -9999 -9999 -9999 -9999 -9999 -9999 -9999 -9999 -9999 -9999 -9999 -9999 -9999 -9999 -9999 -9999
37 37 58 58 58 81 81 81 89 89 71 71 71 31 31 0 0 0 31 31 31 34 34 56 56 56 84 84 101 101 101 106 106 106 85 85 70 70 70 62 62 62 40 40 44 44 44 60 60 71 71 71 61 61 61 37 37 38 38 38 39 39 41 41 41 45 45 45 -9999 -9999 -9999 -9999 -9999 -9999 -9999 -9999 -9999 -9999 -9999 -9999 -9999 -9999 -9999 -9999 -9999 -9999 -9999 -9999 -9999
37 37 58 58 58 81 81 81 89 89 71 71 71 31 31 0 0 0 31 31 31 34 34 56 56 56 84 84 101 101 101 106 106 106 85 85 70 70 70 62 62 62 40 40 44 44 44 60 60 71 71 71 61 61 61 37 37 38 38 38 39 39 41 41 41 45 -9999 -9999 -9999 -9999 -9999 -9999 -9999 -9999 -9999 -9999 -9999 -9999 -9999 -9999 -9999 -9999 -9999 -9999 -9999 -9999 -9999 -9999 -9999
48 48 75 75 75 94 94 94 90 90 73 73 73 44 44 35 35 35 0 0 0 39 39 61 61 61 86 86 90 90 90 87 87 87 85 85 78 78 78 63 63 63 36 36 31 31 31 47 47 58 58 58 51 51 51 38 38 41 41 41 24 24 18 18 18 33 -9999 -9999 -9999 -9999 -9999 -9999 -9999 -9999 -9999 -9999 -9999 -9999 -9999 -9999 -9999 -9999 -9999 -9999 -9999 -9999 -9999 -9999 -9999
48 48 75 75 75 94 94 94 90 90 73 73 73 44 44 35 35 35 0 0 0 39 39 61 61 61 86 86 90 90 90 87 87 87 85 85 78 78 78 63 63 63 36 36 31 31 31 47 47 58 58 58 51 51 51 38 38 41 41 41 -9999 -9999 -9999 -9999 -9999 -9999 -9999 -9999 -9999 -9999 -9999 -9999 -9999 -9999 -9999 -9999 -9999 -9999 -9999 -9999 -9999 -9999 -9999 -9999 -9999 -9999 -9999 -9999 -9999
56 56 69 69 69 91 91 91 93 93 72 72 72 49 49 52 52 52 38 38 38 33 33 62 62 62 77 77 72 72 72 74 74 74 85 85 78 78 78 54 54 54 25 25 20 20 20 33 33 46 46 46 48 48 48 25 25 -9999 -9999 -9999 -9999 -9999 -9999 -9999 -9999 -9999 -9999 -9999 -9999 -9999 -9999 -9999 -9999 -9999 -9999 -9999 -9999 -9999 -9999 -9999 -9999 -9999 -9999 -9999 -9999 -9999 -9999 -9999 -9999
56 56 69 69 69 91 91 91 93 93 72 72 72 49 49 52 52 52 38 38 38 33 33 62 62 62 77 77 72 72 72 74 74 74 85 85 78 78 78 54 54 54 25 25 20 20 20 33 33 46 46 46 48 48 48 -9999 -9999 -9999 -9999 -9999 -9999 -9999 -9999 -9999 -9999 -9999 -9999 -9999 -9999 -9999 -9999 -9999 -9999 -9999 -9999 -9999 -9999 -9999 -9999 -9999 -9999 -9999 -9999 -9999 -9999 -9999 -9999 -9999 -9999
56 56 69 69 69 91 91 91 93 93 72 72 72 49 49 52 52 52 38 38 38 33 33 62 62 62 77 77 72 72 72 74 74 74 85 85 78 78 78 54 54 54 25 25 20 20 20 33 33 46 46 46 48 48 -9999 -9999 -9999 -9999 -9999 -9999 -9999 -9999 -9999 -9999 -9999 -9999 -9999 -9999 -9999 -9999 -9999 -9999 -9999 -9999 -9999 -9999 -9999 -9999 -9999 -9999 -9999 -9999 -9999 -9999 -9999 -9999 -9999 -9999 -9999
68 68 60 60 60 72 72 72 92 92 83 83 83 52 52 59 59 59 47 47 47 33 33 56 56 56 65 65 64 64 64 70 70 70 71 71 66 66 66 52 52 52 27 27 20 20 20 29 29 41 41 41 30 -9999 -9999 -9999 -9999 -9999 -9999 -9999 -9999 -9999 -9999 -9999 -9999 -9999 -9999 -9999 -9999 -9999 -9999 -9999 -9999 -9999 -9999 -9999 -9999 -9999 -9999 -9999 -9999 -9999 -9999 -9999 -9999 -9999 -9999 -9999 -9999
68 68 60 60 60 72 72 72 92 92 83 83 83 52 52 59 59 59 47 47 47 33 33 56 56 56 65 65 64 64 64 70 70 70 71 71 66 66 66 52 52 52 27 27 20 20 20 29 29 41 41 41 -9999 -9999 -9999 -9999 -9999 -9999 -9999 -9999 -9999 -9999 -9999 -9999 -9999 -9999 -9999 -9999 -9999 -9999 -9999 -9999 -9999 -9999 -9999 -9999 -9999 -9999 -9999 -9999 -9999 -9999 -9999 -9999 -9999 -9999 -9999 -9999 -9999
68 68 60 60 60 72 72 72 92 92 83 83 83 52 52 59 59 59 47 47 47 33 33 56 56 56 65 65 64 64 64 70 70 70 71 71 66 66 66 52 52 52 27 27 20 20 20 29 29 41 41 -9999 -9999 -9999 -9999 -9999 -9999 -9999 -9999 -9999 -9999 -9999 -9999 -9999 -9999 -9999 -9999 -9999 -9999 -9999 -9999 -9999 -9999 -9999 -9999 -9999 -9999 -9999 -9999 -9999 -9999 -9999 -9999 -9999 -9999 -9999 -9999 -9999 -9999
70 70 55 55 55 60 60 60 84 84 93 93 93 62 62 58 58 58 55 55 55 47 47 57 57 57 54 54 51 51 51 60 60 60 56 56 57 57 57 57 57 57 38 38 26 26 26 26 26 18 18 -9999 -9999 -9999 -9999 -9999 -9999 -9999 -9999 -9999 -9999 -9999 -9999 -9999 -9999 -9999 -9999 -9999 -9999 -9999 -9999 -9999 -9999 -9999 -9999 -9999 -9999 -9999 -9999 -9999 -9999 -9999 -9999 -9999 -9999 -9999 -9999 -9999 -9999
70 70 55 55 55 60 60 60 84 84 93 93 93 62 62 58 58 58 55 55 55 47 47 57 57 57 54 54 51 51 51 60 60 60 56 56 57 57 57 57 57 57 38 38 26 26 26 26 26 18 -9999 -9999 -9999 -9999 -9999 -9999 -9999 -9999 -9999 -9999 -9999 -9999 -9999 -9999 -9999 -9999 -9999 -9999 -9999 -9999 -9999 -9999 -9999 -9999 -9999 -9999 -9999 -9999 -9999 -9999 -9999 -9999 -9999 -9999 -9999 -9999 -9999 -9999 -9999
47 47 46 46 46 63 63 63 82 82 89 89 89 70 70 65 65 65 65 65 65 69 69 70 70 70 34 34 16 16 16 41 41 41 52 52 59 59 59 50 50 50 35 35 31 31 31 27 27 -9999 -9999 -9999 -9999 -9999 -9999 -9999 -9999 -9999 -9999 -9999 -9999 -9999 -9999 -9999 -9999 -9999 -9999 -9999 -9999 -9999 -9999 -9999 -9999 -9999 -9999 -9999 -9999 -9999 -9999 -9999 -9999 -9999 -9999 -9999 -9999 -9999 -9999 -9999 -9999
47 47 46 46 46 63 63 63 82 82 89 89 89 70 70 65 65 65 65 65 65 69 69 70 70 70 34 34 16 16 16 41 41 41 52 52 59 59 59 50 50 50 35 35 31 31 31 27 27 0 -9999 -9999 -9999 -9999 -9999 -9999 -9999 -9999 -9999 -9999 -9999 -9999 -9999 -9999 -9999 -9999 -9999 -9999 -9999 -9999 -9999 -9999 -9999 -9999 -9999 -9999 -9999 -9999 -9999 -9999 -9999 -9999 -9999 -9999 -9999 -9999 -9999 -9999 -9999
47 47 46 46 46 63 63 63 82 82 89 89 89 70 70 65 65 65 65 65 65 69 69 70 70 70 34 34 16 16 16 41 41 41 52 52 59 59 59 50 50 50 35 35 31 31 31 27 27 0 0 -9999 -9999 -9999 -9999 -9999 -9999 -9999 -9999 -9999 -9999 -9999 -9999 -9999 -9999 -9999 -9999 -9999 -9999 -9999 -9999 -9999 -9999 -9999 -9999 -9999 -9999 -9999 -9999 -9999 -9999 -9999 -9999 -9999 -9999 -9999 -9999 -9999 -9999
29 29 38 38 38 67 67 67 88 88 90 90 90 72 72 73 73 73 87 87 87 89 89 71 71 71 18 18 0 0 0 0 0 0 55 55 60 60 60 44 44 44 0 0 41 41 41 42 42 2 2 -9999 -9999 -9999 -9999 -9999 -9999 -9999 -9999 -9999 -9999 -9999 -9999 -9999 -9999 -9999 -9999 -9999 -9999 -9999 -9999 -9999 -9999 -9999 -9999 -9999 -9999 -9999 -9999 -9999 -9999 -9999 -9999 -9999 -9999 -9999 -9999 -9999 -9999
29 29 38 38 38 67 67 67 88 88 90 90 90 72 72 73 73 73 87 87 87 89 89 71 71 71 18 18 0 0 0 0 0 0 55 55 60 60 60 44 44 44 0 0 41 41 41 42 42 2 2 -9999 -9999 -9999 -9999 -9999 -9999 -9999 -9999 -9999 -9999 -9999 -9999 -9999 -9999 -9999 -9999 -9999 -9999 -9999 -9999 -9999 -9999 -9999 -9999 -9999 -9999 -9999 -9999 -9999 -9999 -9999 -9999 -9999 -9999 -9999 -9999 -9999 -9999
29 29 38 38 38 67 67 67 88 88 90 90 90 72 72 73 73 73 87 87 87 89 89 71 71 71 18 18 0 0 0 0 0 0 55 55 60 60 60 44 44 44 0 0 41 41 41 42 42 2 2 -9999 -9999 -9999 -9999 -9999 -9999 -9999 -9999 -9999 -9999 -9999 -9999 -9999 -9999 -9999 -9999 -9999 -9999 -9999 -9999 -9999 -9999 -9999 -9999 -9999 -9999 -9999 -9999 -9999 -9999 -9999 -9999 -9999 -9999 -9999 -9999 -9999 -9999
29 29 28 28 28 51 51 51 83 83 97 97 97 74 74 74 74 74 100 100 100 94 94 49 49 49 9 9 0 0 0 41 41 41 49 49 52 52 52 41 41 41 30 30 46 46 46 51 51 33 33 -9999 -9999 -9999 -9999 -9999 -9999 -9999 -9999 -9999 -9999 -9999 -9999 -9999 -9999 -9999 -9999 -9999 -9999 -9999 -9999 -9999 -9999 -9999 -9999 -9999 -9999 -9999 -9999 -9999 -9999 -9999 -9999 -9999 -9999 -9999 -9999 -9999 -9999
29 29 28 28 28 51 51 51 83 83 97 97 97 74 74 74 74 74 100 100 100 94 94 49 49 49 9 9 0 0 0 41 41 41 49 49 52 52 52 41 41 41 30 30 46 46 46 51 51 33 -9999 -9999 -9999 -9999 -9999 -9999 -9999 -9999 -9999 -9999 -9999 -9999 -9999 -9999 -9999 -9999 -9999 -9999 -9999 -9999 -9999 -9999 -9999 -9999 -9999 -9999 -9999 -9999 -9999 -9999 -9999 -9999 -9999 -9999 -9999 -9999 -9999 -9999 -9999
44 44 34 34 34 34 34 34 58 58 89 89 89 85 85 83 83 83 99 99 99 82 82 27 27 27 0 0 32 32 32 45 45 45 43 43 48 48 48 42 42 42 29 29 46 46 46 56 56 34 -9999 -9999 -9999 -9999 -9999 -9999 -9999 -9999 -9999 -9999 -9999 -9999 -9999 -9999 -9999 -9999 -9999 -9999 -9999 -9999 -9999 -9999 -9999 -9999 -9999 -9999 -9999 -9999 -9999 -9999 -9999 -9999 -9999 -9999 -9999 -9999 -9999 -9999 -9999
44 44 34 34 34 34 34 34 58 58 89 89 89 85 85 83 83 83 99 99 99 82 82 27 27 27 0 0 32 32 32 45 45 45 43 43 48 48 48 42 42 42 29 29 46 46 46 56 56 -9999 -9999 -9999 -9999 -9999 -9999 -9999 -9999 -9999 -9999 -9999 -9999 -9999 -9999 -9999 -9999 -9999 -9999 -9999 -9999 -9999 -9999 -9999 -9999 -9999 -9999 -9999 -9999 -9999 -9999 -9999 -9999 -9999 -9999 -9999 -9999 -9999 -9999 -9999 -9999
44 44 34 34 34 34 34 34 58 58 89 89 89 85 85 83 83 83 99 99 99 82 82 27 27 27 0 0 32 32 32 45 45 45 43 43 48 48 48 42 42 42 29 29 46 46 46 56 56 -9999 -9999 -9999 -9999 -9999 -9999 -9999 -9999 -9999 -9999 -9999 -9999 -9999 -9999 -9999 -9999 -9999 -9999 -9999 -9999 -9999 -9999 -9999 -9999 -9999 -9999 -9999 -9999 -9999 -9999 -9999 -9999 -9999 -9999 -9999 -9999 -9999 -9999 -9999 -9999
58 58 51 51 51 29 29 29 32 32 66 66 66 87 87 95 95 95 95 95 95 71 71 0 0 0 41 41 47 47 47 50 50 50 47 47 51 51 51 44 44 44 29 29 0 0 0 61 61 -9999 -9999 -9999 -9999 -9999 -9999 -9999 -9999 -9999 -9999 -9999 -9999 -9999 -9999 -9999 -9999 -9999 -9999 -9999 -9999 -9999 -9999 -9999 -9999 -9999 -9999 -9999 -9999 -9999 -9999 -9999 -9999 -9999 -9999 -9999 -9999 -9999 -9999 -9999 -9999
58 58 51 51 51 29 29 29 32 32 66 66 66 87 87 95 95 95 95 95 95 71 71 0 0 0 41 41 47 47 47 50 50 50 47 47 51 51 51 44 44 44 29 29 0 0 0 61 61 11 -9999 -9999 -9999 -9999 -9999 -9999 -9999 -9999 -9999 -9999 -9999 -9999 -9999 -9999 -9999 -9999 -9999 -9999 -9999 -9999 -9999 -9999 -9999 -9999 -9999 -9999 -9999 -9999 -9999 -9999 -9999 -9999 -9999 -9999 -9999 -9999 -9999 -9999 -9999
56 56 51 51 51 31 31 31 32 32 53 53 53 64 64 82 82 82 99 99 99 85 85 56 56 56 47 47 50 50 50 55 55 55 47 47 45 45 45 35 35 35 30 30 50 50 50 58 58 0 -9999 -9999 -9999 -9999 -9999 -9999 -9999 -9999 -9999 -9999 -9999 -9999 -9999 -9999 -9999 -9999 -9999 -9999 -9999 -9999 -9999 -9999 -9999 -9999 -9999 -9999 -9999 -9999 -9999 -9999 -9999 -9999 -9999 -9999 -9999 -9999 -9999 -9999 -9999
56 56 51 51 51 31 31 31 32 32 53 53 53 64 64 82 82 82 99 99 99 85 85 56 56 56 47 47 50 50 50 55 55 55 47 47 45 45 45 35 35 35 30 30 50 50 50 58 58 0 -9999 -9999 -9999 -9999 -9999 -9999 -9999 -9999 -9999 -9999 -9999 -9999 -9999 -9999 -9999 -9999 -9999 -9999 -9999 -9999 -9999 -9999 -9999 -9999 -9999 -9999 -9999 -9999 -9999 -9999 -9999 -9999 -9999 -9999 -9999 -9999 -9999 -9999 -9999
56 56 51 51 51 31 31 31 32 32 53 53 53 64 64 82 82 82 99 99 99 85 85 56 56 56 47 47 50 50 50 55 55 55 47 47 45 45 45 35 35 35 30 30 50 50 50 58 58 0 -9999 -9999 -9999 -9999 -9999 -9999 -9999 -9999 -9999 -9999 -9999 -9999 -9999 -9999 -9999 -9999 -9999 -9999 -9999 -9999 -9999 -9999 -9999 -9999 -9999 -9999 -9999 -9999 -9999 -9999 -9999 -9999 -9999 -9999 -9999 -9999 -9999 -9999 -9999
42 42 38 38 38 43 43 43 69 69 67 67 67 30 30 44 44 44 105 105 105 115 115 80 80 80 45 45 52 52 52 60 60 60 35 35 31 31 31 33 33 33 41 41 53 53 53 54 54 13 13 -9999 -9999 -9999 -9999 -9999 -9999 -9999 -9999 -9999 -9999 -9999 -9999 -9999 -9999 -9999 -9999 -9999 -9999 -9999 -9999 -9999 -9999 -9999 -9999 -9999 -9999 -9999 -9999 -9999 -9999 -9999 -9999 -9999 -9999 -9999 -9999 -9999 -9999
42 42 38 38 38 43 43 43 69 69 67 67 67 30 30 44 44 44 105 105 105 115 115 80 80 80 45 45 52 52 52 60 60 60 35 35 31 31 31 33 33 33 41 41 53 53 53 54 54 13 13 -9999 -9999 -9999 -9999 -9999 -9999 -9999 -9999 -9999 -9999 -9999 -9999 -9999 -9999 -9999 -9999 -9999 -9999 -9999 -9999 -9999 -9999 -9999 -9999 -9999 -9999 -9999 -9999 -9999 -9999 -9999 -9999 -9999 -9999 -9999 -9999 -9999 -9999
42 42 38 38 38 43 43 43 69 69 67 67 67 30 30 44 44 44 105 105 105 115 115 80 80 80 45 45 52 52 52 60 60 60 35 35 31 31 31 33 33 33 41 41 53 53 53 54 54 13 13 -9999 -9999 -9999 -9999 -9999 -9999 -9999 -9999 -9999 -9999 -9999 -9999 -9999 -9999 -9999 -9999 -9999 -9999 -9999 -9999 -9999 -9999 -9999 -9999 -9999 -9999 -9999 -9999 -9999 -9999 -9999 -9999 -9999 -9999 -9999 -9999 -9999 -9999
26 26 37 37 37 64 64 64 102 102 85 85 85 10 10 0 0 0 91 91 91 118 118 106 106 106 50 50 45 45 45 54 54 54 19 19 0 0 0 43 43 43 49 49 54 54 54 53 53 40 40 -9999 -9999 -9999 -9999 -9999 -9999 -9999 -9999 -9999 -9999 -9999 -9999 -9999 -9999 -9999 -9999 -9999 -9999 -9999 -9999 -9999 -9999 -9999 -9999 -9999 -9999 -9999 -9999 -9999 -9999 -9999 -9999 -9999 -9999 -9999 -9999 -9999 -9999
26 26 37 37 37 64 64 64 102 102 85 85 85 10 10 0 0 0 91 91 91 118 118 106 106 106 50 50 45 45 45 54 54 54 19 19 0 0 0 43 43 43 49 49 54 54 54 53 53 40 40 -9999 -9999 -9999 -9999 -9999 -9999 -9999 -9999 -9999 -9999 -9999 -9999 -9999 -9999 -9999 -9999 -9999 -9999 -9999 -9999 -9999 -9999 -9999 -9999 -9999 -9999 -9999 -9999 -9999 -9999 -9999 -9999 -9999 -9999 -9999 -9999 -9999 -9999
