SEB_model/sample_data_files/contemp/hillshade/may6pm.txt
ncols         313
nrows         278
xllcorner     388961.19995117
yllcorner     7584381.3441773
cellsize      5
NODATA_value  -9999
[rows 200 to 239 of 278, columns 89 to 177 of 313]
40 40 14 14 14 0 0 0 0 0 0 0 0 108 108 132 132 132 84 84 84 38 38 36 36 36 46 46 43 43 43 55 55 55 44 44 33 33 33 30 30 30 29 29 63 63 63 85 85 86 86 86 76 76 76 83 83 -9999 -9999 -9999 -9999 -9999 -9999 -9999 -9999 -9999 -9999 -9999 -9999 -9999 -9999 -9999 -9999 -9999 -9999 -9999 -9999 -9999 -9999 -9999 -9999 -9999 -9999 -9999 -9999 -9999 -9999 -9999 -9999
40 40 14 14 14 0 0 0 0 0 0 0 0 108 108 132 132 132 84 84 84 38 38 36 36 36 46 46 43 43 43 55 55 55 44 44 33 33 33 30 30 30 29 29 63 63 63 85 85 86 86 86 76 76 76 83 83 -9999 -9999 -9999 -9999 -9999 -9999 -9999 -9999 -9999 -9999 -9999 -9999 -9999 -9999 -9999 -9999 -9999 -9999 -9999 -9999 -9999 -9999 -9999 -9999 -9999 -9999 -9999 -9999 -9999 -9999 -9999 -9999
22 22 0 0 0 0 0 0 0 0 0 0 0 86 86 100 100 100 64 64 64 31 31 29 29 29 32 32 40 40 40 60 60 60 53 53 43 43 43 41 41 41 53 53 85 85 85 92 92 88 88 88 90 90 90 98 98 57 -9999 -9999 -9999 -9999 -9999 -9999 -9999 -9999 -9999 -9999 -9999 -9999 -9999 -9999 -9999 -9999 -9999 -9999 -9999 -9999 -9999 -9999 -9999 -9999 -9999 -9999 -9999 -9999 -9999 -9999 -9999
22 22 0 0 0 0 0 0 0 0 0 0 0 86 86 100 100 100 64 64 64 31 31 29 29 29 32 32 40 40 40 60 60 60 53 53 43 43 43 41 41 41 53 53 85 85 85 92 92 88 88 88 90 90 90 98 98 57 -9999 -9999 -9999 -9999 -9999 -9999 -9999 -9999 -9999 -9999 -9999 -9999 -9999 -9999 -9999 -9999 -9999 -9999 -9999 -9999 -9999 -9999 -9999 -9999 -9999 -9999 -9999 -9999 -9999 -9999 -9999
22 22 0 0 0 0 0 0 0 0 0 0 0 86 86 100 100 100 64 64 64 31 31 29 29 29 32 32 40 40 40 60 60 60 53 53 43 43 43 41 41 41 53 53 85 85 85 92 92 88 88 88 90 90 90 98 98 57 -9999 -9999 -9999 -9999 -9999 -9999 -9999 -9999 -9999 -9999 -9999 -9999 -9999 -9999 -9999 -9999 -9999 -9999 -9999 -9999 -9999 -9999 -9999 -9999 -9999 -9999 -9999 -9999 -9999 -9999 -9999
18 18 9 9 9 0 0 0 0 0 57 57 57 76 76 77 77 77 32 32 32 0 0 81 81 81 73 73 71 71 71 78 78 78 78 78 74 74 74 74 74 74 88 88 103 103 103 96 96 89 89 89 92 92 92 100 100 -9999 -9999 -9999 -9999 -9999 -9999 -9999 -9999 -9999 -9999 -9999 -9999 -9999 -9999 -9999 -9999 -9999 -9999 -9999 -9999 -9999 -9999 -9999 -9999 -9999 -9999 -9999 -9999 -9999 -9999 -9999 -9999
18 18 9 9 9 0 0 0 0 0 57 57 57 76 76 77 77 77 32 32 32 0 0 81 81 81 73 73 71 71 71 78 78 78 78 78 74 74 74 74 74 74 88 88 103 103 103 96 96 89 89 89 92 92 92 100 100 -9999 -9999 -9999 -9999 -9999 -9999 -9999 -9999 -9999 -9999 -9999 -9999 -9999 -9999 -9999 -9999 -9999 -9999 -9999 -9999 -9999 -9999 -9999 -9999 -9999 -9999 -9999 -9999 -9999 -9999 -9999 -9999
16 16 22 22 22 7 7 7 0 0 56 56 56 74 74 77 77 77 25 25 25 0 0 115 115 115 108 108 93 93 93 88 88 88 90 90 90 90 90 95 95 95 107 107 109 109 109 97 97 91 91 91 97 97 97 93 -9999 -9999 -9999 -9999 -9999 -9999 -9999 -9999 -9999 -9999 -9999 -9999 -9999 -9999 -9999 -9999 -9999 -9999 -9999 -9999 -9999 -9999 -9999 -9999 -9999 -9999 -9999 -9999 -9999 -9999 -9999 -9999 -9999
16 16 22 22 22 7 7 7 0 0 56 56 56 74 74 77 77 77 25 25 25 0 0 115 115 115 108 108 93 93 93 88 88 88 90 90 90 90 90 95 95 95 107 107 109 109 109 97 97 91 91 91 97 97 97 93 -9999 -9999 -9999 -9999 -9999 -9999 -9999 -9999 -9999 -9999 -9999 -9999 -9999 -9999 -9999 -9999 -9999 -9999 -9999 -9999 -9999 -9999 -9999 -9999 -9999 -9999 -9999 -9999 -9999 -9999 -9999 -9999 -9999
16 16 22 22 22 7 7 7 0 0 56 56 56 74 74 77 77 77 25 25 25 0 0 115 115 115 108 108 93 93 93 88 88 88 90 90 90 90 90 95 95 95 107 107 109 109 109 97 97 91 91 91 97 97 97 93 93 -9999 -9999 -9999 -9999 -9999 -9999 -9999 -9999 -9999 -9999 -9999 -9999 -9999 -9999 -9999 -9999 -9999 -9999 -9999 -9999 -9999 -9999 -9999 -9999 -9999 -9999 -9999 -9999 -9999 -9999 -9999 -9999
22 22 34 34 34 30 30 30 0 0 53 53 53 78 78 80 80 80 32 32 32 0 0 114 114 114 123 123 110 110 110 98 98 98 92 92 89 89 89 97 97 97 110 110 109 109 109 99 99 96 96 96 102 102 102 85 85 -9999 -9999 -9999 -9999 -9999 -9999 -9999 -9999 -9999 -9999 -9999 -9999 -9999 -9999 -9999 -9999 -9999 -9999 -9999 -9999 -9999 -9999 -9999 -9999 -9999 -9999 -9999 -9999 -9999 -9999 -9999 -9999
22 22 34 34 34 30 30 30 0 0 53 53 53 78 78 80 80 80 32 32 32 0 0 114 114 114 123 123 110 110 110 98 98 98 92 92 89 89 89 97 97 97 110 110 109 109 109 99 99 96 96 96 102 102 102 85 85 -9999 -9999 -9999 -9999 -9999 -9999 -9999 -9999 -9999 -9999 -9999 -9999 -9999 -9999 -9999 -9999 -9999 -9999 -9999 -9999 -9999 -9999 -9999 -9999 -9999 -9999 -9999 -9999 -9999 -9999 -9999 -9999
22 22 34 34 34 30 30 30 0 0 53 53 53 78 78 80 80 80 32 32 32 0 0 114 114 114 123 123 110 110 110 98 98 98 92 92 89 89 89 97 97 97 110 110 109 109 109 99 99 96 96 96 102 102 102 85 85 -9999 -9999 -9999 -9999 -9999 -9999 -9999 -9999 -9999 -9999 -9999 -9999 -9999 -9999 -9999 -9999 -9999 -9999 -9999 -9999 -9999 -9999 -9999 -9999 -9999 -9999 -9999 -9999 -9999 -9999 -9999 -9999
42 42 50 50 50 52 52 52 27 27 44 44 44 77 77 79 79 79 43 43 43 50 50 110 110 110 132 132 129 129 129 113 113 113 100 100 89 89 89 91 91 91 105 105 110 110 110 104 104 104 104 104 107 107 107 99 99 -9999 -9999 -9999 -9999 -9999 -9999 -9999 -9999 -9999 -9999 -9999 -9999 -9999 -9999 -9999 -9999 -9999 -9999 -9999 -9999 -9999 -9999 -9999 -9999 -9999 -9999 -9999 -9999 -9999 -9999 -9999 -9999
42 42 50 50 50 52 52 52 27 27 44 44 44 77 77 79 79 79 43 43 43 50 50 110 110 110 132 132 129 129 129 113 113 113 100 100 89 89 89 91 91 91 105 105 110 110 110 104 104 104 104 104 107 107 107 99 99 -9999 -9999 -9999 -9999 -9999 -9999 -9999 -9999 -9999 -9999 -9999 -9999 -9999 -9999 -9999 -9999 -9999 -9999 -9999 -9999 -9999 -9999 -9999 -9999 -9999 -9999 -9999 -9999 -9999 -9999 -9999 -9999
60 60 66 66 66 68 68 68 34 34 0 0 0 76 76 83 83 83 59 59 59 63 63 106 106 106 133 133 141 141 141 123 123 123 101 101 88 88 88 91 91 91 103 103 112 112 112 114 114 112 112 112 110 110 110 109 109 -9999 -9999 -9999 -9999 -9999 -9999 -9999 -9999 -9999 -9999 -9999 -9999 -9999 -9999 -9999 -9999 -9999 -9999 -9999 -9999 -9999 -9999 -9999 -9999 -9999 -9999 -9999 -9999 -9999 -9999 -9999 -9999
60 60 66 66 66 68 68 68 34 34 0 0 0 76 76 83 83 83 59 59 59 63 63 106 106 106 133 133 141 141 141 123 123 123 101 101 88 88 88 91 91 91 103 103 112 112 112 114 114 112 112 112 110 110 110 109 109 -9999 -9999 -9999 -9999 -9999 -9999 -9999 -9999 -9999 -9999 -9999 -9999 -9999 -9999 -9999 -9999 -9999 -9999 -9999 -9999 -9999 -9999 -9999 -9999 -9999 -9999 -9999 -9999 -9999 -9999 -9999 -9999
60 60 66 66 66 68 68 68 34 34 0 0 0 76 76 83 83 83 59 59 59 63 63 106 106 106 133 133 141 141 141 123 123 123 101 101 88 88 88 91 91 91 103 103 112 112 112 114 114 112 112 112 110 110 110 109 109 -9999 -9999 -9999 -9999 -9999 -9999 -9999 -9999 -9999 -9999 -9999 -9999 -9999 -9999 -9999 -9999 -9999 -9999 -9999 -9999 -9999 -9999 -9999 -9999 -9999 -9999 -9999 -9999 -9999 -9999 -9999 -9999
69 69 77 77 77 80 80 80 49 49 43 43 43 74 74 89 89 89 78 78 78 83 83 109 109 109 130 130 134 134 134 115 115 115 93 93 93 93 93 105 105 105 111 111 114 114 114 119 119 117 117 117 112 112 112 108 108 -9999 -9999 -9999 -9999 -9999 -9999 -9999 -9999 -9999 -9999 -9999 -9999 -9999 -9999 -9999 -9999 -9999 -9999 -9999 -9999 -9999 -9999 -9999 -9999 -9999 -9999 -9999 -9999 -9999 -9999 -9999 -9999
69 69 77 77 77 80 80 80 49 49 43 43 43 74 74 89 89 89 78 78 78 83 83 109 109 109 130 130 134 134 134 115 115 115 93 93 93 93 93 105 105 105 111 111 114 114 114 119 119 117 117 117 112 112 112 108 108 -9999 -9999 -9999 -9999 -9999 -9999 -9999 -9999 -9999 -9999 -9999 -9999 -9999 -9999 -9999 -9999 -9999 -9999 -9999 -9999 -9999 -9999 -9999 -9999 -9999 -9999 -9999 -9999 -9999 -9999 -9999 -9999
75 75 87 87 87 83 83 83 66 66 61 61 61 74 74 91 91 91 97 97 97 108 108 116 116 116 117 117 110 110 110 91 91 91 92 92 109 109 109 119 119 119 122 122 119 119 119 116 116 115 115 115 112 112 112 98 98 -9999 -9999 -9999 -9999 -9999 -9999 -9999 -9999 -9999 -9999 -9999 -9999 -9999 -9999 -9999 -9999 -9999 -9999 -9999 -9999 -9999 -9999 -9999 -9999 -9999 -9999 -9999 -9999 -9999 -9999 -9999 -9999
75 75 87 87 87 83 83 83 66 66 61 61 61 74 74 91 91 91 97 97 97 108 108 116 116 116 117 117 110 110 110 91 91 91 92 92 109 109 109 119 119 119 122 122 119 119 119 116 116 115 115 115 112 112 112 98 -9999 -9999 -9999 -9999 -9999 -9999 -9999 -9999 -9999 -9999 -9999 -9999 -9999 -9999 -9999 -9999 -9999 -9999 -9999 -9999 -9999 -9999 -9999 -9999 -9999 -9999 -9999 -9999 -9999 -9999 -9999 -9999 -9999
75 75 87 87 87 83 83 83 66 66 61 61 61 74 74 91 91 91 97 97 97 108 108 116 116 116 117 117 110 110 110 91 91 91 92 92 109 109 109 119 119 119 122 122 119 119 119 116 116 115 115 115 112 112 112 98 -9999 -9999 -9999 -9999 -9999 -9999 -9999 -9999 -9999 -9999 -9999 -9999 -9999 -9999 -9999 -9999 -9999 -9999 -9999 -9999 -9999 -9999 -9999 -9999 -9999 -9999 -9999 -9999 -9999 -9999 -9999 -9999 -9999
80 80 80 80 80 78 78 78 88 88 93 93 93 90 90 98 98 98 109 109 109 106 106 99 99 99 90 90 87 87 87 92 92 92 105 105 122 122 122 128 128 128 132 132 124 124 124 112 112 110 110 110 112 112 112 75 -9999 -9999 -9999 -9999 -9999 -9999 -9999 -9999 -9999 -9999 -9999 -9999 -9999 -9999 -9999 -9999 -9999 -9999 -9999 -9999 -9999 -9999 -9999 -9999 -9999 -9999 -9999 -9999 -9999 -9999 -9999 -9999 -9999
80 80 80 80 80 78 78 78 88 88 93 93 93 90 90 98 98 98 109 109 109 106 106 99 99 99 90 90 87 87 87 92 92 92 105 105 122 122 122 128 128 128 132 132 124 124 124 112 112 110 110 110 112 112 112 75 -9999 -9999 -9999 -9999 -9999 -9999 -9999 -9999 -9999 -9999 -9999 -9999 -9999 -9999 -9999 -9999 -9999 -9999 -9999 -9999 -9999 -9999 -9999 -9999 -9999 -9999 -9999 -9999 -9999 -9999 -9999 -9999 -9999
80 80 80 80 80 78 78 78 88 88 93 93 93 90 90 98 98 98 109 109 109 106 106 99 99 99 90 90 87 87 87 92 92 92 105 105 122 122 122 128 128 128 132 132 124 124 124 112 112 110 110 110 112 112 112 75 -9999 -9999 -9999 -9999 -9999 -9999 -9999 -9999 -9999 -9999 -9999 -9999 -9999 -9999 -9999 -9999 -9999 -9999 -9999 -9999 -9999 -9999 -9999 -9999 -9999 -9999 -9999 -9999 -9999 -9999 -9999 -9999 -9999
76 76 56 56 56 0 0 0 110 110 117 117 117 109 109 105 105 105 98 98 98 61 61 53 53 53 81 81 103 103 103 112 112 112 117 117 128 128 128 132 132 132 133 133 124 124 124 114 114 112 112 112 112 112 112 66 -9999 -9999 -9999 -9999 -9999 -9999 -9999 -9999 -9999 -9999 -9999 -9999 -9999 -9999 -9999 -9999 -9999 -9999 -9999 -9999 -9999 -9999 -9999 -9999 -9999 -9999 -9999 -9999 -9999 -9999 -9999 -9999 -9999
76 76 56 56 56 0 0 0 110 110 117 117 117 109 109 105 105 105 98 98 98 61 61 53 53 53 81 81 103 103 103 112 112 112 117 117 128 128 128 132 132 132 133 133 124 124 124 114 114 112 112 112 112 112 112 66 66 -9999 -9999 -9999 -9999 -9999 -9999 -9999 -9999 -9999 -9999 -9999 -9999 -9999 -9999 -9999 -9999 -9999 -9999 -9999 -9999 -9999 -9999 -9999 -9999 -9999 -9999 -9999 -9999 -9999 -9999 -9999 -9999
73 73 63 63 63 84 84 84 109 109 117 117 117 110 110 86 86 86 46 46 46 24 24 0 0 0 110 110 125 125 125 122 122 122 132 132 136 136 136 126 126 126 123 123 119 119 119 121 121 120 120 120 116 116 116 82 82 -9999 -9999 -9999 -9999 -9999 -9999 -9999 -9999 -9999 -9999 -9999 -9999 -9999 -9999 -9999 -9999 -9999 -9999 -9999 -9999 -9999 -9999 -9999 -9999 -9999 -9999 -9999 -9999 -9999 -9999 -9999 -9999
73 73 63 63 63 84 84 84 109 109 117 117 117 110 110 86 86 86 46 46 46 24 24 0 0 0 110 110 125 125 125 122 122 122 132 132 136 136 136 126 126 126 123 123 119 119 119 121 121 120 120 120 116 116 116 82 82 -9999 -9999 -9999 -9999 -9999 -9999 -9999 -9999 -9999 -9999 -9999 -9999 -9999 -9999 -9999 -9999 -9999 -9999 -9999 -9999 -9999 -9999 -9999 -9999 -9999 -9999 -9999 -9999 -9999 -9999 -9999 -9999
73 73 63 63 63 84 84 84 109 109 117 117 117 110 110 86 86 86 46 46 46 24 24 0 0 0 110 110 125 125 125 122 122 122 132 132 136 136 136 126 126 126 123 123 119 119 119 121 121 120 120 120 116 116 116 82 82 73 -9999 -9999 -9999 -9999 -9999 -9999 -9999 -9999 -9999 -9999 -9999 -9999 -9999 -9999 -9999 -9999 -9999 -9999 -9999 -9999 -9999 -9999 -9999 -9999 -9999 -9999 -9999 -9999 -9999 -9999 -9999
88 88 98 98 98 92 92 92 91 91 94 94 94 68 68 35 35 35 0 0 0 0 0 110 110 110 132 132 137 137 137 128 128 128 142 142 140 140 140 117 117 117 112 112 115 115 115 125 125 130 130 130 123 123 123 107 107 81 81 -9999 -9999 -9999 -9999 -9999 -9999 -9999 -9999 -9999 -9999 -9999 -9999 -9999 -9999 -9999 -9999 -9999 -9999 -9999 -9999 -9999 -9999 -9999 -9999 -9999 -9999 -9999 -9999 -9999 -9999
88 88 98 98 98 92 92 92 91 91 94 94 94 68 68 35 35 35 0 0 0 0 0 110 110 110 132 132 137 137 137 128 128 128 142 142 140 140 140 117 117 117 112 112 115 115 115 125 125 130 130 130 123 123 123 107 107 81 81 81 -9999 -9999 -9999 -9999 -9999 -9999 -9999 -9999 -9999 -9999 -9999 -9999 -9999 -9999 -9999 -9999 -9999 -9999 -9999 -9999 -9999 -9999 -9999 -9999 -9999 -9999 -9999 -9999 -9999
107 107 111 111 111 95 95 95 82 82 61 61 61 4 4 0 0 0 98 98 98 139 139 133 133 133 143 143 150 150 150 133 133 133 140 140 134 134 134 121 121 121 117 117 113 113 113 127 127 134 134 134 129 129 129 121 121 99 99 99 62 -9999 -9999 -9999 -9999 -9999 -9999 -9999 -9999 -9999 -9999 -9999 -9999 -9999 -9999 -9999 -9999 -9999 -9999 -9999 -9999 -9999 -9999 -9999 -9999 -9999 -9999 -9999 -9999
107 107 111 111 111 95 95 95 82 82 61 61 61 4 4 0 0 0 98 98 98 139 139 133 133 133 143 143 150 150 150 133 133 133 140 140 134 134 134 121 121 121 117 117 113 113 113 127 127 134 134 134 129 129 129 121 121 99 99 99 62 -9999 -9999 -9999 -9999 -9999 -9999 -9999 -9999 -9999 -9999 -9999 -9999 -9999 -9999 -9999 -9999 -9999 -9999 -9999 -9999 -9999 -9999 -9999 -9999 -9999 -9999 -9999 -9999
107 107 111 111 111 95 95 95 82 82 61 61 61 4 4 0 0 0 98 98 98 139 139 133 133 133 143 143 150 150 150 133 133 133 140 140 134 134 134 121 121 121 117 117 113 113 113 127 127 134 134 134 129 129 129 121 121 99 99 99 62 62 -9999 -9999 -9999 -9999 -9999 -9999 -9999 -9999 -9999 -9999 -9999 -9999 -9999 -9999 -9999 -9999 -9999 -9999 -9999 -9999 -9999 -9999 -9999 -9999 -9999 -9999 -9999
112 112 114 114 114 96 96 96 59 59 20 20 20 0 0 0 0 0 146 146 146 163 163 146 146 146 153 153 157 157 157 129 129 129 133 133 132 132 132 128 128 128 128 128 119 119 119 125 125 131 131 131 128 128 128 122 122 111 111 111 60 -9999 -9999 -9999 -9999 -9999 -9999 -9999 -9999 -9999 -9999 -9999 -9999 -9999 -9999 -9999 -9999 -9999 -9999 -9999 -9999 -9999 -9999 -9999 -9999 -9999 -9999 -9999 -9999
112 112 114 114 114 96 96 96 59 59 20 20 20 0 0 0 0 0 146 146 146 163 163 146 146 146 153 153 157 157 157 129 129 129 133 133 132 132 132 128 128 128 128 128 119 119 119 125 125 131 131 131 128 128 128 122 122 111 111 111 60 -9999 -9999 -9999 -9999 -9999 -9999 -9999 -9999 -9999 -9999 -9999 -9999 -9999 -9999 -9999 -9999 -9999 -9999 -9999 -9999 -9999 -9999 -9999 -9999 -9999 -9999 -9999 -9999
112 112 114 114 114 96 96 96 59 59 20 20 20 0 0 0 0 0 146 146 146 163 163 146 146 146 153 153 157 157 157 129 129 129 133 133 132 132 132 128 128 128 128 128 119 119 119 125 125 131 131 131 128 128 128 122 122 111 111 111 60 -9999 -9999 -9999 -9999 -9999 -9999 -9999 -9999 -9999 -9999 -9999 -9999 -9999 -9999 -9999 -9999 -9999 -9999 -9999 -9999 -9999 -9999 -9999 -9999 -9999 -9999 -9999 -9999
112 112 122 122 122 78 78 78 23 23 0 0 0 85 85 118 118 118 143 143 143 165 165 159 159 159 159 159 154 154 154 125 125 125 133 133 136 136 136 132 132 132 136 136 126 126 126 120 120 122 122 122 124 124 124 124 124 116 116 116 58 -9999 -9999 -9999 -9999 -9999 -9999 -9999 -9999 -9999 -9999 -9999 -9999 -9999 -9999 -9999 -9999 -9999 -9999 -9999 -9999 -9999 -9999 -9999 -9999 -9999 -9999 -9999 -9999
