SEB_model/sample_data_files/contemp/hillshade/may6am.txt
ncols         313
nrows         278
xllcorner     388961.19995117
yllcorner     7584381.3441773
cellsize      5
NODATA_value  -9999
[rows 111 to 147 of 278, columns 168 to 251 of 313]
119 119 119 119 127 127 127 121 121 121 113 113 100 100 100 89 89 89 86 86 89 89 89 117 117 125 125 125 116 116 116 114 114 104 104 104 104 104 108 108 108 92 92 92 84 84 87 87 87 100 100 100 127 127 133 133 133 125 125 114 114 114 113 113 113 127 127 116 116 116 103 103 130 130 130 132 132 132 107 107 -9999 -9999 -9999 -9999
119 119 119 119 127 127 127 121 121 121 113 113 100 100 100 89 89 89 86 86 89 89 89 117 117 125 125 125 116 116 116 114 114 104 104 104 104 104 108 108 108 92 92 92 84 84 87 87 87 100 100 100 127 127 133 133 133 125 125 114 114 114 113 113 113 127 127 116 116 116 103 103 130 130 130 132 132 132 107 107 115 115 -9999 -9999
115 115 116 116 119 119 119 111 111 111 115 115 107 107 107 88 88 88 85 85 88 88 88 118 118 134 134 134 127 127 127 125 125 111 111 111 102 102 105 105 105 90 90 90 78 78 88 88 88 109 109 109 138 138 143 143 143 130 130 116 116 116 109 109 109 108 108 99 99 99 100 100 120 120 120 118 118 118 102 102 118 118 118 118
115 115 116 116 119 119 119 111 111 111 115 115 107 107 107 88 88 88 85 85 88 88 88 118 118 134 134 134 127 127 127 125 125 111 111 111 102 102 105 105 105 90 90 90 78 78 88 88 88 109 109 109 138 138 143 143 143 130 130 116 116 116 109 109 109 108 108 99 99 99 100 100 120 120 120 118 118 118 102 102 118 118 118 118
115 115 116 116 119 119 119 111 111 111 115 115 107 107 107 88 88 88 85 85 88 88 88 118 118 134 134 134 127 127 127 125 125 111 111 111 102 102 105 105 105 90 90 90 78 78 88 88 88 109 109 109 138 138 143 143 143 130 130 116 116 116 109 109 109 108 108 99 99 99 100 100 120 120 120 118 118 118 102 102 118 118 118 118
108 108 106 106 112 112 112 107 107 107 112 112 106 106 106 87 87 87 87 87 95 95 95 120 120 139 139 139 136 136 136 130 130 118 118 118 106 106 92 92 92 70 70 70 69 69 93 93 93 123 123 123 144 144 140 140 140 128 128 112 112 112 96 96 96 100 100 98 98 98 97 97 106 106 106 105 105 105 103 103 110 110 110 108
108 108 106 106 112 112 112 107 107 107 112 112 106 106 106 87 87 87 87 87 95 95 95 120 120 139 139 139 136 136 136 130 130 118 118 118 106 106 92 92 92 70 70 70 69 69 93 93 93 123 123 123 144 144 140 140 140 128 128 112 112 112 96 96 96 100 100 98 98 98 97 97 106 106 106 105 105 105 103 103 110 110 110 108
109 109 105 105 114 114 114 116 116 116 120 120 109 109 109 94 94 94 99 99 109 109 109 131 131 145 145 145 148 148 148 138 138 116 116 116 112 112 90 90 90 49 49 49 57 57 102 102 102 139 139 139 146 146 130 130 130 120 120 100 100 100 82 82 82 99 99 108 108 108 106 106 107 107 107 101 101 101 102 102 104 104 104 105
109 109 105 105 114 114 114 116 116 116 120 120 109 109 109 94 94 94 99 99 109 109 109 131 131 145 145 145 148 148 148 138 138 116 116 116 112 112 90 90 90 49 49 49 57 57 102 102 102 139 139 139 146 146 130 130 130 120 120 100 100 100 82 82 82 99 99 108 108 108 106 106 107 107 107 101 101 101 102 102 104 104 104 105
109 109 105 105 114 114 114 116 116 116 120 120 109 109 109 94 94 94 99 99 109 109 109 131 131 145 145 145 148 148 148 138 138 116 116 116 112 112 90 90 90 49 49 49 57 57 102 102 102 139 139 139 146 146 130 130 130 120 120 100 100 100 82 82 82 99 99 108 108 108 106 106 107 107 107 101 101 101 102 102 104 104 104 105
115 115 114 114 118 118 118 122 122 122 133 133 118 118 118 97 97 97 101 101 113 113 113 137 137 143 143 143 148 148 148 141 141 110 110 110 105 105 88 88 88 45 45 45 49 49 101 101 101 138 138 138 135 135 112 112 112 104 104 86 86 86 77 77 77 103 103 116 116 116 115 115 110 110 110 100 100 100 104 104 109 109 109 110
115 115 114 114 118 118 118 122 122 122 133 133 118 118 118 97 97 97 101 101 113 113 113 137 137 143 143 143 148 148 148 141 141 110 110 110 105 105 88 88 88 45 45 45 49 49 101 101 101 138 138 138 135 135 112 112 112 104 104 86 86 86 77 77 77 103 103 116 116 116 115 115 110 110 110 100 100 100 104 104 109 109 109 110
115 115 114 114 118 118 118 122 122 122 133 133 118 118 118 97 97 97 101 101 113 113 113 137 137 143 143 143 148 148 148 141 141 110 110 110 105 105 88 88 88 45 45 45 49 49 101 101 101 138 138 138 135 135 112 112 112 104 104 86 86 86 77 77 77 103 103 116 116 116 115 115 110 110 110 100 100 100 104 104 109 109 109 -9999
124 124 125 125 134 134 134 130 130 130 134 134 122 122 122 94 94 94 87 87 105 105 105 136 136 141 141 141 139 139 139 136 136 108 108 108 91 91 72 72 72 46 46 46 61 61 96 96 96 118 118 118 122 122 106 106 106 96 96 84 84 84 87 87 87 114 114 122 122 122 121 121 115 115 115 107 107 107 113 113 116 116 -9999 -9999
124 124 125 125 134 134 134 130 130 130 134 134 122 122 122 94 94 94 87 87 105 105 105 136 136 141 141 141 139 139 139 136 136 108 108 108 91 91 72 72 72 46 46 46 61 61 96 96 96 118 118 118 122 122 106 106 106 96 96 84 84 84 87 87 87 114 114 122 122 122 121 121 115 115 115 107 107 107 113 113 116 -9999 -9999 -9999
123 123 130 130 148 148 148 141 141 141 124 124 105 105 105 82 82 82 74 74 92 92 92 127 127 136 136 136 127 127 127 125 125 104 104 104 77 77 59 59 59 54 54 54 77 77 91 91 91 99 99 99 118 118 115 115 115 101 101 92 92 92 102 102 102 124 124 123 123 123 122 122 120 120 120 117 117 117 -9999 -9999 -9999 -9999 -9999 -9999
123 123 130 130 148 148 148 141 141 141 124 124 105 105 105 82 82 82 74 74 92 92 92 127 127 136 136 136 127 127 127 125 125 104 104 104 77 77 59 59 59 54 54 54 77 77 91 91 91 99 99 99 118 118 115 115 115 101 101 92 92 92 102 102 102 124 124 123 123 123 122 122 120 120 120 117 117 117 -9999 -9999 -9999 -9999 -9999 -9999
123 123 130 130 148 148 148 141 141 141 124 124 105 105 105 82 82 82 74 74 92 92 92 127 127 136 136 136 127 127 127 125 125 104 104 104 77 77 59 59 59 54 54 54 77 77 91 91 91 99 99 99 118 118 115 115 115 101 101 92 92 92 102 102 102 124 124 123 123 123 122 122 120 120 120 117 -9999 -9999 -9999 -9999 -9999 -9999 -9999 -9999
115 115 133 133 152 152 152 137 137 137 111 111 86 86 86 66 66 66 69 69 86 86 86 113 113 119 119 119 116 116 116 115 115 94 94 94 70 70 68 68 68 73 73 73 76 76 83 83 83 97 97 97 122 122 127 127 127 114 114 105 105 105 112 112 112 123 123 120 120 120 136 136 140 140 140 125 -9999 -9999 -9999 -9999 -9999 -9999 -9999 -9999
115 115 133 133 152 152 152 137 137 137 111 111 86 86 86 66 66 66 69 69 86 86 86 113 113 119 119 119 116 116 116 115 115 94 94 94 70 70 68 68 68 73 73 73 76 76 83 83 83 97 97 97 122 122 127 127 127 114 114 105 105 105 112 112 112 123 123 120 120 120 -9999 -9999 -9999 -9999 -9999 -9999 -9999 -9999 -9999 -9999 -9999 -9999 -9999 -9999
126 126 151 151 160 160 160 129 129 129 103 103 91 91 91 71 71 71 70 70 90 90 90 112 112 108 108 108 118 118 118 122 122 96 96 96 83 83 90 90 90 89 89 89 78 78 86 86 86 108 108 108 134 134 139 139 139 128 128 116 116 116 114 114 114 135 135 -9999 -9999 -9999 -9999 -9999 -9999 -9999 -9999 -9999 -9999 -9999 -9999 -9999 -9999 -9999 -9999 -9999
126 126 151 151 160 160 160 129 129 129 103 103 91 91 91 71 71 71 70 70 90 90 90 112 112 108 108 108 118 118 118 122 122 96 96 96 83 83 90 90 90 89 89 89 78 78 86 86 86 108 108 108 134 134 139 139 139 128 128 116 116 116 114 114 114 -9999 -9999 -9999 -9999 -9999 -9999 -9999 -9999 -9999 -9999 -9999 -9999 -9999 -9999 -9999 -9999 -9999 -9999 -9999
126 126 151 151 160 160 160 129 129 129 103 103 91 91 91 71 71 71 70 70 90 90 90 112 112 108 108 108 118 118 118 122 122 96 96 96 83 83 90 90 90 89 89 89 78 78 86 86 86 108 108 108 134 134 139 139 139 128 128 116 116 116 114 114 -9999 -9999 -9999 -9999 -9999 -9999 -9999 -9999 -9999 -9999 -9999 -9999 -9999 -9999 -9999 -9999 -9999 -9999 -9999 -9999
145 145 167 167 162 162 162 114 114 114 95 95 102 102 102 91 91 91 72 72 80 80 80 109 109 103 103 103 114 114 114 125 125 104 104 104 97 97 98 98 98 93 93 93 92 92 98 98 98 110 110 110 133 133 139 139 139 131 131 121 121 121 130 -9999 -9999 -9999 -9999 -9999 -9999 -9999 -9999 -9999 -9999 -9999 -9999 -9999 -9999 -9999 -9999 -9999 -9999 -9999 -9999 -9999
145 145 167 167 162 162 162 114 114 114 95 95 102 102 102 91 91 91 72 72 80 80 80 109 109 103 103 103 114 114 114 125 125 104 104 104 97 97 98 98 98 93 93 93 92 92 98 98 98 110 110 110 133 133 139 139 139 131 131 121 121 121 -9999 -9999 -9999 -9999 -9999 -9999 -9999 -9999 -9999 -9999 -9999 -9999 -9999 -9999 -9999 -9999 -9999 -9999 -9999 -9999 -9999 -9999
145 145 167 167 162 162 162 114 114 114 95 95 102 102 102 91 91 91 72 72 80 80 80 109 109 103 103 103 114 114 114 125 125 104 104 104 97 97 98 98 98 93 93 93 92 92 98 98 98 110 110 110 133 133 139 139 139 131 131 121 121 -9999 -9999 -9999 -9999 -9999 -9999 -9999 -9999 -9999 -9999 -9999 -9999 -9999 -9999 -9999 -9999 -9999 -9999 -9999 -9999 -9999 -9999 -9999
152 152 166 166 154 154 154 105 105 105 94 94 108 108 108 103 103 103 80 80 70 70 70 101 101 104 104 104 108 108 108 114 114 103 103 103 106 106 110 110 110 103 103 103 107 107 106 106 106 107 107 107 123 123 133 133 133 133 133 140 140 -9999 -9999 -9999 -9999 -9999 -9999 -9999 -9999 -9999 -9999 -9999 -9999 -9999 -9999 -9999 -9999 -9999 -9999 -9999 -9999 -9999 -9999 -9999
152 152 166 166 154 154 154 105 105 105 94 94 108 108 108 103 103 103 80 80 70 70 70 101 101 104 104 104 108 108 108 114 114 103 103 103 106 106 110 110 110 103 103 103 107 107 106 106 106 107 107 107 123 123 133 133 133 133 133 140 -9999 -9999 -9999 -9999 -9999 -9999 -9999 -9999 -9999 -9999 -9999 -9999 -9999 -9999 -9999 -9999 -9999 -9999 -9999 -9999 -9999 -9999 -9999 -9999
149 149 149 149 143 143 143 117 117 117 115 115 115 115 115 99 99 99 81 81 75 75 75 93 93 98 98 98 99 99 99 94 94 92 92 92 126 126 142 142 142 121 121 121 111 111 104 104 104 112 112 112 125 125 129 129 129 133 133 -9999 -9999 -9999 -9999 -9999 -9999 -9999 -9999 -9999 -9999 -9999 -9999 -9999 -9999 -9999 -9999 -9999 -9999 -9999 -9999 -9999 -9999 -9999 -9999 -9999
149 149 149 149 143 143 143 117 117 117 115 115 115 115 115 99 99 99 81 81 75 75 75 93 93 98 98 98 99 99 99 94 94 92 92 92 126 126 142 142 142 121 121 121 111 111 104 104 104 112 112 112 125 125 129 129 129 133 133 164 -9999 -9999 -9999 -9999 -9999 -9999 -9999 -9999 -9999 -9999 -9999 -9999 -9999 -9999 -9999 -9999 -9999 -9999 -9999 -9999 -9999 -9999 -9999 -9999
149 149 149 149 143 143 143 117 117 117 115 115 115 115 115 99 99 99 81 81 75 75 75 93 93 98 98 98 99 99 99 94 94 92 92 92 126 126 142 142 142 121 121 121 111 111 104 104 104 112 112 112 125 125 129 129 129 133 133 164 164 -9999 -9999 -9999 -9999 -9999 -9999 -9999 -9999 -9999 -9999 -9999 -9999 -9999 -9999 -9999 -9999 -9999 -9999 -9999 -9999 -9999 -9999 -9999
142 142 132 132 128 128 128 118 118 118 130 130 123 123 123 97 97 97 76 76 74 74 74 92 92 91 91 91 77 77 77 74 74 92 92 92 140 140 155 155 155 124 124 124 108 108 103 103 103 118 118 118 130 130 120 120 120 120 120 153 153 -9999 -9999 -9999 -9999 -9999 -9999 -9999 -9999 -9999 -9999 -9999 -9999 -9999 -9999 -9999 -9999 -9999 -9999 -9999 -9999 -9999 -9999 -9999
142 142 132 132 128 128 128 118 118 118 130 130 123 123 123 97 97 97 76 76 74 74 74 92 92 91 91 91 77 77 77 74 74 92 92 92 140 140 155 155 155 124 124 124 108 108 103 103 103 118 118 118 130 130 120 120 120 120 120 153 153 -9999 -9999 -9999 -9999 -9999 -9999 -9999 -9999 -9999 -9999 -9999 -9999 -9999 -9999 -9999 -9999 -9999 -9999 -9999 -9999 -9999 -9999 -9999
142 142 132 132 128 128 128 118 118 118 130 130 123 123 123 97 97 97 76 76 74 74 74 92 92 91 91 91 77 77 77 74 74 92 92 92 140 140 155 155 155 124 124 124 108 108 103 103 103 118 118 118 130 130 120 120 120 120 120 153 153 -9999 -9999 -9999 -9999 -9999 -9999 -9999 -9999 -9999 -9999 -9999 -9999 -9999 -9999 -9999 -9999 -9999 -9999 -9999 -9999 -9999 -9999 -9999
141 141 127 127 114 114 114 103 103 103 130 130 130 130 130 111 111 111 81 81 67 67 67 90 90 89 89 89 63 63 63 69 69 113 113 113 148 148 147 147 147 120 120 120 113 113 111 111 111 120 120 120 131 131 116 116 116 111 111 127 127 -9999 -9999 -9999 -9999 -9999 -9999 -9999 -9999 -9999 -9999 -9999 -9999 -9999 -9999 -9999 -9999 -9999 -9999 -9999 -9999 -9999 -9999 -9999
141 141 127 127 114 114 114 103 103 103 130 130 130 130 130 111 111 111 81 81 67 67 67 90 90 89 89 89 63 63 63 69 69 113 113 113 148 148 147 147 147 120 120 120 113 113 111 111 111 120 120 120 131 131 116 116 116 111 111 127 -9999 -9999 -9999 -9999 -9999 -9999 -9999 -9999 -9999 -9999 -9999 -9999 -9999 -9999 -9999 -9999 -9999 -9999 -9999 -9999 -9999 -9999 -9999 -9999
142 142 125 125 107 107 107 91 91 91 117 117 124 124 124 125 125 125 104 104 75 75 75 79 79 81 81 81 65 65 65 82 82 132 132 132 141 141 128 128 128 117 117 117 118 118 114 114 114 120 120 120 131 131 116 116 116 107 107 127 -9999 -9999 -9999 -9999 -9999 -9999 -9999 -9999 -9999 -9999 -9999 -9999 -9999 -9999 -9999 -9999 -9999 -9999 -9999 -9999 -9999 -9999 -9999 -9999
