SEB_model/sample_data_files/contemp/hillshade/may6am.txt
ncols         313
nrows         278
xllcorner     388961.19995117
yllcorner     7584381.3441773
cellsize      5
NODATA_value  -9999
[rows 74 to 110 of 278, columns 168 to 251 of 313]
89 89 101 101 130 130 130 135 135 135 122 122 109 109 109 118 118 118 138 138 139 139 139 135 135 127 127 127 126 126 126 130 130 110 110 110 113 113 140 140 140 138 138 138 114 114 81 81 81 71 71 71 92 92 105 105 105 122 122 131 131 131 144 144 144 157 157 141 141 141 135 135 142 142 142 128 128 128 116 116 116 116 116 130
89 89 101 101 130 130 130 135 135 135 122 122 109 109 109 118 118 118 138 138 139 139 139 135 135 127 127 127 126 126 126 130 130 110 110 110 113 113 140 140 140 138 138 138 114 114 81 81 81 71 71 71 92 92 105 105 105 122 122 131 131 131 144 144 144 157 157 141 141 141 135 135 142 142 142 128 128 128 116 116 116 116 116 130
101 101 113 113 132 132 132 126 126 126 118 118 119 119 119 127 127 127 140 140 134 134 134 131 131 128 128 128 127 127 127 129 129 116 116 116 122 122 136 136 136 119 119 119 89 89 62 62 62 61 61 61 94 94 121 121 121 136 136 138 138 138 148 148 148 164 164 149 149 149 142 142 142 142 142 120 120 120 104 104 106 106 106 121
101 101 113 113 132 132 132 126 126 126 118 118 119 119 119 127 127 127 140 140 134 134 134 131 131 128 128 128 127 127 127 129 129 116 116 116 122 122 136 136 136 119 119 119 89 89 62 62 62 61 61 61 94 94 121 121 121 136 136 138 138 138 148 148 148 164 164 149 149 149 142 142 142 142 142 120 120 120 104 104 106 106 106 121
101 101 113 113 132 132 132 126 126 126 118 118 119 119 119 127 127 127 140 140 134 134 134 131 131 128 128 128 127 127 127 129 129 116 116 116 122 122 136 136 136 119 119 119 89 89 62 62 62 61 61 61 94 94 121 121 121 136 136 138 138 138 148 148 148 164 164 149 149 149 142 142 142 142 142 120 120 120 104 104 106 106 106 121
111 111 118 118 127 127 127 119 119 119 122 122 128 128 128 129 129 129 134 134 126 126 126 131 131 133 133 133 129 129 129 130 130 122 122 122 124 124 124 124 124 95 95 95 66 66 54 54 54 70 70 70 111 111 132 132 132 137 137 134 134 134 144 144 144 164 164 153 153 153 145 145 137 137 137 109 109 109 94 94 93 93 93 110
111 111 118 118 127 127 127 119 119 119 122 122 128 128 128 129 129 129 134 134 126 126 126 131 131 133 133 133 129 129 129 130 130 122 122 122 124 124 124 124 124 95 95 95 66 66 54 54 54 70 70 70 111 111 132 132 132 137 137 134 134 134 144 144 144 164 164 153 153 153 145 145 137 137 137 109 109 109 94 94 93 93 93 110
111 111 118 118 127 127 127 119 119 119 122 122 128 128 128 129 129 129 134 134 126 126 126 131 131 133 133 133 129 129 129 130 130 122 122 122 124 124 124 124 124 95 95 95 66 66 54 54 54 70 70 70 111 111 132 132 132 137 137 134 134 134 144 144 144 164 164 153 153 153 145 145 137 137 137 109 109 109 94 94 93 93 93 110
115 115 119 119 125 125 125 121 121 121 127 127 128 128 128 121 121 121 124 124 122 122 122 134 134 137 137 137 129 129 129 131 131 124 124 124 120 120 105 105 105 68 68 68 52 52 61 61 61 88 88 88 120 120 125 125 125 126 126 125 125 125 137 137 137 159 159 148 148 148 136 136 125 125 125 103 103 103 86 86 79 79 79 98
115 115 119 119 125 125 125 121 121 121 127 127 128 128 128 121 121 121 124 124 122 122 122 134 134 137 137 137 129 129 129 131 131 124 124 124 120 120 105 105 105 68 68 68 52 52 61 61 61 88 88 88 120 120 125 125 125 126 126 125 125 125 137 137 137 159 159 148 148 148 136 136 125 125 125 103 103 103 86 86 79 79 79 98
119 119 123 123 130 130 130 127 127 127 127 127 122 122 122 116 116 116 123 123 125 125 125 137 137 138 138 138 129 129 129 132 132 125 125 125 111 111 84 84 84 50 50 50 50 50 75 75 75 100 100 100 116 116 113 113 113 119 119 123 123 123 138 138 138 156 156 138 138 138 123 123 117 117 117 104 104 104 90 90 81 81 81 93
119 119 123 123 130 130 130 127 127 127 127 127 122 122 122 116 116 116 123 123 125 125 125 137 137 138 138 138 129 129 129 132 132 125 125 125 111 111 84 84 84 50 50 50 50 50 75 75 75 100 100 100 116 116 113 113 113 119 119 123 123 123 138 138 138 156 156 138 138 138 123 123 117 117 117 104 104 104 90 90 81 81 81 93
119 119 123 123 130 130 130 127 127 127 127 127 122 122 122 116 116 116 123 123 125 125 125 137 137 138 138 138 129 129 129 132 132 125 125 125 111 111 84 84 84 50 50 50 50 50 75 75 75 100 100 100 116 116 113 113 113 119 119 123 123 123 138 138 138 156 156 138 138 138 123 123 117 117 117 104 104 104 90 90 81 81 81 93
121 121 128 128 135 135 135 126 126 126 121 121 117 117 117 116 116 116 126 126 128 128 128 136 136 136 136 136 128 128 128 130 130 119 119 119 96 96 69 69 69 45 45 45 53 53 78 78 78 97 97 97 108 108 108 108 108 117 117 125 125 125 138 138 138 147 147 125 125 125 114 114 113 113 113 106 106 106 99 99 92 92 92 88
121 121 128 128 135 135 135 126 126 126 121 121 117 117 117 116 116 116 126 126 128 128 128 136 136 136 136 136 128 128 128 130 130 119 119 119 96 96 69 69 69 45 45 45 53 53 78 78 78 97 97 97 108 108 108 108 108 117 117 125 125 125 138 138 138 147 147 125 125 125 114 114 113 113 113 106 106 106 99 99 92 92 92 88
121 121 128 128 135 135 135 126 126 126 121 121 117 117 117 116 116 116 126 126 128 128 128 136 136 136 136 136 128 128 128 130 130 119 119 119 96 96 69 69 69 45 45 45 53 53 78 78 78 97 97 97 108 108 108 108 108 117 117 125 125 125 138 138 138 147 147 125 125 125 114 114 113 113 113 106 106 106 99 99 92 92 92 88
124 124 134 134 135 135 135 120 120 120 116 116 116 116 116 119 119 119 129 129 130 130 130 134 134 134 134 134 128 128 128 127 127 108 108 108 83 83 62 62 62 49 49 49 57 57 72 72 72 87 87 87 109 109 117 117 117 120 120 126 126 126 133 133 133 135 135 117 117 117 112 112 114 114 114 107 107 107 101 101 97 97 97 89
124 124 134 134 135 135 135 120 120 120 116 116 116 116 116 119 119 119 129 129 130 130 130 134 134 134 134 134 128 128 128 127 127 108 108 108 83 83 62 62 62 49 49 49 57 57 72 72 72 87 87 87 109 109 117 117 117 120 120 126 126 126 133 133 133 135 135 117 117 117 112 112 114 114 114 107 107 107 101 101 97 97 97 89
126 126 132 132 129 129 129 114 114 114 114 114 117 117 117 118 118 118 129 129 129 129 129 132 132 133 133 133 127 127 127 120 120 96 96 96 72 72 62 62 62 58 58 58 62 62 70 70 70 79 79 79 110 110 125 125 125 120 120 121 121 121 121 121 121 123 123 116 116 116 115 115 116 116 116 106 106 106 98 98 96 96 96 95
126 126 132 132 129 129 129 114 114 114 114 114 117 117 117 118 118 118 129 129 129 129 129 132 132 133 133 133 127 127 127 120 120 96 96 96 72 72 62 62 62 58 58 58 62 62 70 70 70 79 79 79 110 110 125 125 125 120 120 121 121 121 121 121 121 123 123 116 116 116 115 115 116 116 116 106 106 106 98 98 96 96 96 95
126 126 132 132 129 129 129 114 114 114 114 114 117 117 117 118 118 118 129 129 129 129 129 132 132 133 133 133 127 127 127 120 120 96 96 96 72 72 62 62 62 58 58 58 62 62 70 70 70 79 79 79 110 110 125 125 125 120 120 121 121 121 121 121 121 123 123 116 116 116 115 115 116 116 116 106 106 106 98 98 96 96 96 95
124 124 125 125 122 122 122 111 111 111 114 114 114 114 114 114 114 114 125 125 123 123 123 127 127 129 129 129 120 120 120 108 108 85 85 85 68 68 65 65 65 64 64 64 67 67 70 70 70 75 75 75 101 101 113 113 113 111 111 112 112 112 109 109 109 115 115 118 118 118 118 118 116 116 116 104 104 104 97 97 95 95 95 95
124 124 125 125 122 122 122 111 111 111 114 114 114 114 114 114 114 114 125 125 123 123 123 127 127 129 129 129 120 120 120 108 108 85 85 85 68 68 65 65 65 64 64 64 67 67 70 70 70 75 75 75 101 101 113 113 113 111 111 112 112 112 109 109 109 115 115 118 118 118 118 118 116 116 116 104 104 104 97 97 95 95 95 95
121 121 121 121 123 123 123 118 118 118 120 120 116 116 116 113 113 113 124 124 121 121 121 125 125 126 126 126 114 114 114 103 103 84 84 84 73 73 72 72 72 70 70 70 72 72 74 74 74 75 75 75 91 91 103 103 103 109 109 111 111 111 110 110 110 122 122 126 126 126 126 126 122 122 122 108 108 108 103 103 101 101 101 98
121 121 121 121 123 123 123 118 118 118 120 120 116 116 116 113 113 113 124 124 121 121 121 125 125 126 126 126 114 114 114 103 103 84 84 84 73 73 72 72 72 70 70 70 72 72 74 74 74 75 75 75 91 91 103 103 103 109 109 111 111 111 110 110 110 122 122 126 126 126 126 126 122 122 122 108 108 108 103 103 101 101 101 98
121 121 121 121 123 123 123 118 118 118 120 120 116 116 116 113 113 113 124 124 121 121 121 125 125 126 126 126 114 114 114 103 103 84 84 84 73 73 72 72 72 70 70 70 72 72 74 74 74 75 75 75 91 91 103 103 103 109 109 111 111 111 110 110 110 122 122 126 126 126 126 126 122 122 122 108 108 108 103 103 101 101 101 98
118 118 120 120 127 127 127 124 124 124 123 123 117 117 117 109 109 109 119 119 119 119 119 118 118 114 114 114 107 107 107 101 101 88 88 88 79 79 78 78 78 73 73 73 76 76 79 79 79 78 78 78 83 83 94 94 94 106 106 107 107 107 130 130 130 145 145 121 121 121 119 119 126 126 126 113 113 113 108 108 121 121 121 120
118 118 120 120 127 127 127 124 124 124 123 123 117 117 117 109 109 109 119 119 119 119 119 118 118 114 114 114 107 107 107 101 101 88 88 88 79 79 78 78 78 73 73 73 76 76 79 79 79 78 78 78 83 83 94 94 94 106 106 107 107 107 130 -9999 -9999 -9999 -9999 -9999 121 121 119 119 126 126 126 113 113 113 108 108 121 -9999 -9999 -9999
118 118 120 120 127 127 127 124 124 124 123 123 117 117 117 109 109 109 119 119 119 119 119 118 118 114 114 114 107 107 107 101 101 88 88 88 79 79 78 78 78 73 73 73 76 76 79 79 79 78 78 78 83 83 94 94 94 106 106 107 107 107 -9999 -9999 -9999 -9999 -9999 -9999 -9999 -9999 -9999 119 126 126 126 113 113 113 -9999 -9999 -9999 -9999 -9999 -9999
117 117 122 122 132 132 132 126 126 126 124 124 117 117 117 100 100 100 110 110 120 120 120 113 113 103 103 103 102 102 102 106 106 96 96 96 86 86 81 81 81 74 74 74 78 78 85 85 85 86 86 86 82 82 91 91 91 105 105 107 107 107 -9999 -9999 -9999 -9999 -9999 -9999 -9999 -9999 -9999 -9999 -9999 -9999 -9999 -9999 -9999 -9999 -9999 -9999 -9999 -9999 -9999 -9999
117 117 122 122 132 132 132 126 126 126 124 124 117 117 117 100 100 100 110 110 120 120 120 113 113 103 103 103 102 102 102 106 106 96 96 96 86 86 81 81 81 74 74 74 78 78 85 85 85 86 86 86 82 82 91 91 91 105 105 107 107 107 -9999 -9999 -9999 -9999 -9999 -9999 -9999 -9999 -9999 -9999 -9999 -9999 -9999 -9999 -9999 -9999 -9999 -9999 -9999 -9999 -9999 -9999
116 116 123 123 136 136 136 128 128 128 120 120 111 111 111 91 91 91 98 98 113 113 113 114 114 103 103 103 99 99 99 107 107 103 103 103 94 94 85 85 85 75 75 75 81 81 89 89 89 94 94 94 93 93 95 95 95 109 109 111 111 111 154 -9999 -9999 -9999 -9999 -9999 -9999 -9999 -9999 -9999 -9999 -9999 -9999 -9999 -9999 -9999 -9999 -9999 -9999 -9999 -9999 -9999
116 116 123 123 136 136 136 128 128 128 120 120 111 111 111 91 91 91 98 98 113 113 113 114 114 103 103 103 99 99 99 107 107 103 103 103 94 94 85 85 85 75 75 75 81 81 89 89 89 94 94 94 93 93 95 95 95 109 109 111 111 111 154 154 -9999 -9999 -9999 120 -9999 -9999 -9999 -9999 -9999 -9999 -9999 -9999 -9999 -9999 -9999 -9999 -9999 -9999 -9999 -9999
116 116 123 123 136 136 136 128 128 128 120 120 111 111 111 91 91 91 98 98 113 113 113 114 114 103 103 103 99 99 99 107 107 103 103 103 94 94 85 85 85 75 75 75 81 81 89 89 89 94 94 94 93 93 95 95 95 109 109 111 111 111 154 154 154 165 165 120 120 -9999 -9999 -9999 -9999 -9999 -9999 -9999 -9999 -9999 -9999 -9999 -9999 -9999 -9999 -9999
115 115 119 119 132 132 132 126 126 126 112 112 99 99 99 87 87 87 87 87 98 98 98 114 114 111 111 111 102 102 102 104 104 102 102 102 100 100 95 95 95 82 82 82 83 83 88 88 88 96 96 96 110 110 112 112 112 116 116 114 114 114 128 128 128 150 150 133 133 133 -9999 -9999 -9999 -9999 -9999 -9999 -9999 -9999 -9999 -9999 -9999 -9999 -9999 -9999
115 115 119 119 132 132 132 126 126 126 112 112 99 99 99 87 87 87 87 87 98 98 98 114 114 111 111 111 102 102 102 104 104 102 102 102 100 100 95 95 95 82 82 82 83 83 88 88 88 96 96 96 110 110 112 112 112 116 116 114 114 114 128 128 128 150 150 133 133 133 111 111 -9999 -9999 -9999 -9999 -9999 -9999 -9999 -9999 -9999 -9999 -9999 -9999
115 115 119 119 132 132 132 126 126 126 112 112 99 99 99 87 87 87 87 87 98 98 98 114 114 111 111 111 102 102 102 104 104 102 102 102 100 100 95 95 95 82 82 82 83 83 88 88 88 96 96 96 110 110 112 112 112 116 116 114 114 114 128 128 128 150 150 133 133 133 111 111 126 126 126 129 129 129 -9999 -9999 -9999 -9999 -9999 -9999
