SEB_model/sample_data_files/contemp/hillshade/may6pm.txt
ncols         313
nrows         278
xllcorner     388961.19995117
yllcorner     7584381.3441773
cellsize      5
NODATA_value  -9999
[rows 80 to 119 of 278, columns 178 to 266 of 313]
38 38 30 30 30 29 29 29 24 24 33 33 33 28 28 25 25 25 30 30 30 27 27 37 37 37 33 33 35 35 35 68 68 68 97 97 109 109 109 94 94 94 51 51 27 27 27 21 21 25 25 25 13 13 13 0 0 0 0 0 0 0 0 0 0 53 53 53 70 70 71 71 71 53 53 53 37 37 37 37 37 20 20 10 10 10 35 35 35
38 38 30 30 30 29 29 29 24 24 33 33 33 28 28 25 25 25 30 30 30 27 27 37 37 37 33 33 35 35 35 68 68 68 97 97 109 109 109 94 94 94 51 51 27 27 27 21 21 25 25 25 13 13 13 0 0 0 0 0 0 0 0 0 0 53 53 53 70 70 71 71 71 53 53 53 37 37 37 37 37 20 20 10 10 10 35 35 35
33 33 32 32 32 40 40 40 37 37 39 39 39 26 26 22 22 22 32 32 32 28 28 36 36 36 41 41 59 59 59 96 96 96 110 110 102 102 102 76 76 76 42 42 36 36 36 35 35 36 36 36 22 22 22 0 0 0 0 0 0 0 35 35 35 60 60 60 77 77 84 84 84 64 64 64 44 44 45 45 45 29 29 18 18 18 55 55 55
33 33 32 32 32 40 40 40 37 37 39 39 39 26 26 22 22 22 32 32 32 28 28 36 36 36 41 41 59 59 59 96 96 96 110 110 102 102 102 76 76 76 42 42 36 36 36 35 35 36 36 36 22 22 22 0 0 0 0 0 0 0 35 35 35 60 60 60 77 77 84 84 84 64 64 64 44 44 45 45 45 29 29 18 18 18 55 55 55
34 34 39 39 39 46 46 46 39 39 36 36 36 22 22 0 0 0 31 31 31 28 28 36 36 36 52 52 80 80 80 112 112 112 112 112 89 89 89 63 63 63 47 47 49 49 49 42 42 37 37 37 20 20 20 0 0 0 0 0 36 36 42 42 42 56 56 56 71 71 82 82 82 70 70 70 50 50 47 47 47 36 36 31 31 31 83 83 83
34 34 39 39 39 46 46 46 39 39 36 36 36 22 22 0 0 0 31 31 31 28 28 36 36 36 52 52 80 80 80 112 112 112 112 112 89 89 89 63 63 63 47 47 49 49 49 42 42 37 37 37 20 20 20 0 0 0 0 0 36 36 42 42 42 56 56 56 71 71 82 82 82 70 70 70 50 50 47 47 47 36 36 31 31 31 83 83 83
34 34 39 39 39 46 46 46 39 39 36 36 36 22 22 0 0 0 31 31 31 28 28 36 36 36 52 52 80 80 80 112 112 112 112 112 89 89 89 63 63 63 47 47 49 49 49 42 42 37 37 37 20 20 20 0 0 0 0 0 36 36 42 42 42 56 56 56 71 71 82 82 82 70 70 70 50 50 47 47 47 36 36 31 31 31 83 83 83
41 41 46 46 46 46 46 46 35 35 32 32 32 23 23 0 0 0 33 33 33 30 30 43 43 43 67 67 94 94 94 117 117 117 109 109 85 85 85 65 65 65 53 53 53 53 53 43 43 35 35 35 20 20 20 0 0 34 34 34 45 45 46 46 46 53 53 53 61 61 70 70 70 75 75 75 61 61 49 49 49 47 47 57 57 57 112 112 112
41 41 46 46 46 46 46 46 35 35 32 32 32 23 23 0 0 0 33 33 33 30 30 43 43 43 67 67 94 94 94 117 117 117 109 109 85 85 85 65 65 65 53 53 53 53 53 43 43 35 35 35 20 20 20 0 0 34 34 34 45 45 46 46 46 53 53 53 61 61 70 70 70 75 75 75 61 61 49 49 49 47 47 57 57 57 112 112 112
41 41 46 46 46 46 46 46 35 35 32 32 32 23 23 0 0 0 33 33 33 30 30 43 43 43 67 67 94 94 94 117 117 117 109 109 85 85 85 65 65 65 53 53 53 53 53 43 43 35 35 35 20 20 20 0 0 34 34 34 45 45 46 46 46 53 53 53 61 61 70 70 70 75 75 75 61 61 49 49 49 47 47 57 57 57 112 112 112
46 46 46 46 46 43 43 43 31 31 30 30 30 25 25 26 26 26 33 33 33 34 34 55 55 55 81 81 100 100 100 113 113 113 106 106 91 91 91 75 75 75 52 52 44 44 44 41 41 35 35 35 26 26 26 22 22 42 42 42 47 47 46 46 46 53 53 53 59 59 63 63 63 72 72 72 66 66 59 59 59 67 67 85 85 85 124 124 124
46 46 46 46 46 43 43 43 31 31 30 30 30 25 25 26 26 26 33 33 33 34 34 55 55 55 81 81 100 100 100 113 113 113 106 106 91 91 91 75 75 75 52 52 44 44 44 41 41 35 35 35 26 26 26 22 22 42 42 42 47 47 46 46 46 53 53 53 59 59 63 63 63 72 72 72 66 66 59 59 59 67 67 85 85 85 124 124 124
48 48 45 45 45 44 44 44 32 32 32 32 32 28 28 27 27 27 34 34 34 42 42 68 68 68 91 91 101 101 101 105 105 105 102 102 94 94 94 85 85 85 52 52 36 36 36 41 41 39 39 39 38 38 38 35 35 42 42 42 44 44 44 44 44 54 54 54 63 63 64 64 64 66 66 66 64 64 69 69 69 85 85 104 104 104 126 126 126
48 48 45 45 45 44 44 44 32 32 32 32 32 28 28 27 27 27 34 34 34 42 42 68 68 68 91 91 101 101 101 105 105 105 102 102 94 94 94 85 85 85 52 52 36 36 36 41 41 39 39 39 38 38 38 35 35 42 42 42 44 44 44 44 44 54 54 54 63 63 64 64 64 66 66 66 64 64 69 69 69 85 85 104 104 104 126 126 126
48 48 45 45 45 44 44 44 32 32 32 32 32 28 28 27 27 27 34 34 34 42 42 68 68 68 91 91 101 101 101 105 105 105 102 102 94 94 94 85 85 85 52 52 36 36 36 41 41 39 39 39 38 38 38 35 35 42 42 42 44 44 44 44 44 54 54 54 63 63 64 64 64 66 66 66 64 64 69 69 69 85 85 104 104 104 126 126 126
48 48 48 48 48 48 48 48 37 37 38 38 38 33 33 32 32 32 42 42 42 54 54 78 78 78 94 94 98 98 98 99 99 99 96 96 93 93 93 89 89 89 62 62 47 47 47 48 48 47 47 47 50 50 50 42 42 39 39 39 40 40 43 43 43 56 56 56 63 63 66 66 66 66 66 66 65 65 72 72 72 85 85 95 95 95 104 104 104
48 48 48 48 48 48 48 48 37 37 38 38 38 33 33 32 32 32 42 42 42 54 54 78 78 78 94 94 98 98 98 99 99 99 96 96 93 93 93 89 89 89 62 62 47 47 47 48 48 47 47 47 50 50 50 42 42 39 39 39 40 40 43 43 43 56 56 56 63 63 66 66 66 66 66 66 65 65 72 72 72 85 85 95 95 95 104 104 104
41 41 46 46 46 49 49 49 37 37 40 40 40 36 36 35 35 35 48 48 48 61 61 80 80 80 90 90 92 92 92 94 94 94 92 92 90 90 90 89 89 89 72 72 61 61 61 53 53 51 51 51 51 51 51 38 38 33 33 33 34 34 39 39 39 53 53 53 60 60 62 62 62 65 65 65 65 65 68 68 68 54 54 48 -9999 -9999 -9999 -9999 -9999
41 41 46 46 46 49 49 49 37 37 40 40 40 36 36 35 35 35 48 48 48 61 61 80 80 80 90 90 92 92 92 94 94 94 92 92 90 90 90 89 89 89 72 72 61 61 61 53 53 51 51 51 51 51 51 38 38 33 33 33 34 34 39 39 39 53 53 53 60 60 62 62 62 65 65 65 65 65 68 68 68 -9999 -9999 -9999 -9999 -9999 -9999 -9999 -9999
41 41 46 46 46 49 49 49 37 37 40 40 40 36 36 35 35 35 48 48 48 61 61 80 80 80 90 90 92 92 92 94 94 94 92 92 90 90 90 89 89 89 72 72 61 61 61 53 53 51 51 51 51 51 51 38 38 33 33 33 34 34 39 39 39 53 53 53 60 60 62 62 62 65 65 65 65 65 68 68 -9999 -9999 -9999 -9999 -9999 -9999 -9999 -9999 -9999
38 38 45 45 45 54 54 54 43 43 43 43 43 44 44 48 48 48 56 56 56 62 62 76 76 76 85 85 86 86 86 91 91 91 88 88 85 85 85 86 86 86 81 81 70 70 70 58 58 56 56 56 30 30 30 11 11 39 39 39 43 43 35 35 35 49 49 49 55 55 41 41 41 40 40 -9999 -9999 -9999 -9999 -9999 -9999 -9999 -9999 -9999 -9999 -9999 -9999 -9999 -9999
38 38 45 45 45 54 54 54 43 43 43 43 43 44 44 48 48 48 56 56 56 62 62 76 76 76 85 85 86 86 86 91 91 91 88 88 85 85 85 86 86 86 81 81 70 70 70 58 58 56 56 56 30 -9999 -9999 -9999 -9999 -9999 39 39 43 43 35 35 35 49 49 49 55 55 41 -9999 -9999 -9999 -9999 -9999 -9999 -9999 -9999 -9999 -9999 -9999 -9999 -9999 -9999 -9999 -9999 -9999 -9999
38 38 45 45 45 54 54 54 43 43 43 43 43 44 44 48 48 48 56 56 56 62 62 76 76 76 85 85 86 86 86 91 91 91 88 88 85 85 85 86 86 86 81 81 70 70 70 58 58 56 56 56 -9999 -9999 -9999 -9999 -9999 -9999 -9999 -9999 -9999 43 35 35 35 49 49 49 -9999 -9999 -9999 -9999 -9999 -9999 -9999 -9999 -9999 -9999 -9999 -9999 -9999 -9999 -9999 -9999 -9999 -9999 -9999 -9999 -9999
38 38 45 45 45 64 64 64 53 53 42 42 42 49 49 61 61 61 61 61 61 57 57 68 68 68 78 78 83 83 83 90 90 90 86 86 79 79 79 77 77 77 81 81 72 72 72 57 57 55 55 55 -9999 -9999 -9999 -9999 -9999 -9999 -9999 -9999 -9999 -9999 -9999 -9999 -9999 -9999 -9999 -9999 -9999 -9999 -9999 -9999 -9999 -9999 -9999 -9999 -9999 -9999 -9999 -9999 -9999 -9999 -9999 -9999 -9999 -9999 -9999 -9999 -9999
38 38 45 45 45 64 64 64 53 53 42 42 42 49 49 61 61 61 61 61 61 57 57 68 68 68 78 78 83 83 83 90 90 90 86 86 79 79 79 77 77 77 81 81 72 72 72 57 57 55 55 55 -9999 -9999 -9999 -9999 -9999 -9999 -9999 -9999 -9999 -9999 -9999 -9999 -9999 -9999 -9999 -9999 -9999 -9999 -9999 -9999 -9999 -9999 -9999 -9999 -9999 -9999 -9999 -9999 -9999 -9999 -9999 -9999 -9999 -9999 -9999 -9999 -9999
41 41 52 52 52 73 73 73 66 66 48 48 48 47 47 60 60 60 64 64 64 56 56 60 60 60 70 70 79 79 79 88 88 88 83 83 75 75 75 69 69 69 70 70 66 66 66 51 51 48 48 48 0 -9999 -9999 -9999 -9999 -9999 -9999 -9999 -9999 -9999 -9999 -9999 -9999 -9999 -9999 -9999 -9999 -9999 -9999 -9999 -9999 -9999 -9999 -9999 -9999 -9999 -9999 -9999 -9999 -9999 -9999 -9999 -9999 -9999 -9999 -9999 -9999
41 41 52 52 52 73 73 73 66 66 48 48 48 47 47 60 60 60 64 64 64 56 56 60 60 60 70 70 79 79 79 88 88 88 83 83 75 75 75 69 69 69 70 70 66 66 66 51 51 48 48 48 0 0 -9999 -9999 -9999 0 -9999 -9999 -9999 -9999 -9999 -9999 -9999 -9999 -9999 -9999 -9999 -9999 -9999 -9999 -9999 -9999 -9999 -9999 -9999 -9999 -9999 -9999 -9999 -9999 -9999 -9999 -9999 -9999 -9999 -9999 -9999
41 41 52 52 52 73 73 73 66 66 48 48 48 47 47 60 60 60 64 64 64 56 56 60 60 60 70 70 79 79 79 88 88 88 83 83 75 75 75 69 69 69 70 70 66 66 66 51 51 48 48 48 0 0 0 0 0 0 0 -9999 -9999 -9999 -9999 -9999 -9999 -9999 -9999 -9999 -9999 -9999 -9999 -9999 -9999 -9999 -9999 -9999 -9999 -9999 -9999 -9999 -9999 -9999 -9999 -9999 -9999 -9999 -9999 -9999 -9999
49 49 64 64 64 76 76 76 75 75 64 64 64 45 45 49 49 49 60 60 60 59 59 60 60 60 63 63 69 69 69 82 82 82 81 81 76 76 76 68 68 68 52 52 50 50 50 43 43 44 44 44 31 31 31 6 6 0 0 0 -9999 -9999 -9999 -9999 -9999 -9999 -9999 -9999 -9999 -9999 -9999 -9999 -9999 -9999 -9999 -9999 -9999 -9999 -9999 -9999 -9999 -9999 -9999 -9999 -9999 -9999 -9999 -9999 -9999
49 49 64 64 64 76 76 76 75 75 64 64 64 45 45 49 49 49 60 60 60 59 59 60 60 60 63 63 69 69 69 82 82 82 81 81 76 76 76 68 68 68 52 52 50 50 50 43 43 44 44 44 31 31 31 6 6 0 0 0 0 0 -9999 -9999 -9999 -9999 -9999 -9999 -9999 -9999 -9999 -9999 -9999 -9999 -9999 -9999 -9999 -9999 -9999 -9999 -9999 -9999 -9999 -9999 -9999 -9999 -9999 -9999 -9999
49 49 64 64 64 76 76 76 75 75 64 64 64 45 45 49 49 49 60 60 60 59 59 60 60 60 63 63 69 69 69 82 82 82 81 81 76 76 76 68 68 68 52 52 50 50 50 43 43 44 44 44 31 31 31 6 6 0 0 0 0 0 35 35 35 31 31 31 -9999 -9999 -9999 -9999 -9999 -9999 -9999 -9999 -9999 -9999 -9999 -9999 -9999 -9999 -9999 -9999 -9999 -9999 -9999 -9999 -9999
49 49 63 63 63 75 75 75 78 78 75 75 75 44 44 35 35 35 46 46 46 49 49 59 59 59 59 59 55 55 55 72 72 72 80 80 77 77 77 64 64 64 33 33 0 0 0 32 32 44 44 44 45 45 45 32 32 46 46 46 60 60 29 29 29 0 0 0 55 55 -9999 -9999 -9999 -9999 -9999 -9999 -9999 -9999 -9999 -9999 -9999 -9999 -9999 -9999 -9999 -9999 -9999 -9999 -9999
49 49 63 63 63 75 75 75 78 78 75 75 75 44 44 35 35 35 46 46 46 49 49 59 59 59 59 59 55 55 55 72 72 72 80 80 77 77 77 64 64 64 33 33 0 0 0 32 32 44 44 44 45 45 45 32 32 46 46 46 60 60 29 29 29 0 0 0 55 55 47 47 -9999 -9999 -9999 -9999 -9999 -9999 -9999 -9999 -9999 -9999 -9999 -9999 -9999 -9999 -9999 -9999 -9999
46 46 55 55 55 76 76 76 79 79 76 76 76 44 44 25 25 25 33 33 33 36 36 51 51 51 61 61 58 58 58 74 74 74 86 86 76 76 76 54 54 54 21 21 0 0 0 29 29 45 45 45 52 52 52 54 54 64 64 64 63 63 42 42 42 43 43 43 59 59 42 42 42 0 0 0 -9999 -9999 -9999 -9999 -9999 -9999 -9999 -9999 -9999 -9999 -9999 -9999 -9999
46 46 55 55 55 76 76 76 79 79 76 76 76 44 44 25 25 25 33 33 33 36 36 51 51 51 61 61 58 58 58 74 74 74 86 86 76 76 76 54 54 54 21 21 0 0 0 29 29 45 45 45 52 52 52 54 54 64 64 64 63 63 42 42 42 43 43 43 59 59 42 42 42 0 0 0 59 59 47 -9999 -9999 -9999 -9999 -9999 -9999 -9999 -9999 -9999 -9999
46 46 55 55 55 76 76 76 79 79 76 76 76 44 44 25 25 25 33 33 33 36 36 51 51 51 61 61 58 58 58 74 74 74 86 86 76 76 76 54 54 54 21 21 0 0 0 29 29 45 45 45 52 52 52 54 54 64 64 64 63 63 42 42 42 43 43 43 59 59 42 42 42 0 0 0 59 59 47 -9999 -9999 -9999 -9999 -9999 -9999 -9999 -9999 -9999 -9999
48 48 54 54 54 75 75 75 75 75 67 67 67 41 41 19 19 19 23 23 23 30 30 44 44 44 57 57 72 72 72 94 94 94 94 94 70 70 70 39 39 39 14 14 19 19 19 33 33 51 51 51 67 67 67 62 62 65 65 65 66 66 57 57 57 58 58 58 61 61 52 52 52 53 53 53 58 58 23 -9999 -9999 -9999 -9999 -9999 -9999 -9999 -9999 -9999 -9999
48 48 54 54 54 75 75 75 75 75 67 67 67 41 41 19 19 19 23 23 23 30 30 44 44 44 57 57 72 72 72 94 94 94 94 94 70 70 70 39 39 39 14 14 19 19 19 33 33 51 51 51 67 67 67 62 62 65 65 65 66 66 57 57 57 58 58 58 61 61 52 52 52 53 53 53 58 58 23 -9999 -9999 -9999 -9999 -9999 -9999 -9999 -9999 -9999 -9999
41 41 53 53 53 69 69 69 64 64 53 53 53 29 29 0 0 0 9 9 9 21 21 46 46 46 50 50 74 74 74 113 113 113 106 106 62 62 62 21 21 21 11 11 30 30 30 42 42 63 63 63 80 80 80 62 62 53 53 53 57 57 56 56 56 62 62 62 62 62 60 60 60 58 58 58 53 53 5 -9999 -9999 -9999 -9999 -9999 -9999 -9999 -9999 -9999 -9999
41 41 53 53 53 69 69 69 64 64 53 53 53 29 29 0 0 0 9 9 9 21 21 46 46 46 50 50 74 74 74 113 113 113 106 106 62 62 62 21 21 21 11 11 30 30 30 42 42 63 63 63 80 80 80 62 62 53 53 53 57 57 56 56 56 62 62 62 62 62 60 60 60 58 58 58 53 53 -9999 -9999 -9999 -9999 -9999 -9999 -9999 -9999 -9999 -9999 -9999
