SEB_model/sample_data_files/contemp/hillshade/may6am.txt
ncols         313
nrows         278
xllcorner     388961.19995117
yllcorner     7584381.3441773
cellsize      5
NODATA_value  -9999
[rows 148 to 184 of 278, columns 84 to 167 of 313]
155 155 149 149 149 155 155 164 164 164 167 167 167 177 177 169 169 169 162 162 163 163 163 168 168 168 176 176 168 168 168 154 154 144 144 144 131 131 131 144 144 138 138 138 120 120 120 128 128 113 113 113 131 131 152 152 152 157 157 157 165 165 146 146 146 139 139 139 139 139 116 116 116 115 115 118 118 118 116 116 116 143 143 142
155 155 149 149 149 155 155 164 164 164 167 167 167 177 177 169 169 169 162 162 163 163 163 168 168 168 176 176 168 168 168 154 154 144 144 144 131 131 131 144 144 138 138 138 120 120 120 128 128 113 113 113 131 131 152 152 152 157 157 157 165 165 146 146 146 139 139 139 139 139 116 116 116 115 115 118 118 118 116 116 116 143 143 142
151 151 155 155 155 163 163 164 164 164 163 163 163 169 169 164 164 164 165 165 169 169 169 169 169 169 175 175 166 166 166 156 156 139 139 139 112 112 112 127 127 133 133 133 123 123 123 124 124 115 115 115 120 120 130 130 130 155 155 155 171 171 146 146 146 129 129 129 130 130 114 114 114 116 116 118 118 118 111 111 111 137 137 138
151 151 155 155 155 163 163 164 164 164 163 163 163 169 169 164 164 164 165 165 169 169 169 169 169 169 175 175 166 166 166 156 156 139 139 139 112 112 112 127 127 133 133 133 123 123 123 124 124 115 115 115 120 120 130 130 130 155 155 155 171 171 146 146 146 129 129 129 130 130 114 114 114 116 116 118 118 118 111 111 111 137 137 138
147 147 151 151 151 166 166 168 168 168 164 164 164 164 164 154 154 154 161 161 170 170 170 172 172 172 173 173 153 153 153 152 152 149 149 149 117 117 117 106 106 113 113 113 129 129 129 131 131 113 113 113 122 122 129 129 129 143 143 143 169 169 151 151 151 126 126 126 129 129 122 122 122 127 127 124 124 124 109 109 109 135 135 139
147 147 151 151 151 166 166 168 168 168 164 164 164 164 164 154 154 154 161 161 170 170 170 172 172 172 173 173 153 153 153 152 152 149 149 149 117 117 117 106 106 113 113 113 129 129 129 131 131 113 113 113 122 122 129 129 129 143 143 143 169 169 151 151 151 126 126 126 129 129 122 122 122 127 127 124 124 124 109 109 109 135 135 139
147 147 151 151 151 166 166 168 168 168 164 164 164 164 164 154 154 154 161 161 170 170 170 172 172 172 173 173 153 153 153 152 152 149 149 149 117 117 117 106 106 113 113 113 129 129 129 131 131 113 113 113 122 122 129 129 129 143 143 143 169 169 151 151 151 126 126 126 129 129 122 122 122 127 127 124 124 124 109 109 109 135 135 139
151 151 146 146 146 166 166 171 171 171 166 166 166 154 154 139 139 139 160 160 166 166 166 168 168 168 174 174 146 146 146 141 141 152 152 152 134 134 134 110 110 99 99 99 116 116 116 132 132 118 118 118 121 121 130 130 130 131 131 131 151 151 144 144 144 126 126 126 130 130 131 131 131 137 137 130 130 130 108 108 108 131 131 138
151 151 146 146 146 166 166 171 171 171 166 166 166 154 154 139 139 139 160 160 166 166 166 168 168 168 174 174 146 146 146 141 141 152 152 152 134 134 134 110 110 99 99 99 116 116 116 132 132 118 118 118 121 121 130 130 130 131 131 131 151 151 144 144 144 126 126 126 130 130 131 131 131 137 137 130 130 130 108 108 108 131 131 138
151 151 146 146 146 166 166 171 171 171 166 166 166 154 154 139 139 139 160 160 166 166 166 168 168 168 174 174 146 146 146 141 141 152 152 152 134 134 134 110 110 99 99 99 116 116 116 132 132 118 118 118 121 121 130 130 130 131 131 131 151 151 144 144 144 126 126 126 130 130 131 131 131 137 137 130 130 130 108 108 108 131 131 138
159 159 148 148 148 159 159 167 167 167 161 161 161 138 138 129 129 129 169 169 168 168 168 163 163 163 175 175 152 152 152 134 134 143 143 143 141 141 141 130 130 111 111 111 97 97 97 112 112 120 120 120 127 127 125 125 125 119 119 119 129 129 130 130 130 137 137 137 139 139 133 133 133 143 143 135 135 135 116 116 116 131 131 133
159 159 148 148 148 159 159 167 167 167 161 161 161 138 138 129 129 129 169 169 168 168 168 163 163 163 175 175 152 152 152 134 134 143 143 143 141 141 141 130 130 111 111 111 97 97 97 112 112 120 120 120 127 127 125 125 125 119 119 119 129 129 130 130 130 137 137 137 139 139 133 133 133 143 143 135 135 135 116 116 116 131 131 133
163 163 153 153 153 153 153 157 157 157 150 150 150 136 136 137 137 137 176 176 172 172 172 160 160 160 171 171 152 152 152 138 138 138 138 138 134 134 134 140 140 131 131 131 104 104 104 94 94 101 101 101 124 124 120 120 120 105 105 105 115 115 122 122 122 151 151 151 156 156 131 131 131 141 141 140 140 140 128 128 128 136 136 127
163 163 153 153 153 153 153 157 157 157 150 150 150 136 136 137 137 137 176 176 172 172 172 160 160 160 171 171 152 152 152 138 138 138 138 138 134 134 134 140 140 131 131 131 104 104 104 94 94 101 101 101 124 124 120 120 120 105 105 105 115 115 122 122 122 151 151 151 156 156 131 131 131 141 141 140 140 140 128 128 128 136 136 127
163 163 153 153 153 153 153 157 157 157 150 150 150 136 136 137 137 137 176 176 172 172 172 160 160 160 171 171 152 152 152 138 138 138 138 138 134 134 134 140 140 131 131 131 104 104 104 94 94 101 101 101 124 124 120 120 120 105 105 105 115 115 122 122 122 151 151 151 156 156 131 131 131 141 141 140 140 140 128 128 128 136 136 127
166 166 155 155 155 146 146 141 141 141 141 141 141 142 142 149 149 149 177 177 171 171 171 156 156 156 160 160 144 144 144 141 141 141 141 141 130 130 130 134 134 135 135 135 122 122 122 107 107 85 85 85 92 92 98 98 98 96 96 96 111 111 118 118 118 149 149 149 169 169 141 141 141 126 126 133 133 133 135 135 135 142 142 124
166 166 155 155 155 146 146 141 141 141 141 141 141 142 142 149 149 149 177 177 171 171 171 156 156 156 160 160 144 144 144 141 141 141 141 141 130 130 130 134 134 135 135 135 122 122 122 107 107 85 85 85 92 92 98 98 98 96 96 96 111 111 118 118 118 149 149 149 169 169 141 141 141 126 126 133 133 133 135 135 135 142 142 124
175 175 160 160 160 132 132 121 121 121 142 142 142 151 151 154 154 154 182 182 175 175 175 149 149 149 154 154 143 143 143 139 139 144 144 144 138 138 138 133 133 125 125 125 124 124 124 132 132 100 100 100 56 56 60 60 60 93 93 93 121 121 126 126 126 146 146 146 182 182 164 164 164 120 120 122 122 122 137 137 137 151 151 131
175 175 160 160 160 132 132 121 121 121 142 142 142 151 151 154 154 154 182 182 175 175 175 149 149 149 154 154 143 143 143 139 139 144 144 144 138 138 138 133 133 125 125 125 124 124 124 132 132 100 100 100 56 56 60 60 60 93 93 93 121 121 126 126 126 146 146 146 182 182 164 164 164 120 120 122 122 122 137 137 137 151 151 131
175 175 160 160 160 132 132 121 121 121 142 142 142 151 151 154 154 154 182 182 175 175 175 149 149 149 154 154 143 143 143 139 139 144 144 144 138 138 138 133 133 125 125 125 124 124 124 132 132 100 100 100 56 56 60 60 60 93 93 93 121 121 126 126 126 146 146 146 182 182 164 164 164 120 120 122 122 122 137 137 137 151 151 131
177 177 164 164 164 129 129 104 104 104 135 135 135 158 158 154 154 154 185 185 182 182 182 149 149 149 150 150 139 139 139 133 133 142 142 142 143 143 143 136 136 116 116 116 106 106 106 124 124 108 108 108 64 64 49 49 49 85 85 85 126 126 131 131 131 139 139 139 177 177 169 169 169 134 134 122 122 122 127 127 127 151 151 139
177 177 164 164 164 129 129 104 104 104 135 135 135 158 158 154 154 154 185 185 182 182 182 149 149 149 150 150 139 139 139 133 133 142 142 142 143 143 143 136 136 116 116 116 106 106 106 124 124 108 108 108 64 64 49 49 49 85 85 85 126 126 131 131 131 139 139 139 177 177 169 169 169 134 134 122 122 122 127 127 127 151 151 139
177 177 164 164 164 129 129 104 104 104 135 135 135 158 158 154 154 154 185 185 182 182 182 149 149 149 150 150 139 139 139 133 133 142 142 142 143 143 143 136 136 116 116 116 106 106 106 124 124 108 108 108 64 64 49 49 49 85 85 85 126 126 131 131 131 139 139 139 177 177 169 169 169 134 134 122 122 122 127 127 127 151 151 139
167 167 163 163 163 148 148 104 104 104 107 107 107 155 155 153 153 153 184 184 183 183 183 153 153 153 155 155 133 133 133 122 122 134 134 134 138 138 138 135 135 113 113 113 86 86 86 92 92 91 91 91 90 90 84 84 84 88 88 88 118 118 126 126 126 133 133 133 158 158 156 156 156 147 147 137 137 137 126 126 126 144 144 132
167 167 163 163 163 148 148 104 104 104 107 107 107 155 155 153 153 153 184 184 183 183 183 153 153 153 155 155 133 133 133 122 122 134 134 134 138 138 138 135 135 113 113 113 86 86 86 92 92 91 91 91 90 90 84 84 84 88 88 88 118 118 126 126 126 133 133 133 158 158 156 156 156 147 147 137 137 137 126 126 126 144 144 132
159 159 161 161 161 161 161 121 121 121 83 83 83 138 138 153 153 153 185 185 185 185 185 156 156 156 164 164 139 139 139 109 109 119 119 119 126 126 126 129 129 112 112 112 81 81 81 74 74 76 76 76 104 104 117 117 117 114 114 114 118 118 119 119 119 134 134 134 148 148 147 147 147 154 154 155 155 155 146 146 146 135 135 113
159 159 161 161 161 161 161 121 121 121 83 83 83 138 138 153 153 153 185 185 185 185 185 156 156 156 164 164 139 139 139 109 109 119 119 119 126 126 126 129 129 112 112 112 81 81 81 74 74 76 76 76 104 104 117 117 117 114 114 114 118 118 119 119 119 134 134 134 148 148 147 147 147 154 154 155 155 155 146 146 146 135 135 113
159 159 161 161 161 161 161 121 121 121 83 83 83 138 138 153 153 153 185 185 185 185 185 156 156 156 164 164 139 139 139 109 109 119 119 119 126 126 126 129 129 112 112 112 81 81 81 74 74 76 76 76 104 104 117 117 117 114 114 114 118 118 119 119 119 134 134 134 148 148 147 147 147 154 154 155 155 155 146 146 146 135 135 113
156 156 152 152 152 154 154 135 135 135 89 89 89 117 117 144 144 144 180 180 185 185 185 160 160 160 165 165 144 144 144 107 107 100 100 100 105 105 105 118 118 107 107 107 87 87 87 81 81 76 76 76 104 104 124 124 124 133 133 133 132 132 115 115 115 127 127 127 146 146 141 141 141 148 148 160 160 160 150 150 150 123 123 102
156 156 152 152 152 154 154 135 135 135 89 89 89 117 117 144 144 144 180 180 185 185 185 160 160 160 165 165 144 144 144 107 107 100 100 100 105 105 105 118 118 107 107 107 87 87 87 81 81 76 76 76 104 104 124 124 124 133 133 133 132 132 115 115 115 127 127 127 146 146 141 141 141 148 148 160 160 160 150 150 150 123 123 102
156 156 152 152 152 154 154 135 135 135 89 89 89 117 117 144 144 144 180 180 185 185 185 160 160 160 165 165 144 144 144 107 107 100 100 100 105 105 105 118 118 107 107 107 87 87 87 81 81 76 76 76 104 104 124 124 124 133 133 133 132 132 115 115 115 127 127 127 146 146 141 141 141 148 148 160 160 160 150 150 150 123 123 102
152 152 137 137 137 141 141 139 139 139 115 115 115 101 101 122 122 122 174 174 183 183 183 166 166 166 164 164 141 141 141 115 115 97 97 97 84 84 84 104 104 104 104 104 97 97 97 101 101 93 93 93 101 101 114 114 114 131 131 131 145 145 128 128 128 118 118 118 141 141 143 143 143 144 144 149 149 149 134 134 134 118 118 104
152 152 137 137 137 141 141 139 139 139 115 115 115 101 101 122 122 122 174 174 183 183 183 166 166 166 164 164 141 141 141 115 115 97 97 97 84 84 84 104 104 104 104 104 97 97 97 101 101 93 93 93 101 101 114 114 114 131 131 131 145 145 128 128 128 118 118 118 141 141 143 143 143 144 144 149 149 149 134 134 134 118 118 104
152 152 127 127 127 133 133 137 137 137 136 136 136 102 102 93 93 93 160 160 177 177 177 163 163 163 160 160 140 140 140 119 119 109 109 109 84 84 84 87 87 97 97 97 99 99 99 112 112 110 110 110 106 106 107 107 107 116 116 116 141 141 136 136 136 122 122 122 138 138 137 137 137 134 134 131 131 131 121 121 121 117 117 119
152 152 127 127 127 133 133 137 137 137 136 136 136 102 102 93 93 93 160 160 177 177 177 163 163 163 160 160 140 140 140 119 119 109 109 109 84 84 84 87 87 97 97 97 99 99 99 112 112 110 110 110 106 106 107 107 107 116 116 116 141 141 136 136 136 122 122 122 138 138 137 137 137 134 134 131 131 131 121 121 121 117 117 119
152 152 127 127 127 133 133 137 137 137 136 136 136 102 102 93 93 93 160 160 177 177 177 163 163 163 160 160 140 140 140 119 119 109 109 109 84 84 84 87 87 97 97 97 99 99 99 112 112 110 110 110 106 106 107 107 107 116 116 116 141 141 136 136 136 122 122 122 138 138 137 137 137 134 134 131 131 131 121 121 121 117 117 119
152 152 127 127 127 128 128 133 133 133 139 139 139 123 123 85 85 85 122 122 158 158 158 154 154 154 152 152 141 141 141 122 122 116 116 116 96 96 96 89 89 92 92 92 91 91 91 105 105 111 111 111 114 114 112 112 112 106 106 106 122 122 126 126 126 129 129 129 135 135 120 120 120 117 117 118 118 118 116 116 116 113 113 120
