SEB_model/sample_data_files/contemp/hillshade/may6am.txt
ncols         313
nrows         278
xllcorner     388961.19995117
yllcorner     7584381.3441773
cellsize      5
NODATA_value  -9999
[rows 222 to 258 of 278, columns 84 to 167 of 313]
110 110 96 96 96 86 86 74 74 74 79 79 79 96 96 102 102 102 90 90 73 73 73 66 66 66 53 53 43 43 43 42 42 53 53 53 73 73 73 72 72 53 53 53 42 42 42 39 39 42 42 42 45 45 47 47 47 50 50 50 65 -9999 -9999 -9999 -9999 -9999 -9999 -9999 -9999 -9999 -9999 -9999 -9999 -9999 -9999 -9999 -9999 -9999 -9999 -9999 -9999 -9999 -9999 -9999
101 101 92 92 92 84 84 84 84 84 85 85 85 75 75 71 71 71 72 72 62 62 62 50 50 50 54 54 65 65 65 74 74 75 75 75 71 71 71 58 58 40 40 40 32 32 32 28 28 37 37 37 50 50 52 52 52 50 50 50 89 -9999 -9999 -9999 -9999 -9999 -9999 -9999 -9999 -9999 -9999 -9999 -9999 -9999 -9999 -9999 -9999 -9999 -9999 -9999 -9999 -9999 -9999 -9999
101 101 92 92 92 84 84 84 84 84 85 85 85 75 75 71 71 71 72 72 62 62 62 50 50 50 54 54 65 65 65 74 74 75 75 75 71 71 71 58 58 40 40 40 32 32 32 28 28 37 37 37 50 50 52 52 52 50 50 50 89 -9999 -9999 -9999 -9999 -9999 -9999 -9999 -9999 -9999 -9999 -9999 -9999 -9999 -9999 -9999 -9999 -9999 -9999 -9999 -9999 -9999 -9999 -9999
101 101 92 92 92 84 84 84 84 84 85 85 85 75 75 71 71 71 72 72 62 62 62 50 50 50 54 54 65 65 65 74 74 75 75 75 71 71 71 58 58 40 40 40 32 32 32 28 28 37 37 37 50 50 52 52 52 50 50 50 89 -9999 -9999 -9999 -9999 -9999 -9999 -9999 -9999 -9999 -9999 -9999 -9999 -9999 -9999 -9999 -9999 -9999 -9999 -9999 -9999 -9999 -9999 -9999
79 79 76 76 76 88 88 107 107 107 87 87 87 52 52 45 45 45 52 52 57 57 57 65 65 65 102 102 106 106 106 78 78 59 59 59 50 50 50 45 45 33 33 33 27 27 27 26 26 38 38 38 48 48 51 51 51 51 51 51 97 -9999 -9999 -9999 -9999 -9999 -9999 -9999 -9999 -9999 -9999 -9999 -9999 -9999 -9999 -9999 -9999 -9999 -9999 -9999 -9999 -9999 -9999 -9999
79 79 76 76 76 88 88 107 107 107 87 87 87 52 52 45 45 45 52 52 57 57 57 65 65 65 102 102 106 106 106 78 78 59 59 59 50 50 50 45 45 33 33 33 27 27 27 26 26 38 38 38 48 48 51 51 51 51 51 51 97 97 -9999 -9999 -9999 -9999 -9999 -9999 -9999 -9999 -9999 -9999 -9999 -9999 -9999 -9999 -9999 -9999 -9999 -9999 -9999 -9999 -9999 -9999
59 59 66 66 66 85 85 100 100 100 80 80 80 54 54 44 44 44 51 51 74 74 74 106 106 106 122 122 97 97 97 51 51 36 36 36 39 39 39 28 28 23 23 23 34 34 34 39 39 43 43 43 41 41 42 42 42 46 46 46 80 80 -9999 -9999 -9999 -9999 -9999 -9999 -9999 -9999 -9999 -9999 -9999 -9999 -9999 -9999 -9999 -9999 -9999 -9999 -9999 -9999 -9999 -9999
59 59 66 66 66 85 85 100 100 100 80 80 80 54 54 44 44 44 51 51 74 74 74 106 106 106 122 122 97 97 97 51 51 36 36 36 39 39 39 28 28 23 23 23 34 34 34 39 39 43 43 43 41 41 42 42 42 46 46 46 80 80 -9999 -9999 -9999 -9999 -9999 -9999 -9999 -9999 -9999 -9999 -9999 -9999 -9999 -9999 -9999 -9999 -9999 -9999 -9999 -9999 -9999 -9999
59 59 66 66 66 85 85 100 100 100 80 80 80 54 54 44 44 44 51 51 74 74 74 106 106 106 122 122 97 97 97 51 51 36 36 36 39 39 39 28 28 23 23 23 34 34 34 39 39 43 43 43 41 41 42 42 42 46 46 46 80 80 88 -9999 -9999 -9999 -9999 -9999 -9999 -9999 -9999 -9999 -9999 -9999 -9999 -9999 -9999 -9999 -9999 -9999 -9999 -9999 -9999 -9999
65 65 72 72 72 64 64 61 61 61 70 70 70 70 70 64 64 64 82 82 99 99 99 102 102 102 79 79 52 52 52 28 28 22 22 22 32 32 32 0 0 18 18 18 44 44 44 50 50 47 47 47 35 35 30 30 30 38 38 38 53 53 78 78 -9999 -9999 -9999 -9999 -9999 -9999 -9999 -9999 -9999 -9999 -9999 -9999 -9999 -9999 -9999 -9999 -9999 -9999 -9999 -9999
65 65 72 72 72 64 64 61 61 61 70 70 70 70 70 64 64 64 82 82 99 99 99 102 102 102 79 79 52 52 52 28 28 22 22 22 32 32 32 0 0 18 18 18 44 44 44 50 50 47 47 47 35 35 30 30 30 38 38 38 53 53 78 78 78 -9999 -9999 -9999 -9999 -9999 -9999 -9999 -9999 -9999 -9999 -9999 -9999 -9999 -9999 -9999 -9999 -9999 -9999 -9999
85 85 64 64 64 46 46 43 43 43 61 61 61 76 76 93 93 93 132 132 110 110 110 0 0 0 16 16 26 26 26 15 15 7 7 7 27 27 27 19 19 26 26 26 41 41 41 45 45 50 50 50 34 34 25 25 25 31 31 31 40 40 63 63 63 99 -9999 -9999 -9999 -9999 -9999 -9999 -9999 -9999 -9999 -9999 -9999 -9999 -9999 -9999 -9999 -9999 -9999 -9999
85 85 64 64 64 46 46 43 43 43 61 61 61 76 76 93 93 93 132 132 110 110 110 0 0 0 16 16 26 26 26 15 15 7 7 7 27 27 27 19 19 26 26 26 41 41 41 45 45 50 50 50 34 34 25 25 25 31 31 31 40 40 63 63 63 99 -9999 -9999 -9999 -9999 -9999 -9999 -9999 -9999 -9999 -9999 -9999 -9999 -9999 -9999 -9999 -9999 -9999 -9999
85 85 64 64 64 46 46 43 43 43 61 61 61 76 76 93 93 93 132 132 110 110 110 0 0 0 16 16 26 26 26 15 15 7 7 7 27 27 27 19 19 26 26 26 41 41 41 45 45 50 50 50 34 34 25 25 25 31 31 31 40 40 63 63 63 99 99 -9999 -9999 -9999 -9999 -9999 -9999 -9999 -9999 -9999 -9999 -9999 -9999 -9999 -9999 -9999 -9999 -9999
89 89 51 51 51 38 38 37 37 37 58 58 58 91 91 119 119 119 137 137 0 0 0 0 0 0 0 0 11 11 11 0 0 0 0 0 31 31 31 27 27 29 29 29 33 33 33 32 32 42 42 42 35 35 29 29 29 32 32 32 40 40 51 51 51 103 -9999 -9999 -9999 -9999 -9999 -9999 -9999 -9999 -9999 -9999 -9999 -9999 -9999 -9999 -9999 -9999 -9999 -9999
89 89 51 51 51 38 38 37 37 37 58 58 58 91 91 119 119 119 137 137 0 0 0 0 0 0 0 0 11 11 11 0 0 0 0 0 31 31 31 27 27 29 29 29 33 33 33 32 32 42 42 42 35 35 29 29 29 32 32 32 40 40 51 51 51 103 -9999 -9999 -9999 -9999 -9999 -9999 -9999 -9999 -9999 -9999 -9999 -9999 -9999 -9999 -9999 -9999 -9999 -9999
89 89 51 51 51 38 38 37 37 37 58 58 58 91 91 119 119 119 137 137 0 0 0 0 0 0 0 0 11 11 11 0 0 0 0 0 31 31 31 27 27 29 29 29 33 33 33 32 32 42 42 42 35 35 29 29 29 32 32 32 40 40 51 51 51 103 -9999 -9999 -9999 -9999 -9999 -9999 -9999 -9999 -9999 -9999 -9999 -9999 -9999 -9999 -9999 -9999 -9999 -9999
80 80 61 61 61 35 35 25 25 25 71 71 71 116 116 107 107 107 76 76 44 44 44 0 0 0 0 0 0 0 0 0 0 2 2 2 37 37 37 0 0 23 23 23 28 28 28 22 22 33 33 33 41 41 38 38 38 37 37 37 37 37 46 46 46 104 -9999 -9999 -9999 -9999 -9999 -9999 -9999 -9999 -9999 -9999 -9999 -9999 -9999 -9999 -9999 -9999 -9999 -9999
80 80 61 61 61 35 35 25 25 25 71 71 71 116 116 107 107 107 76 76 44 44 44 0 0 0 0 0 0 0 0 0 0 2 2 2 37 37 37 0 0 23 23 23 28 28 28 22 22 33 33 33 41 41 38 38 38 37 37 37 37 37 46 46 46 -9999 -9999 -9999 -9999 -9999 -9999 -9999 -9999 -9999 -9999 -9999 -9999 -9999 -9999 -9999 -9999 -9999 -9999 -9999
80 80 70 70 70 37 37 31 31 31 92 92 92 106 106 55 55 55 27 27 24 24 24 0 0 0 0 0 0 0 0 0 0 5 5 5 28 28 28 24 24 24 24 24 22 22 22 17 17 32 32 32 46 46 48 48 48 38 38 38 29 29 42 42 42 -9999 -9999 -9999 -9999 -9999 -9999 -9999 -9999 -9999 -9999 -9999 -9999 -9999 -9999 -9999 -9999 -9999 -9999 -9999
80 80 70 70 70 37 37 31 31 31 92 92 92 106 106 55 55 55 27 27 24 24 24 0 0 0 0 0 0 0 0 0 0 5 5 5 28 28 28 24 24 24 24 24 22 22 22 17 17 32 32 32 46 46 48 48 48 38 38 38 29 29 42 42 42 -9999 -9999 -9999 -9999 -9999 -9999 -9999 -9999 -9999 -9999 -9999 -9999 -9999 -9999 -9999 -9999 -9999 -9999 -9999
80 80 70 70 70 37 37 31 31 31 92 92 92 106 106 55 55 55 27 27 24 24 24 0 0 0 0 0 0 0 0 0 0 5 5 5 28 28 28 24 24 24 24 24 22 22 22 17 17 32 32 32 46 46 48 48 48 38 38 38 29 29 42 42 42 -9999 -9999 -9999 -9999 -9999 -9999 -9999 -9999 -9999 -9999 -9999 -9999 -9999 -9999 -9999 -9999 -9999 -9999 -9999
75 75 63 63 63 54 54 53 53 53 74 74 74 56 56 25 25 25 0 0 0 0 0 0 0 0 0 0 1 1 1 11 11 0 0 0 24 24 24 28 28 28 28 28 21 21 21 16 16 30 30 30 43 43 42 42 42 33 33 33 25 25 40 40 40 112 -9999 -9999 -9999 -9999 -9999 -9999 -9999 -9999 -9999 -9999 -9999 -9999 -9999 -9999 -9999 -9999 -9999 -9999
75 75 63 63 63 54 54 53 53 53 74 74 74 56 56 25 25 25 0 0 0 0 0 0 0 0 0 0 1 1 1 11 11 0 0 0 24 24 24 28 28 28 28 28 21 21 21 16 16 30 30 30 43 43 42 42 42 33 33 33 25 25 40 40 40 -9999 -9999 -9999 -9999 -9999 -9999 -9999 -9999 -9999 -9999 -9999 -9999 -9999 -9999 -9999 -9999 -9999 -9999 -9999
75 75 63 63 63 54 54 53 53 53 74 74 74 56 56 25 25 25 0 0 0 0 0 0 0 0 0 0 1 1 1 11 11 0 0 0 24 24 24 28 28 28 28 28 21 21 21 16 16 30 30 30 43 43 42 42 42 33 33 33 25 25 40 40 40 -9999 -9999 -9999 -9999 -9999 -9999 -9999 -9999 -9999 -9999 -9999 -9999 -9999 -9999 -9999 -9999 -9999 -9999 -9999
54 54 53 53 53 77 77 58 58 58 24 24 24 20 20 0 0 0 0 0 0 0 0 0 0 0 0 0 19 19 19 0 0 9 9 9 34 34 34 30 30 27 27 27 19 19 19 18 18 31 31 31 34 34 29 29 29 32 32 32 29 29 42 42 42 -9999 -9999 -9999 -9999 -9999 -9999 -9999 -9999 -9999 -9999 -9999 -9999 -9999 -9999 -9999 -9999 -9999 -9999 -9999
54 54 53 53 53 77 77 58 58 58 24 24 24 20 20 0 0 0 0 0 0 0 0 0 0 0 0 0 19 19 19 0 0 9 9 9 34 34 34 30 30 27 27 27 19 19 19 18 18 31 31 31 34 34 29 29 29 32 32 32 29 29 42 42 42 115 -9999 -9999 -9999 -9999 -9999 -9999 -9999 -9999 -9999 -9999 -9999 -9999 -9999 -9999 -9999 -9999 -9999 -9999
31 31 50 50 50 69 69 0 0 0 0 0 0 0 0 0 0 0 0 0 0 0 0 0 0 0 0 0 24 24 24 0 0 20 20 20 35 35 35 26 26 23 23 23 13 13 13 21 21 30 30 30 30 30 29 29 29 36 36 36 35 35 47 47 47 117 -9999 -9999 -9999 -9999 -9999 -9999 -9999 -9999 -9999 -9999 -9999 -9999 -9999 -9999 -9999 -9999 -9999 -9999
31 31 50 50 50 69 69 0 0 0 0 0 0 0 0 0 0 0 0 0 0 0 0 0 0 0 0 0 24 24 24 0 0 20 20 20 35 35 35 26 26 23 23 23 13 13 13 21 21 30 30 30 30 30 29 29 29 36 36 36 35 35 47 47 47 117 -9999 -9999 -9999 -9999 -9999 -9999 -9999 -9999 -9999 -9999 -9999 -9999 -9999 -9999 -9999 -9999 -9999 -9999
31 31 50 50 50 69 69 0 0 0 0 0 0 0 0 0 0 0 0 0 0 0 0 0 0 0 0 0 24 24 24 0 0 20 20 20 35 35 35 26 26 23 23 23 13 13 13 21 21 30 30 30 30 30 29 29 29 36 36 36 35 35 47 47 47 117 -9999 -9999 -9999 -9999 -9999 -9999 -9999 -9999 -9999 -9999 -9999 -9999 -9999 -9999 -9999 -9999 -9999 -9999
28 28 40 40 40 0 0 0 0 0 0 0 0 0 0 0 0 0 0 0 0 0 0 0 0 0 0 0 21 21 21 26 26 29 29 29 0 0 0 19 19 0 0 0 14 14 14 20 20 28 28 28 38 38 41 41 41 44 44 44 39 39 49 49 49 118 -9999 -9999 -9999 -9999 -9999 -9999 -9999 -9999 -9999 -9999 -9999 -9999 -9999 -9999 -9999 -9999 -9999 -9999
28 28 40 40 40 0 0 0 0 0 0 0 0 0 0 0 0 0 0 0 0 0 0 0 0 0 0 0 21 21 21 26 26 29 29 29 0 0 0 19 19 0 0 0 14 14 14 20 20 28 28 28 38 38 41 41 41 44 44 44 39 39 49 49 49 118 -9999 -9999 -9999 -9999 -9999 -9999 -9999 -9999 -9999 -9999 -9999 -9999 -9999 -9999 -9999 -9999 -9999 -9999
0 0 0 0 0 0 0 0 0 0 0 0 0 0 0 0 0 0 0 0 0 0 0 0 0 0 0 0 24 24 24 0 0 29 29 29 0 0 0 16 16 21 21 21 10 10 10 13 13 35 35 35 53 53 55 55 55 52 52 52 42 42 51 51 51 120 -9999 -9999 -9999 -9999 -9999 -9999 -9999 -9999 -9999 -9999 -9999 -9999 -9999 -9999 -9999 -9999 -9999 -9999
0 0 0 0 0 0 0 0 0 0 0 0 0 0 0 0 0 0 0 0 0 0 0 0 0 0 0 0 24 24 24 0 0 29 29 29 0 0 0 16 16 21 21 21 10 10 10 13 13 35 35 35 53 53 55 55 55 52 52 52 42 42 51 51 51 120 -9999 -9999 -9999 -9999 -9999 -9999 -9999 -9999 -9999 -9999 -9999 -9999 -9999 -9999 -9999 -9999 -9999 -9999
0 0 0 0 0 0 0 0 0 0 0 0 0 0 0 0 0 0 0 0 0 0 0 0 0 0 0 0 24 24 24 0 0 29 29 29 0 0 0 16 16 21 21 21 10 10 10 13 13 35 35 35 53 53 55 55 55 52 52 52 42 42 51 51 51 120 -9999 -9999 -9999 -9999 -9999 -9999 -9999 -9999 -9999 -9999 -9999 -9999 -9999 -9999 -9999 -9999 -9999 -9999
0 0 0 0 0 0 0 0 0 0 0 0 0 0 0 0 0 0 0 0 0 0 0 0 0 0 0 0 23 23 23 27 27 28 28 28 31 31 31 19 19 17 17 17 5 5 5 11 11 44 44 44 66 66 66 66 66 57 57 57 46 46 56 56 56 -9999 -9999 -9999 -9999 -9999 -9999 -9999 -9999 -9999 -9999 -9999 -9999 -9999 -9999 -9999 -9999 -9999 -9999 -9999
0 0 0 0 0 0 0 0 0 0 0 0 0 0 0 0 0 0 0 0 0 0 0 0 0 0 0 0 23 23 23 27 27 28 28 28 31 31 31 19 19 17 17 17 5 5 5 11 11 44 44 44 66 66 66 66 66 57 57 57 46 46 56 56 56 -9999 -9999 -9999 -9999 -9999 -9999 -9999 -9999 -9999 -9999 -9999 -9999 -9999 -9999 -9999 -9999 -9999 -9999 -9999
