SEB_model/sample_data_files/contemp/hillshade/maynoon.txt
ncols         313
nrows         278
xllcorner     388961.19995117
yllcorner     7584381.3441773
cellsize      5
NODATA_value  -9999
[rows 39 to 77 of 278, columns 86 to 171 of 313]
-9999 -9999 -9999 -9999 -9999 -9999 -9999 -9999 -9999 -9999 -9999 -9999 -9999 -9999 -9999 -9999 -9999 -9999 -9999 -9999 -9999 -9999 -9999 -9999 -9999 -9999 -9999 -9999 -9999 -9999 -9999 -9999 -9999 -9999 -9999 -9999 -9999 -9999 -9999 -9999 -9999 -9999 -9999 -9999 -9999 -9999 -9999 -9999 -9999 -9999 -9999 -9999 -9999 -9999 -9999 -9999 -9999 -9999 -9999 220 222 222 222 220 220 220 237 237 244 244 244 244 244 241 241 241 238 238 238 234 234 223 223 223 206 206
-9999 -9999 -9999 -9999 -9999 -9999 -9999 -9999 -9999 -9999 -9999 -9999 -9999 -9999 -9999 -9999 -9999 -9999 -9999 -9999 -9999 -9999 -9999 -9999 -9999 -9999 -9999 -9999 -9999 -9999 -9999 -9999 -9999 -9999 -9999 -9999 -9999 -9999 -9999 -9999 -9999 -9999 -9999 -9999 -9999 -9999 -9999 -9999 -9999 -9999 -9999 -9999 -9999 -9999 204 210 210 210 226 226 230 230 230 226 226 226 237 237 245 245 245 245 245 243 243 243 241 241 241 236 236 226 226 226 205 205
-9999 -9999 -9999 -9999 -9999 -9999 -9999 -9999 -9999 -9999 -9999 -9999 -9999 -9999 -9999 -9999 -9999 -9999 -9999 -9999 -9999 -9999 -9999 -9999 -9999 -9999 -9999 -9999 -9999 -9999 -9999 -9999 -9999 -9999 -9999 -9999 -9999 -9999 -9999 -9999 -9999 -9999 -9999 -9999 -9999 -9999 -9999 -9999 -9999 -9999 -9999 -9999 -9999 -9999 204 210 210 210 226 226 230 230 230 226 226 226 237 237 245 245 245 245 245 243 243 243 241 241 241 236 236 226 226 226 205 205
-9999 -9999 -9999 -9999 -9999 -9999 -9999 -9999 -9999 -9999 -9999 -9999 -9999 -9999 -9999 -9999 -9999 -9999 -9999 -9999 -9999 -9999 -9999 -9999 -9999 -9999 -9999 -9999 -9999 -9999 -9999 -9999 -9999 -9999 -9999 -9999 -9999 -9999 -9999 -9999 -9999 -9999 -9999 -9999 -9999 -9999 -9999 -9999 -9999 -9999 -9999 -9999 -9999 203 203 209 209 209 220 220 230 230 230 231 231 231 234 234 238 238 238 235 235 229 229 229 223 223 223 217 217 211 211 211 197 197
-9999 -9999 -9999 -9999 -9999 -9999 -9999 -9999 -9999 -9999 -9999 -9999 -9999 -9999 -9999 -9999 -9999 -9999 -9999 -9999 -9999 -9999 -9999 -9999 -9999 -9999 -9999 -9999 -9999 -9999 -9999 -9999 -9999 -9999 -9999 -9999 -9999 -9999 -9999 -9999 -9999 -9999 -9999 -9999 -9999 -9999 -9999 -9999 -9999 -9999 -9999 -9999 -9999 203 203 209 209 209 220 220 230 230 230 231 231 231 234 234 238 238 238 235 235 229 229 229 223 223 223 217 217 211 211 211 197 197
-9999 -9999 -9999 -9999 -9999 -9999 -9999 -9999 -9999 -9999 -9999 -9999 -9999 -9999 -9999 -9999 -9999 -9999 -9999 -9999 -9999 -9999 -9999 -9999 -9999 -9999 -9999 -9999 -9999 -9999 -9999 -9999 -9999 -9999 -9999 -9999 -9999 -9999 -9999 -9999 -9999 -9999 -9999 -9999 -9999 -9999 -9999 -9999 -9999 -9999 -9999 -9999 203 203 203 209 209 209 220 220 230 230 230 231 231 231 234 234 238 238 238 235 235 229 229 229 223 223 223 217 217 211 211 211 197 197
-9999 -9999 -9999 -9999 -9999 -9999 -9999 -9999 -9999 -9999 -9999 -9999 -9999 -9999 -9999 -9999 -9999 -9999 -9999 -9999 -9999 -9999 -9999 -9999 -9999 -9999 -9999 -9999 -9999 -9999 -9999 -9999 -9999 -9999 -9999 -9999 -9999 -9999 -9999 -9999 -9999 -9999 -9999 -9999 -9999 -9999 -9999 -9999 -9999 -9999 -9999 -9999 201 201 201 202 202 202 210 210 223 223 223 226 226 226 224 224 221 221 221 210 210 198 198 198 194 194 194 193 193 193 193 193 187 187
-9999 -9999 -9999 -9999 -9999 -9999 -9999 -9999 -9999 -9999 -9999 -9999 -9999 -9999 -9999 -9999 -9999 -9999 -9999 -9999 -9999 -9999 -9999 -9999 -9999 -9999 -9999 -9999 -9999 -9999 -9999 -9999 -9999 -9999 -9999 -9999 -9999 -9999 -9999 -9999 -9999 -9999 -9999 -9999 -9999 -9999 -9999 -9999 -9999 -9999 -9999 206 201 201 201 202 202 202 210 210 223 223 223 226 226 226 224 224 221 221 221 210 210 198 198 198 194 194 194 193 193 193 193 193 187 187
-9999 -9999 -9999 -9999 -9999 -9999 -9999 -9999 -9999 -9999 -9999 -9999 -9999 -9999 -9999 -9999 -9999 -9999 -9999 -9999 -9999 -9999 -9999 -9999 -9999 -9999 -9999 -9999 -9999 -9999 -9999 -9999 -9999 -9999 -9999 -9999 -9999 -9999 -9999 -9999 -9999 -9999 -9999 -9999 -9999 -9999 -9999 -9999 -9999 -9999 206 206 201 201 201 202 202 202 210 210 223 223 223 226 226 226 224 224 221 221 221 210 210 198 198 198 194 194 194 193 193 193 193 193 187 187
-9999 -9999 -9999 -9999 -9999 -9999 -9999 -9999 -9999 -9999 -9999 -9999 -9999 -9999 -9999 -9999 -9999 -9999 -9999 -9999 -9999 -9999 -9999 -9999 -9999 -9999 -9999 -9999 -9999 -9999 -9999 -9999 -9999 -9999 -9999 -9999 -9999 -9999 -9999 -9999 -9999 -9999 -9999 -9999 -9999 -9999 -9999 -9999 -9999 209 201 201 197 197 197 196 196 196 195 195 199 199 199 197 197 197 193 193 194 194 194 197 197 200 200 200 201 201 201 195 195 188 188 188 172 172
-9999 -9999 -9999 -9999 -9999 -9999 -9999 -9999 -9999 -9999 -9999 -9999 -9999 -9999 -9999 -9999 -9999 -9999 -9999 -9999 -9999 -9999 -9999 -9999 -9999 -9999 -9999 -9999 -9999 -9999 -9999 -9999 -9999 -9999 -9999 -9999 -9999 -9999 -9999 -9999 -9999 -9999 -9999 -9999 -9999 -9999 -9999 209 209 209 201 201 197 197 197 196 196 196 195 195 199 199 199 197 197 197 193 193 194 194 194 197 197 200 200 200 201 201 201 195 195 188 188 188 172 172
-9999 -9999 -9999 -9999 -9999 -9999 -9999 -9999 -9999 -9999 -9999 -9999 -9999 -9999 -9999 -9999 -9999 -9999 -9999 -9999 -9999 -9999 -9999 -9999 -9999 -9999 -9999 -9999 -9999 -9999 -9999 -9999 -9999 -9999 -9999 -9999 -9999 -9999 -9999 -9999 -9999 -9999 -9999 -9999 177 177 177 182 182 182 189 189 188 188 188 178 178 178 157 157 153 153 153 153 153 153 148 148 150 150 150 157 157 167 167 167 176 176 176 175 175 165 165 165 148 148
-9999 -9999 -9999 -9999 -9999 -9999 -9999 -9999 -9999 -9999 -9999 -9999 -9999 -9999 -9999 -9999 -9999 -9999 -9999 -9999 -9999 -9999 -9999 -9999 -9999 -9999 -9999 -9999 -9999 -9999 -9999 -9999 -9999 -9999 -9999 -9999 -9999 -9999 -9999 -9999 -9999 -9999 -9999 177 177 177 177 182 182 182 189 189 188 188 188 178 178 178 157 157 153 153 153 153 153 153 148 148 150 150 150 157 157 167 167 167 176 176 176 175 175 165 165 165 148 148
-9999 -9999 -9999 -9999 -9999 -9999 -9999 -9999 -9999 -9999 -9999 -9999 -9999 -9999 -9999 -9999 -9999 -9999 -9999 -9999 -9999 -9999 -9999 -9999 -9999 -9999 -9999 -9999 -9999 -9999 -9999 -9999 -9999 -9999 -9999 -9999 -9999 -9999 -9999 -9999 -9999 -9999 -9999 177 177 177 177 182 182 182 189 189 188 188 188 178 178 178 157 157 153 153 153 153 153 153 148 148 150 150 150 157 157 167 167 167 176 176 176 175 175 165 165 165 148 148
-9999 -9999 -9999 -9999 -9999 -9999 -9999 -9999 -9999 -9999 -9999 -9999 -9999 -9999 -9999 -9999 -9999 -9999 -9999 -9999 -9999 -9999 -9999 -9999 -9999 -9999 -9999 -9999 -9999 -9999 -9999 -9999 -9999 -9999 -9999 -9999 -9999 -9999 -9999 -9999 -9999 -9999 -9999 169 169 165 165 164 164 164 175 175 178 178 178 162 162 162 146 146 152 152 152 157 157 157 155 155 152 152 152 150 150 150 150 150 154 154 154 152 152 146 146 146 144 144
-9999 -9999 -9999 -9999 -9999 -9999 -9999 -9999 -9999 -9999 -9999 -9999 -9999 -9999 -9999 -9999 -9999 -9999 -9999 -9999 -9999 -9999 -9999 -9999 -9999 -9999 -9999 -9999 -9999 -9999 -9999 -9999 -9999 -9999 -9999 -9999 -9999 -9999 -9999 -9999 -9999 159 169 169 169 165 165 164 164 164 175 175 178 178 178 162 162 162 146 146 152 152 152 157 157 157 155 155 152 152 152 150 150 150 150 150 154 154 154 152 152 146 146 146 144 144
-9999 -9999 -9999 -9999 -9999 -9999 -9999 -9999 -9999 -9999 -9999 -9999 -9999 -9999 -9999 -9999 -9999 -9999 -9999 -9999 -9999 -9999 -9999 -9999 -9999 -9999 -9999 -9999 -9999 -9999 -9999 -9999 -9999 -9999 -9999 -9999 -9999 -9999 -9999 -9999 -9999 -9999 169 169 169 165 165 164 164 164 175 175 178 178 178 162 162 162 146 146 152 152 152 157 157 157 155 155 152 152 152 150 150 150 150 150 154 154 154 152 152 146 146 146 144 144
-9999 -9999 -9999 -9999 -9999 -9999 -9999 -9999 -9999 -9999 -9999 -9999 -9999 -9999 -9999 -9999 -9999 -9999 -9999 -9999 -9999 -9999 -9999 -9999 -9999 -9999 -9999 -9999 -9999 -9999 -9999 -9999 -9999 -9999 -9999 -9999 -9999 -9999 -9999 -9999 -9999 -9999 164 164 164 168 168 162 162 162 167 167 169 169 169 164 164 164 159 159 168 168 168 173 173 173 174 174 174 174 174 170 170 161 161 161 154 154 154 149 149 148 148 148 150 150
-9999 -9999 -9999 -9999 -9999 -9999 -9999 -9999 -9999 -9999 -9999 -9999 -9999 -9999 -9999 -9999 -9999 -9999 -9999 -9999 -9999 -9999 -9999 -9999 -9999 -9999 -9999 -9999 -9999 -9999 -9999 -9999 -9999 -9999 -9999 -9999 -9999 -9999 -9999 -9999 -9999 -9999 164 164 164 168 168 162 162 162 167 167 169 169 169 164 164 164 159 159 168 168 168 173 173 173 174 174 174 174 174 170 170 161 161 161 154 154 154 149 149 148 148 148 150 150
-9999 -9999 -9999 -9999 -9999 -9999 -9999 -9999 -9999 -9999 -9999 -9999 -9999 -9999 -9999 -9999 -9999 -9999 -9999 -9999 -9999 -9999 -9999 -9999 -9999 -9999 -9999 -9999 -9999 -9999 -9999 -9999 -9999 -9999 -9999 -9999 -9999 -9999 -9999 -9999 -9999 -9999 167 167 167 172 172 169 169 169 173 173 174 174 174 172 172 172 163 163 166 166 166 166 166 166 170 170 177 177 177 177 177 171 171 171 162 162 162 156 156 153 153 153 149 149
-9999 -9999 -9999 -9999 -9999 -9999 -9999 -9999 -9999 -9999 -9999 -9999 -9999 -9999 -9999 -9999 -9999 -9999 -9999 -9999 -9999 -9999 -9999 -9999 -9999 -9999 -9999 -9999 -9999 -9999 -9999 -9999 -9999 -9999 -9999 -9999 -9999 -9999 -9999 -9999 -9999 -9999 167 167 167 172 172 169 169 169 173 173 174 174 174 172 172 172 163 163 166 166 166 166 166 166 170 170 177 177 177 177 177 171 171 171 162 162 162 156 156 153 153 153 149 149
-9999 -9999 -9999 -9999 -9999 -9999 -9999 -9999 -9999 -9999 -9999 -9999 -9999 -9999 -9999 -9999 -9999 -9999 -9999 -9999 -9999 -9999 -9999 -9999 -9999 -9999 -9999 -9999 -9999 -9999 -9999 -9999 -9999 -9999 -9999 -9999 -9999 -9999 -9999 -9999 -9999 -9999 167 167 167 172 172 169 169 169 173 173 174 174 174 172 172 172 163 163 166 166 166 166 166 166 170 170 177 177 177 177 177 171 171 171 162 162 162 156 156 153 153 153 149 149
-9999 -9999 -9999 -9999 -9999 -9999 -9999 -9999 -9999 -9999 -9999 -9999 -9999 -9999 -9999 -9999 -9999 -9999 -9999 -9999 -9999 -9999 -9999 -9999 -9999 -9999 -9999 -9999 -9999 -9999 -9999 -9999 -9999 -9999 -9999 -9999 -9999 -9999 -9999 -9999 -9999 -9999 192 192 192 198 198 198 198 198 191 191 190 190 190 185 185 185 170 170 163 163 163 159 159 159 160 160 165 165 165 167 167 164 164 164 158 158 158 157 157 159 159 159 157 157
-9999 -9999 -9999 -9999 -9999 -9999 -9999 -9999 -9999 -9999 -9999 -9999 -9999 -9999 -9999 -9999 -9999 -9999 -9999 -9999 -9999 -9999 -9999 -9999 -9999 -9999 -9999 -9999 -9999 -9999 -9999 -9999 -9999 -9999 -9999 -9999 -9999 -9999 -9999 -9999 -9999 -9999 192 192 192 198 198 198 198 198 191 191 190 190 190 185 185 185 170 170 163 163 163 159 159 159 160 160 165 165 165 167 167 164 164 164 158 158 158 157 157 159 159 159 157 157
-9999 -9999 -9999 -9999 -9999 -9999 -9999 -9999 -9999 -9999 -9999 -9999 -9999 -9999 -9999 -9999 -9999 -9999 -9999 -9999 -9999 -9999 -9999 -9999 -9999 -9999 -9999 -9999 -9999 -9999 -9999 -9999 -9999 -9999 -9999 -9999 -9999 -9999 -9999 -9999 -9999 202 200 200 200 201 201 190 190 190 173 173 172 172 172 170 170 170 159 159 151 151 151 145 145 145 140 140 140 140 140 139 139 138 138 138 142 142 142 152 152 163 163 163 162 162
-9999 -9999 -9999 -9999 -9999 -9999 -9999 -9999 -9999 -9999 -9999 -9999 -9999 -9999 -9999 -9999 -9999 -9999 -9999 -9999 -9999 -9999 -9999 -9999 -9999 -9999 -9999 -9999 -9999 -9999 -9999 -9999 -9999 -9999 -9999 -9999 -9999 -9999 -9999 -9999 202 202 200 200 200 201 201 190 190 190 173 173 172 172 172 170 170 170 159 159 151 151 151 145 145 145 140 140 140 140 140 139 139 138 138 138 142 142 142 152 152 163 163 163 162 162
-9999 -9999 -9999 -9999 -9999 -9999 -9999 -9999 -9999 -9999 -9999 -9999 -9999 -9999 -9999 -9999 -9999 -9999 -9999 -9999 -9999 -9999 -9999 -9999 -9999 -9999 -9999 -9999 -9999 -9999 -9999 -9999 -9999 -9999 -9999 -9999 -9999 -9999 -9999 -9999 202 202 200 200 200 201 201 190 190 190 173 173 172 172 172 170 170 170 159 159 151 151 151 145 145 145 140 140 140 140 140 139 139 138 138 138 142 142 142 152 152 163 163 163 162 162
-9999 -9999 -9999 -9999 -9999 -9999 -9999 -9999 -9999 -9999 -9999 -9999 -9999 -9999 -9999 -9999 -9999 -9999 -9999 -9999 -9999 -9999 -9999 -9999 -9999 -9999 -9999 -9999 -9999 -9999 -9999 -9999 -9999 -9999 -9999 -9999 -9999 -9999 146 168 168 168 169 169 169 148 148 132 132 132 134 134 140 140 140 141 141 141 137 137 133 133 133 128 128 128 125 125 127 127 127 131 131 133 133 133 135 135 135 139 139 143 143 143 140 140
-9999 -9999 -9999 -9999 -9999 -9999 -9999 -9999 -9999 -9999 -9999 -9999 -9999 -9999 -9999 -9999 -9999 -9999 -9999 -9999 -9999 -9999 -9999 -9999 -9999 -9999 -9999 -9999 -9999 -9999 -9999 -9999 -9999 -9999 -9999 -9999 -9999 146 146 168 168 168 169 169 169 148 148 132 132 132 134 134 140 140 140 141 141 141 137 137 133 133 133 128 128 128 125 125 127 127 127 131 131 133 133 133 135 135 135 139 139 143 143 143 140 140
-9999 -9999 -9999 -9999 -9999 -9999 -9999 -9999 -9999 -9999 -9999 -9999 -9999 -9999 -9999 -9999 -9999 -9999 -9999 -9999 -9999 -9999 -9999 -9999 -9999 -9999 -9999 -9999 -9999 -9999 -9999 -9999 -9999 -9999 -9999 126 126 146 146 168 168 168 169 169 169 148 148 132 132 132 134 134 140 140 140 141 141 141 137 137 133 133 133 128 128 128 125 125 127 127 127 131 131 133 133 133 135 135 135 139 139 143 143 143 140 140
-9999 -9999 -9999 -9999 -9999 -9999 -9999 -9999 -9999 -9999 -9999 -9999 -9999 -9999 -9999 -9999 -9999 -9999 -9999 -9999 -9999 -9999 -9999 -9999 -9999 -9999 -9999 -9999 -9999 -9999 -9999 -9999 -9999 -9999 -9999 66 66 0 0 0 0 0 81 81 81 86 86 105 105 105 122 122 131 131 131 130 130 130 124 124 122 122 122 121 121 121 122 122 124 124 124 125 125 127 127 127 126 126 126 124 124 122 122 122 119 119
-9999 -9999 -9999 -9999 -9999 -9999 -9999 -9999 -9999 -9999 -9999 -9999 -9999 -9999 -9999 -9999 -9999 -9999 -9999 -9999 -9999 -9999 -9999 -9999 -9999 -9999 -9999 -9999 -9999 -9999 -9999 -9999 -9999 -9999 -9999 66 66 0 0 0 0 0 81 81 81 86 86 105 105 105 122 122 131 131 131 130 130 130 124 124 122 122 122 121 121 121 122 122 124 124 124 125 125 127 127 127 126 126 126 124 124 122 122 122 119 119
-9999 -9999 -9999 -9999 -9999 -9999 -9999 -9999 -9999 -9999 -9999 -9999 -9999 -9999 -9999 -9999 -9999 -9999 -9999 -9999 -9999 -9999 -9999 -9999 -9999 -9999 -9999 -9999 -9999 -9999 -9999 -9999 -9999 -9999 -9999 52 52 37 37 49 49 49 78 78 78 101 101 117 117 117 124 124 126 126 126 121 121 121 115 115 116 116 116 120 120 120 121 121 121 121 121 120 120 119 119 119 117 117 117 112 112 109 109 109 112 112
-9999 -9999 -9999 -9999 -9999 -9999 -9999 -9999 -9999 -9999 -9999 -9999 -9999 -9999 -9999 -9999 -9999 -9999 -9999 -9999 -9999 -9999 -9999 -9999 -9999 -9999 -9999 -9999 -9999 -9999 -9999 -9999 -9999 -9999 -9999 52 52 37 37 49 49 49 78 78 78 101 101 117 117 117 124 124 126 126 126 121 121 121 115 115 116 116 116 120 120 120 121 121 121 121 121 120 120 119 119 119 117 117 117 112 112 109 109 109 112 112
-9999 -9999 -9999 -9999 -9999 -9999 -9999 -9999 -9999 -9999 -9999 -9999 -9999 -9999 -9999 -9999 -9999 -9999 -9999 -9999 -9999 -9999 -9999 -9999 -9999 -9999 -9999 -9999 -9999 -9999 -9999 -9999 -9999 -9999 -9999 52 52 37 37 49 49 49 78 78 78 101 101 117 117 117 124 124 126 126 126 121 121 121 115 115 116 116 116 120 120 120 121 121 121 121 121 120 120 119 119 119 117 117 117 112 112 109 109 109 112 112
-9999 -9999 -9999 -9999 -9999 -9999 -9999 -9999 -9999 -9999 -9999 -9999 -9999 -9999 -9999 -9999 -9999 -9999 -9999 -9999 -9999 -9999 -9999 -9999 -9999 -9999 -9999 -9999 -9999 -9999 -9999 -9999 -9999 -9999 93 93 93 79 79 91 91 91 123 123 123 139 139 137 137 137 129 129 121 121 121 116 116 116 112 112 112 112 112 112 112 112 111 111 111 111 111 110 110 110 110 110 107 107 107 104 104 108 108 108 119 119
-9999 -9999 -9999 -9999 -9999 -9999 -9999 -9999 -9999 -9999 -9999 -9999 -9999 -9999 -9999 -9999 -9999 -9999 -9999 -9999 -9999 -9999 -9999 -9999 -9999 -9999 -9999 -9999 -9999 -9999 -9999 -9999 110 110 93 93 93 79 79 91 91 91 123 123 123 139 139 137 137 137 129 129 121 121 121 116 116 116 112 112 112 112 112 112 112 112 111 111 111 111 111 110 110 110 110 110 107 107 107 104 104 108 108 108 119 119
-9999 -9999 -9999 -9999 -9999 -9999 -9999 -9999 -9999 -9999 -9999 -9999 -9999 -9999 -9999 -9999 -9999 -9999 -9999 -9999 -9999 -9999 -9999 -9999 -9999 -9999 -9999 -9999 -9999 -9999 -9999 -9999 117 117 109 109 109 100 100 105 105 105 126 126 126 136 136 133 133 133 124 124 118 118 118 116 116 116 115 115 113 113 113 110 110 110 109 109 110 110 110 111 111 111 111 111 112 112 112 114 114 124 124 124 132 132
-9999 -9999 -9999 -9999 -9999 -9999 -9999 -9999 -9999 -9999 -9999 -9999 -9999 -9999 -9999 -9999 -9999 -9999 -9999 -9999 -9999 -9999 -9999 -9999 -9999 -9999 -9999 -9999 -9999 -9999 -9999 -9999 117 117 109 109 109 100 100 105 105 105 126 126 126 136 136 133 133 133 124 124 118 118 118 116 116 116 115 115 113 113 113 110 110 110 109 109 110 110 110 111 111 111 111 111 112 112 112 114 114 124 124 124 132 132
