SEB_model/sample_data_files/contemp/hillshade/maynoon.txt
ncols         313
nrows         278
xllcorner     388961.19995117
yllcorner     7584381.3441773
cellsize      5
NODATA_value  -9999
[rows 195 to 233 of 278, columns 86 to 171 of 313]
125 125 125 128 128 123 123 123 119 119 119 127 127 153 153 153 158 158 137 137 137 96 96 96 90 90 95 95 95 94 94 89 89 89 89 89 89 88 88 86 86 86 79 79 79 78 78 96 96 96 102 102 89 89 -9999 -9999 -9999 -9999 -9999 -9999 -9999 -9999 -9999 -9999 -9999 -9999 -9999 -9999 -9999 -9999 -9999 -9999 -9999 -9999 -9999 -9999 -9999 -9999 -9999 -9999 -9999 -9999 -9999 -9999 -9999 -9999
125 125 125 128 128 123 123 123 119 119 119 127 127 153 153 153 158 158 137 137 137 96 96 96 90 90 95 95 95 94 94 89 89 89 89 89 89 88 88 86 86 86 79 79 79 78 78 96 96 96 102 102 89 -9999 -9999 -9999 -9999 -9999 -9999 -9999 -9999 -9999 -9999 -9999 -9999 -9999 -9999 -9999 -9999 -9999 -9999 -9999 -9999 -9999 -9999 -9999 -9999 -9999 -9999 -9999 -9999 -9999 -9999 -9999 -9999 -9999
103 103 103 108 108 117 117 117 122 122 122 126 126 143 143 143 165 165 165 165 165 123 123 123 84 84 87 87 87 98 98 105 105 105 108 108 108 101 101 95 95 95 92 92 92 86 86 82 82 82 78 78 72 -9999 -9999 -9999 -9999 -9999 -9999 -9999 -9999 -9999 -9999 -9999 -9999 -9999 -9999 -9999 -9999 -9999 -9999 -9999 -9999 -9999 -9999 -9999 -9999 -9999 -9999 -9999 -9999 -9999 -9999 -9999 -9999 -9999
103 103 103 108 108 117 117 117 122 122 122 126 126 143 143 143 165 165 165 165 165 123 123 123 84 84 87 87 87 98 98 105 105 105 108 108 108 101 101 95 95 95 92 92 92 86 86 82 82 82 78 78 72 72 -9999 63 63 63 0 0 -9999 -9999 -9999 -9999 -9999 -9999 -9999 -9999 -9999 -9999 -9999 -9999 -9999 -9999 -9999 -9999 -9999 -9999 -9999 -9999 -9999 -9999 -9999 -9999 -9999 -9999
114 114 114 123 123 142 142 142 161 161 161 168 168 168 168 168 182 182 197 197 197 194 194 194 155 155 133 133 133 135 135 136 136 136 127 127 127 111 111 100 100 100 97 97 97 92 92 82 82 82 70 70 66 -9999 66 51 51 51 26 26 18 18 -9999 -9999 -9999 -9999 -9999 -9999 -9999 -9999 -9999 -9999 -9999 -9999 -9999 -9999 -9999 -9999 -9999 -9999 -9999 -9999 -9999 -9999 -9999 -9999
114 114 114 123 123 142 142 142 161 161 161 168 168 168 168 168 182 182 197 197 197 194 194 194 155 155 133 133 133 135 135 136 136 136 127 127 127 111 111 100 100 100 97 97 97 92 92 82 82 82 70 70 66 66 66 51 51 51 26 26 -9999 -9999 -9999 -9999 -9999 -9999 -9999 -9999 -9999 -9999 -9999 -9999 -9999 -9999 -9999 -9999 -9999 -9999 -9999 -9999 -9999 -9999 -9999 -9999 -9999 -9999
114 114 114 123 123 142 142 142 161 161 161 168 168 168 168 168 182 182 197 197 197 194 194 194 155 155 133 133 133 135 135 136 136 136 127 127 127 111 111 100 100 100 97 97 97 92 92 82 82 82 70 70 66 66 66 51 51 51 26 26 -9999 -9999 -9999 -9999 -9999 -9999 -9999 -9999 -9999 -9999 -9999 -9999 -9999 -9999 -9999 -9999 -9999 -9999 -9999 -9999 -9999 -9999 -9999 -9999 -9999 -9999
131 131 131 140 140 138 138 138 142 142 142 153 153 156 156 156 164 164 193 193 193 226 226 226 235 235 227 227 227 213 213 201 201 201 189 189 189 171 171 146 146 146 119 119 119 90 90 66 66 66 55 55 52 52 52 53 53 53 53 53 46 -9999 -9999 -9999 -9999 -9999 -9999 -9999 -9999 -9999 -9999 -9999 -9999 -9999 -9999 -9999 -9999 -9999 -9999 -9999 -9999 -9999 -9999 -9999 -9999 -9999
131 131 131 140 140 138 138 138 142 142 142 153 153 156 156 156 164 164 193 193 193 226 226 226 235 235 227 227 227 213 213 201 201 201 189 189 189 171 171 146 146 146 119 119 119 90 90 66 66 66 55 55 52 52 52 53 53 53 53 53 46 -9999 -9999 -9999 -9999 -9999 -9999 -9999 -9999 -9999 -9999 -9999 -9999 -9999 -9999 -9999 -9999 -9999 -9999 -9999 -9999 -9999 -9999 -9999 -9999 -9999
131 131 131 140 140 138 138 138 142 142 142 153 153 156 156 156 164 164 193 193 193 226 226 226 235 235 227 227 227 213 213 201 201 201 189 189 189 171 171 146 146 146 119 119 119 90 90 66 66 66 55 55 52 52 52 53 53 53 53 53 46 -9999 -9999 -9999 -9999 -9999 -9999 -9999 -9999 -9999 -9999 -9999 -9999 -9999 -9999 -9999 -9999 -9999 -9999 -9999 -9999 -9999 -9999 -9999 -9999 -9999
139 139 139 143 143 132 132 132 112 112 112 111 111 121 121 121 128 128 141 141 141 165 165 165 193 193 193 193 193 170 170 153 153 153 150 150 150 147 147 131 131 131 105 105 105 77 77 57 57 57 49 49 46 46 46 44 44 44 41 41 -9999 -9999 -9999 -9999 -9999 -9999 -9999 -9999 -9999 -9999 -9999 -9999 -9999 -9999 -9999 -9999 -9999 -9999 -9999 -9999 -9999 -9999 -9999 -9999 -9999 -9999
139 139 139 143 143 132 132 132 112 112 112 111 111 121 121 121 128 128 141 141 141 165 165 165 193 193 193 193 193 170 170 153 153 153 150 150 150 147 147 131 131 131 105 105 105 77 77 57 57 57 49 49 46 46 46 44 44 44 41 41 -9999 -9999 -9999 -9999 -9999 -9999 -9999 -9999 -9999 -9999 -9999 -9999 -9999 -9999 -9999 -9999 -9999 -9999 -9999 -9999 -9999 -9999 -9999 -9999 -9999 -9999
150 150 150 145 145 144 144 144 126 126 126 114 114 120 120 120 121 121 114 114 114 99 99 99 101 101 108 108 108 97 97 81 81 81 72 72 72 72 72 74 74 74 73 73 73 67 67 64 64 64 63 63 61 61 61 56 56 56 62 -9999 -9999 -9999 -9999 -9999 -9999 -9999 -9999 -9999 -9999 -9999 -9999 -9999 -9999 -9999 -9999 -9999 -9999 -9999 -9999 -9999 -9999 -9999 -9999 -9999 -9999 -9999
150 150 150 145 145 144 144 144 126 126 126 114 114 120 120 120 121 121 114 114 114 99 99 99 101 101 108 108 108 97 97 81 81 81 72 72 72 72 72 74 74 74 73 73 73 67 67 64 64 64 63 63 61 61 61 56 56 56 62 -9999 -9999 -9999 -9999 -9999 -9999 -9999 -9999 -9999 -9999 -9999 -9999 -9999 -9999 -9999 -9999 -9999 -9999 -9999 -9999 -9999 -9999 -9999 -9999 -9999 -9999 -9999
150 150 150 145 145 144 144 144 126 126 126 114 114 120 120 120 121 121 114 114 114 99 99 99 101 101 108 108 108 97 97 81 81 81 72 72 72 72 72 74 74 74 73 73 73 67 67 64 64 64 63 63 61 61 61 56 56 56 62 62 -9999 -9999 -9999 -9999 -9999 -9999 -9999 -9999 -9999 -9999 -9999 -9999 -9999 -9999 -9999 -9999 -9999 -9999 -9999 -9999 -9999 -9999 -9999 -9999 -9999 -9999
160 160 160 150 150 139 139 139 125 125 125 108 108 112 112 112 117 117 118 118 118 110 110 110 106 106 112 112 112 107 107 90 90 90 72 72 72 61 61 58 58 58 61 61 61 64 64 65 65 65 63 63 58 58 58 54 54 54 49 49 -9999 -9999 -9999 -9999 -9999 -9999 -9999 -9999 -9999 -9999 -9999 -9999 -9999 -9999 -9999 -9999 -9999 -9999 -9999 -9999 -9999 -9999 -9999 -9999 -9999 -9999
160 160 160 150 150 139 139 139 125 125 125 108 108 112 112 112 117 117 118 118 118 110 110 110 106 106 112 112 112 107 107 90 90 90 72 72 72 61 61 58 58 58 61 61 61 64 64 65 65 65 63 63 58 58 58 54 54 54 49 49 -9999 -9999 -9999 -9999 -9999 -9999 -9999 -9999 -9999 -9999 -9999 -9999 -9999 -9999 -9999 -9999 -9999 -9999 -9999 -9999 -9999 -9999 -9999 -9999 -9999 -9999
160 160 160 150 150 139 139 139 125 125 125 108 108 112 112 112 117 117 118 118 118 110 110 110 106 106 112 112 112 107 107 90 90 90 72 72 72 61 61 58 58 58 61 61 61 64 64 65 65 65 63 63 58 58 58 54 54 54 49 49 -9999 -9999 -9999 -9999 -9999 -9999 -9999 -9999 -9999 -9999 -9999 -9999 -9999 -9999 -9999 -9999 -9999 -9999 -9999 -9999 -9999 -9999 -9999 -9999 -9999 -9999
157 157 157 148 148 132 132 132 116 116 116 101 101 106 106 106 116 116 117 117 117 108 108 108 98 98 100 100 100 100 100 88 88 88 71 71 71 59 59 54 54 54 57 57 57 65 65 68 68 68 63 63 56 56 56 50 50 50 37 37 -9999 -9999 -9999 -9999 -9999 -9999 -9999 -9999 -9999 -9999 -9999 -9999 -9999 -9999 -9999 -9999 -9999 -9999 -9999 -9999 -9999 -9999 -9999 -9999 -9999 -9999
157 157 157 148 148 132 132 132 116 116 116 101 101 106 106 106 116 116 117 117 117 108 108 108 98 98 100 100 100 100 100 88 88 88 71 71 71 59 59 54 54 54 57 57 57 65 65 68 68 68 63 63 56 56 56 50 50 50 37 37 -9999 -9999 -9999 -9999 -9999 -9999 -9999 -9999 -9999 -9999 -9999 -9999 -9999 -9999 -9999 -9999 -9999 -9999 -9999 -9999 -9999 -9999 -9999 -9999 -9999 -9999
147 147 147 139 139 130 130 130 119 119 119 104 104 102 102 102 110 110 108 108 108 96 96 96 84 84 85 85 85 89 89 87 87 87 82 82 82 80 80 83 83 83 79 79 79 73 73 70 70 70 63 63 53 53 53 48 48 48 47 47 -9999 -9999 -9999 -9999 -9999 -9999 -9999 -9999 -9999 -9999 -9999 -9999 -9999 -9999 -9999 -9999 -9999 -9999 -9999 -9999 -9999 -9999 -9999 -9999 -9999 -9999
147 147 147 139 139 130 130 130 119 119 119 104 104 102 102 102 110 110 108 108 108 96 96 96 84 84 85 85 85 89 89 87 87 87 82 82 82 80 80 83 83 83 79 79 79 73 73 70 70 70 63 63 53 53 53 48 48 48 47 47 -9999 -9999 -9999 -9999 -9999 -9999 -9999 -9999 -9999 -9999 -9999 -9999 -9999 -9999 -9999 -9999 -9999 -9999 -9999 -9999 -9999 -9999 -9999 -9999 -9999 -9999
147 147 147 139 139 130 130 130 119 119 119 104 104 102 102 102 110 110 108 108 108 96 96 96 84 84 85 85 85 89 89 87 87 87 82 82 82 80 80 83 83 83 79 79 79 73 73 70 70 70 63 63 53 53 53 48 48 48 47 47 -9999 -9999 -9999 -9999 -9999 -9999 -9999 -9999 -9999 -9999 -9999 -9999 -9999 -9999 -9999 -9999 -9999 -9999 -9999 -9999 -9999 -9999 -9999 -9999 -9999 -9999
137 137 137 130 130 124 124 124 116 116 116 100 100 85 85 85 86 86 89 89 89 79 79 79 60 60 45 45 45 42 42 50 50 50 69 69 69 85 85 84 84 84 70 70 70 56 56 50 50 50 48 48 47 47 47 46 46 46 46 46 -9999 -9999 -9999 -9999 -9999 -9999 -9999 -9999 -9999 -9999 -9999 -9999 -9999 -9999 -9999 -9999 -9999 -9999 -9999 -9999 -9999 -9999 -9999 -9999 -9999 -9999
137 137 137 130 130 124 124 124 116 116 116 100 100 85 85 85 86 86 89 89 89 79 79 79 60 60 45 45 45 42 42 50 50 50 69 69 69 85 85 84 84 84 70 70 70 56 56 50 50 50 48 48 47 47 47 46 46 46 46 46 -9999 -9999 -9999 -9999 -9999 -9999 -9999 -9999 -9999 -9999 -9999 -9999 -9999 -9999 -9999 -9999 -9999 -9999 -9999 -9999 -9999 -9999 -9999 -9999 -9999 -9999
129 129 129 130 130 124 124 124 119 119 119 111 111 91 91 91 79 79 78 78 78 68 68 68 46 46 33 33 33 42 42 70 70 70 97 97 97 102 102 87 87 87 72 72 72 61 61 52 52 52 53 53 59 59 59 62 62 62 71 71 -9999 -9999 -9999 -9999 -9999 -9999 -9999 -9999 -9999 -9999 -9999 -9999 -9999 -9999 -9999 -9999 -9999 -9999 -9999 -9999 -9999 -9999 -9999 -9999 -9999 -9999
129 129 129 130 130 124 124 124 119 119 119 111 111 91 91 91 79 79 78 78 78 68 68 68 46 46 33 33 33 42 42 70 70 70 97 97 97 102 102 87 87 87 72 72 72 61 61 52 52 52 53 53 59 59 59 62 62 62 71 -9999 -9999 -9999 -9999 -9999 -9999 -9999 -9999 -9999 -9999 -9999 -9999 -9999 -9999 -9999 -9999 -9999 -9999 -9999 -9999 -9999 -9999 -9999 -9999 -9999 -9999 -9999
129 129 129 130 130 124 124 124 119 119 119 111 111 91 91 91 79 79 78 78 78 68 68 68 46 46 33 33 33 42 42 70 70 70 97 97 97 102 102 87 87 87 72 72 72 61 61 52 52 52 53 53 59 59 59 62 62 62 71 -9999 -9999 -9999 -9999 -9999 -9999 -9999 -9999 -9999 -9999 -9999 -9999 -9999 -9999 -9999 -9999 -9999 -9999 -9999 -9999 -9999 -9999 -9999 -9999 -9999 -9999 -9999
73 73 73 74 74 91 91 91 110 110 110 103 103 75 75 75 47 47 0 0 0 0 0 0 34 34 67 67 67 103 103 117 117 117 106 106 106 89 89 80 80 80 73 73 73 66 66 61 61 61 59 59 61 61 61 63 63 63 72 -9999 -9999 -9999 -9999 -9999 -9999 -9999 -9999 -9999 -9999 -9999 -9999 -9999 -9999 -9999 -9999 -9999 -9999 -9999 -9999 -9999 -9999 -9999 -9999 -9999 -9999 -9999
73 73 73 74 74 91 91 91 110 110 110 103 103 75 75 75 47 47 0 0 0 0 0 0 34 34 67 67 67 103 103 117 117 117 106 106 106 89 89 80 80 80 73 73 73 66 66 61 61 61 59 59 61 61 61 63 63 63 72 -9999 -9999 -9999 -9999 -9999 -9999 -9999 -9999 -9999 -9999 -9999 -9999 -9999 -9999 -9999 -9999 -9999 -9999 -9999 -9999 -9999 -9999 -9999 -9999 -9999 -9999 -9999
73 73 73 74 74 91 91 91 110 110 110 103 103 75 75 75 47 47 0 0 0 0 0 0 34 34 67 67 67 103 103 117 117 117 106 106 106 89 89 80 80 80 73 73 73 66 66 61 61 61 59 59 61 61 61 63 63 63 72 -9999 -9999 -9999 -9999 -9999 -9999 -9999 -9999 -9999 -9999 -9999 -9999 -9999 -9999 -9999 -9999 -9999 -9999 -9999 -9999 -9999 -9999 -9999 -9999 -9999 -9999 -9999
74 74 74 63 63 72 72 72 83 83 83 77 77 62 62 62 48 48 42 42 42 56 56 56 94 94 133 133 133 139 139 115 115 115 93 93 93 80 80 72 72 72 68 68 68 70 70 74 74 74 73 73 68 68 68 65 65 65 60 -9999 -9999 -9999 -9999 -9999 -9999 -9999 -9999 -9999 -9999 -9999 -9999 -9999 -9999 -9999 -9999 -9999 -9999 -9999 -9999 -9999 -9999 -9999 -9999 -9999 -9999 -9999
74 74 74 63 63 72 72 72 83 83 83 77 77 62 62 62 48 48 42 42 42 56 56 56 94 94 133 133 133 139 139 115 115 115 93 93 93 80 80 72 72 72 68 68 68 70 70 74 74 74 73 73 68 68 68 65 65 65 60 60 -9999 -9999 -9999 -9999 -9999 -9999 -9999 -9999 -9999 -9999 -9999 -9999 -9999 -9999 -9999 -9999 -9999 -9999 -9999 -9999 -9999 -9999 -9999 -9999 -9999 -9999
148 148 148 142 142 112 112 112 87 87 87 90 90 106 106 106 117 117 134 134 134 162 162 162 171 171 149 149 149 117 117 96 96 96 88 88 88 75 75 59 59 59 59 59 59 75 75 86 86 86 84 84 75 75 75 65 65 65 47 47 -9999 -9999 -9999 -9999 -9999 -9999 -9999 -9999 -9999 -9999 -9999 -9999 -9999 -9999 -9999 -9999 -9999 -9999 -9999 -9999 -9999 -9999 -9999 -9999 -9999 -9999
148 148 148 142 142 112 112 112 87 87 87 90 90 106 106 106 117 117 134 134 134 162 162 162 171 171 149 149 149 117 117 96 96 96 88 88 88 75 75 59 59 59 59 59 59 75 75 86 86 86 84 84 75 75 75 65 65 65 47 47 -9999 -9999 -9999 -9999 -9999 -9999 -9999 -9999 -9999 -9999 -9999 -9999 -9999 -9999 -9999 -9999 -9999 -9999 -9999 -9999 -9999 -9999 -9999 -9999 -9999 -9999
148 148 148 142 142 112 112 112 87 87 87 90 90 106 106 106 117 117 134 134 134 162 162 162 171 171 149 149 149 117 117 96 96 96 88 88 88 75 75 59 59 59 59 59 59 75 75 86 86 86 84 84 75 75 75 65 65 65 47 47 0 -9999 -9999 -9999 -9999 -9999 -9999 -9999 -9999 -9999 -9999 -9999 -9999 -9999 -9999 -9999 -9999 -9999 -9999 -9999 -9999 -9999 -9999 -9999 -9999 -9999
170 170 170 164 164 141 141 141 122 122 122 124 124 141 141 141 173 173 202 202 202 200 200 200 160 160 109 109 109 84 84 71 71 71 61 61 61 56 56 56 56 56 60 60 60 64 64 68 68 68 69 69 63 63 63 54 54 54 38 38 19 19 -9999 -9999 -9999 -9999 -9999 -9999 -9999 -9999 -9999 -9999 -9999 -9999 -9999 -9999 -9999 -9999 -9999 -9999 -9999 -9999 -9999 -9999 -9999 -9999
170 170 170 164 164 141 141 141 122 122 122 124 124 141 141 141 173 173 202 202 202 200 200 200 160 160 109 109 109 84 84 71 71 71 61 61 61 56 56 56 56 56 60 60 60 64 64 68 68 68 69 69 63 63 63 54 54 54 38 38 19 19 19 -9999 -9999 -9999 -9999 -9999 -9999 -9999 -9999 -9999 -9999 -9999 -9999 -9999 -9999 -9999 -9999 -9999 -9999 -9999 -9999 -9999 -9999 -9999
173 173 173 158 158 152 152 152 150 150 150 146 146 159 159 159 186 186 206 206 206 183 183 183 129 129 102 102 102 92 92 78 78 78 69 69 69 73 73 84 84 84 83 83 83 71 71 64 64 64 64 64 64 64 64 63 63 63 60 60 48 48 48 37 -9999 -9999 -9999 -9999 -9999 -9999 -9999 -9999 -9999 -9999 -9999 -9999 -9999 -9999 -9999 -9999 -9999 -9999 -9999 -9999 -9999 -9999
