SEB_model/sample_data_files/contemp/hillshade/maynoon.txt
ncols         313
nrows         278
xllcorner     388961.19995117
yllcorner     7584381.3441773
cellsize      5
NODATA_value  -9999
[rows 195 to 233 of 278, columns 0 to 85 of 313]
-9999 -9999 -9999 -9999 -9999 -9999 -9999 -9999 -9999 -9999 188 188 188 168 168 155 155 155 153 153 153 153 153 162 162 162 172 172 172 181 181 185 185 185 174 174 169 169 169 166 166 166 167 167 168 168 168 167 167 165 165 165 164 164 164 161 161 158 158 158 154 154 154 153 153 161 161 161 165 165 167 167 167 165 165 165 157 157 148 148 148 136 136 125 125 125
-9999 -9999 -9999 -9999 -9999 -9999 -9999 -9999 -9999 -9999 -9999 -9999 -9999 168 168 155 155 155 153 153 153 153 153 162 162 162 172 172 172 181 181 185 185 185 174 174 169 169 169 166 166 166 167 167 168 168 168 167 167 165 165 165 164 164 164 161 161 158 158 158 154 154 154 153 153 161 161 161 165 165 167 167 167 165 165 165 157 157 148 148 148 136 136 125 125 125
-9999 -9999 -9999 -9999 -9999 -9999 -9999 -9999 -9999 -9999 -9999 -9999 -9999 -9999 -9999 181 181 181 159 159 159 147 147 157 157 157 174 174 174 189 189 189 189 189 173 173 168 168 168 171 171 171 173 173 174 174 174 172 172 168 168 168 168 168 168 167 167 167 167 167 160 160 160 148 148 150 150 150 161 161 169 169 169 165 165 165 150 150 139 139 139 125 125 109 109 109
-9999 -9999 -9999 -9999 -9999 -9999 -9999 -9999 -9999 -9999 -9999 -9999 -9999 -9999 -9999 181 181 181 159 159 159 147 147 157 157 157 174 174 174 189 189 189 189 189 173 173 168 168 168 171 171 171 173 173 174 174 174 172 172 168 168 168 168 168 168 167 167 167 167 167 160 160 160 148 148 150 150 150 161 161 169 169 169 165 165 165 150 150 139 139 139 125 125 109 109 109
-9999 -9999 -9999 -9999 -9999 -9999 -9999 -9999 -9999 -9999 -9999 -9999 -9999 -9999 -9999 -9999 184 184 163 163 163 147 147 156 156 156 170 170 170 182 182 178 178 178 167 167 167 167 167 172 172 172 172 172 173 173 173 170 170 166 166 166 169 169 169 170 170 166 166 166 162 162 162 154 154 148 148 148 147 147 152 152 152 149 149 149 137 137 133 133 133 125 125 116 116 116
-9999 -9999 -9999 -9999 -9999 -9999 -9999 -9999 -9999 -9999 -9999 -9999 -9999 -9999 -9999 -9999 184 184 163 163 163 147 147 156 156 156 170 170 170 182 182 178 178 178 167 167 167 167 167 172 172 172 172 172 173 173 173 170 170 166 166 166 169 169 169 170 170 166 166 166 162 162 162 154 154 148 148 148 147 147 152 152 152 149 149 149 137 137 133 133 133 125 125 116 116 116
-9999 -9999 -9999 -9999 -9999 -9999 -9999 -9999 -9999 -9999 -9999 -9999 -9999 -9999 -9999 -9999 -9999 184 163 163 163 147 147 156 156 156 170 170 170 182 182 178 178 178 167 167 167 167 167 172 172 172 172 172 173 173 173 170 170 166 166 166 169 169 169 170 170 166 166 166 162 162 162 154 154 148 148 148 147 147 152 152 152 149 149 149 137 137 133 133 133 125 125 116 116 116
-9999 -9999 -9999 -9999 -9999 -9999 -9999 -9999 -9999 -9999 -9999 -9999 -9999 -9999 -9999 -9999 -9999 163 161 161 161 152 152 156 156 156 163 163 163 171 171 175 175 175 171 171 167 167 167 170 170 170 171 171 169 169 169 166 166 163 163 163 166 166 166 165 165 162 162 162 160 160 160 158 158 161 161 161 153 153 139 139 139 129 129 129 123 123 122 122 122 119 119 119 119 119
-9999 -9999 -9999 -9999 -9999 -9999 -9999 -9999 -9999 -9999 -9999 -9999 -9999 -9999 -9999 -9999 -9999 163 161 161 161 152 152 156 156 156 163 163 163 171 171 175 175 175 171 171 167 167 167 170 170 170 171 171 169 169 169 166 166 163 163 163 166 166 166 165 165 162 162 162 160 160 160 158 158 161 161 161 153 153 139 139 139 129 129 129 123 123 122 122 122 119 119 119 119 119
-9999 -9999 -9999 -9999 -9999 -9999 -9999 -9999 -9999 -9999 -9999 -9999 -9999 -9999 -9999 -9999 -9999 163 161 161 161 152 152 156 156 156 163 163 163 171 171 175 175 175 171 171 167 167 167 170 170 170 171 171 169 169 169 166 166 163 163 163 166 166 166 165 165 162 162 162 160 160 160 158 158 161 161 161 153 153 139 139 139 129 129 129 123 123 122 122 122 119 119 119 119 119
-9999 -9999 -9999 -9999 -9999 -9999 -9999 -9999 -9999 -9999 -9999 -9999 -9999 -9999 -9999 -9999 -9999 170 169 169 169 159 159 157 157 157 159 159 159 167 167 179 179 179 177 177 165 165 165 163 163 163 165 165 167 167 167 165 165 160 160 160 156 156 156 153 153 153 153 153 154 154 154 159 159 168 168 168 158 158 136 136 136 127 127 127 124 124 120 120 120 120 120 129 129 129
-9999 -9999 -9999 -9999 -9999 -9999 -9999 -9999 -9999 -9999 -9999 -9999 -9999 -9999 -9999 -9999 170 170 169 169 169 159 159 157 157 157 159 159 159 167 167 179 179 179 177 177 165 165 165 163 163 163 165 165 167 167 167 165 165 160 160 160 156 156 156 153 153 153 153 153 154 154 154 159 159 168 168 168 158 158 136 136 136 127 127 127 124 124 120 120 120 120 120 129 129 129
-9999 -9999 -9999 -9999 -9999 -9999 -9999 -9999 -9999 -9999 -9999 -9999 -9999 -9999 -9999 -9999 177 177 176 176 176 164 164 158 158 158 157 157 157 161 161 172 172 172 175 175 164 164 164 158 158 158 160 160 164 164 164 166 166 161 161 161 154 154 154 146 146 143 143 143 150 150 150 156 156 158 158 158 145 145 138 138 138 139 139 139 135 135 132 132 132 143 143 154 154 154
-9999 -9999 -9999 -9999 -9999 -9999 -9999 -9999 -9999 -9999 -9999 -9999 -9999 -9999 -9999 177 177 177 176 176 176 164 164 158 158 158 157 157 157 161 161 172 172 172 175 175 164 164 164 158 158 158 160 160 164 164 164 166 166 161 161 161 154 154 154 146 146 143 143 143 150 150 150 156 156 158 158 158 145 145 138 138 138 139 139 139 135 135 132 132 132 143 143 154 154 154
-9999 -9999 -9999 -9999 -9999 -9999 -9999 -9999 -9999 -9999 -9999 -9999 -9999 -9999 173 177 177 177 176 176 176 164 164 158 158 158 157 157 157 161 161 172 172 172 175 175 164 164 164 158 158 158 160 160 164 164 164 166 166 161 161 161 154 154 154 146 146 143 143 143 150 150 150 156 156 158 158 158 145 145 138 138 138 139 139 139 135 135 132 132 132 143 143 154 154 154
-9999 -9999 -9999 -9999 -9999 -9999 -9999 -9999 -9999 -9999 -9999 -9999 169 151 151 151 151 151 168 168 168 166 166 159 159 159 157 157 157 158 158 165 165 165 173 173 170 170 170 164 164 164 162 162 162 162 162 162 162 161 161 161 159 159 159 153 153 150 150 150 152 152 152 150 150 144 144 144 142 142 146 146 146 143 143 143 139 139 150 150 150 161 161 162 162 162
-9999 -9999 -9999 -9999 -9999 -9999 -9999 -9999 -9999 -9999 169 169 169 151 151 151 151 151 168 168 168 166 166 159 159 159 157 157 157 158 158 165 165 165 173 173 170 170 170 164 164 164 162 162 162 162 162 162 162 161 161 161 159 159 159 153 153 150 150 150 152 152 152 150 150 144 144 144 142 142 146 146 146 143 143 143 139 139 150 150 150 161 161 162 162 162
-9999 -9999 -9999 -9999 -9999 -9999 -9999 -9999 175 175 169 169 169 151 151 151 151 151 168 168 168 166 166 159 159 159 157 157 157 158 158 165 165 165 173 173 170 170 170 164 164 164 162 162 162 162 162 162 162 161 161 161 159 159 159 153 153 150 150 150 152 152 152 150 150 144 144 144 142 142 146 146 146 143 143 143 139 139 150 150 150 161 161 162 162 162
-9999 -9999 -9999 -9999 -9999 168 168 168 150 150 141 141 141 142 142 149 149 149 164 164 164 165 165 159 159 159 156 156 156 155 155 159 159 159 168 168 169 169 169 164 164 164 161 161 158 158 158 158 158 159 159 159 160 160 160 164 164 168 168 168 162 162 162 148 148 139 139 139 140 140 141 141 141 140 140 140 145 145 158 158 158 162 162 158 158 158
-9999 -9999 -9999 174 174 168 168 168 150 150 141 141 141 142 142 149 149 149 164 164 164 165 165 159 159 159 156 156 156 155 155 159 159 159 168 168 169 169 169 164 164 164 161 161 158 158 158 158 158 159 159 159 160 160 160 164 164 168 168 168 162 162 162 148 148 139 139 139 140 140 141 141 141 140 140 140 145 145 158 158 158 162 162 158 158 158
-9999 -9999 151 151 151 144 144 144 145 145 154 154 154 172 172 178 178 178 174 174 174 167 167 161 161 161 157 157 157 155 155 155 155 155 161 161 167 167 167 163 163 163 159 159 158 158 158 156 156 156 156 156 164 164 164 175 175 180 180 180 170 170 170 151 151 143 143 143 134 134 119 119 119 123 123 123 143 143 154 154 154 155 155 152 152 152
-9999 167 151 151 151 144 144 144 145 145 154 154 154 172 172 178 178 178 174 174 174 167 167 161 161 161 157 157 157 155 155 155 155 155 161 161 167 167 167 163 163 163 159 159 158 158 158 156 156 156 156 156 164 164 164 175 175 180 180 180 170 170 170 151 151 143 143 143 134 134 119 119 119 123 123 123 143 143 154 154 154 155 155 152 152 152
-9999 167 151 151 151 144 144 144 145 145 154 154 154 172 172 178 178 178 174 174 174 167 167 161 161 161 157 157 157 155 155 155 155 155 161 161 167 167 167 163 163 163 159 159 158 158 158 156 156 156 156 156 164 164 164 175 175 180 180 180 170 170 170 151 151 143 143 143 134 134 119 119 119 123 123 123 143 143 154 154 154 155 155 152 152 152
168 168 151 151 151 153 153 153 177 177 187 187 187 185 185 183 183 183 181 181 181 176 176 169 169 169 163 163 163 158 158 154 154 154 156 156 163 163 163 163 163 163 157 157 158 158 158 163 163 170 170 170 177 177 177 179 179 174 174 174 163 163 163 149 149 141 141 141 139 139 142 142 142 137 137 137 127 127 132 132 132 144 144 144 144 144
168 168 151 151 151 153 153 153 177 177 187 187 187 185 185 183 183 183 181 181 181 176 176 169 169 169 163 163 163 158 158 154 154 154 156 156 163 163 163 163 163 163 157 157 158 158 158 163 163 170 170 170 177 177 177 179 179 174 174 174 163 163 163 149 149 141 141 141 139 139 142 142 142 137 137 137 127 127 132 132 132 144 144 144 144 144
172 172 172 172 172 171 171 171 180 180 186 186 186 186 186 183 183 183 183 183 183 182 182 176 176 176 168 168 168 161 161 155 155 155 150 150 152 152 152 156 156 156 156 156 160 160 160 170 170 177 177 177 178 178 178 170 170 157 157 157 150 150 150 148 148 144 144 144 154 154 173 173 173 170 170 170 140 140 120 120 120 120 120 124 124 124
172 172 172 172 172 171 171 171 180 180 186 186 186 186 186 183 183 183 183 183 183 182 182 176 176 176 168 168 168 161 161 155 155 155 150 150 152 152 152 156 156 156 156 156 160 160 160 170 170 177 177 177 178 178 178 170 170 157 157 157 150 150 150 148 148 144 144 144 154 154 173 173 173 170 170 170 140 140 120 120 120 120 120 124 124 124
-9999 172 172 172 172 171 171 171 180 180 186 186 186 186 186 183 183 183 183 183 183 182 182 176 176 176 168 168 168 161 161 155 155 155 150 150 152 152 152 156 156 156 156 156 160 160 160 170 170 177 177 177 178 178 178 170 170 157 157 157 150 150 150 148 148 144 144 144 154 154 173 173 173 170 170 170 140 140 120 120 120 120 120 124 124 124
-9999 176 184 184 184 174 174 174 171 171 184 184 184 190 190 186 186 186 182 182 182 181 181 178 178 178 170 170 170 163 163 156 156 156 148 148 144 144 144 150 150 150 159 159 163 163 163 164 164 165 165 165 165 165 165 159 159 152 152 152 147 147 147 149 149 161 161 161 166 166 162 162 162 165 165 165 162 162 135 135 135 102 102 81 81 81
-9999 -9999 184 184 184 174 174 174 171 171 184 184 184 190 190 186 186 186 182 182 182 181 181 178 178 178 170 170 170 163 163 156 156 156 148 148 144 144 144 150 150 150 159 159 163 163 163 164 164 165 165 165 165 165 165 159 159 152 152 152 147 147 147 149 149 161 161 161 166 166 162 162 162 165 165 165 162 162 135 135 135 102 102 81 81 81
-9999 -9999 -9999 184 184 174 174 174 171 171 184 184 184 190 190 186 186 186 182 182 182 181 181 178 178 178 170 170 170 163 163 156 156 156 148 148 144 144 144 150 150 150 159 159 163 163 163 164 164 165 165 165 165 165 165 159 159 152 152 152 147 147 147 149 149 161 161 161 166 166 162 162 162 165 165 165 162 162 135 135 135 102 102 81 81 81
-9999 -9999 -9999 -9999 193 194 194 194 177 177 177 177 177 189 189 188 188 188 180 180 180 174 174 172 172 172 167 167 167 160 160 155 155 155 148 148 143 143 143 146 146 146 155 155 159 159 159 157 157 154 154 154 153 153 153 153 153 152 152 152 152 152 152 157 157 167 167 167 168 168 159 159 159 157 157 157 159 159 151 151 151 130 130 102 102 102
-9999 -9999 -9999 -9999 -9999 194 194 194 177 177 177 177 177 189 189 188 188 188 180 180 180 174 174 172 172 172 167 167 167 160 160 155 155 155 148 148 143 143 143 146 146 146 155 155 159 159 159 157 157 154 154 154 153 153 153 153 153 152 152 152 152 152 152 157 157 167 167 167 168 168 159 159 159 157 157 157 159 159 151 151 151 130 130 102 102 102
-9999 -9999 -9999 -9999 -9999 190 190 190 179 179 166 166 166 174 174 181 181 181 178 178 178 170 170 167 167 167 165 165 165 161 161 158 158 158 155 155 152 152 152 148 148 148 148 148 153 153 153 152 152 144 144 144 140 140 140 145 145 152 152 152 162 162 162 168 168 163 163 163 158 158 155 155 155 149 149 149 147 147 154 154 154 155 155 148 148 148
-9999 -9999 -9999 -9999 -9999 190 190 190 179 179 166 166 166 174 174 181 181 181 178 178 178 170 170 167 167 167 165 165 165 161 161 158 158 158 155 155 152 152 152 148 148 148 148 148 153 153 153 152 152 144 144 144 140 140 140 145 145 152 152 152 162 162 162 168 168 163 163 163 158 158 155 155 155 149 149 149 147 147 154 154 154 155 155 148 148 148
-9999 -9999 -9999 -9999 -9999 190 190 190 179 179 166 166 166 174 174 181 181 181 178 178 178 170 170 167 167 167 165 165 165 -9999 -9999 -9999 -9999 -9999 155 155 152 152 152 148 148 148 148 148 153 153 153 152 152 144 144 144 140 140 140 145 145 152 152 152 162 162 162 168 168 163 163 163 158 158 155 155 155 149 149 149 147 147 154 154 154 155 155 148 148 148
-9999 -9999 -9999 -9999 -9999 -9999 176 176 172 172 161 161 161 161 161 167 167 167 173 173 173 180 180 195 -9999 -9999 -9999 -9999 -9999 -9999 -9999 -9999 -9999 -9999 -9999 -9999 -9999 199 199 195 195 195 182 182 159 159 159 144 144 139 139 139 134 134 134 140 140 156 156 156 170 170 170 171 171 164 164 164 155 155 149 149 149 145 145 145 144 144 144 144 144 148 148 159 159 159
-9999 -9999 -9999 -9999 -9999 -9999 176 176 172 172 161 161 161 161 161 167 167 167 173 173 173 -9999 -9999 -9999 -9999 -9999 -9999 -9999 -9999 -9999 -9999 -9999 -9999 -9999 -9999 -9999 -9999 -9999 -9999 -9999 -9999 195 182 182 159 159 159 144 144 139 139 139 134 134 134 140 140 156 156 156 170 170 170 171 171 164 164 164 155 155 149 149 149 145 145 145 144 144 144 144 144 148 148 159 159 159
-9999 -9999 -9999 -9999 -9999 -9999 -9999 188 199 199 198 198 198 188 188 178 178 178 192 -9999 -9999 -9999 -9999 -9999 -9999 -9999 -9999 -9999 -9999 -9999 -9999 -9999 -9999 -9999 -9999 -9999 -9999 -9999 -9999 -9999 -9999 204 192 192 163 163 163 139 139 136 136 136 138 138 138 143 143 153 153 153 162 162 162 166 166 166 166 166 162 162 158 158 158 155 155 155 150 150 143 143 143 152 152 173 173 173
