SEB_model/sample_data_files/contemp/hillshade/maynoon.txt
ncols         313
nrows         278
xllcorner     388961.19995117
yllcorner     7584381.3441773
cellsize      5
NODATA_value  -9999
[rows 117 to 155 of 278, columns 86 to 171 of 313]
-9999 -9999 -9999 -9999 -9999 -9999 -9999 -9999 -9999 -9999 -9999 -9999 -9999 -9999 -9999 -9999 -9999 -9999 -9999 -9999 -9999 -9999 -9999 98 88 88 56 56 56 37 37 34 34 34 38 38 38 42 42 50 50 50 53 53 53 33 33 11 11 11 18 18 54 54 54 70 70 70 46 46 28 28 28 20 20 20 15 15 17 17 17 25 25 35 35 35 41 41 41 41 41 41 41 41 35 35
-9999 -9999 -9999 -9999 -9999 -9999 -9999 -9999 -9999 -9999 -9999 -9999 -9999 -9999 -9999 -9999 -9999 -9999 -9999 -9999 -9999 -9999 64 64 0 0 59 59 59 53 53 56 56 56 62 62 62 64 64 68 68 68 66 66 66 65 65 83 83 83 85 85 85 85 85 95 95 95 90 90 72 72 72 54 54 54 48 48 52 52 52 56 56 59 59 59 59 59 59 55 55 55 55 55 56 56
-9999 -9999 -9999 -9999 -9999 -9999 -9999 -9999 -9999 -9999 -9999 -9999 -9999 -9999 -9999 -9999 -9999 -9999 -9999 -9999 60 64 64 64 0 0 59 59 59 53 53 56 56 56 62 62 62 64 64 68 68 68 66 66 66 65 65 83 83 83 85 85 85 85 85 95 95 95 90 90 72 72 72 54 54 54 48 48 52 52 52 56 56 59 59 59 59 59 59 55 55 55 55 55 56 56
-9999 -9999 -9999 -9999 -9999 -9999 -9999 -9999 -9999 -9999 -9999 -9999 -9999 -9999 -9999 -9999 -9999 -9999 -9999 -9999 60 64 64 64 0 0 59 59 59 53 53 56 56 56 62 62 62 64 64 68 68 68 66 66 66 65 65 83 83 83 85 85 85 85 85 95 95 95 90 90 72 72 72 54 54 54 48 48 52 52 52 56 56 59 59 59 59 59 59 55 55 55 55 55 56 56
-9999 -9999 -9999 -9999 -9999 -9999 -9999 -9999 -9999 -9999 -9999 -9999 -9999 -9999 -9999 -9999 -9999 -9999 -9999 -9999 61 54 54 54 41 41 49 49 49 64 64 75 75 75 96 96 96 97 97 81 81 81 81 81 81 98 98 110 110 110 87 87 58 58 58 54 54 54 55 55 53 53 53 51 51 51 47 47 48 48 48 49 49 50 50 50 51 51 51 54 54 62 62 62 72 72
-9999 -9999 -9999 -9999 -9999 -9999 -9999 -9999 -9999 -9999 -9999 -9999 -9999 -9999 -9999 -9999 -9999 -9999 -9999 -9999 61 54 54 54 41 41 49 49 49 64 64 75 75 75 96 96 96 97 97 81 81 81 81 81 81 98 98 110 110 110 87 87 58 58 58 54 54 54 55 55 53 53 53 51 51 51 47 47 48 48 48 49 49 50 50 50 51 51 51 54 54 62 62 62 72 72
-9999 -9999 -9999 -9999 -9999 -9999 -9999 -9999 -9999 -9999 -9999 -9999 -9999 -9999 -9999 -9999 -9999 -9999 -9999 -9999 61 54 54 54 41 41 49 49 49 64 64 75 75 75 96 96 96 97 97 81 81 81 81 81 81 98 98 110 110 110 87 87 58 58 58 54 54 54 55 55 53 53 53 51 51 51 47 47 48 48 48 49 49 50 50 50 51 51 51 54 54 62 62 62 72 72
-9999 -9999 -9999 -9999 -9999 -9999 -9999 -9999 -9999 -9999 -9999 -9999 -9999 -9999 -9999 -9999 -9999 -9999 -9999 -9999 -9999 58 58 58 55 55 53 53 53 58 58 66 66 66 88 88 88 101 101 90 90 90 83 83 83 80 80 75 75 75 60 60 46 46 46 42 42 42 37 37 33 33 33 33 33 33 37 37 45 45 45 48 48 52 52 52 56 56 56 62 62 71 71 71 79 79
-9999 -9999 -9999 -9999 -9999 -9999 -9999 -9999 -9999 -9999 -9999 -9999 -9999 -9999 -9999 -9999 -9999 -9999 -9999 -9999 -9999 -9999 58 58 55 55 53 53 53 58 58 66 66 66 88 88 88 101 101 90 90 90 83 83 83 80 80 75 75 75 60 60 46 46 46 42 42 42 37 37 33 33 33 33 33 33 37 37 45 45 45 48 48 52 52 52 56 56 56 62 62 71 71 71 79 79
-9999 -9999 -9999 -9999 -9999 -9999 -9999 -9999 -9999 -9999 -9999 -9999 -9999 -9999 -9999 -9999 -9999 -9999 -9999 -9999 -9999 -9999 -9999 -9999 78 78 63 63 63 54 54 54 54 54 56 56 56 67 67 77 77 77 69 69 69 55 55 50 50 50 41 41 0 0 0 0 0 0 0 0 24 24 24 36 36 36 50 50 59 59 59 55 55 53 53 53 53 53 53 48 48 46 46 46 51 51
-9999 -9999 -9999 -9999 -9999 -9999 -9999 -9999 -9999 -9999 -9999 -9999 -9999 -9999 -9999 -9999 -9999 -9999 -9999 -9999 -9999 -9999 -9999 -9999 78 78 63 63 63 54 54 54 54 54 56 56 56 67 67 77 77 77 69 69 69 55 55 50 50 50 41 41 0 0 0 0 0 0 0 0 24 24 24 36 36 36 50 50 59 59 59 55 55 53 53 53 53 53 53 48 48 46 46 46 51 51
-9999 -9999 -9999 -9999 -9999 -9999 -9999 -9999 -9999 -9999 -9999 -9999 -9999 -9999 -9999 -9999 -9999 -9999 -9999 -9999 -9999 -9999 -9999 -9999 78 78 63 63 63 54 54 54 54 54 56 56 56 67 67 77 77 77 69 69 69 55 55 50 50 50 41 41 0 0 0 0 0 0 0 0 24 24 24 36 36 36 50 50 59 59 59 55 55 53 53 53 53 53 53 48 48 46 46 46 51 51
-9999 -9999 -9999 -9999 -9999 -9999 -9999 -9999 -9999 -9999 -9999 -9999 -9999 -9999 -9999 -9999 -9999 -9999 -9999 -9999 -9999 -9999 -9999 -9999 81 81 65 65 65 50 50 49 49 49 46 46 46 42 42 36 36 36 22 22 22 0 0 0 0 0 8 8 8 8 8 10 10 10 22 22 38 38 38 45 45 45 43 43 39 39 39 31 31 27 27 27 24 24 24 16 16 12 12 12 16 16
-9999 -9999 -9999 -9999 -9999 -9999 -9999 -9999 -9999 -9999 -9999 -9999 -9999 -9999 -9999 -9999 -9999 -9999 -9999 -9999 -9999 -9999 -9999 -9999 -9999 81 65 65 65 50 50 49 49 49 46 46 46 42 42 36 36 36 22 22 22 0 0 0 0 0 8 8 8 8 8 10 10 10 22 22 38 38 38 45 45 45 43 43 39 39 39 31 31 27 27 27 24 24 24 16 16 12 12 12 16 16
-9999 -9999 -9999 -9999 -9999 -9999 -9999 -9999 -9999 -9999 -9999 -9999 -9999 -9999 -9999 -9999 -9999 -9999 -9999 -9999 -9999 -9999 -9999 -9999 -9999 -9999 91 91 91 71 71 55 55 55 53 53 53 44 44 30 30 30 24 24 24 26 26 34 34 34 49 49 66 66 66 76 76 76 77 77 79 79 79 71 71 71 58 58 53 53 53 46 46 39 39 39 33 33 33 31 31 36 36 36 43 43
-9999 -9999 -9999 -9999 -9999 -9999 -9999 -9999 -9999 -9999 -9999 -9999 -9999 -9999 -9999 -9999 -9999 -9999 -9999 -9999 -9999 -9999 -9999 -9999 -9999 -9999 -9999 91 91 71 71 55 55 55 53 53 53 44 44 30 30 30 24 24 24 26 26 34 34 34 49 49 66 66 66 76 76 76 77 77 79 79 79 71 71 71 58 58 53 53 53 46 46 39 39 39 33 33 33 31 31 36 36 36 43 43
-9999 -9999 -9999 -9999 -9999 -9999 -9999 -9999 -9999 -9999 -9999 -9999 -9999 -9999 -9999 -9999 -9999 -9999 -9999 -9999 -9999 -9999 -9999 -9999 -9999 -9999 -9999 91 91 71 71 55 55 55 53 53 53 44 44 30 30 30 24 24 24 26 26 34 34 34 49 49 66 66 66 76 76 76 77 77 79 79 79 71 71 71 58 58 53 53 53 46 46 39 39 39 33 33 33 31 31 36 36 36 43 43
-9999 -9999 -9999 -9999 -9999 -9999 -9999 -9999 -9999 -9999 -9999 -9999 -9999 -9999 -9999 -9999 -9999 -9999 -9999 -9999 -9999 -9999 -9999 -9999 -9999 -9999 -9999 98 98 77 77 52 52 52 48 48 48 53 53 61 61 61 69 69 69 77 77 85 85 85 87 87 88 88 88 86 86 86 81 81 82 82 82 79 79 79 71 71 69 69 69 64 64 57 57 57 57 57 57 60 60 67 67 67 76 76
-9999 -9999 -9999 -9999 -9999 -9999 -9999 -9999 -9999 -9999 -9999 -9999 -9999 -9999 -9999 -9999 -9999 -9999 -9999 -9999 -9999 -9999 -9999 -9999 -9999 -9999 -9999 98 98 77 77 52 52 52 48 48 48 53 53 61 61 61 69 69 69 77 77 85 85 85 87 87 88 88 88 86 86 86 81 81 82 82 82 79 79 79 71 71 69 69 69 64 64 57 57 57 57 57 57 60 60 67 67 67 76 76
-9999 -9999 -9999 -9999 -9999 -9999 -9999 -9999 -9999 -9999 -9999 -9999 -9999 -9999 -9999 -9999 -9999 -9999 -9999 -9999 -9999 -9999 -9999 -9999 -9999 -9999 -9999 -9999 98 77 77 52 52 52 48 48 48 53 53 61 61 61 69 69 69 77 77 85 85 85 87 87 88 88 88 86 86 86 81 81 82 82 82 79 79 79 71 71 69 69 69 64 64 57 57 57 57 57 57 60 60 67 67 67 76 76
-9999 -9999 -9999 -9999 -9999 -9999 -9999 -9999 -9999 -9999 -9999 -9999 -9999 61 61 61 61 61 59 59 59 -9999 -9999 -9999 -9999 -9999 -9999 -9999 -9999 107 107 80 80 80 65 65 65 76 76 94 94 94 95 95 95 78 78 69 69 69 72 72 77 77 77 74 74 74 67 67 63 63 63 62 62 62 64 64 70 70 70 72 72 70 70 70 74 74 74 80 80 79 79 79 69 69
-9999 -9999 -9999 -9999 -9999 -9999 -9999 -9999 -9999 92 92 72 72 61 61 61 61 61 59 59 59 65 -9999 -9999 -9999 -9999 -9999 -9999 101 107 107 80 80 80 65 65 65 76 76 94 94 94 95 95 95 78 78 69 69 69 72 72 77 77 77 74 74 74 67 67 63 63 63 62 62 62 64 64 70 70 70 72 72 70 70 70 74 74 74 80 80 79 79 79 69 69
-9999 -9999 -9999 -9999 -9999 -9999 -9999 96 78 78 78 67 67 67 67 67 69 69 72 72 72 71 71 -9999 -9999 -9999 -9999 101 101 110 110 100 100 100 96 96 96 95 95 97 97 97 97 97 97 75 75 47 47 47 48 48 66 66 66 72 72 72 70 70 71 71 71 74 74 74 80 80 91 91 91 97 97 97 97 97 97 97 97 98 98 93 93 93 73 73
-9999 -9999 -9999 -9999 -9999 96 96 96 78 78 78 67 67 67 67 67 69 69 72 72 72 71 71 71 -9999 -9999 -9999 101 101 110 110 100 100 100 96 96 96 95 95 97 97 97 97 97 97 75 75 47 47 47 48 48 66 66 66 72 72 72 70 70 71 71 71 74 74 74 80 80 91 91 91 97 97 97 97 97 97 97 97 98 98 93 93 93 73 73
-9999 -9999 -9999 106 106 96 96 96 78 78 78 67 67 67 67 67 69 69 72 72 72 71 71 71 77 77 101 101 101 110 110 100 100 100 96 96 96 95 95 97 97 97 97 97 97 75 75 47 47 47 48 48 66 66 66 72 72 72 70 70 71 71 71 74 74 74 80 80 91 91 91 97 97 97 97 97 97 97 97 98 98 93 93 93 73 73
-9999 -9999 117 89 89 71 71 71 75 75 75 92 92 108 108 108 113 113 115 115 115 109 109 109 90 90 86 86 86 89 89 90 90 90 91 91 91 84 84 73 73 73 67 67 67 69 69 53 53 53 32 32 41 41 41 56 56 56 61 61 72 72 72 82 82 82 86 86 90 90 90 91 91 89 89 89 85 85 85 81 81 83 83 83 79 79
-9999 117 117 89 89 71 71 71 75 75 75 92 92 108 108 108 113 113 115 115 115 109 109 109 90 90 86 86 86 89 89 90 90 90 91 91 91 84 84 73 73 73 67 67 67 69 69 53 53 53 32 32 41 41 41 56 56 56 61 61 72 72 72 82 82 82 86 86 90 90 90 91 91 89 89 89 85 85 85 81 81 83 83 83 79 79
117 117 117 89 89 71 71 71 75 75 75 92 92 108 108 108 113 113 115 115 115 109 109 109 90 90 86 86 86 89 89 90 90 90 91 91 91 84 84 73 73 73 67 67 67 69 69 53 53 53 32 32 41 41 41 56 56 56 61 61 72 72 72 82 82 82 86 86 90 90 90 91 91 89 89 89 85 85 85 81 81 83 83 83 79 79
103 103 103 93 93 91 91 91 102 102 102 103 103 109 109 109 115 115 117 117 117 123 123 123 118 118 119 119 119 128 128 115 115 115 93 93 93 81 81 82 82 82 78 78 78 86 86 97 97 97 65 65 42 42 42 54 54 54 69 69 83 83 83 89 89 89 87 87 84 84 84 81 81 82 82 82 79 79 79 73 73 75 75 75 78 78
103 103 103 93 93 91 91 91 102 102 102 103 103 109 109 109 115 115 117 117 117 123 123 123 118 118 119 119 119 128 128 115 115 115 93 93 93 81 81 82 82 82 78 78 78 86 86 97 97 97 65 65 42 42 42 54 54 54 69 69 83 83 83 89 89 89 87 87 84 84 84 81 81 82 82 82 79 79 79 73 73 75 75 75 78 78
111 111 111 126 126 130 130 130 124 124 124 112 112 108 108 108 113 113 121 121 121 123 123 123 122 122 130 130 130 139 139 134 134 134 113 113 113 90 90 92 92 92 98 98 98 93 93 100 100 100 93 93 59 59 59 47 47 47 64 64 84 84 84 86 86 86 81 81 81 81 81 80 80 80 80 80 81 81 81 73 73 72 72 72 74 74
111 111 111 126 126 130 130 130 124 124 124 112 112 108 108 108 113 113 121 121 121 123 123 123 122 122 130 130 130 139 139 134 134 134 113 113 113 90 90 92 92 92 98 98 98 93 93 100 100 100 93 93 59 59 59 47 47 47 64 64 84 84 84 86 86 86 81 81 81 81 81 80 80 80 80 80 81 81 81 73 73 72 72 72 74 74
111 111 111 126 126 130 130 130 124 124 124 112 112 108 108 108 113 113 121 121 121 123 123 123 122 122 130 130 130 139 139 134 134 134 113 113 113 90 90 92 92 92 98 98 98 93 93 100 100 100 93 93 59 59 59 47 47 47 64 64 84 84 84 86 86 86 81 81 81 81 81 80 80 80 80 80 81 81 81 73 73 72 72 72 74 74
133 133 133 130 130 132 132 132 132 132 132 125 125 118 118 118 112 112 113 113 113 118 118 118 115 115 111 111 111 111 111 120 120 120 126 126 126 104 104 80 80 80 79 79 79 85 85 82 82 82 80 80 73 73 73 50 50 50 40 40 51 51 51 56 56 56 52 52 55 55 55 60 60 64 64 64 64 64 64 57 57 54 54 54 54 54
133 133 133 130 130 132 132 132 132 132 132 125 125 118 118 118 112 112 113 113 113 118 118 118 115 115 111 111 111 111 111 120 120 120 126 126 126 104 104 80 80 80 79 79 79 85 85 82 82 82 80 80 73 73 73 50 50 50 40 40 51 51 51 56 56 56 52 52 55 55 55 60 60 64 64 64 64 64 64 57 57 54 54 54 54 54
133 133 133 128 128 133 133 133 139 139 139 139 139 133 133 133 119 119 110 110 110 110 110 110 112 112 109 109 109 96 96 100 100 100 124 124 124 129 129 107 107 107 89 89 89 94 94 102 102 102 98 98 99 99 99 89 89 89 61 61 54 54 54 57 57 57 56 56 61 61 61 71 71 81 81 81 83 83 83 73 73 70 70 70 70 70
133 133 133 128 128 133 133 133 139 139 139 139 139 133 133 133 119 119 110 110 110 110 110 110 112 112 109 109 109 96 96 100 100 100 124 124 124 129 129 107 107 107 89 89 89 94 94 102 102 102 98 98 99 99 99 89 89 89 61 61 54 54 54 57 57 57 56 56 61 61 61 71 71 81 81 81 83 83 83 73 73 70 70 70 70 70
133 133 133 128 128 133 133 133 139 139 139 139 139 133 133 133 119 119 110 110 110 110 110 110 112 112 109 109 109 96 96 100 100 100 124 124 124 129 129 107 107 107 89 89 89 94 94 102 102 102 98 98 99 99 99 89 89 89 61 61 54 54 54 57 57 57 56 56 61 61 61 71 71 81 81 81 83 83 83 73 73 70 70 70 70 70
121 121 121 111 111 109 109 109 114 114 114 111 111 99 99 99 93 93 96 96 96 90 90 90 88 88 103 103 103 99 99 86 86 86 95 95 95 119 119 130 130 130 115 115 115 92 92 95 95 95 101 101 97 97 97 90 90 90 70 70 51 51 51 49 49 49 53 53 60 60 60 68 68 77 77 77 85 85 85 81 81 75 75 75 76 76
