SEB_model/sample_data_files/contemp/hillshade/octnoon.txt
ncols         313
nrows         278
xllcorner     388961.19995117
yllcorner     7584381.3441773
cellsize      5
NODATA_value  -9999
[rows 205 to 245 of 278, columns 0 to 91 of 313]
-9999 -9999 -9999 -9999 -9999 -9999 -9999 -9999 -9999 -9999 -9999 -9999 -9999 -9999 -9999 -9999 -9999 65 63 63 63 52 52 51 51 51 52 52 52 61 61 76 76 76 73 73 59 59 59 56 56 56 58 58 60 60 60 58 58 52 52 52 47 47 47 43 43 43 43 43 44 44 44 52 52 65 65 65 50 50 22 22 22 12 12 12 8 8 3 3 3 0 0 14 14 14 27 27 27 32 32 20
-9999 -9999 -9999 -9999 -9999 -9999 -9999 -9999 -9999 -9999 -9999 -9999 -9999 -9999 -9999 -9999 65 65 63 63 63 52 52 51 51 51 52 52 52 61 61 76 76 76 73 73 59 59 59 56 56 56 58 58 60 60 60 58 58 52 52 52 47 47 47 43 43 43 43 43 44 44 44 52 52 65 65 65 50 50 22 22 22 12 12 12 8 8 3 3 3 0 0 14 14 14 27 27 27 32 32 20
-9999 -9999 -9999 -9999 -9999 -9999 -9999 -9999 -9999 -9999 -9999 -9999 -9999 -9999 -9999 -9999 73 73 71 71 71 59 59 52 52 52 49 49 49 53 53 67 67 67 70 70 57 57 57 49 49 49 51 51 56 56 56 58 58 53 53 53 43 43 43 34 34 30 30 30 40 40 40 51 51 50 50 50 33 33 24 24 24 25 25 25 20 20 18 18 18 30 30 44 44 44 41 41 41 34 34 0
-9999 -9999 -9999 -9999 -9999 -9999 -9999 -9999 -9999 -9999 -9999 -9999 -9999 -9999 -9999 73 73 73 71 71 71 59 59 52 52 52 49 49 49 53 53 67 67 67 70 70 57 57 57 49 49 49 51 51 56 56 56 58 58 53 53 53 43 43 43 34 34 30 30 30 40 40 40 51 51 50 50 50 33 33 24 24 24 25 25 25 20 20 18 18 18 30 30 44 44 44 41 41 41 34 34 0
-9999 -9999 -9999 -9999 -9999 -9999 -9999 -9999 -9999 -9999 -9999 -9999 -9999 -9999 68 73 73 73 71 71 71 59 59 52 52 52 49 49 49 53 53 67 67 67 70 70 57 57 57 49 49 49 51 51 56 56 56 58 58 53 53 53 43 43 43 34 34 30 30 30 40 40 40 51 51 50 50 50 33 33 24 24 24 25 25 25 20 20 18 18 18 30 30 44 44 44 41 41 41 34 34 0
-9999 -9999 -9999 -9999 -9999 -9999 -9999 -9999 -9999 -9999 -9999 -9999 63 0 0 0 0 0 61 61 61 61 61 53 53 53 49 49 49 50 50 58 58 58 67 67 64 64 64 57 57 57 55 55 54 54 54 54 54 52 52 52 49 49 49 43 43 39 39 39 45 45 45 43 43 32 32 32 29 29 34 34 34 30 30 30 25 25 39 39 39 53 53 55 55 55 52 52 52 40 40 0
-9999 -9999 -9999 -9999 -9999 -9999 -9999 -9999 -9999 -9999 63 63 63 0 0 0 0 0 61 61 61 61 61 53 53 53 49 49 49 50 50 58 58 58 67 67 64 64 64 57 57 57 55 55 54 54 54 54 54 52 52 52 49 49 49 43 43 39 39 39 45 45 45 43 43 32 32 32 29 29 34 34 34 30 30 30 25 25 39 39 39 53 53 55 55 55 52 52 52 40 40 0
-9999 -9999 -9999 -9999 -9999 -9999 -9999 -9999 71 71 63 63 63 0 0 0 0 0 61 61 61 61 61 53 53 53 49 49 49 50 50 58 58 58 67 67 64 64 64 57 57 57 55 55 54 54 54 54 54 52 52 52 49 49 49 43 43 39 39 39 45 45 45 43 43 32 32 32 29 29 34 34 34 30 30 30 25 25 39 39 39 53 53 55 55 55 52 52 52 40 40 0
-9999 -9999 -9999 -9999 -9999 61 61 61 0 0 0 0 0 29 29 37 37 37 56 56 56 58 58 52 52 52 47 47 47 46 46 51 51 51 61 61 63 63 63 57 57 57 52 52 49 49 49 49 49 50 50 50 52 52 52 57 57 63 63 63 57 57 57 38 38 26 26 26 26 26 0 0 0 0 0 0 33 33 49 49 49 54 54 49 49 49 0 0 0 0 0 0
-9999 -9999 -9999 70 70 61 61 61 0 0 0 0 0 29 29 37 37 37 56 56 56 58 58 52 52 52 47 47 47 46 46 51 51 51 61 61 63 63 63 57 57 57 52 52 49 49 49 49 49 50 50 50 52 52 52 57 57 63 63 63 57 57 57 38 38 26 26 26 26 26 0 0 0 0 0 0 33 33 49 49 49 54 54 49 49 49 0 0 0 0 0 0
-9999 -9999 0 0 0 0 0 0 33 33 44 44 44 67 67 75 75 75 70 70 70 61 61 53 53 53 49 49 49 46 46 46 46 46 53 53 59 59 59 55 55 55 50 50 48 48 48 46 46 46 46 46 57 57 57 72 72 80 80 80 65 65 65 40 40 30 30 30 19 19 0 0 0 0 0 0 32 32 44 44 44 45 45 42 42 42 0 0 0 0 0 0
-9999 60 0 0 0 0 0 0 33 33 44 44 44 67 67 75 75 75 70 70 70 61 61 53 53 53 49 49 49 46 46 46 46 46 53 53 59 59 59 55 55 55 50 50 48 48 48 46 46 46 46 46 57 57 57 72 72 80 80 80 65 65 65 40 40 30 30 30 19 19 0 0 0 0 0 0 32 32 44 44 44 45 45 42 42 42 0 0 0 0 0 0
-9999 60 0 0 0 0 0 0 33 33 44 44 44 67 67 75 75 75 70 70 70 61 61 53 53 53 49 49 49 46 46 46 46 46 53 53 59 59 59 55 55 55 50 50 48 48 48 46 46 46 46 46 57 57 57 72 72 80 80 80 65 65 65 40 40 30 30 30 19 19 0 0 0 0 0 0 32 32 44 44 44 45 45 42 42 42 0 0 0 0 0 0
62 62 41 41 41 43 43 43 73 73 87 87 87 84 84 81 81 81 79 79 79 73 73 64 64 64 56 56 56 50 50 44 44 44 46 46 55 55 55 55 55 55 48 48 48 48 48 55 55 64 64 64 75 75 75 78 78 71 71 71 54 54 54 38 38 28 28 28 25 25 29 29 29 24 24 24 0 0 0 0 0 31 31 0 0 0 0 0 0 0 0 0
62 62 41 41 41 43 43 43 73 73 87 87 87 84 84 81 81 81 79 79 79 73 73 64 64 64 56 56 56 50 50 44 44 44 46 46 55 55 55 55 55 55 48 48 48 48 48 55 55 64 64 64 75 75 75 78 78 71 71 71 54 54 54 38 38 28 28 28 25 25 29 29 29 24 24 24 0 0 0 0 0 31 31 0 0 0 0 0 0 0 0 0
69 69 68 68 68 66 66 66 77 77 86 86 86 85 85 81 81 81 81 81 81 80 80 72 72 72 62 62 62 52 52 45 45 45 39 39 42 42 42 46 46 46 46 46 51 51 51 65 65 75 75 75 77 77 77 65 65 48 48 48 39 39 39 36 36 32 32 32 43 43 68 68 68 64 64 64 27 27 5 5 5 0 0 0 0 0 0 0 0 0 0 0
69 69 68 68 68 66 66 66 77 77 86 86 86 85 85 81 81 81 81 81 81 80 80 72 72 72 62 62 62 52 52 45 45 45 39 39 42 42 42 46 46 46 46 46 51 51 51 65 65 75 75 75 77 77 77 65 65 48 48 48 39 39 39 36 36 32 32 32 43 43 68 68 68 64 64 64 27 27 5 5 5 0 0 0 0 0 0 0 0 0 0 0
-9999 69 68 68 68 66 66 66 77 77 86 86 86 85 85 81 81 81 81 81 81 80 80 72 72 72 62 62 62 52 52 45 45 45 39 39 42 42 42 46 46 46 46 46 51 51 51 65 65 75 75 75 77 77 77 65 65 48 48 48 39 39 39 36 36 32 32 32 43 43 68 68 68 64 64 64 27 27 5 5 5 0 0 0 0 0 0 0 0 0 0 0
-9999 72 84 84 84 69 69 69 66 66 83 83 83 91 91 86 86 86 81 81 81 79 79 74 74 74 65 65 65 55 55 46 46 46 36 36 31 31 31 38 38 38 50 50 56 56 56 58 58 59 59 59 58 58 58 50 50 41 41 41 36 36 36 37 37 53 53 53 60 60 54 54 54 58 58 58 54 54 21 21 21 0 0 0 0 0 0 0 0 0 0 0
-9999 -9999 84 84 84 69 69 69 66 66 83 83 83 91 91 86 86 86 81 81 81 79 79 74 74 74 65 65 65 55 55 46 46 46 36 36 31 31 31 38 38 38 50 50 56 56 56 58 58 59 59 59 58 58 58 50 50 41 41 41 36 36 36 37 37 53 53 53 60 60 54 54 54 58 58 58 54 54 21 21 21 0 0 0 0 0 0 0 0 0 0 0
-9999 -9999 -9999 84 84 69 69 69 66 66 83 83 83 91 91 86 86 86 81 81 81 79 79 74 74 74 65 65 65 55 55 46 46 46 36 36 31 31 31 38 38 38 50 50 56 56 56 58 58 59 59 59 58 58 58 50 50 41 41 41 36 36 36 37 37 53 53 53 60 60 54 54 54 58 58 58 54 54 21 21 21 0 0 0 0 0 0 0 0 0 0 0
-9999 -9999 -9999 -9999 95 97 97 97 73 73 74 74 74 89 89 89 89 89 77 77 77 69 69 66 66 66 59 59 59 51 51 45 45 45 37 37 30 30 30 34 34 34 45 45 51 51 51 49 49 45 45 45 43 43 43 42 42 41 41 41 41 41 41 48 48 61 61 61 61 61 49 49 49 47 47 47 50 50 40 40 40 15 15 0 0 0 0 0 0 0 0 0
-9999 -9999 -9999 -9999 -9999 97 97 97 73 73 74 74 74 89 89 89 89 89 77 77 77 69 69 66 66 66 59 59 59 51 51 45 45 45 37 37 30 30 30 34 34 34 45 45 51 51 51 49 49 45 45 45 43 43 43 42 42 41 41 41 41 41 41 48 48 61 61 61 61 61 49 49 49 47 47 47 50 50 40 40 40 15 15 0 0 0 0 0 0 0 0 0
-9999 -9999 -9999 -9999 -9999 91 91 91 76 76 59 59 59 70 70 79 79 79 75 75 75 64 64 60 60 60 57 57 57 52 52 48 48 48 45 45 41 41 41 37 37 37 38 38 43 43 43 41 41 32 32 32 27 27 27 33 33 42 42 42 54 54 54 62 62 56 56 56 48 48 45 45 45 37 37 37 35 35 44 44 44 46 46 38 38 38 37 37 37 29 29 0
-9999 -9999 -9999 -9999 -9999 91 91 91 76 76 59 59 59 70 70 79 79 79 75 75 75 64 64 60 60 60 57 57 57 52 52 48 48 48 45 45 41 41 41 37 37 37 38 38 43 43 43 41 41 32 32 32 27 27 27 33 33 42 42 42 54 54 54 62 62 56 56 56 48 48 45 45 45 37 37 37 35 35 44 44 44 46 46 38 38 38 37 37 37 29 29 0
-9999 -9999 -9999 -9999 -9999 91 91 91 76 76 59 59 59 70 70 79 79 79 75 75 75 64 64 60 60 60 57 57 57 -9999 -9999 -9999 -9999 -9999 45 45 41 41 41 37 37 37 38 38 43 43 43 41 41 32 32 32 27 27 27 33 33 42 42 42 54 54 54 62 62 56 56 56 48 48 45 45 45 37 37 37 35 35 44 44 44 46 46 38 38 38 37 37 37 29 29 0
-9999 -9999 -9999 -9999 -9999 -9999 72 72 67 67 54 54 54 52 52 60 60 60 68 68 68 77 77 99 -9999 -9999 -9999 -9999 -9999 -9999 -9999 -9999 -9999 -9999 -9999 -9999 -9999 105 105 99 99 99 81 81 50 50 50 31 31 25 25 25 20 20 20 27 27 46 46 46 64 64 64 66 66 56 56 56 45 45 37 37 37 33 33 33 32 32 32 32 32 38 38 51 51 51 64 64 64 58 58 29
-9999 -9999 -9999 -9999 -9999 -9999 72 72 67 67 54 54 54 52 52 60 60 60 68 68 68 -9999 -9999 -9999 -9999 -9999 -9999 -9999 -9999 -9999 -9999 -9999 -9999 -9999 -9999 -9999 -9999 -9999 -9999 -9999 -9999 99 81 81 50 50 50 31 31 25 25 25 20 20 20 27 27 46 46 46 64 64 64 66 66 56 56 56 45 45 37 37 37 33 33 33 32 32 32 32 32 38 38 51 51 51 64 64 64 58 58 29
-9999 -9999 -9999 -9999 -9999 -9999 -9999 88 104 104 103 103 103 88 88 75 75 75 93 -9999 -9999 -9999 -9999 -9999 -9999 -9999 -9999 -9999 -9999 -9999 -9999 -9999 -9999 -9999 -9999 -9999 -9999 -9999 -9999 -9999 -9999 112 94 94 55 55 55 25 25 22 22 22 25 25 25 31 31 43 43 43 54 54 54 59 59 59 59 59 54 54 48 48 48 45 45 45 38 38 30 30 30 41 41 67 67 67 69 69 69 51 51 45
-9999 -9999 -9999 -9999 -9999 -9999 -9999 -9999 -9999 -9999 -9999 -9999 -9999 88 88 75 75 -9999 -9999 -9999 -9999 -9999 -9999 -9999 -9999 -9999 -9999 -9999 -9999 -9999 -9999 -9999 -9999 -9999 -9999 -9999 -9999 -9999 -9999 -9999 -9999 112 94 94 55 55 55 25 25 22 22 22 25 25 25 31 31 43 43 43 54 54 54 59 59 59 59 59 54 54 48 48 48 45 45 45 38 38 30 30 30 41 41 67 67 67 69 69 69 51 51 45
-9999 -9999 -9999 -9999 -9999 -9999 -9999 -9999 -9999 -9999 -9999 -9999 -9999 -9999 -9999 -9999 -9999 -9999 -9999 -9999 -9999 -9999 -9999 -9999 -9999 -9999 -9999 -9999 -9999 -9999 -9999 -9999 -9999 -9999 -9999 -9999 -9999 -9999 -9999 -9999 -9999 -9999 -9999 -9999 55 55 55 25 25 22 22 22 25 25 25 31 31 43 43 43 54 54 54 59 59 59 59 59 54 54 48 48 48 45 45 45 38 38 30 30 30 41 41 67 67 67 69 69 69 51 51 45
-9999 -9999 -9999 -9999 -9999 -9999 -9999 -9999 -9999 -9999 -9999 -9999 -9999 -9999 -9999 -9999 -9999 -9999 -9999 -9999 -9999 -9999 -9999 -9999 -9999 -9999 -9999 -9999 -9999 -9999 -9999 -9999 -9999 -9999 -9999 -9999 -9999 -9999 -9999 -9999 -9999 -9999 -9999 -9999 -9999 82 82 53 53 32 32 32 35 35 35 39 39 38 38 38 40 40 40 51 51 65 65 65 67 67 60 60 60 50 50 50 43 43 54 54 54 68 68 67 67 67 64 64 64 64 64 56
-9999 -9999 -9999 -9999 -9999 -9999 -9999 -9999 -9999 -9999 -9999 -9999 -9999 -9999 -9999 -9999 -9999 -9999 -9999 -9999 -9999 -9999 -9999 -9999 -9999 -9999 -9999 -9999 -9999 -9999 -9999 -9999 -9999 -9999 -9999 -9999 -9999 -9999 -9999 -9999 -9999 -9999 -9999 -9999 -9999 82 82 53 53 32 32 32 35 35 35 39 39 38 38 38 40 40 40 51 51 65 65 65 67 67 60 60 60 50 50 50 43 43 54 54 54 68 68 67 67 67 64 64 64 64 64 56
-9999 -9999 -9999 -9999 -9999 -9999 -9999 -9999 -9999 -9999 -9999 -9999 -9999 -9999 -9999 -9999 -9999 -9999 -9999 -9999 -9999 -9999 -9999 -9999 -9999 -9999 -9999 -9999 -9999 -9999 -9999 -9999 -9999 -9999 -9999 -9999 -9999 -9999 -9999 -9999 -9999 -9999 -9999 -9999 -9999 -9999 82 53 53 32 32 32 35 35 35 39 39 38 38 38 40 40 40 51 51 65 65 65 67 67 60 60 60 50 50 50 43 43 54 54 54 68 68 67 67 67 64 64 64 64 64 56
-9999 -9999 -9999 -9999 -9999 -9999 -9999 -9999 -9999 -9999 -9999 -9999 -9999 -9999 -9999 -9999 -9999 -9999 -9999 -9999 -9999 -9999 -9999 -9999 -9999 -9999 -9999 -9999 -9999 -9999 -9999 -9999 -9999 -9999 -9999 -9999 -9999 -9999 -9999 -9999 -9999 -9999 -9999 -9999 -9999 -9999 -9999 -9999 -9999 -9999 -9999 92 58 58 58 38 38 37 37 37 38 38 38 44 44 58 58 58 70 70 70 70 70 64 64 64 67 67 75 75 75 67 67 52 52 52 60 60 60 72 72 66
-9999 -9999 -9999 -9999 -9999 -9999 -9999 -9999 -9999 -9999 -9999 -9999 -9999 -9999 -9999 -9999 -9999 -9999 -9999 -9999 -9999 -9999 -9999 -9999 -9999 -9999 -9999 -9999 -9999 -9999 -9999 -9999 -9999 -9999 -9999 -9999 -9999 -9999 -9999 -9999 -9999 -9999 -9999 -9999 -9999 -9999 -9999 -9999 -9999 -9999 -9999 92 58 58 58 38 38 37 37 37 38 38 38 44 44 58 58 58 70 70 70 70 70 64 64 64 67 67 75 75 75 67 67 52 52 52 60 60 60 72 72 66
-9999 -9999 -9999 -9999 -9999 -9999 -9999 -9999 -9999 -9999 -9999 -9999 -9999 -9999 -9999 -9999 -9999 -9999 -9999 -9999 -9999 -9999 -9999 -9999 -9999 -9999 -9999 -9999 -9999 -9999 -9999 -9999 -9999 -9999 -9999 -9999 -9999 -9999 -9999 -9999 -9999 -9999 -9999 -9999 -9999 -9999 -9999 -9999 -9999 -9999 -9999 -9999 94 94 94 52 52 35 35 35 38 38 38 38 38 42 42 42 60 60 80 80 80 88 88 88 88 88 74 74 74 57 57 55 55 55 60 60 60 64 64 78
-9999 -9999 -9999 -9999 -9999 -9999 -9999 -9999 -9999 -9999 -9999 -9999 -9999 -9999 -9999 -9999 -9999 -9999 -9999 -9999 -9999 -9999 -9999 -9999 -9999 -9999 -9999 -9999 -9999 -9999 -9999 -9999 -9999 -9999 -9999 -9999 -9999 -9999 -9999 -9999 -9999 -9999 -9999 -9999 -9999 -9999 -9999 -9999 -9999 -9999 -9999 -9999 -9999 94 94 52 52 35 35 35 38 38 38 38 38 42 42 42 60 60 80 80 80 88 88 88 88 88 74 74 74 57 57 55 55 55 60 60 60 64 64 78
-9999 -9999 -9999 -9999 -9999 -9999 -9999 -9999 -9999 -9999 -9999 -9999 -9999 -9999 -9999 -9999 -9999 -9999 -9999 -9999 -9999 -9999 -9999 -9999 -9999 -9999 -9999 -9999 -9999 -9999 -9999 -9999 -9999 -9999 -9999 -9999 -9999 -9999 -9999 -9999 -9999 -9999 -9999 -9999 -9999 -9999 -9999 -9999 -9999 -9999 -9999 -9999 -9999 -9999 94 52 52 35 35 35 38 38 38 38 38 42 42 42 60 60 80 80 80 88 88 88 88 88 74 74 74 57 57 55 55 55 60 60 60 64 64 78
-9999 -9999 -9999 -9999 -9999 -9999 -9999 -9999 -9999 -9999 -9999 -9999 -9999 -9999 -9999 -9999 -9999 -9999 -9999 -9999 -9999 -9999 -9999 -9999 -9999 -9999 -9999 -9999 -9999 -9999 -9999 -9999 -9999 -9999 -9999 -9999 -9999 -9999 -9999 -9999 -9999 -9999 -9999 -9999 -9999 -9999 -9999 -9999 -9999 -9999 -9999 -9999 -9999 -9999 97 68 68 37 37 37 35 35 35 39 39 46 46 46 54 54 74 74 74 99 99 99 104 104 89 89 89 79 79 71 71 71 57 57 57 66 66 91
-9999 -9999 -9999 -9999 -9999 -9999 -9999 -9999 -9999 -9999 -9999 -9999 -9999 -9999 -9999 -9999 -9999 -9999 -9999 -9999 -9999 -9999 -9999 -9999 -9999 -9999 -9999 -9999 -9999 -9999 -9999 -9999 -9999 -9999 -9999 -9999 -9999 -9999 -9999 -9999 -9999 -9999 -9999 -9999 -9999 -9999 -9999 -9999 -9999 -9999 -9999 -9999 -9999 97 97 68 68 37 37 37 35 35 35 39 39 46 46 46 54 54 74 74 74 99 99 99 104 104 89 89 89 79 79 71 71 71 57 57 57 66 66 91
