SEB_model/sample_data_files/contemp/hillshade/octnoon.txt
ncols         313
nrows         278
xllcorner     388961.19995117
yllcorner     7584381.3441773
cellsize      5
NODATA_value  -9999
[rows 164 to 204 of 278, columns 0 to 91 of 313]
-9999 -9999 -9999 -9999 -9999 -9999 -9999 -9999 -9999 -9999 -9999 -9999 -9999 -9999 -9999 -9999 -9999 18 7 7 7 15 15 25 25 25 9 9 9 0 0 0 -9999 -9999 -9999 -9999 -9999 -9999 -9999 -9999 -9999 -9999 -9999 -9999 -9999 12 12 0 0 0 0 0 0 0 0 0 0 0 0 0 0 0 0 0 0 0 0 0 0 0 0 0 0 0 0 0 0 0 0 0 0 0 0 0 0 0 0 0 0 0 0 0
-9999 -9999 -9999 -9999 -9999 -9999 -9999 -9999 -9999 -9999 -9999 -9999 -9999 -9999 -9999 -9999 37 37 38 38 38 34 34 36 36 36 37 37 37 21 21 0 0 -9999 -9999 -9999 -9999 -9999 -9999 -9999 -9999 -9999 -9999 -9999 -9999 0 0 16 16 15 15 15 15 15 15 0 0 0 0 0 0 0 0 0 0 0 0 0 0 0 0 0 0 25 25 25 10 10 0 0 0 0 0 0 0 0 0 0 0 0 0 0
-9999 -9999 -9999 -9999 -9999 -9999 -9999 -9999 -9999 -9999 -9999 -9999 -9999 -9999 -9999 -9999 -9999 37 38 38 38 34 34 36 36 36 37 37 37 21 21 0 0 0 -9999 -9999 -9999 -9999 -9999 -9999 -9999 -9999 -9999 -9999 0 0 0 16 16 15 15 15 15 15 15 0 0 0 0 0 0 0 0 0 0 0 0 0 0 0 0 0 0 25 25 25 10 10 0 0 0 0 0 0 0 0 0 0 0 0 0 0
-9999 -9999 -9999 -9999 -9999 -9999 -9999 -9999 -9999 -9999 -9999 -9999 -9999 -9999 -9999 -9999 -9999 37 38 38 38 34 34 36 36 36 37 37 37 21 21 0 0 0 0 0 -9999 -9999 -9999 -9999 -9999 -9999 -9999 0 0 0 0 16 16 15 15 15 15 15 15 0 0 0 0 0 0 0 0 0 0 0 0 0 0 0 0 0 0 25 25 25 10 10 0 0 0 0 0 0 0 0 0 0 0 0 0 0
-9999 -9999 -9999 -9999 -9999 -9999 -9999 -9999 -9999 -9999 -9999 -9999 -9999 -9999 -9999 -9999 -9999 48 49 49 49 44 44 46 46 46 48 48 48 48 48 32 32 32 4 4 0 0 -9999 -9999 -9999 -9999 0 0 0 0 0 24 24 18 18 18 0 0 0 0 0 1 1 1 0 0 0 0 0 0 0 0 0 0 0 0 0 0 0 0 0 0 0 0 0 0 0 0 0 0 0 0 0 0 0 3
-9999 -9999 -9999 -9999 -9999 -9999 -9999 -9999 -9999 -9999 -9999 -9999 -9999 -9999 -9999 -9999 -9999 48 49 49 49 44 44 46 46 46 48 48 48 48 48 32 32 32 4 4 0 0 0 0 0 0 0 0 0 0 0 24 24 18 18 18 0 0 0 0 0 1 1 1 0 0 0 0 0 0 0 0 0 0 0 0 0 0 0 0 0 0 0 0 0 0 0 0 0 0 0 0 0 0 0 3
-9999 -9999 -9999 -9999 -9999 -9999 -9999 -9999 -9999 -9999 -9999 -9999 -9999 -9999 -9999 -9999 -9999 48 49 49 49 44 44 46 46 46 48 48 48 48 48 32 32 32 4 4 0 0 0 0 0 0 0 0 0 0 0 24 24 18 18 18 0 0 0 0 0 1 1 1 0 0 0 0 0 0 0 0 0 0 0 0 0 0 0 0 0 0 0 0 0 0 0 0 0 0 0 0 0 0 0 3
-9999 -9999 -9999 -9999 -9999 -9999 -9999 -9999 -9999 -9999 -9999 -9999 -9999 -9999 -9999 -9999 60 60 57 57 57 49 49 51 51 51 54 54 54 55 55 57 57 57 45 45 23 23 23 11 11 11 4 4 6 6 6 18 18 15 15 15 9 9 9 11 11 9 9 9 2 2 2 0 0 0 0 0 0 0 0 0 0 0 0 0 0 0 16 16 16 1 1 0 0 0 0 0 0 0 0 0
-9999 -9999 -9999 -9999 -9999 -9999 -9999 -9999 -9999 -9999 -9999 -9999 -9999 -9999 -9999 60 60 60 57 57 57 49 49 51 51 51 54 54 54 55 55 57 57 57 45 45 23 23 23 11 11 11 4 4 6 6 6 18 18 15 15 15 9 9 9 11 11 9 9 9 2 2 2 0 0 0 0 0 0 0 0 0 0 0 0 0 0 0 16 16 16 1 1 0 0 0 0 0 0 0 0 0
-9999 -9999 -9999 -9999 -9999 -9999 -9999 -9999 -9999 -9999 -9999 -9999 -9999 -9999 51 0 0 0 48 48 48 56 56 58 58 58 60 60 60 62 62 64 64 64 67 67 67 67 67 64 64 64 58 58 49 49 49 38 38 30 30 30 36 36 36 36 36 24 24 24 14 14 14 6 6 0 0 0 0 0 0 0 0 0 0 0 0 0 0 0 0 16 16 2 2 2 0 0 0 0 0 0
-9999 -9999 -9999 -9999 -9999 -9999 -9999 -9999 -9999 -9999 -9999 -9999 -9999 51 51 0 0 0 48 48 48 56 56 58 58 58 60 60 60 62 62 64 64 64 67 67 67 67 67 64 64 64 58 58 49 49 49 38 38 30 30 30 36 36 36 36 36 24 24 24 14 14 14 6 6 0 0 0 0 0 0 0 0 0 0 0 0 0 0 0 0 16 16 2 2 2 0 0 0 0 0 0
-9999 -9999 -9999 -9999 -9999 -9999 -9999 -9999 -9999 -9999 -9999 57 57 51 51 0 0 0 48 48 48 56 56 58 58 58 60 60 60 62 62 64 64 64 67 67 67 67 67 64 64 64 58 58 49 49 49 38 38 30 30 30 36 36 36 36 36 24 24 24 14 14 14 6 6 0 0 0 0 0 0 0 0 0 0 0 0 0 0 0 0 16 16 2 2 2 0 0 0 0 0 0
-9999 -9999 -9999 -9999 -9999 -9999 -9999 -9999 -9999 -9999 -9999 49 49 0 0 23 23 23 44 44 44 57 57 60 60 60 62 62 62 64 64 66 66 66 66 66 66 66 66 64 64 64 59 59 53 53 53 51 51 52 52 52 48 48 48 36 36 30 30 30 29 29 29 18 18 0 0 0 0 0 0 0 0 0 0 0 0 0 0 0 0 23 23 25 25 25 16 16 16 0 0 0
-9999 -9999 -9999 -9999 -9999 -9999 -9999 -9999 -9999 -9999 49 49 49 0 0 23 23 23 44 44 44 57 57 60 60 60 62 62 62 64 64 66 66 66 66 66 66 66 66 64 64 64 59 59 53 53 53 51 51 52 52 52 48 48 48 36 36 30 30 30 29 29 29 18 18 0 0 0 0 0 0 0 0 0 0 0 0 0 0 0 0 23 23 25 25 25 16 16 16 0 0 0
-9999 -9999 -9999 -9999 -9999 -9999 -9999 -9999 -9999 54 49 49 49 0 0 23 23 23 44 44 44 57 57 60 60 60 62 62 62 64 64 66 66 66 66 66 66 66 66 64 64 64 59 59 53 53 53 51 51 52 52 52 48 48 48 36 36 30 30 30 29 29 29 18 18 0 0 0 0 0 0 0 0 0 0 0 0 0 0 0 0 23 23 25 25 25 16 16 16 0 0 0
-9999 -9999 -9999 -9999 -9999 -9999 -9999 -9999 -9999 44 0 0 0 22 22 44 44 44 58 58 58 62 62 66 66 66 69 69 69 67 67 64 64 64 62 62 63 63 63 64 64 64 60 60 55 55 55 59 59 62 62 62 53 53 53 40 40 33 33 33 30 30 30 27 27 20 20 20 8 8 4 4 4 0 0 0 0 0 4 4 4 26 26 37 37 37 28 28 28 12 12 6
-9999 -9999 -9999 -9999 -9999 -9999 -9999 -9999 -9999 44 0 0 0 22 22 44 44 44 58 58 58 62 62 66 66 66 69 69 69 67 67 64 64 64 62 62 63 63 63 64 64 64 60 60 55 55 55 59 59 62 62 62 53 53 53 40 40 33 33 33 30 30 30 27 27 20 20 20 8 8 4 4 4 0 0 0 0 0 4 4 4 26 26 37 37 37 28 28 28 12 12 6
-9999 -9999 -9999 -9999 -9999 -9999 -9999 -9999 48 48 37 37 37 45 45 60 60 60 64 64 64 70 70 77 77 77 77 77 77 69 69 59 59 59 59 59 64 64 64 65 65 65 65 65 70 70 70 66 66 57 57 57 56 56 56 50 50 41 41 41 34 34 34 35 35 44 44 44 41 41 30 30 30 16 16 16 6 6 13 13 13 23 23 31 31 31 35 35 35 29 29 21
-9999 -9999 -9999 -9999 -9999 -9999 -9999 -9999 48 48 37 37 37 45 45 60 60 60 64 64 64 70 70 77 77 77 77 77 77 69 69 59 59 59 59 59 64 64 64 65 65 65 65 65 70 70 70 66 66 57 57 57 56 56 56 50 50 41 41 41 34 34 34 35 35 44 44 44 41 41 30 30 30 16 16 16 6 6 13 13 13 23 23 31 31 31 35 35 35 29 29 21
-9999 -9999 -9999 -9999 -9999 -9999 -9999 -9999 48 48 37 37 37 45 45 60 60 60 64 64 64 70 70 77 77 77 77 77 77 69 69 59 59 59 59 59 64 64 64 65 65 65 65 65 70 70 70 66 66 57 57 57 56 56 56 50 50 41 41 41 34 34 34 35 35 44 44 44 41 41 30 30 30 16 16 16 6 6 13 13 13 23 23 31 31 31 35 35 35 29 29 21
-9999 -9999 -9999 -9999 -9999 -9999 -9999 55 63 63 63 63 63 58 58 63 63 63 67 67 67 74 74 83 83 83 82 82 82 71 71 62 62 62 62 62 66 66 66 66 66 66 70 70 67 67 67 51 51 38 38 38 41 41 41 47 47 47 47 47 43 43 43 39 39 46 46 46 53 53 51 51 51 39 39 39 26 26 26 26 26 24 24 19 19 19 22 22 22 22 22 18
-9999 -9999 -9999 -9999 -9999 -9999 -9999 55 63 63 63 63 63 58 58 63 63 63 67 67 67 74 74 83 83 83 82 82 82 71 71 62 62 62 62 62 66 66 66 66 66 66 70 70 67 67 67 51 51 38 38 38 41 41 41 47 47 47 47 47 43 43 43 39 39 46 46 46 53 53 51 51 51 39 39 39 26 26 26 26 26 24 24 19 19 19 22 22 22 22 22 18
-9999 -9999 -9999 -9999 -9999 -9999 -9999 55 62 62 61 61 61 56 56 60 60 60 67 67 67 73 73 79 79 79 77 77 77 72 72 68 68 68 68 68 73 73 73 75 75 75 69 69 53 53 53 39 39 33 33 33 30 30 30 36 36 48 48 48 52 52 52 48 48 52 52 52 61 61 71 71 71 73 73 73 63 63 54 54 54 45 45 36 36 36 29 29 29 21 21 18
-9999 -9999 -9999 -9999 -9999 -9999 -9999 55 62 62 61 61 61 56 56 60 60 60 67 67 67 73 73 79 79 79 77 77 77 72 72 68 68 68 68 68 73 73 73 75 75 75 69 69 53 53 53 39 39 33 33 33 30 30 30 36 36 48 48 48 52 52 52 48 48 52 52 52 61 61 71 71 71 73 73 73 63 63 54 54 54 45 45 36 36 36 29 29 29 21 21 18
-9999 -9999 -9999 -9999 -9999 -9999 -9999 55 62 62 61 61 61 56 56 60 60 60 67 67 67 73 73 79 79 79 77 77 77 72 72 68 68 68 68 68 73 73 73 75 75 75 69 69 53 53 53 39 39 33 33 33 30 30 30 36 36 48 48 48 52 52 52 48 48 52 52 52 61 61 71 71 71 73 73 73 63 63 54 54 54 45 45 36 36 36 29 29 29 21 21 18
-9999 -9999 -9999 -9999 -9999 -9999 42 42 0 0 44 44 44 52 52 55 55 55 61 61 61 65 65 69 69 69 69 69 69 72 72 72 72 72 73 73 85 85 85 82 82 82 66 66 57 57 57 54 54 50 50 50 45 45 45 37 37 38 38 38 50 50 50 59 59 65 65 65 68 68 75 75 75 86 86 86 86 86 82 82 82 75 75 67 67 67 56 56 56 36 36 22
-9999 -9999 -9999 -9999 -9999 -9999 42 42 0 0 44 44 44 52 52 55 55 55 61 61 61 65 65 69 69 69 69 69 69 72 72 72 72 72 73 73 85 85 85 82 82 82 66 66 57 57 57 54 54 50 50 50 45 45 45 37 37 38 38 38 50 50 50 59 59 65 65 65 68 68 75 75 75 86 86 86 86 86 82 82 82 75 75 67 67 67 56 56 56 36 36 22
-9999 -9999 -9999 -9999 -9999 -9999 42 42 0 0 44 44 44 52 52 55 55 55 61 61 61 65 65 69 69 69 69 69 69 72 72 72 72 72 73 73 85 85 85 82 82 82 66 66 57 57 57 54 54 50 50 50 45 45 45 37 37 38 38 38 50 50 50 59 59 65 65 65 68 68 75 75 75 86 86 86 86 86 82 82 82 75 75 67 67 67 56 56 56 36 36 22
-9999 -9999 -9999 -9999 -9999 -9999 -9999 57 56 56 53 53 53 49 49 51 51 51 53 53 53 54 54 60 60 60 67 67 67 75 75 76 76 76 74 74 78 78 78 70 70 70 60 60 58 58 58 56 56 54 54 54 53 53 53 45 45 37 37 37 44 44 44 59 59 65 65 65 61 61 63 63 63 73 73 73 77 77 74 74 74 63 63 0 0 0 0 0 0 41 41 27
-9999 -9999 -9999 -9999 -9999 -9999 -9999 57 56 56 53 53 53 49 49 51 51 51 53 53 53 54 54 60 60 60 67 67 67 75 75 76 76 76 74 74 78 78 78 70 70 70 60 60 58 58 58 56 56 54 54 54 53 53 53 45 45 37 37 37 44 44 44 59 59 65 65 65 61 61 63 63 63 73 73 73 77 77 74 74 74 63 63 0 0 0 0 0 0 41 41 27
-9999 -9999 -9999 -9999 -9999 -9999 -9999 -9999 92 92 89 89 89 61 61 45 45 45 44 44 44 44 44 54 54 54 67 67 67 79 79 85 85 85 74 74 64 64 64 59 59 59 61 61 62 62 62 61 61 58 58 58 57 57 57 53 53 50 50 50 46 46 46 45 45 54 54 54 59 59 63 63 63 63 63 63 52 52 39 39 39 22 22 0 0 0 0 0 0 0 0 0
-9999 -9999 -9999 -9999 -9999 -9999 -9999 -9999 -9999 -9999 89 89 89 61 61 45 45 45 44 44 44 44 44 54 54 54 67 67 67 79 79 85 85 85 74 74 64 64 64 59 59 59 61 61 62 62 62 61 61 58 58 58 57 57 57 53 53 50 50 50 46 46 46 45 45 54 54 54 59 59 63 63 63 63 63 63 52 52 39 39 39 22 22 0 0 0 0 0 0 0 0 0
-9999 -9999 -9999 -9999 -9999 -9999 -9999 -9999 -9999 -9999 -9999 -9999 -9999 61 61 45 45 45 44 44 44 44 44 54 54 54 67 67 67 79 79 85 85 85 74 74 64 64 64 59 59 59 61 61 62 62 62 61 61 58 58 58 57 57 57 53 53 50 50 50 46 46 46 45 45 54 54 54 59 59 63 63 63 63 63 63 52 52 39 39 39 22 22 0 0 0 0 0 0 0 0 0
-9999 -9999 -9999 -9999 -9999 -9999 -9999 -9999 -9999 -9999 -9999 -9999 -9999 -9999 -9999 79 79 79 51 51 51 37 37 48 48 48 70 70 70 90 90 90 90 90 70 70 62 62 62 66 66 66 69 69 70 70 70 67 67 62 62 62 61 61 61 61 61 61 61 61 53 53 53 39 39 41 41 41 55 55 67 67 67 60 60 60 41 41 26 26 26 9 9 0 0 0 0 0 0 0 0 0
-9999 -9999 -9999 -9999 -9999 -9999 -9999 -9999 -9999 -9999 -9999 -9999 -9999 -9999 -9999 79 79 79 51 51 51 37 37 48 48 48 70 70 70 90 90 90 90 90 70 70 62 62 62 66 66 66 69 69 70 70 70 67 67 62 62 62 61 61 61 61 61 61 61 61 53 53 53 39 39 41 41 41 55 55 67 67 67 60 60 60 41 41 26 26 26 9 9 0 0 0 0 0 0 0 0 0
-9999 -9999 -9999 -9999 -9999 -9999 -9999 -9999 -9999 -9999 -9999 -9999 -9999 -9999 -9999 -9999 83 83 55 55 55 38 38 47 47 47 66 66 66 79 79 74 74 74 61 61 61 61 61 67 67 67 68 68 68 68 68 64 64 60 60 60 63 63 63 65 65 60 60 60 54 54 54 45 45 38 38 38 39 39 45 45 45 38 38 38 24 24 18 18 18 9 9 0 0 0 0 0 0 7 7 32
-9999 -9999 -9999 -9999 -9999 -9999 -9999 -9999 -9999 -9999 -9999 -9999 -9999 -9999 -9999 -9999 83 83 55 55 55 38 38 47 47 47 66 66 66 79 79 74 74 74 61 61 61 61 61 67 67 67 68 68 68 68 68 64 64 60 60 60 63 63 63 65 65 60 60 60 54 54 54 45 45 38 38 38 39 39 45 45 45 38 38 38 24 24 18 18 18 9 9 0 0 0 0 0 0 7 7 32
-9999 -9999 -9999 -9999 -9999 -9999 -9999 -9999 -9999 -9999 -9999 -9999 -9999 -9999 -9999 -9999 -9999 83 55 55 55 38 38 47 47 47 66 66 66 79 79 74 74 74 61 61 61 61 61 67 67 67 68 68 68 68 68 64 64 60 60 60 63 63 63 65 65 60 60 60 54 54 54 45 45 38 38 38 39 39 45 45 45 38 38 38 24 24 18 18 18 9 9 0 0 0 0 0 0 7 7 32
-9999 -9999 -9999 -9999 -9999 -9999 -9999 -9999 -9999 -9999 -9999 -9999 -9999 -9999 -9999 -9999 -9999 56 53 53 53 44 44 50 50 50 58 58 58 66 66 71 71 71 65 65 61 61 61 65 65 65 65 65 63 63 63 59 59 56 56 56 60 60 60 59 59 54 54 54 52 52 52 50 50 55 55 55 46 46 26 26 26 14 14 14 7 7 0 0 0 0 0 0 0 0 16 16 16 28 28 29
-9999 -9999 -9999 -9999 -9999 -9999 -9999 -9999 -9999 -9999 -9999 -9999 -9999 -9999 -9999 -9999 -9999 56 53 53 53 44 44 50 50 50 58 58 58 66 66 71 71 71 65 65 61 61 61 65 65 65 65 65 63 63 63 59 59 56 56 56 60 60 60 59 59 54 54 54 52 52 52 50 50 55 55 55 46 46 26 26 26 14 14 14 7 7 0 0 0 0 0 0 0 0 16 16 16 28 28 29
-9999 -9999 -9999 -9999 -9999 -9999 -9999 -9999 -9999 -9999 -9999 -9999 -9999 -9999 -9999 -9999 -9999 56 53 53 53 44 44 50 50 50 58 58 58 66 66 71 71 71 65 65 61 61 61 65 65 65 65 65 63 63 63 59 59 56 56 56 60 60 60 59 59 54 54 54 52 52 52 50 50 55 55 55 46 46 26 26 26 14 14 14 7 7 0 0 0 0 0 0 0 0 16 16 16 28 28 29
