SEB_model/sample_data_files/contemp/hillshade/sep6am.txt
ncols         313
nrows         278
xllcorner     388961.19995117
yllcorner     7584381.3441773
cellsize      5
NODATA_value  -9999
[rows 114 to 151 of 278, columns 87 to 173 of 313]
-9999 -9999 -9999 -9999 -9999 -9999 -9999 -9999 -9999 -9999 -9999 -9999 -9999 -9999 -9999 -9999 -9999 -9999 -9999 -9999 96 96 96 106 106 106 106 106 106 106 105 105 105 86 86 86 96 96 103 103 103 111 111 111 126 126 97 97 97 70 70 66 66 66 98 98 98 117 117 86 86 86 70 70 70 59 59 38 38 38 47 47 54 54 54 54 54 54 61 61 51 51 51 52 52 54 54
-9999 -9999 -9999 -9999 -9999 -9999 -9999 -9999 -9999 -9999 -9999 -9999 -9999 -9999 -9999 -9999 -9999 -9999 -9999 -9999 -9999 96 96 106 106 106 106 106 106 106 105 105 105 86 86 86 96 96 103 103 103 111 111 111 126 126 97 97 97 70 70 66 66 66 98 98 98 117 117 86 86 86 70 70 70 59 59 38 38 38 47 47 54 54 54 54 54 54 61 61 51 51 51 52 52 54 54
-9999 -9999 -9999 -9999 -9999 -9999 -9999 -9999 -9999 -9999 -9999 -9999 -9999 -9999 -9999 -9999 -9999 -9999 -9999 -9999 -9999 95 95 84 84 90 90 90 98 98 99 99 99 87 87 87 101 101 114 114 114 106 106 106 89 89 68 68 68 96 96 106 106 106 91 91 91 92 92 76 76 76 60 60 60 47 47 40 40 40 52 52 57 57 57 54 54 54 58 58 43 43 43 41 41 48 48
-9999 -9999 -9999 -9999 -9999 -9999 -9999 -9999 -9999 -9999 -9999 -9999 -9999 -9999 -9999 -9999 -9999 -9999 -9999 -9999 -9999 -9999 95 84 84 90 90 90 98 98 99 99 99 87 87 87 101 101 114 114 114 106 106 106 89 89 68 68 68 96 96 106 106 106 91 91 91 92 92 76 76 76 60 60 60 47 47 40 40 40 52 52 57 57 57 54 54 54 58 58 43 43 43 41 41 48 48
-9999 -9999 -9999 -9999 -9999 -9999 -9999 -9999 -9999 -9999 -9999 -9999 -9999 -9999 -9999 -9999 -9999 -9999 -9999 -9999 -9999 92 92 0 0 72 72 72 100 100 108 108 108 96 96 96 116 116 125 125 125 95 95 95 84 84 87 87 87 132 132 133 133 133 85 85 85 79 79 66 66 66 53 53 53 54 54 54 54 54 68 68 68 68 68 57 57 57 58 58 44 44 44 40 40 49 49
-9999 -9999 -9999 -9999 -9999 -9999 -9999 -9999 -9999 -9999 -9999 -9999 -9999 -9999 -9999 -9999 -9999 -9999 -9999 102 92 92 92 0 0 72 72 72 100 100 108 108 108 96 96 96 116 116 125 125 125 95 95 95 84 84 87 87 87 132 132 133 133 133 85 85 85 79 79 66 66 66 53 53 53 54 54 54 54 54 68 68 68 68 68 57 57 57 58 58 44 44 44 40 40 49 49
-9999 -9999 -9999 -9999 -9999 -9999 -9999 -9999 -9999 -9999 -9999 -9999 -9999 -9999 -9999 -9999 -9999 -9999 -9999 102 92 92 92 0 0 72 72 72 100 100 108 108 108 96 96 96 116 116 125 125 125 95 95 95 84 84 87 87 87 132 132 133 133 133 85 85 85 79 79 66 66 66 53 53 53 54 54 54 54 54 68 68 68 68 68 57 57 57 58 58 44 44 44 40 40 49 49
-9999 -9999 -9999 -9999 -9999 -9999 -9999 -9999 -9999 -9999 -9999 -9999 -9999 -9999 -9999 -9999 -9999 -9999 -9999 107 74 74 74 52 52 83 83 83 108 108 124 124 124 114 114 114 122 122 117 117 117 96 96 96 109 109 103 103 103 117 117 116 116 116 78 78 78 63 63 48 48 48 42 42 42 55 55 59 59 59 69 69 65 65 65 54 54 54 59 59 50 50 50 49 49 54 54
-9999 -9999 -9999 -9999 -9999 -9999 -9999 -9999 -9999 -9999 -9999 -9999 -9999 -9999 -9999 -9999 -9999 -9999 -9999 107 74 74 74 52 52 83 83 83 108 108 124 124 124 114 114 114 122 122 117 117 117 96 96 96 109 109 103 103 103 117 117 116 116 116 78 78 78 63 63 48 48 48 42 42 42 55 55 59 59 59 69 69 65 65 65 54 54 54 59 59 50 50 50 49 49 54 54
-9999 -9999 -9999 -9999 -9999 -9999 -9999 -9999 -9999 -9999 -9999 -9999 -9999 -9999 -9999 -9999 -9999 -9999 -9999 107 74 74 74 52 52 83 83 83 108 108 124 124 124 114 114 114 122 122 117 117 117 96 96 96 109 109 103 103 103 117 117 116 116 116 78 78 78 63 63 48 48 48 42 42 42 55 55 59 59 59 69 69 65 65 65 54 54 54 59 59 50 50 50 49 49 54 54
-9999 -9999 -9999 -9999 -9999 -9999 -9999 -9999 -9999 -9999 -9999 -9999 -9999 -9999 -9999 -9999 -9999 -9999 -9999 -9999 0 0 0 54 54 102 102 102 116 116 138 138 138 132 132 132 111 111 99 99 99 107 107 107 114 114 87 87 87 85 85 98 98 98 72 72 72 54 54 0 0 0 39 39 39 58 58 63 63 63 72 72 66 66 66 58 58 58 69 69 60 60 60 61 61 71 71
-9999 -9999 -9999 -9999 -9999 -9999 -9999 -9999 -9999 -9999 -9999 -9999 -9999 -9999 -9999 -9999 -9999 -9999 -9999 -9999 -9999 0 0 54 54 102 102 102 116 116 138 138 138 132 132 132 111 111 99 99 99 107 107 107 114 114 87 87 87 85 85 98 98 98 72 72 72 54 54 0 0 0 39 39 39 58 58 63 63 63 72 72 66 66 66 58 58 58 69 69 60 60 60 61 61 71 71
-9999 -9999 -9999 -9999 -9999 -9999 -9999 -9999 -9999 -9999 -9999 -9999 -9999 -9999 -9999 -9999 -9999 -9999 -9999 -9999 -9999 -9999 -9999 58 58 99 99 99 122 122 142 142 142 135 135 135 105 105 90 90 90 99 99 99 99 99 72 72 72 65 65 75 75 75 60 60 60 51 51 0 0 0 51 51 51 75 75 69 69 69 72 72 68 68 68 60 60 60 67 67 59 59 59 67 67 87 87
-9999 -9999 -9999 -9999 -9999 -9999 -9999 -9999 -9999 -9999 -9999 -9999 -9999 -9999 -9999 -9999 -9999 -9999 -9999 -9999 -9999 -9999 -9999 58 58 99 99 99 122 122 142 142 142 135 135 135 105 105 90 90 90 99 99 99 99 99 72 72 72 65 65 75 75 75 60 60 60 51 51 0 0 0 51 51 51 75 75 69 69 69 72 72 68 68 68 60 60 60 67 67 59 59 59 67 67 87 87
-9999 -9999 -9999 -9999 -9999 -9999 -9999 -9999 -9999 -9999 -9999 -9999 -9999 -9999 -9999 -9999 -9999 -9999 -9999 -9999 -9999 -9999 -9999 58 58 99 99 99 122 122 142 142 142 135 135 135 105 105 90 90 90 99 99 99 99 99 72 72 72 65 65 75 75 75 60 60 60 51 51 0 0 0 51 51 51 75 75 69 69 69 72 72 68 68 68 60 60 60 67 67 59 59 59 67 67 87 87
-9999 -9999 -9999 -9999 -9999 -9999 -9999 -9999 -9999 -9999 -9999 -9999 -9999 -9999 -9999 -9999 -9999 -9999 -9999 -9999 -9999 -9999 -9999 0 0 79 79 79 128 128 140 140 140 126 126 126 100 100 76 76 76 70 70 70 75 75 59 59 59 53 53 58 58 58 62 62 62 68 68 57 57 57 65 65 65 80 80 60 60 60 60 60 61 61 61 50 50 50 51 51 52 52 52 73 73 94 94
-9999 -9999 -9999 -9999 -9999 -9999 -9999 -9999 -9999 -9999 -9999 -9999 -9999 -9999 -9999 -9999 -9999 -9999 -9999 -9999 -9999 -9999 -9999 -9999 0 79 79 79 128 128 140 140 140 126 126 126 100 100 76 76 76 70 70 70 75 75 59 59 59 53 53 58 58 58 62 62 62 68 68 57 57 57 65 65 65 80 80 60 60 60 60 60 61 61 61 50 50 50 51 51 52 52 52 73 73 94 94
-9999 -9999 -9999 -9999 -9999 -9999 -9999 -9999 -9999 -9999 -9999 -9999 -9999 -9999 -9999 -9999 -9999 -9999 -9999 -9999 -9999 -9999 -9999 -9999 -9999 74 74 74 128 128 139 139 139 120 120 120 87 87 61 61 61 62 62 62 76 76 73 73 73 72 72 79 79 79 83 83 83 91 91 69 69 69 65 65 65 76 76 53 53 53 56 56 58 58 58 44 44 44 50 50 64 64 64 91 91 102 102
-9999 -9999 -9999 -9999 -9999 -9999 -9999 -9999 -9999 -9999 -9999 -9999 -9999 -9999 -9999 -9999 -9999 -9999 -9999 -9999 -9999 -9999 -9999 -9999 -9999 -9999 74 74 128 128 139 139 139 120 120 120 87 87 61 61 61 62 62 62 76 76 73 73 73 72 72 79 79 79 83 83 83 91 91 69 69 69 65 65 65 76 76 53 53 53 56 56 58 58 58 44 44 44 50 50 64 64 64 91 91 102 102
-9999 -9999 -9999 -9999 -9999 -9999 -9999 -9999 -9999 -9999 -9999 -9999 -9999 -9999 -9999 -9999 -9999 -9999 -9999 -9999 -9999 -9999 -9999 -9999 -9999 -9999 74 74 128 128 139 139 139 120 120 120 87 87 61 61 61 62 62 62 76 76 73 73 73 72 72 79 79 79 83 83 83 91 91 69 69 69 65 65 65 76 76 53 53 53 56 56 58 58 58 44 44 44 50 50 64 64 64 91 91 102 102
-9999 -9999 -9999 -9999 -9999 -9999 -9999 -9999 -9999 -9999 -9999 -9999 -9999 -9999 -9999 -9999 -9999 -9999 -9999 -9999 -9999 -9999 -9999 -9999 -9999 -9999 77 77 105 105 131 131 131 112 112 112 80 80 64 64 64 78 78 78 96 96 91 91 91 91 91 92 92 92 85 85 85 90 90 66 66 66 55 55 55 71 71 51 51 51 50 50 54 54 54 47 47 47 61 61 84 84 84 110 110 104 104
-9999 -9999 -9999 -9999 -9999 -9999 -9999 -9999 -9999 -9999 -9999 -9999 -9999 -9999 -9999 -9999 -9999 -9999 -9999 -9999 -9999 -9999 -9999 -9999 -9999 -9999 77 77 105 105 131 131 131 112 112 112 80 80 64 64 64 78 78 78 96 96 91 91 91 91 91 92 92 92 85 85 85 90 90 66 66 66 55 55 55 71 71 51 51 51 50 50 54 54 54 47 47 47 61 61 84 84 84 110 110 104 104
-9999 -9999 -9999 -9999 -9999 -9999 -9999 -9999 -9999 -9999 -9999 -9999 -9999 -9999 -9999 -9999 -9999 -9999 -9999 -9999 -9999 -9999 -9999 -9999 -9999 -9999 -9999 77 105 105 131 131 131 112 112 112 80 80 64 64 64 78 78 78 96 96 91 91 91 91 91 92 92 92 85 85 85 90 90 66 66 66 55 55 55 71 71 51 51 51 50 50 54 54 54 47 47 47 61 61 84 84 84 110 110 104 104
-9999 -9999 -9999 -9999 -9999 -9999 -9999 -9999 -9999 -9999 -9999 -9999 100 100 100 89 89 82 82 82 -9999 -9999 -9999 -9999 -9999 -9999 -9999 -9999 91 91 120 120 120 113 113 113 95 95 81 81 81 83 83 83 93 93 89 89 89 94 94 88 88 88 77 77 77 81 81 59 59 59 52 52 52 68 68 52 52 52 47 47 53 53 53 55 55 55 72 72 92 92 92 109 109 94 94
-9999 -9999 -9999 -9999 -9999 -9999 -9999 -9999 114 114 102 102 100 100 100 89 89 82 82 82 93 -9999 -9999 -9999 -9999 -9999 -9999 87 91 91 120 120 120 113 113 113 95 95 81 81 81 83 83 83 93 93 89 89 89 94 94 88 88 88 77 77 77 81 81 59 59 59 52 52 52 68 68 52 52 52 47 47 53 53 53 55 55 55 72 72 92 92 92 109 109 94 94
-9999 -9999 -9999 -9999 -9999 -9999 119 88 88 88 92 92 100 100 100 90 90 86 86 86 103 103 -9999 -9999 -9999 -9999 105 105 83 83 108 108 108 118 118 118 105 105 90 90 90 73 73 73 62 62 76 76 76 105 105 90 90 90 72 72 72 77 77 57 57 57 59 59 59 78 78 61 61 61 50 50 57 57 57 65 65 65 81 81 88 88 88 89 89 82 82
-9999 -9999 -9999 -9999 119 119 119 88 88 88 92 92 100 100 100 90 90 86 86 86 103 103 103 -9999 -9999 -9999 105 105 83 83 108 108 108 118 118 118 105 105 90 90 90 73 73 73 62 62 76 76 76 105 105 90 90 90 72 72 72 77 77 57 57 57 59 59 59 78 78 61 61 61 50 50 57 57 57 65 65 65 81 81 88 88 88 89 89 82 82
-9999 -9999 125 125 119 119 119 88 88 88 92 92 100 100 100 90 90 86 86 86 103 103 103 125 125 105 105 105 83 83 108 108 108 118 118 118 105 105 90 90 90 73 73 73 62 62 76 76 76 105 105 90 90 90 72 72 72 77 77 57 57 57 59 59 59 78 78 61 61 61 50 50 57 57 57 65 65 65 81 81 88 88 88 89 89 82 82
-9999 102 109 109 95 95 95 84 84 84 112 112 109 109 109 98 98 96 96 96 106 106 106 131 131 106 106 106 79 79 111 111 111 111 111 111 94 94 79 79 79 63 63 63 0 0 55 55 55 110 110 98 98 98 70 70 70 78 78 63 63 63 70 70 70 85 85 64 64 64 50 50 54 54 54 62 62 62 82 82 80 80 80 69 69 65 65
102 102 109 109 95 95 95 84 84 84 112 112 109 109 109 98 98 96 96 96 106 106 106 131 131 106 106 106 79 79 111 111 111 111 111 111 94 94 79 79 79 63 63 63 0 0 55 55 55 110 110 98 98 98 70 70 70 78 78 63 63 63 70 70 70 85 85 64 64 64 50 50 54 54 54 62 62 62 82 82 80 80 80 69 69 65 65
102 102 109 109 95 95 95 84 84 84 112 112 109 109 109 98 98 96 96 96 106 106 106 131 131 106 106 106 79 79 111 111 111 111 111 111 94 94 79 79 79 63 63 63 0 0 55 55 55 110 110 98 98 98 70 70 70 78 78 63 63 63 70 70 70 85 85 64 64 64 50 50 54 54 54 62 62 62 82 82 80 80 80 69 69 65 65
83 83 89 89 99 99 99 106 106 106 127 127 113 113 113 100 100 100 100 100 108 108 108 125 125 108 108 108 91 91 107 107 107 96 96 96 87 87 70 70 70 59 59 59 55 55 42 42 42 98 98 107 107 107 82 82 82 90 90 76 76 76 78 78 78 84 84 57 57 57 50 50 52 52 52 55 55 55 83 83 79 79 79 63 63 49 49
83 83 89 89 99 99 99 106 106 106 127 127 113 113 113 100 100 100 100 100 108 108 108 125 125 108 108 108 91 91 107 107 107 96 96 96 87 87 70 70 70 59 59 59 55 55 42 42 42 98 98 107 107 107 82 82 82 90 90 76 76 76 78 78 78 84 84 57 57 57 50 50 52 52 52 55 55 55 83 83 79 79 79 63 63 49 49
89 89 97 97 109 109 109 112 112 112 123 123 113 113 113 105 105 107 107 107 113 113 113 122 122 113 113 113 98 98 86 86 86 69 69 69 83 83 76 76 76 56 56 56 65 65 48 48 48 69 69 92 92 92 98 98 98 108 108 85 85 85 77 77 77 77 77 51 51 51 50 50 54 54 54 52 52 52 82 82 80 80 80 61 61 0 0
89 89 97 97 109 109 109 112 112 112 123 123 113 113 113 105 105 107 107 107 113 113 113 122 122 113 113 113 98 98 86 86 86 69 69 69 83 83 76 76 76 56 56 56 65 65 48 48 48 69 69 92 92 92 98 98 98 108 108 85 85 85 77 77 77 77 77 51 51 51 50 50 54 54 54 52 52 52 82 82 80 80 80 61 61 0 0
89 89 97 97 109 109 109 112 112 112 123 123 113 113 113 105 105 107 107 107 113 113 113 122 122 113 113 113 98 98 86 86 86 69 69 69 83 83 76 76 76 56 56 56 65 65 48 48 48 69 69 92 92 92 98 98 98 108 108 85 85 85 77 77 77 77 77 51 51 51 50 50 54 54 54 52 52 52 82 82 80 80 80 61 61 0 0
99 99 107 107 109 109 109 108 108 108 115 115 108 108 108 109 109 114 114 114 114 114 114 121 121 109 109 109 97 97 79 79 79 48 48 48 64 64 70 70 70 59 59 59 60 60 51 51 51 56 56 67 67 67 95 95 95 115 115 86 86 86 66 66 66 67 67 49 49 49 51 51 54 54 54 46 46 46 74 74 76 76 76 55 55 0 0
99 99 107 107 109 109 109 108 108 108 115 115 108 108 108 109 109 114 114 114 114 114 114 121 121 109 109 109 97 97 79 79 79 48 48 48 64 64 70 70 70 59 59 59 60 60 51 51 51 56 56 67 67 67 95 95 95 115 115 86 86 86 66 66 66 67 67 49 49 49 51 51 54 54 54 46 46 46 74 74 76 76 76 55 55 0 0
