SEB_model/sample_data_files/contemp/hillshade/sep6am.txt
ncols         313
nrows         278
xllcorner     388961.19995117
yllcorner     7584381.3441773
cellsize      5
NODATA_value  -9999
[rows 190 to 227 of 278, columns 0 to 86 of 313]
-9999 -9999 -9999 -9999 -9999 -9999 35 35 0 0 3 3 3 43 43 51 51 51 62 62 62 76 76 0 0 0 14 14 14 0 0 40 40 40 83 83 75 75 75 79 79 79 69 69 53 53 53 61 61 69 69 69 64 64 64 73 73 70 70 70 59 59 59 71 71 67 67 67 66 66 64 64 64 73 73 73 105 105 101 101 101 91 91 79 79 79 47
-9999 -9999 -9999 -9999 -9999 -9999 35 35 0 0 3 3 3 43 43 51 51 51 62 62 62 76 76 0 0 0 14 14 14 0 0 40 40 40 83 83 75 75 75 79 79 79 69 69 53 53 53 61 61 69 69 69 64 64 64 73 73 70 70 70 59 59 59 71 71 67 67 67 66 66 64 64 64 73 73 73 105 105 101 101 101 91 91 79 79 79 47
-9999 -9999 -9999 -9999 -9999 -9999 -9999 0 0 0 16 16 16 44 44 56 56 56 68 68 68 76 76 0 0 0 18 18 18 0 0 45 45 45 92 92 78 78 78 62 62 62 55 55 52 52 52 60 60 67 67 67 59 59 59 66 66 71 71 71 75 75 75 81 81 66 66 66 66 66 73 73 73 89 89 89 105 105 90 90 90 81 81 66 66 66 34
-9999 -9999 -9999 -9999 -9999 -9999 -9999 0 0 0 16 16 16 44 44 56 56 56 68 68 68 76 76 0 0 0 18 18 18 0 0 45 45 45 92 92 78 78 78 62 62 62 55 55 52 52 52 60 60 67 67 67 59 59 59 66 66 71 71 71 75 75 75 81 81 66 66 66 66 66 73 73 73 89 89 89 105 105 90 90 90 81 81 66 66 66 34
-9999 -9999 -9999 -9999 -9999 -9999 -9999 -9999 0 0 4 4 4 32 32 59 59 59 70 70 70 75 75 46 46 46 27 27 27 0 0 52 52 52 89 89 68 68 68 53 53 53 54 54 53 53 53 59 59 66 66 66 55 55 55 61 61 70 70 70 82 82 82 87 87 66 66 66 67 67 82 82 82 95 95 95 96 96 75 75 75 63 63 53 53 53 32
-9999 -9999 -9999 -9999 -9999 -9999 -9999 -9999 -9999 -9999 4 4 4 32 32 59 59 59 70 70 70 75 75 46 46 46 27 27 27 0 0 52 52 52 89 89 68 68 68 53 53 53 54 54 53 53 53 59 59 66 66 66 55 55 55 61 61 70 70 70 82 82 82 87 87 66 66 66 67 67 82 82 82 95 95 95 96 96 75 75 75 63 63 53 53 53 32
-9999 -9999 -9999 -9999 -9999 -9999 -9999 -9999 -9999 -9999 -9999 -9999 -9999 32 32 59 59 59 70 70 70 75 75 46 46 46 27 27 27 0 0 52 52 52 89 89 68 68 68 53 53 53 54 54 53 53 53 59 59 66 66 66 55 55 55 61 61 70 70 70 82 82 82 87 87 66 66 66 67 67 82 82 82 95 95 95 96 96 75 75 75 63 63 53 53 53 32
-9999 -9999 -9999 -9999 -9999 -9999 -9999 -9999 -9999 -9999 -9999 -9999 -9999 -9999 -9999 47 47 47 59 59 59 76 76 58 58 58 44 44 44 38 38 49 49 49 72 72 62 62 62 55 55 55 57 57 52 52 52 58 58 62 62 62 53 53 53 63 63 69 69 69 73 73 73 84 84 72 72 72 80 80 89 89 89 82 82 82 79 79 57 57 57 41 41 39 39 39 32
-9999 -9999 -9999 -9999 -9999 -9999 -9999 -9999 -9999 -9999 -9999 -9999 -9999 -9999 -9999 47 47 47 59 59 59 76 76 58 58 58 44 44 44 38 38 49 49 49 72 72 62 62 62 55 55 55 57 57 52 52 52 58 58 62 62 62 53 53 53 63 63 69 69 69 73 73 73 84 84 72 72 72 80 80 89 89 89 82 82 82 79 79 57 57 57 41 41 39 39 39 32
-9999 -9999 -9999 -9999 -9999 -9999 -9999 -9999 -9999 -9999 -9999 -9999 -9999 -9999 -9999 -9999 0 0 34 34 34 79 79 73 73 73 66 66 66 47 47 35 35 35 59 59 66 66 66 58 58 58 57 57 51 51 51 53 53 59 59 59 56 56 56 64 64 65 65 65 64 64 64 76 76 74 74 74 96 96 88 88 88 62 62 62 65 65 43 43 43 24 24 29 29 29 35
-9999 -9999 -9999 -9999 -9999 -9999 -9999 -9999 -9999 -9999 -9999 -9999 -9999 -9999 -9999 -9999 0 0 34 34 34 79 79 73 73 73 66 66 66 47 47 35 35 35 59 59 66 66 66 58 58 58 57 57 51 51 51 53 53 59 59 59 56 56 56 64 64 65 65 65 64 64 64 76 76 74 74 74 96 96 88 88 88 62 62 62 65 65 43 43 43 24 24 29 29 29 35
-9999 -9999 -9999 -9999 -9999 -9999 -9999 -9999 -9999 -9999 -9999 -9999 -9999 -9999 -9999 -9999 -9999 0 34 34 34 79 79 73 73 73 66 66 66 47 47 35 35 35 59 59 66 66 66 58 58 58 57 57 51 51 51 53 53 59 59 59 56 56 56 64 64 65 65 65 64 64 64 76 76 74 74 74 96 96 88 88 88 62 62 62 65 65 43 43 43 24 24 29 29 29 35
-9999 -9999 -9999 -9999 -9999 -9999 -9999 -9999 -9999 -9999 -9999 -9999 -9999 -9999 -9999 -9999 -9999 0 21 21 21 82 82 85 85 85 77 77 77 49 49 27 27 27 55 55 71 71 71 59 59 59 56 56 48 48 48 48 48 60 60 60 61 61 61 61 61 59 59 59 61 61 61 72 72 77 77 77 93 93 72 72 72 49 49 49 57 57 34 34 34 14 14 30 30 30 50
-9999 -9999 -9999 -9999 -9999 -9999 -9999 -9999 -9999 -9999 -9999 -9999 -9999 -9999 -9999 -9999 -9999 0 21 21 21 82 82 85 85 85 77 77 77 49 49 27 27 27 55 55 71 71 71 59 59 59 56 56 48 48 48 48 48 60 60 60 61 61 61 61 61 59 59 59 61 61 61 72 72 77 77 77 93 93 72 72 72 49 49 49 57 57 34 34 34 14 14 30 30 30 50
-9999 -9999 -9999 -9999 -9999 -9999 -9999 -9999 -9999 -9999 -9999 -9999 -9999 -9999 -9999 -9999 -9999 0 21 21 21 82 82 85 85 85 77 77 77 49 49 27 27 27 55 55 71 71 71 59 59 59 56 56 48 48 48 48 48 60 60 60 61 61 61 61 61 59 59 59 61 61 61 72 72 77 77 77 93 93 72 72 72 49 49 49 57 57 34 34 34 14 14 30 30 30 50
-9999 -9999 -9999 -9999 -9999 -9999 -9999 -9999 -9999 -9999 -9999 -9999 -9999 -9999 -9999 -9999 -9999 0 20 20 20 82 82 89 89 89 78 78 78 57 57 33 33 33 46 46 68 68 68 60 60 60 55 55 45 45 45 45 45 58 58 58 60 60 60 56 56 58 58 58 61 61 61 84 84 83 83 83 65 65 49 49 49 46 46 46 51 51 28 28 28 0 0 46 46 46 69
-9999 -9999 -9999 -9999 -9999 -9999 -9999 -9999 -9999 -9999 -9999 -9999 -9999 -9999 -9999 -9999 0 0 20 20 20 82 82 89 89 89 78 78 78 57 57 33 33 33 46 46 68 68 68 60 60 60 55 55 45 45 45 45 45 58 58 58 60 60 60 56 56 58 58 58 61 61 61 84 84 83 83 83 65 65 49 49 49 46 46 46 51 51 28 28 28 0 0 46 46 46 69
-9999 -9999 -9999 -9999 -9999 -9999 -9999 -9999 -9999 -9999 -9999 -9999 -9999 -9999 -9999 -9999 0 0 18 18 18 80 80 86 86 86 76 76 76 68 68 43 43 43 36 36 56 56 56 61 61 61 57 57 46 46 46 43 43 52 52 52 51 51 51 50 50 59 59 59 72 72 72 99 99 73 73 73 33 33 41 41 41 47 47 47 44 44 25 25 25 34 34 62 62 62 69
-9999 -9999 -9999 -9999 -9999 -9999 -9999 -9999 -9999 -9999 -9999 -9999 -9999 -9999 -9999 0 0 0 18 18 18 80 80 86 86 86 76 76 76 68 68 43 43 43 36 36 56 56 56 61 61 61 57 57 46 46 46 43 43 52 52 52 51 51 51 50 50 59 59 59 72 72 72 99 99 73 73 73 33 33 41 41 41 47 47 47 44 44 25 25 25 34 34 62 62 62 69
-9999 -9999 -9999 -9999 -9999 -9999 -9999 -9999 -9999 -9999 -9999 -9999 -9999 -9999 34 0 0 0 18 18 18 80 80 86 86 86 76 76 76 68 68 43 43 43 36 36 56 56 56 61 61 61 57 57 46 46 46 43 43 52 52 52 51 51 51 50 50 59 59 59 72 72 72 99 99 73 73 73 33 33 41 41 41 47 47 47 44 44 25 25 25 34 34 62 62 62 69
-9999 -9999 -9999 -9999 -9999 -9999 -9999 -9999 -9999 -9999 -9999 -9999 16 22 22 0 0 0 27 27 27 75 75 79 79 79 75 75 75 72 72 54 54 54 35 35 45 45 45 60 60 60 57 57 47 47 47 42 42 47 47 47 43 43 43 44 44 63 63 63 89 89 89 97 97 0 0 0 28 28 45 45 45 41 41 41 40 40 38 38 38 54 54 66 66 66 61
-9999 -9999 -9999 -9999 -9999 -9999 -9999 -9999 -9999 -9999 16 16 16 22 22 0 0 0 27 27 27 75 75 79 79 79 75 75 75 72 72 54 54 54 35 35 45 45 45 60 60 60 57 57 47 47 47 42 42 47 47 47 43 43 43 44 44 63 63 63 89 89 89 97 97 0 0 0 28 28 45 45 45 41 41 41 40 40 38 38 38 54 54 66 66 66 61
-9999 -9999 -9999 -9999 -9999 -9999 -9999 -9999 29 29 16 16 16 22 22 0 0 0 27 27 27 75 75 79 79 79 75 75 75 72 72 54 54 54 35 35 45 45 45 60 60 60 57 57 47 47 47 42 42 47 47 47 43 43 43 44 44 63 63 63 89 89 89 97 97 0 0 0 28 28 45 45 45 41 41 41 40 40 38 38 38 54 54 66 66 66 61
-9999 -9999 -9999 -9999 -9999 0 0 0 0 0 0 0 0 10 10 37 37 37 47 47 47 69 69 72 72 72 73 73 73 72 72 62 62 62 39 39 40 40 40 56 56 56 53 53 44 44 44 43 43 47 47 47 41 41 41 47 47 71 71 71 90 90 90 74 74 35 35 35 38 38 44 44 44 34 34 34 50 50 58 58 58 56 56 64 64 64 57
-9999 -9999 -9999 37 37 0 0 0 0 0 0 0 0 10 10 37 37 37 47 47 47 69 69 72 72 72 73 73 73 72 72 62 62 62 39 39 40 40 40 56 56 56 53 53 44 44 44 43 43 47 47 47 41 41 41 47 47 71 71 71 90 90 90 74 74 35 35 35 38 38 44 44 44 34 34 34 50 50 58 58 58 56 56 64 64 64 57
-9999 -9999 0 0 0 0 0 0 4 4 17 17 17 25 25 49 49 49 54 54 54 61 61 67 67 67 71 71 71 71 71 64 64 64 47 47 40 40 40 50 50 50 49 49 41 41 41 43 43 50 50 50 50 50 50 63 63 77 77 77 68 68 68 48 48 32 32 32 31 31 33 33 33 47 47 47 72 72 64 64 64 54 54 60 60 60 48
-9999 25 0 0 0 0 0 0 4 4 17 17 17 25 25 49 49 49 54 54 54 61 61 67 67 67 71 71 71 71 71 64 64 64 47 47 40 40 40 50 50 50 49 49 41 41 41 43 43 50 50 50 50 50 50 63 63 77 77 77 68 68 68 48 48 32 32 32 31 31 33 33 33 47 47 47 72 72 64 64 64 54 54 60 60 60 48
-9999 25 0 0 0 0 0 0 4 4 17 17 17 25 25 49 49 49 54 54 54 61 61 67 67 67 71 71 71 71 71 64 64 64 47 47 40 40 40 50 50 50 49 49 41 41 41 43 43 50 50 50 50 50 50 63 63 77 77 77 68 68 68 48 48 32 32 32 31 31 33 33 33 47 47 47 72 72 64 64 64 54 54 60 60 60 48
0 0 5 5 5 25 25 25 22 22 31 31 31 37 37 48 48 48 49 49 49 53 53 61 61 61 67 67 67 67 67 61 61 61 55 55 44 44 44 41 41 41 45 45 43 43 43 47 47 59 59 59 63 63 63 73 73 68 68 68 39 39 39 30 30 26 26 26 0 0 30 30 30 59 59 59 79 79 67 67 67 58 58 0 0 0 0
0 0 5 5 5 25 25 25 22 22 31 31 31 37 37 48 48 48 49 49 49 53 53 61 61 61 67 67 67 67 67 61 61 61 55 55 44 44 44 41 41 41 45 45 43 43 43 47 47 59 59 59 63 63 63 73 73 68 68 68 39 39 39 30 30 26 26 26 0 0 30 30 30 59 59 59 79 79 67 67 67 58 58 0 0 0 0
0 0 0 0 0 46 46 46 44 44 32 32 32 33 33 47 47 47 47 47 47 46 46 53 53 53 59 59 59 59 59 54 54 54 57 57 50 50 50 36 36 36 42 42 52 52 52 61 61 69 69 69 67 67 67 64 64 46 46 46 25 25 25 21 21 21 21 21 41 41 47 47 47 41 41 41 59 59 70 70 70 0 0 0 0 0 0
0 0 0 0 0 46 46 46 44 44 32 32 32 33 33 47 47 47 47 47 47 46 46 53 53 53 59 59 59 59 59 54 54 54 57 57 50 50 50 36 36 36 42 42 52 52 52 61 61 69 69 69 67 67 67 64 64 46 46 46 25 25 25 21 21 21 21 21 41 41 47 47 47 41 41 41 59 59 70 70 70 0 0 0 0 0 0
-9999 0 0 0 0 46 46 46 44 44 32 32 32 33 33 47 47 47 47 47 47 46 46 53 53 53 59 59 59 59 59 54 54 54 57 57 50 50 50 36 36 36 42 42 52 52 52 61 61 69 69 69 67 67 67 64 64 46 46 46 25 25 25 21 21 21 21 21 41 41 47 47 47 41 41 41 59 59 70 70 70 0 0 0 0 0 0
-9999 0 0 0 0 42 42 42 58 58 41 41 41 32 32 43 43 43 47 47 47 43 43 45 45 45 49 49 49 51 51 46 46 46 51 51 51 51 51 42 42 42 49 49 61 61 61 70 70 73 73 73 60 60 60 47 47 31 31 31 21 21 21 24 24 32 32 32 56 56 0 0 0 0 0 0 0 0 0 0 0 0 0 0 0 0 0
-9999 -9999 0 0 0 42 42 42 58 58 41 41 41 32 32 43 43 43 47 47 47 43 43 45 45 45 49 49 49 51 51 46 46 46 51 51 51 51 51 42 42 42 49 49 61 61 61 70 70 73 73 73 60 60 60 47 47 31 31 31 21 21 21 24 24 32 32 32 56 56 0 0 0 0 0 0 0 0 0 0 0 0 0 0 0 0 0
-9999 -9999 -9999 0 0 42 42 42 58 58 41 41 41 32 32 43 43 43 47 47 47 43 43 45 45 45 49 49 49 51 51 46 46 46 51 51 51 51 51 42 42 42 49 49 61 61 61 70 70 73 73 73 60 60 60 47 47 31 31 31 21 21 21 24 24 32 32 32 56 56 0 0 0 0 0 0 0 0 0 0 0 0 0 0 0 0 0
-9999 -9999 -9999 -9999 0 23 23 23 57 57 57 57 57 36 36 34 34 34 39 39 39 41 41 38 38 38 40 40 40 42 42 37 37 37 43 43 49 49 49 54 54 54 61 61 63 63 63 69 69 70 70 70 54 54 54 38 38 0 0 0 20 20 20 37 37 0 0 0 0 0 0 0 0 0 0 0 0 0 0 0 0 0 0 0 0 0 0
-9999 -9999 -9999 -9999 -9999 23 23 23 57 57 57 57 57 36 36 34 34 34 39 39 39 41 41 38 38 38 40 40 40 42 42 37 37 37 43 43 49 49 49 54 54 54 61 61 63 63 63 69 69 70 70 70 54 54 54 38 38 0 0 0 20 20 20 37 37 0 0 0 0 0 0 0 0 0 0 0 0 0 0 0 0 0 0 0 0 0 0
