SEB_model/sample_data_files/contemp/hillshade/sep6am.txt
ncols         313
nrows         278
xllcorner     388961.19995117
yllcorner     7584381.3441773
cellsize      5
NODATA_value  -9999
[rows 38 to 75 of 278, columns 174 to 260 of 313]
151 118 118 118 0 0 0 0 0 0 0 0 19 19 30 30 30 48 48 90 90 90 137 137 137 162 162 155 155 155 131 131 119 119 119 107 107 107 109 109 100 100 100 70 70 70 53 53 33 33 33 50 50 83 83 83 0 0 0 0 0 0 0 0 0 0 0 0 0 0 0 0 0 0 0 0 0 14 14 14 35 35 46 46 46 45 45
151 118 118 118 0 0 0 0 0 0 0 0 19 19 30 30 30 48 48 90 90 90 137 137 137 162 162 155 155 155 131 131 119 119 119 107 107 107 109 109 100 100 100 70 70 70 53 53 33 33 33 50 50 83 83 83 0 0 0 0 0 0 0 0 0 0 0 0 0 0 0 0 0 0 0 0 0 14 14 14 35 35 46 46 46 45 45
141 99 99 99 0 0 0 0 0 13 13 13 41 41 37 37 37 40 40 71 71 71 116 116 116 145 145 136 136 136 118 118 116 116 116 98 98 98 88 88 73 73 73 55 55 55 54 54 41 41 41 50 50 71 71 71 82 82 82 71 71 0 0 0 4 4 10 10 10 5 5 5 6 6 20 20 20 0 0 0 20 20 26 26 26 35 35
141 99 99 99 0 0 0 0 0 13 13 13 41 41 37 37 37 40 40 71 71 71 116 116 116 145 145 136 136 136 118 118 116 116 116 98 98 98 88 88 73 73 73 55 55 55 54 54 41 41 41 50 50 71 71 71 82 82 82 71 71 0 0 0 4 4 10 10 10 5 5 5 6 6 20 20 20 0 0 0 20 20 26 26 26 35 35
115 76 76 76 41 41 26 26 26 34 34 34 48 48 40 40 40 48 48 70 70 70 99 99 99 120 120 114 114 114 102 102 99 99 99 85 85 85 82 82 68 68 68 56 56 56 62 62 48 48 48 42 42 52 52 52 69 69 69 73 73 38 38 38 39 39 39 39 39 48 48 48 63 63 81 81 81 79 79 79 31 31 24 24 24 34 34
115 76 76 76 41 41 26 26 26 34 34 34 48 48 40 40 40 48 48 70 70 70 99 99 99 120 120 114 114 114 102 102 99 99 99 85 85 85 82 82 68 68 68 56 56 56 62 62 48 48 48 42 42 52 52 52 69 69 69 73 73 38 38 38 39 39 39 39 39 48 48 48 63 63 81 81 81 79 79 79 31 31 24 24 24 34 34
115 76 76 76 41 41 26 26 26 34 34 34 48 48 40 40 40 48 48 70 70 70 99 99 99 120 120 114 114 114 102 102 99 99 99 85 85 85 82 82 68 68 68 56 56 56 62 62 48 48 48 42 42 52 52 52 69 69 69 73 73 38 38 38 39 39 39 39 39 48 48 48 63 63 81 81 81 79 79 79 31 31 24 24 24 34 34
87 61 61 61 52 52 46 46 46 46 46 46 46 46 39 39 39 57 57 78 78 78 95 95 95 101 101 87 87 87 73 73 82 82 82 90 90 90 91 91 66 66 66 50 50 50 67 67 48 48 48 32 32 40 40 40 69 69 69 90 90 60 60 60 66 66 53 53 53 64 64 64 92 92 108 108 108 109 109 109 59 59 44 44 44 50 50
87 61 61 61 52 52 46 46 46 46 46 46 46 46 39 39 39 57 57 78 78 78 95 95 95 101 101 87 87 87 73 73 82 82 82 90 90 90 91 91 66 66 66 50 50 50 67 67 48 48 48 32 32 40 40 40 69 69 69 90 90 60 60 60 66 66 53 53 53 64 64 64 92 92 108 108 108 109 109 109 59 59 44 44 44 50 50
87 61 61 61 52 52 46 46 46 46 46 46 46 46 39 39 39 57 57 78 78 78 95 95 95 101 101 87 87 87 73 73 82 82 82 90 90 90 91 91 66 66 66 50 50 50 67 67 48 48 48 32 32 40 40 40 69 69 69 90 90 60 60 60 66 66 53 53 53 64 64 64 92 92 108 108 108 109 109 109 59 59 44 44 44 50 50
59 49 49 49 57 57 53 53 53 48 48 48 51 51 48 48 48 69 69 90 90 90 95 95 95 80 80 49 49 49 47 47 88 88 88 107 107 107 93 93 51 51 51 34 34 34 65 65 0 0 0 31 31 49 49 49 81 81 81 102 102 70 70 70 80 80 68 68 68 68 68 68 104 104 120 120 120 115 115 115 75 75 58 58 58 67 67
59 49 49 49 57 57 53 53 53 48 48 48 51 51 48 48 48 69 69 90 90 90 95 95 95 80 80 49 49 49 47 47 88 88 88 107 107 107 93 93 51 51 51 34 34 34 65 65 0 0 0 31 31 49 49 49 81 81 81 102 102 70 70 70 80 80 68 68 68 68 68 68 104 104 120 120 120 115 115 115 75 75 58 58 58 67 67
44 50 50 50 60 60 53 53 53 48 48 48 56 56 57 57 57 84 84 100 100 100 85 85 85 0 0 0 0 0 52 52 113 113 113 118 118 118 82 82 0 0 0 19 19 19 58 58 40 40 40 48 48 71 71 71 92 92 92 104 104 72 72 72 84 84 74 74 74 63 63 63 98 98 122 122 122 118 118 118 77 77 51 51 51 63 63
44 50 50 50 60 60 53 53 53 48 48 48 56 56 57 57 57 84 84 100 100 100 85 85 85 0 0 0 0 0 52 52 113 113 113 118 118 118 82 82 0 0 0 19 19 19 58 58 40 40 40 48 48 71 71 71 92 92 92 104 104 72 72 72 84 84 74 74 74 63 63 63 98 98 122 122 122 118 118 118 77 77 51 51 51 63 63
44 50 50 50 60 60 53 53 53 48 48 48 56 56 57 57 57 84 84 100 100 100 85 85 85 0 0 0 0 0 52 52 113 113 113 118 118 118 82 82 0 0 0 19 19 19 58 58 40 40 40 48 48 71 71 71 92 92 92 104 104 72 72 72 84 84 74 74 74 63 63 63 98 98 122 122 122 118 118 118 77 77 51 51 51 63 63
48 54 54 54 57 57 51 51 51 49 49 49 58 58 59 59 59 86 86 94 94 94 69 69 69 39 39 23 23 23 81 81 129 129 129 112 112 112 0 0 0 0 0 10 10 10 57 57 55 55 55 73 73 86 86 86 91 91 91 97 97 74 74 74 83 83 74 74 74 59 59 59 88 88 114 114 114 112 112 112 74 74 40 40 40 46 46
48 54 54 54 57 57 51 51 51 49 49 49 58 58 59 59 59 86 86 94 94 94 69 69 69 39 39 23 23 23 81 81 129 129 129 112 112 112 0 0 0 0 0 10 10 10 57 57 55 55 55 73 73 86 86 86 91 91 91 97 97 74 74 74 83 83 74 74 74 59 59 59 88 88 114 114 114 112 112 112 74 74 40 40 40 46 46
48 54 54 54 57 57 51 51 51 49 49 49 58 58 59 59 59 86 86 94 94 94 69 69 69 39 39 23 23 23 81 81 129 129 129 112 112 112 0 0 0 0 0 10 10 10 57 57 55 55 55 73 73 86 86 86 91 91 91 97 97 74 74 74 83 83 74 74 74 59 59 59 88 88 114 114 114 112 112 112 74 74 40 40 40 46 46
52 50 50 50 50 50 48 48 48 49 49 49 59 59 57 57 57 77 77 81 81 81 65 65 65 54 54 54 54 54 98 98 123 123 123 91 91 91 0 0 0 0 0 14 14 14 68 68 78 78 78 89 89 86 86 86 80 80 80 88 88 76 76 76 79 79 72 72 72 58 58 58 78 78 95 95 95 91 91 91 66 66 35 35 35 37 37
52 50 50 50 50 50 48 48 48 49 49 49 59 59 57 57 57 77 77 81 81 81 65 65 65 54 54 54 54 54 98 98 123 123 123 91 91 91 0 0 0 0 0 14 14 14 68 68 78 78 78 89 89 86 86 86 80 80 80 88 88 76 76 76 79 79 72 72 72 58 58 58 78 78 95 95 95 91 91 91 66 66 35 35 35 37 37
47 42 42 42 44 44 47 47 47 53 53 53 63 63 56 56 56 67 67 73 73 73 71 71 71 77 77 76 76 76 96 96 105 105 105 69 69 69 29 29 0 0 0 30 30 30 82 82 91 91 91 91 91 75 75 75 66 66 66 82 82 75 75 75 71 71 66 66 66 54 54 54 64 64 72 72 72 71 71 71 62 62 39 39 39 41 41
47 42 42 42 44 44 47 47 47 53 53 53 63 63 56 56 56 67 67 73 73 73 71 71 71 77 77 76 76 76 96 96 105 105 105 69 69 69 29 29 0 0 0 30 30 30 82 82 91 91 91 91 91 75 75 75 66 66 66 82 82 75 75 75 71 71 66 66 66 54 54 54 64 64 72 72 72 71 71 71 62 62 39 39 39 41 41
47 42 42 42 44 44 47 47 47 53 53 53 63 63 56 56 56 67 67 73 73 73 71 71 71 77 77 76 76 76 96 96 105 105 105 69 69 69 29 29 0 0 0 30 30 30 82 82 91 91 91 91 91 75 75 75 66 66 66 82 82 75 75 75 71 71 66 66 66 54 54 54 64 64 72 72 72 71 71 71 62 62 39 39 39 41 41
38 37 37 37 42 42 49 49 49 58 58 58 68 68 60 60 60 65 65 71 71 71 76 76 76 91 91 83 83 83 85 85 86 86 86 57 57 57 37 37 26 26 26 46 46 46 89 89 91 91 91 83 83 63 63 63 55 55 55 75 75 69 69 69 62 62 60 60 60 50 50 50 56 56 60 60 60 64 64 64 69 69 53 53 53 54 54
38 37 37 37 42 42 49 49 49 58 58 58 68 68 60 60 60 65 65 71 71 71 76 76 76 91 91 83 83 83 85 85 86 86 86 57 57 57 37 37 26 26 26 46 46 46 89 89 91 91 91 83 83 63 63 63 55 55 55 75 75 69 69 69 62 62 60 60 60 50 50 50 56 56 60 60 60 64 64 64 69 69 53 53 53 54 54
28 35 35 35 47 47 52 52 52 59 59 59 70 70 66 66 66 69 69 71 71 71 77 77 77 95 95 81 81 81 68 68 69 69 69 58 58 58 55 55 46 46 46 54 54 54 88 88 86 86 86 73 73 51 51 51 45 45 45 67 67 64 64 64 58 58 59 59 59 50 50 50 56 56 61 61 61 68 68 68 82 82 69 69 69 68 68
28 35 35 35 47 47 52 52 52 59 59 59 70 70 66 66 66 69 69 71 71 71 77 77 77 95 95 81 81 81 68 68 69 69 69 58 58 58 55 55 46 46 46 54 54 54 88 88 86 86 86 73 73 51 51 51 45 45 45 67 67 64 64 64 58 58 59 59 59 50 50 50 56 56 61 61 61 68 68 68 82 82 69 69 69 68 68
28 35 35 35 47 47 52 52 52 59 59 59 70 70 66 66 66 69 69 71 71 71 77 77 77 95 95 81 81 81 68 68 69 69 69 58 58 58 55 55 46 46 46 54 54 54 88 88 86 86 86 73 73 51 51 51 45 45 45 67 67 64 64 64 58 58 59 59 59 50 50 50 56 56 61 61 61 68 68 68 82 82 69 69 69 68 68
25 43 43 43 56 56 51 51 51 54 54 54 68 68 70 70 70 75 75 73 73 73 75 75 75 94 94 71 71 71 48 48 63 63 63 71 71 71 73 73 53 53 53 52 52 52 81 81 73 73 73 60 60 44 44 44 42 42 42 63 63 62 62 62 59 59 63 63 63 55 55 55 60 60 66 66 66 74 74 74 93 93 82 82 82 77 77
25 43 43 43 56 56 51 51 51 54 54 54 68 68 70 70 70 75 75 73 73 73 75 75 75 94 94 71 71 71 48 48 63 63 63 71 71 71 73 73 53 53 53 52 52 52 81 81 73 73 73 60 60 44 44 44 42 42 42 63 63 62 62 62 59 59 63 63 63 55 55 55 60 60 66 66 66 74 74 74 93 93 82 82 82 77 77
25 43 43 43 56 56 51 51 51 54 54 54 68 68 70 70 70 75 75 73 73 73 75 75 75 94 94 71 71 71 48 48 63 63 63 71 71 71 73 73 53 53 53 52 52 52 81 81 73 73 73 60 60 44 44 44 42 42 42 63 63 62 62 62 59 59 63 63 63 55 55 55 60 60 66 66 66 74 74 74 93 93 82 82 82 77 77
35 60 60 60 64 64 46 46 46 47 47 47 67 67 75 75 75 80 80 73 73 73 72 72 72 87 87 57 57 57 37 37 69 69 69 86 86 86 80 80 48 48 48 41 41 41 66 66 54 54 54 47 47 46 46 46 53 53 53 69 69 64 64 64 63 63 71 71 71 63 63 63 64 64 68 68 68 77 77 77 98 98 90 90 90 84 84
35 60 60 60 64 64 46 46 46 47 47 47 67 67 75 75 75 80 80 73 73 73 72 72 72 87 87 57 57 57 37 37 69 69 69 86 86 86 80 80 48 48 48 41 41 41 66 66 54 54 54 47 47 46 46 46 53 53 53 69 69 64 64 64 63 63 71 71 71 63 63 63 64 64 68 68 68 77 77 77 98 98 90 90 90 84 84
54 73 73 73 65 65 43 43 43 47 47 47 72 72 80 80 80 81 81 70 70 70 68 68 68 77 77 46 46 46 39 39 78 78 78 89 89 89 71 71 34 34 34 23 23 23 43 43 38 38 38 44 44 56 56 56 70 70 70 83 83 70 70 70 69 69 79 79 79 69 69 69 63 63 64 64 64 76 76 76 96 96 91 91 91 87 87
54 73 73 73 65 65 43 43 43 47 47 47 72 72 80 80 80 81 81 70 70 70 68 68 68 77 77 46 46 46 39 39 78 78 78 89 89 89 71 71 34 34 34 23 23 23 43 43 38 38 38 44 44 56 56 56 70 70 70 83 83 70 70 70 69 69 79 79 79 69 69 69 63 63 64 64 64 76 76 76 96 96 91 91 91 87 87
54 73 73 73 65 65 43 43 43 47 47 47 72 72 80 80 80 81 81 70 70 70 68 68 68 77 77 46 46 46 39 39 78 78 78 89 89 89 71 71 34 34 34 23 23 23 43 43 38 38 38 44 44 56 56 56 70 70 70 83 83 70 70 70 69 69 79 79 79 69 69 69 63 63 64 64 64 76 76 76 96 96 91 91 91 87 87
69 74 74 74 59 59 46 46 46 56 56 56 78 78 80 80 80 76 76 66 66 66 65 65 65 69 69 47 47 47 51 51 82 82 82 78 78 78 50 50 0 0 0 3 3 3 25 25 39 39 39 57 57 68 68 68 83 83 83 98 98 80 80 80 75 75 83 83 83 67 67 67 53 53 53 53 53 67 67 67 84 84 81 81 81 80 80
69 74 74 74 59 59 46 46 46 56 56 56 78 78 80 80 80 76 76 66 66 66 65 65 65 69 69 47 47 47 51 51 82 82 82 78 78 78 50 50 0 0 0 3 3 3 25 25 39 39 39 57 57 68 68 68 83 83 83 98 98 80 80 80 75 75 83 83 83 67 67 67 53 53 53 53 53 67 67 67 84 84 81 81 81 80 80
