SEB_model/sample_data_files/contemp/hillshade/sep6am.txt
ncols         313
nrows         278
xllcorner     388961.19995117
yllcorner     7584381.3441773
cellsize      5
NODATA_value  -9999
[rows 76 to 113 of 278, columns 174 to 260 of 313]
71 64 64 64 55 55 56 56 56 66 66 66 80 80 73 73 73 70 70 66 66 66 65 65 65 68 68 54 54 54 61 61 76 76 76 57 57 57 0 0 0 0 0 0 0 0 28 28 57 57 57 74 74 77 77 77 88 88 88 107 107 90 90 90 82 82 82 82 82 57 57 57 40 40 41 41 41 57 57 57 72 72 70 70 70 78 78
71 64 64 64 55 55 56 56 56 66 66 66 80 80 73 73 73 70 70 66 66 66 65 65 65 68 68 54 54 54 61 61 76 76 76 57 57 57 0 0 0 0 0 0 0 0 28 28 57 57 57 74 74 77 77 77 88 88 88 107 107 90 90 90 82 82 82 82 82 57 57 57 40 40 41 41 41 57 57 57 72 72 70 70 70 78 78
71 64 64 64 55 55 56 56 56 66 66 66 80 80 73 73 73 70 70 66 66 66 65 65 65 68 68 54 54 54 61 61 76 76 76 57 57 57 0 0 0 0 0 0 0 0 28 28 57 57 57 74 74 77 77 77 88 88 88 107 107 90 90 90 82 82 82 82 82 57 57 57 40 40 41 41 41 57 57 57 72 72 70 70 70 78 78
64 56 56 56 59 59 66 66 66 67 67 67 72 72 64 64 64 68 68 71 71 71 66 66 66 69 69 59 59 59 62 62 61 61 61 0 0 0 0 0 0 0 0 2 2 2 46 46 69 69 69 76 76 72 72 72 83 83 83 106 106 93 93 93 84 84 75 75 75 44 44 44 27 27 26 26 26 45 45 45 60 60 60 60 60 77 77
64 56 56 56 59 59 66 66 66 67 67 67 72 72 64 64 64 68 68 71 71 71 66 66 66 69 69 59 59 59 62 62 61 61 61 0 0 0 0 0 0 0 0 2 2 2 46 46 69 69 69 76 76 72 72 72 83 83 83 106 106 93 93 93 84 84 75 75 75 44 44 44 27 27 26 26 26 45 45 45 60 60 60 60 60 77 77
64 56 56 56 59 59 66 66 66 67 67 67 72 72 64 64 64 68 68 71 71 71 66 66 66 69 69 59 59 59 62 62 61 61 61 0 0 0 0 0 0 0 0 2 2 2 46 46 69 69 69 76 76 72 72 72 83 83 83 106 106 93 93 93 84 84 75 75 75 44 44 44 27 27 26 26 26 45 45 45 60 60 60 60 60 77 77
61 57 57 57 64 64 65 65 65 57 57 57 60 60 58 58 58 71 71 74 74 74 66 66 66 69 69 61 61 61 57 57 0 0 0 0 0 0 0 0 0 0 0 21 21 21 55 55 61 61 61 62 62 61 61 61 75 75 75 100 100 87 87 87 73 73 61 61 61 37 37 37 0 0 0 0 0 32 32 32 51 51 50 50 50 66 66
61 57 57 57 64 64 65 65 65 57 57 57 60 60 58 58 58 71 71 74 74 74 66 66 66 69 69 61 61 61 57 57 0 0 0 0 0 0 0 0 0 0 0 21 21 21 55 55 61 61 61 62 62 61 61 61 75 75 75 100 100 87 87 87 73 73 61 61 61 37 37 37 0 0 0 0 0 32 32 32 51 51 50 50 50 66 66
67 63 63 63 64 64 58 58 58 51 51 51 59 59 62 62 62 75 75 76 76 76 66 66 66 69 69 61 61 61 0 0 0 0 0 0 0 0 0 0 7 7 7 34 34 34 51 51 48 48 48 55 55 60 60 60 76 76 76 97 97 77 77 77 60 60 53 53 53 40 40 40 24 24 14 14 14 27 27 27 46 46 49 49 49 59 59
67 63 63 63 64 64 58 58 58 51 51 51 59 59 62 62 62 75 75 76 76 76 66 66 66 69 69 61 61 61 0 0 0 0 0 0 0 0 0 0 7 7 7 34 34 34 51 51 48 48 48 55 55 60 60 60 76 76 76 97 97 77 77 77 60 60 53 53 53 40 40 40 24 24 14 14 14 27 27 27 46 46 49 49 49 59 59
67 63 63 63 64 64 58 58 58 51 51 51 59 59 62 62 62 75 75 76 76 76 66 66 66 69 69 61 61 61 0 0 0 0 0 0 0 0 0 0 7 7 7 34 34 34 51 51 48 48 48 55 55 60 60 60 76 76 76 97 97 77 77 77 60 60 53 53 53 40 40 40 24 24 14 14 14 27 27 27 46 46 49 49 49 59 59
73 63 63 63 57 57 52 52 52 51 51 51 62 62 65 65 65 74 74 73 73 73 65 65 65 67 67 54 54 54 0 0 0 0 0 0 0 0 0 0 11 11 11 31 31 31 43 43 43 43 43 53 53 61 61 61 76 76 76 87 87 62 62 62 50 50 49 49 49 42 42 42 0 0 0 0 0 0 0 0 0 0 0 0 0 0 0
73 63 63 63 57 57 52 52 52 51 51 51 62 62 65 65 65 74 74 73 73 73 65 65 65 67 67 54 54 54 0 0 0 0 0 0 0 0 0 0 11 11 11 31 31 31 43 43 43 43 43 53 53 61 61 61 76 76 76 87 87 62 62 62 50 50 49 49 49 42 42 42 0 0 0 0 0 0 0 0 0 0 0 0 0 0 0
73 63 63 63 57 57 52 52 52 51 51 51 62 62 65 65 65 74 74 73 73 73 65 65 65 67 67 54 54 54 0 0 0 0 0 0 0 0 0 0 11 11 11 31 31 31 43 43 43 43 43 53 53 61 61 61 76 76 76 87 87 62 62 62 50 50 49 49 49 42 42 42 0 0 0 0 0 0 0 0 0 0 0 0 0 0 0
73 56 56 56 52 52 52 52 52 55 55 55 66 66 67 67 67 72 72 71 71 71 65 65 65 63 63 0 0 0 0 0 0 0 0 0 0 0 0 0 5 5 5 21 21 21 44 44 52 52 52 56 56 62 62 62 71 71 71 73 73 54 54 54 48 48 50 50 50 42 42 42 0 0 0 0 0 0 0 0 0 0 0 0 0 0 0
73 56 56 56 52 52 52 52 52 55 55 55 66 66 67 67 67 72 72 71 71 71 65 65 65 63 63 0 0 0 0 0 0 0 0 0 0 0 0 0 5 5 5 21 21 21 44 44 52 52 52 56 56 62 62 62 71 71 71 73 73 54 54 54 48 48 50 50 50 42 42 42 0 0 0 0 0 0 0 0 0 0 0 0 0 0 0
66 49 49 49 50 50 52 52 52 54 54 54 65 65 66 66 66 69 69 70 70 70 63 63 63 55 55 0 0 0 0 0 0 0 0 0 0 0 0 0 2 2 2 12 12 12 45 45 61 61 61 56 56 57 57 57 58 58 58 60 60 53 53 53 51 51 52 52 52 41 41 41 33 33 0 0 0 0 0 0 0 0 0 0 0 0 0
66 49 49 49 50 50 52 52 52 54 54 54 65 65 66 66 66 69 69 70 70 70 63 63 63 55 55 0 0 0 0 0 0 0 0 0 0 0 0 0 2 2 2 12 12 12 45 45 61 61 61 56 56 57 57 57 58 58 58 60 60 53 53 53 51 51 52 52 52 41 41 41 33 33 0 0 0 0 0 0 0 0 0 0 0 0 0
66 49 49 49 50 50 52 52 52 54 54 54 65 65 66 66 66 69 69 70 70 70 63 63 63 55 55 0 0 0 0 0 0 0 0 0 0 0 0 0 2 2 2 12 12 12 45 45 61 61 61 56 56 57 57 57 58 58 58 60 60 53 53 53 51 51 52 52 52 41 41 41 33 33 0 0 0 0 0 0 0 0 0 0 0 0 0
58 46 46 46 50 50 49 49 49 49 49 49 61 61 59 59 59 64 64 65 65 65 55 55 55 43 43 0 0 0 0 0 0 0 0 0 0 0 0 0 3 3 3 7 7 7 35 35 49 49 49 47 47 48 48 48 45 45 45 52 52 55 55 55 55 55 52 52 52 39 39 39 32 32 30 30 30 30 30 30 30 30 0 0 0 0 0
58 46 46 46 50 50 49 49 49 49 49 49 61 61 59 59 59 64 64 65 65 65 55 55 55 43 43 0 0 0 0 0 0 0 0 0 0 0 0 0 3 3 3 7 7 7 35 35 49 49 49 47 47 48 48 48 45 45 45 52 52 55 55 55 55 55 52 52 52 39 39 39 32 32 30 30 30 30 30 30 30 30 0 0 0 0 0
59 53 53 53 56 56 51 51 51 49 49 49 60 60 57 57 57 61 61 62 62 62 49 49 49 37 37 17 17 17 6 6 0 0 0 0 0 0 4 4 6 6 6 8 8 8 25 25 37 37 37 44 44 46 46 46 45 45 45 58 58 63 63 63 62 62 58 58 58 43 43 43 37 37 35 35 35 32 32 32 32 32 29 29 29 43 43
59 53 53 53 56 56 51 51 51 49 49 49 60 60 57 57 57 61 61 62 62 62 49 49 49 37 37 17 17 17 6 6 0 0 0 0 0 0 4 4 6 6 6 8 8 8 25 25 37 37 37 44 44 46 46 46 45 45 45 58 58 63 63 63 62 62 58 58 58 43 43 43 37 37 35 35 35 32 32 32 32 32 29 29 29 -9999 -9999
59 53 53 53 56 56 51 51 51 49 49 49 60 60 57 57 57 61 61 62 62 62 49 49 49 37 37 17 17 17 6 6 0 0 0 0 0 0 4 4 6 6 6 8 8 8 25 25 37 37 37 44 44 46 46 46 45 45 45 58 58 63 63 63 62 62 58 58 58 43 43 43 37 37 35 35 35 32 32 32 32 32 29 29 -9999 -9999 -9999
64 60 60 60 60 60 52 52 52 43 43 43 55 55 55 55 55 53 53 50 50 50 41 41 41 35 35 20 20 20 12 12 0 0 0 0 0 0 8 8 11 11 11 10 10 10 16 16 28 28 28 40 40 42 42 42 67 67 67 85 85 58 58 58 54 54 62 62 62 48 48 48 42 42 57 57 57 57 57 -9999 -9999 -9999 -9999 -9999 -9999 -9999 -9999
64 60 60 60 60 60 52 52 52 43 43 43 55 55 55 55 55 53 53 50 50 50 41 41 41 35 35 20 20 20 12 12 0 0 0 0 0 0 8 8 11 11 11 10 10 10 16 16 28 28 28 40 40 42 42 42 67 -9999 -9999 -9999 -9999 -9999 58 58 54 54 62 62 62 48 48 48 42 42 57 -9999 -9999 -9999 -9999 -9999 -9999 -9999 -9999 -9999 -9999 -9999 -9999
64 60 60 60 60 60 52 52 52 43 43 43 55 55 55 55 55 53 53 50 50 50 41 41 41 35 35 20 20 20 12 12 0 0 0 0 0 0 8 8 11 11 11 10 10 10 16 16 28 28 28 40 40 42 42 42 -9999 -9999 -9999 -9999 -9999 -9999 -9999 -9999 -9999 54 62 62 62 48 48 48 -9999 -9999 -9999 -9999 -9999 -9999 -9999 -9999 -9999 -9999 -9999 -9999 -9999 -9999 -9999
70 62 62 62 60 60 52 52 52 34 34 34 45 45 55 55 55 48 48 37 37 37 36 36 36 40 40 29 29 29 19 19 13 13 13 0 0 0 11 11 18 18 18 20 20 20 16 16 24 24 24 40 40 42 42 42 -9999 -9999 -9999 -9999 -9999 -9999 -9999 -9999 -9999 -9999 -9999 -9999 -9999 -9999 -9999 -9999 -9999 -9999 -9999 -9999 -9999 -9999 -9999 -9999 -9999 -9999 -9999 -9999 -9999 -9999 -9999
70 62 62 62 60 60 52 52 52 34 34 34 45 45 55 55 55 48 48 37 37 37 36 36 36 40 40 29 29 29 19 19 13 13 13 0 0 0 11 11 18 18 18 20 20 20 16 16 24 24 24 40 40 42 42 42 -9999 -9999 -9999 -9999 -9999 -9999 -9999 -9999 -9999 -9999 -9999 -9999 -9999 -9999 -9999 -9999 -9999 -9999 -9999 -9999 -9999 -9999 -9999 -9999 -9999 -9999 -9999 -9999 -9999 -9999 -9999
73 64 64 64 56 56 46 46 46 24 24 24 31 31 49 49 49 49 49 37 37 37 33 33 33 42 42 38 38 38 27 27 0 0 0 0 0 0 13 13 22 22 22 28 28 28 27 27 30 30 30 45 45 48 48 48 95 -9999 -9999 -9999 -9999 -9999 -9999 -9999 -9999 -9999 -9999 -9999 -9999 -9999 -9999 -9999 -9999 -9999 -9999 -9999 -9999 -9999 -9999 -9999 -9999 -9999 -9999 -9999 -9999 -9999 -9999
73 64 64 64 56 56 46 46 46 24 24 24 31 31 49 49 49 49 49 37 37 37 33 33 33 42 42 38 38 38 27 27 0 0 0 0 0 0 13 13 22 22 22 28 28 28 27 27 30 30 30 45 45 48 48 48 95 95 -9999 -9999 -9999 57 -9999 -9999 -9999 -9999 -9999 -9999 -9999 -9999 -9999 -9999 -9999 -9999 -9999 -9999 -9999 -9999 -9999 -9999 -9999 -9999 -9999 -9999 -9999 -9999 -9999
73 64 64 64 56 56 46 46 46 24 24 24 31 31 49 49 49 49 49 37 37 37 33 33 33 42 42 38 38 38 27 27 0 0 0 0 0 0 13 13 22 22 22 28 28 28 27 27 30 30 30 45 45 48 48 48 95 95 95 108 108 57 57 -9999 -9999 -9999 -9999 -9999 -9999 -9999 -9999 -9999 -9999 -9999 -9999 -9999 -9999 -9999 -9999 -9999 -9999 -9999 -9999 -9999 -9999 -9999 -9999
69 62 62 62 48 48 33 33 33 20 20 20 0 0 32 32 32 50 50 47 47 47 36 36 36 38 38 37 37 37 34 34 28 28 28 0 0 0 16 16 21 21 21 29 29 29 45 45 47 47 47 53 53 51 51 51 65 65 65 90 90 70 70 70 -9999 -9999 -9999 -9999 -9999 -9999 -9999 -9999 -9999 -9999 -9999 -9999 -9999 -9999 -9999 -9999 -9999 -9999 -9999 -9999 -9999 -9999 -9999
69 62 62 62 48 48 33 33 33 20 20 20 0 0 32 32 32 50 50 47 47 47 36 36 36 38 38 37 37 37 34 34 28 28 28 0 0 0 16 16 21 21 21 29 29 29 45 45 47 47 47 53 53 51 51 51 65 65 65 90 90 70 70 70 46 46 -9999 -9999 -9999 -9999 -9999 -9999 -9999 -9999 -9999 -9999 -9999 -9999 -9999 -9999 -9999 -9999 -9999 -9999 -9999 -9999 -9999
69 62 62 62 48 48 33 33 33 20 20 20 0 0 32 32 32 50 50 47 47 47 36 36 36 38 38 37 37 37 34 34 28 28 28 0 0 0 16 16 21 21 21 29 29 29 45 45 47 47 47 53 53 51 51 51 65 65 65 90 90 70 70 70 46 46 63 63 63 66 66 66 -9999 -9999 -9999 -9999 -9999 -9999 -9999 -9999 -9999 -9999 -9999 -9999 -9999 -9999 -9999
63 57 57 57 48 48 34 34 34 22 22 22 19 19 22 22 22 53 53 62 62 62 51 51 51 49 49 38 38 38 39 39 42 42 42 0 0 0 17 17 20 20 20 34 34 34 64 64 71 71 71 63 63 51 51 51 50 50 50 64 64 51 51 51 37 37 67 67 67 69 69 69 42 42 -9999 -9999 -9999 -9999 -9999 -9999 -9999 -9999 -9999 -9999 -9999 -9999 -9999
63 57 57 57 48 48 34 34 34 22 22 22 19 19 22 22 22 53 53 62 62 62 51 51 51 49 49 38 38 38 39 39 42 42 42 0 0 0 17 17 20 20 20 34 34 34 64 64 71 71 71 63 63 51 51 51 50 50 50 64 64 51 51 51 37 37 67 67 67 69 69 69 42 42 0 0 -9999 -9999 -9999 -9999 -9999 -9999 -9999 -9999 -9999 -9999 -9999
54 46 46 46 50 50 42 42 42 21 21 21 0 0 21 21 21 53 53 72 72 72 64 64 64 61 61 46 46 46 36 36 39 39 39 0 0 0 10 10 20 20 20 44 44 44 76 76 82 82 82 68 68 52 52 52 44 44 44 43 43 33 33 33 34 34 56 56 56 54 54 54 37 37 54 54 54 54 54 54 -9999 -9999 -9999 -9999 -9999 -9999 -9999
