SEB_model/sample_data_files/contemp/hillshade/sepnoon.txt
ncols         313
nrows         278
xllcorner     388961.19995117
yllcorner     7584381.3441773
cellsize      5
NODATA_value  -9999
[rows 160 to 199 of 278, columns 0 to 90 of 313]
-9999 -9999 -9999 -9999 -9999 -9999 -9999 -9999 -9999 -9999 -9999 -9999 -9999 -9999 -9999 -9999 -9999 63 0 0 0 30 30 26 26 26 19 19 -9999 -9999 -9999 -9999 -9999 -9999 -9999 -9999 -9999 -9999 -9999 -9999 -9999 -9999 -9999 -9999 -9999 -9999 -9999 -9999 -9999 59 59 59 0 0 0 0 0 56 56 56 63 63 63 67 67 74 74 74 71 71 53 53 53 37 37 37 0 0 45 45 45 52 52 49 49 49 52 52 52 53 53
-9999 -9999 -9999 -9999 -9999 -9999 -9999 -9999 -9999 -9999 -9999 -9999 -9999 -9999 -9999 -9999 63 63 0 0 0 30 30 26 26 26 19 19 19 -9999 -9999 -9999 -9999 -9999 -9999 -9999 -9999 -9999 -9999 -9999 -9999 -9999 -9999 -9999 -9999 -9999 -9999 -9999 67 59 59 59 0 0 0 0 0 56 56 56 63 63 63 67 67 74 74 74 71 71 53 53 53 37 37 37 0 0 45 45 45 52 52 49 49 49 52 52 52 53 53
-9999 -9999 -9999 -9999 -9999 -9999 -9999 -9999 -9999 -9999 -9999 -9999 -9999 -9999 -9999 -9999 63 63 0 0 0 30 30 26 26 26 19 19 19 0 -9999 -9999 -9999 -9999 -9999 -9999 -9999 -9999 -9999 -9999 -9999 -9999 -9999 -9999 -9999 -9999 -9999 67 67 59 59 59 0 0 0 0 0 56 56 56 63 63 63 67 67 74 74 74 71 71 53 53 53 37 37 37 0 0 45 45 45 52 52 49 49 49 52 52 52 53 53
-9999 -9999 -9999 -9999 -9999 -9999 -9999 -9999 -9999 -9999 -9999 -9999 -9999 -9999 -9999 -9999 -9999 68 56 56 56 65 65 76 76 76 61 61 61 32 32 -9999 -9999 -9999 -9999 -9999 -9999 -9999 -9999 -9999 -9999 -9999 -9999 -9999 -9999 -9999 63 52 52 39 39 39 26 26 26 26 26 37 37 37 34 34 34 33 33 52 52 52 65 65 61 61 61 45 45 45 28 28 27 27 27 37 37 46 46 46 53 53 53 49 49
-9999 -9999 -9999 -9999 -9999 -9999 -9999 -9999 -9999 -9999 -9999 -9999 -9999 -9999 -9999 -9999 -9999 68 56 56 56 65 65 76 76 76 61 61 61 32 32 0 -9999 -9999 -9999 -9999 -9999 -9999 -9999 -9999 -9999 -9999 -9999 -9999 -9999 63 63 52 52 39 39 39 26 26 26 26 26 37 37 37 34 34 34 33 33 52 52 52 65 65 61 61 61 45 45 45 28 28 27 27 27 37 37 46 46 46 53 53 53 49 49
-9999 -9999 -9999 -9999 -9999 -9999 -9999 -9999 -9999 -9999 -9999 -9999 -9999 -9999 -9999 -9999 86 86 86 86 86 85 85 86 86 86 87 87 87 72 72 43 43 -9999 -9999 -9999 -9999 -9999 -9999 -9999 -9999 -9999 -9999 -9999 -9999 80 80 68 68 65 65 65 66 66 66 51 51 40 40 40 38 38 38 33 33 34 34 34 52 52 74 74 74 76 76 76 61 61 47 47 47 39 39 44 44 44 60 60 60 59 59
-9999 -9999 -9999 -9999 -9999 -9999 -9999 -9999 -9999 -9999 -9999 -9999 -9999 -9999 -9999 -9999 -9999 86 86 86 86 85 85 86 86 86 87 87 87 72 72 43 43 43 -9999 -9999 -9999 -9999 -9999 -9999 -9999 -9999 -9999 -9999 80 80 80 68 68 65 65 65 66 66 66 51 51 40 40 40 38 38 38 33 33 34 34 34 52 52 74 74 74 76 76 76 61 61 47 47 47 39 39 44 44 44 60 60 60 59 59
-9999 -9999 -9999 -9999 -9999 -9999 -9999 -9999 -9999 -9999 -9999 -9999 -9999 -9999 -9999 -9999 -9999 86 86 86 86 85 85 86 86 86 87 87 87 72 72 43 43 43 0 0 -9999 -9999 -9999 -9999 -9999 -9999 -9999 80 80 80 80 68 68 65 65 65 66 66 66 51 51 40 40 40 38 38 38 33 33 34 34 34 52 52 74 74 74 76 76 76 61 61 47 47 47 39 39 44 44 44 60 60 60 59 59
-9999 -9999 -9999 -9999 -9999 -9999 -9999 -9999 -9999 -9999 -9999 -9999 -9999 -9999 -9999 -9999 -9999 96 96 96 96 94 94 96 96 96 98 98 98 98 98 83 83 83 55 55 45 45 -9999 -9999 -9999 -9999 47 47 59 59 59 75 75 68 68 68 55 55 55 46 46 53 53 53 55 55 55 43 43 32 32 32 33 33 56 56 56 77 77 77 73 73 63 63 63 48 48 33 33 33 0 0 0 50 50
-9999 -9999 -9999 -9999 -9999 -9999 -9999 -9999 -9999 -9999 -9999 -9999 -9999 -9999 -9999 -9999 -9999 96 96 96 96 94 94 96 96 96 98 98 98 98 98 83 83 83 55 55 45 45 45 49 49 49 47 47 59 59 59 75 75 68 68 68 55 55 55 46 46 53 53 53 55 55 55 43 43 32 32 32 33 33 56 56 56 77 77 77 73 73 63 63 63 48 48 33 33 33 0 0 0 50 50
-9999 -9999 -9999 -9999 -9999 -9999 -9999 -9999 -9999 -9999 -9999 -9999 -9999 -9999 -9999 -9999 -9999 96 96 96 96 94 94 96 96 96 98 98 98 98 98 83 83 83 55 55 45 45 45 49 49 49 47 47 59 59 59 75 75 68 68 68 55 55 55 46 46 53 53 53 55 55 55 43 43 32 32 32 33 33 56 56 56 77 77 77 73 73 63 63 63 48 48 33 33 33 0 0 0 50 50
-9999 -9999 -9999 -9999 -9999 -9999 -9999 -9999 -9999 -9999 -9999 -9999 -9999 -9999 -9999 -9999 107 107 104 104 104 99 99 101 101 101 103 103 103 104 104 106 106 106 96 96 74 74 74 63 63 63 55 55 57 57 57 69 69 66 66 66 60 60 60 62 62 61 61 61 54 54 54 48 48 44 44 44 30 30 25 25 25 43 43 43 64 64 68 68 68 53 53 30 30 30 20 20 20 37 37
-9999 -9999 -9999 -9999 -9999 -9999 -9999 -9999 -9999 -9999 -9999 -9999 -9999 -9999 -9999 107 107 107 104 104 104 99 99 101 101 101 103 103 103 104 104 106 106 106 96 96 74 74 74 63 63 63 55 55 57 57 57 69 69 66 66 66 60 60 60 62 62 61 61 61 54 54 54 48 48 44 44 44 30 30 25 25 25 43 43 43 64 64 68 68 68 53 53 30 30 30 20 20 20 37 37
-9999 -9999 -9999 -9999 -9999 -9999 -9999 -9999 -9999 -9999 -9999 -9999 -9999 -9999 101 89 89 89 96 96 96 105 105 107 107 107 109 109 109 110 110 113 113 113 115 115 116 116 116 113 113 113 106 106 99 99 99 88 88 80 80 80 86 86 86 86 86 75 75 75 65 65 65 57 57 54 54 54 45 45 30 30 30 29 29 29 50 50 71 71 71 67 67 53 53 53 44 44 44 39 39
-9999 -9999 -9999 -9999 -9999 -9999 -9999 -9999 -9999 -9999 -9999 -9999 -9999 101 101 89 89 89 96 96 96 105 105 107 107 107 109 109 109 110 110 113 113 113 115 115 116 116 116 113 113 113 106 106 99 99 99 88 88 80 80 80 86 86 86 86 86 75 75 75 65 65 65 57 57 54 54 54 45 45 30 30 30 29 29 29 50 50 71 71 71 67 67 53 53 53 44 44 44 39 39
-9999 -9999 -9999 -9999 -9999 -9999 -9999 -9999 -9999 -9999 -9999 106 106 101 101 89 89 89 96 96 96 105 105 107 107 107 109 109 109 110 110 113 113 113 115 115 116 116 116 113 113 113 106 106 99 99 99 88 88 80 80 80 86 86 86 86 86 75 75 75 65 65 65 57 57 54 54 54 45 45 30 30 30 29 29 29 50 50 71 71 71 67 67 53 53 53 44 44 44 39 39
-9999 -9999 -9999 -9999 -9999 -9999 -9999 -9999 -9999 -9999 -9999 99 99 77 77 72 72 72 93 93 93 107 107 109 109 109 111 111 111 113 113 114 114 114 115 115 115 115 115 113 113 113 108 108 102 102 102 100 100 101 101 101 97 97 97 86 86 81 81 81 80 80 80 69 69 54 54 54 45 45 43 43 43 38 38 38 39 39 56 56 56 75 75 76 76 76 67 67 67 49 49
-9999 -9999 -9999 -9999 -9999 -9999 -9999 -9999 -9999 -9999 99 99 99 77 77 72 72 72 93 93 93 107 107 109 109 109 111 111 111 113 113 114 114 114 115 115 115 115 115 113 113 113 108 108 102 102 102 100 100 101 101 101 97 97 97 86 86 81 81 81 80 80 80 69 69 54 54 54 45 45 43 43 43 38 38 38 39 39 56 56 56 75 75 76 76 76 67 67 67 49 49
-9999 -9999 -9999 -9999 -9999 -9999 -9999 -9999 -9999 103 99 99 99 77 77 72 72 72 93 93 93 107 107 109 109 109 111 111 111 113 113 114 114 114 115 115 115 115 115 113 113 113 108 108 102 102 102 100 100 101 101 101 97 97 97 86 86 81 81 81 80 80 80 69 69 54 54 54 45 45 43 43 43 38 38 38 39 39 56 56 56 75 75 76 76 76 67 67 67 49 49
-9999 -9999 -9999 -9999 -9999 -9999 -9999 -9999 -9999 94 73 73 73 72 72 94 94 94 107 107 107 111 111 115 115 115 117 117 117 116 116 112 112 112 111 111 112 112 112 113 113 113 109 109 104 104 104 108 108 110 110 110 102 102 102 90 90 84 84 84 81 81 81 78 78 71 71 71 60 60 56 56 56 51 51 51 46 46 55 55 55 76 76 87 87 87 79 79 79 63 63
-9999 -9999 -9999 -9999 -9999 -9999 -9999 -9999 -9999 94 73 73 73 72 72 94 94 94 107 107 107 111 111 115 115 115 117 117 117 116 116 112 112 112 111 111 112 112 112 113 113 113 109 109 104 104 104 108 108 110 110 110 102 102 102 90 90 84 84 84 81 81 81 78 78 71 71 71 60 60 56 56 56 51 51 51 46 46 55 55 55 76 76 87 87 87 79 79 79 63 63
-9999 -9999 -9999 -9999 -9999 -9999 -9999 -9999 97 97 85 85 85 95 95 108 108 108 113 113 113 119 119 125 125 125 125 125 125 117 117 108 108 108 108 108 113 113 113 113 113 113 113 113 118 118 118 115 115 106 106 106 105 105 105 100 100 91 91 91 84 84 84 86 86 94 94 94 91 91 81 81 81 68 68 68 57 57 64 64 64 73 73 81 81 81 86 86 86 80 80
-9999 -9999 -9999 -9999 -9999 -9999 -9999 -9999 97 97 85 85 85 95 95 108 108 108 113 113 113 119 119 125 125 125 125 125 125 117 117 108 108 108 108 108 113 113 113 113 113 113 113 113 118 118 118 115 115 106 106 106 105 105 105 100 100 91 91 91 84 84 84 86 86 94 94 94 91 91 81 81 81 68 68 68 57 57 64 64 64 73 73 81 81 81 86 86 86 80 80
-9999 -9999 -9999 -9999 -9999 -9999 -9999 -9999 97 97 85 85 85 95 95 108 108 108 113 113 113 119 119 125 125 125 125 125 125 117 117 108 108 108 108 108 113 113 113 113 113 113 113 113 118 118 118 115 115 106 106 106 105 105 105 100 100 91 91 91 84 84 84 86 86 94 94 94 91 91 81 81 81 68 68 68 57 57 64 64 64 73 73 81 81 81 86 86 86 80 80
-9999 -9999 -9999 -9999 -9999 -9999 -9999 105 111 111 110 110 110 107 107 112 112 112 116 116 116 123 123 130 130 130 129 129 129 119 119 111 111 111 111 111 114 114 114 115 115 115 118 118 115 115 115 100 100 88 88 88 91 91 91 97 97 97 97 97 93 93 93 89 89 96 96 96 103 103 100 100 100 89 89 89 76 76 76 76 76 74 74 70 70 70 73 73 73 73 73
-9999 -9999 -9999 -9999 -9999 -9999 -9999 105 111 111 110 110 110 107 107 112 112 112 116 116 116 123 123 130 130 130 129 129 129 119 119 111 111 111 111 111 114 114 114 115 115 115 118 118 115 115 115 100 100 88 88 88 91 91 91 97 97 97 97 97 93 93 93 89 89 96 96 96 103 103 100 100 100 89 89 89 76 76 76 76 76 74 74 70 70 70 73 73 73 73 73
-9999 -9999 -9999 -9999 -9999 -9999 -9999 104 109 109 108 108 108 105 105 109 109 109 115 115 115 121 121 127 127 127 125 125 125 119 119 116 116 116 116 116 121 121 121 122 122 122 117 117 102 102 102 89 89 83 83 83 81 81 81 86 86 98 98 98 102 102 102 98 98 101 101 101 110 110 119 119 119 121 121 121 111 111 102 102 102 95 95 87 87 87 80 80 80 72 72
-9999 -9999 -9999 -9999 -9999 -9999 -9999 104 109 109 108 108 108 105 105 109 109 109 115 115 115 121 121 127 127 127 125 125 125 119 119 116 116 116 116 116 121 121 121 122 122 122 117 117 102 102 102 89 89 83 83 83 81 81 81 86 86 98 98 98 102 102 102 98 98 101 101 101 110 110 119 119 119 121 121 121 111 111 102 102 102 95 95 87 87 87 80 80 80 72 72
-9999 -9999 -9999 -9999 -9999 -9999 -9999 104 109 109 108 108 108 105 105 109 109 109 115 115 115 121 121 127 127 127 125 125 125 119 119 116 116 116 116 116 121 121 121 122 122 122 117 117 102 102 102 89 89 83 83 83 81 81 81 86 86 98 98 98 102 102 102 98 98 101 101 101 110 110 119 119 119 121 121 121 111 111 102 102 102 95 95 87 87 87 80 80 80 72 72
-9999 -9999 -9999 -9999 -9999 -9999 92 92 82 82 93 93 93 102 102 104 104 104 110 110 110 114 114 117 117 117 117 117 117 119 119 120 120 120 120 120 132 132 132 130 130 130 115 115 106 106 106 104 104 100 100 100 95 95 95 87 87 89 89 89 100 100 100 108 108 114 114 114 116 116 123 123 123 133 133 133 132 132 129 129 129 122 122 115 115 115 105 105 105 87 87
-9999 -9999 -9999 -9999 -9999 -9999 92 92 82 82 93 93 93 102 102 104 104 104 110 110 110 114 114 117 117 117 117 117 117 119 119 120 120 120 120 120 132 132 132 130 130 130 115 115 106 106 106 104 104 100 100 100 95 95 95 87 87 89 89 89 100 100 100 108 108 114 114 114 116 116 123 123 123 133 133 133 132 132 129 129 129 122 122 115 115 115 105 105 105 87 87
-9999 -9999 -9999 -9999 -9999 -9999 92 92 82 82 93 93 93 102 102 104 104 104 110 110 110 114 114 117 117 117 117 117 117 119 119 120 120 120 120 120 132 132 132 130 130 130 115 115 106 106 106 104 104 100 100 100 95 95 95 87 87 89 89 89 100 100 100 108 108 114 114 114 116 116 123 123 123 133 133 133 132 132 129 129 129 122 122 115 115 115 105 105 105 87 87
-9999 -9999 -9999 -9999 -9999 -9999 -9999 106 104 104 102 102 102 99 99 100 100 100 103 103 103 103 103 109 109 109 115 115 115 122 122 124 124 124 122 122 126 126 126 118 118 118 109 109 107 107 107 106 106 104 104 104 103 103 103 96 96 88 88 88 94 94 94 108 108 114 114 114 110 110 112 112 112 121 121 121 124 124 122 122 122 112 112 103 103 103 100 100 100 91 91
-9999 -9999 -9999 -9999 -9999 -9999 -9999 106 104 104 102 102 102 99 99 100 100 100 103 103 103 103 103 109 109 109 115 115 115 122 122 124 124 124 122 122 126 126 126 118 118 118 109 109 107 107 107 106 106 104 104 104 103 103 103 96 96 88 88 88 94 94 94 108 108 114 114 114 110 110 112 112 112 121 121 121 124 124 122 122 122 112 112 103 103 103 100 100 100 91 91
-9999 -9999 -9999 -9999 -9999 -9999 -9999 -9999 137 137 134 134 134 110 110 95 95 95 94 94 94 94 94 103 103 103 115 115 115 126 126 132 132 132 122 122 113 113 113 109 109 109 110 110 111 111 111 110 110 108 108 108 106 106 106 102 102 100 100 100 96 96 96 95 95 104 104 104 108 108 112 112 112 111 111 111 101 101 89 89 89 73 73 61 61 61 60 60 60 63 63
-9999 -9999 -9999 -9999 -9999 -9999 -9999 -9999 -9999 -9999 134 134 134 110 110 95 95 95 94 94 94 94 94 103 103 103 115 115 115 126 126 132 132 132 122 122 113 113 113 109 109 109 110 110 111 111 111 110 110 108 108 108 106 106 106 102 102 100 100 100 96 96 96 95 95 104 104 104 108 108 112 112 112 111 111 111 101 101 89 89 89 73 73 61 61 61 60 60 60 63 63
-9999 -9999 -9999 -9999 -9999 -9999 -9999 -9999 -9999 -9999 -9999 -9999 -9999 110 110 95 95 95 94 94 94 94 94 103 103 103 115 115 115 126 126 132 132 132 122 122 113 113 113 109 109 109 110 110 111 111 111 110 110 108 108 108 106 106 106 102 102 100 100 100 96 96 96 95 95 104 104 104 108 108 112 112 112 111 111 111 101 101 89 89 89 73 73 61 61 61 60 60 60 63 63
-9999 -9999 -9999 -9999 -9999 -9999 -9999 -9999 -9999 -9999 -9999 -9999 -9999 -9999 -9999 126 126 126 100 100 100 87 87 98 98 98 118 118 118 136 136 136 136 136 119 119 111 111 111 115 115 115 117 117 118 118 118 115 115 111 111 111 110 110 110 110 110 110 110 110 102 102 102 89 89 91 91 91 104 104 115 115 115 109 109 109 91 91 77 77 77 60 60 43 43 43 36 36 36 41 41
-9999 -9999 -9999 -9999 -9999 -9999 -9999 -9999 -9999 -9999 -9999 -9999 -9999 -9999 -9999 126 126 126 100 100 100 87 87 98 98 98 118 118 118 136 136 136 136 136 119 119 111 111 111 115 115 115 117 117 118 118 118 115 115 111 111 111 110 110 110 110 110 110 110 110 102 102 102 89 89 91 91 91 104 104 115 115 115 109 109 109 91 91 77 77 77 60 60 43 43 43 36 36 36 41 41
-9999 -9999 -9999 -9999 -9999 -9999 -9999 -9999 -9999 -9999 -9999 -9999 -9999 -9999 -9999 -9999 130 130 105 105 105 88 88 97 97 97 114 114 114 127 127 122 122 122 110 110 110 110 110 115 115 115 116 116 116 116 116 113 113 109 109 109 112 112 112 113 113 109 109 109 104 104 104 95 95 88 88 88 89 89 95 95 95 88 88 88 75 75 69 69 69 60 60 50 50 50 48 48 48 59 59
