SEB_model/sample_data_files/contemp/hillshade/sepnoon.txt
ncols         313
nrows         278
xllcorner     388961.19995117
yllcorner     7584381.3441773
cellsize      5
NODATA_value  -9999
[rows 200 to 239 of 278, columns 0 to 90 of 313]
-9999 -9999 -9999 -9999 -9999 -9999 -9999 -9999 -9999 -9999 -9999 -9999 -9999 -9999 -9999 -9999 130 130 105 105 105 88 88 97 97 97 114 114 114 127 127 122 122 122 110 110 110 110 110 115 115 115 116 116 116 116 116 113 113 109 109 109 112 112 112 113 113 109 109 109 104 104 104 95 95 88 88 88 89 89 95 95 95 88 88 88 75 75 69 69 69 60 60 50 50 50 48 48 48 59 59
-9999 -9999 -9999 -9999 -9999 -9999 -9999 -9999 -9999 -9999 -9999 -9999 -9999 -9999 -9999 -9999 -9999 130 105 105 105 88 88 97 97 97 114 114 114 127 127 122 122 122 110 110 110 110 110 115 115 115 116 116 116 116 116 113 113 109 109 109 112 112 112 113 113 109 109 109 104 104 104 95 95 88 88 88 89 89 95 95 95 88 88 88 75 75 69 69 69 60 60 50 50 50 48 48 48 59 59
-9999 -9999 -9999 -9999 -9999 -9999 -9999 -9999 -9999 -9999 -9999 -9999 -9999 -9999 -9999 -9999 -9999 104 102 102 102 94 94 99 99 99 107 107 107 114 114 119 119 119 114 114 110 110 110 114 114 114 114 114 112 112 112 108 108 106 106 106 109 109 109 108 108 104 104 104 101 101 101 100 100 104 104 104 96 96 77 77 77 65 65 65 59 59 57 57 57 53 53 53 53 53 67 67 67 79 79
-9999 -9999 -9999 -9999 -9999 -9999 -9999 -9999 -9999 -9999 -9999 -9999 -9999 -9999 -9999 -9999 -9999 104 102 102 102 94 94 99 99 99 107 107 107 114 114 119 119 119 114 114 110 110 110 114 114 114 114 114 112 112 112 108 108 106 106 106 109 109 109 108 108 104 104 104 101 101 101 100 100 104 104 104 96 96 77 77 77 65 65 65 59 59 57 57 57 53 53 53 53 53 67 67 67 79 79
-9999 -9999 -9999 -9999 -9999 -9999 -9999 -9999 -9999 -9999 -9999 -9999 -9999 -9999 -9999 -9999 -9999 104 102 102 102 94 94 99 99 99 107 107 107 114 114 119 119 119 114 114 110 110 110 114 114 114 114 114 112 112 112 108 108 106 106 106 109 109 109 108 108 104 104 104 101 101 101 100 100 104 104 104 96 96 77 77 77 65 65 65 59 59 57 57 57 53 53 53 53 53 67 67 67 79 79
-9999 -9999 -9999 -9999 -9999 -9999 -9999 -9999 -9999 -9999 -9999 -9999 -9999 -9999 -9999 -9999 -9999 113 111 111 111 102 102 100 100 100 101 101 101 110 110 124 124 124 121 121 108 108 108 106 106 106 108 108 109 109 109 107 107 102 102 102 97 97 97 93 93 93 93 93 95 95 95 102 102 113 113 113 100 100 73 73 73 63 63 63 59 59 54 54 54 55 55 65 65 65 78 78 78 83 83
-9999 -9999 -9999 -9999 -9999 -9999 -9999 -9999 -9999 -9999 -9999 -9999 -9999 -9999 -9999 -9999 113 113 111 111 111 102 102 100 100 100 101 101 101 110 110 124 124 124 121 121 108 108 108 106 106 106 108 108 109 109 109 107 107 102 102 102 97 97 97 93 93 93 93 93 95 95 95 102 102 113 113 113 100 100 73 73 73 63 63 63 59 59 54 54 54 55 55 65 65 65 78 78 78 83 83
-9999 -9999 -9999 -9999 -9999 -9999 -9999 -9999 -9999 -9999 -9999 -9999 -9999 -9999 -9999 -9999 120 120 119 119 119 108 108 101 101 101 99 99 99 103 103 116 116 116 118 118 106 106 106 99 99 99 101 101 106 106 106 107 107 102 102 102 93 93 93 85 85 81 81 81 90 90 90 100 100 99 99 99 83 83 75 75 75 76 76 76 71 71 68 68 68 81 81 94 94 94 91 91 91 85 85
-9999 -9999 -9999 -9999 -9999 -9999 -9999 -9999 -9999 -9999 -9999 -9999 -9999 -9999 -9999 120 120 120 119 119 119 108 108 101 101 101 99 99 99 103 103 116 116 116 118 118 106 106 106 99 99 99 101 101 106 106 106 107 107 102 102 102 93 93 93 85 85 81 81 81 90 90 90 100 100 99 99 99 83 83 75 75 75 76 76 76 71 71 68 68 68 81 81 94 94 94 91 91 91 85 85
-9999 -9999 -9999 -9999 -9999 -9999 -9999 -9999 -9999 -9999 -9999 -9999 -9999 -9999 116 120 120 120 119 119 119 108 108 101 101 101 99 99 99 103 103 116 116 116 118 118 106 106 106 99 99 99 101 101 106 106 106 107 107 102 102 102 93 93 93 85 85 81 81 81 90 90 90 100 100 99 99 99 83 83 75 75 75 76 76 76 71 71 68 68 68 81 81 94 94 94 91 91 91 85 85
-9999 -9999 -9999 -9999 -9999 -9999 -9999 -9999 -9999 -9999 -9999 -9999 111 89 89 90 90 90 109 109 109 110 110 102 102 102 99 99 99 100 100 107 107 107 116 116 113 113 113 106 106 106 104 104 104 104 104 103 103 102 102 102 99 99 99 93 93 90 90 90 95 95 95 92 92 82 82 82 80 80 85 85 85 81 81 81 76 76 89 89 89 102 102 104 104 104 102 102 102 90 90
-9999 -9999 -9999 -9999 -9999 -9999 -9999 -9999 -9999 -9999 111 111 111 89 89 90 90 90 109 109 109 110 110 102 102 102 99 99 99 100 100 107 107 107 116 116 113 113 113 106 106 106 104 104 104 104 104 103 103 102 102 102 99 99 99 93 93 90 90 90 95 95 95 92 92 82 82 82 80 80 85 85 85 81 81 81 76 76 89 89 89 102 102 104 104 104 102 102 102 90 90
-9999 -9999 -9999 -9999 -9999 -9999 -9999 -9999 119 119 111 111 111 89 89 90 90 90 109 109 109 110 110 102 102 102 99 99 99 100 100 107 107 107 116 116 113 113 113 106 106 106 104 104 104 104 104 103 103 102 102 102 99 99 99 93 93 90 90 90 95 95 95 92 92 82 82 82 80 80 85 85 85 81 81 81 76 76 89 89 89 102 102 104 104 104 102 102 102 90 90
-9999 -9999 -9999 -9999 -9999 110 110 110 88 88 78 78 78 79 79 88 88 88 105 105 105 108 108 101 101 101 97 97 97 96 96 101 101 101 110 110 112 112 112 106 106 106 102 102 99 99 99 98 98 99 99 99 101 101 101 106 106 112 112 112 106 106 106 88 88 76 76 76 77 77 79 79 79 78 78 78 84 84 99 99 99 104 104 99 99 99 98 98 98 87 87
-9999 -9999 -9999 118 118 110 110 110 88 88 78 78 78 79 79 88 88 88 105 105 105 108 108 101 101 101 97 97 97 96 96 101 101 101 110 110 112 112 112 106 106 106 102 102 99 99 99 98 98 99 99 99 101 101 101 106 106 112 112 112 106 106 106 88 88 76 76 76 77 77 79 79 79 78 78 78 84 84 99 99 99 104 104 99 99 99 98 98 98 87 87
-9999 -9999 89 89 89 82 82 82 83 83 93 93 93 115 115 123 123 123 118 118 118 110 110 103 103 103 98 98 98 96 96 96 96 96 102 102 109 109 109 105 105 105 100 100 98 98 98 96 96 96 96 96 106 106 106 120 120 127 127 127 114 114 114 91 91 80 80 80 70 70 53 53 53 59 59 59 83 83 94 94 94 95 95 92 92 92 85 85 85 76 76
-9999 109 89 89 89 82 82 82 83 83 93 93 93 115 115 123 123 123 118 118 118 110 110 103 103 103 98 98 98 96 96 96 96 96 102 102 109 109 109 105 105 105 100 100 98 98 98 96 96 96 96 96 106 106 106 120 120 127 127 127 114 114 114 91 91 80 80 80 70 70 53 53 53 59 59 59 83 83 94 94 94 95 95 92 92 92 85 85 85 76 76
-9999 109 89 89 89 82 82 82 83 83 93 93 93 115 115 123 123 123 118 118 118 110 110 103 103 103 98 98 98 96 96 96 96 96 102 102 109 109 109 105 105 105 100 100 98 98 98 96 96 96 96 96 106 106 106 120 120 127 127 127 114 114 114 91 91 80 80 80 70 70 53 53 53 59 59 59 83 83 94 94 94 95 95 92 92 92 85 85 85 76 76
110 110 90 90 90 93 93 93 121 121 133 133 133 131 131 129 129 129 127 127 127 121 121 112 112 112 105 105 105 99 99 95 95 95 96 96 105 105 105 105 105 105 98 98 98 98 98 105 105 113 113 113 123 123 123 126 126 119 119 119 104 104 104 88 88 78 78 78 76 76 79 79 79 75 75 75 65 65 70 70 70 82 82 83 83 83 74 74 74 66 66
110 110 90 90 90 93 93 93 121 121 133 133 133 131 131 129 129 129 127 127 127 121 121 112 112 112 105 105 105 99 99 95 95 95 96 96 105 105 105 105 105 105 98 98 98 98 98 105 105 113 113 113 123 123 123 126 126 119 119 119 104 104 104 88 88 78 78 78 76 76 79 79 79 75 75 75 65 65 70 70 70 82 82 83 83 83 74 74 74 66 66
115 115 115 115 115 115 115 115 125 125 133 133 133 132 132 129 129 129 129 129 129 127 127 120 120 120 111 111 111 102 102 95 95 95 90 90 92 92 92 96 96 96 95 95 101 101 101 113 113 123 123 123 124 124 124 114 114 98 98 98 89 89 89 86 86 82 82 82 93 93 117 117 117 113 113 113 78 78 56 56 56 55 55 59 59 59 65 65 65 66 66
115 115 115 115 115 115 115 115 125 125 133 133 133 132 132 129 129 129 129 129 129 127 127 120 120 120 111 111 111 102 102 95 95 95 90 90 92 92 92 96 96 96 95 95 101 101 101 113 113 123 123 123 124 124 124 114 114 98 98 98 89 89 89 86 86 82 82 82 93 93 117 117 117 113 113 113 78 78 56 56 56 55 55 59 59 59 65 65 65 66 66
-9999 115 115 115 115 115 115 115 125 125 133 133 133 132 132 129 129 129 129 129 129 127 127 120 120 120 111 111 111 102 102 95 95 95 90 90 92 92 92 96 96 96 95 95 101 101 101 113 113 123 123 123 124 124 124 114 114 98 98 98 89 89 89 86 86 82 82 82 93 93 117 117 117 113 113 113 78 78 56 56 56 55 55 59 59 59 65 65 65 66 66
-9999 119 130 130 130 118 118 118 114 114 130 130 130 137 137 133 133 133 128 128 128 127 127 122 122 122 113 113 113 104 104 96 96 96 87 87 82 82 82 89 89 89 100 100 106 106 106 107 107 108 108 108 107 107 107 99 99 91 91 91 85 85 85 87 87 102 102 102 109 109 104 104 104 107 107 107 103 103 72 72 72 35 35 0 0 0 0 0 0 0 0
-9999 -9999 130 130 130 118 118 118 114 114 130 130 130 137 137 133 133 133 128 128 128 127 127 122 122 122 113 113 113 104 104 96 96 96 87 87 82 82 82 89 89 89 100 100 106 106 106 107 107 108 108 108 107 107 107 99 99 91 91 91 85 85 85 87 87 102 102 102 109 109 104 104 104 107 107 107 103 103 72 72 72 35 35 0 0 0 0 0 0 0 0
-9999 -9999 -9999 130 130 118 118 118 114 114 130 130 130 137 137 133 133 133 128 128 128 127 127 122 122 122 113 113 113 104 104 96 96 96 87 87 82 82 82 89 89 89 100 100 106 106 106 107 107 108 108 108 107 107 107 99 99 91 91 91 85 85 85 87 87 102 102 102 109 109 104 104 104 107 107 107 103 103 72 72 72 35 35 0 0 0 0 0 0 0 0
-9999 -9999 -9999 -9999 140 142 142 142 122 122 122 122 122 136 136 135 135 135 124 124 124 117 117 115 115 115 109 109 109 101 101 95 95 95 87 87 81 81 81 84 84 84 95 95 101 101 101 99 99 95 95 95 93 93 93 92 92 91 91 91 91 91 91 97 97 110 110 110 110 110 99 99 99 96 96 96 99 99 90 90 90 65 65 35 35 35 5 5 5 0 0
-9999 -9999 -9999 -9999 -9999 142 142 142 122 122 122 122 122 136 136 135 135 135 124 124 124 117 117 115 115 115 109 109 109 101 101 95 95 95 87 87 81 81 81 84 84 84 95 95 101 101 101 99 99 95 95 95 93 93 93 92 92 91 91 91 91 91 91 97 97 110 110 110 110 110 99 99 99 96 96 96 99 99 90 90 90 65 65 35 35 35 5 5 5 0 0
-9999 -9999 -9999 -9999 -9999 137 137 137 123 123 109 109 109 118 118 126 126 126 122 122 122 113 113 109 109 109 106 106 106 101 101 98 98 98 95 95 92 92 92 88 88 88 88 88 93 93 93 92 92 82 82 82 78 78 78 83 83 92 92 92 103 103 103 111 111 105 105 105 98 98 95 95 95 88 88 88 85 85 93 93 93 94 94 87 87 87 86 86 86 79 79
-9999 -9999 -9999 -9999 -9999 137 137 137 123 123 109 109 109 118 118 126 126 126 122 122 122 113 113 109 109 109 106 106 106 101 101 98 98 98 95 95 92 92 92 88 88 88 88 88 93 93 93 92 92 82 82 82 78 78 78 83 83 92 92 92 103 103 103 111 111 105 105 105 98 98 95 95 95 88 88 88 85 85 93 93 93 94 94 87 87 87 86 86 86 79 79
-9999 -9999 -9999 -9999 -9999 137 137 137 123 123 109 109 109 118 118 126 126 126 122 122 122 113 113 109 109 109 106 106 106 -9999 -9999 -9999 -9999 -9999 95 95 92 92 92 88 88 88 88 88 93 93 93 92 92 82 82 82 78 78 78 83 83 92 92 92 103 103 103 111 111 105 105 105 98 98 95 95 95 88 88 88 85 85 93 93 93 94 94 87 87 87 86 86 86 79 79
-9999 -9999 -9999 -9999 -9999 -9999 119 119 115 115 104 104 104 102 102 109 109 109 116 116 116 125 125 145 -9999 -9999 -9999 -9999 -9999 -9999 -9999 -9999 -9999 -9999 -9999 -9999 -9999 150 150 144 144 144 128 128 100 100 100 82 82 76 76 76 71 71 71 78 78 96 96 96 112 112 112 114 114 105 105 105 95 95 87 87 87 83 83 83 82 82 82 82 82 86 86 99 99 99 112 112 112 105 105
-9999 -9999 -9999 -9999 -9999 -9999 119 119 115 115 104 104 104 102 102 109 109 109 116 116 116 -9999 -9999 -9999 -9999 -9999 -9999 -9999 -9999 -9999 -9999 -9999 -9999 -9999 -9999 -9999 -9999 -9999 -9999 -9999 -9999 144 128 128 100 100 100 82 82 76 76 76 71 71 71 78 78 96 96 96 112 112 112 114 114 105 105 105 95 95 87 87 87 83 83 83 82 82 82 82 82 86 86 99 99 99 112 112 112 105 105
-9999 -9999 -9999 -9999 -9999 -9999 -9999 134 149 149 148 148 148 135 135 123 123 123 140 -9999 -9999 -9999 -9999 -9999 -9999 -9999 -9999 -9999 -9999 -9999 -9999 -9999 -9999 -9999 -9999 -9999 -9999 -9999 -9999 -9999 -9999 156 140 140 104 104 104 76 76 73 73 73 76 76 76 82 82 93 93 93 104 104 104 108 108 107 107 107 103 103 98 98 98 94 94 94 88 88 80 80 80 91 91 116 116 116 116 116 116 99 99
-9999 -9999 -9999 -9999 -9999 -9999 -9999 -9999 -9999 -9999 -9999 -9999 -9999 135 135 123 123 -9999 -9999 -9999 -9999 -9999 -9999 -9999 -9999 -9999 -9999 -9999 -9999 -9999 -9999 -9999 -9999 -9999 -9999 -9999 -9999 -9999 -9999 -9999 -9999 156 140 140 104 104 104 76 76 73 73 73 76 76 76 82 82 93 93 93 104 104 104 108 108 107 107 107 103 103 98 98 98 94 94 94 88 88 80 80 80 91 91 116 116 116 116 116 116 99 99
-9999 -9999 -9999 -9999 -9999 -9999 -9999 -9999 -9999 -9999 -9999 -9999 -9999 -9999 -9999 -9999 -9999 -9999 -9999 -9999 -9999 -9999 -9999 -9999 -9999 -9999 -9999 -9999 -9999 -9999 -9999 -9999 -9999 -9999 -9999 -9999 -9999 -9999 -9999 -9999 -9999 -9999 -9999 -9999 104 104 104 76 76 73 73 73 76 76 76 82 82 93 93 93 104 104 104 108 108 107 107 107 103 103 98 98 98 94 94 94 88 88 80 80 80 91 91 116 116 116 116 116 116 99 99
-9999 -9999 -9999 -9999 -9999 -9999 -9999 -9999 -9999 -9999 -9999 -9999 -9999 -9999 -9999 -9999 -9999 -9999 -9999 -9999 -9999 -9999 -9999 -9999 -9999 -9999 -9999 -9999 -9999 -9999 -9999 -9999 -9999 -9999 -9999 -9999 -9999 -9999 -9999 -9999 -9999 -9999 -9999 -9999 -9999 127 127 102 102 82 82 82 86 86 86 89 89 88 88 88 90 90 90 101 101 113 113 113 115 115 108 108 108 99 99 99 93 93 103 103 103 116 116 115 115 115 111 111 111 110 110
-9999 -9999 -9999 -9999 -9999 -9999 -9999 -9999 -9999 -9999 -9999 -9999 -9999 -9999 -9999 -9999 -9999 -9999 -9999 -9999 -9999 -9999 -9999 -9999 -9999 -9999 -9999 -9999 -9999 -9999 -9999 -9999 -9999 -9999 -9999 -9999 -9999 -9999 -9999 -9999 -9999 -9999 -9999 -9999 -9999 127 127 102 102 82 82 82 86 86 86 89 89 88 88 88 90 90 90 101 101 113 113 113 115 115 108 108 108 99 99 99 93 93 103 103 103 116 116 115 115 115 111 111 111 110 110
-9999 -9999 -9999 -9999 -9999 -9999 -9999 -9999 -9999 -9999 -9999 -9999 -9999 -9999 -9999 -9999 -9999 -9999 -9999 -9999 -9999 -9999 -9999 -9999 -9999 -9999 -9999 -9999 -9999 -9999 -9999 -9999 -9999 -9999 -9999 -9999 -9999 -9999 -9999 -9999 -9999 -9999 -9999 -9999 -9999 -9999 127 102 102 82 82 82 86 86 86 89 89 88 88 88 90 90 90 101 101 113 113 113 115 115 108 108 108 99 99 99 93 93 103 103 103 116 116 115 115 115 111 111 111 110 110
-9999 -9999 -9999 -9999 -9999 -9999 -9999 -9999 -9999 -9999 -9999 -9999 -9999 -9999 -9999 -9999 -9999 -9999 -9999 -9999 -9999 -9999 -9999 -9999 -9999 -9999 -9999 -9999 -9999 -9999 -9999 -9999 -9999 -9999 -9999 -9999 -9999 -9999 -9999 -9999 -9999 -9999 -9999 -9999 -9999 -9999 -9999 -9999 -9999 -9999 -9999 138 107 107 107 88 88 88 88 88 89 89 89 94 94 107 107 107 118 118 117 117 117 112 112 112 115 115 122 122 122 115 115 101 101 101 108 108 108 117 117
