SEB_model/sample_data_files/contemp/Contemp_Surfaces/2009summer.txt
ncols         313
nrows         278
xllcorner     388961.19995117
yllcorner     7584381.3441773
cellsize      5
NODATA_value  -9999
[rows 186 to 216 of 278, columns 70 to 139 of 313]
1404.258 1402.976 1401.787 1400.603 1399.317 1397.995 1396.988 1396.312 1395.862 1395.122 1394.191 1393.016 1391.753 1390.323 1388.867 1387.438 1385.887 1384.227 1382.374 1380.419 1378.342 1376.193 1374.111 1372.199 1370.464 1368.848 1367.3 1365.942 1364.784 1363.852 1362.888 1361.891 1360.66 1359.619 1358.8 1358.531 1358.119 1357.504 1356.498 1355.32 1354.082 1352.901 1351.883 1350.719 1349.303 1347.719 1346.539 1345.816 1345.365 1344.808 1344.074 1343.511 1343.063 1342.484 1341.547 1340.498 1339.974 1339.81 1339.402 1338.539 1337.34 1336.663 1336.01 1335.454 1334.41 1333.417 1332.861 1332.77 1332.665 1332.261
1404.911 1403.38 1402.127 1400.929 1399.761 1398.484 1397.173 1396.168 1395.265 1394.719 1393.906 1393.13 1391.98 1390.733 1389.301 1387.856 1386.321 1384.72 1382.984 1381.093 1378.999 1376.76 1374.589 1372.607 1370.855 1369.229 1367.843 1366.709 1365.794 1364.85 1363.825 1362.735 1361.562 1360.27 1359.189 1358.605 1358.602 1358.435 1357.819 1356.571 1355.349 1354.222 1353.339 1352.414 1351.245 1349.823 1348.234 1347.091 1346.327 1345.975 1345.371 1344.818 1344.194 1343.954 1343.447 1342.643 1341.656 1341.119 1341.025 1340.716 1340.036 1339.001 1338.39 1337.812 1337.317 1336.356 1335.435 1335.187 1335.249 1335.396
1405.687 1404.159 1402.717 1401.435 1400.197 1398.995 1397.741 1396.445 1395.317 1394.396 1393.752 1393.001 1392.139 1390.978 1389.673 1388.206 1386.728 1385.203 1383.589 1381.756 1379.665 1377.416 1375.191 1373.165 1371.437 1369.946 1368.757 1367.764 1366.789 1365.776 1364.637 1363.589 1362.433 1361.342 1360.113 1359.378 1359.072 1359.42 1359.056 1358.122 1356.684 1355.629 1354.74 1353.896 1353.002 1351.843 1350.427 1348.836 1347.736 1347.047 1346.667 1346.134 1345.518 1345.086 1344.807 1344.451 1343.674 1342.787 1342.302 1342.281 1342.108 1341.596 1340.703 1340.213 1339.7 1339.266 1338.376 1337.797 1337.63 1337.926
1406.274 1404.893 1403.45 1402.069 1400.78 1399.563 1398.349 1397.062 1395.723 1394.618 1393.67 1392.979 1392.136 1391.172 1389.921 1388.557 1387.139 1385.677 1384.111 1382.319 1380.31 1378.113 1375.918 1373.938 1372.348 1371.032 1369.966 1368.866 1367.764 1366.584 1365.492 1364.484 1363.523 1362.589 1361.566 1360.527 1359.912 1359.915 1359.997 1359.586 1358.652 1357.448 1356.349 1355.306 1354.501 1353.652 1352.517 1351.114 1349.527 1348.474 1347.862 1347.572 1346.979 1346.424 1345.941 1345.87 1345.436 1344.861 1344.052 1343.749 1343.769 1343.678 1343.303 1342.542 1342.121 1341.675 1341.28 1340.488 1340.012 1340.103
1406.885 1405.6 1404.277 1402.853 1401.516 1400.253 1399.018 1397.738 1396.427 1395.148 1394.079 1393.12 1392.304 1391.31 1390.202 1388.899 1387.53 1386.077 1384.518 1382.812 1380.894 1378.81 1376.759 1374.994 1373.602 1372.406 1371.198 1369.911 1368.624 1367.468 1366.437 1365.515 1364.598 1363.714 1362.847 1362.048 1361.247 1360.919 1360.617 1360.748 1360.29 1359.571 1358.423 1357.436 1356.686 1355.695 1354.643 1353.271 1351.885 1350.309 1349.308 1348.774 1348.573 1348.044 1347.424 1347.008 1346.859 1346.607 1346.056 1345.429 1345.14 1345.299 1345.342 1345.127 1344.452 1344.092 1343.714 1343.373 1342.718 1342.382
1407.441 1406.215 1405.009 1403.721 1402.396 1401.024 1399.708 1398.429 1397.181 1395.944 1394.729 1393.658 1392.667 1391.695 1390.572 1389.301 1387.92 1386.442 1384.918 1383.257 1381.444 1379.54 1377.766 1376.284 1374.975 1373.61 1372.14 1370.666 1369.38 1368.32 1367.397 1366.56 1365.721 1364.876 1364.053 1363.264 1362.557 1361.838 1361.426 1361.315 1361.656 1361.368 1360.716 1359.633 1358.909 1357.975 1357.056 1356.048 1354.684 1353.028 1351.185 1350.239 1349.785 1349.671 1349.204 1348.64 1348.171 1348.086 1347.863 1347.516 1346.9 1346.763 1346.987 1347.181 1347.022 1346.437 1346.137 1345.814 1345.539 1345.051
1408.127 1406.891 1405.789 1404.522 1403.186 1401.752 1400.46 1399.217 1398.001 1396.795 1395.642 1394.487 1393.422 1392.253 1391.048 1389.656 1388.253 1386.837 1385.353 1383.742 1382.053 1380.462 1379.022 1377.632 1376.149 1374.541 1372.94 1371.484 1370.221 1369.181 1368.214 1367.343 1366.473 1365.687 1364.9 1364.288 1363.714 1363.22 1362.499 1362.095 1361.987 1362.439 1362.414 1362.072 1361.268 1360.392 1359.523 1358.617 1357.599 1356.245 1354.631 1353.062 1351.859 1351.165 1350.866 1350.462 1349.953 1349.53 1349.461 1349.325 1348.984 1348.503 1348.354 1348.73 1348.985 1348.971 1348.479 1348.241 1347.985 1347.796
1408.851 1407.606 1406.53 1405.367 1404.003 1402.561 1401.24 1400.068 1398.893 1397.746 1396.621 1395.467 1394.24 1392.895 1391.53 1390.107 1388.745 1387.343 1385.994 1384.461 1383.026 1381.635 1380.307 1378.76 1377.048 1375.323 1373.776 1372.374 1371.151 1370.089 1369.103 1368.185 1367.278 1366.458 1365.724 1365.12 1364.559 1364.039 1363.483 1362.78 1362.371 1362.313 1362.985 1363.222 1363.069 1362.334 1361.771 1361.19 1360.308 1359.337 1358.038 1356.671 1354.788 1353.577 1352.953 1352.719 1352.096 1351.375 1351.018 1351.021 1350.911 1350.634 1350.166 1350.15 1350.497 1350.868 1350.889 1350.586 1350.4 1350.226
1409.609 1408.288 1407.227 1406.186 1405 1403.728 1402.409 1401.183 1399.968 1398.789 1397.616 1396.351 1394.988 1393.502 1392.196 1391 1389.692 1388.365 1386.893 1385.595 1384.244 1382.907 1381.386 1379.625 1377.812 1376.188 1374.779 1373.517 1372.322 1371.183 1370.11 1369.098 1368.142 1367.282 1366.511 1365.962 1365.404 1364.892 1364.295 1363.793 1362.997 1362.595 1362.727 1363.583 1363.888 1363.623 1362.925 1362.391 1362.042 1361.678 1361.236 1360.197 1358.543 1356.627 1355.46 1354.869 1354.688 1354.12 1353.691 1353.135 1352.913 1352.606 1352.297 1351.953 1351.963 1352.445 1352.759 1352.891 1352.698 1352.635
1410.243 1409.035 1408.056 1407.184 1406.106 1404.92 1403.567 1402.28 1401.011 1399.778 1398.474 1397.075 1395.638 1394.262 1393.226 1392.276 1391.244 1389.827 1388.455 1387.072 1385.738 1384.037 1382.226 1380.365 1378.702 1377.224 1375.908 1374.684 1373.522 1372.414 1371.354 1370.351 1369.405 1368.512 1367.716 1367.009 1366.389 1365.748 1365.153 1364.604 1363.971 1363.12 1362.92 1363.251 1364.214 1364.36 1364.129 1363.483 1363.217 1362.939 1362.625 1362.039 1361.057 1359.717 1358.145 1357.163 1356.78 1356.781 1356.492 1355.837 1355.282 1354.919 1354.671 1354.236 1353.894 1354.008 1354.427 1354.813 1354.938 1354.904
1411.045 1409.897 1408.961 1408.069 1407.051 1405.943 1404.647 1403.308 1401.982 1400.616 1399.179 1397.742 1396.45 1395.343 1394.475 1393.761 1392.893 1391.858 1390.394 1388.91 1387.004 1385.048 1382.995 1381.26 1379.735 1378.371 1377.081 1375.872 1374.747 1373.673 1372.645 1371.657 1370.723 1369.842 1369.01 1368.276 1367.63 1367.07 1366.487 1365.952 1365.298 1364.616 1363.866 1363.691 1363.977 1364.722 1364.885 1364.685 1364.266 1364.05 1363.819 1363.398 1362.903 1361.986 1360.729 1359.343 1358.733 1358.705 1358.88 1358.395 1357.935 1357.406 1357.295 1356.924 1356.53 1356.273 1356.37 1356.825 1357.101 -9999
1411.782 1410.761 1409.794 1408.784 1407.666 1406.513 1405.299 1404.066 1402.711 1401.286 1399.875 1398.637 1397.597 1396.627 1395.809 1395.051 1394.502 1393.716 1392.632 1390.776 1388.58 1386.164 1384.118 1382.353 1380.914 1379.559 1378.297 1377.109 1375.995 1374.956 1373.961 1373.007 1372.09 1371.222 1370.403 1369.631 1368.956 1368.369 1367.868 1367.136 1366.412 1365.647 1365.185 1364.728 1364.755 1365.094 1365.839 1366.008 1365.836 1365.282 1364.94 1364.595 1364.243 1363.615 1362.59 1361.344 1360.162 1359.716 1359.695 1359.866 1359.843 1359.512 1359.193 1358.929 1358.736 1358.687 1358.714 1359.009 1359.225 -9999
1412.504 1411.425 1410.344 1409.239 1408.146 1407.028 1405.919 1404.707 1403.333 1401.948 1400.717 1399.758 1398.805 1397.93 1397.064 1396.429 1395.799 1395.287 1394.169 1392.514 1390.008 1387.612 1385.123 1383.161 1381.558 1380.411 1379.345 1378.164 1377.052 1376.009 1375.034 1374.098 1373.199 1372.334 1371.515 1370.742 1370.013 1369.363 1368.875 1368.273 1367.468 1366.646 1366.045 1365.774 1365.439 1365.519 1365.867 1366.549 1366.679 1366.455 1365.953 1365.641 1365.341 1364.82 1364.251 1363.296 1362.317 1361.189 1360.778 1360.787 1361.189 1361.252 1361.125 1360.912 1360.835 1360.994 1361.137 1361.352 1361.457 1361.66
1412.855 1411.802 1410.726 1409.659 1408.656 1407.646 1406.547 1405.265 1403.954 1402.776 1401.817 1400.884 1400.032 1399.215 1398.502 1397.784 1396.926 1396.117 1395.05 1393.648 1391.731 1389.372 1386.907 1384.317 1382.415 1380.905 1380.047 1379.062 1378.14 1377.096 1376.116 1375.197 1374.315 1373.468 1372.653 1371.88 1371.151 1370.422 1369.888 1369.309 1368.71 1367.799 1367.063 1366.593 1366.439 1366.248 1366.37 1366.669 1367.296 1367.351 1367.165 1366.696 1366.439 1365.975 1365.516 1365.016 1364.435 1363.612 1362.643 1362.24 1362.302 1362.624 1362.685 1362.645 1362.732 1363.028 1363.307 1363.5 1363.685 -9999
1413.168 1412.11 1411.078 1410.138 1409.257 1408.245 1407.052 1405.784 1404.698 1403.807 1402.891 1401.993 1401.154 1400.519 1399.808 1398.933 1397.797 1396.702 1395.517 1394.434 1393.024 1391.358 1388.864 1386.151 1383.499 1381.578 1380.325 1379.617 1378.99 1378.213 1377.231 1376.308 1375.441 1374.608 1373.809 1373.042 1372.314 1371.585 1370.965 1370.551 1370.145 1369.552 1368.609 1367.832 1367.376 1367.279 1367.159 1367.258 1367.518 1368.05 1368.12 1367.957 1367.547 1367.339 1367.145 1366.957 1366.729 1366.214 1365.482 1364.618 1364.32 1364.464 1364.861 1365.058 1365.107 1365.191 1365.403 1365.693 1366.03 1366.359
1413.442 1412.523 1411.639 1410.835 1409.818 1408.607 1407.395 1406.382 1405.667 1404.836 1403.869 1402.967 1402.268 1401.682 1400.826 1399.757 1398.494 1397.299 1396.121 1395.126 1394.232 1393.066 1391.404 1388.728 1385.862 1382.928 1381.092 1379.958 1379.389 1378.963 1378.35 1377.734 1376.877 1376.072 1375.3 1374.561 1373.854 1373.16 1372.499 1371.962 1371.667 1371.337 1370.8 1369.863 1369.11 1368.69 1368.669 1368.613 1368.741 1369.003 1369.526 1369.619 1369.51 1369.169 1369.024 1368.883 1368.744 1368.566 1368.122 1367.477 1366.741 1366.56 1366.892 1367.337 1367.507 1367.518 1367.722 1368.069 1368.436 1368.783
1413.834 1413.087 1412.348 1411.39 1410.107 1408.876 1407.918 1407.304 1406.622 1405.725 1404.805 1404.086 1403.418 1402.558 1401.502 1400.336 1399.238 1398.073 1396.999 1395.997 1395.167 1394.388 1393.144 1391.273 1388.407 1385.451 1382.568 1380.851 1379.662 1379.222 1379.001 1378.484 1377.718 1376.923 1376.488 1376.104 1375.423 1374.776 1374.132 1373.563 1373.141 1372.984 1372.731 1372.207 1371.254 1370.502 1370.132 1370.176 1370.183 1370.338 1370.602 1371.117 1371.239 1371.191 1370.923 1370.842 1370.753 1370.662 1370.534 1370.163 1369.625 1369.167 1369.15 1369.417 1369.722 1369.945 1370.246 1370.573 1370.904 1371.246
1414.396 1413.824 1412.896 1411.609 1410.275 1409.316 1408.782 1408.177 1407.417 1406.436 1405.752 1405.107 1404.357 1403.267 1402.041 1400.954 1399.879 1398.883 1397.89 1396.99 1396.161 1395.309 1394.399 1392.976 1391.065 1388.202 1385.313 1382.445 1380.567 1379.486 1379.327 1378.95 1378.289 1377.542 1377.41 1377.334 1377.017 1376.393 1375.803 1375.245 1374.771 1374.486 1374.432 1374.232 1373.703 1372.738 1372.013 1371.692 1371.8 1371.87 1372.05 1372.315 1372.827 1372.984 1373.006 1372.815 1372.799 1372.761 1372.717 1372.637 1372.46 1372.107 1371.678 1371.614 1371.941 1372.493 1372.834 1373.104 1373.352 1373.779
1415.152 1414.283 1412.984 1411.602 1410.652 1410.224 1409.721 1409.01 1408.064 1407.133 1406.663 1405.953 1405.209 1403.862 1402.708 1401.542 1400.529 1399.614 1398.813 1398.036 1397.164 1396.153 1395.129 1394.185 1392.878 1391.043 1388.196 1385.341 1382.555 1380.762 1379.959 1379.404 1378.874 1378.156 1377.972 1377.864 1377.881 1377.67 1377.466 1376.951 1376.476 1376.134 1375.939 1375.97 1375.792 1375.291 1374.338 1373.639 1373.368 1373.54 1373.673 1373.878 1374.143 1374.658 1374.861 1374.96 1374.851 1374.899 1374.911 1375.061 1375.083 1374.884 1374.437 1374.229 1374.427 1374.787 1375.15 1375.435 1375.804 1376.221
1415.596 1414.321 1412.931 1411.956 1411.514 1411.061 1410.436 1409.568 1408.681 1407.773 1407.262 1406.575 1405.772 1404.52 1403.334 1402.219 1401.194 1400.379 1399.714 1398.983 1398.054 1396.944 1395.866 1394.949 1394.185 1392.949 1391.149 1388.348 1385.588 1382.989 1381.534 1380.593 1380.062 1379.34 1378.876 1378.386 1378.46 1378.61 1378.848 1378.638 1378.188 1377.853 1377.589 1377.503 1377.569 1377.471 1376.995 1376.054 1375.382 1375.161 1375.398 1375.592 1375.82 1376.089 1376.612 1376.87 1377.057 1377.034 1377.311 1377.442 1377.48 1377.322 1377.109 1377.183 1377.134 1377.271 1377.344 1377.705 1378.152 1378.613
1415.616 1414.22 1413.26 1412.845 1412.379 1411.727 1410.879 1410.098 1409.265 1408.382 1407.789 1407.117 1406.343 1405.138 1403.982 1402.926 1402.005 1401.251 1400.533 1399.731 1398.725 1397.662 1396.647 1395.766 1394.999 1394.318 1393.16 1391.462 1388.677 1386.074 1383.794 1382.522 1381.524 1380.756 1380 1379.259 1378.941 1379.037 1379.663 1379.925 1379.908 1379.657 1379.402 1379.263 1379.158 1379.324 1379.265 1378.813 1377.884 1377.239 1377.07 1377.371 1377.627 1377.878 1378.151 1378.691 1379.015 1379.479 1379.625 1379.802 1379.72 1379.771 1379.949 1380.133 1380.166 1379.957 1379.953 1380.239 1380.897 1381.402
1415.545 1414.608 1414.141 1413.706 1413.056 1412.16 1411.329 1410.558 1409.771 1409.017 1408.27 1407.588 1406.67 1405.663 1404.596 1403.732 1402.949 1402.134 1401.236 1400.224 1399.251 1398.34 1397.497 1396.653 1395.864 1395.197 1394.649 1393.577 1391.382 1388.827 1386.518 1384.814 1383.364 1382.174 1381.475 1380.78 1380.186 1379.932 1380.141 1380.817 1381.301 1381.593 1381.406 1381.153 1380.926 1380.946 1381.203 1381.174 1380.743 1379.828 1379.21 1379.093 1379.458 1379.777 1380.05 1380.33 1381.077 1381.568 1381.96 1381.932 1382.128 1382.456 1382.665 1382.927 1382.973 1382.945 1382.738 1382.858 1383.354 1384.132
1416.035 1415.6 1415.065 1414.346 1413.462 1412.615 1411.767 1410.965 1410.308 1409.7 1408.896 1408.126 1407.102 1406.248 1405.281 1404.598 1403.839 1402.913 1401.776 1400.681 1399.743 1399.01 1398.302 1397.565 1396.827 1396.174 1395.56 1394.913 1393.446 1391.516 1389.255 1387.049 1385.21 1383.707 1382.925 1382.292 1381.657 1381.103 1380.933 1381.253 1382.178 1382.942 1383.337 1383.139 1382.841 1382.728 1382.86 1383.183 1383.195 1382.785 1381.882 1381.292 1381.228 1381.66 1382.039 1382.516 1382.882 1383.49 1383.792 1384.349 1384.78 1385.215 1385.449 1385.606 1385.8 1385.847 1385.81 1385.741 1386.039 1386.771
1417.071 1416.711 1415.906 1414.834 1413.876 1413.051 1412.201 1411.502 1410.946 1410.345 1409.347 1408.572 1407.596 1406.951 1406.045 1405.382 1404.622 1403.521 1402.374 1401.212 1400.357 1399.644 1399.04 1398.451 1397.859 1397.177 1396.553 1396.004 1395.351 1393.502 1391.571 1389.135 1387.416 1385.619 1384.443 1383.727 1383.158 1382.723 1382.227 1382.14 1382.57 1383.849 1384.735 1385.154 1384.875 1384.689 1384.682 1384.88 1385.277 1385.328 1384.936 1384.045 1383.484 1383.474 1384.155 1384.695 1385.005 1385.111 1385.778 1386.65 1387.421 1387.855 1388.068 1388.292 1388.421 1388.581 1388.628 1388.597 1388.671 1389.286
1418.111 1417.565 1416.63 1415.505 1414.433 1413.458 1412.745 1412.148 1411.553 1410.713 1409.584 1408.849 1408.214 1407.765 1406.927 1406.107 1405.144 1404.023 1402.892 1401.898 1401.058 1400.339 1399.755 1399.31 1398.785 1398.234 1397.539 1397.195 1397.055 1395.883 1393.857 1391.342 1389.527 1387.886 1386.378 1385.274 1384.624 1384.165 1383.789 1383.35 1383.444 1384.178 1385.016 1385.588 1385.571 1385.995 1386.267 1386.731 1387.013 1387.482 1387.569 1387.193 1386.315 1385.949 1386.088 1386.684 1387.001 1387.404 1387.947 1388.855 1389.606 1390.277 1390.666 1391.001 1391.278 1391.53 1391.784 1391.841 1391.964 1392.006
1418.826 1418.158 1417.326 1416.35 1415.139 1414.181 1413.424 1412.809 1411.912 1410.834 1409.759 1409.111 1408.824 1408.611 1407.902 1406.781 1405.559 1404.452 1403.501 1402.618 1401.843 1401.132 1400.574 1400.072 1399.68 1399.151 1398.566 1398.456 1398.373 1397.802 1395.763 1393.682 1391.789 1390.06 1388.328 1386.897 1386.198 1385.659 1385.26 1384.944 1384.764 1385.006 1385.272 1385.734 1386.022 1386.72 1387.585 1388.322 1388.887 1389.256 1389.796 1389.915 1389.71 1388.916 1388.425 1388.394 1389.32 1390.354 1391.017 1391.267 1391.828 1392.583 1393.43 1393.906 1394.351 1394.494 1394.635 1394.736 1394.975 1394.891
1419.303 1418.611 1417.919 1416.949 1415.833 1414.85 1414.054 1413.172 1411.982 1410.932 1410.121 1409.502 1409.216 1409.202 1408.502 1407.336 1405.769 1404.863 1404.035 1403.33 1402.662 1402.047 1401.417 1400.933 1400.421 1400.038 1399.286 1399.376 1399.34 1399.508 1397.679 1395.622 1393.619 1392.127 1390.565 1388.913 1387.847 1387.215 1386.739 1386.423 1386.473 1386.159 1385.909 1385.667 1386.175 1387.214 1388.363 1389.645 1390.483 1391.149 1391.605 1392.411 1392.652 1392.281 1391.233 1391.061 1391.979 1393.289 1393.75 1393.599 1393.632 1394.442 1395.39 1396.321 1396.851 1397.113 1397.17 1397.417 1397.619 1397.748
1419.681 1419.047 1418.281 1417.432 1416.463 1415.616 1414.548 1413.341 1412.071 1411.242 1410.747 1410.214 1409.671 1409.207 1408.512 1407.432 1406.231 1405.324 1404.704 1404.081 1403.527 1402.916 1402.379 1401.752 1401.263 1400.6 1400.281 1400.484 1400.748 1400.696 1399.397 1397.509 1395.577 1393.979 1392.38 1390.852 1389.57 1388.887 1388.32 1387.928 1387.881 1387.588 1387.342 1387 1387.408 1388.088 1389.252 1390.409 1391.807 1392.744 1393.867 1394.661 1395.361 1395.179 1394.574 1394.029 1394.062 1394.812 1395.351 1395.665 1395.756 1396.292 1397.275 1398.258 1399.138 1399.491 1399.691 1400.24 1400.784 1401.543
1420.053 1419.352 1418.58 1417.68 1416.896 1416 1414.938 1413.641 1412.522 1411.847 1411.449 1410.881 1409.87 1408.854 1408.038 1407.333 1406.602 1405.853 1405.373 1404.887 1404.337 1403.843 1403.246 1402.703 1402.076 1401.266 1401.286 1401.614 1402.171 1401.885 1400.942 1399.532 1397.814 1396.283 1394.628 1393.02 1391.526 1390.63 1390.014 1389.534 1389.309 1389.013 1388.785 1388.477 1388.704 1389.357 1390.218 1391.369 1392.558 1394.436 1395.922 1397.131 1397.604 1397.993 1397.654 1396.967 1395.938 1395.841 1396.122 1396.925 1397.338 1397.875 1398.383 1399.333 1400.171 1401.304 1402.364 1403.88 1404.811 1405.703
1420.613 1419.95 1419.146 1418.039 1417.277 1416.408 1415.32 1414.12 1413.173 1412.563 1412.066 1411.199 1409.948 1408.391 1407.613 1407.25 1407.079 1406.598 1406.101 1405.663 1405.219 1404.657 1404.157 1403.549 1403.306 1402.811 1403.205 1403.274 1403.597 1403.016 1402.463 1401.572 1400.088 1398.305 1396.55 1394.816 1393.441 1392.336 1391.782 1391.232 1390.815 1390.607 1390.354 1390.113 1390.125 1390.755 1391.635 1392.489 1394.215 1396.313 1398.491 1399.425 1399.819 1399.981 1399.56 1399.018 1398.248 1398.047 1398.255 1398.981 1399.692 1400.154 1400.48 1400.922 1401.802 1403.22 1405.154 1407.172 1408.566 1409.178
1421.211 1420.595 1419.561 1418.362 1417.486 1416.556 1415.625 1414.774 1414.127 1413.407 1412.416 1411.149 1409.752 1408.491 1407.607 1407.256 1407.279 1407.191 1406.891 1406.47 1406.013 1405.546 1404.97 1404.622 1404.286 1404.209 1404.454 1404.708 1404.665 1404.15 1403.615 1403.104 1402.081 1400.528 1398.84 1397.059 1395.563 1394.265 1393.506 1393.017 1392.532 1392.39 1392.079 1391.813 1391.683 1392.302 1393.146 1394.697 1396.51 1399.061 1401.375 1402.821 1403.409 1403.082 1402.891 1402.365 1402.113 1401.893 1401.826 1401.785 1401.979 1402.441 1402.843 1403.228 1403.92 1405.522 1407.749 1410.036 1411.318 1411.657
