SEB_model/sample_data_files/contemp/Contemp_Surfaces/2009summer.txt
ncols         313
nrows         278
xllcorner     388961.19995117
yllcorner     7584381.3441773
cellsize      5
NODATA_value  -9999
[rows 93 to 123 of 278, columns 140 to 209 of 313]
1142.193 1139.791 1136.854 1134.444 1132.681 1131.731 1130.896 1129.883 1128.899 1128.495 1129.244 1130.399 1131.337 1131.502 1131.103 1130.224 1128.836 1127.173 1125.773 1124.815 1124.29 1123.769 1123.302 1122.683 1121.964 1121.115 1120.466 1120.262 1120.442 1120.677 1120.301 1119.324 1118.207 1117.317 1116.675 1116.09 1115.541 1115.035 1114.708 1114.292 1113.751 1112.867 1111.846 1110.629 1109.185 1107.753 1106.458 1105.472 1104.698 1104.208 1103.913 1103.72 1103.439 1102.986 1102.189 1101.013 1099.55 1097.634 1095.832 1094.159 1092.923 1091.678 1090.403 1089.139 1087.904 1086.658 1085.353 1083.947 1082.492 1081.188
1144.432 1142.43 1139.904 1136.737 1134.253 1132.547 1131.676 1130.919 1130.684 1131.336 1132.461 1133.481 1134.047 1134.109 1133.754 1132.957 1131.727 1130.061 1128.078 1126.604 1125.638 1125.134 1124.638 1124.144 1123.611 1122.94 1122.199 1121.437 1121.207 1121.488 1121.926 1121.733 1120.888 1119.763 1118.842 1118.156 1117.684 1117.25 1116.915 1116.526 1115.989 1115.174 1114.101 1112.869 1111.439 1110.084 1108.878 1107.959 1107.256 1106.79 1106.5 1106.269 1105.926 1105.448 1104.704 1103.612 1101.964 1099.865 1097.905 1096.295 1095.054 1093.764 1092.454 1091.169 1089.916 1088.72 1087.544 1086.301 1084.962 1083.549
1146.128 1144.578 1142.514 1139.656 1136.466 1134.076 1133.224 1133.014 1133.784 1134.766 1136.02 1136.561 1136.533 1136.197 1135.607 1134.906 1134.086 1132.772 1131.006 1128.922 1127.409 1126.428 1125.944 1125.444 1125.051 1124.612 1124.045 1123.087 1122.247 1122.119 1122.718 1123.35 1123.266 1122.432 1121.316 1120.385 1119.806 1119.424 1119.064 1118.686 1118.153 1117.373 1116.245 1114.913 1113.525 1112.267 1111.219 1110.346 1109.679 1109.234 1108.945 1108.678 1108.296 1107.79 1107.095 1106.12 1104.298 1102.154 1099.957 1098.394 1097.018 1095.711 1094.369 1093.068 1091.813 1090.69 1089.623 1088.579 1087.372 1086.013
1147.775 1146.189 1144.695 1142.419 1139.569 1137.09 1136.169 1136.276 1136.843 1137.646 1138.407 1138.722 1138.421 1137.975 1137.427 1136.739 1136.032 1135.157 1133.787 1131.953 1129.78 1128.22 1127.226 1126.767 1126.358 1126.088 1125.724 1124.875 1123.856 1123.155 1123.352 1124.338 1125.05 1125.05 1124.017 1122.899 1122.064 1121.533 1121.125 1120.771 1120.225 1119.475 1118.317 1117.002 1115.654 1114.439 1113.427 1112.596 1111.966 1111.543 1111.257 1110.949 1110.398 1109.847 1109.236 1108.626 1106.706 1104.465 1102.014 1100.467 1099.007 1097.636 1096.282 1094.989 1093.727 1092.626 1091.627 1090.628 1089.563 1088.274
1149.397 1147.822 1146.344 1144.77 1142.529 1140.848 1140.126 1140.133 1139.968 1139.594 1139.82 1140.146 1140.17 1139.837 1139.28 1138.676 1137.978 1137.206 1136.315 1134.904 1132.614 1130.358 1128.755 1128.155 1127.764 1127.435 1127.116 1126.44 1125.702 1124.855 1124.485 1124.89 1125.858 1126.648 1126.48 1125.581 1124.564 1123.732 1123.145 1122.775 1122.215 1121.44 1120.259 1118.955 1117.651 1116.49 1115.51 1114.717 1114.109 1113.707 1113.412 1113.073 1112.322 1111.542 1110.977 1110.676 1109.299 1107.078 1104.528 1102.586 1101.005 1099.54 1098.185 1096.888 1095.648 1094.549 1093.567 1092.579 1091.537 1090.367
1151.036 1149.48 1148.052 1147.066 1145.616 1144.992 1144.165 1143.728 1142.479 1141.515 1141.263 1141.575 1141.74 1141.573 1141.139 1140.577 1139.942 1139.18 1138.406 1137.538 1135.691 1133.314 1130.972 1129.73 1129.199 1128.789 1128.319 1127.783 1127.307 1126.734 1126.145 1125.849 1126.531 1127.517 1128.25 1127.975 1127.151 1126.109 1125.189 1124.653 1124.076 1123.295 1122.082 1120.787 1119.517 1118.41 1117.472 1116.721 1116.14 1115.75 1115.444 1115.07 1114.13 1113.094 1112.293 1112.188 1111.495 1109.56 1107.091 1104.67 1103.008 1101.426 1100.083 1098.791 1097.527 1096.425 1095.392 1094.425 1093.389 1092.295
1152.696 1151.194 1150.152 1149.588 1148.752 1148.334 1147.559 1147.317 1145.805 1144.349 1143.147 1142.9 1143.021 1142.972 1142.801 1142.434 1141.891 1141.219 1140.459 1139.713 1138.439 1136.522 1134.059 1132.04 1130.802 1130.142 1129.583 1129.044 1128.745 1128.374 1127.986 1127.435 1127.597 1128.194 1129.184 1129.627 1129.396 1128.479 1127.324 1126.505 1125.8 1125.029 1123.796 1122.488 1121.247 1120.198 1119.317 1118.613 1118.057 1117.681 1117.358 1116.954 1115.95 1114.693 1113.537 1113.081 1113.002 1111.505 1109.52 1106.803 1105.07 1103.386 1101.919 1100.597 1099.295 1098.13 1097.024 1096.094 1095.124 1094.062
1154.407 1153.312 1152.71 1152.617 1152.238 1152.314 1151.335 1151.039 1149.432 1148.039 1146.087 1144.864 1144.439 1144.382 1144.405 1144.211 1143.667 1142.957 1142.336 1141.691 1140.928 1139.475 1137.406 1134.739 1132.76 1131.465 1131.001 1130.633 1130.21 1129.925 1129.861 1129.853 1129.672 1129.438 1129.732 1130.415 1130.798 1130.425 1129.377 1128.483 1127.593 1126.715 1125.404 1124.084 1122.87 1121.865 1121.037 1120.387 1119.873 1119.517 1119.181 1118.638 1117.591 1116.29 1114.933 1114.1 1113.757 1113.016 1111.536 1109.296 1107.266 1105.512 1103.89 1102.42 1101.015 1099.783 1098.603 1097.724 1096.806 1095.76
1156.536 1155.898 1155.779 1155.573 1155.502 1156.014 1155.627 1155.275 1153.39 1151.779 1149.566 1147.823 1146.492 1145.801 1145.801 1145.942 1145.696 1145.014 1144.351 1143.687 1142.864 1141.828 1140.34 1138.156 1135.571 1133.58 1132.547 1132.239 1131.792 1131.346 1131.631 1132.072 1132.134 1131.292 1130.675 1130.868 1131.658 1132.024 1131.652 1130.72 1129.575 1128.372 1126.954 1125.603 1124.407 1123.442 1122.675 1122.078 1121.615 1121.286 1120.94 1120.238 1119.12 1117.779 1116.531 1115.391 1114.656 1113.964 1112.918 1111.336 1109.517 1107.859 1106.06 1104.268 1102.694 1101.38 1100.374 1099.51 1098.59 1097.402
1159.141 1158.997 1158.652 1159.109 1159.168 1159.692 1159.131 1159.047 1157.616 1155.73 1152.88 1150.849 1148.957 1148.24 1147.797 1147.939 1147.566 1147.067 1146.449 1145.797 1144.948 1143.867 1142.865 1141.335 1139.323 1136.773 1135.013 1133.961 1133.386 1133.181 1133.533 1134.091 1134.115 1133.328 1132.311 1131.77 1132.096 1132.856 1133.141 1132.614 1131.382 1129.954 1128.439 1127.053 1125.87 1124.949 1124.245 1123.705 1123.301 1122.992 1122.64 1121.773 1120.595 1119.208 1118.051 1116.941 1115.857 1115.194 1114.202 1113.134 1111.559 1109.971 1107.984 1105.897 1104.248 1103.119 1102.321 1101.492 1100.462 1100.231
1162.26 1162.137 1161.763 1162.118 1162.523 1162.187 1161.455 1161.507 1161.4 1159.925 1156.287 1153.562 1151.484 1150.818 1150.323 1150.211 1149.834 1149.371 1148.657 1147.968 1147.14 1146.23 1145.255 1144.318 1142.805 1140.774 1138.206 1136.323 1135.176 1134.99 1135.309 1135.481 1135.53 1135.021 1134.313 1133.382 1133.062 1133.43 1134.08 1133.948 1132.979 1131.433 1129.863 1128.463 1127.311 1126.441 1125.788 1125.298 1124.944 1124.646 1124.271 1123.336 1122.117 1120.693 1119.529 1118.405 1117.356 1116.354 1115.409 1114.427 1113.323 1111.726 1109.691 1107.576 1106.012 1104.94 1105.156 1105.285 1105.264 1105.268
1166.173 1165.395 1164.911 1164.989 1164.686 1164.113 1163.076 1163.323 1164.031 1163.628 1159.933 1156.221 1153.377 1153.241 1152.859 1152.587 1151.867 1151.32 1150.563 1149.83 1149.127 1148.354 1147.458 1146.49 1145.578 1144.117 1141.611 1138.931 1137.275 1137.047 1137.163 1136.831 1136.421 1136.02 1135.777 1135.19 1134.424 1134.069 1134.26 1134.52 1133.991 1132.767 1131.216 1129.843 1128.751 1127.904 1127.271 1126.802 1126.509 1126.232 1125.728 1124.733 1123.476 1122.145 1120.984 1119.88 1118.847 1117.891 1116.942 1115.963 1114.827 1113.31 1111.342 1110.292 1109.748 1109.646 1109.926 1109.971 1110.038 1109.658
1171.764 1169.808 1168.565 1166.971 1165.923 1164.914 1164.904 1164.953 1165.612 1165.891 1163.841 1160.228 1156.329 1154.883 1154.786 1154.555 1154.097 1153.319 1152.464 1151.633 1150.89 1150.231 1149.42 1148.527 1147.453 1146.48 1144.397 1141.895 1139.867 1138.905 1138.732 1137.97 1137.502 1136.918 1136.777 1136.411 1136.054 1135.401 1135.225 1135.214 1134.946 1133.968 1132.521 1131.237 1130.219 1129.408 1128.808 1128.38 1128.097 1127.799 1127.107 1126.058 1124.767 1123.564 1122.459 1121.379 1120.344 1119.331 1118.378 1117.33 1116.922 1116.213 1115.387 1114.878 1114.74 1114.679 1114.735 1114.135 1113.794 1112.151
1176.603 1173.755 1171.438 1169.311 1166.973 1165.836 1165.921 1166.919 1167.026 1167.036 1166.298 1164.414 1160.425 1157.538 1156.096 1156.06 1155.809 1155.294 1154.447 1153.19 1152.012 1150.909 1150.202 1149.419 1148.536 1147.562 1146.096 1144.058 1142.248 1140.923 1140.229 1139.277 1138.518 1137.868 1137.56 1137.298 1137.167 1136.718 1136.317 1136.05 1135.779 1135.075 1133.87 1132.679 1131.722 1130.981 1130.436 1130.037 1129.688 1129.313 1128.475 1127.364 1126.065 1124.962 1123.932 1122.891 1121.809 1120.727 1119.917 1118.81 1119.204 1119.507 1119.873 1119.924 1119.896 1119.161 1117.548 1115.31 1114.201 1112.49
1180.717 1177.56 1174.028 1171.968 1169.501 1167.208 1166.752 1167.633 1168.569 1167.852 1167.06 1166.516 1164.679 1161.693 1158.777 1157.361 1157.292 1157.056 1156.547 1155.38 1153.661 1152.005 1150.733 1150.113 1149.348 1148.498 1147.604 1146.311 1144.779 1142.983 1141.7 1140.723 1139.928 1139.217 1138.638 1138.173 1138.048 1137.809 1137.571 1137.178 1136.851 1136.306 1135.376 1134.31 1133.329 1132.657 1132.16 1131.774 1131.287 1130.801 1129.924 1128.854 1127.546 1126.443 1125.362 1124.295 1123.182 1122.263 1121.674 1120.828 1121.627 1122.476 1124.052 1123.627 1122.197 1119.519 1117.357 1115.5 1114.609 1113.447
1183.032 1179.684 1175.989 1174.561 1172.071 1169.797 1168.184 1168.518 1170.223 1170.039 1168.885 1167.273 1167.115 1166.073 1163.056 1160.139 1158.579 1158.524 1158.294 1157.465 1155.835 1153.62 1151.766 1150.617 1150.125 1149.563 1149.172 1148.349 1147.173 1145.348 1143.667 1142.418 1141.444 1140.671 1140.009 1139.493 1139.09 1138.807 1138.57 1138.356 1138.103 1137.694 1136.977 1136.005 1134.988 1134.321 1133.806 1133.369 1132.771 1132.184 1131.327 1130.321 1128.977 1127.804 1126.616 1125.573 1124.66 1124.026 1123.687 1122.985 1123.846 1125.009 1126.817 1126.427 1123.829 1119.899 1116.966 1115.827 1115.714 1115.046
1185.8 1181.69 1177.861 1176.848 1174.58 1172.306 1170.736 1170.105 1171.281 1171.638 1171.096 1169.037 1168.039 1168.412 1167.412 1164.108 1161.077 1159.516 1159.746 1159.521 1158.562 1156.766 1154.383 1152.782 1151.773 1151.549 1151.401 1150.922 1149.768 1147.926 1146.07 1144.529 1143.31 1142.394 1141.658 1141.056 1140.594 1140.283 1140.027 1139.797 1139.548 1139.234 1138.609 1137.718 1136.665 1135.947 1135.367 1134.865 1134.218 1133.587 1132.729 1131.8 1130.538 1129.265 1127.89 1126.925 1126.317 1126.034 1125.604 1125.125 1125.905 1126.968 1128.398 1127.711 1124.284 1120.172 1117.406 1117.171 1117.226 1116.558
1187.995 1183.164 1179.243 1178.476 1176.662 1174.616 1173.213 1172.627 1172.716 1172.526 1172.918 1171.571 1170.179 1169.287 1169.73 1168.464 1165.057 1162.016 1161.094 1161.316 1161.066 1159.762 1157.993 1155.868 1154.481 1153.859 1153.757 1153.092 1151.963 1150.324 1148.557 1146.798 1145.354 1144.309 1143.539 1142.857 1142.367 1142.025 1141.742 1141.458 1141.163 1140.839 1140.208 1139.353 1138.335 1137.587 1136.928 1136.354 1135.69 1134.978 1134.113 1133.174 1132.046 1130.841 1129.599 1128.765 1128.312 1127.938 1127.458 1126.971 1128.054 1128.941 1129.672 1128.834 1126.344 1122.686 1119.54 1118.391 1118.458 1118.153
1189.666 1184.52 1180.427 1179.819 1178.347 1176.585 1175.364 1174.886 1173.768 1172.26 1172.073 1173.097 1172.691 1171.304 1170.476 1170.658 1169.392 1165.981 1163.579 1162.648 1162.885 1162.371 1161.156 1160.05 1158.217 1157.054 1155.732 1154.924 1153.698 1152.355 1150.747 1149.067 1147.529 1146.364 1145.526 1144.862 1144.349 1143.951 1143.589 1143.257 1142.937 1142.52 1141.827 1140.972 1140.044 1139.295 1138.586 1137.945 1137.27 1136.494 1135.609 1134.633 1133.682 1132.606 1131.562 1130.791 1130.242 1129.819 1129.342 1128.989 1129.473 1129.667 1129.764 1129.045 1127.77 1124.618 1121.694 1119.898 1120.003 1120.108
1191.338 1187.349 1184.082 1183.046 1181.585 1179.419 1177.817 1176.706 1175.339 1172.911 1171.569 1172.405 1174.217 1173.821 1172.451 1171.631 1171.82 1170.553 1167.51 1165.407 1164.537 1164.538 1163.32 1162.341 1160.668 1159.25 1157.51 1156.322 1155.218 1154 1152.615 1151.079 1149.641 1148.441 1147.564 1146.882 1146.351 1145.864 1145.465 1145.149 1144.848 1144.344 1143.575 1142.697 1141.845 1141.089 1140.337 1139.626 1138.936 1138.079 1137.152 1136.141 1135.248 1134.389 1133.57 1132.798 1132.159 1131.703 1131.368 1130.655 1130.568 1130.367 1130.562 1130.125 1129.857 1127.841 1124.865 1122.161 1121.503 1121.954
1193.086 1190.59 1188.495 1186.96 1185.07 1183.063 1181.704 1180.684 1178.224 1175.193 1172.208 1172.148 1173.47 1175.308 1174.926 1173.556 1172.736 1172.921 1171.591 1168.865 1166.958 1166.266 1165.877 1164.954 1163.188 1161.387 1159.271 1157.969 1156.772 1155.663 1154.448 1153.144 1151.767 1150.576 1149.62 1148.91 1148.311 1147.789 1147.397 1147.131 1146.834 1146.237 1145.413 1144.493 1143.681 1142.904 1142.126 1141.371 1140.638 1139.736 1138.765 1137.742 1136.875 1136.035 1135.214 1134.524 1134.033 1133.696 1132.977 1131.956 1131.391 1131.451 1131.767 1131.612 1131.146 1129.809 1126.869 1124.38 1123.431 1124.083
1195.741 1194.056 1192.995 1191.212 1188.679 1185.898 1184.573 1183.891 1181.232 1177.729 1174.294 1173.163 1173.149 1174.508 1176.364 1175.978 1174.603 1173.778 1173.823 1172.832 1170.325 1169.099 1168.358 1167.648 1165.35 1163.191 1161.36 1159.936 1158.592 1157.364 1156.224 1155.04 1153.858 1152.671 1151.686 1150.846 1150.215 1149.721 1149.388 1149.154 1148.837 1148.2 1147.345 1146.395 1145.564 1144.753 1143.941 1143.146 1142.331 1141.385 1140.381 1139.399 1138.525 1137.687 1136.956 1136.413 1136 1135.224 1134.213 1133.014 1132.746 1132.912 1133.173 1132.901 1132.267 1131.754 1129.623 1127.546 1126.065 1126.237
1199.034 1196.786 1195.05 1192.596 1190.196 1187.82 1186.9 1186.909 1185.209 1181.334 1177.433 1175.188 1174.1 1174.13 1175.513 1177.36 1176.96 1175.565 1174.63 1174.746 1174.624 1173.219 1172.625 1171.124 1169.322 1166.249 1163.887 1162.077 1160.655 1159.345 1158.131 1157.039 1155.983 1154.858 1153.791 1152.861 1152.228 1151.781 1151.449 1151.181 1150.781 1150.103 1149.221 1148.285 1147.432 1146.588 1145.743 1144.91 1144.013 1143.036 1142.029 1141.059 1140.158 1139.392 1138.828 1138.391 1137.573 1136.515 1135.325 1134.646 1134.653 1134.766 1134.653 1134.066 1133.403 1132.844 1131.749 1130.099 1128.78 1128.623
1200.6 1198.931 1196.855 1194.068 1191.492 1188.832 1187.873 1187.69 1187.169 1183.644 1180.09 1177.051 1176.058 1175.016 1175.078 1177.623 1179.439 1178.987 1176.433 1176.037 1177.559 1178.276 1176.656 1174.448 1171.937 1169.451 1166.552 1164.307 1162.816 1161.432 1160.186 1159.072 1158.099 1156.985 1155.909 1154.947 1154.318 1153.876 1153.504 1153.167 1152.676 1151.945 1151.042 1150.125 1149.258 1148.384 1147.509 1146.632 1145.686 1144.706 1143.696 1142.741 1141.911 1141.302 1140.828 1140.01 1138.954 1137.76 1137.096 1136.536 1136.479 1136.2 1135.884 1135.215 1134.626 1134.347 1134.324 1133.765 1132.388 1131.629
1201.69 1200.187 1198.868 1195.89 1193.644 1191.139 1190.042 1189.152 1189.138 1186.963 1183.618 1179.913 1177.868 1176.903 1175.897 1177.136 1179.587 1181.313 1179.771 1178.292 1179.243 1180.919 1180.409 1177.31 1174.581 1171.758 1169.387 1166.718 1164.966 1163.601 1162.332 1161.151 1160.075 1158.976 1157.939 1157.018 1156.38 1155.913 1155.491 1155.074 1154.474 1153.687 1152.76 1151.873 1150.994 1150.104 1149.207 1148.298 1147.349 1146.372 1145.386 1144.506 1143.824 1143.285 1142.466 1141.402 1140.281 1139.664 1139.172 1138.65 1138.196 1137.705 1137.288 1136.637 1136.107 1136.184 1136.466 1136.523 1135.338 1134.525
1202.1 1201.919 1201.895 1200.474 1197.281 1194.27 1193.226 1191.787 1190.485 1188.486 1186.264 1183.103 1180.45 1178.651 1177.703 1177.87 1179.037 1181.462 1182.667 1183.009 1182.089 1182.122 1181.669 1180.327 1177.283 1174.243 1171.562 1169.344 1167.292 1165.737 1164.418 1163.074 1161.867 1160.764 1159.809 1158.954 1158.292 1157.793 1157.342 1156.862 1156.191 1155.347 1154.398 1153.505 1152.62 1151.723 1150.815 1149.893 1148.955 1148.009 1147.123 1146.401 1145.819 1145.027 1143.902 1142.651 1141.915 1141.431 1141.004 1140.266 1139.528 1139.021 1138.569 1138.364 1138.041 1138.307 1138.572 1139.111 1138.411 1137.5
1205.247 1204.74 1205.374 1205.048 1202.318 1199.12 1198.279 1197.095 1195.201 1192.608 1189.435 1186.175 1182.624 1180.263 1179.387 1178.45 1178.622 1180.352 1183.937 1186.387 1185.93 1182.904 1181.331 1180.748 1180.023 1177.013 1174.09 1171.644 1169.762 1167.929 1166.333 1164.885 1163.602 1162.482 1161.515 1160.674 1160.022 1159.531 1159.068 1158.54 1157.786 1156.89 1155.924 1155.023 1154.132 1153.228 1152.315 1151.408 1150.495 1149.641 1148.898 1148.277 1147.492 1146.421 1145.109 1144.159 1143.47 1142.985 1142.335 1141.656 1141.158 1140.779 1140.434 1140.144 1139.861 1139.974 1140.189 1140.385 1139.93 1138.692
1208.131 1208.273 1208.478 1208.87 1206.29 1203.544 1202.538 1201.228 1199.679 1196.259 1193.199 1189.379 1185.924 1182.737 1180.963 1180.113 1179.801 1181.057 1183.906 1187.498 1188.505 1185.917 1182.036 1180.408 1180.389 1179.529 1176.873 1174.26 1171.985 1169.975 1168.083 1166.585 1165.292 1164.121 1163.094 1162.23 1161.548 1161.059 1160.599 1160.05 1159.241 1158.311 1157.36 1156.458 1155.557 1154.632 1153.703 1152.828 1152.002 1151.282 1150.619 1149.826 1148.826 1147.626 1146.604 1145.736 1145.017 1144.287 1143.588 1143.296 1143.025 1142.846 1142.306 1141.986 1141.709 1141.489 1141.708 1141.803 1141.562 1140.221
1211.33 1211.195 1211.123 1210.593 1208.978 1206.9 1205.639 1204.249 1202.891 1199.68 1196.077 1192.645 1188.642 1185.337 1182.581 1182.234 1182.551 1183.211 1184.366 1185.787 1187.932 1187.604 1185.025 1181.303 1179.321 1179.26 1178.597 1176.719 1173.869 1171.39 1169.636 1168.195 1166.876 1165.651 1164.551 1163.674 1162.987 1162.484 1162.002 1161.403 1160.566 1159.62 1158.69 1157.796 1156.875 1155.929 1154.981 1154.171 1153.463 1152.84 1152.041 1151.063 1149.939 1148.951 1148.092 1147.333 1146.552 1146.006 1145.652 1145.722 1145.651 1145.467 1144.724 1143.972 1143.277 1143.12 1143.274 1143.514 1143.099 1141.936
1214.031 1213.649 1212.835 1211.575 1209.854 1208.237 1206.457 1204.512 1203.203 1201.023 1198.728 1195.913 1192.358 1187.844 1184.821 1184.3 1185.742 1185.767 1185.14 1184.984 1185.656 1187.684 1187.151 1184.573 1180.23 1178.575 1178.428 1177.749 1175.345 1172.57 1170.812 1169.55 1168.277 1167.021 1165.923 1165.031 1164.326 1163.77 1163.243 1162.57 1161.715 1160.765 1159.858 1158.968 1158.036 1157.081 1156.162 1155.427 1154.821 1154.149 1153.244 1152.151 1151.175 1150.326 1149.606 1148.866 1148.346 1148.209 1148.244 1148.496 1148.281 1147.99 1147.14 1146.235 1145.301 1145.295 1145.691 1146.023 1145.457 1145.018
1217.31 1216.072 1214.586 1212.666 1210.852 1209.157 1207.59 1205.856 1203.973 1201.894 1199.822 1197.823 1194.859 1190.729 1187.544 1186.12 1187.041 1187.073 1186.609 1185.19 1184.881 1185.57 1187.2 1186.676 1182.604 1178.685 1176.507 1176.805 1175.612 1173.655 1171.898 1170.583 1169.463 1168.234 1167.14 1166.24 1165.541 1164.937 1164.326 1163.556 1162.666 1161.705 1160.786 1159.876 1158.94 1157.994 1157.087 1156.413 1155.806 1155.177 1154.277 1153.375 1152.496 1151.722 1150.974 1150.278 1150.184 1150.335 1150.827 1150.818 1150.66 1150.246 1149.639 1148.774 1147.808 1147.627 1147.842 1148.215 1148.037 1148.11
