SEB_model/sample_data_files/contemp/Contemp_Surfaces/2009summer.txt
ncols         313
nrows         278
xllcorner     388961.19995117
yllcorner     7584381.3441773
cellsize      5
NODATA_value  -9999
[rows 62 to 92 of 278, columns 210 to 279 of 313]
1053.812 1052.434 1051.229 1050.392 1049.687 1048.995 1048.174 1047.189 1046.095 1044.966 1043.842 1042.711 1041.576 1040.432 1039.293 1038.148 1037.002 1035.856 1034.71 1033.571 1032.436 1031.303 1030.17 1029.04 1027.919 1026.814 1025.717 1024.622 1023.528 1022.433 1021.346 1020.271 1019.218 1018.186 1017.172 1016.169 1015.168 1014.167 1013.159 1012.173 1011.207 1010.256 1009.283 1008.278 1007.242 1006.176 1005.111 1004.048 1003.008 1001.985 1001.027 1000.054 998.989 997.8012 996.5424 995.2095 993.8559 992.4612 991.1142 989.7047 988.3179 987.0028 985.7615 984.5652 983.377 982.688 982.0718 981.6817 980.6334 979.8094
1053.712 1052.308 1051.143 1050.299 1049.569 1048.922 1048.161 1047.237 1046.15 1045.013 1043.899 1042.783 1041.66 1040.518 1039.37 1038.224 1037.084 1035.945 1034.805 1033.669 1032.541 1031.418 1030.291 1029.166 1028.058 1026.971 1025.898 1024.819 1023.735 1022.645 1021.557 1020.479 1019.426 1018.412 1017.424 1016.438 1015.436 1014.424 1013.412 1012.426 1011.457 1010.497 1009.505 1008.481 1007.432 1006.355 1005.262 1004.167 1003.1 1002.069 1001.108 1000.136 999.0501 997.7836 996.4146 994.974 993.5625 992.16 990.7787 989.3713 987.9784 986.7359 985.5423 984.3741 983.5822 983.2996 983.0182 982.3833 981.3453 980.3916
1053.574 1052.158 1051.014 1050.164 1049.44 1048.838 1048.123 1047.268 1046.199 1045.07 1043.953 1042.852 1041.74 1040.603 1039.459 1038.309 1037.175 1036.038 1034.912 1033.78 1032.659 1031.538 1030.426 1029.318 1028.229 1027.155 1026.094 1025.026 1023.954 1022.877 1021.805 1020.743 1019.704 1018.695 1017.716 1016.732 1015.725 1014.701 1013.689 1012.708 1011.729 1010.735 1009.706 1008.655 1007.589 1006.496 1005.379 1004.271 1003.195 1002.152 1001.166 1000.148 999.111 997.7413 996.2534 994.6781 993.2886 991.8824 990.4526 989.0182 987.7092 986.4893 985.3222 984.4789 984.0655 984.1006 983.7162 983.1053 982.2084 981.7128
1053.455 1052.025 1050.901 1050.07 1049.391 1048.837 1048.15 1047.317 1046.262 1045.145 1044.028 1042.939 1041.835 1040.712 1039.573 1038.432 1037.3 1036.178 1035.059 1033.944 1032.826 1031.712 1030.608 1029.521 1028.452 1027.396 1026.341 1025.28 1024.206 1023.134 1022.076 1021.031 1020.009 1019.007 1018.026 1017.026 1016 1014.956 1013.934 1012.948 1011.963 1010.952 1009.892 1008.819 1007.723 1006.622 1005.496 1004.388 1003.297 1002.226 1001.198 1000.182 999.0388 997.5636 995.9664 994.415 992.9946 991.5397 990.0807 988.7346 987.4822 986.2474 985.2358 984.6069 984.4591 984.2012 983.8763 983.1865 983.0372 982.0026
1053.542 1052.046 1050.899 1050.083 1049.452 1048.924 1048.237 1047.408 1046.386 1045.286 1044.162 1043.07 1041.979 1040.874 1039.759 1038.628 1037.505 1036.391 1035.291 1034.187 1033.071 1031.953 1030.846 1029.771 1028.722 1027.689 1026.645 1025.585 1024.501 1023.42 1022.356 1021.324 1020.328 1019.337 1018.345 1017.313 1016.265 1015.203 1014.161 1013.174 1012.183 1011.164 1010.076 1008.978 1007.861 1006.74 1005.607 1004.493 1003.389 1002.291 1001.287 1000.15 998.8852 997.3243 995.7961 994.3226 992.8892 991.412 989.9884 988.6731 987.4322 986.1279 985.2677 984.8338 984.4995 984.0884 983.525 983.3291 982.6143 981.3091
1053.845 1052.223 1051.093 1050.285 1049.699 1049.143 1048.437 1047.557 1046.551 1045.463 1044.353 1043.261 1042.174 1041.087 1039.988 1038.885 1037.775 1036.695 1035.601 1034.505 1033.375 1032.256 1031.142 1030.066 1029.033 1028.02 1026.989 1025.925 1024.835 1023.737 1022.666 1021.625 1020.645 1019.655 1018.652 1017.593 1016.521 1015.445 1014.384 1013.386 1012.384 1011.361 1010.257 1009.138 1007.997 1006.858 1005.709 1004.586 1003.451 1002.29 1001.122 999.8024 998.288 996.864 995.502 994.2865 992.8625 991.4444 990.0406 988.6954 987.3727 986.0355 985.2654 984.7211 984.2805 983.5059 983.157 982.5267 981.3383 978.7073
1054.282 1052.532 1051.425 1050.638 1050.052 1049.454 1048.692 1047.775 1046.769 1045.691 1044.597 1043.501 1042.419 1041.336 1040.255 1039.167 1038.101 1037.03 1035.954 1034.841 1033.718 1032.596 1031.483 1030.417 1029.397 1028.39 1027.351 1026.278 1025.189 1024.085 1022.995 1021.954 1020.977 1019.985 1018.95 1017.866 1016.778 1015.69 1014.637 1013.63 1012.619 1011.559 1010.437 1009.296 1008.133 1007 1005.855 1004.721 1003.522 1002.273 1000.945 999.4189 997.8394 996.5374 995.4009 994.3123 992.9746 991.5916 990.1654 988.7494 987.3735 986.0322 985.0062 984.1821 983.5152 982.7245 982.0676 980.9047 978.8866 976.6124
1054.771 1052.943 1051.889 1051.13 1050.533 1049.86 1049.014 1048.052 1047.03 1045.962 1044.88 1043.79 1042.706 1041.613 1040.53 1039.452 1038.409 1037.365 1036.298 1035.196 1034.077 1032.968 1031.863 1030.81 1029.791 1028.777 1027.719 1026.636 1025.542 1024.432 1023.336 1022.306 1021.322 1020.317 1019.248 1018.146 1017.045 1015.943 1014.903 1013.884 1012.862 1011.76 1010.617 1009.453 1008.267 1007.136 1005.992 1004.842 1003.581 1002.247 1000.726 999.1401 997.5177 996.3256 995.1978 994.1526 992.8614 991.5275 990.106 988.6528 987.2537 985.9026 984.6675 983.6112 982.7221 981.6685 980.8863 979.1755 977.2966 975.3018
1055.401 1053.601 1052.359 1051.635 1051.028 1050.324 1049.393 1048.381 1047.343 1046.28 1045.206 1044.122 1043.041 1041.922 1040.831 1039.749 1038.747 1037.71 1036.658 1035.556 1034.456 1033.357 1032.272 1031.237 1030.214 1029.179 1028.095 1027.004 1025.894 1024.778 1023.663 1022.653 1021.658 1020.655 1019.555 1018.44 1017.324 1016.205 1015.177 1014.15 1013.119 1011.974 1010.807 1009.612 1008.401 1007.271 1006.129 1004.958 1003.644 1002.273 1000.754 999.2014 997.6129 996.277 995.0412 993.9014 992.6647 991.3531 989.9709 988.5502 987.1418 985.7748 984.4321 983.1606 981.9978 980.9427 979.851 978.3364 976.5412 975.3309
1056.256 1054.543 1053.084 1052.186 1051.54 1050.799 1049.794 1048.752 1047.704 1046.644 1045.574 1044.496 1043.414 1042.272 1041.157 1040.086 1039.098 1038.09 1037.033 1035.947 1034.85 1033.76 1032.697 1031.662 1030.631 1029.571 1028.48 1027.374 1026.249 1025.123 1024.01 1023.009 1022.01 1020.997 1019.877 1018.748 1017.617 1016.484 1015.45 1014.415 1013.37 1012.201 1011.01 1009.783 1008.547 1007.386 1006.221 1005.023 1003.689 1002.309 1000.804 999.2706 997.7026 996.2703 994.9263 993.663 992.4081 991.1185 989.7933 988.4135 987.0151 985.6328 984.2983 983.0186 981.7842 980.6212 979.4818 978.2769 976.8348 975.7156
1057.032 1055.465 1053.903 1052.773 1052.071 1051.26 1050.217 1049.157 1048.107 1047.048 1045.983 1044.907 1043.823 1042.665 1041.559 1040.499 1039.533 1038.514 1037.449 1036.355 1035.261 1034.172 1033.126 1032.09 1031.053 1029.972 1028.877 1027.757 1026.624 1025.489 1024.416 1023.421 1022.418 1021.358 1020.219 1019.074 1017.929 1016.784 1015.737 1014.69 1013.628 1012.439 1011.227 1009.972 1008.716 1007.525 1006.337 1005.11 1003.757 1002.366 1000.873 999.3542 997.8047 996.3139 994.8907 993.5217 992.2219 990.9151 989.6201 988.2902 986.9211 985.5535 984.2245 982.9506 981.7197 980.5323 979.3796 978.279 977.0886 976.0371
1057.639 1056.252 1054.796 1053.455 1052.636 1051.718 1050.658 1049.602 1048.554 1047.497 1046.433 1045.357 1044.258 1043.099 1041.975 1040.939 1039.97 1038.964 1037.883 1036.79 1035.695 1034.617 1033.573 1032.534 1031.481 1030.391 1029.29 1028.154 1027.015 1025.873 1024.844 1023.849 1022.842 1021.737 1020.582 1019.422 1018.258 1017.13 1016.072 1015.013 1013.902 1012.689 1011.462 1010.194 1008.927 1007.708 1006.49 1005.233 1003.863 1002.463 1000.972 999.4633 997.9267 996.4441 994.9804 993.5555 992.1709 990.8315 989.5267 988.2226 986.8854 985.5376 984.2266 982.6774 981.4492 980.2507 979.3718 978.249 976.564 974.9958
1057.83 1056.578 1055.37 1054.128 1053.215 1052.197 1051.141 1050.09 1049.043 1047.988 1046.922 1045.842 1044.73 1043.567 1042.473 1041.446 1040.474 1039.436 1038.351 1037.257 1036.161 1035.095 1034.051 1033.007 1031.934 1030.836 1029.716 1028.57 1027.419 1026.286 1025.294 1024.301 1023.289 1022.138 1020.968 1019.792 1018.612 1017.498 1016.426 1015.352 1014.193 1012.96 1011.709 1010.439 1009.179 1007.949 1006.701 1005.403 1004.019 1002.606 1001.11 999.5913 998.0622 996.5848 995.1144 993.6694 992.2585 990.9017 989.5926 988.3082 986.9771 985.6434 984.3115 982.6903 981.3009 979.8732 978.7811 977.4567 975.6246 974.0123
1058.103 1056.971 1055.871 1054.779 1053.774 1052.724 1051.67 1050.621 1049.574 1048.517 1047.449 1046.365 1045.237 1044.069 1042.97 1041.956 1040.983 1039.947 1038.858 1037.76 1036.673 1035.618 1034.572 1033.514 1032.42 1031.312 1030.167 1029.006 1027.846 1026.77 1025.783 1024.79 1023.725 1022.561 1021.379 1020.187 1018.992 1017.894 1016.812 1015.721 1014.512 1013.257 1011.971 1010.676 1009.414 1008.185 1006.934 1005.613 1004.218 1002.789 1001.283 999.7495 998.2158 996.737 995.2892 993.8563 992.4561 991.1079 989.8128 988.5562 987.3469 986.1942 985.006 983.3776 981.8566 980.2812 979.041 977.5914 975.6475 973.8762
1058.463 1057.339 1056.349 1055.373 1054.353 1053.297 1052.243 1051.195 1050.145 1049.086 1048.013 1046.924 1045.791 1044.62 1043.548 1042.533 1041.561 1040.493 1039.4 1038.299 1037.221 1036.166 1035.119 1034.044 1032.939 1031.819 1030.645 1029.471 1028.301 1027.285 1026.302 1025.306 1024.185 1023.006 1021.811 1020.607 1019.426 1018.319 1017.222 1016.089 1014.857 1013.583 1012.259 1010.931 1009.634 1008.403 1007.164 1005.854 1004.453 1002.997 1001.473 999.9237 998.3818 996.9001 995.4668 994.0588 992.6791 991.363 990.1027 989.0347 988.069 987.1995 986.1479 985.072 983.775 982.3553 980.6229 978.9348 977.386 976.1239
1059.099 1057.963 1056.973 1055.998 1054.979 1053.922 1052.863 1051.811 1050.758 1049.695 1048.616 1047.52 1046.381 1045.234 1044.164 1043.151 1042.15 1041.076 1039.978 1038.882 1037.814 1036.758 1035.698 1034.604 1033.487 1032.347 1031.158 1029.972 1028.804 1027.832 1026.851 1025.849 1024.671 1023.475 1022.268 1021.05 1019.884 1018.767 1017.658 1016.481 1015.226 1013.933 1012.583 1011.217 1009.87 1008.614 1007.437 1006.156 1004.758 1003.228 1001.677 1000.115 998.563 997.0801 995.6481 994.2503 992.8998 991.6277 990.5674 989.7385 989.1583 988.5763 987.8747 987.1624 986.2156 985.3957 984.0971 982.8249 981.1591 979.7264
1059.786 1058.634 1057.648 1056.674 1055.66 1054.594 1053.531 1052.473 1051.413 1050.344 1049.257 1048.155 1047.009 1045.863 1044.8 1043.788 1042.782 1041.695 1040.592 1039.502 1038.434 1037.376 1036.302 1035.194 1034.066 1032.903 1031.701 1030.504 1029.34 1028.37 1027.388 1026.378 1025.186 1023.976 1022.755 1021.524 1020.378 1019.251 1018.126 1016.898 1015.622 1014.312 1012.948 1011.571 1010.2 1008.918 1007.748 1006.488 1005.087 1003.508 1001.906 1000.325 998.7631 997.2801 995.8415 994.4362 993.1111 991.9471 991.1956 990.7528 990.5367 990.2487 989.868 989.6192 989.1249 988.5968 987.8297 986.9824 985.8107 984.5059
1060.486 1059.368 1058.387 1057.414 1056.392 1055.32 1054.25 1053.185 1052.115 1051.036 1049.943 1048.825 1047.662 1046.543 1045.496 1044.496 1043.456 1042.356 1041.249 1040.167 1039.099 1038.037 1036.942 1035.823 1034.67 1033.486 1032.272 1031.078 1029.918 1028.948 1027.962 1026.945 1025.739 1024.513 1023.278 1022.057 1020.906 1019.768 1018.605 1017.35 1016.054 1014.717 1013.339 1012.001 1010.672 1009.44 1008.234 1006.948 1005.457 1003.748 1001.959 1000.126 998.3702 996.7673 995.3127 994.052 993.0043 992.3362 992.1709 992.1829 992.3239 992.309 992.3961 992.4272 992.1695 991.8058 991.3647 991.1978 990.6027 989.7029
1061.261 1060.207 1059.227 1058.231 1057.177 1056.099 1055.024 1053.95 1052.872 1051.782 1050.68 1049.544 1048.396 1047.28 1046.246 1045.227 1044.177 1043.07 1041.966 1040.885 1039.815 1038.737 1037.628 1036.496 1035.337 1034.138 1032.908 1031.699 1030.536 1029.571 1028.583 1027.556 1026.331 1025.089 1023.837 1022.633 1021.48 1020.334 1019.126 1017.846 1016.529 1015.165 1013.913 1012.662 1011.478 1010.2 1008.941 1007.577 1005.996 1004.183 1002.225 1000.204 998.3249 996.626 995.1968 994.0901 993.3704 993.2031 993.5158 994.0545 994.5356 994.9708 995.4747 995.9036 995.9848 995.6823 995.5001 995.3372 995.4742 995.1627
1062.093 1061.087 1060.085 1059.083 1058.013 1056.932 1055.854 1054.777 1053.692 1052.593 1051.479 1050.327 1049.192 1048.111 1047.084 1046.046 1044.958 1043.852 1042.753 1041.673 1040.593 1039.497 1038.371 1037.213 1036.024 1034.808 1033.573 1032.368 1031.205 1030.243 1029.251 1028.212 1026.968 1025.71 1024.46 1023.271 1022.108 1020.935 1019.687 1018.388 1017.051 1015.851 1014.752 1013.708 1012.529 1011.289 1009.979 1008.555 1006.855 1004.92 1002.84 1000.711 998.7699 997.0652 995.7267 994.8723 994.5028 994.7613 995.4284 996.4006 997.3263 998.1254 999.0837 999.7615 1000.217 1000.322 1000.275 1000.331 1000.332 1000.43
1063.052 1062.054 1061.025 1059.992 1058.911 1057.829 1056.753 1055.674 1054.587 1053.481 1052.35 1051.171 1050.062 1048.993 1047.981 1046.908 1045.808 1044.705 1043.615 1042.534 1041.443 1040.323 1039.176 1037.984 1036.797 1035.573 1034.345 1033.111 1032.006 1031.038 1030.04 1028.919 1027.653 1026.379 1025.13 1023.935 1022.759 1021.556 1020.284 1018.972 1017.89 1016.907 1016.098 1015.044 1013.944 1012.678 1011.38 1009.884 1008.146 1006.214 1004.228 1002.277 1000.509 998.9767 997.8828 997.2796 997.2073 997.4882 998.1786 999.22 1000.465 1001.647 1002.912 1003.973 1004.796 1005.277 1005.798 1006.077 1006.398 1006.359
1064.046 1063.044 1062.012 1060.972 1059.887 1058.807 1057.736 1056.66 1055.573 1054.461 1053.306 1052.113 1050.997 1049.944 1048.93 1047.851 1046.739 1045.64 1044.549 1043.467 1042.359 1041.219 1040.049 1038.849 1037.658 1036.427 1035.179 1033.929 1032.874 1031.897 1030.881 1029.678 1028.39 1027.097 1025.85 1024.641 1023.446 1022.202 1020.91 1019.883 1019.108 1018.51 1017.679 1016.694 1015.586 1014.441 1013.117 1011.609 1009.884 1008.058 1006.29 1004.587 1003.007 1001.66 1000.825 1000.604 1000.838 1001.304 1001.899 1002.795 1003.996 1005.888 1007.378 1008.845 1009.487 1010.36 1011.04 1011.864 1012.406 1012.63
1065.142 1064.128 1063.114 1062.05 1060.963 1059.886 1058.822 1057.747 1056.657 1055.539 1054.37 1053.152 1052.034 1050.981 1049.977 1048.882 1047.766 1046.662 1045.569 1044.474 1043.349 1042.187 1041.033 1039.846 1038.672 1037.421 1036.149 1034.861 1033.823 1032.812 1031.775 1030.487 1029.177 1027.869 1026.606 1025.377 1024.15 1022.879 1021.868 1021.206 1020.889 1020.34 1019.576 1018.6 1017.646 1016.538 1015.223 1013.735 1012.153 1010.597 1009.07 1007.638 1006.36 1005.248 1004.483 1004.326 1004.84 1005.655 1006.462 1007.721 1008.965 1011.123 1012.634 1014.127 1014.734 1015.346 1016.241 1017.154 1018.263 1018.753
1066.336 1065.324 1064.318 1063.245 1062.159 1061.086 1060.022 1058.946 1057.806 1056.636 1055.467 1054.291 1053.208 1052.138 1051.114 1050.005 1048.883 1047.775 1046.674 1045.561 1044.411 1043.172 1041.931 1040.802 1039.687 1038.506 1037.181 1035.874 1034.797 1033.729 1032.648 1031.339 1030.004 1028.68 1027.399 1026.144 1024.884 1023.714 1023.096 1022.951 1022.82 1022.386 1021.647 1020.934 1020.033 1018.956 1017.7 1016.374 1015.056 1013.738 1012.438 1011.476 1010.82 1010.182 1009.163 1008.53 1008.774 1009.959 1011.181 1013.113 1014.681 1016.947 1018.281 1019.409 1019.966 1020.479 1021.394 1022.235 1023.241 1024.331
1067.669 1066.654 1065.649 1064.569 1063.484 1062.412 1061.344 1060.229 1059.007 1057.722 1056.516 1055.408 1054.421 1053.393 1052.348 1051.221 1050.095 1048.979 1047.867 1046.728 1045.533 1044.236 1042.896 1041.647 1040.625 1039.543 1038.353 1036.981 1035.841 1034.71 1033.563 1032.226 1030.865 1029.531 1028.23 1026.951 1025.759 1024.84 1024.777 1024.894 1025.007 1024.568 1024.132 1023.56 1022.758 1021.723 1020.623 1019.58 1018.564 1017.504 1016.349 1015.642 1015.457 1015.485 1014.85 1013.723 1013.301 1014.022 1015.62 1018.418 1020.926 1023.149 1024.189 1024.798 1025.629 1026.016 1026.818 1027.392 1028.416 1029.701
1069.096 1068.097 1067.091 1066.035 1064.95 1063.874 1062.777 1061.586 1060.26 1058.867 1057.552 1056.479 1055.589 1054.702 1053.68 1052.541 1051.405 1050.278 1049.145 1047.999 1046.808 1045.501 1044.066 1042.695 1041.489 1040.555 1039.445 1038.255 1036.963 1035.759 1034.511 1033.144 1031.691 1030.296 1028.974 1027.801 1026.852 1026.494 1026.789 1027.224 1027.34 1027.143 1026.861 1026.459 1025.804 1024.943 1024.127 1023.279 1022.505 1021.804 1020.969 1020.493 1020.283 1020.695 1020.666 1020.274 1019.727 1019.625 1020.333 1022.47 1025.689 1028.15 1029.672 1030.095 1030.918 1031.588 1032.286 1033.011 1033.895 1035.114
1070.634 1069.636 1068.654 1067.634 1066.559 1065.467 1064.319 1063.021 1061.613 1060.156 1058.742 1057.581 1056.73 1055.994 1055.093 1053.968 1052.819 1051.674 1050.542 1049.411 1048.252 1047.012 1045.593 1044.077 1042.66 1041.564 1040.589 1039.464 1038.175 1036.815 1035.486 1034.088 1032.553 1031.116 1029.819 1028.902 1028.592 1028.548 1029.125 1029.519 1030.003 1030.022 1029.98 1029.677 1029.258 1028.673 1028.124 1027.446 1027.056 1026.943 1026.619 1025.877 1025.101 1025.204 1026.203 1026.781 1027.122 1026.391 1026.357 1027.153 1030.107 1032.928 1035.122 1036.038 1036.602 1037.307 1037.759 1038.645 1039.436 1040.235
1072.307 1071.319 1070.354 1069.376 1068.313 1067.201 1065.995 1064.636 1063.146 1061.675 1060.203 1058.96 1058.003 1057.304 1056.512 1055.455 1054.284 1053.144 1052.092 1051.094 1050.065 1048.946 1047.621 1046.14 1044.527 1043.212 1041.991 1040.843 1039.413 1037.952 1036.486 1035.059 1033.464 1032.028 1030.88 1030.694 1030.842 1031.718 1031.937 1032.538 1032.621 1033.17 1033.355 1033.389 1033.242 1032.907 1032.523 1032.122 1032.074 1032.354 1032.421 1031.852 1030.894 1030.637 1031.398 1032.684 1033.588 1033.607 1033.453 1033.649 1035.592 1037.746 1039.917 1041.036 1041.783 1042.503 1042.984 1043.724 1044.149 -9999
1074.127 1073.154 1072.215 1071.238 1070.181 1069.046 1067.825 1066.45 1064.946 1063.347 1061.886 1060.617 1059.67 1058.882 1058.054 1057.029 1055.873 1054.804 1053.901 1053.067 1052.167 1051.135 1049.863 1048.462 1046.904 1045.319 1043.776 1042.215 1040.652 1039.002 1037.469 1035.938 1034.427 1033.135 1032.345 1032.563 1033.592 1034.646 1035.61 1036.35 1037.316 1037.516 1037.853 1037.578 1037.697 1037.311 1037.177 1037.237 1037.506 1037.81 1037.819 1037.651 1037.313 1036.989 1037.122 1037.526 1038.668 1039.27 1040.104 1040.482 1041.654 1043.054 1044.311 1045.408 1046.141 1046.953 1047.387 -9999 -9999 -9999
1076.047 1075.105 1074.165 1073.16 1072.079 1070.936 1069.727 1068.471 1067.069 1065.508 1063.953 1062.616 1061.606 1060.776 1059.884 1058.862 1057.75 1056.81 1056.089 1055.493 1054.782 1053.909 1052.744 1051.432 1049.891 1048.182 1046.211 1044.241 1042.241 1040.346 1038.538 1036.88 1035.51 1034.518 1034.16 1034.759 1035.826 1037.863 1039.614 1041.456 1042.351 1042.707 1042.857 1042.587 1042.557 1042.11 1041.855 1042.124 1042.396 1042.667 1042.717 1043.172 1043.656 1043.595 1043.05 1042.769 1042.988 1044.008 1045.092 1046.05 1046.916 1047.711 1048.335 1048.853 1049.522 -9999 -9999 -9999 -9999 -9999
1078.038 1077.1 1076.113 1075.054 1073.931 1072.786 1071.617 1070.42 1069.257 1067.835 1066.396 1064.978 1063.985 1063.103 1062.282 1061.336 1060.366 1059.427 1058.75 1058.257 1057.739 1056.983 1055.895 1054.646 1053.048 1051.217 1049.005 1046.701 1044.353 1042.08 1040.046 1038.278 1037.101 1036.422 1036.399 1037.005 1038.944 1041.232 1044.341 1046.362 1048.112 1048.146 1047.823 1047.247 1047.256 1046.972 1046.767 1046.708 1047.088 1047.538 1047.88 1048.417 1048.995 1049.07 1048.693 1048.21 1048.148 1048.533 1049.194 1049.748 1050.542 1051.117 1051.662 1051.946 1052.172 -9999 -9999 -9999 -9999 -9999
