SEB_model/sample_data_files/contemp/Contemp_Surfaces/2009summer.txt
ncols         313
nrows         278
xllcorner     388961.19995117
yllcorner     7584381.3441773
cellsize      5
NODATA_value  -9999
[rows 155 to 185 of 278, columns 0 to 69 of 313]
-9999 -9999 -9999 -9999 -9999 -9999 -9999 -9999 -9999 -9999 -9999 -9999 -9999 -9999 -9999 -9999 -9999 -9999 -9999 -9999 -9999 -9999 -9999 -9999 -9999 -9999 -9999 -9999 -9999 -9999 -9999 -9999 -9999 -9999 -9999 -9999 -9999 -9999 -9999 -9999 -9999 -9999 -9999 -9999 -9999 -9999 -9999 -9999 -9999 -9999 -9999 -9999 -9999 -9999 -9999 -9999 -9999 -9999 -9999 1414.188 1412.713 1411.413 1410.213 1408.662 1407.087 1405.305 1403.632 1401.718 1399.915 1398.407
-9999 -9999 -9999 -9999 -9999 -9999 -9999 -9999 -9999 -9999 -9999 -9999 -9999 -9999 -9999 -9999 -9999 -9999 -9999 -9999 -9999 -9999 -9999 -9999 -9999 -9999 -9999 -9999 -9999 -9999 -9999 -9999 -9999 -9999 -9999 -9999 -9999 -9999 -9999 -9999 -9999 -9999 -9999 -9999 -9999 -9999 -9999 -9999 -9999 -9999 -9999 -9999 -9999 -9999 -9999 -9999 -9999 -9999 1416.406 1414.824 1413.367 1411.925 1410.753 1409.139 1407.545 1405.608 1403.963 1402.224 1400.662 1399.081
-9999 -9999 -9999 -9999 -9999 -9999 -9999 -9999 -9999 -9999 -9999 -9999 -9999 -9999 -9999 -9999 -9999 -9999 -9999 -9999 -9999 1447.883 1447.701 1447.467 1447.157 -9999 -9999 -9999 -9999 -9999 -9999 -9999 -9999 -9999 -9999 -9999 -9999 -9999 -9999 -9999 -9999 -9999 -9999 -9999 -9999 -9999 -9999 -9999 -9999 -9999 -9999 -9999 -9999 -9999 -9999 -9999 1420.15 1418.703 1417.037 1415.432 1413.877 1412.411 1410.914 1409.48 1407.997 1406.285 1404.562 1402.764 1401.173 1399.624
-9999 -9999 -9999 -9999 -9999 -9999 -9999 -9999 -9999 -9999 -9999 -9999 -9999 -9999 -9999 -9999 -9999 -9999 -9999 1448.845 1448.699 1448.464 1448.247 1448.024 1447.8 1447.521 -9999 -9999 -9999 -9999 -9999 -9999 -9999 -9999 -9999 -9999 -9999 -9999 -9999 -9999 -9999 -9999 -9999 -9999 -9999 -9999 -9999 -9999 -9999 -9999 -9999 -9999 -9999 -9999 1423.031 1421.875 1420.684 1419.294 1417.717 1416.065 1414.462 1412.742 1411.151 1409.665 1408.448 1407.068 1405.325 1403.497 1401.819 1400.463
-9999 -9999 -9999 -9999 -9999 -9999 -9999 -9999 -9999 -9999 -9999 -9999 -9999 -9999 -9999 -9999 -9999 -9999 1449.812 1449.538 1449.26 1448.937 1448.661 1448.432 1448.323 1448.211 1448.004 -9999 -9999 -9999 -9999 -9999 -9999 -9999 -9999 -9999 -9999 -9999 -9999 -9999 -9999 -9999 -9999 -9999 -9999 -9999 -9999 -9999 -9999 -9999 -9999 1427.655 1426.25 1424.827 1423.601 1422.432 1421.235 1419.853 1418.457 1416.861 1415.004 1412.967 1411.098 1409.667 1408.527 1407.5 1405.834 1404.063 1402.166 1400.898
-9999 -9999 -9999 -9999 -9999 -9999 -9999 -9999 -9999 -9999 -9999 -9999 -9999 -9999 -9999 -9999 -9999 1450.823 1450.515 1450.116 1449.744 1449.419 1449.166 1448.952 1448.855 1448.821 1448.759 1448.532 -9999 -9999 -9999 -9999 -9999 -9999 -9999 -9999 -9999 -9999 -9999 -9999 -9999 -9999 -9999 -9999 -9999 -9999 -9999 -9999 -9999 1431.236 1429.905 1428.363 1426.756 1425.227 1424.094 1423.055 1421.82 1420.413 1418.982 1417.467 1415.559 1413.301 1411.25 1409.593 1408.458 1407.465 1405.993 1404.373 1402.401 1400.967
-9999 -9999 -9999 -9999 -9999 -9999 -9999 -9999 -9999 -9999 -9999 -9999 -9999 -9999 -9999 -9999 1451.837 1451.535 1451.185 1450.795 1450.453 1450.147 1449.869 1449.66 1449.638 1449.633 1449.581 1449.319 1448.959 -9999 -9999 -9999 -9999 -9999 -9999 -9999 -9999 -9999 -9999 -9999 -9999 -9999 -9999 -9999 -9999 -9999 -9999 -9999 1433.614 1432.193 1430.647 1428.911 1427.194 1425.597 1424.616 1423.759 1422.673 1421.016 1419.311 1417.74 1416.045 1413.995 1411.747 1409.786 1408.31 1407.225 1405.848 1404.377 1402.617 1400.985
-9999 -9999 -9999 -9999 -9999 -9999 -9999 -9999 -9999 -9999 -9999 -9999 -9999 -9999 -9999 -9999 1452.514 1452.205 1451.879 1451.495 1451.177 1450.888 1450.656 1450.468 1450.376 1450.356 1450.299 1450.096 1449.726 1449.305 -9999 -9999 -9999 -9999 -9999 -9999 -9999 -9999 -9999 -9999 -9999 -9999 -9999 -9999 -9999 -9999 -9999 1435.746 1434.559 1433.055 1431.245 1429.378 1427.604 1426.125 1425.319 1424.504 1423.387 1421.489 1419.49 1417.884 1416.367 1414.831 1412.692 1410.343 1408.393 1406.952 1405.828 1404.317 1402.851 1401.211
-9999 -9999 -9999 -9999 -9999 -9999 -9999 -9999 -9999 -9999 -9999 -9999 -9999 -9999 -9999 -9999 -9999 1452.89 1452.592 1452.212 1451.899 1451.647 1451.453 1451.256 1451.091 1450.983 1450.872 1450.656 1450.319 1449.955 1449.523 -9999 -9999 -9999 -9999 -9999 -9999 -9999 -9999 -9999 -9999 -9999 -9999 -9999 -9999 -9999 1437.568 1436.375 1435.117 1433.666 1431.962 1429.985 1428.257 1426.698 1425.769 1424.773 1423.653 1421.951 1419.908 1418.214 1416.684 1415.48 1413.771 1411.486 1409.003 1407.021 1405.733 1404.724 1403.372 1401.829
-9999 -9999 -9999 -9999 -9999 -9999 -9999 -9999 -9999 -9999 -9999 -9999 -9999 -9999 -9999 -9999 -9999 1453.504 1453.215 1452.859 1452.498 1452.24 1452.035 1451.852 1451.622 1451.47 1451.316 1451.116 1450.883 1450.602 1450.276 1449.825 -9999 -9999 -9999 -9999 -9999 -9999 -9999 -9999 -9999 -9999 -9999 -9999 -9999 1439.506 1438.243 1436.801 1435.41 1434.117 1432.659 1430.936 1428.98 1427.355 1425.985 1424.99 1423.764 1422.35 1420.536 1418.91 1417.205 1415.942 1414.485 1412.714 1410.212 1407.85 1406.13 1405.008 1403.884 1402.309
-9999 -9999 -9999 -9999 -9999 -9999 -9999 -9999 -9999 -9999 -9999 -9999 -9999 -9999 -9999 -9999 1454.257 1454.024 1453.767 1453.487 1453.168 1452.848 1452.588 1452.302 1452.054 1451.787 1451.598 1451.365 1451.29 1451.157 1450.972 1450.565 1450.09 -9999 -9999 -9999 -9999 -9999 -9999 -9999 -9999 -9999 -9999 -9999 -9999 1440.355 1438.852 1437.201 1435.615 1434.322 1433.216 1431.779 1430.04 1427.938 1426.11 1424.873 1423.863 1422.749 1421.118 1419.495 1418.002 1416.68 1415.289 1413.684 1411.74 1409.66 1407.546 1405.811 1404.354 1402.978
-9999 -9999 -9999 -9999 -9999 -9999 -9999 -9999 -9999 -9999 -9999 -9999 -9999 -9999 -9999 -9999 -9999 1454.484 1454.241 1454.041 1453.768 1453.456 1453.138 1452.838 1452.503 1452.19 1451.93 1451.809 1451.838 1451.805 1451.638 1451.24 1450.812 1450.361 -9999 -9999 -9999 -9999 -9999 -9999 -9999 -9999 -9999 -9999 1442.5 1441.09 1439.505 1437.781 1436.114 1434.635 1433.449 1432.394 1430.844 1428.88 1426.453 1424.939 1423.806 1422.945 1421.601 1420.004 1418.741 1417.452 1416.051 1414.577 1413.199 1411.787 1409.509 1406.871 1404.775 1403.299
-9999 -9999 -9999 -9999 -9999 -9999 -9999 -9999 -9999 -9999 -9999 -9999 -9999 -9999 -9999 -9999 -9999 1454.963 1454.668 1454.408 1454.203 1453.974 1453.759 1453.402 1453.025 1452.645 1452.378 1452.212 1452.252 1452.228 1452.015 1451.664 1451.218 1450.935 1450.422 1449.984 -9999 -9999 -9999 -9999 -9999 -9999 -9999 1444.71 1443.347 1441.783 1440.089 1438.464 1436.776 1435.14 1433.665 1432.452 1431.285 1429.54 1427.403 1425.145 1423.866 1422.735 1421.863 1420.316 1419.325 1418.117 1417.087 1415.805 1414.887 1413.605 1411.517 1408.501 1405.739 1403.748
-9999 -9999 -9999 -9999 -9999 -9999 -9999 -9999 -9999 -9999 -9999 -9999 -9999 -9999 -9999 -9999 -9999 1455.443 1455.1 1454.756 1454.474 1454.36 1454.202 1453.99 1453.604 1453.274 1452.93 1452.693 1452.612 1452.456 1452.157 1451.813 1451.448 1451.252 1450.821 1450.415 1449.956 1449.598 -9999 -9999 -9999 -9999 1446.791 1445.608 1444.157 1442.447 1440.712 1439.024 1437.465 1435.759 1434.051 1432.419 1431.038 1429.94 1428.217 1426.147 1424.194 1422.881 1421.93 1420.219 1419.266 1418.316 1418.147 1417.252 1416.304 1414.832 1412.829 1410.26 1407.24 1404.588
-9999 -9999 -9999 -9999 -9999 -9999 -9999 -9999 -9999 -9999 -9999 -9999 -9999 -9999 -9999 -9999 -9999 1455.897 1455.594 1455.193 1454.812 1454.564 1454.477 1454.321 1454.12 1453.772 1453.424 1453.016 1452.759 1452.475 1452.127 1451.845 1451.527 1451.423 1451.043 1450.715 1450.283 1450.067 1449.858 1449.609 1449.16 1448.533 1447.613 1446.432 1444.92 1443.231 1441.327 1439.579 1437.897 1436.337 1434.422 1432.443 1430.662 1429.535 1428.677 1426.966 1425.089 1422.853 1421.771 1420.245 1419.084 1418.304 1418.27 1418.209 1417.251 1415.704 1413.891 1411.72 1409.058 1406.098
-9999 -9999 -9999 -9999 -9999 -9999 -9999 -9999 -9999 -9999 -9999 -9999 -9999 -9999 -9999 -9999 -9999 1456.258 1456.074 1455.755 1455.288 1454.889 1454.62 1454.517 1454.381 1454.086 1453.699 1453.245 1452.856 1452.469 1452.174 1451.927 1451.715 1451.455 1451.15 1450.792 1450.583 1450.508 1450.473 1450.177 1449.68 1449.025 1448.206 1447.096 1445.696 1444.011 1442.126 1440.081 1438.204 1436.436 1434.667 1432.629 1430.651 1429.202 1428.135 1427.213 1425.714 1423.751 1421.674 1420.114 1418.463 1417.63 1417.392 1417.803 1417.433 1416.154 1414.543 1412.756 1410.486 1407.905
-9999 -9999 -9999 -9999 -9999 -9999 -9999 -9999 -9999 -9999 -9999 -9999 -9999 -9999 -9999 -9999 1456.598 1456.473 1456.395 1456.222 1455.842 1455.315 1454.925 1454.646 1454.57 1454.278 1453.856 1453.314 1452.868 1452.565 1452.307 1452.103 1451.804 1451.487 1451.126 1450.968 1450.97 1451.102 1450.971 1450.533 1449.835 1449.198 1448.534 1447.683 1446.396 1444.809 1442.888 1440.836 1438.586 1436.63 1434.689 1432.915 1430.936 1429.117 1427.646 1426.479 1425.674 1424.101 1422.404 1420.961 1418.675 1417.053 1415.521 1416.314 1416.591 1416.28 1414.947 1413.378 1411.489 1409.297
-9999 -9999 -9999 -9999 -9999 -9999 -9999 -9999 -9999 -9999 -9999 -9999 -9999 -9999 -9999 1456.98 1456.69 1456.491 1456.467 1456.444 1456.268 1455.867 1455.33 1454.914 1454.617 1454.318 1453.857 1453.303 1452.903 1452.637 1452.443 1452.148 1451.807 1451.395 1451.224 1451.28 1451.577 1451.556 1451.189 1450.485 1449.732 1449.168 1448.693 1448.073 1447.01 1445.478 1443.722 1441.624 1439.376 1436.983 1434.934 1433.062 1431.378 1429.46 1427.52 1425.989 1424.998 1424.356 1422.951 1421.65 1419.369 1416.99 1414.876 1414.238 1415.165 1415.462 1415.104 1413.693 1412.131 1410.258
-9999 -9999 -9999 -9999 -9999 -9999 -9999 -9999 -9999 -9999 -9999 -9999 -9999 -9999 1457.275 1456.976 1456.673 1456.458 1456.346 1456.412 1456.431 1456.268 1455.833 1455.262 1454.782 1454.327 1453.81 1453.326 1452.929 1452.723 1452.421 1452.072 1451.647 1451.483 1451.583 1451.951 1452.068 1451.731 1450.98 1450.125 1449.408 1448.968 1448.731 1448.349 1447.484 1446.127 1444.409 1442.526 1440.289 1437.943 1435.465 1433.394 1431.517 1429.836 1427.907 1425.966 1424.383 1423.491 1422.968 1422.04 1420.363 1417.621 1414.856 1413.065 1412.897 1413.424 1413.751 1413.359 1412.406 1410.876
-9999 -9999 -9999 -9999 -9999 -9999 -9999 -9999 -9999 -9999 -9999 -9999 -9999 1457.451 1457.157 1456.87 1456.614 1456.38 1456.236 1456.193 1456.308 1456.346 1456.134 1455.622 1454.975 1454.417 1453.83 1453.371 1452.953 1452.639 1452.288 1451.899 1451.735 1451.873 1452.277 1452.465 1452.284 1451.378 1450.424 1449.401 1448.857 1448.577 1448.572 1448.447 1447.804 1446.593 1445.041 1443.207 1441.226 1438.878 1436.446 1433.91 1431.822 1429.945 1428.265 1426.335 1424.33 1422.841 1421.925 1421.469 1420.626 1418.602 1415.817 1412.905 1411.609 1411.274 1411.845 1412.131 1412.039 1411.114
-9999 -9999 -9999 -9999 -9999 -9999 -9999 -9999 -9999 -9999 -9999 1458.051 1457.622 1457.285 1456.995 1456.724 1456.493 1456.305 1456.114 1456.011 1455.984 1456.118 1456.093 1455.777 1455.241 1454.687 1454.013 1453.419 1452.809 1452.453 1452.045 1451.912 1452.068 1452.544 1452.761 1452.62 1451.949 1450.854 1449.8 1448.807 1448.337 1448.029 1448.194 1448.18 1447.845 1446.831 1445.468 1443.827 1441.902 1439.835 1437.398 1434.905 1432.328 1430.233 1428.356 1426.672 1424.676 1422.688 1421.205 1420.197 1419.798 1418.613 1416.702 1413.848 1411.299 1409.813 1409.53 1410.207 1410.808 1410.761
-9999 -9999 -9999 -9999 -9999 -9999 -9999 -9999 -9999 -9999 -9999 1458.026 1457.448 1457.118 1456.814 1456.573 1456.356 1456.167 1455.991 1455.782 1455.68 1455.606 1455.722 1455.658 1455.46 1454.805 1453.963 1453.124 1452.521 1452.135 1452.015 1452.229 1452.726 1452.991 1452.846 1452.199 1451.277 1450.09 1449.106 1448.292 1447.866 1447.516 1447.653 1447.607 1447.45 1446.674 1445.679 1444.216 1442.509 1440.504 1438.368 1435.863 1433.328 1430.723 1428.629 1426.732 1425.06 1423.077 1421.133 1419.496 1418.558 1418.135 1417.035 1415.047 1412.241 1409.893 1408.609 1408.397 1409.025 1409.135
-9999 -9999 -9999 -9999 -9999 -9999 -9999 -9999 -9999 -9999 1458.594 1457.974 1457.264 1456.94 1456.66 1456.412 1456.209 1455.985 1455.756 1455.519 1455.305 1455.136 1455.121 1455.316 1455.432 1454.827 1453.772 1452.712 1452.161 1452.1 1452.302 1452.832 1453.083 1452.969 1452.32 1451.562 1450.49 1449.503 1448.568 1447.956 1447.56 1447.115 1447.206 1446.983 1446.832 1446.162 1445.464 1444.398 1442.875 1441.106 1439.029 1436.841 1434.292 1431.737 1429.12 1427.004 1425.109 1423.453 1421.514 1419.42 1417.787 1416.831 1416.129 1415.012 1413.026 1410.509 1408.427 1407.239 1407.252 1407.339
-9999 -9999 -9999 -9999 -9999 -9999 -9999 -9999 -9999 1459.346 1458.682 1457.88 1457.006 1456.736 1456.498 1456.269 1456.011 1455.769 1455.457 1455.136 1454.866 1454.635 1454.662 1454.819 1455.171 1454.503 1453.508 1452.294 1452.097 1452.356 1452.878 1453.17 1453.007 1452.348 1451.569 1450.839 1449.896 1448.987 1448.069 1447.5 1447.06 1446.671 1446.587 1446.389 1446.086 1445.531 1444.909 1444.144 1443.018 1441.443 1439.614 1437.49 1435.265 1432.697 1430.127 1427.494 1425.362 1423.487 1421.866 1419.973 1417.886 1416.255 1414.82 1414.211 1413.038 1411.346 1408.898 1406.979 1406.043 1405.602
-9999 -9999 -9999 -9999 -9999 -9999 -9999 -9999 -9999 1459.547 1459.063 1458.085 1457.039 1456.457 1456.284 1456.07 1455.808 1455.469 1455.122 1454.747 1454.437 1454.318 1454.289 1454.459 1454.588 1454.114 1453.233 1452.432 1452.441 1452.895 1453.144 1452.873 1452.185 1451.365 1450.739 1450.287 1449.467 1448.613 1447.599 1447.01 1446.518 1446.119 1445.905 1445.839 1445.554 1445.032 1444.228 1443.559 1442.729 1441.564 1439.936 1438.055 1435.897 1433.663 1431.098 1428.527 1425.877 1423.752 1421.903 1420.323 1418.436 1416.374 1414.315 1412.997 1412.315 1411.169 1409.346 1407.147 1405.701 1404.866
-9999 -9999 -9999 -9999 -9999 -9999 -9999 -9999 -9999 1459.699 1459.459 1458.351 1457.127 1456.148 1455.934 1455.783 1455.511 1455.161 1454.782 1454.494 1454.214 1454.055 1454.024 1454.001 1454.036 1453.595 1453.27 1452.92 1453.095 1453.072 1452.773 1451.945 1451.2 1450.501 1450.194 1449.866 1449.052 1448.079 1447.04 1446.498 1445.989 1445.547 1445.106 1445.159 1444.992 1444.659 1443.686 1442.836 1442.097 1441.233 1440.034 1438.354 1436.446 1434.272 1432.065 1429.499 1426.92 1424.24 1422.15 1420.348 1418.809 1416.946 1414.964 1413.078 1411.744 1410.653 1409.207 1407.471 1405.816 1404.569
-9999 -9999 -9999 -9999 -9999 -9999 -9999 -9999 1459.686 1459.779 1459.836 1458.641 1457.291 1455.839 1455.535 1455.324 1455.118 1454.795 1454.506 1454.341 1454.145 1453.933 1453.636 1453.517 1453.365 1453.395 1453.568 1453.652 1453.351 1452.642 1451.852 1450.999 1450.363 1449.962 1449.796 1449.324 1448.343 1447.34 1446.5 1446.027 1445.534 1445.044 1444.533 1444.632 1444.571 1444.344 1443.289 1442.251 1441.34 1440.484 1439.605 1438.357 1436.723 1434.799 1432.656 1430.455 1427.902 1425.292 1422.655 1420.6 1418.852 1417.329 1415.542 1413.649 1411.812 1410.086 1408.887 1407.393 1406.273 1404.715
-9999 -9999 -9999 -9999 -9999 -9999 -9999 -9999 1459.692 1459.819 1459.9 1458.64 1457.186 1455.599 1455.148 1454.802 1454.549 1454.413 1454.33 1454.226 1454.013 1453.651 1453.257 1452.919 1453.031 1453.516 1454.169 1453.921 1453.019 1451.758 1450.904 1450.329 1449.995 1449.778 1449.517 1448.692 1447.651 1446.769 1446.196 1445.734 1445.222 1444.875 1444.389 1444.233 1444.026 1443.803 1442.972 1441.854 1440.761 1439.691 1438.82 1437.907 1436.719 1435.059 1433.148 1431.035 1428.851 1426.282 1423.671 1421.087 1419.096 1417.394 1415.944 1414.242 1412.397 1410.468 1408.688 1407.327 1406.065 1404.842
-9999 -9999 -9999 -9999 -9999 -9999 -9999 -9999 1459.655 1459.788 1459.889 1458.59 1457.08 1455.402 1454.868 1454.414 1454.122 1454.077 1454.105 1453.993 1453.657 1453.254 1452.833 1452.728 1453.037 1453.825 1453.453 1452.825 1451.457 1451.006 1450.343 1450.034 1449.79 1449.57 1449.252 1448.231 1447.264 1446.455 1446.106 1445.649 1445.199 1444.662 1443.916 1443.182 1442.846 1442.53 1441.885 1440.745 1439.544 1438.257 1436.974 1436.335 1435.752 1435.02 1433.369 1431.486 1429.398 1427.238 1424.666 1422.107 1419.583 1417.658 1416.013 1414.588 1412.92 1411.047 1409.115 1407.329 1406.035 1404.779
-9999 -9999 -9999 -9999 -9999 -9999 -9999 1459.548 1459.664 1459.811 1459.495 1458.141 1456.561 1455.225 1454.678 1454.229 1453.92 1453.839 1453.886 1453.637 1453.254 1452.719 1452.682 1452.924 1453.494 1453.145 1451.473 1450.651 1450.385 1451.166 1450.7 1450.386 1450.079 1449.78 1449.404 1448.33 1447.353 1446.469 1446.158 1445.76 1445.075 1444.163 1443.04 1441.982 1441.587 1441.218 1440.783 1439.648 1438.43 1437.12 1435.644 1434.607 1433.745 1433.604 1432.856 1431.696 1429.847 1427.785 1425.617 1423.066 1420.567 1418.133 1416.299 1414.694 1413.227 1411.572 1409.694 1407.846 1406.036 1404.781
-9999 -9999 -9999 -9999 -9999 -9999 -9999 1459.585 1459.659 1459.754 1459.007 1457.633 1456.024 1455.05 1454.557 1454.228 1453.944 1453.727 1453.476 1453.172 1452.74 1452.541 1452.771 1453.392 1453.062 1451.937 1449.339 1448.8 1449.476 1451.103 1451.314 1450.745 1450.345 1449.979 1449.623 1448.571 1447.517 1446.488 1446.191 1445.583 1444.583 1443.119 1441.813 1440.73 1440.421 1440.062 1439.634 1438.544 1437.337 1436.052 1434.552 1433.333 1432.077 1431.682 1431.5 1431.187 1430.021 1428.195 1426.17 1423.986 1421.499 1419.07 1416.784 1415.026 1413.395 1411.932 1410.277 1408.545 1406.766 1405.145
